date,1. open,2. high,3. low,4. close,5. adjusted close,6. volume,7. dividend amount,8. split coefficient
2012-06-05,15.12,15.1692,15.05,15.1692,14.0134,825.0,0.0,1.0
2012-06-06,15.17,15.407,15.17,15.33,14.162,1976.0,0.0,1.0
2012-06-07,16.0,16.0,15.39,15.39,14.2174,11525.0,0.0,1.0
2012-06-08,15.32,15.48,15.2,15.48,14.3005,1226.0,0.0,1.0
2012-06-11,15.95,15.95,15.16,15.16,14.0049,6145.0,0.0,1.0
2012-06-12,15.16,15.307,15.1,15.307,14.1407,4678.0,0.0,1.0
2012-06-13,15.21,15.33,15.1,15.14,13.9864,8900.0,0.0,1.0
2012-06-14,15.23,15.23,15.18,15.18,14.0234,500.0,0.0,1.0
2012-06-15,15.28,15.4,15.25,15.4,14.2266,500.0,0.0,1.0
2012-06-18,15.45,15.45,15.4,15.45,14.2728,2210.0,0.0,1.0
2012-06-19,15.8,15.85,15.7601,15.7601,14.5593,1870.0,0.0,1.0
2012-06-20,15.86,15.86,15.76,15.7989,14.5951,5830.0,0.0,1.0
2012-06-21,15.82,15.82,15.38,15.39,14.2174,5093.0,0.0,1.0
2012-06-22,15.35,15.35,15.35,15.35,14.1804,1700.0,0.0,1.0
2012-06-25,15.3,15.3,15.16,15.16,14.0049,1735.0,0.0,1.0
2012-06-26,15.2,15.23,15.2,15.23,14.0696,600.0,0.0,1.0
2012-06-27,15.336,15.4499,15.336,15.4499,14.2727,570.0,0.0,1.0
2012-06-28,15.25,15.25,15.18,15.18,14.0234,1100.0,0.0,1.0
2012-06-29,15.65,15.793,15.65,15.7531,14.5528,3500.0,0.0,1.0
2012-07-02,15.96,15.96,15.8228,15.8301,14.624,700.0,0.0,1.0
2012-07-03,15.89,16.0,15.89,16.0,14.7809,724.0,0.0,1.0
2012-07-05,16.03,16.0499,15.96,15.9853,14.7673,11096.0,0.0,1.0
2012-07-06,15.79,15.79,15.79,15.79,14.5869,350.0,0.0,1.0
2012-07-09,15.7299,15.7299,15.7299,15.7299,14.5314,200.0,0.0,1.0
2012-07-10,15.7001,15.7001,15.7001,15.7001,14.5039,100.0,0.0,1.0
2012-07-11,15.7,15.7,15.7,15.7,14.5038,0.0,0.0,1.0
2012-07-12,15.7,15.7,15.7,15.7,14.5038,0.0,0.0,1.0
2012-07-13,15.6501,15.6501,15.6501,15.6501,14.4577,100.0,0.0,1.0
2012-07-16,15.66,15.66,15.58,15.58,14.3929,600.0,0.0,1.0
2012-07-17,15.79,15.79,15.7819,15.782,14.5795,500.0,0.0,1.0
2012-07-18,15.782,15.782,15.782,15.782,14.5795,0.0,0.0,1.0
2012-07-19,15.93,15.93,15.93,15.93,14.7163,5000.0,0.0,1.0
2012-07-20,15.7375,15.75,15.7375,15.75,14.55,600.0,0.0,1.0
2012-07-23,15.48,15.48,15.48,15.48,14.3005,300.0,0.0,1.0
2012-07-24,15.48,15.48,15.48,15.48,14.3005,0.0,0.0,1.0
2012-07-25,15.48,15.48,15.48,15.48,14.3005,0.0,0.0,1.0
2012-07-26,15.48,15.48,15.48,15.48,14.3005,0.0,0.0,1.0
2012-07-27,15.48,15.48,15.48,15.48,14.3005,0.0,0.0,1.0
2012-07-30,15.48,15.48,15.48,15.48,14.3005,0.0,0.0,1.0
2012-07-31,15.84,15.84,15.73,15.73,14.5315,1400.0,0.0,1.0
2012-08-01,15.73,15.73,15.73,15.73,14.5315,0.0,0.0,1.0
2012-08-02,15.45,15.664,15.45,15.48,14.3005,540.0,0.0,1.0
2012-08-03,15.45,15.992,15.45,15.992,14.7735,1100.0,0.0,1.0
2012-08-06,15.992,15.992,15.992,15.992,14.7735,0.0,0.0,1.0
2012-08-07,16.2,16.2,16.2,16.2,14.9657,100.0,0.0,1.0
2012-08-08,16.2,16.2,16.2,16.2,14.9657,0.0,0.0,1.0
2012-08-09,16.2,16.2,16.2,16.2,14.9657,0.0,0.0,1.0
2012-08-10,16.2,16.2,16.2,16.2,14.9657,0.0,0.0,1.0
2012-08-13,16.2,16.2,16.2,16.2,14.9657,0.0,0.0,1.0
2012-08-14,16.49,16.57,16.49,16.5218,15.263,2700.0,0.0,1.0
2012-08-15,16.5218,16.5218,16.5218,16.5218,15.263,0.0,0.0,1.0
2012-08-16,16.55,16.78,16.55,16.78,15.5015,300.0,0.0,1.0
2012-08-17,16.78,16.78,16.78,16.78,15.5015,0.0,0.0,1.0
2012-08-20,16.8,16.8,16.8,16.8,15.52,419.0,0.0,1.0
2012-08-21,16.87,16.8704,16.87,16.8704,15.585,350.0,0.0,1.0
2012-08-22,16.73,16.79,16.7297,16.7297,15.455,500.0,0.0,1.0
2012-08-23,16.65,16.6589,16.65,16.6537,15.3848,700.0,0.0,1.0
2012-08-24,16.69,16.703,16.69,16.703,15.4304,250.0,0.0,1.0
2012-08-27,16.72,16.72,16.72,16.72,15.4461,500.0,0.0,1.0
2012-08-28,16.8,16.8,16.75,16.75,15.4738,7200.0,0.0,1.0
2012-08-29,16.75,16.75,16.74,16.75,15.4738,10000.0,0.0,1.0
2012-08-30,16.75,16.75,16.75,16.75,15.4738,200.0,0.0,1.0
2012-08-31,16.75,16.75,16.75,16.75,15.4738,0.0,0.0,1.0
2012-09-04,16.7108,16.7108,16.7108,16.7108,15.4376,100.0,0.0,1.0
2012-09-05,16.87,17.84,16.8,16.84,15.5569,7400.0,0.0,1.0
2012-09-06,16.84,16.84,16.84,16.84,15.5569,850.0,0.0,1.0
2012-09-07,17.11,17.32,17.11,17.32,16.0003,16589.0,0.0,1.0
2012-09-10,17.2999,17.3,17.2999,17.3,15.9819,1000.0,0.0,1.0
2012-09-11,17.2599,17.2599,17.2599,17.2599,15.9448,100.0,0.0,1.0
2012-09-12,17.32,17.4,17.32,17.38,16.0558,4344.0,0.0,1.0
2012-09-13,17.5599,17.5599,17.5599,17.5599,16.222,150.0,0.0,1.0
2012-09-14,17.72,17.93,17.72,17.82,16.4622,4955.0,0.0,1.0
2012-09-17,17.85,17.85,17.7,17.7,16.3514,5404.0,0.0,1.0
2012-09-18,17.75,17.75,17.69,17.69,16.3422,1833.0,0.0,1.0
2012-09-19,17.72,17.72,17.6895,17.71,16.3606,1560.0,0.0,1.0
2012-09-20,17.69,17.69,17.54,17.54,16.2036,625.0,0.0,1.0
2012-09-21,17.6,17.6,17.6,17.6,16.259,500.0,0.0,1.0
2012-09-24,17.55,17.55,17.4755,17.4755,16.144,1250.0,0.0,1.0
2012-09-25,17.4755,17.4755,17.4755,17.4755,16.144,0.0,0.0,1.0
2012-09-26,17.11,17.11,17.11,17.11,15.8063,500.0,0.0,1.0
2012-09-27,17.34,17.36,17.34,17.3583,16.0357,600.0,0.0,1.0
2012-09-28,17.3583,17.3583,17.3583,17.3583,16.0357,0.0,0.0,1.0
2012-10-01,17.35,17.35,17.35,17.35,16.0281,350.0,0.0,1.0
2012-10-02,17.37,17.38,17.36,17.38,16.0558,1200.0,0.0,1.0
2012-10-03,17.52,17.52,17.52,17.52,16.1851,500.0,0.0,1.0
2012-10-04,17.59,17.59,17.5499,17.5499,16.2127,2113.0,0.0,1.0
2012-10-05,17.5499,17.5499,17.5499,17.5499,16.2127,0.0,0.0,1.0
2012-10-08,17.6201,17.6201,17.62,17.62,16.2775,2000.0,0.0,1.0
2012-10-09,17.5099,17.53,17.5099,17.53,16.1943,1250.0,0.0,1.0
2012-10-10,17.3999,17.3999,17.3999,17.3999,16.0742,1000.0,0.0,1.0
2012-10-11,17.55,17.55,17.55,17.55,16.2128,220.0,0.0,1.0
2012-10-12,17.3867,17.3867,17.378,17.378,16.0539,1126.0,0.0,1.0
2012-10-15,17.378,17.378,17.378,17.378,16.0539,0.0,0.0,1.0
2012-10-16,17.65,17.65,17.64,17.64,16.296,200.0,0.0,1.0
2012-10-17,17.76,17.76,17.748,17.748,16.3957,300.0,0.0,1.0
2012-10-18,17.748,17.748,17.748,17.748,16.3957,0.0,0.0,1.0
2012-10-19,17.4599,17.46,17.4,17.4599,16.1296,1535.0,0.0,1.0
2012-10-22,17.4599,17.4599,17.4599,17.4599,16.1296,0.0,0.0,1.0
2012-10-23,17.3399,17.34,17.3399,17.34,16.0188,440.0,0.0,1.0
2012-10-24,17.34,17.34,17.34,17.34,16.0188,0.0,0.0,1.0
2012-10-25,17.24,17.24,14.28,17.16,15.8525,9200.0,0.0,1.0
2012-10-26,15.22,17.16,15.22,17.1,15.7971,2000.0,0.0,1.0
2012-10-31,15.548,17.1681,15.548,17.1681,15.86,1100.0,0.0,1.0
2012-11-01,17.25,17.43,17.25,17.43,16.102,400.0,0.0,1.0
2012-11-02,17.5,17.5,17.5,17.5,16.1666,800.0,0.0,1.0
2012-11-05,17.5,17.5,17.5,17.5,16.1666,0.0,0.0,1.0
2012-11-06,17.4099,17.4099,17.4099,17.4099,16.0834,100.0,0.0,1.0
2012-11-07,16.9689,16.9689,16.9689,16.9689,15.676,100.0,0.0,1.0
2012-11-08,16.97,16.97,16.97,16.97,15.677,0.0,0.0,1.0
2012-11-09,16.8851,16.8851,16.8851,16.8851,15.5986,500.0,0.0,1.0
2012-11-12,16.87,16.9,16.8699,16.8699,15.5845,508.0,0.0,1.0
2012-11-13,16.8,16.8,16.77,16.77,15.4923,398.0,0.0,1.0
2012-11-14,16.89,16.89,16.59,16.59,15.326,480.0,0.0,1.0
2012-11-15,16.52,16.6399,16.4899,16.49,15.2336,3182.0,0.0,1.0
2012-11-16,16.49,16.49,16.49,16.49,15.2336,0.0,0.0,1.0
2012-11-19,16.82,17.0,16.0,16.99,15.6955,1508.0,0.0,1.0
2012-11-20,17.12,17.13,17.02,17.02,15.7232,7127.0,0.0,1.0
2012-11-21,17.14,17.28,17.14,17.28,15.9634,2903.0,0.0,1.0
2012-11-23,17.28,17.28,17.28,17.28,15.9634,0.0,0.0,1.0
2012-11-26,17.28,17.28,17.28,17.28,15.9634,0.0,0.0,1.0
2012-11-27,17.3395,17.4,17.3395,17.4,16.0742,296.0,0.0,1.0
2012-11-28,17.4,17.4,17.4,17.4,16.0742,0.0,0.0,1.0
2012-11-29,17.6,17.69,17.6,17.69,16.3422,500.0,0.0,1.0
2012-11-30,17.73,17.73,17.55,17.55,16.2128,850.0,0.0,1.0
2012-12-03,17.75,17.75,17.6137,17.63,16.2867,1544.0,0.0,1.0
2012-12-04,17.65,17.65,17.56,17.56,16.2221,745.0,0.0,1.0
2012-12-05,17.48,17.48,17.48,17.48,16.1482,200.0,0.0,1.0
2012-12-06,17.47,17.528,16.75,17.528,16.1925,900.0,0.0,1.0
2012-12-07,17.6,17.6,17.6,17.6,16.259,1000.0,0.0,1.0
2012-12-10,17.65,17.79,17.65,17.7499,16.3975,3580.0,0.0,1.0
2012-12-11,18.03,18.0399,17.89,18.0,16.6285,1438.0,0.0,1.0
2012-12-12,18.0,18.0,18.0,18.0,16.6285,0.0,0.0,1.0
2012-12-13,17.96,17.96,17.9264,17.9264,16.5605,578.0,0.0,1.0
2012-12-14,17.8,17.81,17.79,17.81,16.453,700.0,0.0,1.0
2012-12-17,17.81,17.81,17.81,17.81,16.453,0.0,0.0,1.0
2012-12-18,18.11,18.4799,18.11,18.4799,17.0719,3950.0,0.0,1.0
2012-12-19,18.45,18.45,18.45,18.45,17.0442,194.0,0.0,1.0
2012-12-20,18.47,18.5175,18.43,18.5175,17.1066,7100.0,0.0,1.0
2012-12-21,18.3099,18.3099,18.3099,18.3099,16.9148,100.0,0.0,1.0
2012-12-24,18.31,18.31,18.31,18.31,16.9149,0.0,0.0,1.0
2012-12-26,18.31,18.31,18.31,18.31,16.9149,0.0,0.0,1.0
2012-12-27,17.2,17.2,17.194,17.194,16.7896,400.0,0.9803,1.0
2012-12-28,17.2099,17.21,17.17,17.17,16.7661,2720.0,0.0,1.0
2012-12-31,16.92,17.46,16.92,17.41,17.0005,2840.0,0.0,1.0
2013-01-02,17.94,17.97,17.72,17.97,17.5473,6352.0,0.0,1.0
2013-01-03,18.05,18.11,17.9211,17.9211,17.4996,2900.0,0.0,1.0
2013-01-04,18.05,18.22,18.05,18.22,17.7914,3865.0,0.0,1.0
2013-01-07,18.19,18.24,18.18,18.204,17.7758,7104.0,0.0,1.0
2013-01-08,18.16,18.16,18.04,18.04,17.6157,750.0,0.0,1.0
2013-01-09,18.13,18.14,18.1214,18.14,17.7133,1148.0,0.0,1.0
2013-01-10,18.7,18.7,18.1499,18.22,17.7914,6666.0,0.0,1.0
2013-01-11,18.22,18.26,18.1869,18.26,17.8305,694.0,0.0,1.0
2013-01-14,18.3,18.3,18.1038,18.1038,17.678,1997.0,0.0,1.0
2013-01-15,18.12,18.216,18.12,18.216,17.7875,290.0,0.0,1.0
2013-01-16,18.1201,18.1201,18.1201,18.1201,17.6939,240.0,0.0,1.0
2013-01-17,18.25,18.28,18.25,18.28,17.85,370.0,0.0,1.0
2013-01-18,18.28,18.28,18.28,18.28,17.85,200.0,0.0,1.0
2013-01-22,18.49,18.86,18.25,18.35,17.9184,10648.0,0.0,1.0
2013-01-23,18.4,18.42,18.3799,18.42,17.9867,3700.0,0.0,1.0
2013-01-24,18.43,18.48,18.43,18.48,18.0453,2110.0,0.0,1.0
2013-01-25,18.47,18.5199,18.42,18.5199,18.0843,1686.0,0.0,1.0
2013-01-28,18.52,18.55,18.5,18.5,18.0648,12691.0,0.0,1.0
2013-01-29,18.49,18.6099,18.49,18.6099,18.1721,800.0,0.0,1.0
2013-01-30,18.57,18.7499,18.5,18.5,18.0648,1148.0,0.0,1.0
2013-01-31,18.5,18.6099,18.5,18.6099,18.1721,3450.0,0.0,1.0
2013-02-01,18.74,18.86,18.74,18.8499,18.4065,5887.0,0.0,1.0
2013-02-04,18.74,18.74,18.6,18.6,18.1625,2200.0,0.0,1.0
2013-02-05,18.73,18.849,18.73,18.849,18.4056,13854.0,0.0,1.0
2013-02-06,18.76,18.92,18.71,18.88,18.4359,12026.0,0.0,1.0
2013-02-07,18.9,18.9,18.81,18.838,18.3949,1665.0,0.0,1.0
2013-02-08,18.82,19.114,18.82,19.1,18.6507,10960.0,0.0,1.0
2013-02-11,19.1,19.15,19.1,19.15,18.6995,7840.0,0.0,1.0
2013-02-12,19.1999,19.29,19.1999,19.25,18.7972,2200.0,0.0,1.0
2013-02-13,19.22,19.35,18.5,19.16,18.7093,10400.0,0.0,1.0
2013-02-14,19.19,19.33,19.19,19.33,18.8753,5310.0,0.0,1.0
2013-02-15,19.37,19.37,19.3,19.3,18.846,1750.0,0.0,1.0
2013-02-19,19.33,19.45,19.33,19.43,18.973,3333.0,0.0,1.0
2013-02-20,19.44,19.44,19.1,19.1,18.6507,2381.0,0.0,1.0
2013-02-21,19.1,19.1,18.71,18.851,18.4076,4277.0,0.0,1.0
2013-02-22,18.9,18.9955,18.8465,18.9955,18.5487,3893.0,0.0,1.0
2013-02-25,19.08,19.08,18.7,18.7,18.2601,2800.0,0.0,1.0
2013-02-26,18.67,18.688,18.67,18.688,18.2484,1200.0,0.0,1.0
2013-02-27,18.809,18.97,18.809,18.97,18.5238,2661.0,0.0,1.0
2013-02-28,19.08,19.08,18.97,18.97,18.5238,4924.0,0.0,1.0
2013-03-01,18.84,19.03,18.84,19.03,18.5824,3373.0,0.0,1.0
2013-03-04,19.01,19.38,18.9,18.958,18.5121,8779.0,0.0,1.0
2013-03-05,19.39,19.39,19.22,19.29,18.8363,3378.0,0.0,1.0
2013-03-06,19.35,19.7,19.2,19.28,18.8265,5814.0,0.0,1.0
2013-03-07,19.33,19.3399,19.29,19.33,18.8753,1057.0,0.0,1.0
2013-03-08,19.62,19.62,19.489,19.56,19.0999,3900.0,0.0,1.0
2013-03-11,19.54,19.65,19.54,19.65,19.1878,2800.0,0.0,1.0
2013-03-12,19.64,19.66,19.5,19.55,19.0901,9700.0,0.0,1.0
2013-03-13,19.55,19.87,19.55,19.6399,19.1779,1021.0,0.0,1.0
2013-03-14,19.64,19.66,19.62,19.66,19.1975,3099.0,0.0,1.0
2013-03-15,19.66,19.66,19.5466,19.6,19.139,1355.0,0.0,1.0
2013-03-18,19.44,19.44,19.3201,19.3201,18.8656,3120.0,0.0,1.0
2013-03-19,19.4899,19.4899,19.2001,19.2001,18.7485,994.0,0.0,1.0
2013-03-20,19.358,19.358,19.358,19.358,18.9027,100.0,0.0,1.0
2013-03-21,19.3848,19.4,19.32,19.32,18.8655,2700.0,0.0,1.0
2013-03-22,19.37,19.44,19.37,19.41,18.9534,950.0,0.0,1.0
2013-03-25,19.4501,19.4501,19.41,19.41,18.9534,2400.0,0.0,1.0
2013-03-26,19.41,19.41,19.41,19.41,18.9534,0.0,0.0,1.0
2013-03-27,19.41,19.54,19.41,19.54,19.0804,900.0,0.0,1.0
2013-03-28,19.54,19.6959,19.54,19.671,19.2083,2951.0,0.0,1.0
2013-04-01,19.69,19.69,19.42,19.4515,18.994,3703.0,0.0,1.0
2013-04-02,19.52,19.55,19.48,19.48,19.0218,4715.0,0.0,1.0
2013-04-03,19.5,19.5,19.25,19.25,18.7972,1565.0,0.0,1.0
2013-04-04,19.1902,19.27,19.09,19.2699,18.8166,2908.0,0.0,1.0
2013-04-05,18.92,19.15,18.92,19.14,18.6898,919995.0,0.0,1.0
2013-04-08,19.24,19.41,19.24,19.41,18.9534,971.0,0.0,1.0
2013-04-09,19.44,19.56,19.37,19.51,19.0511,2817.0,0.0,1.0
2013-04-10,19.59,19.78,19.43,19.68,19.2171,3331.0,0.0,1.0
2013-04-11,19.732,19.92,19.732,19.87,19.4026,1883.0,0.0,1.0
2013-04-12,19.72,19.8721,19.72,19.8721,19.4047,726.0,0.0,1.0
2013-04-15,19.78,19.78,19.32,19.32,18.8655,3249.0,0.0,1.0
2013-04-16,19.4,19.64,19.4,19.64,19.178,8511.0,0.0,1.0
2013-04-17,19.43,19.43,19.1801,19.28,18.8265,13745.0,0.0,1.0
2013-04-18,19.25,19.28,19.07,19.16,18.7093,3300.0,0.0,1.0
2013-04-19,19.23,19.38,19.08,19.27,18.8167,2428.0,0.0,1.0
2013-04-22,19.41,19.48,19.2,19.48,19.0218,1265.0,0.0,1.0
2013-04-23,19.698,19.76,19.698,19.749,19.2845,2569.0,0.0,1.0
2013-04-24,19.711,19.96,19.711,19.87,19.4026,1883.0,0.0,1.0
2013-04-25,20.174,20.174,20.1234,20.1234,19.65,380.0,0.0,1.0
2013-04-26,20.07,20.12,20.05,20.05,19.5784,366033.0,0.0,1.0
2013-04-29,20.09,20.2,20.09,20.15,19.676,6318.0,0.0,1.0
2013-04-30,20.18,20.42,20.08,20.23,19.7541,40854.0,0.0,1.0
2013-05-01,20.25,20.25,20.08,20.17,19.6956,1006.0,0.0,1.0
2013-05-02,20.12,20.3399,20.12,20.33,19.8518,1622.0,0.0,1.0
2013-05-03,20.589,20.6,20.43,20.43,19.9494,36065.0,0.0,1.0
2013-05-06,20.95,20.95,20.6,20.68,20.1936,33370.0,0.0,1.0
2013-05-07,20.73,20.78,20.651,20.78,20.2912,117569.0,0.0,1.0
2013-05-08,20.74,20.95,20.74,20.8979,20.4063,13662.0,0.0,1.0
2013-05-09,20.2,21.01,20.2,20.89,20.3986,30178.0,0.0,1.0
2013-05-10,20.9,20.99,20.75,20.9716,20.4783,9196.0,0.0,1.0
2013-05-13,20.99,21.16,20.88,21.0,20.506,43237.0,0.0,1.0
2013-05-14,21.0,21.26,21.0,21.26,20.7599,23746.0,0.0,1.0
2013-05-15,21.23,21.37,21.1578,21.37,20.8673,52735.0,0.0,1.0
2013-05-16,21.32,21.44,21.26,21.31,20.8087,30091.0,0.0,1.0
2013-05-17,21.32,21.59,21.31,21.57,21.0626,23473.0,0.0,1.0
2013-05-20,21.54,21.67,21.54,21.6,21.0919,15951.0,0.0,1.0
2013-05-21,21.64,21.7099,21.5772,21.6,21.0919,69725.0,0.0,1.0
2013-05-22,21.65,21.85,21.2436,21.36,20.8576,130702.0,0.0,1.0
2013-05-23,21.16,21.38,21.04,21.36,20.8576,23173.0,0.0,1.0
2013-05-24,21.21,21.22,21.0301,21.09,20.5939,13007.0,0.0,1.0
2013-05-28,21.3714,21.4658,21.212,21.28,20.7794,34923.0,0.0,1.0
2013-05-29,21.18,21.2,20.95,21.16,20.6623,23628.0,0.0,1.0
2013-05-30,21.16,21.399,21.16,21.33,20.8283,221151.0,0.0,1.0
2013-05-31,21.25,21.3499,21.04,21.04,20.5451,32667.0,0.0,1.0
2013-06-03,21.01,21.07,20.75,20.9201,20.428,54098.0,0.0,1.0
2013-06-04,21.03,21.0999,20.81,20.9,20.4084,20264.0,0.0,1.0
2013-06-05,20.85,20.9,20.58,20.6,20.1154,29637.0,0.0,1.0
2013-06-06,20.56,20.8472,20.51,20.8472,20.3568,82027.0,0.0,1.0
2013-06-07,20.93,21.09,20.84,21.09,20.5939,125364.0,0.0,1.0
2013-06-10,21.08,21.18,20.92,21.0,20.506,190818.0,0.0,1.0
2013-06-11,20.73,21.0,20.73,20.87,20.3791,10679.0,0.0,1.0
2013-06-12,21.19,21.19,20.6,20.655,20.1691,84945.0,0.0,1.0
2013-06-13,20.6,20.9656,20.35,20.9656,20.4724,73186.0,0.0,1.0
2013-06-14,20.9999,20.9999,20.88,20.92,20.4279,16225.0,0.0,1.0
2013-06-17,21.02,21.099,20.8609,20.99,20.4963,79719.0,0.0,1.0
2013-06-18,21.0,21.2,21.0,21.12,20.6232,98188.0,0.0,1.0
2013-06-19,21.12,21.375,20.8679,20.92,20.4279,62219.0,0.0,1.0
2013-06-20,20.76,20.76,20.25,20.3682,19.8891,43862.0,0.0,1.0
2013-06-21,20.4,20.45,20.0,20.2948,19.8174,70983.0,0.0,1.0
2013-06-24,20.01,20.01,19.611,19.83,19.3635,106955.0,0.0,1.0
2013-06-25,19.9501,20.2,19.9501,20.2,19.7248,26995.0,0.0,1.0
2013-06-26,20.34,20.45,20.34,20.4261,19.9456,13638.0,0.0,1.0
2013-06-27,20.48,20.77,20.48,20.75,20.2619,46357.0,0.0,1.0
2013-06-28,20.71,20.83,20.58,20.76,20.2717,77497.0,0.0,1.0
2013-07-01,20.85,21.07,20.85,20.92,20.4279,1028870.0,0.0,1.0
2013-07-02,20.88,21.0,20.74,20.92,20.4279,41314.0,0.0,1.0
2013-07-03,20.82,20.9,20.732,20.844,20.3537,20423.0,0.0,1.0
2013-07-05,21.04,21.07,20.83,21.07,20.5744,26795.0,0.0,1.0
2013-07-08,21.19,21.2299,21.158,21.19,20.6916,114473.0,0.0,1.0
2013-07-09,21.34,21.41,21.22,21.38,20.8771,480914.0,0.0,1.0
2013-07-10,21.42,21.4399,21.3329,21.4399,20.9356,25129.0,0.0,1.0
2013-07-11,21.77,21.7999,21.67,21.75,21.2384,132955.0,0.0,1.0
2013-07-12,21.66,21.84,21.66,21.84,21.3263,129026.0,0.0,1.0
2013-07-15,21.86,21.94,21.79,21.91,21.3946,147855.0,0.0,1.0
2013-07-16,21.96,21.96,21.68,21.8,21.2872,40776.0,0.0,1.0
2013-07-17,21.91,21.96,21.8516,21.95,21.4337,54575.0,0.0,1.0
2013-07-18,21.9973,22.06,21.9224,22.0,21.4825,109038.0,0.0,1.0
2013-07-19,21.95,21.95,21.826,21.879,21.3644,144502.0,0.0,1.0
2013-07-22,21.92,21.96,21.84,21.92,21.4044,41335.0,0.0,1.0
2013-07-23,22.04,22.04,21.89,21.91,21.3946,80956.0,0.0,1.0
2013-07-24,21.94,21.94,21.76,21.77,21.2579,154029.0,0.0,1.0
2013-07-25,21.75,21.86,21.684,21.86,21.3458,40371.0,0.0,1.0
2013-07-26,21.78,21.88,21.716,21.88,21.3653,29156.0,0.0,1.0
2013-07-29,21.83,21.905,21.71,21.757,21.2452,32541.0,0.0,1.0
2013-07-30,21.91,21.91,21.77,21.88,21.3653,52436.0,0.0,1.0
2013-07-31,21.94,22.0552,21.91,21.95,21.4337,52451.0,0.0,1.0
2013-08-01,22.19,22.35,22.19,22.33,21.8047,249213.0,0.0,1.0
2013-08-02,22.35,22.47,22.26,22.47,21.9414,102269.0,0.0,1.0
2013-08-05,22.45,22.5,22.3321,22.5,21.9707,40632.0,0.0,1.0
2013-08-06,22.55,22.55,22.2553,22.3,21.7754,60004.0,0.0,1.0
2013-08-07,22.31,22.31,22.1001,22.24,21.7169,85444.0,0.0,1.0
2013-08-08,22.36,22.41,22.26,22.4,21.8731,24114.0,0.0,1.0
2013-08-09,22.34,22.3899,22.2699,22.34,21.8145,164541.0,0.0,1.0
2013-08-12,22.29,22.36,22.231,22.3,21.7754,25748.0,0.0,1.0
2013-08-13,22.34,22.38,22.1501,22.2599,21.7363,32101.0,0.0,1.0
2013-08-14,22.26,22.27,22.1001,22.12,21.5997,51686.0,0.0,1.0
2013-08-15,21.97,22.1,21.7,21.74,21.2286,73074.0,0.0,1.0
2013-08-16,22.02,22.02,21.74,21.75,21.2384,32906.0,0.0,1.0
2013-08-19,21.76,21.82,21.55,21.59,21.0821,39045.0,0.0,1.0
2013-08-20,21.55,21.86,21.5,21.77,21.2579,67336.0,0.0,1.0
2013-08-21,21.75,21.89,21.612,21.67,21.1603,38916.0,0.0,1.0
2013-08-22,21.74,21.98,21.74,21.87,21.3556,57203.0,0.0,1.0
2013-08-23,21.95,22.04,21.85,22.02,21.502,121257.0,0.0,1.0
2013-08-26,22.05,22.19,22.0,22.03,21.5118,88862.0,0.0,1.0
2013-08-27,21.78,21.7999,21.516,21.61,21.1017,76920.0,0.0,1.0
2013-08-28,21.56,21.73,21.5045,21.69,21.1798,35267.0,0.0,1.0
2013-08-29,21.69,21.93,21.69,21.83,21.3165,53499.0,0.0,1.0
2013-08-30,21.86,21.91,21.6301,21.65,21.1407,47720.0,0.0,1.0
2013-09-03,21.83,22.03,21.801,21.92,21.4044,98153.0,0.0,1.0
2013-09-04,21.96,22.0899,21.8401,22.06,21.5411,116687.0,0.0,1.0
2013-09-05,22.11,22.21,22.0839,22.1,21.5802,86008.0,0.0,1.0
2013-09-06,22.15,22.235,21.97,22.1,21.5802,91834.0,0.0,1.0
2013-09-09,22.19,22.37,22.19,22.37,21.8438,127580.0,0.0,1.0
2013-09-10,22.52,22.56,22.45,22.55,22.0196,111139.0,0.0,1.0
2013-09-11,22.58,22.6,22.47,22.6,22.0684,266109.0,0.0,1.0
2013-09-12,22.68,22.68,22.49,22.55,22.0196,52210.0,0.0,1.0
2013-09-13,22.6,22.6,22.4424,22.55,22.0196,44286.0,0.0,1.0
2013-09-16,22.83,22.83,22.59,22.63,22.0977,111634.0,0.0,1.0
2013-09-17,22.62,22.73,22.6,22.73,22.1953,74373.0,0.0,1.0
2013-09-18,22.78,23.004,22.63,22.95,22.4102,204647.0,0.0,1.0
2013-09-19,23.06,23.06,22.97,23.03,22.4883,78388.0,0.0,1.0
2013-09-20,23.08,23.08,22.8199,22.85,22.3125,104058.0,0.0,1.0
2013-09-23,22.84,22.84,22.56,22.65,22.1172,237871.0,0.0,1.0
2013-09-24,22.74,22.83,22.56,22.71,22.1758,56171.0,0.0,1.0
2013-09-25,22.77,22.875,22.66,22.77,22.2344,37790.0,0.0,1.0
2013-09-26,22.82,22.91,22.76,22.88,22.3418,142133.0,0.0,1.0
2013-09-27,22.83,22.88,22.75,22.84,22.3027,33276.0,0.0,1.0
2013-09-30,22.65,22.8,22.55,22.72,22.1856,107194.0,0.0,1.0
2013-10-01,22.83,23.04,22.83,23.04,22.498,89320.0,0.0,1.0
2013-10-02,22.97,23.12,22.9317,23.11,22.5664,117927.0,0.0,1.0
2013-10-03,23.13,23.17,22.76,22.9,22.3613,82505.0,0.0,1.0
2013-10-04,22.94,23.22,22.9348,23.18,22.6347,162645.0,0.0,1.0
2013-10-07,23.05,23.14,22.95,22.96,22.4199,218468.0,0.0,1.0
2013-10-08,23.0,23.0,22.4,22.46,21.9317,198491.0,0.0,1.0
2013-10-09,22.52,22.52,22.25,22.44,21.9122,63607.0,0.0,1.0
2013-10-10,22.86,22.9299,22.7292,22.89,22.3516,847302.0,0.0,1.0
2013-10-11,22.9,23.13,22.8679,23.12,22.5762,465627.0,0.0,1.0
2013-10-14,23.04,23.23,22.89,23.23,22.6836,135441.0,0.0,1.0
2013-10-15,23.17,23.27,23.0201,23.09,22.5469,168037.0,0.0,1.0
2013-10-16,23.24,23.4,23.1401,23.35,22.8007,135396.0,0.0,1.0
2013-10-17,23.38,23.63,23.33,23.63,23.0742,198613.0,0.0,1.0
2013-10-18,23.77,23.88,23.67,23.87,23.3085,267290.0,0.0,1.0
2013-10-21,23.9,23.99,23.82,23.91,23.3476,240933.0,0.0,1.0
2013-10-22,24.0,24.07,23.76,23.9,23.3378,309018.0,0.0,1.0
2013-10-23,23.81,23.81,23.66,23.79,23.2304,232640.0,0.0,1.0
2013-10-24,23.92,24.13,23.86,24.13,23.5624,217657.0,0.0,1.0
2013-10-25,24.27,24.33,24.18,24.25,23.6796,226092.0,0.0,1.0
2013-10-28,24.29,24.29,24.12,24.2,23.6308,210677.0,0.0,1.0
2013-10-29,24.37,24.43,24.18,24.33,23.7577,371611.0,0.0,1.0
2013-10-30,24.39,24.42,24.02,24.16,23.5917,136881.0,0.0,1.0
2013-10-31,24.11,24.15,24.0,24.02,23.455,111471.0,0.0,1.0
2013-11-01,24.13,24.15,23.92,24.13,23.5624,100714.0,0.0,1.0
2013-11-04,24.24,24.25,24.1,24.21,23.6405,270779.0,0.0,1.0
2013-11-05,24.2,24.2,23.951,24.07,23.5038,139004.0,0.0,1.0
2013-11-06,24.18,24.21,23.944,23.99,23.4257,154343.0,0.0,1.0
2013-11-07,24.05,24.05,23.45,23.51,22.957,145679.0,0.0,1.0
2013-11-08,23.51,23.815,23.42,23.815,23.2548,183942.0,0.0,1.0
2013-11-11,23.87,23.9199,23.73,23.89,23.328,67152.0,0.0,1.0
2013-11-12,23.88,24.0492,23.7796,23.879,23.3173,67603.0,0.0,1.0
2013-11-13,23.86,24.24,23.7484,24.24,23.6698,189590.0,0.0,1.0
2013-11-14,24.33,24.41,24.156,24.4,23.8261,156108.0,0.0,1.0
2013-11-15,24.57,24.64,24.45,24.64,24.0604,504606.0,0.0,1.0
2013-11-18,24.75,24.77,24.33,24.47,23.8944,399330.0,0.0,1.0
2013-11-19,24.47,24.51,24.13,24.2,23.6308,557554.0,0.0,1.0
2013-11-20,24.33,24.36,24.1,24.189,23.62,154277.0,0.0,1.0
2013-11-21,24.3,24.49,24.235,24.41,23.8358,431875.0,0.0,1.0
2013-11-22,24.5,24.58,24.4001,24.58,24.0018,164858.0,0.0,1.0
2013-11-25,24.64,24.68,24.5,24.55,23.9725,515245.0,0.0,1.0
2013-11-26,24.62,24.78,24.43,24.7,24.119,213972.0,0.0,1.0
2013-11-27,24.79,24.83,24.6736,24.82,24.2362,307402.0,0.0,1.0
2013-11-29,24.86,25.01,24.78,24.81,24.2264,210901.0,0.0,1.0
2013-12-02,24.88,24.92,24.75,24.78,24.1971,297126.0,0.0,1.0
2013-12-03,24.76,24.808,24.6022,24.74,24.1581,89232.0,0.0,1.0
2013-12-04,24.71,24.86,24.51,24.77,24.1873,354095.0,0.0,1.0
2013-12-05,24.82,24.82,24.6301,24.68,24.0995,338933.0,0.0,1.0
2013-12-06,24.9,24.9115,24.73,24.84,24.2557,200227.0,0.0,1.0
2013-12-09,25.01,25.11,24.8187,24.87,24.285,239542.0,0.0,1.0
2013-12-10,24.89,24.981,24.8,24.84,24.2557,149436.0,0.0,1.0
2013-12-11,24.86,24.89,24.4391,24.49,23.9139,116250.0,0.0,1.0
2013-12-12,24.44,24.539,24.35,24.451,23.8759,171956.0,0.0,1.0
2013-12-13,24.6,24.65,24.5001,24.5998,24.0212,694947.0,0.0,1.0
2013-12-16,24.75,24.85,24.62,24.67,24.0897,728972.0,0.0,1.0
2013-12-17,24.73,24.73,24.5079,24.62,24.0409,270369.0,0.0,1.0
2013-12-18,24.69,24.96,24.45,24.96,24.3729,281995.0,0.0,1.0
2013-12-19,24.96,24.98,24.866,24.94,24.3533,612022.0,0.0,1.0
2013-12-20,25.05,25.22,24.9916,25.18,24.5877,264142.0,0.0,1.0
2013-12-23,25.39,25.39,25.2501,25.38,24.783,484691.0,0.0,1.0
2013-12-24,25.46,25.49,25.39,25.47,24.8709,472541.0,0.0,1.0
2013-12-26,25.56,25.61,25.5,25.54,24.9392,177814.0,0.0,1.0
2013-12-27,25.65,25.65,25.43,25.53,24.9588,201430.0,0.0301,1.0
2013-12-30,25.59,25.59,25.4301,25.45,24.8806,193710.0,0.0,1.0
2013-12-31,25.58,25.64,25.54,25.61,25.037,215967.0,0.0,1.0
2014-01-02,25.61,25.63,25.1975,25.32,24.7535,295914.0,0.0,1.0
2014-01-03,25.4,25.4,25.2001,25.28,24.7144,229882.0,0.0,1.0
2014-01-06,25.36,25.37,25.08,25.17,24.6069,261326.0,0.0,1.0
2014-01-07,25.27,25.42,25.2348,25.34,24.7731,360061.0,0.0,1.0
2014-01-08,25.44,25.58,25.24,25.38,24.8122,260685.0,0.0,1.0
2014-01-09,25.44,25.45,25.15,25.28,24.7144,374605.0,0.0,1.0
2014-01-10,25.37,25.41,25.2145,25.4,24.8317,517900.0,0.0,1.0
2014-01-13,25.41,25.428,24.91,25.035,24.4749,1223825.0,0.0,1.0
2014-01-14,25.14,25.4,25.0601,25.39,24.822,292195.0,0.0,1.0
2014-01-15,25.48,25.58,25.47,25.54,24.9686,1215598.0,0.0,1.0
2014-01-16,25.54,25.5899,25.358,25.45,24.8806,785598.0,0.0,1.0
2014-01-17,25.46,25.48,25.2,25.22,24.6558,918005.0,0.0,1.0
2014-01-21,25.43,25.53,25.1301,25.22,24.6558,825191.0,0.0,1.0
2014-01-22,25.23,25.33,25.19,25.32,24.7535,437520.0,0.0,1.0
2014-01-23,25.31,25.31,24.91,25.039,24.4788,533734.0,0.0,1.0
2014-01-24,24.97,24.97,24.41,24.47,23.9225,432655.0,0.0,1.0
2014-01-27,24.5,24.58,24.07,24.32,23.7759,410265.0,0.0,1.0
2014-01-28,24.34,24.52,24.231,24.419,23.8727,590841.0,0.0,1.0
2014-01-29,24.2,24.3879,24.01,24.14,23.5999,523360.0,0.0,1.0
2014-01-30,24.35,24.5599,24.286,24.47,23.9225,263805.0,0.0,1.0
2014-01-31,24.4,24.5229,24.07,24.33,23.7857,255441.0,0.0,1.0
2014-02-03,24.34,24.36,23.5364,23.62,23.0916,406782.0,0.0,1.0
2014-02-04,23.67,23.92,23.62,23.84,23.3066,814524.0,0.0,1.0
2014-02-05,23.75,24.1399,23.51,23.94,23.4044,171459.0,0.0,1.0
2014-02-06,23.89,24.05,23.84,23.97,23.4337,163318.0,0.0,1.0
2014-02-07,24.15,24.41,24.01,24.38,23.8346,261339.0,0.0,1.0
2014-02-10,24.57,24.57,24.274,24.47,23.9225,807803.0,0.0,1.0
2014-02-11,24.53,24.74,24.5,24.71,24.1572,170081.0,0.0,1.0
2014-02-12,24.82,24.92,24.75,24.83,24.2745,335666.0,0.0,1.0
2014-02-13,24.74,25.05,24.52,25.02,24.4602,325221.0,0.0,1.0
2014-02-14,25.04,25.184,25.0,25.13,24.5678,729280.0,0.0,1.0
2014-02-18,25.15,25.39,25.1428,25.37,24.8024,277211.0,0.0,1.0
2014-02-19,25.35,25.4,25.07,25.11,24.5482,182564.0,0.0,1.0
2014-02-20,25.1,25.22,25.03,25.21,24.646,147169.0,0.0,1.0
2014-02-21,25.3,25.3099,25.16,25.19,24.6264,131125.0,0.0,1.0
2014-02-24,25.27,25.45,25.2,25.27,24.7046,358896.0,0.0,1.0
2014-02-25,25.27,25.2864,25.071,25.12,24.558,667259.0,0.0,1.0
2014-02-26,25.24,25.3299,25.04,25.16,24.5971,429771.0,0.0,1.0
2014-02-27,25.18,25.35,25.0501,25.35,24.7828,174433.0,0.0,1.0
2014-02-28,25.25,25.32,24.995,25.19,24.6264,534645.0,0.0,1.0
2014-03-03,24.65,25.0,24.645,24.99,24.4309,221824.0,0.0,1.0
2014-03-04,25.28,25.43,25.2701,25.38,24.8122,146236.0,0.0,1.0
2014-03-05,25.44,25.46,25.34,25.4,24.8317,438832.0,0.0,1.0
2014-03-06,25.52,25.54,25.4,25.5,24.9295,453569.0,0.0,1.0
2014-03-07,25.63,25.67,25.32,25.42,24.8513,137889.0,0.0,1.0
2014-03-10,25.42,25.45,25.16,25.29,24.7242,516770.0,0.0,1.0
2014-03-11,25.35,25.41,25.0401,25.1049,24.5432,188727.0,0.0,1.0
2014-03-12,25.0,25.12,24.81,25.12,24.558,214362.0,0.0,1.0
2014-03-13,25.14,25.17,24.59,24.68,24.1278,200496.0,0.0,1.0
2014-03-14,24.66,24.83,24.5,24.7,24.1474,796847.0,0.0,1.0
2014-03-17,24.81,24.96,24.7628,24.85,24.294,1057939.0,0.0,1.0
2014-03-18,24.91,25.13,24.904,25.1,24.5384,265946.0,0.0,1.0
2014-03-19,25.09,25.145,24.79,24.93,24.3722,204748.0,0.0,1.0
2014-03-20,24.87,25.12,24.84,25.08,24.5189,227261.0,0.0,1.0
2014-03-21,25.15,25.23,24.95,25.0,24.4407,339339.0,0.0,1.0
2014-03-24,25.05,25.06,24.6,24.77,24.2158,176247.0,0.0,1.0
2014-03-25,24.86,24.9364,24.5703,24.67,24.1181,188245.0,0.0,1.0
2014-03-26,24.79,24.85,24.41,24.41,23.8639,439307.0,0.0,1.0
2014-03-27,24.35,24.4699,24.16,24.33,23.7857,123293.0,0.0,1.0
2014-03-28,24.4,24.6,24.34,24.42,23.8737,94071.0,0.0,1.0
2014-03-31,24.58,24.75,24.55,24.69,24.1376,306425.0,0.0,1.0
2014-04-01,24.82,25.07,24.81,25.07,24.5091,243462.0,0.0,1.0
2014-04-02,25.1,25.16,25.04,25.12,24.558,129936.0,0.0,1.0
2014-04-03,25.13,25.19,24.89,24.97,24.4114,108663.0,0.0,1.0
2014-04-04,25.11,25.11,24.46,24.52,23.9714,106041.0,0.0,1.0
2014-04-07,24.4,24.455,23.86,24.0,23.4631,251027.0,0.0,1.0
2014-04-08,23.98,24.23,23.89,24.22,23.6781,159214.0,0.0,1.0
2014-04-09,24.3,24.63,24.22,24.63,24.079,180324.0,0.0,1.0
2014-04-10,24.66,24.66,23.95,23.98,23.4435,279854.0,0.0,1.0
2014-04-11,23.83,23.9204,23.5,23.56,23.0329,199515.0,0.0,1.0
2014-04-14,23.72,23.87,23.53,23.73,23.1991,282569.0,0.0,1.0
2014-04-15,23.78,23.96,23.45,23.89,23.3555,259796.0,0.0,1.0
2014-04-16,24.07,24.17,23.96,24.16,23.6195,68568.0,0.0,1.0
2014-04-17,24.13,24.314,24.11,24.28,23.7368,164465.0,0.0,1.0
2014-04-21,24.35,24.44,24.18,24.39,23.8443,81460.0,0.0,1.0
2014-04-22,24.48,24.76,24.48,24.69,24.1376,96806.0,0.0,1.0
2014-04-23,24.69,24.78,24.55,24.58,24.0301,126578.0,0.0,1.0
2014-04-24,24.66,24.8,24.38,24.6,24.0496,87830.0,0.0,1.0
2014-04-25,24.52,24.52,24.14,24.16,23.6195,177876.0,0.0,1.0
2014-04-28,24.24,24.32,23.7801,24.08,23.5413,134047.0,0.0,1.0
2014-04-29,24.11,24.286,24.03,24.25,23.7075,112023.0,0.0,1.0
2014-04-30,24.14,24.42,24.1201,24.42,23.8737,268784.0,0.0,1.0
2014-05-01,24.48,24.6861,24.48,24.59,24.0399,105995.0,0.0,1.0
2014-05-02,24.65,24.82,24.65,24.72,24.1669,75735.0,0.0,1.0
2014-05-05,24.62,24.87,24.5001,24.83,24.2745,221099.0,0.0,1.0
2014-05-06,24.73,24.8349,24.53,24.53,23.9812,71121.0,0.0,1.0
2014-05-07,24.58,24.7072,24.39,24.6611,24.1094,67891.0,0.0,1.0
2014-05-08,24.6,24.97,24.6,24.69,24.1376,75981.0,0.0,1.0
2014-05-09,24.64,24.7037,24.5076,24.66,24.1083,258249.0,0.0,1.0
2014-05-12,24.7,25.1,24.7,25.08,24.5189,303053.0,0.0,1.0
2014-05-13,25.1,25.2466,25.0707,25.12,24.558,103927.0,0.0,1.0
2014-05-14,25.08,25.1224,24.91,24.97,24.4114,95711.0,0.0,1.0
2014-05-15,24.92,24.92,24.5001,24.6901,24.1377,372212.0,0.0,1.0
2014-05-16,24.74,24.74,24.55,24.71,24.1572,227968.0,0.0,1.0
2014-05-19,24.63,24.8776,24.6204,24.87,24.3136,1031174.0,0.0,1.0
2014-05-20,24.79,24.88,24.616,24.68,24.1278,96473.0,0.0,1.0
2014-05-21,24.74,24.95,24.68,24.92,24.3625,84754.0,0.0,1.0
2014-05-22,24.93,25.0808,24.93,25.02,24.4602,116992.0,0.0,1.0
2014-05-23,25.0,25.2068,25.0,25.2,24.6362,129673.0,0.0,1.0
2014-05-27,25.23,25.39,25.16,25.39,24.822,170290.0,0.0,1.0
2014-05-28,25.31,25.4399,25.27,25.36,24.7926,78167.0,0.0,1.0
2014-05-29,25.37,25.54,25.36,25.54,24.9686,104914.0,0.0,1.0
2014-05-30,25.55,25.56,25.4,25.46,24.8904,225598.0,0.0,1.0
2014-06-02,25.47,25.5472,25.3401,25.53,24.9588,287142.0,0.0,1.0
2014-06-03,25.38,25.57,25.38,25.57,24.9979,119043.0,0.0,1.0
2014-06-04,25.52,25.687,25.46,25.66,25.0859,91270.0,0.0,1.0
2014-06-05,25.69,25.89,25.65,25.82,25.2423,148966.0,0.0,1.0
2014-06-06,25.81,26.059,25.81,26.0402,25.4576,97114.0,0.0,1.0
2014-06-09,26.08,26.15,25.966,26.041,25.4584,277640.0,0.0,1.0
2014-06-10,25.99,26.1,25.9335,26.09,25.5063,117714.0,0.0,1.0
2014-06-11,26.03,26.09,25.92,26.065,25.4819,70315.0,0.0,1.0
2014-06-12,26.06,26.06,25.77,25.83,25.2521,160130.0,0.0,1.0
2014-06-13,25.87,25.97,25.77,25.92,25.3401,108026.0,0.0,1.0
2014-06-16,25.85,26.0,25.82,25.92,25.3401,122763.0,0.0,1.0
2014-06-17,25.92,26.114,25.9,26.09,25.5063,136960.0,0.0,1.0
2014-06-18,26.05,26.25,25.95,26.22,25.6334,109578.0,0.0,1.0
2014-06-19,26.23,26.2999,26.13,26.21,25.6236,89606.0,0.0,1.0
2014-06-20,26.3,26.3,26.19,26.25,25.6627,43087.0,0.0,1.0
2014-06-23,26.3,26.35,26.26,26.35,25.7605,67954.0,0.0,1.0
2014-06-24,26.27,26.48,26.1001,26.13,25.5454,105278.0,0.0,1.0
2014-06-25,26.09,26.39,26.04,26.37,25.78,66015.0,0.0,1.0
2014-06-26,26.39,26.39,26.149,26.28,25.692,79357.0,0.0,1.0
2014-06-27,26.26,26.45,26.26,26.43,25.8387,372035.0,0.0,1.0
2014-06-30,26.44,26.537,26.4218,26.45,25.8582,100703.0,0.0,1.0
2014-07-01,26.55,26.78,26.55,26.68,26.0831,208699.0,0.0,1.0
2014-07-02,26.69,26.7,26.56,26.63,26.0342,63090.0,0.0,1.0
2014-07-03,26.7,26.8,26.663,26.72,26.1222,332535.0,0.0,1.0
2014-07-07,26.69,26.73,26.45,26.46,25.868,84037.0,0.0,1.0
2014-07-08,26.44,26.44,26.079,26.2499,25.6626,90916.0,0.0,1.0
2014-07-09,26.36,26.42,26.24,26.39,25.7996,79899.0,0.0,1.0
2014-07-10,26.06,26.305,26.0,26.23,25.6432,72891.0,0.0,1.0
2014-07-11,26.26,26.31,26.13,26.24,25.6529,92944.0,0.0,1.0
2014-07-14,26.45,26.52,26.28,26.45,25.8582,140958.0,0.0,1.0
2014-07-15,26.48,26.58,26.22,26.32,25.7311,138926.0,0.0,1.0
2014-07-16,26.44,26.4634,26.3,26.37,25.78,54723.0,0.0,1.0
2014-07-17,26.29,26.45,26.05,26.09,25.5063,64554.0,0.0,1.0
2014-07-18,26.19,26.4,26.18,26.39,25.7996,103010.0,0.0,1.0
2014-07-21,26.37,26.424,26.25,26.382,25.7918,56284.0,0.0,1.0
2014-07-22,26.54,26.6599,26.528,26.6,26.0049,135124.0,0.0,1.0
2014-07-23,26.61,26.65,26.52,26.57,25.9756,46064.0,0.0,1.0
2014-07-24,26.57,26.63,26.53,26.57,25.9756,123842.0,0.0,1.0
2014-07-25,26.52,26.52,26.33,26.37,25.78,58588.0,0.0,1.0
2014-07-28,26.39,26.44,26.18,26.26,25.6725,106568.0,0.0,1.0
2014-07-29,26.35,26.3599,26.181,26.2099,25.6235,115283.0,0.0,1.0
2014-07-30,26.36,26.47,26.24,26.32,25.7311,155592.0,0.0,1.0
2014-07-31,26.11,26.11,25.7501,25.76,25.1837,125823.0,0.0,1.0
2014-08-01,25.76,25.9,25.52,25.72,25.1446,178473.0,0.0,1.0
2014-08-04,25.79,25.9399,25.6599,25.88,25.301,82132.0,0.0,1.0
2014-08-05,25.76,25.82,25.5201,25.63,25.0566,112886.0,0.0,1.0
2014-08-06,25.52,25.758,25.5,25.61,25.037,106249.0,0.0,1.0
2014-08-07,25.72,25.75,25.333,25.4,24.8317,80949.0,0.0,1.0
2014-08-08,25.45,25.698,25.37,25.68,25.1055,46305.0,0.0,1.0
2014-08-11,25.82,25.95,25.68,25.84,25.2619,54653.0,0.0,1.0
2014-08-12,25.85,25.879,25.67,25.72,25.1446,100062.0,0.0,1.0
2014-08-13,25.82,26.0343,25.82,26.02,25.4379,46989.0,0.0,1.0
2014-08-14,26.06,26.13,26.05,26.11,25.5258,40506.0,0.0,1.0
2014-08-15,26.26,26.27,25.978,26.17,25.5845,50688.0,0.0,1.0
2014-08-18,26.28,26.43,26.245,26.43,25.8387,84234.0,0.0,1.0
2014-08-19,26.48,26.5,26.35,26.47,25.8778,97133.0,0.0,1.0
2014-08-20,26.45,26.522,26.41,26.51,25.9169,262456.0,0.0,1.0
2014-08-21,26.53,26.6099,26.4668,26.59,25.9951,54423.0,0.0,1.0
2014-08-22,26.52,26.6299,26.5001,26.582,25.9873,43340.0,0.0,1.0
2014-08-25,26.7,26.7899,26.63,26.7301,26.1321,157913.0,0.0,1.0
2014-08-26,26.75,26.807,26.725,26.74,26.1418,94225.0,0.0,1.0
2014-08-27,26.81,26.81,26.69,26.7386,26.1404,63035.0,0.0,1.0
2014-08-28,26.63,26.72,26.54,26.62,26.0244,115396.0,0.0,1.0
2014-08-29,26.69,26.69,26.584,26.681,26.0841,55273.0,0.0,1.0
2014-09-02,26.7,26.837,26.6801,26.813,26.2131,85086.0,0.0,1.0
2014-09-03,26.87,26.87,26.67,26.71,26.1124,81228.0,0.0,1.0
2014-09-04,26.77,26.88,26.59,26.64,26.044,119534.0,0.0,1.0
2014-09-05,26.66,26.8,26.57,26.8,26.2004,72022.0,0.0,1.0
2014-09-08,26.8,26.9,26.7,26.77,26.1711,41559.0,0.0,1.0
2014-09-09,26.78,26.78,26.53,26.6,26.0049,46511.0,0.0,1.0
2014-09-10,26.53,26.742,26.45,26.7,26.1026,85511.0,0.0,1.0
2014-09-11,26.6,26.77,26.6,26.7588,26.1601,137163.0,0.0,1.0
2014-09-12,26.8,26.83,26.62,26.69,26.0929,125291.0,0.0,1.0
2014-09-15,26.72,26.7799,26.49,26.55,25.956,56489.0,0.0,1.0
2014-09-16,26.48,26.79,26.42,26.752,26.1535,40347.0,0.0,1.0
2014-09-17,26.78,26.95,26.7,26.84,26.2395,91683.0,0.0,1.0
2014-09-18,26.89,27.0,26.87,26.97,26.3666,68965.0,0.0,1.0
2014-09-19,27.07,27.09,26.781,26.89,26.2884,133098.0,0.0,1.0
2014-09-22,26.85,26.85,26.39,26.46,25.868,52469.0,0.0,1.0
2014-09-23,26.38,26.5,26.29,26.31,25.7214,88505.0,0.0,1.0
2014-09-24,26.29,26.492,26.21,26.48,25.8876,219377.0,0.0,1.0
2014-09-25,26.42,26.43,26.04,26.05,25.4672,70703.0,0.0,1.0
2014-09-26,26.14,26.4199,26.08,26.4,25.8094,60930.0,0.0,1.0
2014-09-29,26.1,26.3802,26.1,26.32,25.7311,210183.0,0.0,1.0
2014-09-30,26.37,26.399,26.2099,26.314,25.7253,33062.0,0.0,1.0
2014-10-01,26.26,26.26,25.6734,25.73,25.1543,161179.0,0.0,1.0
2014-10-02,25.72,25.871,25.37,25.819,25.2414,818003.0,0.0,1.0
2014-10-03,25.95,26.1799,25.95,26.11,25.5258,58815.0,0.0,1.0
2014-10-06,26.2,26.24,25.9,25.93,25.3499,66936.0,0.0,1.0
2014-10-07,25.79,25.8299,25.38,25.38,24.8122,146847.0,0.0,1.0
2014-10-08,25.41,25.76,25.13,25.68,25.1055,588622.0,0.0,1.0
2014-10-09,25.65,25.68,25.07,25.09,24.5287,85299.0,0.0,1.0
2014-10-10,25.01,25.08,24.51,24.52,23.9714,131640.0,0.0,1.0
2014-10-13,24.49,24.69,23.99,23.99,23.4533,539655.0,0.0,1.0
2014-10-14,24.14,24.46,23.85,24.14,23.5999,216560.0,0.0,1.0
2014-10-15,23.8,24.188,23.4064,24.14,23.5999,462187.0,0.0,1.0
2014-10-16,23.8,24.52,23.63,24.37,23.8248,362771.0,0.0,1.0
2014-10-17,24.69,24.94,24.6437,24.71,24.1572,209771.0,0.0,1.0
2014-10-20,24.64,24.91,24.63,24.87,24.3136,77184.0,0.0,1.0
2014-10-21,25.07,25.5499,25.01,25.5,24.9295,274162.0,0.0,1.0
2014-10-22,25.53,25.63,25.21,25.21,24.646,47036.0,0.0,1.0
2014-10-23,25.42,25.67,25.42,25.47,24.9002,99208.0,0.0,1.0
2014-10-24,25.51,25.65,25.37,25.61,25.037,36598.0,0.0,1.0
2014-10-27,25.48,25.607,25.39,25.5901,25.0176,244642.0,0.0,1.0
2014-10-28,25.68,25.989,25.6001,25.98,25.3988,84168.0,0.0,1.0
2014-10-29,25.95,26.0,25.679,25.86,25.2814,61551.0,0.0,1.0
2014-10-30,26.19,26.327,26.1,26.15,25.565,45658.0,0.0,1.0
2014-10-31,26.29,26.3799,26.1601,26.29,25.7018,79798.0,0.0,1.0
2014-11-03,26.34,26.5299,26.32,26.41,25.8191,87207.0,0.0,1.0
2014-11-04,26.26,26.3,26.03,26.17,25.5845,73699.0,0.0,1.0
2014-11-05,26.35,26.35,26.2,26.28,25.692,59737.0,0.0,1.0
2014-11-06,26.35,26.4,26.17,26.32,25.7311,121593.0,0.0,1.0
2014-11-07,26.32,26.43,26.1301,26.22,25.6334,81253.0,0.0,1.0
2014-11-10,26.22,26.33,25.97,26.27,25.6823,107127.0,0.0,1.0
2014-11-11,26.25,26.2852,26.1901,26.22,25.6334,43572.0,0.0,1.0
2014-11-12,26.11,26.231,26.11,26.21,25.6236,161585.0,0.0,1.0
2014-11-13,26.19,26.327,26.1,26.15,25.565,45658.0,0.0,1.0
2014-11-14,26.12,26.36,26.12,26.33,25.7409,26976.0,0.0,1.0
2014-11-17,26.24,26.35,26.2,26.28,25.692,37008.0,0.0,1.0
2014-11-18,26.31,26.53,26.31,26.45,25.8582,96024.0,0.0,1.0
2014-11-19,26.42,26.5299,26.3,26.39,25.7996,59158.0,0.0,1.0
2014-11-20,26.27,26.58,26.2601,26.53,25.9364,56717.0,0.0,1.0
2014-11-21,26.81,26.8195,26.67,26.73,26.132,82855.0,0.0,1.0
2014-11-24,26.81,26.92,26.81,26.91,26.3079,212472.0,0.0,1.0
2014-11-25,26.93,27.0128,26.9,26.99,26.3862,45074.0,0.0,1.0
2014-11-26,26.97,27.0317,26.96,26.9801,26.3765,49463.0,0.0,1.0
2014-11-28,26.97,26.97,26.85,26.87,26.2688,21613.0,0.0,1.0
2014-12-01,26.69,26.81,26.3545,26.43,25.8387,97171.0,0.0,1.0
2014-12-02,26.41,26.55,26.38,26.49,25.8973,184305.0,0.0,1.0
2014-12-03,26.46,26.6699,26.46,26.63,26.0342,77179.0,0.0,1.0
2014-12-04,26.55,26.65,26.4901,26.58,25.9853,21623.0,0.0,1.0
2014-12-05,26.65,26.778,26.59,26.7,26.1026,58304.0,0.0,1.0
2014-12-08,26.62,26.65,26.1974,26.26,25.6725,75028.0,0.0,1.0
2014-12-09,25.93,26.2999,25.87,26.27,25.6823,193632.0,0.0,1.0
2014-12-10,26.17,26.2341,25.723,25.73,25.1543,41369.0,0.0,1.0
2014-12-11,25.85,26.13,25.79,25.87,25.2912,62582.0,0.0,1.0
2014-12-12,25.68,25.738,25.46,25.46,24.8904,70184.0,0.0,1.0
2014-12-15,25.59,25.65,25.153,25.24,24.6753,55909.0,0.0,1.0
2014-12-16,25.17,25.5,24.95,24.96,24.4016,125959.0,0.0,1.0
2014-12-17,25.03,25.633,25.0,25.59,25.0175,66563.0,0.0,1.0
2014-12-18,25.99,26.1384,25.89,26.13,25.5454,116419.0,0.0,1.0
2014-12-19,26.22,26.4,26.17,26.37,25.78,120819.0,0.0,1.0
2014-12-22,26.34,26.45,26.34,26.44,25.8485,80226.0,0.0,1.0
2014-12-23,26.48,26.63,26.48,26.62,26.0244,71091.0,0.0,1.0
2014-12-24,26.61,26.693,26.61,26.64,26.044,37308.0,0.0,1.0
2014-12-26,26.67,26.79,26.67,26.71,26.1124,37855.0,0.0,1.0
2014-12-29,26.4,26.52,26.4,26.46,26.1392,52021.0,0.2773,1.0
2014-12-30,26.41,26.46,26.3474,26.37,26.0502,64530.0,0.0,1.0
2014-12-31,26.42,26.45,26.15,26.15,25.8329,43541.0,0.0,1.0
2015-01-02,26.26,26.2784,26.0,26.1799,25.8625,42651.0,0.0,1.0
2015-01-05,25.96,26.06,25.44,25.55,25.2402,113589.0,0.0,1.0
2015-01-06,25.56,25.6099,25.0589,25.26,24.9537,139796.0,0.0,1.0
2015-01-07,25.44,25.5599,25.29,25.42,25.1118,89321.0,0.0,1.0
2015-01-08,25.64,25.91,25.64,25.85,25.5366,178208.0,0.0,1.0
2015-01-09,25.91,25.91,25.61,25.67,25.3587,176111.0,0.0,1.0
2015-01-12,25.66,25.714,25.29,25.35,25.0426,98324.0,0.0,1.0
2015-01-13,25.48,25.6402,25.06,25.24,24.934,75628.0,0.0,1.0
2015-01-14,24.91,25.03,24.69,25.0236,24.7202,47197.0,0.0,1.0
2015-01-15,25.09,25.134,24.73,24.74,24.44,53751.0,0.0,1.0
2015-01-16,24.73,25.0445,24.6859,25.03,24.7265,91299.0,0.0,1.0
2015-01-20,25.11,25.15,24.8604,25.04,24.7364,99786.0,0.0,1.0
2015-01-21,24.93,25.2953,24.93,25.24,24.934,239213.0,0.0,1.0
2015-01-22,25.36,25.67,25.23,25.63,25.3192,226548.0,0.0,1.0
2015-01-23,25.57,25.68,25.54,25.54,25.2303,123518.0,0.0,1.0
2015-01-26,25.52,25.7,25.4445,25.6801,25.3687,99822.0,0.0,1.0
2015-01-27,25.34,25.52,25.2215,25.36,25.0525,142277.0,0.0,1.0
2015-01-28,25.48,25.5861,24.85,24.8816,24.5799,451992.0,0.0,1.0
2015-01-29,24.92,25.03,24.62,24.96,24.6573,67890.0,0.0,1.0
2015-01-30,24.79,25.0,24.65,24.6632,24.3641,86979.0,0.0,1.0
2015-02-02,24.68,24.89,24.47,24.88,24.5783,117624.0,0.0,1.0
2015-02-03,24.96,25.43,24.92,25.41,25.1019,106935.0,0.0,1.0
2015-02-04,25.34,25.56,25.3112,25.4,25.092,69771.0,0.0,1.0
2015-02-05,25.48,25.6268,25.48,25.61,25.2995,77126.0,0.0,1.0
2015-02-06,25.62,25.7531,25.543,25.62,25.3093,71602.0,0.0,1.0
2015-02-09,25.46,25.6,25.41,25.51,25.2007,85930.0,0.0,1.0
2015-02-10,25.66,25.8,25.5335,25.76,25.4476,108881.0,0.0,1.0
2015-02-11,25.75,25.8662,25.68,25.79,25.4773,59212.0,0.0,1.0
2015-02-12,25.89,26.17,25.89,26.16,25.8428,90398.0,0.0,1.0
2015-02-13,26.14,26.42,26.12,26.42,26.0996,81685.0,0.0,1.0
2015-02-17,26.4,26.59,26.4,26.5,26.1787,72165.0,0.0,1.0
2015-02-18,26.42,26.54,26.395,26.48,26.1589,86017.0,0.0,1.0
2015-02-19,26.41,26.61,26.41,26.56,26.2379,43486.0,0.0,1.0
2015-02-20,26.49,26.6827,26.42,26.6827,26.3592,43900.0,0.0,1.0
2015-02-23,26.67,26.67,26.513,26.59,26.2676,33597.0,0.0,1.0
2015-02-24,26.49,26.68,26.49,26.64,26.317,31200.0,0.0,1.0
2015-02-25,26.58,26.7859,26.58,26.68,26.3565,32741.0,0.0,1.0
2015-02-26,26.6,26.69,26.49,26.56,26.2379,323930.0,0.0,1.0
2015-02-27,26.56,26.62,26.47,26.47,26.149,357022.0,0.0,1.0
2015-03-02,26.46,26.6299,26.46,26.62,26.2972,43657.0,0.0,1.0
2015-03-03,26.51,26.54,26.4401,26.5,26.1787,41527.0,0.0,1.0
2015-03-04,26.42,26.4999,26.28,26.46,26.1392,297868.0,0.0,1.0
2015-03-05,26.53,26.53,26.4074,26.47,26.149,594287.0,0.0,1.0
2015-03-06,26.33,26.47,26.08,26.1,25.7835,95773.0,0.0,1.0
2015-03-09,26.14,26.25,26.1001,26.21,25.8922,34657.0,0.0,1.0
2015-03-10,25.93,25.9636,25.8,25.8,25.4872,670208.0,0.0,1.0
2015-03-11,25.82,25.9355,25.8101,25.82,25.5069,44362.0,0.0,1.0
2015-03-12,25.99,26.165,25.99,26.16,25.8428,40432.0,0.0,1.0
2015-03-13,26.09,26.165,25.918,26.0455,25.7297,39922.0,0.0,1.0
2015-03-16,26.11,26.2045,26.08,26.18,25.8626,44244.0,0.0,1.0
2015-03-17,26.05,26.25,26.05,26.18,25.8626,52984.0,0.0,1.0
2015-03-18,26.15,26.66,26.13,26.59,26.2676,32623.0,0.0,1.0
2015-03-19,26.52,26.56,26.3801,26.48,26.1589,40420.0,0.0,1.0
2015-03-20,26.63,26.84,26.62,26.73,26.4059,132479.0,0.0,1.0
2015-03-23,26.72,26.81,26.68,26.68,26.3565,36587.0,0.0,1.0
2015-03-24,26.69,26.717,26.52,26.52,26.1984,35178.0,0.0,1.0
2015-03-25,26.54,26.5523,26.08,26.08,25.7638,38553.0,0.0,1.0
2015-03-26,25.95,26.1497,25.867,26.01,25.6946,460177.0,0.0,1.0
2015-03-27,25.97,26.159,25.97,26.14,25.823,62923.0,0.0,1.0
2015-03-30,26.24,26.4,26.24,26.35,26.0305,114585.0,0.0,1.0
2015-03-31,26.2,26.4,26.2,26.24,25.9218,22157.0,0.0,1.0
2015-04-01,26.25,26.28,26.07,26.25,25.9317,61045.0,0.0,1.0
2015-04-02,26.19,26.38,26.16,26.24,25.9218,122602.0,0.0,1.0
2015-04-06,26.12,26.4199,26.04,26.34,26.0206,28719.0,0.0,1.0
2015-04-07,26.31,26.48,26.31,26.32,26.0009,55397.0,0.0,1.0
2015-04-08,26.4,26.59,26.4,26.57,26.2478,58431.0,0.0,1.0
2015-04-09,26.54,26.65,26.45,26.65,26.3269,32081.0,0.0,1.0
2015-04-10,26.65,26.79,26.65,26.78,26.4553,52959.0,0.0,1.0
2015-04-13,26.76,26.9,26.74,26.74,26.4158,122780.0,0.0,1.0
2015-04-14,26.69,26.79,26.6,26.7604,26.4359,65917.0,0.0,1.0
2015-04-15,26.8,26.99,26.75,26.95,26.6232,48669.0,0.0,1.0
2015-04-16,26.85,27.0,26.85,26.94,26.6133,53228.0,0.0,1.0
2015-04-17,26.82,26.82,26.6446,26.74,26.4158,31319.0,0.0,1.0
2015-04-20,26.8,26.9436,26.8,26.92,26.5936,27868.0,0.0,1.0
2015-04-21,26.91,27.04,26.87,26.88,26.5541,99776.0,0.0,1.0
2015-04-22,27.02,27.05,26.8201,27.03,26.7022,49820.0,0.0,1.0
2015-04-23,26.97,27.17,26.97,27.12,26.7912,77234.0,0.0,1.0
2015-04-24,27.14,27.18,27.07,27.13,26.801,33954.0,0.0,1.0
2015-04-27,27.21,27.2465,26.9735,26.99,26.6627,32495.0,0.0,1.0
2015-04-28,26.99,27.04,26.81,27.0118,26.6843,33111.0,0.0,1.0
2015-04-29,26.86,27.02,26.83,26.94,26.6133,29270.0,0.0,1.0
2015-04-30,26.87,26.9029,26.55,26.62,26.2972,40293.0,0.0,1.0
2015-05-01,26.69,26.77,26.53,26.75,26.4256,31157.0,0.0,1.0
2015-05-04,26.78,26.91,26.77,26.83,26.5047,18019.0,0.0,1.0
2015-05-05,26.78,26.87,26.47,26.47,26.149,30502.0,0.0,1.0
2015-05-06,26.6,26.61,26.3098,26.4,26.0799,26990.0,0.0,1.0
2015-05-07,26.4,26.5936,26.38,26.55,26.2281,25566.0,0.0,1.0
2015-05-08,26.76,26.8615,26.75,26.76,26.4355,9261.0,0.0,1.0
2015-05-11,26.71,26.81,26.67,26.68,26.3565,44806.0,0.0,1.0
2015-05-12,26.52,26.6104,26.4399,26.5401,26.2183,30219.0,0.0,1.0
2015-05-13,26.69,26.726,26.5801,26.65,26.3269,755367.0,0.0,1.0
2015-05-14,26.78,26.9099,26.76,26.88,26.5541,70755.0,0.0,1.0
2015-05-15,26.91,26.97,26.86,26.97,26.643,46774.0,0.0,1.0
2015-05-18,26.91,27.0936,26.84,27.0877,26.7592,65212.0,0.0,1.0
2015-05-19,27.08,27.1,27.0005,27.04,26.7121,76563.0,0.0,1.0
2015-05-20,27.04,27.17,27.01,27.08,26.7516,55132.0,0.0,1.0
2015-05-21,27.09,27.28,27.055,27.24,26.9097,39999.0,0.0,1.0
2015-05-22,27.22,27.31,27.22,27.28,26.9492,37470.0,0.0,1.0
2015-05-26,27.17,27.17,26.97,27.01,26.6825,50405.0,0.0,1.0
2015-05-27,27.05,27.29,27.05,27.25,26.9196,33646.0,0.0,1.0
2015-05-28,27.19,27.254,27.12,27.25,26.9196,68045.0,0.0,1.0
2015-05-29,27.24,27.24,27.06,27.11,26.7813,15679.0,0.0,1.0
2015-06-01,27.13,27.1936,26.99,27.15,26.8208,49003.0,0.0,1.0
2015-06-02,27.1,27.3,27.02,27.16,26.8307,67375.0,0.0,1.0
2015-06-03,27.25,27.3955,27.25,27.28,26.9492,34865.0,0.0,1.0
2015-06-04,27.15,27.22,26.945,26.98,26.6529,17893.0,0.0,1.0
2015-06-05,26.99,27.0845,26.874,27.05,26.722,20176.0,0.0,1.0
2015-06-08,27.0,27.005,26.7801,26.86,26.5343,15539.0,0.0,1.0
2015-06-09,26.78,26.78,26.57,26.75,26.4256,73193.0,0.0,1.0
2015-06-10,26.82,27.056,26.82,27.02,26.6924,23232.0,0.0,1.0
2015-06-11,27.07,27.17,27.07,27.1,26.7714,35697.0,0.0,1.0
2015-06-12,27.02,27.12,26.985,27.04,26.7121,25256.0,0.0,1.0
2015-06-15,26.84,26.9499,26.77,26.9201,26.5937,41891.0,0.0,1.0
2015-06-16,26.88,27.01,26.85,26.97,26.643,48615.0,0.0,1.0
2015-06-17,27.01,27.09,26.91,27.05,26.722,35211.0,0.0,1.0
2015-06-18,27.12,27.3599,27.12,27.2872,26.9563,29893.0,0.0,1.0
2015-06-19,27.28,27.28,27.08,27.08,26.7516,43324.0,0.0,1.0
2015-06-22,27.28,27.31,27.2101,27.272,26.9413,49768.0,0.0,1.0
2015-06-23,27.33,27.379,27.2801,27.379,27.047,19162.0,0.0,1.0
2015-06-24,27.29,27.3101,27.0351,27.063,26.7348,22262.0,0.0,1.0
2015-06-25,27.09,27.13,26.9,26.95,26.6232,24015.0,0.0,1.0
2015-06-26,27.05,27.05,26.8199,26.89,26.5639,10062.0,0.0,1.0
2015-06-29,26.6,26.63,26.19,26.2,25.8823,43349.0,0.0,1.0
2015-06-30,26.42,26.4454,26.284,26.34,26.0206,35855.0,0.0,1.0
2015-07-01,26.56,26.6699,26.3602,26.45,26.1293,60164.0,0.0,1.0
2015-07-02,26.43,26.5,26.35,26.45,26.1293,78487.0,0.0,1.0
2015-07-06,26.24,26.41,26.05,26.25,25.9317,47675.0,0.0,1.0
2015-07-07,26.25,26.3202,25.75,26.3202,26.0011,48612.0,0.0,1.0
2015-07-08,26.1,26.1,25.71,25.77,25.4575,26327.0,0.0,1.0
2015-07-09,26.0,26.08,25.83,25.83,25.5168,68848.0,0.0,1.0
2015-07-10,26.16,26.2601,26.11,26.22,25.9021,74585.0,0.0,1.0
2015-07-13,26.43,26.5237,26.41,26.515,26.1935,37694.0,0.0,1.0
2015-07-14,26.49,26.68,26.49,26.63,26.3071,41389.0,0.0,1.0
2015-07-15,26.68,26.68,26.39,26.41,26.0898,48026.0,0.0,1.0
2015-07-16,26.57,26.6302,26.55,26.59,26.2676,42108.0,0.0,1.0
2015-07-17,26.65,26.65,26.46,26.52,26.1984,22886.0,0.0,1.0
2015-07-20,26.59,26.7099,26.58,26.64,26.317,30205.0,0.0,1.0
2015-07-21,26.65,26.6901,26.525,26.5645,26.2424,31991.0,0.0,1.0
2015-07-22,26.43,26.55,26.43,26.51,26.1886,32774.0,0.0,1.0
2015-07-23,26.57,26.74,26.44,26.47,26.149,800124.0,0.0,1.0
2015-07-24,26.56,26.56,26.18,26.2,25.8823,193877.0,0.0,1.0
2015-07-27,26.08,26.08,25.8701,25.96,25.6452,58517.0,0.0,1.0
2015-07-28,26.07,26.31,25.9,26.3,25.9811,93958.0,0.0,1.0
2015-07-29,26.26,26.545,26.2001,26.53,26.2083,34050.0,0.0,1.0
2015-07-30,26.5,26.637,26.36,26.59,26.2676,35927.0,0.0,1.0
2015-07-31,26.61,26.7399,26.57,26.65,26.3269,57239.0,0.0,1.0
2015-08-03,26.63,26.63,26.32,26.48,26.1589,35146.0,0.0,1.0
2015-08-04,26.48,26.55,26.43,26.4958,26.1745,13835.0,0.0,1.0
2015-08-05,26.68,26.7618,26.51,26.5101,26.1886,19520.0,0.0,1.0
2015-08-06,26.51,26.51,26.1101,26.22,25.9021,61636.0,0.0,1.0
2015-08-07,26.2,26.2,26.0,26.1785,25.8611,41333.0,0.0,1.0
2015-08-10,26.3,26.56,26.3,26.54,26.2182,41343.0,0.0,1.0
2015-08-11,26.3,26.3218,26.05,26.14,25.823,24753.0,0.0,1.0
2015-08-12,25.98,26.112,25.62,26.07,25.7539,84266.0,0.0,1.0
2015-08-13,26.05,26.16,25.9999,26.02,25.7045,147769.0,0.0,1.0
2015-08-14,25.99,26.18,25.99,26.1401,25.8231,110365.0,0.0,1.0
2015-08-17,26.08,26.36,25.99,26.36,26.0404,104717.0,0.0,1.0
2015-08-18,26.31,26.34,26.18,26.19,25.8724,48757.0,0.0,1.0
2015-08-19,26.08,26.1264,25.79,25.9956,25.6804,22195.0,0.0,1.0
2015-08-20,25.75,25.76,25.19,25.21,24.9043,54751.0,0.0,1.0
2015-08-21,24.93,25.06,24.54,24.566,24.2681,247820.0,0.0,1.0
2015-08-24,23.36,24.4,12.6,23.63,23.3435,290861.0,0.0,1.0
2015-08-25,24.1,24.45,23.32,23.32,23.0372,64620.0,0.0,1.0
2015-08-26,23.7,24.2208,23.39,24.17,23.8769,63170.0,0.0,1.0
2015-08-27,24.51,25.0,24.5,24.869,24.5674,50388.0,0.0,1.0
2015-08-28,24.84,25.0932,24.78,25.01,24.7067,28124.0,0.0,1.0
2015-08-31,24.91,24.997,24.77,24.82,24.519,30299.0,0.0,1.0
2015-09-01,24.31,24.5599,23.9,24.05,23.7584,136593.0,0.0,1.0
2015-09-02,24.37,24.37,23.9926,24.34,24.0449,42625.0,0.0,1.0
2015-09-03,24.44,24.6563,24.4,24.49,24.193,19570.0,0.0,1.0
2015-09-04,24.04,24.25,24.03,24.17,23.8769,17212.0,0.0,1.0
2015-09-08,24.52,24.67,24.42,24.67,24.3709,26091.0,0.0,1.0
2015-09-09,24.86,24.91,24.5,24.5,24.2029,18524.0,0.0,1.0
2015-09-10,24.37,24.6101,24.3516,24.47,24.1733,40452.0,0.0,1.0
2015-09-11,24.39,24.47,24.3,24.47,24.1733,39119.0,0.0,1.0
2015-09-14,24.52,24.52,24.34,24.41,24.114,31908.0,0.0,1.0
2015-09-15,24.49,24.77,24.44,24.74,24.44,19631.0,0.0,1.0
2015-09-16,24.77,25.01,24.71,24.99,24.687,21487.0,0.0,1.0
2015-09-17,24.99,25.297,24.9214,24.93,24.6277,29884.0,0.0,1.0
2015-09-18,24.66,24.83,24.46,24.6699,24.3708,21353.0,0.0,1.0
2015-09-21,24.79,24.96,24.57,24.66,24.361,11308.0,0.0,1.0
2015-09-22,24.36,24.36,24.0,24.1301,23.8375,58750.0,0.0,1.0
2015-09-23,24.19,24.288,24.02,24.05,23.7584,36056.0,0.0,1.0
2015-09-24,23.86,23.88,23.52,23.88,23.5904,30817.0,0.0,1.0
2015-09-25,24.15,24.16,23.83,23.92,23.63,13037.0,0.0,1.0
2015-09-28,23.73,23.73,22.78,22.8,22.5235,23670.0,0.0,1.0
2015-09-29,22.85,22.9835,22.43,22.58,22.3062,110306.0,0.0,1.0
2015-09-30,22.9,23.24,22.84,23.24,22.9582,31000.0,0.0,1.0
2015-10-01,23.26,23.4125,23.0796,23.395,23.1113,23251.0,0.0,1.0
2015-10-02,23.1,23.75,23.06,23.75,23.462,27152.0,0.0,1.0
2015-10-05,23.87,24.1499,23.87,24.1,23.8078,16624.0,0.0,1.0
2015-10-06,24.02,24.12,23.8099,23.89,23.6003,30225.0,0.0,1.0
2015-10-07,24.02,24.15,23.7896,24.0899,23.7978,13588.0,0.0,1.0
2015-10-08,24.08,24.33,23.991,24.2401,23.9462,15535.0,0.0,1.0
2015-10-09,24.35,24.39,24.25,24.35,24.0547,13763.0,0.0,1.0
2015-10-12,24.4,24.4,24.21,24.23,23.9362,12393.0,0.0,1.0
2015-10-13,24.14,24.281,24.01,24.01,23.7189,12413.0,0.0,1.0
2015-10-14,24.05,24.05,23.8192,23.8586,23.5693,10297.0,0.0,1.0
2015-10-15,23.89,24.1255,23.8,24.12,23.8275,29887.0,0.0,1.0
2015-10-16,24.19,24.25,24.12,24.23,23.9362,57785.0,0.0,1.0
2015-10-19,24.13,24.313,24.0501,24.28,23.9856,22189.0,0.0,1.0
2015-10-20,24.17,24.29,24.065,24.1185,23.826,17743.0,0.0,1.0
2015-10-21,24.15,24.15,23.5975,23.745,23.4571,38213.0,0.0,1.0
2015-10-22,23.78,23.92,23.65,23.81,23.5213,21280.0,0.0,1.0
2015-10-23,23.79,24.0,23.79,23.96,23.6695,59101.0,0.0,1.0
2015-10-26,23.9,24.0504,23.85,24.0,23.709,37907.0,0.0,1.0
2015-10-27,23.97,23.97,23.7505,23.81,23.5213,44934.0,0.0,1.0
2015-10-28,23.8,24.1345,23.66,24.13,23.8374,45389.0,0.0,1.0
2015-10-29,24.04,24.18,24.04,24.07,23.7781,15682.0,0.0,1.0
2015-10-30,24.06,24.0999,24.0128,24.0201,23.7288,9951.0,0.0,1.0
2015-11-02,24.05,24.28,23.96,24.26,23.9658,35149.0,0.0,1.0
2015-11-03,24.21,24.4244,24.15,24.34,24.0449,68673.0,0.0,1.0
2015-11-04,24.4,24.4,24.11,24.14,23.8473,29317.0,0.0,1.0
2015-11-05,24.2,24.23,23.98,24.14,23.8473,18922.0,0.0,1.0
2015-11-06,24.12,24.2634,23.99,24.23,23.9362,43965.0,0.0,1.0
2015-11-09,24.15,24.17,23.85,23.99,23.6991,87897.0,0.0,1.0
2015-11-10,23.94,24.1325,23.88,24.1,23.8078,14267.0,0.0,1.0
2015-11-11,24.1,24.1,23.9,23.9,23.6102,48704.0,0.0,1.0
2015-11-12,23.77,23.82,23.49,23.49,23.2052,55937.0,0.0,1.0
2015-11-13,23.47,23.5319,23.27,23.3,23.0175,50941.0,0.0,1.0
2015-11-16,23.25,23.5564,23.22,23.55,23.2644,40493.0,0.0,1.0
2015-11-17,23.59,23.72,23.431,23.48,23.1953,56691.0,0.0,1.0
2015-11-18,23.57,23.9432,23.57,23.94,23.6497,34212.0,0.0,1.0
2015-11-19,23.9,23.9806,23.87,23.96,23.6695,73622.0,0.0,1.0
2015-11-20,24.02,24.16,24.02,24.09,23.7979,20919.0,0.0,1.0
2015-11-23,24.13,24.25,24.03,24.075,23.7831,188527.0,0.0,1.0
2015-11-24,23.9,24.14,23.8827,24.115,23.8226,11616.0,0.0,1.0
2015-11-25,24.13,24.21,24.08,24.17,23.8769,159772.0,0.0,1.0
2015-11-27,24.2,24.2099,24.1008,24.1514,23.8586,10179.0,0.0,1.0
2015-11-30,24.16,24.16,24.04,24.0564,23.7647,36228.0,0.0,1.0
2015-12-01,24.12,24.35,24.12,24.35,24.0547,33612.0,0.0,1.0
2015-12-02,24.33,24.3944,24.031,24.07,23.7781,18890.0,0.0,1.0
2015-12-03,24.1,24.12,23.57,23.62,23.3336,88661.0,0.0,1.0
2015-12-04,23.67,23.94,23.63,23.9066,23.6167,16935.0,0.0,1.0
2015-12-07,23.84,23.84,23.47,23.56,23.2743,33646.0,0.0,1.0
2015-12-08,23.34,23.602,23.2601,23.4835,23.1987,53818.0,0.0,1.0
2015-12-09,23.4,23.64,23.19,23.33,23.0471,22840.0,0.0,1.0
2015-12-10,23.34,23.56,23.32,23.42,23.136,23353.0,0.0,1.0
2015-12-11,23.19,23.19,22.8,22.84,22.5631,28099.0,0.0,1.0
2015-12-14,22.85,22.95,22.51,22.67,22.3951,34883.0,0.0,1.0
2015-12-15,22.93,23.2897,22.93,23.19,22.9088,19744.0,0.0,1.0
2015-12-16,23.33,23.6674,23.33,23.62,23.3336,22721.0,0.0,1.0
2015-12-17,23.84,23.84,23.35,23.35,23.0669,23932.0,0.0,1.0
2015-12-18,23.19,23.26,22.87,22.87,22.5927,25475.0,0.0,1.0
2015-12-21,23.11,23.1499,22.95,22.98,22.7014,50863.0,0.0,1.0
2015-12-22,23.18,23.3799,23.06,23.32,23.0372,25271.0,0.0,1.0
2015-12-23,23.46,23.71,23.45,23.71,23.4225,29400.0,0.0,1.0
2015-12-24,23.66,23.741,23.62,23.62,23.3336,14180.0,0.0,1.0
2015-12-28,23.45,23.45,23.27,23.39,23.1064,34952.0,0.0,1.0
2015-12-29,23.38,23.5669,23.37,23.55,23.3733,49734.0,0.1102,1.0
2015-12-30,23.49,23.4982,23.361,23.38,23.2046,39778.0,0.0,1.0
2015-12-31,23.3,23.41,23.22,23.22,23.0458,39853.0,0.0,1.0
2016-01-04,22.78,22.815,22.51,22.77,22.5992,16108.0,0.0,1.0
2016-01-05,22.87,22.88,22.65,22.71,22.5396,31817.0,0.0,1.0
2016-01-06,22.36,22.5043,22.1841,22.33,22.1625,59694.0,0.0,1.0
2016-01-07,21.93,22.0401,21.56,21.65,21.4876,86888.0,0.0,1.0
2016-01-08,21.78,21.78,21.15,21.1784,21.0195,22237.0,0.0,1.0
2016-01-11,21.23,21.3799,20.8595,21.11,20.9516,40999.0,0.0,1.0
2016-01-12,21.23,21.4678,21.0,21.27,21.1104,59013.0,0.0,1.0
2016-01-13,21.31,21.31,20.41,20.51,20.3561,19981.0,0.0,1.0
2016-01-14,20.58,20.9828,20.17,20.85,20.6936,29842.0,0.0,1.0
2016-01-15,20.42,20.42,20.0,20.32,20.1676,96119.0,0.0,1.0
2016-01-19,20.51,20.55,20.0,20.22,20.0683,61402.0,0.0,1.0
2016-01-20,19.87,20.22,19.25,20.04,19.8897,71636.0,0.0,1.0
2016-01-21,20.07,20.365,19.92,20.16,20.0088,26260.0,0.0,1.0
2016-01-22,20.4,20.66,20.4,20.5935,20.439,21750.0,0.0,1.0
2016-01-25,20.53,20.5625,20.23,20.2453,20.0934,72662.0,0.0,1.0
2016-01-26,20.35,20.68,20.29,20.6,20.4454,25428.0,0.0,1.0
2016-01-27,20.5,20.6133,20.22,20.24,20.0882,19802.0,0.0,1.0
2016-01-28,20.37,20.5311,20.1,20.22,20.0683,56757.0,0.0,1.0
2016-01-29,20.23,20.674,20.23,20.65,20.4951,63926.0,0.0,1.0
2016-02-01,20.49,20.802,20.43,20.71,20.5546,28471.0,0.0,1.0
2016-02-02,20.47,20.47,20.11,20.1256,19.9746,12565.0,0.0,1.0
2016-02-03,20.17,20.2899,19.79,20.24,20.0882,29662.0,0.0,1.0
2016-02-04,20.15,20.67,20.15,20.4842,20.3305,12159.0,0.0,1.0
2016-02-05,20.34,20.3868,19.95,19.9601,19.8104,19940.0,0.0,1.0
2016-02-08,19.66,19.66,19.015,19.31,19.1651,40574.0,0.0,1.0
2016-02-09,19.02,19.38,18.98,19.22,19.0758,38580.0,0.0,1.0
2016-02-10,19.34,19.56,19.29,19.35,19.2048,26449.0,0.0,1.0
2016-02-11,18.95,19.1,18.741,18.95,18.8078,166405.0,0.0,1.0
2016-02-12,19.19,19.42,19.0689,19.42,19.2743,46559.0,0.0,1.0
2016-02-16,19.58,20.0,19.58,20.0,19.85,31659.0,0.0,1.0
2016-02-17,20.05,20.5652,20.05,20.51,20.3561,19689.0,0.0,1.0
2016-02-18,20.54,20.54,20.31,20.4,20.2469,34706.0,0.0,1.0
2016-02-19,20.26,20.2876,20.13,20.2846,20.1324,8096.0,0.0,1.0
2016-02-22,20.44,20.645,20.44,20.63,20.4752,57475.0,0.0,1.0
2016-02-23,20.59,20.6901,20.44,20.44,20.2866,17200.0,0.0,1.0
2016-02-24,20.16,20.6272,20.07,20.6272,20.4724,9667.0,0.0,1.0
2016-02-25,20.66,20.91,20.65,20.91,20.7531,74571.0,0.0,1.0
2016-02-26,21.0,21.1843,21.0,21.1,20.9417,209817.0,0.0,1.0
2016-02-29,21.01,21.12,20.89,20.89,20.7333,15640.0,0.0,1.0
2016-03-01,21.02,21.31,20.93,21.2201,21.0609,35718.0,0.0,1.0
2016-03-02,21.27,21.4611,21.27,21.4611,21.3001,17847.0,0.0,1.0
2016-03-03,21.46,21.6,21.42,21.6,21.4379,38315.0,0.0,1.0
2016-03-04,21.67,21.88,21.67,21.72,21.557,22846.0,0.0,1.0
2016-03-07,21.61,21.855,21.61,21.74,21.5769,17084.0,0.0,1.0
2016-03-08,21.58,21.62,21.333,21.35,21.1898,32926.0,0.0,1.0
2016-03-09,21.45,21.45,21.28,21.37,21.2097,42882.0,0.0,1.0
2016-03-10,21.45,21.5401,21.1315,21.3001,21.1403,14683.0,0.0,1.0
2016-03-11,21.45,21.775,21.45,21.76,21.5967,11708.0,0.0,1.0
2016-03-14,21.75,21.84,21.72,21.775,21.6116,11789.0,0.0,1.0
2016-03-15,21.59,21.59,21.32,21.3501,21.1899,15788.0,0.0,1.0
2016-03-16,21.32,21.53,21.32,21.52,21.3585,16479.0,0.0,1.0
2016-03-17,21.5,21.7304,21.46,21.68,21.5173,36182.0,0.0,1.0
2016-03-18,21.72,21.87,21.72,21.82,21.6563,73200.0,0.0,1.0
2016-03-21,21.78,21.9,21.78,21.875,21.7109,12486.0,0.0,1.0
2016-03-22,21.83,21.97,21.7899,21.9,21.7357,8906.0,0.0,1.0
2016-03-23,21.88,21.88,21.73,21.73,21.567,6765.0,0.0,1.0
2016-03-24,21.54,21.78,21.54,21.75,21.5868,11306.0,0.0,1.0
2016-03-28,21.76,21.84,21.64,21.7,21.5372,9270.0,0.0,1.0
2016-03-29,21.61,21.97,21.61,21.96,21.7952,54469.0,0.0,1.0
2016-03-30,22.01,22.1101,21.97,22.0,21.8349,15188.0,0.0,1.0
2016-03-31,22.0,22.12,22.0,22.0301,21.8648,16825.0,0.0,1.0
2016-04-01,21.92,22.155,21.77,22.155,21.9888,51405.0,0.0,1.0
2016-04-04,22.14,22.1871,22.03,22.03,21.8647,13783.0,0.0,1.0
2016-04-05,21.87,21.87,21.73,21.75,21.5868,14881.0,0.0,1.0
2016-04-06,21.71,22.0746,21.71,22.07,21.9044,22494.0,0.0,1.0
2016-04-07,21.97,21.97,21.6901,21.79,21.6265,7714.0,0.0,1.0
2016-04-08,21.9001,21.97,21.8,21.81,21.6464,6694.0,0.0,1.0
2016-04-11,21.89,22.0299,21.83,21.83,21.6662,10322.0,0.0,1.0
2016-04-12,21.8523,21.9801,21.8523,21.97,21.8052,7804.0,0.0,1.0
2016-04-13,22.03,22.3026,22.03,22.295,22.1277,18062.0,0.0,1.0
2016-04-14,22.2752,22.33,22.26,22.26,22.093,10198.0,0.0,1.0
2016-04-15,22.18,22.254,22.18,22.22,22.0533,76739.0,0.0,1.0
2016-04-18,22.14,22.28,22.1399,22.28,22.1128,9837.0,0.0,1.0
2016-04-19,22.26,22.37,22.19,22.2988,22.1315,42671.0,0.0,1.0
2016-04-20,22.29,22.525,22.29,22.45,22.2816,55237.0,0.0,1.0
2016-04-21,22.46,22.5,22.29,22.32,22.1525,1711629.0,0.0,1.0
2016-04-22,22.405,22.42,22.285,22.4025,22.2344,32235.0,0.0,1.0
2016-04-25,22.35,22.35,22.22,22.281,22.1138,23130.0,0.0,1.0
2016-04-26,22.35,22.4312,22.32,22.41,22.2419,33375.0,0.0,1.0
2016-04-27,22.428,22.53,22.37,22.53,22.361,13329.0,0.0,1.0
2016-04-28,22.4632,22.51,22.2,22.2,22.0334,25073.0,0.0,1.0
2016-04-29,22.18,22.252,22.025,22.13,21.964,6935.0,0.0,1.0
2016-05-02,22.18,22.23,22.1,22.2,22.0334,27578.0,0.0,1.0
2016-05-03,21.87,21.9981,21.8242,21.91,21.7456,37385.0,0.0,1.0
2016-05-04,21.8,21.911,21.7,21.78,21.6166,12281.0,0.0,1.0
2016-05-05,21.81,21.8611,21.74,21.75,21.5868,18840.0,0.0,1.0
2016-05-06,21.665,21.75,21.59,21.73,21.567,23541.0,0.0,1.0
2016-05-09,21.7,21.8799,21.7,21.82,21.6563,9941.0,0.0,1.0
2016-05-10,21.81,22.07,21.81,22.07,21.9044,28283.0,0.0,1.0
2016-05-11,21.925,21.95,21.83,21.8359,21.6721,12837.0,0.0,1.0
2016-05-12,21.8609,21.8609,21.61,21.72,21.557,12471.0,0.0,1.0
2016-05-13,21.59,21.75,21.51,21.56,21.3982,8036.0,0.0,1.0
2016-05-16,21.5,21.84,21.5,21.8,21.6364,17340.0,0.0,1.0
2016-05-17,21.71,21.9,21.647,21.71,21.5471,9516.0,0.0,1.0
2016-05-18,21.61,21.8499,21.61,21.7,21.5372,13698.0,0.0,1.0
2016-05-19,21.531,21.6,21.44,21.6,21.4379,11773.0,0.0,1.0
2016-05-20,21.61,21.83,21.61,21.78,21.6166,43946.0,0.0,1.0
2016-05-23,21.73,21.88,21.73,21.76,21.5967,28838.0,0.0,1.0
2016-05-24,21.92,22.107,21.9,22.08,21.9143,11141.0,0.0,1.0
2016-05-25,22.16,22.34,22.16,22.29,22.1228,12017.0,0.0,1.0
2016-05-26,22.34,22.4999,22.26,22.32,22.1525,32805.0,0.0,1.0
2016-05-27,22.28,22.47,22.28,22.47,22.3014,36051.0,0.0,1.0
2016-05-31,22.43,22.5899,22.37,22.43,22.2617,69809.0,0.0,1.0
2016-06-01,22.25,22.5,22.25,22.45,22.2816,20010.0,0.0,1.0
2016-06-02,22.37,22.63,22.37,22.6,22.4304,159194.0,0.0,1.0
2016-06-03,22.53,22.59,22.38,22.5,22.3312,11009.0,0.0,1.0
2016-06-06,22.51,22.7201,22.51,22.7,22.5297,9704.0,0.0,1.0
2016-06-07,22.7299,22.78,22.6901,22.731,22.5605,26327.0,0.0,1.0
2016-06-08,22.7,22.7685,22.67,22.75,22.5793,15791.0,0.0,1.0
2016-06-09,22.61,22.7699,22.61,22.7005,22.5302,11552.0,0.0,1.0
2016-06-10,22.4,22.4133,22.25,22.29,22.1228,4591.0,0.0,1.0
2016-06-13,22.21,22.3099,22.11,22.11,21.9441,2692.0,0.0,1.0
2016-06-14,22.0,22.0948,21.9,22.02,21.8548,16286.0,0.0,1.0
2016-06-15,22.03,22.21,22.03,22.09,21.9243,28688.0,0.0,1.0
2016-06-16,21.93,22.11,21.78,22.1044,21.9386,35507.0,0.0,1.0
2016-06-17,22.05,22.06,22.0356,22.0356,21.8703,4030.0,0.0,1.0
2016-06-20,22.22,22.35,22.15,22.15,21.9838,11055.0,0.0,1.0
2016-06-21,22.22,22.23,22.07,22.18,22.0136,76608.0,0.0,1.0
2016-06-22,22.1657,22.29,22.15,22.18,22.0136,106992.0,0.0,1.0
2016-06-23,22.29,22.45,22.2588,22.44,22.2716,33522.0,0.0,1.0
2016-06-24,21.57,21.95,21.54,21.57,21.4082,33567.0,0.0,1.0
2016-06-27,21.42,21.5699,20.86,20.96,20.8027,96379.0,0.0,1.0
2016-06-28,21.13,21.47,21.13,21.47,21.3089,37346.0,0.0,1.0
2016-06-29,21.65,22.02,21.65,21.96,21.7952,19392.0,0.0,1.0
2016-06-30,22.01,22.18,21.8701,22.18,22.0136,10339.0,0.0,1.0
2016-07-01,22.3207,22.3834,22.2,22.27,22.1029,17811.0,0.0,1.0
2016-07-05,22.13,22.13,21.91,22.02,21.8548,39180.0,0.0,1.0
2016-07-06,21.89,22.15,21.89,22.15,21.9838,15513.0,0.0,1.0
2016-07-07,22.17,22.3,22.09,22.19,22.0235,16916.0,0.0,1.0
2016-07-08,22.25,22.6,22.25,22.54,22.3709,16912.0,0.0,1.0
2016-07-11,22.58,22.75,22.58,22.6701,22.5,6534.0,0.0,1.0
2016-07-12,22.74,22.91,22.74,22.84,22.6686,53176.0,0.0,1.0
2016-07-13,22.87,22.92,22.7401,22.81,22.6389,23631.0,0.0,1.0
2016-07-14,22.91,22.9599,22.8501,22.9,22.7282,10786.0,0.0,1.0
2016-07-15,22.93,22.9399,22.88,22.92,22.748,7993.0,0.0,1.0
2016-07-18,22.88,23.0,22.8787,22.99,22.8175,14110.0,0.0,1.0
2016-07-19,22.88,22.88,22.74,22.8,22.6289,57116.0,0.0,1.0
2016-07-20,22.85,23.05,22.8101,23.03,22.8572,23888.0,0.0,1.0
2016-07-21,22.95,23.03,22.9122,23.01,22.8374,8806.0,0.0,1.0
2016-07-22,22.95,23.1198,22.95,23.1,22.9267,9142.0,0.0,1.0
2016-07-25,23.08,23.08,22.98,23.05,22.8771,20251.0,0.0,1.0
2016-07-26,23.02,23.155,22.9901,23.06,22.887,8786.0,0.0,1.0
2016-07-27,23.05,23.12,23.01,23.1,22.9267,13512.0,0.0,1.0
2016-07-28,23.07,23.14,23.03,23.14,22.9664,5276.0,0.0,1.0
2016-07-29,23.12,23.12,23.0,23.07,22.8969,13247.0,0.0,1.0
2016-08-01,23.05,23.09,22.915,22.98,22.8076,209358.0,0.0,1.0
2016-08-02,22.91,22.92,22.729,22.81,22.6389,4705.0,0.0,1.0
2016-08-03,22.9,23.08,22.9,23.08,22.9068,14967.0,0.0,1.0
2016-08-04,23.03,23.14,23.021,23.11,22.9366,7006.0,0.0,1.0
2016-08-05,23.25,23.43,23.25,23.43,23.2542,11790.0,0.0,1.0
2016-08-08,23.41,23.54,23.395,23.42,23.2443,36187.0,0.0,1.0
2016-08-09,23.38,23.54,23.38,23.52,23.3435,9041.0,0.0,1.0
2016-08-10,23.37,23.4204,23.3,23.32,23.145,11359.0,0.0,1.0
2016-08-11,23.34,23.494,23.34,23.45,23.2741,7116.0,0.0,1.0
2016-08-12,23.4659,23.544,23.46,23.544,23.3674,7216.0,0.0,1.0
2016-08-15,23.56,23.66,23.56,23.64,23.4626,8798.0,0.0,1.0
2016-08-16,23.46,23.53,23.46,23.48,23.3038,20271.0,0.0,1.0
2016-08-17,23.408,23.4604,23.3501,23.4604,23.2844,11922.0,0.0,1.0
2016-08-18,23.42,23.5804,23.42,23.56,23.3832,9565.0,0.0,1.0
2016-08-19,23.4708,23.5912,23.4708,23.55,23.3733,18818.0,0.0,1.0
2016-08-22,23.49,23.6173,23.49,23.54,23.3634,14140.0,0.0,1.0
2016-08-23,23.51,23.69,23.51,23.68,23.5023,25799.0,0.0,1.0
2016-08-24,23.61,23.68,23.34,23.34,23.1649,224970.0,0.0,1.0
2016-08-25,23.25,23.4399,23.22,23.33,23.155,220855.0,0.0,1.0
2016-08-26,23.4699,23.4699,23.26,23.31,23.1351,13302.0,0.0,1.0
2016-08-29,23.26,23.4819,23.26,23.44,23.2641,11591.0,0.0,1.0
2016-08-30,23.42,23.4599,23.41,23.44,23.2641,6136.0,0.0,1.0
2016-08-31,23.41,23.45,23.3,23.41,23.2344,30375.0,0.0,1.0
2016-09-01,23.43,23.48,23.3101,23.48,23.3038,5569.0,0.0,1.0
2016-09-02,23.6,23.65,23.6,23.6001,23.423,4913.0,0.0,1.0
2016-09-06,23.66,23.73,23.61,23.73,23.552,9901.0,0.0,1.0
2016-09-07,23.74,23.7999,23.7101,23.76,23.5817,9863.0,0.0,1.0
2016-09-08,23.73,23.7499,23.6301,23.66,23.4825,5574.0,0.0,1.0
2016-09-09,23.3199,23.3352,23.046,23.08,22.9068,4302.0,0.0,1.0
2016-09-12,22.83,23.35,22.83,23.3,23.1252,24401.0,0.0,1.0
2016-09-13,23.092,23.092,22.84,22.95,22.7778,5125.0,0.0,1.0
2016-09-14,22.89,23.1,22.8807,22.92,22.748,14935.0,0.0,1.0
2016-09-15,22.9,23.1899,22.86,23.1899,23.0159,11412.0,0.0,1.0
2016-09-16,23.0592,23.0592,22.96,23.04,22.8671,119626.0,0.0,1.0
2016-09-19,23.03,23.19,23.03,23.07,22.8969,57941.0,0.0,1.0
2016-09-20,23.09,23.14,22.98,23.01,22.8374,18555.0,0.0,1.0
2016-09-21,23.06,23.29,23.03,23.29,23.1153,11553.0,0.0,1.0
2016-09-22,23.33,23.5289,23.33,23.518,23.3416,15288.0,0.0,1.0
2016-09-23,23.41,23.47,23.33,23.36,23.1847,24837.0,0.0,1.0
2016-09-26,23.24,23.24,23.11,23.1598,22.986,10702.0,0.0,1.0
2016-09-27,23.06,23.28,23.04,23.28,23.1053,17160.0,0.0,1.0
2016-09-28,23.23,23.49,23.2065,23.49,23.3138,8891.0,0.0,1.0
2016-09-29,23.52,23.52,23.27,23.29,23.1153,5853.0,0.0,1.0
2016-09-30,23.31,23.5236,23.2866,23.4764,23.3003,9076.0,0.0,1.0
2016-10-03,23.31,23.4061,23.3,23.38,23.2046,18047.0,0.0,1.0
2016-10-04,23.3,23.465,23.23,23.3,23.1252,43549.0,0.0,1.0
2016-10-05,23.39,23.51,23.39,23.48,23.3038,18424.0,0.0,1.0
2016-10-06,23.3894,23.46,23.3201,23.46,23.284,18751.0,0.0,1.0
2016-10-07,23.44,23.44,23.3597,23.37,23.1947,2943.0,0.0,1.0
2016-10-10,23.41,23.5723,23.41,23.5111,23.3347,24728.0,0.0,1.0
2016-10-11,23.39,23.42,23.0685,23.0685,22.8954,39107.0,0.0,1.0
2016-10-12,23.1554,23.1554,23.1,23.12,22.9465,4696.0,0.0,1.0
2016-10-13,22.87,23.0399,22.8,22.98,22.8076,24128.0,0.0,1.0
2016-10-14,23.05,23.2048,22.9768,22.9779,22.8055,7856.0,0.0,1.0
2016-10-17,22.92,22.93,22.87,22.9,22.7282,5109.0,0.0,1.0
2016-10-18,23.16,23.29,23.16,23.26,23.0855,13083.0,0.0,1.0
2016-10-19,23.26,23.44,23.24,23.43,23.2542,31028.0,0.0,1.0
2016-10-20,23.36,23.43,23.2936,23.4099,23.2343,10512.0,0.0,1.0
2016-10-21,23.1201,23.5199,23.1201,23.4797,23.3035,6111.0,0.0,1.0
2016-10-24,23.57,23.6999,23.57,23.65,23.4726,3250.0,0.0,1.0
2016-10-25,23.61,23.61,23.462,23.47,23.2939,9510.0,0.0,1.0
2016-10-26,23.3,23.32,23.19,23.24,23.0656,32014.0,0.0,1.0
2016-10-27,23.3334,23.3334,23.16,23.17,22.9962,3737.0,0.0,1.0
2016-10-28,23.3099,23.33,23.13,23.18,23.0061,5541.0,0.0,1.0
2016-10-31,23.17,23.2299,23.12,23.12,22.9465,6773.0,0.0,1.0
2016-11-01,23.21,23.2101,22.85,22.965,22.7927,10076.0,0.0,1.0
2016-11-02,22.92,22.92,22.69,22.69,22.5198,8663.0,0.0,1.0
2016-11-03,22.66,22.66,22.3808,22.41,22.2419,8079.0,0.0,1.0
2016-11-04,22.3901,22.62,22.3901,22.49,22.3213,5014.0,0.0,1.0
2016-11-07,22.81,23.03,22.81,23.03,22.8572,27124.0,0.0,1.0
2016-11-08,23.02,23.2,22.9869,23.13,22.9565,6939.0,0.0,1.0
2016-11-09,22.87,23.3999,22.87,23.3999,23.2243,7443.0,0.0,1.0
2016-11-10,23.46,23.6199,23.135,23.3399,23.1648,8106.0,0.0,1.0
2016-11-11,23.18,23.3295,23.18,23.31,23.1351,6104.0,0.0,1.0
2016-11-14,23.3,23.4034,23.2535,23.3999,23.2243,16403.0,0.0,1.0
2016-11-15,23.41,23.5852,23.41,23.5852,23.4083,5637.0,0.0,1.0
2016-11-16,23.5583,23.61,23.4939,23.58,23.4031,8335.0,0.0,1.0
2016-11-17,23.63,23.81,23.63,23.79,23.6115,13473.0,0.0,1.0
2016-11-18,23.8999,23.8999,23.7322,23.75,23.5718,5115.0,0.0,1.0
2016-11-21,23.83,23.9493,23.8208,23.94,23.7604,7296.0,0.0,1.0
2016-11-22,23.91,23.9299,23.809,23.91,23.7306,12581.0,0.0,1.0
2016-11-23,23.82,23.95,23.7701,23.95,23.7703,3588.0,0.0,1.0
2016-11-25,23.9999,24.0,23.9333,23.99,23.81,1171.0,0.0,1.0
2016-11-28,23.93,23.9899,23.8033,23.8033,23.6247,5770.0,0.0,1.0
2016-11-29,23.7,23.84,23.7,23.8399,23.661,25136.0,0.0,1.0
2016-11-30,23.8958,23.8958,23.701,23.72,23.542,7837.0,0.0,1.0
2016-12-01,23.71,23.7799,23.45,23.45,23.2741,4147.0,0.0,1.0
2016-12-02,23.42,23.6,23.42,23.55,23.3733,18487.0,0.0,1.0
2016-12-05,23.7999,23.8,23.7201,23.7899,23.6114,11109.0,0.0,1.0
2016-12-06,23.8299,23.96,23.77,23.96,23.7802,4807.0,0.0,1.0
2016-12-07,23.91,24.2999,23.91,24.2999,24.1176,23832.0,0.0,1.0
2016-12-08,24.26,24.3424,24.1208,24.3,24.1177,6641.0,0.0,1.0
2016-12-09,24.33,24.4015,24.29,24.35,24.1673,26814.0,0.0,1.0
2016-12-12,24.33,24.4499,24.1852,24.21,24.0284,10833.0,0.0,1.0
2016-12-13,24.4,24.4799,24.3,24.39,24.207,7597.0,0.0,1.0
2016-12-14,24.31,24.4,24.1963,24.1963,24.0148,8309.0,0.0,1.0
2016-12-15,24.15,24.4,24.15,24.28,24.0978,7063.0,0.0,1.0
2016-12-16,24.28,24.3884,24.275,24.3299,24.1474,2593.0,0.0,1.0
2016-12-19,24.24,24.3856,24.24,24.34,24.1574,6197.0,0.0,1.0
2016-12-20,24.37,24.4568,24.3,24.39,24.207,15930.0,0.0,1.0
2016-12-21,24.3,24.4499,24.3,24.4199,24.2367,4293.0,0.0,1.0
2016-12-22,24.27,24.3155,24.182,24.28,24.0978,7480.0,0.0,1.0
2016-12-23,24.24,24.41,24.24,24.38,24.1971,13422.0,0.0,1.0
2016-12-27,24.37,24.5799,24.37,24.48,24.2963,10681.0,0.0,1.0
2016-12-28,24.44,24.44,24.21,24.22,24.0911,11131.0,0.0532,1.0
2016-12-29,24.17,24.29,24.12,24.1401,24.0116,9761.0,0.0,1.0
2016-12-30,24.23,24.23,23.99,24.03,23.9021,18592.0,0.0,1.0
2017-01-03,24.13,24.37,24.1,24.21,24.0811,6862.0,0.0,1.0
2017-01-04,24.21,24.5496,24.21,24.52,24.3895,15029.0,0.0,1.0
2017-01-05,24.43,24.5799,24.42,24.55,24.4193,10355.0,0.0,1.0
2017-01-06,24.57,24.71,24.51,24.64,24.5089,4882.0,0.0,1.0
2017-01-09,24.55,24.64,24.5487,24.59,24.4591,8167.0,0.0,1.0
2017-01-10,24.59,24.67,24.52,24.59,24.4591,31194.0,0.0,1.0
2017-01-11,24.54,24.64,24.53,24.63,24.4989,4897.0,0.0,1.0
2017-01-12,24.5,24.5299,24.32,24.52,24.3895,12924.0,0.0,1.0
2017-01-13,24.6899,24.6999,24.62,24.63,24.4989,4726.0,0.0,1.0
2017-01-17,24.48,24.5974,24.4743,24.539,24.4084,17488.0,0.0,1.0
2017-01-18,24.47,24.59,24.4501,24.59,24.4591,8574.0,0.0,1.0
2017-01-19,24.58,24.676,24.48,24.51,24.3796,10140.0,0.0,1.0
2017-01-20,24.5,24.6599,24.5,24.59,24.4591,4773.0,0.0,1.0
2017-01-23,24.49,24.6099,24.4273,24.56,24.4293,4252.0,0.0,1.0
2017-01-24,24.54,24.8299,24.54,24.79,24.6581,7601.0,0.0,1.0
2017-01-25,24.86,25.1099,24.86,25.0301,24.8969,10424.0,0.0,1.0
2017-01-26,25.05,25.1464,25.05,25.09,24.9565,2688.0,0.0,1.0
2017-01-27,25.0199,25.0199,24.9631,24.9798,24.8469,3718.0,0.0,1.0
2017-01-30,24.87,24.87,24.6198,24.78,24.6481,10637.0,0.0,1.0
2017-01-31,24.7599,24.8999,24.74,24.8759,24.7435,4815.0,0.0,1.0
2017-02-01,25.0,25.0099,24.8,24.9399,24.8072,28533.0,0.0,1.0
2017-02-02,24.92,24.99,24.9,24.9799,24.8469,7921.0,0.0,1.0
2017-02-03,25.0999,25.1699,25.0501,25.1699,25.0359,9719.0,0.0,1.0
2017-02-06,25.04,25.0999,24.99,25.08,24.9465,31563.0,0.0,1.0
2017-02-07,25.09,25.1599,24.971,25.08,24.9465,14289.0,0.0,1.0
2017-02-08,24.9799,25.1599,24.9747,25.0901,24.9566,5748.0,0.0,1.0
2017-02-09,25.21,25.39,25.21,25.35,25.2151,6886.0,0.0,1.0
2017-02-10,25.383,25.44,25.3646,25.4199,25.2846,2454.0,0.0,1.0
2017-02-13,25.48,25.5442,25.3501,25.5,25.3643,8285.0,0.0,1.0
2017-02-14,25.46,25.62,25.4401,25.62,25.4836,10120.0,0.0,1.0
2017-02-15,25.6,25.6999,25.4901,25.6999,25.5631,4487.0,0.0,1.0
2017-02-16,25.63,25.68,25.5,25.6099,25.4736,20174.0,0.0,1.0
2017-02-17,25.47,25.7,25.47,25.7,25.5632,6399.0,0.0,1.0
2017-02-21,25.74,25.9599,25.74,25.8801,25.7424,6281.0,0.0,1.0
2017-02-22,25.91,25.919,25.7701,25.82,25.6826,9608.0,0.0,1.0
2017-02-23,25.85,25.8599,25.6971,25.72,25.5831,9102.0,0.0,1.0
2017-02-24,25.7199,25.81,25.6001,25.81,25.6726,4906.0,0.0,1.0
2017-02-27,25.8299,25.9099,25.7501,25.9099,25.772,15509.0,0.0,1.0
2017-02-28,25.89,25.89,25.7001,25.75,25.613,5239.0,0.0,1.0
2017-03-01,25.98,26.21,25.98,26.17,26.0307,27060.0,0.0,1.0
2017-03-02,26.15,26.15,25.97,26.0,25.8616,6040.0,0.0,1.0
2017-03-03,25.996,26.04,25.9,25.998,25.8596,12600.0,0.0,1.0
2017-03-06,25.95,25.95,25.81,25.943,25.8049,6282.0,0.0,1.0
2017-03-07,25.87,25.87,25.7398,25.7398,25.6028,4473.0,0.0,1.0
2017-03-08,25.82,25.8399,25.6228,25.6228,25.4864,4088.0,0.0,1.0
2017-03-09,25.69,25.724,25.4901,25.6488,25.5123,8006.0,0.0,1.0
2017-03-10,25.7608,25.7866,25.62,25.71,25.5732,10891.0,0.0,1.0
2017-03-13,25.76,25.8699,25.7301,25.86,25.7224,4156.0,0.0,1.0
2017-03-14,25.8,25.8,25.6001,25.6928,25.5561,6563.0,0.0,1.0
2017-03-15,25.8072,26.028,25.7401,25.9896,25.8513,2070.0,0.0,1.0
2017-03-16,26.0456,26.0456,25.91,25.9538,25.8157,3256.0,0.0,1.0
2017-03-17,26.0099,26.0099,25.88,25.8901,25.7523,6937.0,0.0,1.0
2017-03-20,25.83,25.8899,25.78,25.83,25.6925,4539.0,0.0,1.0
2017-03-21,25.88,25.935,25.3601,25.3601,25.2251,12247.0,0.0,1.0
2017-03-22,25.32,25.49,25.32,25.4707,25.3351,4402.0,0.0,1.0
2017-03-23,25.38,25.62,25.38,25.4871,25.3515,11933.0,0.0,1.0
2017-03-24,25.58,25.6,25.43,25.4996,25.3639,3211.0,0.0,1.0
2017-03-27,25.2,25.5288,25.1503,25.46,25.3245,4981.0,0.0,1.0
2017-03-28,25.42,25.7476,25.42,25.712,25.5752,4068.0,0.0,1.0
2017-03-29,25.57,25.832,25.57,25.77,25.6328,12973.0,0.0,1.0
2017-03-30,25.71,25.8799,25.71,25.8212,25.6838,4092.0,0.0,1.0
2017-03-31,25.71,25.8513,25.71,25.77,25.6328,6362.0,0.0,1.0
2017-04-03,25.81,25.88,25.5301,25.69,25.5533,17307.0,0.0,1.0
2017-04-04,25.7099,25.7099,25.59,25.6028,25.4665,11834.0,0.0,1.0
2017-04-05,25.7,25.84,25.51,25.51,25.3742,5654.0,0.0,1.0
2017-04-06,25.48,25.67,25.48,25.66,25.5234,4356.0,0.0,1.0
2017-04-07,25.6472,25.7204,25.61,25.7204,25.5835,2704.0,0.0,1.0
2017-04-10,25.68,25.87,25.68,25.8,25.6627,8965.0,0.0,1.0
2017-04-11,25.69,25.798,25.64,25.798,25.6607,7598.0,0.0,1.0
2017-04-12,25.79,25.8572,25.68,25.68,25.5433,5719.0,0.0,1.0
2017-04-13,25.6,25.7,25.51,25.51,25.3742,5814.0,0.0,1.0
2017-04-17,25.51,25.6957,25.4944,25.6284,25.492,4524.0,0.0,1.0
2017-04-18,25.62,25.7299,25.55,25.7299,25.593,10353.0,0.0,1.0
2017-04-19,25.83,25.86,25.6901,25.6901,25.5534,2122.0,0.0,1.0
2017-04-20,25.8699,26.01,25.82,25.97,25.8318,10673.0,0.0,1.0
2017-04-21,26.01,26.01,25.8301,25.9,25.7622,4884.0,0.0,1.0
2017-04-24,26.18,26.2099,26.1001,26.19,26.0506,12119.0,0.0,1.0
2017-04-25,26.3,26.4239,26.3,26.38,26.2396,10076.0,0.0,1.0
2017-04-26,26.3,26.42,26.2901,26.34,26.1998,7682.0,0.0,1.0
2017-04-27,26.37,26.48,26.35,26.48,26.3391,8135.0,0.0,1.0
2017-04-28,26.43,26.476,26.3101,26.372,26.2316,2291.0,0.0,1.0
2017-05-01,26.37,26.5176,26.3508,26.49,26.349,33662.0,0.0,1.0
2017-05-02,26.44,26.48,26.3801,26.4101,26.2695,13996.0,0.0,1.0
2017-05-03,26.43,26.4556,26.1893,26.2255,26.0859,12617.0,0.0,1.0
2017-05-04,26.1791,26.2999,26.1791,26.2812,26.1413,2113.0,0.0,1.0
2017-05-05,26.34,26.54,26.34,26.54,26.3987,2354.0,0.0,1.0
2017-05-08,26.48,26.48,26.35,26.35,26.2098,9302.0,0.0,1.0
2017-05-09,26.51,26.5399,26.4444,26.5053,26.3642,8283.0,0.0,1.0
2017-05-10,26.5099,26.57,26.5,26.57,26.4286,7507.0,0.0,1.0
2017-05-11,26.48,26.55,26.38,26.55,26.4087,6168.0,0.0,1.0
2017-05-12,26.54,26.54,26.43,26.4538,26.313,5521.0,0.0,1.0
2017-05-15,26.41,26.66,26.41,26.65,26.5082,7780.0,0.0,1.0
2017-05-16,26.59,26.75,26.59,26.688,26.546,10668.0,0.0,1.0
2017-05-17,26.4,26.5256,26.18,26.18,26.0407,8778.0,0.0,1.0
2017-05-18,26.17,26.3641,26.1401,26.3,26.16,10241.0,0.0,1.0
2017-05-19,26.31,26.646,26.31,26.646,26.5042,6026.0,0.0,1.0
2017-05-22,26.65,26.7999,26.6496,26.7999,26.6573,4493.0,0.0,1.0
2017-05-23,26.84,26.84,26.676,26.7233,26.5811,9638.0,0.0,1.0
2017-05-24,26.7399,26.78,26.659,26.78,26.6375,10358.0,0.0,1.0
2017-05-25,26.8898,26.92,26.8101,26.8101,26.6674,5939.0,0.0,1.0
2017-05-26,26.82,26.8899,26.776,26.8536,26.7107,6005.0,0.0,1.0
2017-05-30,26.79,26.8316,26.7101,26.74,26.5977,7799.0,0.0,1.0
2017-05-31,26.71,26.75,26.6,26.74,26.5977,3933.0,0.0,1.0
2017-06-01,26.84,27.07,26.8328,27.07,26.9259,8671.0,0.0,1.0
2017-06-02,27.0984,27.21,27.07,27.2,27.0552,9955.0,0.0,1.0
2017-06-05,27.18,27.18,27.0201,27.09,26.9458,9803.0,0.0,1.0
2017-06-06,26.93,27.06,26.93,27.02,26.8762,3182.0,0.0,1.0
2017-06-07,26.97,27.074,26.95,27.0004,26.8567,6530.0,0.0,1.0
2017-06-08,27.04,27.04,26.87,26.91,26.7668,4686.0,0.0,1.0
2017-06-09,26.99,27.1359,26.74,26.83,26.6872,22792.0,0.0,1.0
2017-06-12,26.73,26.7599,26.57,26.75,26.6076,30882.0,0.0,1.0
2017-06-13,26.77,26.8999,26.77,26.8999,26.7567,27033.0,0.0,1.0
2017-06-14,26.96,26.96,26.7201,26.79,26.6474,11294.0,0.0,1.0
2017-06-15,26.7,26.7399,26.57,26.7399,26.5976,4224.0,0.0,1.0
2017-06-16,26.81,26.81,26.6324,26.6536,26.5117,3281.0,0.0,1.0
2017-06-19,26.8,26.9899,26.7202,26.94,26.7966,18797.0,0.0,1.0
2017-06-20,26.85,26.9003,26.77,26.78,26.6375,8333.0,0.0,1.0
2017-06-21,26.74,26.91,26.74,26.83,26.6872,12588.0,0.0,1.0
2017-06-22,26.91,26.9488,26.8202,26.9312,26.7879,3326.0,0.0,1.0
2017-06-23,26.9016,26.9541,26.8512,26.9071,26.7639,3765.0,0.0,1.0
2017-06-26,26.95,27.035,26.93,26.9401,26.7967,4045.0,0.0,1.0
2017-06-27,26.8801,26.97,26.7201,26.7201,26.5779,4996.0,0.0,1.0
2017-06-28,26.7901,27.0199,26.7901,26.9501,26.8067,2436.0,0.0,1.0
2017-06-29,26.978,26.978,26.6401,26.8488,26.7059,5604.0,0.0,1.0
2017-06-30,26.8617,26.9599,26.83,26.8844,26.7413,2084.0,0.0,1.0
2017-07-03,27.03,27.07,26.9028,26.9028,26.7596,5646.0,0.0,1.0
2017-07-05,26.85,26.9999,26.8112,26.9536,26.8101,16517.0,0.0,1.0
2017-07-06,26.8699,26.8699,26.7193,26.7799,26.6374,2242.0,0.0,1.0
2017-07-07,26.85,26.9699,26.8292,26.9699,26.8264,3273.0,0.0,1.0
2017-07-10,26.88,27.03,26.88,27.0202,26.8764,10810.0,0.0,1.0
2017-07-11,26.97,27.057,26.9338,27.0001,26.8564,3948.0,0.0,1.0
2017-07-12,27.11,27.31,27.11,27.2401,27.0951,7501.0,0.0,1.0
2017-07-13,27.39,27.39,27.266,27.3288,27.1833,1740.0,0.0,1.0
2017-07-14,27.28,27.47,27.28,27.44,27.294,7819.0,0.0,1.0
2017-07-17,27.48,27.48,27.35,27.367,27.2213,15390.0,0.0,1.0
2017-07-18,27.33,27.4093,27.33,27.3848,27.2391,4621.0,0.0,1.0
2017-07-19,27.43,27.5799,27.4001,27.5799,27.4331,9921.0,0.0,1.0
2017-07-20,27.56,27.58,27.4844,27.4844,27.3381,4268.0,0.0,1.0
2017-07-21,27.35,27.414,27.34,27.414,27.2681,5926.0,0.0,1.0
2017-07-24,27.37,27.48,27.33,27.4234,27.2774,4200.0,0.0,1.0
2017-07-25,27.5494,27.645,27.48,27.52,27.3735,3949.0,0.0,1.0
2017-07-26,27.6099,27.6099,27.49,27.51,27.3636,5255.0,0.0,1.0
2017-07-27,27.54,27.5412,27.24,27.3713,27.2256,4994.0,0.0,1.0
2017-07-28,27.38,27.4199,27.3719,27.3838,27.2381,2497.0,0.0,1.0
2017-07-31,27.4301,27.4799,27.3271,27.3271,27.1817,6514.0,0.0,1.0
2017-08-01,27.25,27.4699,27.25,27.4074,27.2615,6622.0,0.0,1.0
2017-08-02,27.4,27.46,27.25,27.44,27.294,22997.0,0.0,1.0
2017-08-03,27.4448,27.4448,27.3645,27.3729,27.2272,3233.0,0.0,1.0
2017-08-04,27.5519,27.5667,27.479,27.5155,27.3691,2846.0,0.0,1.0
2017-08-07,27.65,27.73,27.62,27.73,27.5824,13813.0,0.0,1.0
2017-08-08,27.5,27.7,27.5,27.5499,27.4033,85493.0,0.0,1.0
2017-08-09,27.4,27.4699,27.3352,27.4699,27.3237,3369.0,0.0,1.0
2017-08-10,27.31,27.3599,26.98,26.98,26.8364,6602.0,0.0,1.0
2017-08-11,26.9104,27.14,26.9104,27.14,26.9956,2863.0,0.0,1.0
2017-08-14,27.25,27.4013,27.25,27.3086,27.1633,3674.0,0.0,1.0
2017-08-15,27.2999,27.33,27.219,27.328,27.1826,2252.0,0.0,1.0
2017-08-16,27.34,27.42,27.31,27.31,27.1646,2991.0,0.0,1.0
2017-08-17,27.28,27.3437,26.93,26.956,26.8125,12113.0,0.0,1.0
2017-08-18,26.8662,27.06,26.8501,26.99,26.8464,6909.0,0.0,1.0
2017-08-21,27.0,27.0899,26.99,27.032,26.8881,8364.0,0.0,1.0
2017-08-22,27.2199,27.3499,27.17,27.3095,27.1642,2256.0,0.0,1.0
2017-08-23,27.14,27.3224,27.14,27.31,27.1646,2970.0,0.0,1.0
2017-08-24,27.34,27.34,27.11,27.245,27.1,9999.0,0.0,1.0
2017-08-25,27.28,27.38,27.28,27.31,27.1646,4618.0,0.0,1.0
2017-08-28,27.28,27.3318,27.23,27.3318,27.1863,8008.0,0.0,1.0
2017-08-29,27.185,27.2899,27.16,27.23,27.0851,4357.0,0.0,1.0
2017-08-30,27.26,27.41,27.1901,27.37,27.2243,3129.0,0.0,1.0
2017-08-31,27.43,27.6799,27.43,27.6799,27.5326,14016.0,0.0,1.0
2017-09-01,27.735,27.84,27.6801,27.81,27.662,3323.0,0.0,1.0
2017-09-05,27.69,27.79,27.45,27.51,27.3636,45450.0,0.0,1.0
2017-09-06,27.6099,27.6167,27.4801,27.54,27.3934,3179.0,0.0,1.0
2017-09-07,27.55,27.5502,27.455,27.47,27.3238,3661.0,0.0,1.0
2017-09-08,27.4899,27.5181,27.4252,27.449,27.3029,3962.0,0.0,1.0
2017-09-11,27.67,27.7417,27.6301,27.7,27.5526,11783.0,0.0,1.0
2017-09-12,27.7671,27.8499,27.73,27.79,27.6421,4542.0,0.0,1.0
2017-09-13,27.74,27.8999,27.74,27.83,27.6819,18342.0,0.0,1.0
2017-09-14,27.7669,27.8396,27.7,27.7,27.5526,2583.0,0.0,1.0
2017-09-15,27.7915,27.7915,27.68,27.74,27.5924,5079.0,0.0,1.0
2017-09-18,27.85,27.9148,27.8138,27.85,27.7018,4693.0,0.0,1.0
2017-09-19,27.9299,27.96,27.8509,27.91,27.7615,6074.0,0.0,1.0
2017-09-20,28.0176,28.0399,27.95,28.0001,27.8511,1684.0,0.0,1.0
2017-09-21,28.06,28.06,27.8901,28.0205,27.8714,4020.0,0.0,1.0
2017-09-22,27.89,28.0299,27.89,28.0233,27.8742,4054.0,0.0,1.0
2017-09-25,27.92,28.0067,27.92,27.95,27.8012,2654.0,0.0,1.0
2017-09-26,28.03,28.0799,27.9833,28.0,27.851,8617.0,0.0,1.0
2017-09-27,28.1,28.1986,28.0,28.1986,28.0485,5023.0,0.0,1.0
2017-09-28,28.08,28.2099,28.08,28.1395,27.9897,3478.0,0.0,1.0
2017-09-29,28.08,28.25,28.08,28.21,28.0599,5380.0,0.0,1.0
2017-10-02,28.16,28.32,28.16,28.31,28.1593,5297.0,0.0,1.0
2017-10-03,28.34,28.4899,28.34,28.4414,28.29,3190.0,0.0,1.0
2017-10-04,28.5,28.5399,28.42,28.42,28.2687,5422.0,0.0,1.0
2017-10-05,28.59,28.6599,28.5514,28.6195,28.4672,3498.0,0.0,1.0
2017-10-06,28.6302,28.6536,28.5671,28.6515,28.499,4891.0,0.0,1.0
2017-10-09,28.75,28.75,28.55,28.55,28.398,2807.0,0.0,1.0
2017-10-10,28.7,28.7,28.605,28.64,28.4876,11559.0,0.0,1.0
2017-10-11,28.6854,28.6854,28.6,28.64,28.4876,3446.0,0.0,1.0
2017-10-12,28.6,28.6018,28.5595,28.5762,28.4241,2455.0,0.0,1.0
2017-10-13,28.6,28.715,28.5801,28.68,28.5274,3911.0,0.0,1.0
2017-10-16,28.7393,28.7393,28.64,28.67,28.5174,7871.0,0.0,1.0
2017-10-17,28.715,28.75,28.6633,28.6701,28.5175,8145.0,0.0,1.0
2017-10-18,28.65,28.7448,28.65,28.7315,28.5786,7096.0,0.0,1.0
2017-10-19,28.55,28.59,28.45,28.59,28.4378,14792.0,0.0,1.0
2017-10-20,28.74,28.74,28.66,28.7332,28.5803,7382.0,0.0,1.0
2017-10-23,28.77,28.77,28.53,28.53,28.3782,13682.0,0.0,1.0
2017-10-24,28.47,28.67,28.47,28.56,28.408,13216.0,0.0,1.0
2017-10-25,28.65,28.65,28.37,28.5,28.3483,5653.0,0.0,1.0
2017-10-26,28.64,28.68,28.58,28.58,28.4279,4164.0,0.0,1.0
2017-10-27,28.5886,28.74,28.5514,28.73,28.5771,2494.0,0.0,1.0
2017-10-30,28.69,28.7416,28.53,28.54,28.3881,8143.0,0.0,1.0
2017-10-31,28.63,28.7,28.6071,28.7,28.5473,9591.0,0.0,1.0
2017-11-01,28.7,28.82,28.62,28.6623,28.5098,12092.0,0.0,1.0
2017-11-02,28.7,28.7248,28.54,28.61,28.4577,5285.0,0.0,1.0
2017-11-03,28.66,28.7318,28.6233,28.63,28.4776,5287.0,0.0,1.0
2017-11-06,28.63,28.8999,28.63,28.862,28.7084,13133.0,0.0,1.0
2017-11-07,28.91,28.99,28.6601,28.68,28.5274,11615.0,0.0,1.0
2017-11-08,28.68,28.711,28.62,28.62,28.4677,6023.0,0.0,1.0
2017-11-09,28.52,28.56,28.36,28.46,28.3085,5670.0,0.0,1.0
2017-11-10,28.5,28.615,28.4501,28.5614,28.4094,3748.0,0.0,1.0
2017-11-13,28.43,28.588,28.4001,28.5333,28.3814,3964.0,0.0,1.0
2017-11-14,28.6,28.6,28.45,28.46,28.3085,6107.0,0.0,1.0
2017-11-15,28.26,28.47,28.18,28.37,28.219,6669.0,0.0,1.0
2017-11-16,28.5,28.6,28.5,28.5838,28.4317,3299.0,0.0,1.0
2017-11-17,28.5998,28.6599,28.5501,28.63,28.4776,4104.0,0.0,1.0
2017-11-20,28.56,28.6799,28.56,28.611,28.4587,7552.0,0.0,1.0
2017-11-21,28.68,28.86,28.68,28.7901,28.6369,5959.0,0.0,1.0
2017-11-22,28.78,28.9576,28.78,28.91,28.7561,6425.0,0.0,1.0
2017-11-24,28.971,28.971,28.91,28.9514,28.7973,2297.0,0.0,1.0
2017-11-27,29.0,29.0,28.8301,28.855,28.7014,13935.0,0.0,1.0
2017-11-28,28.8738,29.037,28.8152,29.01,28.8556,17600.0,0.0,1.0
2017-11-29,29.0,29.2399,28.99,29.04,28.8854,19738.0,0.0,1.0
2017-11-30,29.35,29.35,29.11,29.21,29.0545,13683.0,0.0,1.0
2017-12-01,29.25,29.29,28.9092,29.12,28.965,7326.0,0.0,1.0
2017-12-04,29.47,29.47,29.08,29.08,28.9252,6542.0,0.0,1.0
2017-12-05,28.9278,29.1186,28.87,28.887,28.7333,5692.0,0.0,1.0
2017-12-06,28.86,28.8899,28.69,28.7758,28.6226,4779.0,0.0,1.0
2017-12-07,28.83,28.9999,28.7909,28.9501,28.796,4770.0,0.0,1.0
2017-12-08,29.18,29.19,29.09,29.09,28.9352,4836.0,0.0,1.0
2017-12-11,29.17,29.3099,29.1413,29.2,29.0446,13510.0,0.0,1.0
2017-12-12,29.23,29.3291,29.2256,29.2256,29.0701,6547.0,0.0,1.0
2017-12-13,29.3,29.3799,29.2801,29.32,29.164,16279.0,0.0,1.0
2017-12-14,29.3,29.37,29.09,29.09,28.9352,7299.0,0.0,1.0
2017-12-15,29.35,29.3599,29.1761,29.35,29.1938,2792.0,0.0,1.0
2017-12-18,29.66,29.6601,29.4901,29.6195,29.4619,11448.0,0.0,1.0
2017-12-19,29.75,29.75,29.5171,29.5171,29.36,4515.0,0.0,1.0
2017-12-20,29.57,29.64,29.4847,29.5514,29.3941,4153.0,0.0,1.0
2017-12-21,29.52,29.87,29.52,29.87,29.711,3529.0,0.0,1.0
2017-12-22,29.84,29.9,29.7401,29.8999,29.7408,3699.0,0.0,1.0
2017-12-26,29.86,29.94,29.84,29.9098,29.7506,5260.0,0.0,1.0
2017-12-27,29.96,29.96,29.8114,29.8114,29.6527,4533.0,0.0,1.0
2017-12-28,29.7,29.78,29.6674,29.7698,29.7698,8483.0,0.1593,1.0
2017-12-29,29.8199,29.8199,29.7,29.7,29.7,6269.0,0.0,1.0
2018-01-02,29.81,29.97,29.6869,29.95,29.95,7626.0,0.0,1.0
2018-01-03,29.99,30.11,29.99,30.0748,30.0748,6509.0,0.0,1.0
2018-01-04,30.0801,30.22,30.0801,30.21,30.21,3385.0,0.0,1.0
2018-01-05,30.41,30.41,30.1501,30.346,30.346,10950.0,0.0,1.0
2018-01-08,30.35,30.52,30.321,30.471,30.471,18134.0,0.0,1.0
2018-01-09,30.61,30.61,30.4207,30.47,30.47,6291.0,0.0,1.0
2018-01-10,30.3,30.46,30.2752,30.4216,30.4216,4269.0,0.0,1.0
2018-01-11,30.31,30.9399,30.31,30.87,30.87,23713.0,0.0,1.0
2018-01-12,31.0,31.09,30.9001,31.0201,31.0201,8202.0,0.0,1.0
2018-01-16,31.28,31.33,30.83,30.8533,30.8533,19111.0,0.0,1.0
2018-01-17,30.7701,31.06,30.7701,30.9759,30.9759,4642.0,0.0,1.0
2018-01-18,31.07,31.11,30.9476,31.0071,31.0071,3917.0,0.0,1.0
2018-01-19,31.0101,31.2299,31.0101,31.22,31.22,4588.0,0.0,1.0
2018-01-22,31.21,31.54,31.21,31.54,31.54,9688.0,0.0,1.0
2018-01-23,31.64,31.66,31.522,31.66,31.66,8675.0,0.0,1.0
2018-01-24,31.6599,31.7,31.39,31.5301,31.5301,3626.0,0.0,1.0
2018-01-25,31.67,31.67,31.5149,31.6,31.6,16048.0,0.0,1.0
2018-01-26,31.6,31.88,31.6,31.7701,31.7701,7688.0,0.0,1.0
2018-01-29,31.75,31.88,31.68,31.68,31.68,5674.0,0.0,1.0
2018-01-30,31.51,31.51,31.28,31.455,31.455,8517.0,0.0,1.0
2018-01-31,31.62,31.62,31.22,31.3447,31.3447,5665.0,0.0,1.0
2018-02-01,31.33,31.47,31.2601,31.3699,31.3699,6534.0,0.0,1.0
2018-02-02,31.19,31.2,30.7001,30.7151,30.7151,9542.0,0.0,1.0
2018-02-05,30.48,30.66,29.51,29.68,29.68,14914.0,0.0,1.0
2018-02-06,29.04,30.09,28.8,29.97,29.97,31305.0,0.0,1.0
2018-02-07,30.0301,30.28,29.945,29.95,29.95,7062.0,0.0,1.0
2018-02-08,30.13,30.14,29.11,29.14,29.14,4382.0,0.0,1.0
2018-02-09,29.29,29.42,28.534,29.42,29.42,14685.0,0.0,1.0
2018-02-12,29.47,29.85,29.43,29.7,29.7,6849.0,0.0,1.0
2018-02-13,29.68,29.87,29.5601,29.83,29.83,3593.0,0.0,1.0
2018-02-14,29.7,30.39,29.7,30.38,30.38,3207.0,0.0,1.0
2018-02-15,30.59,30.65,30.28,30.65,30.65,8844.0,0.0,1.0
2018-02-16,30.6999,30.8699,30.57,30.7018,30.7018,11793.0,0.0,1.0
2018-02-20,30.63,30.79,30.4811,30.56,30.56,8055.0,0.0,1.0
2018-02-21,30.56,30.7799,30.56,30.5901,30.5901,9276.0,0.0,1.0
2018-02-22,30.49,30.49,30.26,30.28,30.28,5427.0,0.0,1.0
2018-02-23,30.38,30.7236,30.38,30.6501,30.6501,4593.0,0.0,1.0
2018-02-26,30.89,30.9699,30.6631,30.8701,30.8701,6603.0,0.0,1.0
2018-02-27,30.8788,30.8788,30.4645,30.5314,30.5314,6338.0,0.0,1.0
2018-02-28,30.48,30.5599,30.2501,30.333,30.333,22546.0,0.0,1.0
2018-03-01,30.1,30.3,29.7501,29.7501,29.7501,5371.0,0.0,1.0
2018-03-02,29.5463,30.1322,29.46,30.0501,30.0501,3270.0,0.0,1.0
2018-03-05,30.0099,30.58,29.9401,30.4901,30.4901,4945.0,0.0,1.0
2018-03-06,30.64,30.7414,30.4516,30.6501,30.6501,4859.0,0.0,1.0
2018-03-07,30.43,30.8014,30.43,30.7101,30.7101,2131.0,0.0,1.0
2018-03-08,30.81,30.9249,30.76,30.88,30.88,4766.0,0.0,1.0
2018-03-09,31.03,31.25,31.0001,31.25,31.25,5967.0,0.0,1.0
2018-03-12,31.32,31.34,31.2001,31.3,31.3,7627.0,0.0,1.0
2018-03-13,31.36,31.4073,30.9576,31.0499,31.0499,5795.0,0.0,1.0
2018-03-14,31.1299,31.1299,30.8505,30.9299,30.9299,1818.0,0.0,1.0
2018-03-15,31.0299,31.0299,30.7501,30.7501,30.7501,7174.0,0.0,1.0
2018-03-16,30.94,30.99,30.8401,30.94,30.94,5494.0,0.0,1.0
2018-03-19,30.82,30.8399,30.381,30.498,30.498,5391.0,0.0,1.0
2018-03-20,30.7,30.7,30.5104,30.5104,30.5104,3387.0,0.0,1.0
2018-03-21,30.51,30.7667,30.49,30.69,30.69,6861.0,0.0,1.0
2018-03-22,30.45,30.45,29.9899,29.99,29.99,6864.0,0.0,1.0
2018-03-23,29.91,30.02,29.34,29.38,29.38,10767.0,0.0,1.0
2018-03-26,29.76,30.1299,29.7199,30.0201,30.0201,5723.0,0.0,1.0
2018-03-27,30.0,30.1799,29.498,29.498,29.498,4339.0,0.0,1.0
2018-03-28,29.617,29.62,29.3829,29.4801,29.4801,4120.0,0.0,1.0
2018-03-29,29.57,29.938,29.5001,29.8543,29.8543,2687.0,0.0,1.0
2018-04-02,29.81,29.8294,28.99,28.99,28.99,5518.0,0.0,1.0
2018-04-03,29.37,29.5599,29.3,29.4701,29.4701,5047.0,0.0,1.0
2018-04-04,29.11,29.9,29.05,29.9,29.9,7512.0,0.0,1.0
2018-04-05,29.96,30.135,29.96,30.0613,30.0613,4400.0,0.0,1.0
2018-04-06,29.7,29.9889,29.191,29.2901,29.2901,5393.0,0.0,1.0
2018-04-09,29.51,29.889,29.51,29.55,29.55,7911.0,0.0,1.0
2018-04-10,29.8999,30.12,29.78,30.0201,30.0201,4451.0,0.0,1.0
2018-04-11,29.73,30.0599,29.73,29.9001,29.9001,5665.0,0.0,1.0
2018-04-12,30.1799,30.2299,30.0501,30.14,30.14,2199.0,0.0,1.0
2018-04-13,30.19,30.26,29.9301,30.0245,30.0245,2525.0,0.0,1.0
2018-04-16,30.21,30.39,30.11,30.38,30.38,5720.0,0.0,1.0
2018-04-17,30.54,30.7599,30.4672,30.64,30.64,5749.0,0.0,1.0
2018-04-18,30.82,30.92,30.7301,30.86,30.86,4660.0,0.0,1.0
2018-04-19,30.77,30.77,30.52,30.5849,30.5849,6891.0,0.0,1.0
2018-04-20,30.4903,30.5499,30.4,30.4099,30.4099,2202.0,0.0,1.0
2018-04-23,30.45,30.48,30.2896,30.3101,30.3101,3832.0,0.0,1.0
2018-04-24,30.47,30.5599,29.86,29.98,29.98,9230.0,0.0,1.0
2018-04-25,29.9,30.0524,29.72,29.9809,29.9809,2905.0,0.0,1.0
2018-04-26,30.09,30.2099,30.0001,30.1473,30.1473,5874.0,0.0,1.0
2018-04-27,30.1101,30.2,29.957,30.13,30.13,9084.0,0.0,1.0
2018-04-30,30.03,30.2039,29.91,30.0,30.0,3776.0,0.0,1.0
2018-05-01,29.92,29.92,29.68,29.79,29.79,8078.0,0.0,1.0
2018-05-02,29.77,29.955,29.61,29.61,29.61,6727.0,0.0,1.0
2018-05-03,29.64,29.64,29.365,29.59,29.59,5004.0,0.0,1.0
2018-05-04,29.62,30.1716,29.6107,30.08,30.08,4307.0,0.0,1.0
2018-05-07,30.13,30.4,30.13,30.32,30.32,14109.0,0.0,1.0
2018-05-08,30.26,30.26,30.1182,30.2599,30.2599,8689.0,0.0,1.0
2018-05-09,30.42,30.56,30.38,30.52,30.52,7632.0,0.0,1.0
2018-05-10,30.55,30.83,30.55,30.83,30.83,3746.0,0.0,1.0
2018-05-11,30.77,30.8699,30.7,30.7701,30.7701,3375.0,0.0,1.0
2018-05-14,31.03,31.04,30.89,30.94,30.94,8561.0,0.0,1.0
2018-05-15,30.81,30.84,30.72,30.83,30.83,7672.0,0.0,1.0
2018-05-16,30.76,31.0694,30.76,30.99,30.99,13015.0,0.0,1.0
2018-05-17,31.07,31.14,30.9801,31.05,31.05,6538.0,0.0,1.0
2018-05-18,30.76,31.06,30.76,30.99,30.99,17317.0,0.0,1.0
2018-05-21,31.1,31.2099,31.08,31.0901,31.0901,4541.0,0.0,1.0
2018-05-22,31.349,31.349,31.0768,31.0768,31.0768,5071.0,0.0,1.0
2018-05-23,30.88,31.08,30.88,31.08,31.08,3083.0,0.0,1.0
2018-05-24,30.8901,31.0634,30.8901,31.0001,31.0001,2268.0,0.0,1.0
2018-05-25,30.87,31.1,30.87,31.1,31.1,5472.0,0.0,1.0
2018-05-29,31.05,31.05,30.693,30.74,30.74,8577.0,0.0,1.0
2018-05-30,31.01,31.2,30.9201,31.2,31.2,5476.0,0.0,1.0
2018-05-31,31.2,31.2,30.91,31.06,31.06,6387.0,0.0,1.0
2018-06-01,31.1,31.35,31.1,31.2428,31.2428,4656.0,0.0,1.0
2018-06-04,31.31,31.5699,31.31,31.4812,31.4812,10176.0,0.0,1.0
2018-06-05,31.6,31.66,31.441,31.4501,31.4501,4367.0,0.0,1.0
2018-06-06,31.64,31.83,31.6279,31.83,31.83,8140.0,0.0,1.0
2018-06-07,31.89,31.9018,31.558,31.75,31.75,22974.0,0.0,1.0
2018-06-08,31.7199,31.8313,31.6326,31.7517,31.7517,3717.0,0.0,1.0
2018-06-11,31.9,32.0,31.8701,31.98,31.98,6998.0,0.0,1.0
2018-06-12,32.0,32.11,31.9001,32.01,32.01,8851.0,0.0,1.0
2018-06-13,32.2181,32.2181,32.0501,32.06,32.06,5749.0,0.0,1.0
2018-06-14,32.2,32.27,32.1079,32.27,32.27,4736.0,0.0,1.0
2018-06-15,31.9901,32.31,31.9901,32.31,32.31,6207.0,0.0,1.0
2018-06-18,32.16,32.25,32.0473,32.25,32.25,9406.0,0.0,1.0
2018-06-19,32.05,32.096,31.85,32.09,32.09,8099.0,0.0,1.0
2018-06-20,32.14,32.3499,32.082,32.33,32.33,3421.0,0.0,1.0
2018-06-21,32.4299,32.4299,32.1801,32.1801,32.1801,3714.0,0.0,1.0
2018-06-22,32.43,32.47,32.2701,32.39,32.39,9331.0,0.0,1.0
2018-06-25,32.15,32.15,31.5865,31.69,31.69,13254.0,0.0,1.0
2018-06-26,31.57,31.8578,31.56,31.7618,31.7618,4060.0,0.0,1.0
2018-06-27,31.84,31.9299,31.39,31.39,31.39,14500.0,0.0,1.0
2018-06-28,31.44,31.5699,31.1901,31.5699,31.5699,14270.0,0.0,1.0
2018-06-29,31.6199,31.72,31.4917,31.59,31.59,3323.0,0.0,1.0
2018-07-02,31.21,31.57,31.13,31.57,31.57,7721.0,0.0,1.0
2018-07-03,31.61,31.65,31.47,31.47,31.47,4264.0,0.0,1.0
2018-07-05,31.64,31.76,31.5101,31.76,31.76,20182.0,0.0,1.0
2018-07-06,31.7401,32.09,31.7401,32.0401,32.0401,3253.0,0.0,1.0
2018-07-09,32.12,32.22,32.12,32.1937,32.1937,11939.0,0.0,1.0
2018-07-10,32.25,32.34,32.16,32.2471,32.2471,27544.0,0.0,1.0
2018-07-11,31.9126,32.0299,31.9126,31.9226,31.9226,4245.0,0.0,1.0
2018-07-12,32.07,32.23,31.98,32.1401,32.1401,3907.0,0.0,1.0
2018-07-13,32.2199,32.2799,32.1401,32.2201,32.2201,2834.0,0.0,1.0
2018-07-16,32.3,32.3,32.0697,32.1784,32.1784,6830.0,0.0,1.0
2018-07-17,32.1061,32.3499,31.9701,32.34,32.34,2667.0,0.0,1.0
2018-07-18,32.34,32.37,32.2001,32.36,32.36,2413.0,0.0,1.0
2018-07-19,32.17,32.28,32.129,32.24,32.24,2791.0,0.0,1.0
2018-07-20,32.12,32.195,32.1001,32.17,32.17,4695.0,0.0,1.0
2018-07-23,32.19,32.19,31.9701,32.0909,32.0909,6239.0,0.0,1.0
2018-07-24,32.3,32.3799,31.92,31.95,31.95,4170.0,0.0,1.0
2018-07-25,32.17,32.17,32.0101,32.0501,32.0501,2896.0,0.0,1.0
2018-07-26,32.15,32.27,32.1423,32.27,32.27,3795.0,0.0,1.0
2018-07-27,32.21,32.2799,31.8615,31.97,31.97,3666.0,0.0,1.0
2018-07-30,31.92,31.92,31.629,31.703,31.703,4563.0,0.0,1.0
2018-07-31,31.85,31.9799,31.75,31.97,31.97,5264.0,0.0,1.0
2018-08-01,31.8,32.0499,31.8,31.81,31.81,6518.0,0.0,1.0
2018-08-02,31.63,32.0699,31.63,31.9901,31.9901,5071.0,0.0,1.0
2018-08-03,32.19,32.2599,32.1001,32.2,32.2,4914.0,0.0,1.0
2018-08-06,32.2,32.4,32.178,32.3455,32.3455,6041.0,0.0,1.0
2018-08-07,32.5,32.5,32.4186,32.4384,32.4384,4310.0,0.0,1.0
2018-08-08,32.415,32.5099,32.36,32.38,32.38,5481.0,0.0,1.0
2018-08-09,32.5299,32.5299,32.3701,32.45,32.45,8475.0,0.0,1.0
2018-08-10,32.19,32.2199,32.0801,32.1198,32.1198,4546.0,0.0,1.0
2018-08-13,32.1,32.1399,31.866,31.935,31.935,6537.0,0.0,1.0
2018-08-14,31.99,32.1,31.8801,32.0001,32.0001,2965.0,0.0,1.0
