date,1. open,2. high,3. low,4. close,5. adjusted close,6. volume,7. dividend amount,8. split coefficient
2014-01-23,100.07,100.11,100.06700000000001,100.11,90.5393,5640.0,0.0,1.0
2014-01-24,100.176,100.176,100.11,100.11,90.5393,3325.0,0.0,1.0
2014-01-27,100.1,100.1,100.1,100.1,90.5302,5200.0,0.0,1.0
2014-01-28,100.1,100.1,100.1,100.1,90.5302,200.0,0.0,1.0
2014-01-29,100.1,100.1001,100.07,100.0701,90.5032,1104.0,0.0,1.0
2014-01-30,100.0701,100.0701,100.0701,100.0701,90.5032,55.0,0.0,1.0
2014-01-31,100.26,100.26,100.2599,100.2599,90.6748,500.0,0.0,1.0
2014-02-03,100.2599,100.2599,100.2599,100.2599,90.6748,10.0,0.0,1.0
2014-02-04,100.2371,100.2371,100.2371,100.2371,90.6542,100.0,0.0,1.0
2014-02-05,100.24,100.24,100.24,100.24,90.6568,0.0,0.0,1.0
2014-02-06,100.28,100.28,100.28,100.28,90.693,181.0,0.0,1.0
2014-02-07,100.6,100.6,100.35,100.36,90.7654,1600.0,0.0,1.0
2014-02-10,100.32,100.35,100.32,100.3499,90.7562,5853.0,0.0,1.0
2014-02-11,100.3499,100.3499,100.3499,100.3499,90.7562,45.0,0.0,1.0
2014-02-12,100.25,100.3599,100.2499,100.3599,90.7653,5212.0,0.0,1.0
2014-02-13,100.36,100.36,100.36,100.36,90.7654,0.0,0.0,1.0
2014-02-14,100.36,100.36,100.36,100.36,90.7654,0.0,0.0,1.0
2014-02-18,100.3599,100.3599,100.3599,100.3599,90.7653,2.0,0.0,1.0
2014-02-19,100.51,100.51,100.51,100.51,90.90100000000001,100.0,0.0,1.0
2014-02-20,100.53,100.62,100.53,100.62,91.0005,1255.0,0.0,1.0
2014-02-21,100.67,100.68,100.52,100.54,90.9281,2157.0,0.0,1.0
2014-02-24,100.47,100.47,100.4699,100.47,90.8648,11965.0,0.0,1.0
2014-02-25,100.47,100.47,100.47,100.47,90.8648,0.0,0.0,1.0
2014-02-26,100.55,100.55,100.55,100.55,90.9372,100.0,0.0,1.0
2014-02-27,100.55,100.61,100.55,100.6099,90.9914,2054.0,0.0,1.0
2014-02-28,100.51,100.51,100.5,100.51,90.9372,300.0,0.04,1.0
2014-03-03,100.55,100.55,100.38,100.38,90.8196,700.0,0.0,1.0
2014-03-04,100.524,100.524,100.524,100.524,90.9499,100.0,0.0,1.0
2014-03-05,100.499,100.5,100.499,100.4999,90.9281,701.0,0.0,1.0
2014-03-06,100.4999,100.4999,100.4999,100.4999,90.9281,65.0,0.0,1.0
2014-03-07,100.41,100.42,100.4099,100.4199,90.8557,621.0,0.0,1.0
2014-03-10,100.41,100.41,100.41,100.41,90.8467,175.0,0.0,1.0
2014-03-11,100.85,100.85,100.36,100.36,90.8015,500.0,0.0,1.0
2014-03-12,100.31,100.31,100.31,100.31,90.7562,203.0,0.0,1.0
2014-03-13,100.5,100.52,100.4999,100.52,90.9462,2115.0,0.0,1.0
2014-03-14,100.5,100.5,100.5,100.5,90.9281,101.0,0.0,1.0
2014-03-17,100.47,100.47,100.47,100.47,90.90100000000001,100.0,0.0,1.0
2014-03-18,100.47,100.47,100.47,100.47,90.90100000000001,0.0,0.0,1.0
2014-03-19,100.441,100.48,100.441,100.48,90.9101,4839.0,0.0,1.0
2014-03-20,100.28,100.31,100.27,100.3099,90.7562,3227.0,0.0,1.0
2014-03-21,100.28,100.34,100.28,100.33,90.7743,1403.0,0.0,1.0
2014-03-24,100.26,100.26,100.24,100.24,90.6929,1000.0,0.0,1.0
2014-03-25,100.46,100.46,100.345,100.42,90.8558,3190.0,0.0,1.0
2014-03-26,100.48,100.48,100.48,100.48,90.9101,1603.0,0.0,1.0
2014-03-27,100.48,100.5,100.42399999999999,100.42399999999999,90.8594,1040.0,0.0,1.0
2014-03-28,100.49,100.49,100.49,100.49,90.9191,300.0,0.0,1.0
2014-03-31,100.398,100.398,100.398,100.398,90.8947,207.0,0.065,1.0
2014-04-01,100.53,100.53,100.3,100.47,90.9599,3648.0,0.0,1.0
2014-04-02,100.3,100.3,100.3,100.3,90.8059,100.0,0.0,1.0
2014-04-03,100.3,100.3,100.3,100.3,90.8059,2.0,0.0,1.0
2014-04-04,100.49,100.49,100.49,100.49,90.978,311.0,0.0,1.0
2014-04-07,100.54,100.54,100.49,100.49,90.978,803.0,0.0,1.0
2014-04-08,100.7,100.7,100.6996,100.6996,91.1677,2370.0,0.0,1.0
2014-04-09,100.77,100.85,100.71,100.71,91.1771,7943.0,0.0,1.0
2014-04-10,100.8499,100.85,100.8499,100.85,91.3039,1096.0,0.0,1.0
2014-04-11,100.85,100.85,100.85,100.85,91.3039,2.0,0.0,1.0
2014-04-14,100.85,100.85,100.85,100.85,91.3039,0.0,0.0,1.0
2014-04-15,100.8,101.0,100.8,100.9999,91.4396,1498.0,0.0,1.0
2014-04-16,100.9999,100.9999,100.9999,100.9999,91.4396,83.0,0.0,1.0
2014-04-17,100.9999,100.9999,100.9999,100.9999,91.4396,80.0,0.0,1.0
2014-04-21,101.0,101.0,101.0,101.0,91.4397,0.0,0.0,1.0
2014-04-22,100.73,100.86,100.73,100.85,91.3039,926.0,0.0,1.0
2014-04-23,101.13,101.18,101.13,101.18,91.6026,700.0,0.0,1.0
2014-04-24,101.12,101.13,101.0828,101.11,91.5393,3440.0,0.0,1.0
2014-04-25,101.11,101.11,101.1,101.1,91.5302,560.0,0.0,1.0
2014-04-28,101.11,101.11,101.04799999999999,101.04799999999999,91.4831,840.0,0.0,1.0
2014-04-29,100.83,100.88,100.83,100.84,91.2948,1000.0,0.0,1.0
2014-04-30,101.14,101.1869,100.94,100.94,91.4505,717.0,0.07200000000000001,1.0
2014-05-01,101.1199,101.12,101.1196,101.1196,91.6133,819.0,0.0,1.0
2014-05-02,101.1196,101.1196,101.1196,101.1196,91.6133,139.0,0.0,1.0
2014-05-05,100.99,101.01,100.97,101.01,91.514,540.0,0.0,1.0
2014-05-06,101.1699,101.21,101.1699,101.21,91.6952,550.0,0.0,1.0
2014-05-07,101.21,101.21,101.21,101.21,91.6952,120.0,0.0,1.0
2014-05-08,101.21,101.21,101.21,101.21,91.6952,1.0,0.0,1.0
2014-05-09,101.58,101.58,101.58,101.58,92.0304,100.0,0.0,1.0
2014-05-12,101.21,101.21,101.21,101.21,91.6952,400.0,0.0,1.0
2014-05-13,101.21,101.21,101.21,101.21,91.6952,0.0,0.0,1.0
2014-05-14,101.52,101.52,101.52,101.52,91.976,600.0,0.0,1.0
2014-05-15,101.52,101.52,101.52,101.52,91.976,66.0,0.0,1.0
2014-05-16,101.52,101.52,101.52,101.52,91.976,10.0,0.0,1.0
2014-05-19,101.3163,101.3163,101.3163,101.3163,91.7915,200.0,0.0,1.0
2014-05-20,101.42,101.42,101.42,101.42,91.8854,300.0,0.0,1.0
2014-05-21,101.42,101.42,101.42,101.42,91.8854,0.0,0.0,1.0
2014-05-22,101.41,101.44,101.39,101.39,91.8582,1733.0,0.0,1.0
2014-05-23,100.71,101.3,100.71,101.3,91.7767,19000.0,0.0,1.0
2014-05-27,101.04,101.34,101.04,101.2485,91.73,10447.0,0.0,1.0
2014-05-28,101.52,101.52,101.52,101.52,91.976,108.0,0.0,1.0
2014-05-29,101.5,101.5,101.5,101.5,91.9579,120.0,0.0,1.0
2014-05-30,101.78,101.78,101.28,101.28,91.7758,305.0,0.019,1.0
2014-06-02,101.3,101.3,101.28,101.28,91.7758,1464.0,0.0,1.0
2014-06-03,101.34,101.34,101.28,101.28,91.7758,1289.0,0.0,1.0
2014-06-04,101.3,101.3,101.3,101.3,91.7939,129.0,0.0,1.0
2014-06-05,101.48,101.48,101.48,101.48,91.95700000000001,300.0,0.0,1.0
2014-06-06,101.48,101.48,101.48,101.48,91.95700000000001,1.0,0.0,1.0
2014-06-09,101.48,101.48,101.48,101.48,91.95700000000001,2.0,0.0,1.0
2014-06-10,101.48,101.48,101.48,101.48,91.95700000000001,25.0,0.0,1.0
2014-06-11,101.48,101.48,101.48,101.48,91.95700000000001,9.0,0.0,1.0
2014-06-12,101.48,101.48,101.48,101.48,91.95700000000001,0.0,0.0,1.0
2014-06-13,101.48,101.48,101.48,101.48,91.95700000000001,8.0,0.0,1.0
2014-06-16,101.48,101.48,101.48,101.48,91.95700000000001,1.0,0.0,1.0
2014-06-17,101.48,101.48,101.48,101.48,91.95700000000001,0.0,0.0,1.0
2014-06-18,101.64,101.64,101.38,101.4,91.8845,1328.0,0.0,1.0
2014-06-19,101.33,101.33,101.28,101.28,91.7758,1410.0,0.0,1.0
2014-06-20,101.33,101.33,101.33,101.33,91.8211,100.0,0.0,1.0
2014-06-23,101.33,101.33,101.33,101.33,91.8211,3.0,0.0,1.0
2014-06-24,101.33,101.33,101.33,101.33,91.8211,28.0,0.0,1.0
2014-06-25,101.49,101.49,101.47,101.47,91.948,505.0,0.0,1.0
2014-06-26,101.47,101.47,101.47,101.47,91.948,0.0,0.0,1.0
2014-06-27,101.47,101.47,101.47,101.47,91.948,0.0,0.0,1.0
2014-06-30,101.37,101.37,101.37,101.37,91.9027,300.0,0.05,1.0
2014-07-01,101.37,101.37,101.37,101.37,91.9027,0.0,0.0,1.0
2014-07-02,101.21,101.21,101.21,101.21,91.7576,200.0,0.0,1.0
2014-07-03,101.21,101.21,101.21,101.21,91.7576,4.0,0.0,1.0
2014-07-07,101.21,101.21,101.21,101.21,91.7576,107.0,0.0,1.0
2014-07-08,101.48,101.48,101.48,101.48,92.0024,400.0,0.0,1.0
2014-07-09,101.48,101.48,101.48,101.48,92.0024,90.0,0.0,1.0
2014-07-10,101.38,101.48,101.275,101.345,91.88,7760.0,0.0,1.0
2014-07-11,101.345,101.345,101.345,101.345,91.88,0.0,0.0,1.0
2014-07-14,101.34,101.34,101.3365,101.3365,91.8723,1132.0,0.0,1.0
2014-07-15,101.3365,101.3365,101.3365,101.3365,91.8723,62.0,0.0,1.0
2014-07-16,101.3365,101.3365,101.3365,101.3365,91.8723,122.0,0.0,1.0
2014-07-17,101.3365,101.3365,101.3365,101.3365,91.8723,25.0,0.0,1.0
2014-07-18,101.08,101.36,101.08,101.36,91.8936,1400.0,0.0,1.0
2014-07-21,101.479,101.479,101.479,101.479,92.0015,600.0,0.0,1.0
2014-07-22,101.36,101.4,101.33,101.399,91.929,1904.0,0.0,1.0
2014-07-23,101.399,101.399,101.399,101.399,91.929,32.0,0.0,1.0
2014-07-24,101.15,101.15,101.13600000000001,101.15,91.7032,1051.0,0.0,1.0
2014-07-25,101.4,101.44,101.4,101.44,91.9661,15608.0,0.0,1.0
2014-07-28,101.38,101.38,101.35,101.35,91.8845,4744.0,0.0,1.0
2014-07-29,101.35,101.35,101.35,101.35,91.8845,77.0,0.0,1.0
2014-07-30,101.29,101.29,101.29,101.29,91.8301,1.0,0.0,1.0
2014-07-31,100.85799999999999,100.85799999999999,100.85799999999999,100.85799999999999,91.4865,200.0,0.053,1.0
2014-08-01,101.37,101.37,101.37,101.37,91.95100000000001,300.0,0.0,1.0
2014-08-04,101.11,101.4847,101.11,101.4747,92.0459,4206.0,0.0,1.0
2014-08-05,101.4747,101.4747,101.4747,101.4747,92.0459,86.0,0.0,1.0
2014-08-06,101.4,101.44,101.18,101.44,92.0145,1564.0,0.0,1.0
2014-08-07,101.45,101.45,101.45,101.45,92.0235,496.0,0.0,1.0
2014-08-08,101.49,101.49,101.1424,101.1424,91.7445,2419.0,0.0,1.0
2014-08-11,101.1424,101.1424,101.1424,101.1424,91.7445,115.0,0.0,1.0
2014-08-12,101.1424,101.1424,101.1424,101.1424,91.7445,4.0,0.0,1.0
2014-08-13,101.52,101.54,101.47,101.47,92.0417,3431.0,0.0,1.0
2014-08-14,102.06,102.06,101.5,101.54899999999999,92.1133,7012.0,0.0,1.0
2014-08-15,101.62,101.62,101.62,101.62,92.1777,249.0,0.0,1.0
2014-08-18,101.38,101.48,101.38,101.48,92.0507,2223.0,0.0,1.0
2014-08-19,101.477,101.477,101.477,101.477,92.04799999999999,156.0,0.0,1.0
2014-08-20,101.5,101.56,101.5,101.56,92.1233,1249.0,0.0,1.0
2014-08-21,101.64,101.67,101.63,101.67,92.2231,1231.0,0.0,1.0
2014-08-22,101.63,101.64,101.63,101.64,92.1959,3457.0,0.0,1.0
2014-08-25,101.6299,101.63,101.58,101.58,92.1414,1644.0,0.0,1.0
2014-08-26,101.7,101.72,101.7,101.71,92.2594,3560.0,0.0,1.0
2014-08-27,101.35,101.35,101.35,101.35,91.9328,488.0,0.0,1.0
2014-08-28,101.32,101.32,101.32,101.32,91.9056,200.0,0.0,1.0
2014-08-29,101.57,101.58,101.56,101.56,92.2158,1533.0,0.102,1.0
2014-09-02,107.69,107.69,101.28200000000001,101.51,92.1704,2400.0,0.0,1.0
2014-09-03,101.51,101.51,101.51,101.51,92.1704,251.0,0.0,1.0
2014-09-04,101.51,101.51,101.51,101.51,92.1704,109.0,0.0,1.0
2014-09-05,101.66,101.69,101.66,101.68,92.3248,637.0,0.0,1.0
2014-09-08,101.69,101.69,101.43,101.53,92.1886,3202.0,0.0,1.0
2014-09-09,101.04,101.42,96.3,101.42,92.0887,1400.0,0.0,1.0
2014-09-10,101.45,101.45,101.4,101.4,92.0705,1008.0,0.0,1.0
2014-09-11,101.4,101.4,101.4,101.4,92.0705,76.0,0.0,1.0
2014-09-12,101.48,101.48,101.43,101.43,92.0978,452.0,0.0,1.0
2014-09-15,101.535,101.535,101.535,101.535,92.1931,600.0,0.0,1.0
2014-09-16,101.535,101.535,101.535,101.535,92.1931,39.0,0.0,1.0
2014-09-17,101.59,101.6,101.53,101.53,92.1886,523.0,0.0,1.0
2014-09-18,101.51,101.51,101.51,101.51,92.1704,687.0,0.0,1.0
2014-09-19,101.57,101.57,101.57,101.57,92.2249,539.0,0.0,1.0
2014-09-22,101.53,101.53,101.53,101.53,92.1886,100.0,0.0,1.0
2014-09-23,101.53,101.53,101.53,101.53,92.1886,0.0,0.0,1.0
2014-09-24,101.76,101.76,101.47,101.54,92.1977,1445.0,0.0,1.0
2014-09-25,101.54,101.54,101.54,101.54,92.1977,28.0,0.0,1.0
2014-09-26,101.39,101.39,101.33,101.33,92.007,4781.0,0.0,1.0
2014-09-29,101.34,101.34,101.34,101.34,92.0161,500.0,0.0,1.0
2014-09-30,101.21,101.21,101.21,101.21,91.9925,12839.0,0.10400000000000001,1.0
2014-10-01,101.21,101.21,101.21,101.21,91.9925,1.0,0.0,1.0
2014-10-02,101.21,101.21,101.21,101.21,91.9925,0.0,0.0,1.0
2014-10-03,101.21,101.21,101.21,101.21,91.9925,31.0,0.0,1.0
2014-10-06,101.57,101.57,101.51,101.51,92.2651,1793.0,0.0,1.0
2014-10-07,101.5536,101.5536,101.5536,101.5536,92.3048,145.0,0.0,1.0
2014-10-08,101.51,101.572,101.51,101.572,92.3215,773.0,0.0,1.0
2014-10-09,101.572,101.572,101.572,101.572,92.3215,103.0,0.0,1.0
2014-10-10,101.572,101.572,101.572,101.572,92.3215,0.0,0.0,1.0
2014-10-13,101.77799999999999,101.89,101.77799999999999,101.89,92.6105,1992.0,0.0,1.0
2014-10-14,101.82,101.82,101.77,101.77,92.5015,1864.0,0.0,1.0
2014-10-15,101.7,101.7,101.7,101.7,92.4378,289.0,0.0,1.0
2014-10-16,101.7,101.7,101.7,101.7,92.4378,10.0,0.0,1.0
2014-10-17,101.7,101.7,101.7,101.7,92.4378,39.0,0.0,1.0
2014-10-20,101.8,101.8,101.8,101.8,92.5287,681.0,0.0,1.0
2014-10-21,101.7,101.7,101.7,101.7,92.4378,124.0,0.0,1.0
2014-10-22,101.7,101.7,101.7,101.7,92.4378,0.0,0.0,1.0
2014-10-23,101.521,101.556,101.44,101.45299999999999,92.2133,5775.0,0.0,1.0
2014-10-24,101.59,101.59,101.59,101.59,92.3379,367.0,0.0,1.0
2014-10-27,101.59,101.59,101.53,101.53,92.2833,1687.0,0.0,1.0
2014-10-28,101.6,101.6,101.6,101.6,92.3469,216.0,0.0,1.0
2014-10-29,101.6,101.6,101.6,101.6,92.3469,2.0,0.0,1.0
2014-10-30,101.705,101.705,101.705,101.705,92.4424,150.0,0.0,1.0
2014-10-31,101.23,101.23,101.09,101.09,92.0015,1119.0,0.13,1.0
2014-11-03,101.09,101.09,101.09,101.09,92.0015,105.0,0.0,1.0
2014-11-04,101.5,101.52,101.384,101.412,92.2946,9254.0,0.0,1.0
2014-11-05,102.99,102.99,101.29,101.3,92.1927,22136.0,0.0,1.0
2014-11-06,101.314,101.314,101.25,101.3,92.1927,571.0,0.0,1.0
2014-11-07,101.579,101.579,101.579,101.579,92.4466,185.0,0.0,1.0
2014-11-10,101.382,101.382,101.382,101.382,92.2673,138.0,0.0,1.0
2014-11-11,101.4372,101.5068,101.4372,101.5068,92.3809,1479.0,0.0,1.0
2014-11-12,101.45,101.45,101.36,101.36,92.2473,298.0,0.0,1.0
2014-11-13,101.14,101.36,101.14,101.36,92.2473,1601.0,0.0,1.0
2014-11-14,101.461,101.461,101.461,101.461,92.3392,353.0,0.0,1.0
2014-11-17,101.4,101.4088,101.4,101.4088,92.2917,600.0,0.0,1.0
2014-11-18,101.4088,101.4088,101.4088,101.4088,92.2917,152.0,0.0,1.0
2014-11-19,101.37,101.37,101.25,101.25,92.1472,3554.0,0.0,1.0
2014-11-20,101.45,101.45,101.45,101.45,92.3292,1001.0,0.0,1.0
2014-11-21,101.45,101.45,101.45,101.45,92.3292,98.0,0.0,1.0
2014-11-24,101.569,101.57,101.48,101.49,92.3656,1100.0,0.0,1.0
2014-11-25,101.53,101.53,101.48,101.53,92.402,4330.0,0.0,1.0
2014-11-26,101.55,101.55,101.4,101.4,92.2837,1817.0,0.0,1.0
2014-11-28,101.19,101.19,101.08,101.08,92.1472,1700.0,0.17,1.0
2014-12-01,101.08,101.08,101.08,101.08,92.1472,0.0,0.0,1.0
2014-12-02,101.071,101.071,101.042,101.042,92.1125,2638.0,0.0,1.0
2014-12-03,101.131,101.19,101.13,101.19,92.2474,1509.0,0.0,1.0
2014-12-04,101.18,101.18,101.18,101.18,92.2383,1000.0,0.0,1.0
2014-12-05,100.98,100.986,100.98,100.98,92.056,5181.0,0.0,1.0
2014-12-08,101.199,101.199,101.18799999999999,101.18799999999999,92.2456,355.0,0.0,1.0
2014-12-09,101.18799999999999,101.18799999999999,101.18799999999999,101.18799999999999,92.2456,65.0,0.0,1.0
2014-12-10,100.928,100.928,100.928,100.928,92.2391,4.0,0.2529,1.0
2014-12-11,100.928,100.928,100.928,100.928,92.2391,1.0,0.0,1.0
2014-12-12,100.9099,100.9099,100.9099,100.9099,92.2226,124.0,0.0,1.0
2014-12-15,100.9099,100.9099,100.9099,100.9099,92.2226,1.0,0.0,1.0
2014-12-16,100.9099,100.9099,100.9099,100.9099,92.2226,99.0,0.0,1.0
2014-12-17,100.8,100.8,100.72,100.72,92.04899999999999,1641.0,0.0,1.0
2014-12-18,100.72,100.72,100.72,100.72,92.04899999999999,0.0,0.0,1.0
2014-12-19,100.72,100.72,100.72,100.72,92.04899999999999,224.0,0.0,1.0
2014-12-22,100.72,100.72,100.72,100.72,92.04899999999999,0.0,0.0,1.0
2014-12-23,100.689,100.689,100.49799999999999,100.49799999999999,91.8462,940.0,0.0,1.0
2014-12-24,100.41,100.41,100.41,100.41,91.7657,100.0,0.0,1.0
2014-12-26,100.41,100.41,100.41,100.41,91.7657,0.0,0.0,1.0
2014-12-29,99.8,99.8,99.8,99.8,91.7657,1.0,0.61,1.0
2014-12-30,99.8,99.8,99.8,99.8,91.7657,27.0,0.0,1.0
2014-12-31,100.1,100.28,100.1,100.28,92.2071,504.0,0.0,1.0
2015-01-02,100.15,100.31,100.15,100.31,92.2347,325.0,0.0,1.0
2015-01-05,99.91,100.23,99.91,99.9101,91.867,1673.0,0.0,1.0
2015-01-06,99.9101,99.9101,99.9101,99.9101,91.867,15.0,0.0,1.0
2015-01-07,100.15,100.15,99.94,99.94,91.8945,335.0,0.0,1.0
2015-01-08,99.94,99.94,99.94,99.94,91.8945,51.0,0.0,1.0
2015-01-09,99.94,99.94,99.94,99.94,91.8945,0.0,0.0,1.0
2015-01-12,99.94,99.94,99.94,99.94,91.8945,0.0,0.0,1.0
2015-01-13,100.53,100.53,100.53,100.53,92.43700000000001,100.0,0.0,1.0
2015-01-14,100.2,100.25,100.2,100.25,92.1795,238.0,0.0,1.0
2015-01-15,100.25,100.25,100.25,100.25,92.1795,0.0,0.0,1.0
2015-01-16,100.25,100.25,100.25,100.25,92.1795,0.0,0.0,1.0
2015-01-20,100.2266,100.2266,100.2266,100.2266,92.15799999999999,114.0,0.0,1.0
2015-01-21,100.2201,100.2201,100.2201,100.2201,92.152,319.0,0.0,1.0
2015-01-22,100.25,100.25,100.21,100.25,92.1795,8375.0,0.0,1.0
2015-01-23,100.25,100.25,100.25,100.25,92.1795,26.0,0.0,1.0
2015-01-26,100.15,100.55,100.1,100.54,92.4462,31174.0,0.0,1.0
2015-01-27,100.53,101.23,100.45,101.23,93.0806,47108.0,0.0,1.0
2015-01-28,100.94,101.17,100.94,101.17,93.0254,73096.0,0.0,1.0
2015-01-29,101.02,101.08,100.95,101.08,92.9427,1441.0,0.0,1.0
2015-01-30,100.829,101.11,100.7,101.079,93.0521,14749.0,0.12,1.0
2015-02-02,101.13,101.25,101.02,101.25,93.2095,20186.0,0.0,1.0
2015-02-03,101.1699,101.19,100.12,101.0,92.9794,3956.0,0.0,1.0
2015-02-04,100.834,100.834,100.64,100.64,92.648,2936.0,0.0,1.0
2015-02-05,100.6,100.77,100.43,100.77,92.7676,1298.0,0.0,1.0
2015-02-06,100.41,100.41,100.4001,100.4001,92.4271,513.0,0.0,1.0
2015-02-09,101.03,101.03,100.42,100.42,92.4454,1045.0,0.0,1.0
2015-02-10,100.6837,100.77,100.46,100.77,92.7676,787.0,0.0,1.0
2015-02-11,100.7999,100.7999,100.7999,100.7999,92.7952,397.0,0.0,1.0
2015-02-12,100.6157,100.6157,100.6157,100.6157,92.6256,353.0,0.0,1.0
2015-02-13,100.85,100.85,100.51,100.51,92.5283,604.0,0.0,1.0
2015-02-17,101.14,101.14,100.8201,101.12899999999999,93.0981,1193.0,0.0,1.0
2015-02-18,101.46,101.46,100.92,100.92,92.9057,372.0,0.0,1.0
2015-02-19,101.24,101.29,101.15,101.29,93.2464,8165.0,0.0,1.0
2015-02-20,101.3,101.3,101.3,101.3,93.2556,2747.0,0.0,1.0
2015-02-23,101.05,101.05,101.0,101.0,92.9794,938.0,0.0,1.0
2015-02-24,101.26,101.2911,101.26,101.2911,93.2474,305.0,0.0,1.0
2015-02-25,101.31,101.31,100.82,101.31,93.2648,1062.0,0.0,1.0
2015-02-26,101.31,101.31,101.31,101.31,93.2648,138.0,0.0,1.0
2015-02-27,101.18,101.31,101.05,101.155,93.1865,4699.0,0.07,1.0
2015-03-02,101.12,101.21,101.07,101.21,93.2372,4760.0,0.0,1.0
2015-03-03,101.05,101.35,101.05,101.17,93.2003,1521.0,0.0,1.0
2015-03-04,101.3,101.3,101.3,101.3,93.3201,346.0,0.0,1.0
2015-03-05,101.24,101.61,101.24,101.26,93.2832,4178.0,0.0,1.0
2015-03-06,101.15,101.52,101.06,101.06,93.09899999999999,3557.0,0.0,1.0
2015-03-09,101.25,101.25,101.2,101.2,93.228,477.0,0.0,1.0
2015-03-10,101.3805,101.48,101.336,101.336,93.3533,2681.0,0.0,1.0
2015-03-11,101.336,101.336,101.336,101.336,93.3533,126.0,0.0,1.0
2015-03-12,101.0,101.0,101.0,101.0,93.0437,353.0,0.0,1.0
2015-03-13,101.13799999999999,101.13799999999999,101.13799999999999,101.13799999999999,93.1709,171.0,0.0,1.0
2015-03-16,101.49,101.49,101.49,101.49,93.4951,529.0,0.0,1.0
2015-03-17,101.3957,101.42,101.0001,101.0001,93.0438,2462.0,0.0,1.0
2015-03-18,101.369,101.369,101.369,101.369,93.3837,518.0,0.0,1.0
2015-03-19,101.0001,101.05,101.0,101.05,93.0898,1452.0,0.0,1.0
2015-03-20,101.33,101.5,101.01,101.01,93.0529,3531.0,0.0,1.0
2015-03-23,101.0,101.0,101.0,101.0,93.0437,337.0,0.0,1.0
2015-03-24,101.56,101.56,101.0001,101.51,93.5135,782.0,0.0,1.0
2015-03-25,101.66,101.66,101.0,101.4,93.4122,583.0,0.0,1.0
2015-03-26,101.5,101.5,101.05,101.05,93.0898,1390.0,0.0,1.0
2015-03-27,101.05,101.05,101.05,101.05,93.0898,219.0,0.0,1.0
2015-03-30,101.59,101.71,101.17,101.5,93.5043,4652.0,0.0,1.0
2015-03-31,101.69,101.74,100.93,101.72,93.7807,2092.0,0.08,1.0
2015-04-01,101.72,101.72,101.72,101.72,93.7807,321.0,0.0,1.0
2015-04-02,101.1859,101.1859,101.1859,101.1859,93.2883,578.0,0.0,1.0
2015-04-06,101.899,101.95,101.333,101.66,93.7254,13036.0,0.0,1.0
2015-04-07,101.3,101.31,101.28,101.29,93.3843,2994.0,0.0,1.0
2015-04-08,102.1,102.1,101.42,101.45,93.5318,6286.0,0.0,1.0
2015-04-09,101.41,101.64,101.39,101.39,93.4765,7655.0,0.0,1.0
2015-04-10,101.49,101.8,101.49,101.8,93.8545,1557.0,0.0,1.0
2015-04-13,101.95,101.95,101.95,101.95,93.9928,473.0,0.0,1.0
2015-04-14,102.0,102.08,102.0,102.08,94.1126,2382.0,0.0,1.0
2015-04-15,102.04,102.08,101.99,102.08,94.1126,1014.0,0.0,1.0
2015-04-16,102.0495,102.0495,101.9746,101.9746,94.0154,1054.0,0.0,1.0
2015-04-17,101.51,101.51,101.51,101.51,93.5871,359.0,0.0,1.0
2015-04-20,102.01,102.01,102.0,102.0,94.0389,1354.0,0.0,1.0
2015-04-21,102.07,102.12,102.07,102.12,94.1495,864.0,0.0,1.0
2015-04-22,101.86,101.86,101.73,101.86,93.9098,510.0,0.0,1.0
2015-04-23,101.76,101.99,101.76,101.906,93.9522,1847.0,0.0,1.0
2015-04-24,102.05,102.1283,102.0006,102.0499,94.0849,2677.0,0.0,1.0
2015-04-27,102.05,102.06,101.93,101.93,93.9743,1134.0,0.0,1.0
2015-04-28,101.94,101.94,101.91,101.91,93.9559,831.0,0.0,1.0
2015-04-29,101.84,101.84,101.78,101.84,93.8913,1352.0,0.0,1.0
2015-04-30,101.72,101.72,101.709,101.72,93.8729,1996.0,0.1,1.0
2015-05-01,101.74,101.74,101.74,101.74,93.8914,727.0,0.0,1.0
2015-05-04,101.79,101.8,101.51,101.8,93.9467,4142.0,0.0,1.0
2015-05-05,101.8,101.8,101.8,101.8,93.9467,336.0,0.0,1.0
2015-05-06,101.73,101.73,101.58,101.66,93.8175,2593.0,0.0,1.0
2015-05-07,101.5908,101.73,101.49,101.49,93.6606,3462.0,0.0,1.0
2015-05-08,101.5601,101.8,101.5601,101.75,93.9006,1267.0,0.0,1.0
2015-05-11,101.93,101.93,101.69,101.81,93.956,1846.0,0.0,1.0
2015-05-12,101.76899999999999,101.77,101.74600000000001,101.74600000000001,93.8969,1635.0,0.0,1.0
2015-05-13,101.72,101.72,101.66,101.66,93.8175,1385.0,0.0,1.0
2015-05-14,101.59,101.69,101.59,101.69,93.8452,963.0,0.0,1.0
2015-05-15,101.69,101.69,101.69,101.69,93.8452,186.0,0.0,1.0
2015-05-18,101.73100000000001,101.73100000000001,101.73100000000001,101.73100000000001,93.8831,465.0,0.0,1.0
2015-05-19,101.86,101.86,101.86,101.86,94.0021,725.0,0.0,1.0
2015-05-20,101.9,101.9999,101.844,101.95,94.0852,2863.0,0.0,1.0
2015-05-21,102.01,102.01,101.91,102.01,94.1405,1399.0,0.0,1.0
2015-05-22,102.5,102.5,101.96,102.01,94.1405,2397.0,0.0,1.0
2015-05-26,102.05,102.14,102.05,102.1399,94.2604,3965.0,0.0,1.0
2015-05-27,102.18,102.31,102.1201,102.23,94.3436,2169.0,0.0,1.0
2015-05-28,102.145,102.22,102.07,102.2199,94.3342,776.0,0.0,1.0
2015-05-29,102.13,102.13,101.97,101.97,94.2051,644.0,0.11,1.0
2015-06-01,102.0101,102.0101,102.0101,102.0101,94.2422,263.0,0.0,1.0
2015-06-02,102.0,102.05,101.86,102.0499,94.2789,4040.0,0.0,1.0
2015-06-03,101.92,102.89,101.92,102.09,94.316,13661.0,0.0,1.0
2015-06-04,101.9749,102.05,101.94,101.95,94.1867,10731.0,0.0,1.0
2015-06-05,101.87100000000001,101.9,101.69,101.75399999999999,94.0056,9568.0,0.0,1.0
2015-06-08,101.79,101.79,101.61,101.76,94.0111,2733.0,0.0,1.0
2015-06-09,102.45,102.45,101.6,101.75,94.0019,5557.0,0.0,1.0
2015-06-10,102.22,104.49,101.57,101.68,93.9372,4735.0,0.0,1.0
2015-06-11,101.64,101.71,101.566,101.566,93.8319,85404.0,0.0,1.0
2015-06-12,101.76,101.76,101.6393,101.758,94.0093,3881.0,0.0,1.0
2015-06-15,101.76,101.7699,101.6,101.72,93.9742,979.0,0.0,1.0
2015-06-16,101.59,101.76,101.59,101.76,94.0111,890.0,0.0,1.0
2015-06-17,101.8,101.8,101.56,101.6137,93.876,9030.0,0.0,1.0
2015-06-18,101.62,101.632,101.561,101.62,93.8818,1967.0,0.0,1.0
2015-06-19,101.65,101.75,101.64,101.6502,93.9097,2868.0,0.0,1.0
2015-06-22,101.779,101.78,101.62,101.63,93.891,3205.0,0.0,1.0
2015-06-23,101.63,101.63,101.63,101.63,93.891,349.0,0.0,1.0
2015-06-24,101.62100000000001,101.66799999999999,101.6201,101.6201,93.8819,654.0,0.0,1.0
2015-06-25,101.7107,101.77,101.62,101.72,93.9742,1274.0,0.0,1.0
2015-06-26,101.61,101.66,101.61,101.66,93.9187,1854.0,0.0,1.0
2015-06-29,101.76,101.76,101.6693,101.6693,93.9273,1160.0,0.0,1.0
2015-06-30,101.58,101.58,101.495,101.53,93.9095,7049.0,0.12,1.0
2015-07-01,100.88,101.6999,100.88,101.5601,93.9373,1423.0,0.0,1.0
2015-07-02,101.65799999999999,101.65799999999999,101.5968,101.65,94.0205,1269.0,0.0,1.0
2015-07-06,101.78,101.78,101.78,101.78,94.1407,837.0,0.0,1.0
2015-07-07,101.7817,101.7817,101.7817,101.7817,94.1423,477.0,0.0,1.0
2015-07-08,102.13,102.13,101.72,101.86,94.2147,1054.0,0.0,1.0
2015-07-09,101.7,101.82,101.69,101.69,94.0575,3880.0,0.0,1.0
2015-07-10,101.68,101.69,101.6535,101.6535,94.0237,4726.0,0.0,1.0
2015-07-13,101.7499,101.7499,101.74,101.74,94.1037,959.0,0.0,1.0
2015-07-14,101.82,101.82,101.8021,101.8021,94.1612,704.0,0.0,1.0
2015-07-15,101.67,101.87,101.654,101.87,94.22399999999999,5069.0,0.0,1.0
2015-07-16,101.82700000000001,101.82700000000001,101.82700000000001,101.82700000000001,94.1842,586.0,0.0,1.0
2015-07-17,101.76,101.84,101.76,101.8399,94.1961,1429.0,0.0,1.0
2015-07-20,101.83,101.84,101.83,101.83,94.18700000000001,1094.0,0.0,1.0
2015-07-21,101.81700000000001,101.84899999999999,101.736,101.74,94.1037,2036.0,0.0,1.0
2015-07-22,101.78,101.78,101.7301,101.7301,94.0946,1076.0,0.0,1.0
2015-07-23,101.75,101.75,101.736,101.7436,94.1071,1700.0,0.0,1.0
2015-07-24,101.72,101.72,101.72,101.72,94.0852,576.0,0.0,1.0
2015-07-27,101.61,101.94,101.6001,101.75,94.113,8137.0,0.0,1.0
2015-07-28,102.32,102.32,101.63799999999999,101.7,94.0667,971.0,0.0,1.0
2015-07-29,101.6588,101.71,101.6,101.65,94.0205,5906.0,0.0,1.0
2015-07-30,101.65,101.7699,101.65,101.72,94.0852,1046.0,0.0,1.0
2015-07-31,101.65,101.68700000000001,101.65,101.68700000000001,94.1657,1126.0,0.12,1.0
2015-08-03,101.68700000000001,101.68700000000001,101.68700000000001,101.68700000000001,94.1657,267.0,0.0,1.0
2015-08-04,101.8,101.8,101.61,101.75,94.22399999999999,6948.0,0.0,1.0
2015-08-05,101.41,101.79,101.41,101.78,94.2518,12758.0,0.0,1.0
2015-08-06,101.78,101.84,101.58,101.58,94.0666,7541.0,0.0,1.0
2015-08-07,101.68,101.68,101.62,101.68,94.1592,2033.0,0.0,1.0
2015-08-10,101.63,101.69,101.49,101.5,93.9925,5643.0,0.0,1.0
2015-08-11,101.4601,101.64,101.4601,101.5398,94.0294,2192.0,0.0,1.0
2015-08-12,101.93,101.93,101.59,101.64,94.1222,31987.0,0.0,1.0
2015-08-13,101.6,101.6,101.37,101.4001,93.9,10374.0,0.0,1.0
2015-08-14,101.5213,101.58,101.48,101.48,93.97399999999999,1310.0,0.0,1.0
2015-08-17,101.82,101.82,101.54,101.59,94.0759,2001.0,0.0,1.0
2015-08-18,101.6,101.62,101.4908,101.556,94.0444,7899.0,0.0,1.0
2015-08-19,101.58,101.58,101.4,101.5,93.9925,2075.0,0.0,1.0
2015-08-20,101.57,101.58,101.38,101.49,93.9833,39433.0,0.0,1.0
2015-08-21,100.55,101.53,100.55,101.4852,93.9788,13000.0,0.0,1.0
2015-08-24,100.93,101.48,100.93,101.47,93.9648,1360.0,0.0,1.0
2015-08-25,102.47,102.47,101.0,101.0101,93.5389,10776.0,0.0,1.0
2015-08-26,101.48,101.48,101.05,101.2,93.7147,4217.0,0.0,1.0
2015-08-27,100.71,101.3,100.71,101.21,93.72399999999999,23577.0,0.0,1.0
2015-08-28,101.11,101.24,101.105,101.11399999999999,93.6351,1228.0,0.0,1.0
2015-08-31,101.249,101.277,101.2,101.259,93.9083,2716.0,0.15,1.0
2015-09-01,101.19,101.19,101.06,101.06,93.7237,530.0,0.0,1.0
2015-09-02,100.96,101.05,100.96,100.97,93.6402,650.0,0.0,1.0
2015-09-03,101.11,101.24,101.1,101.1925,93.8466,71942.0,0.0,1.0
2015-09-04,101.1331,101.1331,101.1331,101.1331,93.7915,359.0,0.0,1.0
2015-09-08,101.1219,101.1219,101.1219,101.1219,93.7811,552.0,0.0,1.0
2015-09-09,101.25,101.25,101.23,101.23,93.8814,1132.0,0.0,1.0
2015-09-10,101.1721,101.2899,101.1721,101.273,93.9213,2412.0,0.0,1.0
2015-09-11,101.29899999999999,101.29899999999999,101.2899,101.2899,93.9369,521.0,0.0,1.0
2015-09-14,101.26,101.26,101.11,101.25,93.8999,1277.0,0.0,1.0
2015-09-15,101.07,101.08,101.07,101.08,93.7423,905.0,0.0,1.0
2015-09-16,101.21700000000001,101.227,101.21700000000001,101.227,93.8786,806.0,0.0,1.0
2015-09-17,101.227,101.227,101.227,101.227,93.8786,417.0,0.0,1.0
2015-09-18,101.2936,101.33,101.2936,101.32,93.9648,789.0,0.0,1.0
2015-09-21,101.16,101.17200000000001,101.16,101.17200000000001,93.8276,984.0,0.0,1.0
2015-09-22,101.1801,101.22,101.18,101.18,93.835,6313.0,0.0,1.0
2015-09-23,101.12200000000001,101.2099,101.09,101.2099,93.8627,2064.0,0.0,1.0
2015-09-24,101.15,101.15,101.0401,101.07,93.73299999999999,5316.0,0.0,1.0
2015-09-25,101.08,101.08,100.985,101.05,93.7144,4266.0,0.0,1.0
2015-09-28,101.02,101.02,101.02,101.02,93.6866,568.0,0.0,1.0
2015-09-29,100.9,100.93,100.802,100.86200000000001,93.5401,4055.0,0.0,1.0
2015-09-30,100.4801,100.51,100.48,100.49600000000001,93.3769,973.0,0.19,1.0
2015-10-01,100.5101,100.5842,100.5101,100.5842,93.4588,1324.0,0.0,1.0
2015-10-02,100.714,100.714,100.714,100.714,93.5794,328.0,0.0,1.0
2015-10-05,100.67,100.76,100.6699,100.76,93.6222,4742.0,0.0,1.0
2015-10-06,98.14,100.844,98.14,100.844,93.7002,510.0,0.0,1.0
2015-10-07,100.79,100.9699,100.79,100.9236,93.7742,1733.0,0.0,1.0
2015-10-08,100.7601,100.9272,100.7601,100.9272,93.7775,1500.0,0.0,1.0
2015-10-09,100.9995,101.0,100.9526,101.0,93.8452,1107.0,0.0,1.0
2015-10-12,100.95,100.9999,100.85,100.9636,93.8113,1351.0,0.0,1.0
2015-10-13,100.8748,100.92,100.8563,100.87,93.7244,2548.0,0.0,1.0
2015-10-14,101.0599,101.0599,101.0599,101.0599,93.9008,396.0,0.0,1.0
2015-10-15,100.98,100.98,100.85,100.9753,93.8222,1398.0,0.0,1.0
2015-10-16,101.01,101.01,101.01,101.01,93.8545,639.0,0.0,1.0
2015-10-19,101.01,101.01,101.01,101.01,93.8545,248.0,0.0,1.0
2015-10-20,101.0499,101.06,100.91,100.91,93.7615,720.0,0.0,1.0
2015-10-21,100.9942,101.14,100.9942,101.14,93.9752,1220.0,0.0,1.0
2015-10-22,101.17,101.17,101.03,101.05,93.8916,38198.0,0.0,1.0
2015-10-23,101.1698,101.2308,101.1698,101.1903,94.022,1376.0,0.0,1.0
2015-10-26,101.34,101.3699,101.3327,101.3699,94.1889,3245.0,0.0,1.0
2015-10-27,101.23200000000001,101.34,101.23200000000001,101.34,94.1611,593.0,0.0,1.0
2015-10-28,101.35,101.35,101.35,101.35,94.1704,563.0,0.0,1.0
2015-10-29,101.3912,101.42,101.30799999999999,101.4099,94.226,1360.0,0.0,1.0
2015-10-30,101.2701,101.45,101.26,101.3905,94.208,3414.0,0.0,1.0
2015-11-02,101.1602,101.26,101.13,101.1688,94.2064,1758.0,0.22,1.0
2015-11-03,101.13,101.49,101.05,101.2699,94.3006,52300.0,0.0,1.0
2015-11-04,101.52,101.52,101.09,101.235,94.2681,1041.0,0.0,1.0
2015-11-05,101.46,101.46,101.01,101.33,94.3565,3098.0,0.0,1.0
2015-11-06,101.56,101.56,101.0175,101.16,94.1982,3067.0,0.0,1.0
2015-11-09,101.0,101.2399,100.98,101.2399,94.2726,4909.0,0.0,1.0
2015-11-10,101.27,101.31,101.25,101.2786,94.3087,6373.0,0.0,1.0
2015-11-11,101.44,101.46,101.34,101.46,94.4776,7340.0,0.0,1.0
2015-11-12,101.46,101.64,101.28,101.4,94.4217,3099.0,0.0,1.0
2015-11-13,101.5199,101.5199,101.5199,101.5199,94.5334,382.0,0.0,1.0
2015-11-16,101.41,101.42,101.41,101.42,94.4403,1547.0,0.0,1.0
2015-11-17,101.14,101.448,101.01,101.448,94.4664,1599.0,0.0,1.0
2015-11-18,101.374,101.374,101.374,101.374,94.3975,934.0,0.0,1.0
2015-11-19,101.64,101.64,101.0501,101.2,94.2355,1892.0,0.0,1.0
2015-11-20,101.42,101.5,101.1743,101.39,94.4124,4303.0,0.0,1.0
2015-11-23,100.88,101.34,100.88,101.0,94.0492,3021.0,0.0,1.0
2015-11-24,101.37,101.52,101.07,101.31,94.3379,2446.0,0.0,1.0
2015-11-25,101.58,101.61,101.3304,101.46,94.4776,4689.0,0.0,1.0
2015-11-27,101.57,101.57,101.5699,101.5699,94.5799,1032.0,0.0,1.0
2015-11-30,101.68,101.68,101.11,101.43,94.4496,4643.0,0.0,1.0
2015-12-01,101.28,101.29,101.03,101.1619,94.3862,2887.0,0.2,1.0
2015-12-02,101.1,101.145,100.9,100.9501,94.1886,6805.0,0.0,1.0
2015-12-03,100.96,101.33,100.8625,100.9399,94.1791,3877.0,0.0,1.0
2015-12-04,101.09,101.14,100.9687,101.14,94.3658,1254.0,0.0,1.0
2015-12-07,100.86,101.2545,100.86,100.89,94.1325,5064.0,0.0,1.0
2015-12-08,100.84,101.2589,100.7452,101.2589,94.4767,1786.0,0.0,1.0
2015-12-09,100.34,100.39,100.19,100.35,94.395,973.0,0.8214,1.0
2015-12-10,100.26,100.35,100.26,100.305,94.3527,1727.0,0.0,1.0
2015-12-11,100.2,100.2,100.0,100.0001,94.0659,1401.0,0.0,1.0
2015-12-14,100.15,100.15,99.63,99.9295,93.9995,4519.0,0.0,1.0
2015-12-15,99.8,99.8,99.8,99.8,93.8777,349.0,0.0,1.0
2015-12-16,99.6208,99.6208,99.6208,99.6208,93.7091,776.0,0.0,1.0
2015-12-17,99.895,100.25,99.895,100.14,94.1975,1960.0,0.0,1.0
2015-12-18,100.0001,100.389,100.0001,100.195,94.2492,1560.0,0.0,1.0
2015-12-21,100.11,100.31,99.61,100.07,94.1317,6481.0,0.0,1.0
2015-12-22,99.85,100.03,99.69,99.9,93.9717,31975.0,0.0,1.0
2015-12-23,99.824,99.86200000000001,99.77,99.7759,93.855,1646.0,0.0,1.0
2015-12-24,100.2,100.2,99.8392,99.9065,93.9779,2122.0,0.0,1.0
2015-12-28,99.95,99.95,99.8,99.848,93.9228,6153.0,0.0,1.0
2015-12-29,99.24,99.5399,99.0,99.0,93.699,6590.0,0.61,1.0
2015-12-30,99.3416,99.63,99.0001,99.304,93.9867,2289.0,0.0,1.0
2015-12-31,99.4292,99.666,99.4292,99.666,94.3293,867.0,0.0,1.0
2016-01-04,99.56,99.9,99.56,99.73,94.3899,113081.0,0.0,1.0
2016-01-05,99.73,99.73,99.50399999999999,99.537,94.2072,4436.0,0.0,1.0
2016-01-06,99.53,99.53,99.34,99.36,94.0397,21914.0,0.0,1.0
2016-01-07,99.6799,99.78,99.23,99.62,94.2858,8013.0,0.0,1.0
2016-01-08,99.56,99.74,99.56,99.7399,94.3992,1373.0,0.0,1.0
2016-01-11,99.22,99.5783,99.2101,99.47,94.1438,2075.0,0.0,1.0
2016-01-12,99.37,99.435,99.24,99.435,94.1107,9497.0,0.0,1.0
2016-01-13,99.25,99.25,99.05,99.05,93.7463,2804.0,0.0,1.0
2016-01-14,99.315,99.315,99.315,99.315,93.9971,664.0,0.0,1.0
2016-01-15,99.315,99.315,99.315,99.315,93.9971,329.0,0.0,1.0
2016-01-19,99.1514,99.178,99.0,99.1594,93.8498,983.0,0.0,1.0
2016-01-20,99.0,99.0,98.6401,98.7529,93.4651,3334.0,0.0,1.0
2016-01-21,99.009,99.009,98.6401,98.6442,93.3622,79911.0,0.0,1.0
2016-01-22,98.67,98.73,98.58,98.68,93.3961,9328.0,0.0,1.0
2016-01-25,99.14,99.18,98.9001,99.1799,93.8692,1342.0,0.0,1.0
2016-01-26,99.18,99.2746,98.956,98.956,93.6573,1639.0,0.0,1.0
2016-01-27,99.0,99.198,98.8108,99.198,93.8864,2727.0,0.0,1.0
2016-01-28,99.34,99.48,97.22,98.56,93.2825,8557.0,0.0,1.0
2016-01-29,99.05,99.52,98.76,99.26,93.945,7835.0,0.0,1.0
2016-02-01,99.0544,99.12100000000001,98.5572,99.12100000000001,94.0122,1104.0,0.21,1.0
2016-02-02,98.57,98.8499,98.57,98.71,93.6224,38183.0,0.0,1.0
2016-02-03,98.83,98.83,98.83,98.83,93.7362,500.0,0.0,1.0
2016-02-04,98.5929,98.8399,98.455,98.8399,93.7456,1412.0,0.0,1.0
2016-02-05,98.25,98.42,98.0801,98.11,93.0533,3757.0,0.0,1.0
2016-02-08,98.44,98.44,98.2905,98.2905,93.2245,1000.0,0.0,1.0
2016-02-09,97.9011,97.98,97.9011,97.955,92.9063,1358.0,0.0,1.0
2016-02-10,98.1599,98.1599,97.9701,97.9701,92.9207,575.0,0.0,1.0
2016-02-11,98.3664,98.45100000000001,98.1913,98.1913,93.1305,825.0,0.0,1.0
2016-02-12,97.2401,97.82,97.2401,97.7603,92.7217,4002.0,0.0,1.0
2016-02-16,97.75,98.38,97.39,98.38,93.3094,21073.0,0.0,1.0
2016-02-17,98.46,98.79,97.6885,97.8332,92.7908,7688.0,0.0,1.0
2016-02-18,98.53,98.69,97.8801,98.69,93.6034,1478.0,0.0,1.0
2016-02-19,98.74,98.74,98.1514,98.66799999999999,93.5826,4829.0,0.0,1.0
2016-02-22,98.67,99.255,98.5,98.73,93.6414,13653.0,0.0,1.0
2016-02-23,98.5033,98.84,98.31,98.31,93.243,2950.0,0.0,1.0
2016-02-24,98.76,98.83,98.51,98.81,93.7173,2567.0,0.0,1.0
2016-02-25,98.75,98.76,98.545,98.76,93.6698,3741.0,0.0,1.0
2016-02-26,98.54,98.616,98.54,98.616,93.5333,565.0,0.0,1.0
2016-02-29,98.626,98.96,98.626,98.96,93.8595,2926.0,0.0,1.0
2016-03-01,98.59,99.036,98.575,98.83,93.88799999999999,3643.0,0.16,1.0
2016-03-02,99.0424,99.06,99.0424,99.06,94.1065,801.0,0.0,1.0
2016-03-03,99.06,99.07,98.6,98.715,93.7787,108347.0,0.0,1.0
2016-03-04,98.9858,98.9899,98.74,98.8855,93.9407,1945.0,0.0,1.0
2016-03-07,98.71,99.1631,98.68,98.68,93.7455,3062.0,0.0,1.0
2016-03-08,99.24,99.3399,98.85,98.91,93.964,2187.0,0.0,1.0
2016-03-09,98.9456,98.9953,98.9,98.91,93.964,826.0,0.0,1.0
2016-03-10,98.96,99.3335,98.7901,98.7901,93.8501,6998.0,0.0,1.0
2016-03-11,99.0267,99.05799999999999,98.8046,98.9443,93.9966,1849.0,0.0,1.0
2016-03-14,99.406,99.406,98.8301,99.2185,94.2571,1083.0,0.0,1.0
2016-03-15,98.9501,98.9501,98.9501,98.9501,94.0021,350.0,0.0,1.0
2016-03-16,99.499,99.499,99.4441,99.49,94.515,2079.0,0.0,1.0
2016-03-17,98.95,99.5198,98.95,99.11,94.154,7393.0,0.0,1.0
2016-03-18,98.95,99.6699,98.95,99.0436,94.0909,14913.0,0.0,1.0
2016-03-21,99.64,99.64,99.2689,99.2689,94.3049,2986.0,0.0,1.0
2016-03-22,99.59,99.59,99.34,99.4363,94.464,16069.0,0.0,1.0
2016-03-23,99.82799999999999,99.82799999999999,99.45,99.6,94.6195,10203.0,0.0,1.0
2016-03-24,99.7252,99.749,99.2533,99.2752,94.3109,7041.0,0.0,1.0
2016-03-28,99.2301,99.2301,99.2301,99.2301,94.2681,365.0,0.0,1.0
2016-03-29,99.5,99.63,99.37,99.44,94.4675,7560.0,0.0,1.0
2016-03-30,99.48,99.8,99.48,99.5,94.5245,2274.0,0.0,1.0
2016-03-31,99.2601,99.8333,99.2601,99.8333,94.8411,686.0,0.0,1.0
2016-04-01,99.66,99.73,99.27,99.42,94.6005,2889.0,0.16,1.0
2016-04-04,99.355,99.405,99.0901,99.2101,94.4008,1638.0,0.0,1.0
2016-04-05,99.4,99.7899,99.3,99.325,94.5101,3019.0,0.0,1.0
2016-04-06,99.7734,99.78,99.32,99.33,94.5148,6729.0,0.0,1.0
2016-04-07,99.3,99.44,99.3,99.4175,94.5981,741.0,0.0,1.0
2016-04-08,99.79,99.79,99.1701,99.6866,94.8542,1933.0,0.0,1.0
2016-04-11,99.68,99.836,99.27,99.27,94.4578,4659.0,0.0,1.0
2016-04-12,99.52,99.6193,99.27,99.41,94.59100000000001,5977.0,0.0,1.0
2016-04-13,99.2001,99.84,99.2001,99.61,94.7813,6224.0,0.0,1.0
2016-04-14,99.61,99.67,99.535,99.5385,94.7132,2526.0,0.0,1.0
2016-04-15,99.8702,99.9238,99.45700000000001,99.515,94.6909,9920.0,0.0,1.0
2016-04-18,99.39,99.87100000000001,99.3511,99.495,94.6718,2841.0,0.0,1.0
2016-04-19,99.95,99.95,99.29,99.31,94.4958,9068.0,0.0,1.0
2016-04-20,99.9596,99.9596,99.66,99.66,94.8288,815.0,0.0,1.0
2016-04-21,99.4753,99.9999,99.47,99.9999,95.1523,5069.0,0.0,1.0
2016-04-22,99.85,99.85,99.5401,99.61,94.7813,3832.0,0.0,1.0
2016-04-25,99.62700000000001,99.88,99.62,99.87,95.0287,9398.0,0.0,1.0
2016-04-26,99.9,99.9,99.695,99.7973,94.9595,3977.0,0.0,1.0
2016-04-27,99.97,99.99,99.42,99.821,94.98200000000001,20820.0,0.0,1.0
2016-04-28,99.9299,99.96,99.7916,99.96,95.1143,9988.0,0.0,1.0
2016-04-29,99.8101,100.05,99.8101,100.05,95.1999,7374.0,0.0,1.0
2016-05-02,99.89,99.89,99.52,99.78,95.0762,15602.0,0.14,1.0
2016-05-03,99.81,99.91,99.41,99.9,95.1906,24586.0,0.0,1.0
2016-05-04,99.96,100.04,99.76,100.0299,95.3144,4208.0,0.0,1.0
2016-05-05,100.07,100.12899999999999,100.0223,100.12,95.4002,1197.0,0.0,1.0
2016-05-06,100.08,100.1299,99.88,100.09,95.3716,3000.0,0.0,1.0
2016-05-09,99.74,100.24,99.74,100.19,95.4669,1604.0,0.0,1.0
2016-05-10,100.178,100.215,100.105,100.215,95.4907,4406.0,0.0,1.0
2016-05-11,100.28,100.28,100.015,100.189,95.46600000000001,12644.0,0.0,1.0
2016-05-12,100.18,100.26,100.0118,100.26,95.5336,7027.0,0.0,1.0
2016-05-13,100.3,100.32799999999999,100.105,100.105,95.3859,1171.0,0.0,1.0
2016-05-16,100.12,100.3,100.014,100.3,95.5717,1696.0,0.0,1.0
2016-05-17,99.9,100.36,99.89,100.1315,95.4112,4638.0,0.0,1.0
2016-05-18,100.29,100.29,100.1,100.21799999999999,95.4936,7971.0,0.0,1.0
2016-05-19,100.37,100.39,100.146,100.37,95.6384,4944.0,0.0,1.0
2016-05-20,101.11,101.11,100.2258,100.28,95.5527,3361.0,0.0,1.0
2016-05-23,100.28,100.33,100.01,100.115,95.3955,4901.0,0.0,1.0
2016-05-24,100.1743,100.3199,100.0,100.0,95.2859,5189.0,0.0,1.0
2016-05-25,100.38,100.38,100.23,100.2689,95.5421,919.0,0.0,1.0
2016-05-26,100.43,100.43,100.1197,100.1197,95.3999,627.0,0.0,1.0
2016-05-27,100.1,100.26,100.0501,100.18,95.4574,2829.0,0.0,1.0
2016-05-31,100.38,100.42,100.08,100.31,95.5813,2416.0,0.0,1.0
2016-06-01,100.27,100.27,100.0499,100.2316,95.64,1235.0,0.14,1.0
2016-06-02,100.23,100.3299,99.9901,99.9901,95.4095,2604.0,0.0,1.0
2016-06-03,100.41,100.47,100.1701,100.40100000000001,95.8016,2333.0,0.0,1.0
2016-06-06,100.31,100.35,100.04,100.35,95.7529,3707.0,0.0,1.0
2016-06-07,100.17,100.1916,100.01,100.01,95.4285,3032.0,0.0,1.0
2016-06-08,99.96,100.22,99.96,100.0589,95.4752,2136.0,0.0,1.0
2016-06-09,100.28,100.28,99.9411,100.0,95.419,1601.0,0.0,1.0
2016-06-10,100.2,100.28,100.1675,100.1675,95.5788,1039.0,0.0,1.0
2016-06-13,100.27,100.27,100.0522,100.13,95.54299999999999,5883.0,0.0,1.0
2016-06-14,100.2015,100.2015,99.9701,100.17,95.5812,1314.0,0.0,1.0
2016-06-15,100.2799,100.28,100.0576,100.15,95.5621,1734.0,0.0,1.0
2016-06-16,100.1,100.26,100.1,100.13,95.54299999999999,29147.0,0.0,1.0
2016-06-17,100.13,100.17,100.01,100.0707,95.4864,5669.0,0.0,1.0
2016-06-20,100.2274,100.2274,100.016,100.016,95.4342,9986.0,0.0,1.0
2016-06-21,100.16,100.2,99.9988,100.1,95.5144,3741.0,0.0,1.0
2016-06-22,100.1,100.18,99.9713,100.12,95.5335,19460.0,0.0,1.0
2016-06-23,100.2,100.2049,100.03,100.03,95.4476,4406.0,0.0,1.0
2016-06-24,100.03,100.4099,100.03,100.33,95.7338,6857.0,0.0,1.0
2016-06-27,100.1,100.3999,100.0901,100.36,95.7625,5211.0,0.0,1.0
2016-06-28,100.16,100.42,100.16,100.3707,95.7727,5231.0,0.0,1.0
2016-06-29,100.35,100.36,100.22,100.2596,95.6667,1998.0,0.0,1.0
2016-06-30,100.3,100.39,100.24,100.39,95.7911,3118.0,0.0,1.0
2016-07-01,100.39,100.39,100.15100000000001,100.15100000000001,95.7253,3321.0,0.17,1.0
2016-07-05,100.4102,100.4102,100.38,100.38,95.9441,889.0,0.0,1.0
2016-07-06,100.39,100.4476,100.16,100.37,95.9346,3119.0,0.0,1.0
2016-07-07,100.4546,100.4699,100.315,100.455,96.0158,5474.0,0.0,1.0
2016-07-08,100.01,100.45,100.01,100.4,95.9633,7163.0,0.0,1.0
2016-07-11,100.27,100.59,100.27,100.35,95.9155,13577.0,0.0,1.0
2016-07-12,100.35,100.65,100.35,100.5399,96.09700000000001,2239.0,0.0,1.0
2016-07-13,100.46,100.65,100.46,100.568,96.1238,1017.0,0.0,1.0
2016-07-14,100.5364,100.7499,100.5364,100.72,96.2691,1575.0,0.0,1.0
2016-07-15,100.52,100.7099,100.52,100.7099,96.2595,1364.0,0.0,1.0
2016-07-18,100.61,101.0299,100.61,100.7499,96.2977,3653.0,0.0,1.0
2016-07-19,100.8845,100.8845,100.7,100.80799999999999,96.3532,6590.0,0.0,1.0
2016-07-20,101.0,101.0,100.7666,100.84,96.3838,2840.0,0.0,1.0
2016-07-21,100.84,100.97,100.82,100.97,96.5081,3920.0,0.0,1.0
2016-07-22,100.96,100.97,100.7818,100.8158,96.3607,1747.0,0.0,1.0
2016-07-25,100.8412,100.97,100.8338,100.96,96.4985,1782.0,0.0,1.0
2016-07-26,100.9118,101.01,100.9118,100.95,96.48899999999999,2050.0,0.0,1.0
2016-07-27,101.0,101.08,100.87100000000001,101.08,96.6132,5777.0,0.0,1.0
2016-07-28,101.06,101.08,100.97,101.03,96.5654,5180.0,0.0,1.0
2016-07-29,101.03,101.13,100.97,101.02,96.5559,2740.0,0.0,1.0
2016-08-01,100.85,101.01,100.6147,100.67,96.3838,9851.0,0.17,1.0
2016-08-02,100.62,100.7599,100.52,100.7599,96.4699,5055.0,0.0,1.0
2016-08-03,100.75,100.75,100.574,100.6362,96.3515,1072.0,0.0,1.0
2016-08-04,100.73,100.92,100.73,100.89,96.5944,2871.0,0.0,1.0
2016-08-05,100.82,100.82,100.7,100.72,96.4317,2623.0,0.0,1.0
2016-08-08,100.83,100.86,100.7643,100.86,96.5657,570.0,0.0,1.0
2016-08-09,100.86,100.9099,100.75,100.7862,96.4951,4716.0,0.0,1.0
2016-08-10,100.96,100.96,100.7721,100.7721,96.4816,743.0,0.0,1.0
2016-08-11,100.85,100.85,100.7201,100.7201,96.4318,829.0,0.0,1.0
2016-08-12,100.9299,100.93,100.85,100.89,96.5944,53873.0,0.0,1.0
2016-08-15,100.88,100.88,100.7,100.7,96.4125,4393.0,0.0,1.0
2016-08-16,100.8,100.8299,100.77,100.79,96.4987,1570.0,0.0,1.0
2016-08-17,100.79,100.79,100.7,100.7667,96.4764,1300.0,0.0,1.0
2016-08-18,100.87,100.87,100.735,100.836,96.5427,762.0,0.0,1.0
2016-08-19,100.8,100.81,100.72,100.7599,96.4699,3818.0,0.0,1.0
2016-08-22,100.8071,100.8467,100.75,100.8467,96.553,2767.0,0.0,1.0
2016-08-23,100.86,100.8699,100.82,100.82,96.5274,1622.0,0.0,1.0
2016-08-24,100.8004,100.92,100.7676,100.91,96.6136,6801.0,0.0,1.0
2016-08-25,100.9,100.90899999999999,100.7501,100.7501,96.4605,1623.0,0.0,1.0
2016-08-26,100.881,100.92,100.7001,100.83,96.537,4299.0,0.0,1.0
2016-08-29,100.803,101.02,100.803,100.95,96.6519,1511.0,0.0,1.0
2016-08-30,100.9216,101.0,100.78,100.99,96.6902,6210.0,0.0,1.0
2016-08-31,101.05,101.0599,100.9,101.03,96.7285,3891.0,0.0,1.0
2016-09-01,100.87,100.8999,100.8,100.8999,96.738,2035.0,0.14,1.0
2016-09-02,101.054,101.12,100.758,100.758,96.6019,1482.0,0.0,1.0
2016-09-06,100.92,100.92,100.92,100.92,96.7572,300.0,0.0,1.0
2016-09-07,100.7664,100.89,100.7664,100.78,96.62299999999999,3385.0,0.0,1.0
2016-09-08,100.89,100.89,100.69,100.7938,96.6362,4422.0,0.0,1.0
2016-09-09,100.79,100.8399,100.69,100.8299,96.6709,4154.0,0.0,1.0
2016-09-12,100.7668,100.92,100.7668,100.83,96.6709,5418.0,0.0,1.0
2016-09-13,100.88,100.88,100.75399999999999,100.76,96.6038,1299.0,0.0,1.0
2016-09-14,100.92,101.02,100.73,100.73,96.5751,3071.0,0.0,1.0
2016-09-15,100.74,100.99,100.74,100.97,96.8052,3707.0,0.0,1.0
2016-09-16,100.97,100.99,100.82,100.82,96.6614,911.0,0.0,1.0
2016-09-19,101.06,101.06,100.7828,100.9,96.7381,3371.0,0.0,1.0
2016-09-20,100.91,100.92,100.805,100.84,96.6805,9197.0,0.0,1.0
2016-09-21,101.02,101.03,100.7601,100.9828,96.8174,4707.0,0.0,1.0
2016-09-22,100.91,101.0473,100.8094,100.82,96.6614,3075.0,0.0,1.0
2016-09-23,100.98,101.04,100.77,100.7729,96.6162,2068.0,0.0,1.0
2016-09-26,100.9,101.11,100.8132,100.9349,96.7715,32079.0,0.0,1.0
2016-09-27,100.9501,101.1239,100.95,101.06,96.8915,4013.0,0.0,1.0
2016-09-28,101.10799999999999,101.12,101.0,101.04,96.8723,2994.0,0.0,1.0
2016-09-29,101.01,101.04,100.9615,101.008,96.8416,5944.0,0.0,1.0
2016-09-30,100.9727,101.05,100.9727,101.05,96.8819,645.0,0.0,1.0
2016-10-03,100.92,100.92,100.6794,100.6794,96.6608,2220.0,0.14,1.0
2016-10-04,100.8223,100.8223,100.8223,100.8223,96.79799999999999,367.0,0.0,1.0
2016-10-05,100.61,100.88,100.61,100.6631,96.6451,4540.0,0.0,1.0
2016-10-06,100.7805,100.885,100.66,100.758,96.7362,1714.0,0.0,1.0
2016-10-07,100.758,100.758,100.758,100.758,96.7362,162.0,0.0,1.0
2016-10-10,100.61,100.8231,100.61,100.8231,96.7987,647.0,0.0,1.0
2016-10-11,100.8231,100.8231,100.8231,100.8231,96.7987,25.0,0.0,1.0
2016-10-12,100.805,100.8599,100.805,100.8325,96.8078,944.0,0.0,1.0
2016-10-13,100.84,100.845,100.62,100.7017,96.6822,2888.0,0.0,1.0
2016-10-14,100.85,101.05,100.72,100.72,96.6998,21876.0,0.0,1.0
2016-10-17,100.84,101.0399,100.84,100.8518,96.8263,3978.0,0.0,1.0
2016-10-18,101.03,101.09,100.8694,100.9368,96.9079,8426.0,0.0,1.0
2016-10-19,100.83,101.08,100.83,101.06,97.0262,1300.0,0.0,1.0
2016-10-20,101.06,101.06,100.81,100.82,96.7958,8113.0,0.0,1.0
2016-10-21,100.9712,100.9782,100.9712,100.9782,96.9477,770.0,0.0,1.0
2016-10-24,101.25,101.25,100.9221,101.12,97.0838,9668.0,0.0,1.0
2016-10-25,100.92,101.15,100.89,100.89,96.863,6626.0,0.0,1.0
2016-10-26,100.9,100.94,100.88,100.92,96.8918,2704.0,0.0,1.0
2016-10-27,101.0323,101.0323,101.0323,101.0323,96.9996,683.0,0.0,1.0
2016-10-28,100.86,101.0599,100.83,101.0,96.9686,3742.0,0.0,1.0
2016-10-31,100.97,101.1099,100.945,101.0,96.9686,4236.0,0.0,1.0
2016-11-01,101.16,101.16,100.66,100.66,96.7766,8602.0,0.14,1.0
2016-11-02,100.712,100.8304,100.712,100.81,96.9208,827.0,0.0,1.0
2016-11-03,100.87100000000001,100.87100000000001,100.7196,100.7196,96.8339,1365.0,0.0,1.0
2016-11-04,100.7401,100.86,100.74,100.81,96.9208,3980.0,0.0,1.0
2016-11-07,100.72,100.8479,100.711,100.8479,96.9572,7220.0,0.0,1.0
2016-11-08,100.635,100.88,100.635,100.88,96.9881,3129.0,0.0,1.0
2016-11-09,100.62,100.85,100.615,100.7496,96.8627,4979.0,0.0,1.0
2016-11-10,100.62,100.89,100.62,100.7095,96.8242,3454.0,0.0,1.0
2016-11-11,100.538,100.54,100.505,100.54,96.6612,1083.0,0.0,1.0
2016-11-14,100.55,100.55,100.28,100.4951,96.618,14501.0,0.0,1.0
2016-11-15,100.4696,100.5234,100.3201,100.4757,96.5994,3013.0,0.0,1.0
2016-11-16,100.32,100.536,100.32,100.4197,96.5455,2971.0,0.0,1.0
2016-11-17,100.52,100.5963,100.52,100.5963,96.7153,713.0,0.0,1.0
2016-11-18,100.36,100.5707,100.35,100.5224,96.6443,4412.0,0.0,1.0
2016-11-21,100.59,100.59,100.3,100.4579,96.5823,2603.0,0.0,1.0
2016-11-22,100.3953,100.4293,100.3,100.3599,96.488,4071.0,0.0,1.0
2016-11-23,100.5429,100.6463,100.4472,100.4983,96.6211,1842.0,0.0,1.0
2016-11-25,100.4983,100.4983,100.4983,100.4983,96.6211,71.0,0.0,1.0
2016-11-28,100.3745,100.4382,100.3301,100.3753,96.5029,2038.0,0.0,1.0
2016-11-29,100.64,100.64,100.28,100.28,96.4112,1888.0,0.0,1.0
2016-11-30,100.47,100.645,100.31,100.62,96.7381,5130.0,0.0,1.0
2016-12-01,100.08,100.33,100.08,100.2299,96.5073,997.0,0.15,1.0
2016-12-02,99.92,100.3299,99.92,100.25,96.5266,1274.0,0.0,1.0
2016-12-05,100.09,100.3832,100.07,100.3093,96.5837,2725.0,0.0,1.0
2016-12-06,100.4399,100.44,100.1201,100.13,96.4111,5227.0,0.0,1.0
2016-12-07,100.2,100.43,100.19,100.26,96.5363,10065.0,0.0,1.0
2016-12-08,100.42,100.42,100.2548,100.2548,96.5313,8934.0,0.0,1.0
2016-12-09,100.37,100.4,100.07,100.38,96.6518,5229.0,0.0,1.0
2016-12-12,100.3408,100.3408,100.2298,100.24700000000001,96.5237,3151.0,0.0,1.0
2016-12-13,100.09,100.24,100.09,100.2,96.4785,4230.0,0.0,1.0
2016-12-14,100.29,100.29,100.12,100.23,96.5074,2610.0,0.0,1.0
2016-12-15,100.04,100.2686,99.96,100.0491,96.3332,6733.0,0.0,1.0
2016-12-16,99.98,100.2498,99.98,100.1763,96.4557,3207.0,0.0,1.0
2016-12-19,100.28,100.4799,100.235,100.40700000000001,96.6778,9398.0,0.0,1.0
2016-12-20,100.11,100.47399999999999,100.11,100.15100000000001,96.4313,1933.0,0.0,1.0
2016-12-21,100.2776,100.48,100.2776,100.4705,96.7389,14860.0,0.0,1.0
2016-12-22,100.49,100.569,100.2169,100.49,96.7577,21556.0,0.0,1.0
2016-12-23,100.31,100.588,100.31,100.43,96.6999,16292.0,0.0,1.0
2016-12-27,100.53,100.53,100.111,100.2845,96.5598,9516.0,0.0,1.0
2016-12-28,100.21,100.33,100.19,100.26,96.6711,20833.0,0.14,1.0
2016-12-29,100.25,100.3799,100.0601,100.34,96.7482,2710.0,0.0,1.0
2016-12-30,100.37,100.4353,100.2,100.37,96.7771,9467.0,0.0,1.0
2017-01-03,100.54,103.0,100.2471,100.3015,96.7111,4408.0,0.0,1.0
2017-01-04,100.46,100.51,100.36,100.485,96.88799999999999,7873.0,0.0,1.0
2017-01-05,100.1625,100.48,100.0301,100.4,96.806,60463.0,0.0,1.0
2017-01-06,100.0,100.2857,100.0,100.06,96.4782,2601.0,0.0,1.0
2017-01-09,100.2198,100.3515,100.06,100.06,96.4782,1332.0,0.0,1.0
2017-01-10,100.4468,100.4695,100.17,100.4695,96.8731,1748.0,0.0,1.0
2017-01-11,100.3473,100.5355,100.32,100.32,96.7289,2179.0,0.0,1.0
2017-01-12,100.4837,100.5134,100.1801,100.21,96.6228,3860.0,0.0,1.0
2017-01-13,100.5268,100.5268,100.4322,100.4322,96.8371,951.0,0.0,1.0
2017-01-17,100.34,100.65,100.1701,100.53,96.9314,3429.0,0.0,1.0
2017-01-18,100.5397,100.64,100.3554,100.4565,96.8605,3456.0,0.0,1.0
2017-01-19,100.1801,100.3839,100.1801,100.3806,96.7873,1275.0,0.0,1.0
2017-01-20,100.11,100.6958,100.09,100.3401,96.7483,36802.0,0.0,1.0
2017-01-23,100.6803,100.7186,100.4625,100.655,97.0519,3875.0,0.0,1.0
2017-01-24,100.64,100.7317,100.41,100.70100000000001,97.0963,25809.0,0.0,1.0
2017-01-25,100.57,100.6299,100.4616,100.4616,96.8654,1675.0,0.0,1.0
2017-01-26,100.61,100.62,100.4234,100.54899999999999,96.9497,2188.0,0.0,1.0
2017-01-27,100.58,100.71,100.42,100.62,97.0182,10555.0,0.0,1.0
2017-01-30,100.43,100.73,100.425,100.7169,97.1116,5270.0,0.0,1.0
2017-01-31,100.81,100.85,100.575,100.8,97.1917,13484.0,0.0,1.0
2017-02-01,100.52,100.52,100.419,100.42,96.9651,1144.0,0.145,1.0
2017-02-02,100.58,100.6,100.3525,100.5,97.0424,6063.0,0.0,1.0
2017-02-03,100.6183,100.626,100.5,100.55,97.0907,2246.0,0.0,1.0
2017-02-06,100.61,100.78,100.56,100.7654,97.2987,7620.0,0.0,1.0
2017-02-07,100.72,100.72,100.4101,100.52,97.0617,7753.0,0.0,1.0
2017-02-08,100.68,100.792,100.6,100.72200000000001,97.2568,6795.0,0.0,1.0
2017-02-09,100.79,100.79,100.52,100.52,97.0617,4233.0,0.0,1.0
2017-02-10,100.78,100.78,100.4542,100.66,97.1969,11134.0,0.0,1.0
2017-02-13,100.6568,100.7499,100.62,100.7135,97.2485,4283.0,0.0,1.0
2017-02-14,100.76,100.76,100.34,100.7399,97.274,26152.0,0.0,1.0
2017-02-15,100.415,100.6397,100.41,100.61,97.1486,4616.0,0.0,1.0
2017-02-16,100.6,100.82,100.54,100.82,97.3514,6704.0,0.0,1.0
2017-02-17,100.6499,100.65,100.5795,100.65,97.1872,1831.0,0.0,1.0
2017-02-21,100.49,100.76,100.48,100.705,97.2403,6682.0,0.0,1.0
2017-02-22,100.7075,100.81,100.6071,100.6509,97.1881,2151.0,0.0,1.0
2017-02-23,100.79,100.92,100.661,100.73,97.2645,3395.0,0.0,1.0
2017-02-24,101.0,101.04,100.7901,100.7901,97.3225,5965.0,0.0,1.0
2017-02-27,100.88,100.93,100.7899,100.92,97.4479,8528.0,0.0,1.0
2017-02-28,100.9799,100.9799,100.9799,100.9799,97.5058,667.0,0.0,1.0
2017-03-01,100.68,100.68,100.27,100.28,96.97,26181.0,0.145,1.0
2017-03-02,100.33,100.48,100.33,100.44,97.1247,9866.0,0.0,1.0
2017-03-03,100.66,100.66,100.37,100.57,97.2504,24370.0,0.0,1.0
2017-03-06,100.5817,100.77,100.5772,100.77,97.4438,5813.0,0.0,1.0
2017-03-07,100.39,100.689,100.39,100.5678,97.2483,3145.0,0.0,1.0
2017-03-08,100.48,100.77,100.48,100.76899999999999,97.4428,21513.0,0.0,1.0
2017-03-09,100.6,100.62,100.34,100.37,97.057,7950.0,0.0,1.0
2017-03-10,100.55,100.6106,100.31,100.31,96.999,33310.0,0.0,1.0
2017-03-13,100.432,100.4965,100.35,100.48,97.1634,9074.0,0.0,1.0
2017-03-14,100.41,100.525,100.4025,100.49,97.17299999999999,3690.0,0.0,1.0
2017-03-15,100.5,100.6636,100.35,100.5925,97.2722,10279.0,0.0,1.0
2017-03-16,100.37,100.62899999999999,100.35,100.35,97.0377,7284.0,0.0,1.0
2017-03-17,100.5134,100.555,100.35,100.43,97.115,7618.0,0.0,1.0
2017-03-20,100.42,100.5599,100.35,100.5599,97.2406,10718.0,0.0,1.0
2017-03-21,100.6433,100.7231,100.4193,100.53,97.2117,12393.0,0.0,1.0
2017-03-22,100.71,100.71,100.52,100.56,97.2407,10655.0,0.0,1.0
2017-03-23,100.69,100.75,100.5619,100.65,97.3278,5144.0,0.0,1.0
2017-03-24,100.56,100.6199,100.56,100.60700000000001,97.2862,7978.0,0.0,1.0
2017-03-27,100.56,100.66,100.56,100.6256,97.3042,16581.0,0.0,1.0
2017-03-28,100.6858,100.6858,100.624,100.62899999999999,97.3074,4820.0,0.0,1.0
2017-03-29,100.71,100.71,100.61,100.61,97.2891,1339.0,0.0,1.0
2017-03-30,100.6866,100.6866,100.6429,100.6702,97.3473,1523.0,0.0,1.0
2017-03-31,100.7,100.84,100.5958,100.8214,97.4935,1763.0,0.0,1.0
2017-04-03,100.74,100.89,100.68,100.78,97.5502,42398.0,0.1,1.0
2017-04-04,100.8,100.8,100.6091,100.72,97.4921,21926.0,0.0,1.0
2017-04-05,100.8,100.8,100.5501,100.6653,97.4391,11178.0,0.0,1.0
2017-04-06,100.7963,100.89,100.5718,100.87,97.6373,7391.0,0.0,1.0
2017-04-07,100.79,100.8,100.6416,100.695,97.4679,4229.0,0.0,1.0
2017-04-10,100.66,100.8013,100.65,100.655,97.4292,22129.0,0.0,1.0
2017-04-11,100.8,100.889,100.6,100.601,97.3769,3396.0,0.0,1.0
2017-04-12,100.7,100.744,100.6115,100.7068,97.4793,9803.0,0.0,1.0
2017-04-13,100.78,100.7801,100.61200000000001,100.7608,97.5316,3728.0,0.0,1.0
2017-04-17,100.78,100.78,100.6742,100.73,97.5018,1924.0,0.0,1.0
2017-04-18,100.7301,100.85,100.652,100.7951,97.5648,4908.0,0.0,1.0
2017-04-19,100.6,100.86,100.6,100.81,97.5792,7162.0,0.0,1.0
2017-04-20,100.85,100.88,100.7418,100.8792,97.6462,15276.0,0.0,1.0
2017-04-21,100.83,100.87,100.83,100.845,97.6131,3824.0,0.0,1.0
2017-04-24,100.82,100.848,100.6693,100.79,97.5598,12843.0,0.0,1.0
2017-04-25,100.755,100.867,100.7513,100.8074,97.5767,3638.0,0.0,1.0
2017-04-26,100.84,100.88,100.6935,100.79,97.5598,14917.0,0.0,1.0
2017-04-27,100.71,100.81,100.62,100.78,97.5502,9388.0,0.0,1.0
2017-04-28,100.86,100.91,100.8,100.855,97.6228,5124.0,0.0,1.0
2017-05-01,100.85,100.85,100.6896,100.8465,97.7113,4365.0,0.1,1.0
2017-05-02,100.8594,100.8594,100.8301,100.85,97.7147,1428.0,0.0,1.0
2017-05-03,100.86,100.86,100.73,100.79,97.6566,17451.0,0.0,1.0
2017-05-04,100.87,100.8999,100.8,100.855,97.7196,4763.0,0.0,1.0
2017-05-05,100.8403,100.9,100.7,100.7,97.5694,8236.0,0.0,1.0
2017-05-08,100.9,100.9,100.73,100.8104,97.6763,5085.0,0.0,1.0
2017-05-09,100.8,100.9,100.75,100.75,97.6178,3004.0,0.0,1.0
2017-05-10,100.89,100.8998,100.8348,100.8348,97.7,1074.0,0.0,1.0
2017-05-11,100.8524,100.9,100.8348,100.9,97.7632,1083.0,0.0,1.0
2017-05-12,100.8342,100.9,100.81,100.8992,97.7624,1873.0,0.0,1.0
2017-05-15,100.89,100.89,100.89,100.89,97.7535,558.0,0.0,1.0
2017-05-16,100.89,101.0,100.7,100.8875,97.7511,5371.0,0.0,1.0
2017-05-17,101.0,101.0,100.9194,100.9358,97.7979,1665.0,0.0,1.0
2017-05-18,100.99,101.0,100.78,100.83,97.6953,2063.0,0.0,1.0
2017-05-19,101.0,101.0,100.76,100.76,97.6275,2042.0,0.0,1.0
2017-05-22,100.86,101.18,100.78,101.15,98.0054,6957.0,0.0,1.0
2017-05-23,100.86,101.44,100.86,101.31,98.1604,6789.0,0.0,1.0
2017-05-24,101.18,101.48899999999999,101.15,101.2432,98.0957,4137.0,0.0,1.0
2017-05-25,101.52,101.52,101.3999,101.43,98.2767,3793.0,0.0,1.0
2017-05-26,100.89,101.31,100.8,101.044,97.9027,7388.0,0.0,1.0
2017-05-30,101.1414,101.18799999999999,101.1414,101.18,98.0345,2624.0,0.0,1.0
2017-05-31,101.19,101.2686,100.90100000000001,101.08,97.9376,4846.0,0.0,1.0
2017-06-01,100.94,101.05,100.79799999999999,100.98,98.0248,4079.0,0.19,1.0
2017-06-02,100.87,101.055,100.87,101.035,98.0782,9047.0,0.0,1.0
2017-06-05,101.04,101.04,100.93,100.93,97.9762,1223.0,0.0,1.0
2017-06-06,100.99,101.15799999999999,100.941,101.0546,98.0972,8656.0,0.0,1.0
2017-06-07,101.05,101.119,100.9902,100.9902,98.0347,3029.0,0.0,1.0
2017-06-08,100.99,101.13,100.97,101.13,98.1704,472.0,0.0,1.0
2017-06-09,100.92,101.11,100.92,101.0498,98.0925,5208.0,0.0,1.0
2017-06-12,101.0608,101.11,100.92,101.06,98.1024,5720.0,0.0,1.0
2017-06-13,101.13,101.155,101.0448,101.11,98.15100000000001,2394.0,0.0,1.0
2017-06-14,101.14,101.14,101.06,101.1,98.1413,3907.0,0.0,1.0
2017-06-15,101.0763,101.145,101.0483,101.05,98.0927,1625.0,0.0,1.0
2017-06-16,101.11,101.15799999999999,101.0412,101.14,98.1801,3721.0,0.0,1.0
2017-06-19,100.97,101.208,100.97,101.2,98.2383,2011.0,0.0,1.0
2017-06-20,101.16,101.19,100.891,100.99,98.0345,6370.0,0.0,1.0
2017-06-21,100.91,101.1215,100.91,101.1215,98.1621,3471.0,0.0,1.0
2017-06-22,100.94,101.305,100.94,101.053,98.0956,5968.0,0.0,1.0
2017-06-23,101.0339,101.2568,100.93,100.96,98.0054,5456.0,0.0,1.0
2017-06-26,101.23,101.2899,101.0325,101.2899,98.3256,3147.0,0.0,1.0
2017-06-27,101.22,101.22,101.0,101.09,98.1316,8663.0,0.0,1.0
2017-06-28,101.33,101.33,101.0576,101.19,98.2286,35084.0,0.0,1.0
2017-06-29,101.0815,101.175,101.0212,101.12,98.1607,4973.0,0.0,1.0
2017-06-30,101.12,101.26,101.12,101.26,98.2966,8190.0,0.0,1.0
2017-07-03,101.1,101.1,101.0,101.08,98.3063,7615.0,0.19,1.0
2017-07-05,101.31,101.31,101.0169,101.2,98.42299999999999,10418.0,0.0,1.0
2017-07-06,101.19,101.19,100.95,101.1876,98.4109,5293.0,0.0,1.0
2017-07-07,101.16,101.19,101.1,101.1114,98.3368,5936.0,0.0,1.0
2017-07-10,101.19,101.26,100.95,100.95,98.1799,22737.0,0.0,1.0
2017-07-11,101.23,101.23,100.96,101.0,98.2285,4231.0,0.0,1.0
2017-07-12,101.01,101.35,100.9601,101.29,98.5105,11710.0,0.0,1.0
2017-07-13,101.24,101.319,100.99,101.1,98.3257,17201.0,0.0,1.0
2017-07-14,101.2279,101.28,101.1,101.12,98.3452,7557.0,0.0,1.0
2017-07-17,101.1878,101.2125,101.12,101.16,98.3841,8750.0,0.0,1.0
2017-07-18,101.11,101.2018,101.05,101.0725,98.29899999999999,13841.0,0.0,1.0
2017-07-19,101.12,101.18299999999999,101.0,101.13,98.3549,7228.0,0.0,1.0
2017-07-20,101.2,101.2,100.92,101.0396,98.26700000000001,2069.0,0.0,1.0
2017-07-21,100.9201,101.2,100.9201,101.18,98.4035,6688.0,0.0,1.0
2017-07-24,101.19,101.19,101.0364,101.11,98.3355,6588.0,0.0,1.0
2017-07-25,101.16,101.2,100.85,100.895,98.1264,9100.0,0.0,1.0
2017-07-26,100.98299999999999,101.1199,100.973,101.1,98.3257,11861.0,0.0,1.0
2017-07-27,100.9745,101.0999,100.9,101.06,98.2868,8125.0,0.0,1.0
2017-07-28,101.05,101.05,101.014,101.036,98.2635,3745.0,0.0,1.0
2017-07-31,101.0,101.0999,100.86,100.88,98.1118,32345.0,0.0,1.0
2017-08-01,100.94200000000001,101.0866,100.8181,100.8736,98.2962,3620.0,0.196,1.0
2017-08-02,100.9,100.99,100.9,100.99,98.4096,11651.0,0.0,1.0
2017-08-03,101.0013,101.07,100.925,100.9862,98.4059,5344.0,0.0,1.0
2017-08-04,101.03,101.0876,100.85,101.03,98.4486,35205.0,0.0,1.0
2017-08-07,100.85,101.08,100.85,101.06,98.4778,5786.0,0.0,1.0
2017-08-08,101.08,101.16,100.88,100.88,98.3024,19498.0,0.0,1.0
2017-08-09,101.05,101.2,100.91,100.995,98.4145,12317.0,0.0,1.0
2017-08-10,101.06,101.18,100.91,101.1104,98.5269,8006.0,0.0,1.0
2017-08-11,100.8701,101.19,100.85,100.89,98.3121,13105.0,0.0,1.0
2017-08-14,101.1699,101.1699,100.82,100.89,98.3121,8999.0,0.0,1.0
2017-08-15,100.99,101.0,100.86,100.98,98.3999,6553.0,0.0,1.0
2017-08-16,100.89,101.07,100.86,101.0557,98.4736,2934.0,0.0,1.0
2017-08-17,100.9406,101.08,100.8887,101.08,98.4973,4215.0,0.0,1.0
2017-08-18,101.13,101.13,100.9592,101.09,98.507,3032.0,0.0,1.0
2017-08-21,101.13,101.14,100.9557,101.1015,98.5182,12807.0,0.0,1.0
2017-08-22,101.05,101.05,100.96,101.015,98.434,17619.0,0.0,1.0
2017-08-23,101.15,101.15,101.0,101.0375,98.4559,1670.0,0.0,1.0
2017-08-24,101.05,101.12,101.0001,101.02,98.4388,5722.0,0.0,1.0
2017-08-25,101.07,101.12,100.9585,101.1,98.5168,7633.0,0.0,1.0
2017-08-28,101.0006,101.0799,101.0006,101.05,98.4681,3048.0,0.0,1.0
2017-08-29,101.05,101.05,100.9349,101.005,98.4242,7819.0,0.0,1.0
2017-08-30,101.02,101.15,101.02,101.15,98.5655,3825.0,0.0,1.0
2017-08-31,101.11,101.1499,101.0,101.1233,98.5395,9622.0,0.0,1.0
2017-09-01,100.92,100.9499,100.81,100.85,98.4642,14447.0,0.196,1.0
2017-09-05,101.02,101.08,100.9171,100.94,98.552,31867.0,0.0,1.0
2017-09-06,100.8218,100.955,100.81,100.81,98.4251,9208.0,0.0,1.0
2017-09-07,100.97,101.03,100.97,100.999,98.6096,5461.0,0.0,1.0
2017-09-08,100.92,100.935,100.8,100.8101,98.4252,1752.0,0.0,1.0
2017-09-11,100.8,100.81,100.7,100.75,98.3665,17156.0,0.0,1.0
2017-09-12,100.83,100.83,100.6,100.7197,98.3369,24763.0,0.0,1.0
2017-09-13,100.8417,100.875,100.8173,100.8173,98.4322,1908.0,0.0,1.0
2017-09-14,100.85,100.85,100.61,100.7442,98.3609,11723.0,0.0,1.0
2017-09-15,100.7,100.7999,100.7,100.71,98.3275,4844.0,0.0,1.0
2017-09-18,100.87,100.87,100.61,100.85,98.4642,11065.0,0.0,1.0
2017-09-19,100.87,100.88,100.7426,100.7701,98.3862,3600.0,0.0,1.0
2017-09-20,100.9064,100.9064,100.75,100.77,98.3861,3253.0,0.0,1.0
2017-09-21,100.865,100.95,100.825,100.95,98.5618,2328.0,0.0,1.0
2017-09-22,100.86,100.95,100.8038,100.8752,98.4888,2468.0,0.0,1.0
2017-09-25,100.79,101.119,100.79,100.99,98.6009,2938.0,0.0,1.0
2017-09-26,100.9345,101.04899999999999,100.8301,100.91,98.5227,8328.0,0.0,1.0
2017-09-27,100.81,101.0,100.81,100.9754,98.5866,4843.0,0.0,1.0
2017-09-28,100.92,101.08,100.8614,101.06,98.6692,137076.0,0.0,1.0
2017-09-29,101.08,101.12,100.9201,101.1,98.7082,6909.0,0.0,1.0
2017-10-02,101.02,101.02,100.88,100.95,98.7473,7018.0,0.19,1.0
2017-10-03,100.84,101.03,100.84,100.92399999999999,98.7219,2758.0,0.0,1.0
2017-10-04,101.02,101.02,101.01,101.01,98.806,21036.0,0.0,1.0
2017-10-05,101.07,101.07,100.96,101.0,98.7962,4565.0,0.0,1.0
2017-10-06,100.94,101.0,100.9046,100.96,98.7571,7371.0,0.0,1.0
2017-10-09,100.87,101.05,100.87,101.05,98.8451,2526.0,0.0,1.0
2017-10-10,101.07,101.07,100.85,101.05,98.8451,1900.0,0.0,1.0
2017-10-11,100.9947,101.065,100.9486,101.06,98.8549,6148.0,0.0,1.0
2017-10-12,100.9452,101.05,100.9452,101.05,98.8451,3221.0,0.0,1.0
2017-10-13,101.06,101.08,100.89,101.07,98.8647,8434.0,0.0,1.0
2017-10-16,101.0,101.0,100.9,100.9,98.6984,3975.0,0.0,1.0
2017-10-17,101.0,101.04,100.8518,101.04,98.8353,6142.0,0.0,1.0
2017-10-18,100.8514,101.0,100.8514,100.98,98.7766,11359.0,0.0,1.0
2017-10-19,101.06,101.06,100.9278,100.9278,98.7256,4610.0,0.0,1.0
2017-10-20,100.9101,100.98,100.8746,100.96,98.7571,9519.0,0.0,1.0
2017-10-23,101.08,101.08,100.948,101.0127,98.8086,1311.0,0.0,1.0
2017-10-24,100.92,101.08,100.9,101.08,98.8745,6196.0,0.0,1.0
2017-10-25,100.93,101.08,100.93,101.04,98.8353,13641.0,0.0,1.0
2017-10-26,101.08,101.1,101.0088,101.1,98.89399999999999,8909.0,0.0,1.0
2017-10-27,101.3,101.3,101.1344,101.2577,99.0483,9430.0,0.0,1.0
2017-10-30,101.16,101.309,101.15,101.2499,99.0407,2783.0,0.0,1.0
2017-10-31,101.06,101.24,100.98,101.167,98.9596,5741.0,0.0,1.0
2017-11-01,100.81,101.07,100.81,101.0,98.9674,5129.0,0.175,1.0
2017-11-02,101.04,101.09,100.86,101.09,99.0556,14818.0,0.0,1.0
2017-11-03,101.1,101.1,100.946,101.03,98.9968,8690.0,0.0,1.0
2017-11-06,101.03,101.03,100.9,101.02,98.98700000000001,10053.0,0.0,1.0
2017-11-07,100.93,100.9338,100.9216,100.9301,98.8989,2275.0,0.0,1.0
2017-11-08,100.95,100.96,100.9401,100.96,98.9282,4538.0,0.0,1.0
2017-11-09,100.88,100.91,100.865,100.89,98.8596,14983.0,0.0,1.0
2017-11-10,100.87,100.88,100.86,100.87,98.84,3474.0,0.0,1.0
2017-11-13,100.87,100.92,100.8,100.92,98.889,10773.0,0.0,1.0
2017-11-14,100.9111,100.92,100.91,100.92,98.889,2104.0,0.0,1.0
2017-11-15,100.9365,100.97,100.93,100.96,98.9282,13801.0,0.0,1.0
2017-11-16,100.99,100.99,100.8458,100.889,98.8586,4468.0,0.0,1.0
2017-11-17,100.95,100.97,100.9329,100.97,98.93799999999999,9369.0,0.0,1.0
2017-11-20,101.03,101.03,100.9272,100.9272,98.8961,11681.0,0.0,1.0
2017-11-21,100.94,100.96,100.94,100.9523,98.9207,16696.0,0.0,1.0
2017-11-22,100.88,100.89,100.8701,100.89,98.8596,6183.0,0.0,1.0
2017-11-24,100.87,100.88,100.87,100.88,98.8498,3656.0,0.0,1.0
2017-11-27,100.95,100.95,100.89,100.89,98.8596,10691.0,0.0,1.0
2017-11-28,101.05,101.05,100.9,100.91,98.8792,7290.0,0.0,1.0
2017-11-29,100.91,100.92,100.91,100.9158,98.8849,6240.0,0.0,1.0
2017-11-30,100.915,100.92,100.91,100.915,98.8841,8973.0,0.0,1.0
2017-12-01,100.78,100.78,100.72,100.78,98.93799999999999,11483.0,0.19,1.0
2017-12-04,100.67,100.7,100.66,100.68,98.8398,13679.0,0.0,1.0
2017-12-05,100.67,100.73,100.662,100.6699,98.8299,11302.0,0.0,1.0
2017-12-06,100.73,100.73,100.67,100.695,98.8546,10460.0,0.0,1.0
2017-12-07,100.68,100.7,100.68,100.69,98.8496,5874.0,0.0,1.0
2017-12-08,100.76,100.7697,100.76,100.765,98.9233,4720.0,0.0,1.0
2017-12-11,100.76,100.76,100.71,100.75,98.9085,12466.0,0.0,1.0
2017-12-12,100.68,100.68,100.66,100.68,98.8398,6869.0,0.0,1.0
2017-12-13,100.67,100.83,100.67,100.83,98.9871,15698.0,0.0,1.0
2017-12-14,100.66,100.67,100.63,100.665,98.8251,11408.0,0.0,1.0
2017-12-15,100.53,100.61,100.53,100.6,98.7613,49030.0,0.0,1.0
2017-12-18,100.65,100.68,100.6445,100.665,98.8251,3856.0,0.0,1.0
2017-12-19,100.69,100.7,100.66,100.66,98.8202,7474.0,0.0,1.0
2017-12-20,100.6798,100.69,100.63,100.68,98.8398,10967.0,0.0,1.0
2017-12-21,100.65,100.7,100.64,100.676,98.8359,51956.0,0.0,1.0
2017-12-22,100.6,100.63,100.58,100.58,98.7417,17344.0,0.0,1.0
2017-12-26,100.63,100.69,100.63,100.675,98.8349,3145.0,0.0,1.0
2017-12-27,100.656,100.76,100.6014,100.7,98.8595,34550.0,0.0,1.0
2017-12-28,100.37,100.37,100.34,100.3572,98.7857,16694.0,0.2677,1.0
2017-12-29,100.37,100.38,100.34,100.34,98.7688,17989.0,0.0,1.0
2018-01-02,100.34,100.35,100.2918,100.33,98.7589,11764.0,0.0,1.0
2018-01-03,100.35,100.39,100.32,100.39,98.818,14982.0,0.0,1.0
2018-01-04,100.34,100.34,100.25,100.26,98.69,7340.0,0.0,1.0
2018-01-05,100.27,100.27,100.22,100.2485,98.6787,15027.0,0.0,1.0
2018-01-08,100.21,100.3214,100.21,100.264,98.694,6238.0,0.0,1.0
2018-01-09,100.27,100.27,100.21,100.21,98.6408,7927.0,0.0,1.0
2018-01-10,100.3,100.3,100.2001,100.2099,98.6407,7834.0,0.0,1.0
2018-01-11,100.28,100.31,100.28,100.2905,98.72,8140.0,0.0,1.0
2018-01-12,100.16,100.18,100.14,100.15,98.5817,13171.0,0.0,1.0
2018-01-16,100.29,100.29,100.2264,100.2354,98.6658,13739.0,0.0,1.0
2018-01-17,100.17,100.22,100.15,100.176,98.6073,18157.0,0.0,1.0
2018-01-18,100.16,100.16,100.08,100.08,98.5128,16842.0,0.0,1.0
2018-01-19,100.18,100.18,100.08,100.1036,98.5361,11193.0,0.0,1.0
2018-01-22,100.13,100.18,100.1,100.11,98.5424,2826.0,0.0,1.0
2018-01-23,100.18,100.3899,100.18,100.3899,98.8179,17513.0,0.0,1.0
2018-01-24,100.21,100.21,100.14,100.2,98.631,8296.0,0.0,1.0
2018-01-25,100.2,100.22,100.12,100.22,98.6507,15611.0,0.0,1.0
2018-01-26,100.07,100.09,100.01,100.09,98.5227,7424.0,0.0,1.0
2018-01-29,100.07,100.1484,100.07,100.1209,98.5531,7784.0,0.0,1.0
2018-01-30,100.132,100.18,100.1,100.16,98.5916,21633.0,0.0,1.0
2018-01-31,100.18,100.19,100.11,100.1105,98.5429,12874.0,0.0,1.0
2018-02-01,100.02,100.05,99.91,100.02,98.6408,17599.0,0.19,1.0
2018-02-02,99.9575,100.105,99.93,100.0335,98.6541,6561.0,0.0,1.0
2018-02-05,100.205,100.42,100.11,100.4,99.0156,18204.0,0.0,1.0
2018-02-06,100.3,100.389,100.21,100.389,99.0047,7100.0,0.0,1.0
2018-02-07,100.22,100.23,100.0537,100.064,98.6842,34575.0,0.0,1.0
2018-02-08,100.189,100.189,100.09,100.105,98.7246,6425.0,0.0,1.0
2018-02-09,100.0632,100.37,100.0632,100.2129,98.831,10662.0,0.0,1.0
2018-02-12,100.21,100.2163,100.15,100.1944,98.8128,5950.0,0.0,1.0
2018-02-13,100.16,100.16,99.932,99.9624,98.584,5363.0,0.0,1.0
2018-02-14,100.02,100.02,99.84,99.91,98.5323,13717.0,0.0,1.0
2018-02-15,99.99,100.03,99.85,100.01,98.6309,8547.0,0.0,1.0
2018-02-16,99.99,100.02,99.9401,99.965,98.5866,5931.0,0.0,1.0
2018-02-20,99.96,100.0067,99.8999,99.91,98.5323,10190.0,0.0,1.0
2018-02-21,99.94,99.99,99.9043,99.92,98.5422,9287.0,0.0,1.0
2018-02-22,99.96,100.0571,99.96,100.039,98.6595,56418.0,0.0,1.0
2018-02-23,100.11,100.11,99.93,99.99,98.6112,3596.0,0.0,1.0
2018-02-26,100.12,100.12,99.95,99.95,98.5718,7727.0,0.0,1.0
2018-02-27,100.09,100.09,99.84,99.88,98.5027,7047.0,0.0,1.0
2018-02-28,100.09,100.1,99.92,100.03,98.6507,3772.0,0.0,1.0
2018-03-01,99.919,100.015,99.87,99.88,98.6901,8411.0,0.19,1.0
2018-03-02,99.86,99.88,99.74,99.74,98.5518,8552.0,0.0,1.0
2018-03-05,99.882,99.958,99.75,99.7514,98.5631,4137.0,0.0,1.0
2018-03-06,99.9011,99.9011,99.8066,99.81,98.62100000000001,7569.0,0.0,1.0
2018-03-07,99.83,99.84,99.741,99.79,98.6012,30455.0,0.0,1.0
2018-03-08,99.83,99.99,99.8,99.88,98.6901,15403.0,0.0,1.0
2018-03-09,99.82,99.85,99.74,99.74,98.5518,9818.0,0.0,1.0
2018-03-12,99.7,99.8899,99.66,99.83,98.6407,15663.0,0.0,1.0
2018-03-13,99.75,99.82,99.6872,99.81,98.62100000000001,3939.0,0.0,1.0
2018-03-14,99.64,99.85,99.64,99.815,98.6259,2396.0,0.0,1.0
2018-03-15,99.69,99.76,99.61,99.61,98.4233,3587.0,0.0,1.0
2018-03-16,99.81,99.81,99.631,99.725,98.537,3545.0,0.0,1.0
2018-03-19,99.66,99.81,99.63,99.78,98.5913,7659.0,0.0,1.0
2018-03-20,99.63,99.72,99.62,99.6978,98.5101,13768.0,0.0,1.0
2018-03-21,99.63,99.75,99.61,99.7244,98.5364,4118.0,0.0,1.0
2018-03-22,99.8,99.8,99.664,99.7,98.5123,17073.0,0.0,1.0
2018-03-23,99.66,99.789,99.65,99.6992,98.5115,10078.0,0.0,1.0
2018-03-26,99.66,99.81,99.65,99.66,98.4727,29972.0,0.0,1.0
2018-03-27,99.7,99.87,99.69,99.82,98.6308,33869.0,0.0,1.0
2018-03-28,99.96,99.96,99.71,99.71,98.5221,22852.0,0.0,1.0
2018-03-29,99.92,100.0,99.75,99.955,98.7642,9514.0,0.0,1.0
2018-04-02,99.43,99.6585,99.43,99.6084,98.649,13812.0,0.23,1.0
2018-04-03,99.6,99.6,99.48,99.5245,98.5659,8743.0,0.0,1.0
2018-04-04,99.5598,99.68,99.505,99.66,98.7001,4871.0,0.0,1.0
2018-04-05,99.63,99.63,99.4,99.5126,98.5541,21620.0,0.0,1.0
2018-04-06,99.6334,99.73,99.58,99.72,98.7595,7379.0,0.0,1.0
2018-04-09,99.63,99.69,99.4501,99.5167,98.5582,7231.0,0.0,1.0
2018-04-10,99.57,99.68,99.5117,99.6359,98.6762,5721.0,0.0,1.0
2018-04-11,99.7,99.81,99.4799,99.5902,98.631,3117.0,0.0,1.0
2018-04-12,99.48,99.81,99.45,99.5344,98.5757,14002.0,0.0,1.0
2018-04-13,99.8799,99.8799,99.3001,99.5167,98.5582,5184.0,0.0,1.0
2018-04-16,99.61,99.62,99.4917,99.55,98.5912,3425.0,0.0,1.0
2018-04-17,99.62,99.64,99.45,99.559,98.6001,6739.0,0.0,1.0
2018-04-18,99.62,99.62,99.37,99.54,98.5813,32697.0,0.0,1.0
2018-04-19,99.436,99.5,99.43,99.436,98.4783,5002.0,0.0,1.0
2018-04-20,99.5,99.59,99.455,99.53,98.5714,4746.0,0.0,1.0
2018-04-23,99.65,99.65,99.4515,99.4515,98.4936,5279.0,0.0,1.0
2018-04-24,99.62,99.7,99.61,99.6739,98.7139,7979.0,0.0,1.0
2018-04-25,99.6589,99.7,99.63,99.6638,98.7039,4277.0,0.0,1.0
2018-04-26,99.7,99.78,99.69,99.765,98.8041,13142.0,0.0,1.0
2018-04-27,99.795,99.83,99.78,99.82,98.8586,7493.0,0.0,1.0
2018-04-30,99.8,99.8,99.72,99.7627,98.8018,25262.0,0.0,1.0
2018-05-01,99.416,99.4492,99.36,99.36,98.6407,4243.0,0.24,1.0
2018-05-02,99.55,99.58,99.47,99.57,98.8492,12147.0,0.0,1.0
2018-05-03,99.5328,99.569,99.47,99.47,98.7499,15119.0,0.0,1.0
2018-05-04,99.32,99.49,99.32,99.4728,98.7527,4118.0,0.0,1.0
2018-05-07,99.47,99.54,99.32,99.4208,98.7011,13186.0,0.0,1.0
2018-05-08,99.4057,99.45,99.3666,99.4144,98.6947,10139.0,0.0,1.0
2018-05-09,99.32,99.54,99.32,99.4948,98.7745,5838.0,0.0,1.0
2018-05-10,99.5906,99.605,99.5,99.5,98.7797,13216.0,0.0,1.0
2018-05-11,99.44,99.61,99.4,99.5016,98.7813,6275.0,0.0,1.0
2018-05-14,99.6,99.62,99.411,99.59,98.869,11411.0,0.0,1.0
2018-05-15,99.48,99.57,99.48,99.535,98.8144,10309.0,0.0,1.0
2018-05-16,99.7055,99.7399,99.66,99.705,98.9832,19665.0,0.0,1.0
2018-05-17,99.6665,99.7,99.6548,99.679,98.9574,9147.0,0.0,1.0
2018-05-18,99.68,99.7719,99.68,99.7,98.9782,39670.0,0.0,1.0
2018-05-21,99.7,99.7,99.6009,99.6009,98.8799,13192.0,0.0,1.0
2018-05-22,99.7,99.71,99.63,99.6724,98.9508,6625.0,0.0,1.0
2018-05-23,99.77,99.87,99.68,99.87,99.147,5714.0,0.0,1.0
2018-05-24,99.79,99.8292,99.7201,99.78,99.0577,5655.0,0.0,1.0
2018-05-25,101.1392,101.4175,99.73,99.9,99.1768,5202.0,0.0,1.0
2018-05-29,99.87,100.21,99.87,100.14,99.415,17028.0,0.0,1.0
2018-05-30,99.95,101.23,99.62,99.62,98.8988,6296.0,0.0,1.0
2018-05-31,99.5957,100.08,99.5957,99.8861,99.163,5072.0,0.0,1.0
2018-06-01,99.32,99.53,99.251,99.4509,98.9742,6965.0,0.245,1.0
2018-06-04,99.4298,99.54,99.35,99.35,98.8737,4570.0,0.0,1.0
2018-06-05,99.36,99.61,99.36,99.56,99.0827,9401.0,0.0,1.0
2018-06-06,99.59,99.6199,99.4302,99.575,99.0977,11546.0,0.0,1.0
2018-06-07,99.59,99.68,99.53,99.66,99.1823,6306.0,0.0,1.0
2018-06-08,99.58,99.61,99.405,99.5574,99.0802,11193.0,0.0,1.0
2018-06-11,99.47,99.5461,99.4213,99.47,98.9932,2797.0,0.0,1.0
2018-06-12,99.6,99.63,99.3969,99.6,99.1225,9240.0,0.0,1.0
2018-06-13,99.35,99.7318,99.35,99.56,99.0827,18382.0,0.0,1.0
2018-06-14,99.6,99.68,99.4992,99.5958,99.1184,5129.0,0.0,1.0
2018-06-15,99.505,99.74,99.35,99.62,99.1425,14192.0,0.0,1.0
2018-06-18,99.38,99.62,99.38,99.43799999999999,98.9613,7848.0,0.0,1.0
2018-06-19,99.5,99.75,99.473,99.75,99.2718,14712.0,0.0,1.0
2018-06-20,99.89,99.89,99.38,99.59,99.1126,14117.0,0.0,1.0
2018-06-21,99.76,99.87,99.3438,99.5415,99.0643,15558.0,0.0,1.0
2018-06-22,99.45,99.8,99.4318,99.4877,99.0108,10251.0,0.0,1.0
2018-06-25,99.48,99.9,99.48,99.62,99.1425,17245.0,0.0,1.0
2018-06-26,99.67,99.77600000000001,99.5088,99.5238,99.0467,12394.0,0.0,1.0
2018-06-27,99.5433,99.75,99.542,99.69,99.2121,36675.0,0.0,1.0
2018-06-28,99.73,99.91,99.5237,99.6984,99.2205,7941.0,0.0,1.0
2018-06-29,99.916,99.916,99.6456,99.7048,99.2268,6954.0,0.0,1.0
2018-07-02,99.36,99.42,99.36,99.3601,99.1276,7378.0,0.245,1.0
2018-07-03,99.34,99.655,99.34,99.639,99.4059,4060.0,0.0,1.0
2018-07-05,99.37,99.62,99.3638,99.39,99.1575,8141.0,0.0,1.0
2018-07-06,99.4,99.66,99.4,99.4,99.1674,12805.0,0.0,1.0
2018-07-09,99.41,99.72,99.33,99.3972,99.1646,12526.0,0.0,1.0
2018-07-10,99.39,99.499,99.39,99.435,99.2023,2897.0,0.0,1.0
2018-07-11,99.6,99.6,99.3914,99.41,99.1774,1150.0,0.0,1.0
2018-07-12,99.4,99.56,99.4,99.51,99.2772,4857.0,0.0,1.0
2018-07-13,99.54,99.6,99.4,99.413,99.1804,4696.0,0.0,1.0
2018-07-16,99.49,99.82,99.43,99.49,99.2572,10472.0,0.0,1.0
2018-07-17,99.54,99.59,99.4501,99.46,99.2273,6441.0,0.0,1.0
2018-07-18,99.6676,99.78,99.5206,99.67,99.4368,5070.0,0.0,1.0
2018-07-19,99.74,99.86,99.5,99.53,99.2971,20363.0,0.0,1.0
2018-07-20,99.58,99.77,99.5,99.6747,99.4415,16772.0,0.0,1.0
2018-07-23,99.59,99.671,99.46,99.61,99.3769,18962.0,0.0,1.0
2018-07-24,99.52,99.84,99.52,99.6949,99.4616,2847.0,0.0,1.0
2018-07-25,99.5747,99.7999,99.5747,99.67,99.4368,2583.0,0.0,1.0
2018-07-26,99.54,99.77,99.54,99.6148,99.3817,5415.0,0.0,1.0
2018-07-27,99.72200000000001,99.7999,99.54,99.57,99.337,9979.0,0.0,1.0
2018-07-30,99.57,99.73,99.55,99.7199,99.4866,16804.0,0.0,1.0
2018-07-31,99.62,99.78,99.62,99.7,99.4667,3700.0,0.0,1.0
2018-08-01,99.38,99.6299,99.351,99.351,99.351,2653.0,0.233,1.0
2018-08-02,99.54,99.5594,99.416,99.55,99.55,4545.0,0.0,1.0
2018-08-03,99.49,99.74,99.4161,99.42,99.42,3994.0,0.0,1.0
2018-08-06,99.73,99.73,99.39,99.55,99.55,7631.0,0.0,1.0
2018-08-07,99.46,99.6699,99.3629,99.4999,99.4999,7391.0,0.0,1.0
2018-08-08,99.72,99.72,99.4032,99.5725,99.5725,4287.0,0.0,1.0
2018-08-09,99.4945,99.5912,99.441,99.49799999999999,99.49799999999999,5923.0,0.0,1.0
2018-08-10,99.70200000000001,99.885,99.5094,99.625,99.625,7631.0,0.0,1.0
2018-08-13,99.64,99.8562,99.4611,99.8562,99.8562,7992.0,0.0,1.0
2018-08-14,99.5,99.735,99.5,99.52,99.52,7397.0,0.0,1.0
