date,Open,High,Low,Close,Adj Close,Volume,Dividends,Stock Splits
2015-10-20,20.219998999999998,20.219998999999998,20.219998999999998,20.219998999999998,18.55323,0,0.0,1.0
2015-10-21,20.26,20.26,20.26,20.26,18.58993,200,0.0,1.0
2015-10-22,20.26,20.26,20.26,20.26,18.58993,0,0.0,1.0
2015-10-23,20.24,20.24,20.24,20.24,18.571585,1300,0.0,1.0
2015-10-26,20.24,20.24,20.24,20.24,18.571585,0,0.0,1.0
2015-10-27,20.323999,20.323999,20.323999,20.323999,18.648660999999997,1000,0.0,1.0
2015-10-28,20.290001,20.290001,20.290001,20.290001,18.617458,300,0.0,1.0
2015-10-29,20.290001,20.290001,20.290001,20.290001,18.617458,0,0.0,1.0
2015-10-30,20.290001,20.290001,20.290001,20.290001,18.617458,0,0.0,1.0
2015-11-02,20.059998999999998,20.1,20.059998999999998,20.1,18.468603,2600,0.027999999999999997,1.0
2015-11-03,19.99,20.02,19.99,20.02,18.395101999999998,800,0.0,1.0
2015-11-04,20.077,20.077,19.99,19.99,18.367537,2100,0.0,1.0
2015-11-05,20.0,20.0,20.0,20.0,18.376724,500,0.0,1.0
2015-11-06,19.92,19.92,19.92,19.92,18.303214999999998,1000,0.0,1.0
2015-11-09,19.860001,19.889999,19.85,19.889999,18.275656,2200,0.0,1.0
2015-11-10,19.889999,19.889999,19.889999,19.889999,18.275656,0,0.0,1.0
2015-11-11,19.889999,19.889999,19.889999,19.889999,18.275656,0,0.0,1.0
2015-11-12,19.93,19.93,19.9,19.9,18.284836,1900,0.0,1.0
2015-11-13,19.940001000000002,19.940001000000002,19.940001000000002,19.940001000000002,18.321592000000003,200,0.0,1.0
2015-11-16,19.940001000000002,19.940001000000002,19.940001000000002,19.940001000000002,18.321592000000003,0,0.0,1.0
2015-11-17,19.950001,19.950001,19.950001,19.950001,18.330786,100,0.0,1.0
2015-11-18,19.98,19.98,19.962,19.98,18.358351000000003,2100,0.0,1.0
2015-11-19,19.98,19.98,19.98,19.98,18.358351000000003,0,0.0,1.0
2015-11-20,20.0,20.040001,20.0,20.040001,18.413481,7200,0.0,1.0
2015-11-23,20.0,20.0,19.98,19.997,18.373967999999998,1300,0.0,1.0
2015-11-24,20.0,20.0,19.99,20.0,18.376724,2200,0.0,1.0
2015-11-25,20.0,20.0,20.0,20.0,18.376724,0,0.0,1.0
2015-11-27,20.040001,20.040001,20.040001,20.040001,18.413481,100,0.0,1.0
2015-11-30,20.049999,20.049999,20.049999,20.049999,18.422672,3700,0.0,1.0
2015-12-01,20.198999,20.198999,20.198999,20.198999,18.614349,8000,0.059000000000000004,1.0
2015-12-02,20.07,20.07,20.0,20.0,18.43096,11100,0.0,1.0
2015-12-03,19.93,19.93,19.77,19.77,18.219011,2500,0.0,1.0
2015-12-04,19.91,19.959999,19.875999,19.959999,18.3941,6100,0.0,1.0
2015-12-07,20.040001,20.040001,20.035999,20.040001,18.467823000000003,1500,0.0,1.0
2015-12-08,20.0,20.0,20.0,20.0,18.43096,1500,0.0,1.0
2015-12-09,20.0,20.0,20.0,20.0,18.43096,0,0.0,1.0
2015-12-10,20.0,20.0,19.940001000000002,19.940001000000002,18.375669,3900,0.0,1.0
2015-12-11,19.969998999999998,19.969998999999998,19.969998999999998,19.969998999999998,18.403315,700,0.0,1.0
2015-12-14,19.9,22.700001,19.74,19.74,18.191357,10600,0.0,1.0
2015-12-15,19.74,19.74,19.74,19.74,18.191357,0,0.0,1.0
2015-12-16,19.74,19.98,19.73,19.73,18.182146,7900,0.0,1.0
2015-12-17,19.76,19.790001,19.76,19.780001000000002,18.228216,7600,0.0,1.0
2015-12-18,19.83,19.83,19.790001,19.790001,18.237434,4800,0.0,1.0
2015-12-21,19.790001,19.809998999999998,19.790001,19.799999,18.246651,11000,0.0,1.0
2015-12-22,19.799999,19.799999,19.77,19.77,18.219011,4300,0.0,1.0
2015-12-23,19.799999,19.799999,19.799999,19.799999,18.246651,1200,0.0,1.0
2015-12-24,19.818001000000002,19.82,19.808001,19.808001,18.254015,3200,0.0,1.0
2015-12-28,19.77,19.82,19.764999,19.815001000000002,18.260479,5700,0.0,1.0
2015-12-29,19.780001000000002,19.780001000000002,19.75,19.75,18.257704,4500,0.062,1.0
2015-12-30,19.665001,19.665001,19.665001,19.665001,18.179129,5600,0.0,1.0
2015-12-31,19.700001,19.719998999999998,19.639999,19.639999,18.156015,14000,0.0,1.0
2016-01-04,19.77,19.77,19.74,19.74,18.248457000000002,1900,0.0,1.0
2016-01-05,19.82,19.84,19.785999,19.84,18.340904000000002,11600,0.0,1.0
2016-01-06,19.860001,19.940001000000002,19.85,19.879998999999998,18.377874,15500,0.0,1.0
2016-01-07,19.799999,19.827999,19.77,19.827999,18.329805,7700,0.0,1.0
2016-01-08,19.927999,20.25,19.895,19.93,18.424103,27400,0.0,1.0
2016-01-11,19.843,19.870001000000002,19.843,19.862,18.36124,3800,0.0,1.0
2016-01-12,19.959999,19.969998999999998,19.889999,19.940001000000002,18.433342,16200,0.0,1.0
2016-01-13,19.93,19.969998999999998,19.93,19.962,18.453688,7500,0.0,1.0
2016-01-14,19.93,19.93,19.832001,19.885,18.382504,11900,0.0,1.0
2016-01-15,19.85,19.860001,19.77,19.77,18.276192,2100,0.0,1.0
2016-01-19,19.799999,19.858,19.719998999999998,19.799999,18.303921,7100,0.0,1.0
2016-01-20,19.809998999999998,19.809998999999998,19.76,19.780001000000002,18.285431,7000,0.0,1.0
2016-01-21,19.76,19.76,19.666,19.67,18.183746,2200,0.0,1.0
2016-01-22,19.709999,19.870001000000002,19.67,19.75,18.257704,15800,0.0,1.0
2016-01-25,19.780001000000002,19.780001000000002,19.73,19.780001000000002,18.285431,2900,0.0,1.0
2016-01-26,19.756001,19.860001,19.756001,19.809998999999998,18.313169,8700,0.0,1.0
2016-01-27,19.700001,19.799999,19.700001,19.799999,18.303921,4100,0.0,1.0
2016-01-28,19.76,19.82,19.76,19.82,18.322411,7400,0.0,1.0
2016-01-29,19.889999,19.92,19.853001000000003,19.889999,18.387114999999998,9900,0.0,1.0
2016-02-01,19.790001,19.809998999999998,19.745001000000002,19.780001000000002,18.317669,9800,0.035,1.0
2016-02-02,19.82,19.91,19.790001,19.827999,18.362116,6100,0.0,1.0
2016-02-03,19.870001000000002,19.93,19.780001000000002,19.82,18.35471,5900,0.0,1.0
2016-02-04,19.799999,19.950001,19.75,19.83,18.363970000000002,12100,0.0,1.0
2016-02-05,19.77,19.85,19.719998999999998,19.85,18.382492000000003,7000,0.0,1.0
2016-02-08,19.82,19.889999,19.82,19.82,18.35471,2800,0.0,1.0
2016-02-09,19.940001000000002,19.940001000000002,19.85,19.889999,18.419535,5800,0.0,1.0
2016-02-10,19.860001,19.959999,19.82,19.860001,18.391756,8200,0.0,1.0
2016-02-11,19.799999,19.98,19.73,19.790001,18.326926999999998,8900,0.0,1.0
2016-02-12,19.809998999999998,19.860001,19.704,19.74,18.280624,4100,0.0,1.0
2016-02-16,19.74,19.74,19.665001,19.68,18.225065,14900,0.0,1.0
2016-02-17,19.790001,19.83,19.68,19.700001,18.243584,10600,0.0,1.0
2016-02-18,19.789,19.92,19.789,19.83,18.363970000000002,18800,0.0,1.0
2016-02-19,19.834999,19.950001,19.806998999999998,19.806998999999998,18.342674,24200,0.0,1.0
2016-02-22,19.91,20.33,19.882,19.92,18.447319,34900,0.0,1.0
2016-02-23,19.84,20.08,19.82,19.913,18.440834,9700,0.0,1.0
2016-02-24,20.027,20.027,19.964001,19.964001,18.488066,4500,0.0,1.0
2016-02-25,20.040001,20.09,20.040001,20.09,18.604746,3400,0.0,1.0
2016-02-26,20.014999,20.030001000000002,19.985001,20.030001000000002,18.549185,20700,0.0,1.0
2016-02-29,19.99,21.43,19.969998999999998,20.07,18.586226999999997,16200,0.0,1.0
2016-03-01,19.959999,20.139999,19.940001000000002,19.959999,18.484360000000002,9100,0.0,1.0
2016-03-02,19.889999,20.27,19.858,19.93,18.456579,10900,0.0,1.0
2016-03-03,19.93,20.0,19.923,20.0,18.521404,7900,0.0,1.0
2016-03-04,19.99,20.0,19.905001000000002,19.98,18.502886,35200,0.0,1.0
2016-03-07,19.879998999999998,19.91,19.879998999999998,19.91,18.438057,2700,0.0,1.0
2016-03-08,20.1,20.1,20.016001,20.059998999999998,18.576975,2900,0.0,1.0
2016-03-09,20.049999,20.049999,19.987,19.987,18.509363,45900,0.0,1.0
2016-03-10,20.040001,20.040001,19.9,19.99,18.51214,3400,0.0,1.0
2016-03-11,20.059998999999998,20.065001000000002,20.02,20.065001000000002,18.581598,7800,0.0,1.0
2016-03-14,20.049999,20.153999,20.040001,20.040001,18.558451,12300,0.0,1.0
2016-03-15,20.120001000000002,20.129998999999998,20.040001,20.040001,18.558451,11100,0.0,1.0
2016-03-16,20.120001000000002,20.26,20.1,20.26,18.762182,12400,0.0,1.0
2016-03-17,20.23,20.280001000000002,20.209999,20.280001000000002,18.780706,6900,0.0,1.0
2016-03-18,20.32,20.32,20.275,20.275,18.776073,2500,0.0,1.0
2016-03-21,20.309998999999998,20.370001000000002,20.309998999999998,20.370001000000002,18.864046,2800,0.0,1.0
2016-03-22,20.32,20.32,20.209999,20.25,18.75292,16700,0.0,1.0
2016-03-23,20.368999,20.379998999999998,20.360001,20.379998999999998,18.87331,3800,0.0,1.0
2016-03-24,20.389999,20.4,20.367001000000002,20.4,18.89183,5000,0.0,1.0
2016-03-28,20.41,20.41,20.370001000000002,20.4,18.89183,3400,0.0,1.0
2016-03-29,20.51,20.639999,20.49,20.559998999999998,19.040001,26200,0.0,1.0
2016-03-30,20.5,20.51,20.42,20.495001000000002,18.979807,6900,0.0,1.0
2016-03-31,20.48,20.57,20.440001000000002,20.545,19.02611,16600,0.0,1.0
2016-04-01,20.49,20.639999,20.452,20.530001000000002,19.066975,20800,0.059000000000000004,1.0
2016-04-04,20.52,20.52,20.451,20.514999,19.053047,14000,0.0,1.0
2016-04-05,20.559998999999998,20.57,20.532,20.532,19.068834,5800,0.0,1.0
2016-04-06,20.549999,20.57,20.472,20.57,19.104118,9500,0.0,1.0
2016-04-07,20.562,20.562,20.562,20.562,19.096695,600,0.0,1.0
2016-04-08,20.629998999999998,20.639999,20.59,20.639999,19.16914,3300,0.0,1.0
2016-04-11,20.52,20.542,20.52,20.542,19.078115,1000,0.0,1.0
2016-04-12,20.481001000000003,20.559998999999998,20.481001000000003,20.530001000000002,19.066975,9100,0.0,1.0
2016-04-13,20.530001000000002,20.569,20.530001000000002,20.559998999999998,19.094837,3000,0.0,1.0
2016-04-14,20.58,20.58,20.521,20.521,19.058615,3400,0.0,1.0
2016-04-15,20.58,20.66,20.58,20.66,19.187714,18700,0.0,1.0
2016-04-18,20.620001000000002,20.67,20.610001,20.610001,19.141275,2100,0.0,1.0
2016-04-19,20.67,20.719998999999998,20.65,20.66,19.187714,3700,0.0,1.0
2016-04-20,20.719998999999998,20.77,20.690001000000002,20.690001000000002,19.215578,6500,0.0,1.0
2016-04-21,20.59,20.629998999999998,20.57,20.57,19.104118,33500,0.0,1.0
2016-04-22,20.618,20.68,20.618,20.68,19.206285,8000,0.0,1.0
2016-04-25,20.659,20.659,20.629998999999998,20.639999,19.16914,9300,0.0,1.0
2016-04-26,20.629998999999998,20.66,20.629998999999998,20.66,19.187714,300700,0.0,1.0
2016-04-27,20.68,20.77,20.650999,20.77,19.289875,3700,0.0,1.0
2016-04-28,20.74,20.780001000000002,20.738001,20.780001000000002,19.299166,5900,0.0,1.0
2016-04-29,20.749001,20.82,20.738001,20.799999,19.317733999999998,29300,0.0,1.0
2016-05-02,20.790001,20.809998999999998,20.700001,20.809998999999998,19.360530999999998,20300,0.036000000000000004,1.0
2016-05-03,20.827,20.83,20.825001,20.825001,19.374482999999998,4100,0.0,1.0
2016-05-04,20.780001000000002,20.82,20.714001,20.82,19.369839000000002,9600,0.0,1.0
2016-05-05,20.790001,20.85,20.790001,20.85,19.397743,7600,0.0,1.0
2016-05-06,20.790001,20.82,20.790001,20.811001,19.36146,7800,0.0,1.0
2016-05-09,20.82,20.84,20.790001,20.805,19.355879,19000,0.0,1.0
2016-05-10,20.799999,20.84,20.75,20.775,19.327970999999998,15500,0.0,1.0
2016-05-11,20.799999,21.15,20.790001,20.860001,19.407053,6400,0.0,1.0
2016-05-12,20.839001,20.839001,20.77,20.780001000000002,19.332624,12800,0.0,1.0
2016-05-13,20.809998999999998,20.839001,20.75,20.839001,19.387512,1200,0.0,1.0
2016-05-16,20.829,20.83,20.75,20.778999,19.33169,16400,0.0,1.0
2016-05-17,20.74,20.809998999999998,20.73,20.73,19.286102,9100,0.0,1.0
2016-05-18,20.73,20.73,20.598,20.598,19.1633,5600,0.0,1.0
2016-05-19,20.59,20.629998999999998,20.527,20.610001,19.174460999999997,10200,0.0,1.0
2016-05-20,20.65,20.66,20.639999,20.65,19.211676,6300,0.0,1.0
2016-05-23,20.659,20.67,20.59,20.67,19.23028,4800,0.0,1.0
2016-05-24,20.622999,20.635,20.6,20.629998999999998,19.193066,3500,0.0,1.0
2016-05-25,20.674,20.690001000000002,20.59,20.624001,19.187485000000002,4600,0.0,1.0
2016-05-26,20.729,20.75,20.620001000000002,20.674,19.234007000000002,5100,0.0,1.0
2016-05-27,20.715,20.757998999999998,20.629998999999998,20.700001,19.2582,19000,0.0,1.0
2016-05-31,20.700001,20.709999,20.6,20.709999,19.267492,59600,0.0,1.0
2016-06-01,20.709999,20.709999,20.639999,20.639999,19.246983,2100,0.048,1.0
2016-06-02,20.73,20.73,20.673,20.673,19.277754,3900,0.0,1.0
2016-06-03,20.860001,20.870001000000002,20.816,20.870001000000002,19.461456,11900,0.0,1.0
2016-06-06,20.84,20.848,20.75,20.848,19.440943,3700,0.0,1.0
2016-06-07,20.909,20.91,20.809998999999998,20.871,19.462391,6800,0.0,1.0
2016-06-08,20.9,20.91,20.809998999999998,20.9,19.489431,8400,0.0,1.0
2016-06-09,20.940001000000002,20.969998999999998,20.882,20.92,19.508083,11100,0.0,1.0
2016-06-10,20.959999,21.01,20.947001,20.973,19.557508,10500,0.0,1.0
2016-06-13,20.98,20.98,20.940001000000002,20.959999,19.545379999999998,10300,0.0,1.0
2016-06-14,20.959999,20.959999,20.896998999999997,20.9,19.489431,7300,0.0,1.0
2016-06-15,20.958,20.98,20.92,20.969998999999998,19.554707999999998,2100,0.0,1.0
2016-06-16,20.969998999999998,20.969998999999998,20.92,20.92,19.508083,6800,0.0,1.0
2016-06-17,20.950001,20.950001,20.889999,20.91,19.498758,6000,0.0,1.0
2016-06-20,20.870001000000002,20.870001000000002,20.804001,20.860001,19.452137,8100,0.0,1.0
2016-06-21,20.85,20.870001000000002,20.83,20.83,19.42416,10900,0.0,1.0
2016-06-22,20.858,20.858,20.83,20.83,19.42416,2200,0.0,1.0
2016-06-23,20.889999,20.889999,20.879998999999998,20.879998999999998,19.470785,3000,0.0,1.0
2016-06-24,20.92,21.139999,20.92,21.02,19.601337,36700,0.0,1.0
2016-06-27,21.110001,21.120001000000002,21.028999,21.1,19.675933999999998,9000,0.0,1.0
2016-06-28,21.143998999999997,21.200001,21.143998999999997,21.200001,19.76919,2000,0.0,1.0
2016-06-29,21.190001000000002,21.209999,21.120001000000002,21.16,19.731886,15000,0.0,1.0
2016-06-30,21.17,21.25,21.16,21.188999,19.75893,8000,0.0,1.0
2016-07-01,21.229,21.239,21.181998999999998,21.239,19.854275,5300,0.052000000000000005,1.0
2016-07-05,21.249001,21.280001000000002,21.243999,21.280001000000002,19.892601000000003,3400,0.0,1.0
2016-07-06,21.35,21.379998999999998,21.280001000000002,21.280001000000002,19.892601000000003,12900,0.0,1.0
2016-07-07,21.299999,21.34,21.274,21.34,19.948694,13600,0.0,1.0
2016-07-08,21.34,21.790001,21.323,21.35,19.95804,9900,0.0,1.0
2016-07-11,21.389999,21.41,21.32,21.35,19.95804,7500,0.0,1.0
2016-07-12,21.309998999999998,21.309998999999998,21.235001,21.245001000000002,19.85989,6000,0.0,1.0
2016-07-13,21.309998999999998,21.35,21.25,21.34,19.948694,9700,0.0,1.0
2016-07-14,21.280001000000002,21.299999,21.268998999999997,21.299999,19.911301,6200,0.0,1.0
2016-07-15,21.221001,21.23,21.162001,21.18,19.799128,10000,0.0,1.0
2016-07-18,21.23,21.27,21.181,21.24,19.855215,6600,0.0,1.0
2016-07-19,21.26,21.268998999999997,21.15,21.268998999999997,19.88232,10200,0.0,1.0
2016-07-20,21.24,21.264999,21.219998999999998,21.26,19.873913,4800,0.0,1.0
2016-07-21,21.219998999999998,21.309998999999998,21.219998999999998,21.309998999999998,19.920652,3500,0.0,1.0
2016-07-22,21.280001000000002,21.34,21.280001000000002,21.309998999999998,19.920652,13900,0.0,1.0
2016-07-25,21.299999,21.309998999999998,21.26,21.27,19.883255,1900,0.0,1.0
2016-07-26,21.27,21.280001000000002,21.190001000000002,21.280001000000002,19.892601000000003,12200,0.0,1.0
2016-07-27,21.299999,21.33,21.275,21.329,19.93841,12500,0.0,1.0
2016-07-28,21.280001000000002,21.33,21.280001000000002,21.32,19.929996,27100,0.0,1.0
2016-07-29,21.34,21.389999,21.34,21.389999,19.995432,6400,0.0,1.0
2016-08-01,21.27,21.299999,21.209999,21.25,19.911102,15000,0.05,1.0
2016-08-02,21.17,21.18,21.128,21.128,19.796787,3800,0.0,1.0
2016-08-03,21.15,21.200001,21.121,21.200001,19.86426,3200,0.0,1.0
2016-08-04,21.26,21.309998999999998,21.26,21.271,19.930779,4800,0.0,1.0
2016-08-05,21.23,21.23,21.16,21.18,19.845518,16700,0.0,1.0
2016-08-08,21.15,21.190001000000002,21.15,21.18,19.845518,2500,0.0,1.0
2016-08-09,21.219998999999998,21.27,21.219998999999998,21.26,19.920476999999998,9800,0.0,1.0
2016-08-10,21.254,21.309998999999998,21.23,21.309998999999998,19.967321,5400,0.0,1.0
2016-08-11,21.264999,21.32,21.23,21.23,19.892364999999998,4900,0.0,1.0
2016-08-12,21.32,21.34,21.27,21.27,19.929844,10800,0.0,1.0
2016-08-15,21.309998999999998,21.33,21.280001000000002,21.290001,19.948584,2800,0.0,1.0
2016-08-16,21.290001,21.290001,21.249001,21.249001,19.91017,3300,0.0,1.0
2016-08-17,21.27,21.290001,21.209999,21.278,19.937338,14600,0.0,1.0
2016-08-18,21.280001000000002,21.370001000000002,21.280001000000002,21.360001,20.014175,11500,0.0,1.0
2016-08-19,21.290001,21.290001,21.256001,21.27,19.929844,6700,0.0,1.0
2016-08-22,21.290001,21.360001,21.290001,21.35,20.004801,13800,0.0,1.0
2016-08-23,21.370001000000002,21.370001000000002,21.360001,21.360001,20.014175,1700,0.0,1.0
2016-08-24,21.308001,21.370001000000002,21.308001,21.339001,19.994493,15900,0.0,1.0
2016-08-25,21.34,21.365,21.309998999999998,21.34,19.995432,29900,0.0,1.0
2016-08-26,21.34,21.41,21.250999,21.280001000000002,19.939217000000003,7700,0.0,1.0
2016-08-29,21.299,21.370001000000002,21.295,21.360001,20.014175,45700,0.0,1.0
2016-08-30,21.35,21.35,21.334999,21.334999,19.990745999999998,18600,0.0,1.0
2016-08-31,21.334999,21.334999,21.33,21.33,19.986065,1200,0.0,1.0
2016-09-01,21.209999,21.309998999999998,21.209999,21.280001000000002,19.939217000000003,5600,0.0,1.0
2016-09-02,21.257998999999998,21.26,21.198,21.25,19.911102,13800,0.0,1.0
2016-09-06,21.299999,21.34,21.292999,21.332001,19.98794,22000,0.0,1.0
2016-09-07,21.334,21.35,21.299999,21.333,19.988871,29900,0.0,1.0
2016-09-08,21.280001000000002,21.290001,21.190001000000002,21.195999,19.860502,6700,0.0,1.0
2016-09-09,21.09,21.09,21.021998999999997,21.028999,19.704027,11000,0.0,1.0
2016-09-12,21.049999,21.1,21.01,21.09,19.761187,6000,0.0,1.0
2016-09-13,21.059998999999998,21.059998999999998,20.937,20.969998999999998,19.648745,8100,0.0,1.0
2016-09-14,21.02,21.040001,20.983999,21.025,19.700281,11500,0.0,1.0
2016-09-15,21.030001000000002,21.09,21.02,21.07,19.742449,15900,0.0,1.0
2016-09-16,21.049999,21.049999,21.004998999999998,21.02,19.695597,6700,0.0,1.0
2016-09-19,21.059998999999998,21.059998999999998,21.013,21.040001,19.714336,8200,0.0,1.0
2016-09-20,21.07,21.1,21.049999,21.1,19.770554,2000,0.0,1.0
2016-09-21,21.049999,21.110001,21.034,21.110001,19.779927999999998,12600,0.0,1.0
2016-09-22,21.15,21.18,21.146,21.17,19.836143,11300,0.0,1.0
2016-09-23,21.198999,21.216,21.181998999999998,21.195,19.859573,7300,0.0,1.0
2016-09-26,21.24,21.280001000000002,21.23,21.26,19.920476999999998,4800,0.0,1.0
2016-09-27,21.25,21.27,21.24,21.27,19.929844,2600,0.0,1.0
2016-09-28,21.280001000000002,21.309998999999998,21.27,21.299999,19.957952,9800,0.0,1.0
2016-09-29,21.25,21.280001000000002,21.24,21.27,19.929844,30700,0.0,1.0
2016-09-30,21.299999,21.309998999999998,21.23,21.26,19.920476999999998,23100,0.0,1.0
2016-10-03,21.190001000000002,21.190001000000002,21.129998999999998,21.16,19.873516,16500,0.05,1.0
2016-10-04,21.139999,21.15,21.061001,21.09,19.807766,11000,0.0,1.0
2016-10-05,21.09,21.093,21.040001,21.063,19.782410000000002,12900,0.0,1.0
2016-10-06,21.08,21.120001000000002,21.02,21.02,19.742023,18800,0.0,1.0
2016-10-07,21.08,21.08,21.018,21.07,19.788988,6200,0.0,1.0
2016-10-10,21.049999,21.08,21.028,21.08,19.798374,9500,0.0,1.0
2016-10-11,21.059998999999998,21.07,21.018,21.024,19.745785,3600,0.0,1.0
2016-10-12,21.059998999999998,21.07,21.049999,21.065001000000002,19.784288,10300,0.0,1.0
2016-10-13,21.1,21.129,21.059998999999998,21.120001000000002,19.835947,20000,0.0,1.0
2016-10-14,21.049999,21.118999,21.030001000000002,21.030001000000002,19.751417,3000,0.0,1.0
2016-10-17,21.09,21.110001,21.072001,21.1,19.817163,9000,0.0,1.0
2016-10-18,21.110001,21.17,21.1,21.129,19.844397,26600,0.0,1.0
2016-10-19,21.143,21.190001000000002,21.128,21.136,19.850973,139800,0.0,1.0
2016-10-20,21.18,21.18,21.120001000000002,21.129,19.844397,24200,0.0,1.0
2016-10-21,21.16,21.190001000000002,21.141001,21.18,19.892303,18600,0.0,1.0
2016-10-24,21.139999,21.139999,21.1,21.108,19.824669,6900,0.0,1.0
2016-10-25,21.15,21.15,21.1,21.129998999999998,19.845337,18300,0.0,1.0
2016-10-26,21.08,21.1,21.059,21.07,19.788988,13400,0.0,1.0
2016-10-27,21.01,21.01,20.959,20.981001000000003,19.7054,20400,0.0,1.0
2016-10-28,20.989,20.989,20.955999,20.968,19.693185999999997,2200,0.0,1.0
2016-10-31,21.02,21.02,20.98,20.98,19.704454000000002,11900,0.0,1.0
2016-11-01,20.870001000000002,20.940001000000002,20.870001000000002,20.940001000000002,19.708223,7100,0.044000000000000004,1.0
2016-11-02,20.940001000000002,22.15,20.9,20.9,19.67057,54600,0.0,1.0
2016-11-03,20.934,20.934,20.864,20.864,19.636698000000003,7800,0.0,1.0
2016-11-04,20.957001,20.99,20.92,20.92,19.6894,9800,0.0,1.0
2016-11-07,20.940001000000002,20.940001000000002,20.879998999999998,20.934998999999998,19.703516,6900,0.0,1.0
2016-11-08,20.93,20.93,20.834,20.856001000000003,19.629162,17600,0.0,1.0
2016-11-09,20.75,20.763,20.629998999999998,20.629998999999998,19.416454,27700,0.0,1.0
2016-11-10,20.610001,20.639999,20.499001,20.507998999999998,19.301634,14700,0.0,1.0
2016-11-11,20.545,20.549999,20.426001,20.51,19.303518,8400,0.0,1.0
2016-11-14,20.360001,20.75,20.330999,20.351,19.153872,10900,0.0,1.0
2016-11-15,20.5,20.690001000000002,20.389999,20.497999,19.292219,6200,0.0,1.0
2016-11-16,20.360001,20.780001000000002,20.360001,20.4,19.199987,12500,0.0,1.0
2016-11-17,20.393998999999997,20.42,20.327999,20.33,19.134104,16900,0.0,1.0
2016-11-18,20.26,20.35,20.191999,20.222,19.032460999999998,14900,0.0,1.0
2016-11-21,20.263,20.280001000000002,20.200001,20.26,19.068217999999998,22400,0.0,1.0
2016-11-22,20.309998999999998,20.309998999999998,20.236,20.290001,19.09646,9300,0.0,1.0
2016-11-23,20.188,20.24,20.139999,20.23,19.039986,30600,0.0,1.0
2016-11-25,20.24,20.25,20.209999,20.209999,19.021162,2900,0.0,1.0
2016-11-28,20.289,20.32,20.219998999999998,20.299999,19.105864,23100,0.0,1.0
2016-11-29,20.27,20.33,20.25,20.309998999999998,19.115278,13100,0.0,1.0
2016-11-30,20.16,20.27,20.16,20.23,19.039986,12300,0.0,1.0
2016-12-01,20.101,20.139999,20.046,20.139999,19.004131,18000,0.052000000000000005,1.0
2016-12-02,20.200001,20.219998999999998,20.110001,20.200001,19.060743,21000,0.0,1.0
2016-12-05,20.17,20.24,20.120001000000002,20.209999,19.070180999999998,24200,0.0,1.0
2016-12-06,20.25,20.25,20.16,20.17,19.032432999999997,54100,0.0,1.0
2016-12-07,20.232,20.33,20.212,20.280001000000002,19.136232,14500,0.0,1.0
2016-12-08,20.25,20.27,20.219998999999998,20.24,19.098484,254400,0.0,1.0
2016-12-09,20.27,20.280001000000002,20.08,20.200001,19.060743,76600,0.0,1.0
2016-12-12,20.16,20.17,20.1,20.17,19.032432999999997,13800,0.0,1.0
2016-12-13,20.110001,20.209999,20.08,20.18,19.041872,14200,0.0,1.0
2016-12-14,20.239,20.25,20.0,20.01,18.881462,22200,0.0,1.0
2016-12-15,20.021,20.040001,19.93,19.950001,18.824844,140800,0.0,1.0
2016-12-16,20.02,20.099001,20.004998999999998,20.028,18.898447,15500,0.0,1.0
2016-12-19,20.040001,20.108999,20.01,20.059998999999998,18.928642,12000,0.0,1.0
2016-12-20,19.969998999999998,20.07,19.969998999999998,20.01,18.881462,8400,0.0,1.0
2016-12-21,20.07,20.110001,20.049999,20.1,18.966389000000003,16300,0.0,1.0
2016-12-22,20.075001,20.113001,20.030001000000002,20.059998999999998,18.928642,3100,0.0,1.0
2016-12-23,20.139999,20.139999,20.07,20.103001000000003,18.969219,3400,0.0,1.0
2016-12-27,20.02,20.120001000000002,20.02,20.08,18.947514,20400,0.0,1.0
2016-12-28,20.030001000000002,20.059998999999998,19.959999,20.040001,19.01869,5400,0.115,1.0
2016-12-29,20.139999,20.139999,20.09,20.101999,19.07753,11100,0.0,1.0
2016-12-30,20.1,20.190001000000002,20.1,20.16,19.132573999999998,6300,0.0,1.0
2017-01-03,20.139999,20.209999,20.101999,20.200001,19.170536,29100,0.0,1.0
2017-01-04,20.190001000000002,20.209999,20.139999,20.183001,19.154404,40000,0.0,1.0
2017-01-05,20.193001000000002,20.290001,20.181,20.275,19.241718,25900,0.0,1.0
2017-01-06,20.24,20.250999,20.209999,20.23,19.199007,22000,0.0,1.0
2017-01-09,20.280001000000002,20.280001000000002,20.216998999999998,20.24,19.2085,2600,0.0,1.0
2017-01-10,20.289,20.290001,20.23,20.27,19.236973000000003,6300,0.0,1.0
2017-01-11,20.235001,20.290001,20.235001,20.290001,19.255955,9400,0.0,1.0
2017-01-12,20.34,20.360001,20.280001000000002,20.309998999999998,19.274931,8200,0.0,1.0
2017-01-13,20.25,20.25,20.205,20.24,19.2085,15800,0.0,1.0
2017-01-17,20.33,20.360001,20.295,20.32,19.28442,41600,0.0,1.0
2017-01-18,20.290001,20.299999,20.139999,20.139999,19.113595999999998,12400,0.0,1.0
2017-01-19,20.16,20.610001,20.120001000000002,20.190001000000002,19.161051,32300,0.0,1.0
2017-01-20,20.129998999999998,20.186001,20.110001,20.120001000000002,19.094614,23200,0.0,1.0
2017-01-23,20.167,20.280001000000002,20.160999,20.18,19.15156,8000,0.0,1.0
2017-01-24,20.219998999999998,20.219998999999998,20.1,20.110001,19.085125,7400,0.0,1.0
2017-01-25,20.23,20.23,20.049999,20.09,19.066145000000002,7700,0.0,1.0
2017-01-26,20.049999,20.15,20.049999,20.15,19.123089,10800,0.0,1.0
2017-01-27,20.16,20.17,20.120001000000002,20.17,19.142070999999998,15000,0.0,1.0
2017-01-30,20.17,20.200001,20.17,20.17,19.142070999999998,9900,0.0,1.0
2017-01-31,20.139999,20.23,20.139999,20.215,19.184776,35200,0.0,1.0
2017-02-01,20.110001,20.16,20.07,20.125,19.154316,22600,0.057999999999999996,1.0
2017-02-02,20.155001000000002,20.155001000000002,20.08,20.132998999999998,19.161928,36400,0.0,1.0
2017-02-03,20.18,20.205999,20.08,20.110001,19.140043,68900,0.0,1.0
2017-02-06,20.17,20.23,20.157,20.23,19.25425,8000,0.0,1.0
2017-02-07,20.25,20.289,20.233999,20.26,19.282804000000002,7700,0.0,1.0
2017-02-08,20.305,20.322001,20.27,20.295,19.316118,9600,0.0,1.0
2017-02-09,20.24,20.27,20.209999,20.225,19.249493,16000,0.0,1.0
2017-02-10,20.200001,20.23,20.16,20.219998999999998,19.244734,27900,0.0,1.0
2017-02-13,20.200001,20.219998999999998,20.16,20.190001000000002,19.216185,19400,0.0,1.0
2017-02-14,20.183001,20.190001000000002,20.07,20.15,19.178114,21700,0.0,1.0
2017-02-15,20.124001,20.145,20.08,20.120001000000002,19.149557,27400,0.0,1.0
2017-02-16,20.24,20.24,20.205,20.209999,19.235212,4800,0.0,1.0
2017-02-17,20.254998999999998,20.27,20.233,20.252001,19.275192,30100,0.0,1.0
2017-02-21,20.24,20.290001,20.18,20.26,19.282804000000002,34900,0.0,1.0
2017-02-22,20.26,20.290001,20.209999,20.290001,19.311359,6900,0.0,1.0
2017-02-23,20.32,20.35,20.290001,20.33,19.349428,23800,0.0,1.0
2017-02-24,20.4,20.440001000000002,20.360001,20.43,19.444603,17400,0.0,1.0
2017-02-27,20.42,20.42,20.34,20.370001000000002,19.387499,7400,0.0,1.0
2017-02-28,20.4,20.43,20.385,20.389999,19.406534,12700,0.0,1.0
2017-03-01,20.25,20.261,20.190001000000002,20.200001,19.262543,110000,0.039,1.0
2017-03-02,20.204,20.219998999999998,20.139999,20.219998999999998,19.28162,27200,0.0,1.0
2017-03-03,20.219998999999998,20.219998999999998,20.139999,20.205,19.267311,26500,0.0,1.0
2017-03-06,20.198,20.209999,20.139999,20.18,19.243471,5800,0.0,1.0
2017-03-07,20.139999,20.176001,20.110001,20.110001,19.176725,9700,0.0,1.0
2017-03-08,20.079,20.1,20.066,20.091,19.158598,8300,0.0,1.0
2017-03-09,20.049999,20.049999,19.969998999999998,20.01,19.081364,27500,0.0,1.0
2017-03-10,20.049999,20.049999,20.0,20.040001,19.109972,5600,0.0,1.0
2017-03-13,20.0,20.02,19.98,20.0,19.071825,5000,0.0,1.0
2017-03-14,20.0,20.02,19.959999,19.99,19.062288,12100,0.0,1.0
2017-03-15,20.030001000000002,20.16,20.004,20.145,19.210098000000002,111900,0.0,1.0
2017-03-16,20.1,20.120001000000002,20.049999,20.07,19.138578,71400,0.0,1.0
2017-03-17,20.16,20.18,20.139999,20.17,19.233936,17800,0.0,1.0
2017-03-20,20.136999,20.200001,20.136999,20.190001000000002,19.253007999999998,5000,0.0,1.0
2017-03-21,20.200001,20.24,20.18,20.236,19.296869,23200,0.0,1.0
2017-03-22,20.27,20.290001,20.247999,20.27,19.329296,28300,0.0,1.0
2017-03-23,20.23,20.26,20.226,20.240999,19.301638,26900,0.0,1.0
2017-03-24,20.23,20.290001,20.23,20.27,19.329296,29800,0.0,1.0
2017-03-27,20.34,20.34,20.309998999999998,20.34,19.396046,15000,0.0,1.0
2017-03-28,20.33,20.33,20.24,20.27,19.329296,11900,0.0,1.0
2017-03-29,20.32,20.34,20.316999,20.316999,19.374115,6700,0.0,1.0
2017-03-30,20.32,20.32,20.290001,20.290001,19.348368,6200,0.0,1.0
2017-03-31,20.306998999999998,20.33,20.280001000000002,20.32,19.376972,3900,0.0,1.0
2017-04-03,20.27,20.360001,20.27,20.360001,19.463972000000002,23500,0.051,1.0
2017-04-04,20.35,20.35,20.309998999999998,20.34,19.444848999999998,14700,0.0,1.0
2017-04-05,20.32,20.389999,20.299999,20.379998999999998,19.483088000000002,87500,0.0,1.0
2017-04-06,20.34,20.34,20.299999,20.34,19.444848999999998,22800,0.0,1.0
2017-04-07,20.4,20.4,20.296,20.309998999999998,19.416168,9400,0.0,1.0
2017-04-10,20.292999,20.355,20.292999,20.34,19.444848999999998,7700,0.0,1.0
2017-04-11,20.385,20.440001000000002,20.385,20.440001000000002,19.540447,42600,0.0,1.0
2017-04-12,20.42,20.48,20.42,20.48,19.578688,26700,0.0,1.0
2017-04-13,20.5,20.514999,20.459999,20.497,19.594938,15200,0.0,1.0
2017-04-17,20.527,20.549999,20.483,20.5,19.597807,15700,0.0,1.0
2017-04-18,20.525999,20.6,20.52,20.6,19.693407,18500,0.0,1.0
2017-04-19,20.530001000000002,20.559998999999998,20.52,20.549999,19.645607000000002,15300,0.0,1.0
2017-04-20,20.478001000000003,20.52,20.469998999999998,20.51,19.607368,23500,0.0,1.0
2017-04-21,20.51,20.549999,20.5,20.51,19.607368,18100,0.0,1.0
2017-04-24,20.475,20.514999,20.462,20.51,19.607368,17600,0.0,1.0
2017-04-25,20.450001,20.469998999999998,20.434998999999998,20.434998999999998,19.535669,2800,0.0,1.0
2017-04-26,20.436001,20.469998999999998,20.43,20.459999,19.55957,15300,0.0,1.0
2017-04-27,20.455,20.52,20.455,20.48,19.578688,8200,0.0,1.0
2017-04-28,20.459999,20.52,20.459999,20.52,19.616932000000002,4900,0.0,1.0
2017-05-01,20.43,20.5,20.42,20.440001000000002,19.582438,16800,0.044000000000000004,1.0
2017-05-02,20.4,20.49,20.4,20.49,19.630342000000002,14300,0.0,1.0
2017-05-03,20.49,20.49,20.440001000000002,20.455,19.596806,24900,0.0,1.0
2017-05-04,20.384001,20.405001000000002,20.370001000000002,20.391001,19.535496,10500,0.0,1.0
2017-05-05,20.4,20.42,20.375,20.42,19.563276000000002,12900,0.0,1.0
2017-05-08,20.370001000000002,20.399,20.370001000000002,20.379998999999998,19.524957999999998,8300,0.0,1.0
2017-05-09,20.360001,20.370001000000002,20.34,20.370001000000002,19.515379,18000,0.0,1.0
2017-05-10,20.42,20.42,20.370001000000002,20.370001000000002,19.515379,29000,0.0,1.0
2017-05-11,20.360001,20.41,20.360001,20.4,19.544113,16800,0.0,1.0
2017-05-12,20.440001000000002,20.51,20.440001000000002,20.51,19.649504,5900,0.0,1.0
2017-05-15,20.51,20.51,20.48,20.5,19.639919,12300,0.0,1.0
2017-05-16,20.530001000000002,20.549999,20.52,20.530001000000002,19.668663000000002,7900,0.0,1.0
2017-05-17,20.59,20.68,20.59,20.67,19.802792,39000,0.0,1.0
2017-05-18,20.66,20.68,20.59,20.65,19.783627,18100,0.0,1.0
2017-05-19,20.59,20.65,20.59,20.65,19.783627,12900,0.0,1.0
2017-05-22,20.620001000000002,20.66,20.620001000000002,20.65,19.783627,6900,0.0,1.0
2017-05-23,20.658001000000002,20.67,20.597,20.6,19.735723,10300,0.0,1.0
2017-05-24,20.559998999999998,20.625,20.559998999999998,20.620001000000002,19.75489,6800,0.0,1.0
2017-05-25,20.620001000000002,20.639999,20.6,20.635,19.769257999999997,9700,0.0,1.0
2017-05-26,20.65,20.65,20.620001000000002,20.65,19.783627,14900,0.0,1.0
2017-05-30,20.655001000000002,20.709999,20.655001000000002,20.709999,19.84111,14700,0.0,1.0
2017-05-31,20.690001000000002,20.719998999999998,20.690001000000002,20.709999,19.84111,18800,0.0,1.0
2017-06-01,20.6,20.65,20.6,20.65,19.837270999999998,22600,0.055999999999999994,1.0
2017-06-02,20.709999,20.74,20.67,20.73,19.91412,24300,0.0,1.0
2017-06-05,20.709999,20.709999,20.66,20.700001,19.8853,11600,0.0,1.0
2017-06-06,20.75,20.76,20.719998999999998,20.75,19.933334,12200,0.0,1.0
2017-06-07,20.74,20.74,20.68,20.718,19.902592000000002,14600,0.0,1.0
2017-06-08,20.690001000000002,20.700001,20.639999,20.684998999999998,19.870892,17400,0.0,1.0
2017-06-09,20.65,20.684998999999998,20.620001000000002,20.665001,19.851679,5000,0.0,1.0
2017-06-12,20.67,20.700001,20.664,20.68,19.866087,7100,0.0,1.0
2017-06-13,20.641001,20.690001000000002,20.641001,20.68,19.866087,5300,0.0,1.0
2017-06-14,20.799999,20.825001,20.73,20.764999,19.947741,5400,0.0,1.0
2017-06-15,20.733,20.76,20.709999,20.709999,19.894904999999998,6100,0.0,1.0
2017-06-16,20.75,20.77,20.73,20.77,19.952545,14400,0.0,1.0
2017-06-19,20.75,20.75,20.712,20.73,19.91412,5900,0.0,1.0
2017-06-20,20.74,20.77,20.731001000000003,20.752001,19.935254999999998,10100,0.0,1.0
2017-06-21,20.74,20.76,20.73,20.76,19.942936,22500,0.0,1.0
2017-06-22,20.76,20.77,20.74,20.77,19.952545,8500,0.0,1.0
2017-06-23,20.756001,20.780001000000002,20.73,20.780001000000002,19.962152,13800,0.0,1.0
2017-06-26,20.799999,20.83,20.780001000000002,20.780001000000002,19.962152,7600,0.0,1.0
2017-06-27,20.76,20.76,20.700001,20.73,19.91412,14200,0.0,1.0
2017-06-28,20.73,20.73,20.68,20.700001,19.8853,10900,0.0,1.0
2017-06-29,20.65,20.68,20.620001000000002,20.67,19.856482999999997,21900,0.0,1.0
2017-06-30,20.639999,20.68,20.639999,20.65,19.837270999999998,9100,0.0,1.0
2017-07-03,20.610001,20.610001,20.5,20.539,19.779486,12200,0.051,1.0
2017-07-05,20.57,20.58,20.540001,20.540001,19.780449,14800,0.0,1.0
2017-07-06,20.540001,20.549999,20.5,20.5,19.74193,10100,0.0,1.0
2017-07-07,20.59,20.59,20.469998999999998,20.500999,19.742895,14500,0.0,1.0
2017-07-10,20.559998999999998,20.58,20.549999,20.57,19.809343,7500,0.0,1.0
2017-07-11,20.565001000000002,20.59,20.52,20.59,19.828604000000002,21400,0.0,1.0
2017-07-12,20.65,20.665001,20.631001,20.66,19.896015,6400,0.0,1.0
2017-07-13,20.620001000000002,20.638,20.6,20.629998999999998,19.867121,4300,0.0,1.0
2017-07-14,20.719998999999998,20.719998999999998,20.659,20.665001,19.900827,28400,0.0,1.0
2017-07-17,20.683001,20.700001,20.67,20.688,19.922976000000002,9000,0.0,1.0
2017-07-18,20.76,20.77,20.745001000000002,20.76,19.992314999999998,7300,0.0,1.0
2017-07-19,20.780001000000002,20.780001000000002,20.75,20.76,19.992314999999998,17100,0.0,1.0
2017-07-20,20.778,20.799999,20.768,20.77,20.001944,9700,0.0,1.0
2017-07-21,20.82,20.836,20.790001,20.83,20.059729,15100,0.0,1.0
2017-07-24,20.790001,20.82,20.790001,20.809998999999998,20.040464,17400,0.0,1.0
2017-07-25,20.76,20.76,20.705,20.709,19.943201000000002,20200,0.0,1.0
2017-07-26,20.729,20.799999,20.709999,20.799999,20.030835999999997,44500,0.0,1.0
2017-07-27,20.77,20.780001000000002,20.719998999999998,20.77,20.001944,9500,0.0,1.0
2017-07-28,20.76,20.785,20.75,20.780001000000002,20.011576,3600,0.0,1.0
2017-07-31,20.790001,20.799999,20.775,20.799999,20.030835999999997,9200,0.0,1.0
2017-08-01,20.73,20.799999,20.719998999999998,20.790001,20.070419,18100,0.051,1.0
2017-08-02,20.799999,20.799999,20.73,20.77,20.051109,18000,0.0,1.0
2017-08-03,20.77,20.799999,20.756001,20.799999,20.080069,11600,0.0,1.0
2017-08-04,20.75,20.75,20.700001,20.74,20.022144,18200,0.0,1.0
2017-08-07,20.731001000000003,20.75,20.719998999999998,20.75,20.031801,15200,0.0,1.0
2017-08-08,20.709999,20.728001000000003,20.684998999999998,20.684998999999998,19.969051,11100,0.0,1.0
2017-08-09,20.709999,20.725,20.68,20.709999,19.993185,19300,0.0,1.0
2017-08-10,20.709999,20.719998999999998,20.68,20.719998999999998,20.002836,23700,0.0,1.0
2017-08-11,20.65,20.74,20.65,20.719998999999998,20.002836,22200,0.0,1.0
2017-08-14,20.719998999999998,20.749001,20.700001,20.709999,19.993185,4300,0.0,1.0
2017-08-15,20.67,20.690001000000002,20.656,20.690001000000002,19.973876999999998,58800,0.0,1.0
2017-08-16,20.68,20.76,20.68,20.745001000000002,20.026974,48900,0.0,1.0
2017-08-17,20.719,20.77,20.719,20.75,20.031801,27700,0.0,1.0
2017-08-18,20.780001000000002,20.790001,20.735001,20.76,20.041456,19000,0.0,1.0
2017-08-21,20.780001000000002,20.790001,20.761,20.780001000000002,20.060762,11200,0.0,1.0
2017-08-22,20.77,20.77,20.76,20.764999,20.04628,52400,0.0,1.0
2017-08-23,20.780001000000002,20.82,20.76,20.809998999999998,20.089724,10800,0.0,1.0
2017-08-24,20.809998999999998,20.809998999999998,20.773001,20.790001,20.070419,17600,0.0,1.0
2017-08-25,20.75,20.83,20.75,20.82,20.099377,17900,0.0,1.0
2017-08-28,20.83,20.84,20.790001,20.84,20.118682999999997,9000,0.0,1.0
2017-08-29,20.892,20.892,20.83,20.879998999999998,20.157297,7000,0.0,1.0
2017-08-30,20.860001,20.870001000000002,20.83,20.870001000000002,20.14765,6900,0.0,1.0
2017-08-31,20.889999,20.92,20.879998999999998,20.92,20.195913,16200,0.0,1.0
2017-09-01,20.85,20.85,20.790001,20.790001,20.114647,15900,0.046,1.0
2017-09-05,20.870001000000002,20.93,20.847,20.93,20.250093,17600,0.0,1.0
2017-09-06,20.92,20.92,20.82,20.875,20.196884,42000,0.0,1.0
2017-09-07,20.9,20.950001,20.889999,20.889999,20.211397,31700,0.0,1.0
2017-09-08,20.893,20.9,20.85,20.9,20.221071,10300,0.0,1.0
2017-09-11,20.83,20.870001000000002,20.809998999999998,20.84,20.163021,16900,0.0,1.0
2017-09-12,20.790001,20.82,20.77,20.799999,20.124319,22700,0.0,1.0
2017-09-13,20.805,20.815001000000002,20.775,20.799999,20.124319,12900,0.0,1.0
2017-09-14,20.77,20.799999,20.74,20.790001,20.114647,18100,0.0,1.0
2017-09-15,20.785,20.809998999999998,20.76,20.809998999999998,20.133997,9300,0.0,1.0
2017-09-18,20.799999,20.799999,20.75,20.76,20.085621,49000,0.0,1.0
2017-09-19,20.809998999999998,20.809998999999998,20.780001000000002,20.790001,20.114647,37300,0.0,1.0
2017-09-20,20.809998999999998,20.809998999999998,20.715,20.75,20.075945,16000,0.0,1.0
2017-09-21,20.780001000000002,20.780001000000002,20.740999,20.745001000000002,20.07111,15700,0.0,1.0
2017-09-22,20.780001000000002,20.790001,20.733,20.77,20.095297,47800,0.0,1.0
2017-09-25,20.799999,20.84,20.799999,20.83,20.153345,7300,0.0,1.0
2017-09-26,20.808001,20.84,20.808001,20.83,20.153345,13600,0.0,1.0
2017-09-27,20.740999,20.790001,20.740999,20.790001,20.114647,15400,0.0,1.0
2017-09-28,20.75,20.799999,20.726999,20.799999,20.124319,14000,0.0,1.0
2017-09-29,20.780001000000002,20.795,20.77,20.780001000000002,20.104969,9300,0.0,1.0
2017-10-02,20.780001000000002,20.809,20.75,20.790001,20.114647,10200,0.0,1.0
2017-10-03,20.75,20.780001000000002,20.75,20.780001000000002,20.157326,15200,0.054000000000000006,1.0
2017-10-04,20.790001,20.790001,20.753,20.790001,20.167028,17200,0.0,1.0
2017-10-05,20.780001000000002,20.780001000000002,20.75,20.780001000000002,20.157326,19000,0.0,1.0
2017-10-06,20.67,20.76,20.67,20.75,20.128222,16800,0.0,1.0
2017-10-09,20.76,20.768998999999997,20.733999,20.756001,20.134045,14500,0.0,1.0
2017-10-10,20.790001,20.791,20.76,20.77,20.147629000000002,13600,0.0,1.0
2017-10-11,20.790001,20.790001,20.77,20.790001,20.167028,8700,0.0,1.0
2017-10-12,20.790001,20.799999,20.77,20.799999,20.176725,12600,0.0,1.0
2017-10-13,20.860001,20.860001,20.83,20.841,20.216497,13300,0.0,1.0
2017-10-16,20.84,20.846001,20.819,20.83,20.205828,8300,0.0,1.0
2017-10-17,20.799999,20.84,20.799999,20.84,20.215528,5700,0.0,1.0
2017-10-18,20.75,20.809998999999998,20.75,20.809,20.185457,7100,0.0,1.0
2017-10-19,20.84,20.84,20.82,20.82,20.196129,27400,0.0,1.0
2017-10-20,20.77,20.780001000000002,20.76,20.77,20.147629000000002,8100,0.0,1.0
2017-10-23,20.788,20.809998999999998,20.788,20.809998999999998,20.186424,15800,0.0,1.0
2017-10-24,20.76,20.780001000000002,20.735001,20.75,20.128222,13400,0.0,1.0
2017-10-25,20.700001,20.73,20.68,20.73,20.108824,62700,0.0,1.0
2017-10-26,20.74,20.74,20.694,20.709999,20.089423999999998,14400,0.0,1.0
2017-10-27,20.719998999999998,20.76,20.719998999999998,20.729,20.107853,12000,0.0,1.0
2017-10-30,20.780001000000002,20.82,20.75,20.82,20.196129,19900,0.0,1.0
2017-10-31,20.790001,20.809998999999998,20.790001,20.809998999999998,20.186424,25000,0.0,1.0
2017-11-01,20.809998999999998,20.82,20.785999,20.799999,20.176725,17200,0.0,1.0
2017-11-02,20.745001000000002,20.768998999999997,20.729,20.74,20.166031,21700,0.049,1.0
2017-11-03,20.77,20.790001,20.745001000000002,20.763,20.188396,15200,0.0,1.0
2017-11-06,20.77,20.780001000000002,20.76,20.77,20.195202,16400,0.0,1.0
2017-11-07,20.74,20.77,20.74,20.76,20.185476,10600,0.0,1.0
2017-11-08,20.76,20.76,20.73,20.735001,20.161167000000003,18400,0.0,1.0
2017-11-09,20.700001,20.719,20.684,20.708,20.134918,14300,0.0,1.0
2017-11-10,20.66,20.66,20.606001000000003,20.625,20.054214,9600,0.0,1.0
2017-11-13,20.620001000000002,20.635,20.620001000000002,20.620001000000002,20.049355,15800,0.0,1.0
2017-11-14,20.620001000000002,20.639999,20.620001000000002,20.625999,20.055185,37900,0.0,1.0
2017-11-15,20.639999,20.67,20.628,20.66,20.088245,10200,0.0,1.0
2017-11-16,20.68,20.690001000000002,20.639999,20.66,20.088245,14500,0.0,1.0
2017-11-17,20.690001000000002,20.700001,20.65,20.65,20.078522,12100,0.0,1.0
2017-11-20,20.66,20.68,20.639999,20.639999,20.068798,21500,0.0,1.0
2017-11-21,20.677999,20.719998999999998,20.672001,20.700001,20.127133999999998,17600,0.0,1.0
2017-11-22,20.73,20.775,20.719998999999998,20.764999,20.19034,9900,0.0,1.0
2017-11-24,20.719998999999998,20.76,20.719998999999998,20.75,20.175753,4900,0.0,1.0
2017-11-27,20.75,20.76,20.709999,20.745001000000002,20.170891,12800,0.0,1.0
2017-11-28,20.780001000000002,20.780001000000002,20.75,20.76,20.185476,18100,0.0,1.0
2017-11-29,20.68,20.709999,20.68,20.690001000000002,20.117418,22900,0.0,1.0
2017-11-30,20.709999,20.709999,20.639999,20.66,20.088245,27600,0.0,1.0
2017-12-01,20.690001000000002,20.77,20.65,20.709999,20.136858,25300,0.0,1.0
2017-12-04,20.66,20.68,20.645,20.67,20.146607999999997,4100,0.05,1.0
2017-12-05,20.639999,20.700001,20.639999,20.68,20.156357,23100,0.0,1.0
2017-12-06,20.76,20.76,20.73,20.75,20.224583,26700,0.0,1.0
2017-12-07,20.726,20.76,20.690001000000002,20.719998999999998,20.195342999999998,9800,0.0,1.0
2017-12-08,20.67,20.709999,20.67,20.690001000000002,20.166101,24800,0.0,1.0
2017-12-11,20.709999,20.719998999999998,20.68,20.695999,20.171953,18500,0.0,1.0
2017-12-12,20.66,20.68,20.639999,20.674999,20.151484,30000,0.0,1.0
2017-12-13,20.698999,20.76,20.677999,20.75,20.224583,18500,0.0,1.0
2017-12-14,20.719998999999998,20.75,20.705,20.74,20.214832,28900,0.0,1.0
2017-12-15,20.732,20.76,20.709999,20.743,20.217758,26200,0.0,1.0
2017-12-18,20.75,20.76,20.709999,20.719998999999998,20.195342999999998,20500,0.0,1.0
2017-12-19,20.690001000000002,20.690001000000002,20.620001000000002,20.639999,20.117371,68300,0.0,1.0
2017-12-20,20.610001,20.629998999999998,20.6,20.620001000000002,20.097873999999997,47800,0.0,1.0
2017-12-21,20.6,20.629998999999998,20.6,20.618999,20.096899,22100,0.0,1.0
2017-12-22,20.629998999999998,20.629998999999998,20.614,20.614,20.092028,14600,0.0,1.0
2017-12-26,20.6,20.67,20.6,20.67,20.146607999999997,13900,0.0,1.0
2017-12-27,20.68,20.73,20.66,20.725,20.200216,34200,0.0,1.0
2017-12-28,20.68,20.68,20.655001000000002,20.665001,20.198263,77100,0.057999999999999996,1.0
2017-12-29,20.68,20.700001,20.655001000000002,20.700001,20.232471,25400,0.0,1.0
2018-01-02,20.68,20.68,20.6,20.639999,20.173824,45600,0.0,1.0
2018-01-03,20.610001,20.67,20.610001,20.663,20.196304,21600,0.0,1.0
2018-01-04,20.629998999999998,20.66,20.604,20.66,20.193375,23500,0.0,1.0
2018-01-05,20.66,20.66,20.610001,20.629998999999998,20.164051,31400,0.0,1.0
2018-01-08,20.610001,20.65,20.610001,20.628,20.162098,46000,0.0,1.0
2018-01-09,20.620001000000002,20.620001000000002,20.559998999999998,20.58,20.115181,92300,0.0,1.0
2018-01-10,20.5,20.57,20.5,20.57,20.105404,42500,0.0,1.0
2018-01-11,20.57,20.6,20.565001000000002,20.6,20.134726,31200,0.0,1.0
2018-01-12,20.549999,20.59,20.540001,20.59,20.124956,39300,0.0,1.0
2018-01-16,20.629998999999998,20.629998999999998,20.579,20.610001,20.144505,29500,0.0,1.0
2018-01-17,20.59,20.599001,20.530001000000002,20.549999,20.085859,39500,0.0,1.0
2018-01-18,20.5,20.51,20.450001,20.51,20.046762,24800,0.0,1.0
2018-01-19,20.459,20.48,20.450001,20.450001,19.988117000000003,17700,0.0,1.0
2018-01-22,20.450001,20.465,20.4,20.417999,19.956839000000002,26300,0.0,1.0
2018-01-23,20.48,20.51,20.450001,20.51,20.046762,35600,0.0,1.0
2018-01-24,20.49,20.497,20.441,20.48,20.017437,26800,0.0,1.0
2018-01-25,20.43,20.530001000000002,20.43,20.51,20.046762,30900,0.0,1.0
2018-01-26,20.530001000000002,20.530001000000002,20.450001,20.485001,20.022326,22700,0.0,1.0
2018-01-29,20.459999,20.469998999999998,20.42,20.469998999999998,20.007664000000002,27600,0.0,1.0
2018-01-30,20.450001,20.450001,20.41,20.42,19.958792000000003,46300,0.0,1.0
2018-01-31,20.469998999999998,20.469998999999998,20.393998999999997,20.42,19.958792000000003,30600,0.0,1.0
2018-02-01,20.450001,20.450001,20.360001,20.360001,19.90015,17800,0.0,1.0
2018-02-02,20.233999,20.27,20.209999,20.219998999999998,19.81782,23000,0.055999999999999994,1.0
2018-02-05,20.209999,20.309998999999998,20.190001000000002,20.280001000000002,19.876629,26800,0.0,1.0
2018-02-06,20.280001000000002,20.299999,20.25,20.26,19.857025,37700,0.0,1.0
2018-02-07,20.290001,20.299999,20.200001,20.200001,19.798222,46200,0.0,1.0
2018-02-08,20.17,20.198999,20.120001000000002,20.16,19.759016,32300,0.0,1.0
2018-02-09,20.120001000000002,20.139999,20.07,20.07,19.670807,11800,0.0,1.0
2018-02-12,20.1,20.129998999999998,20.08,20.08,19.680609,22500,0.0,1.0
2018-02-13,20.110001,20.129998999999998,20.040001,20.07,19.670807,19200,0.0,1.0
2018-02-14,20.040001,20.040001,19.99,19.99,19.592398,27900,0.0,1.0
2018-02-15,20.08,20.087999,20.040001,20.049999,19.651199,26600,0.0,1.0
2018-02-16,20.120001000000002,20.129998999999998,20.07,20.120001000000002,19.719808999999998,63200,0.0,1.0
2018-02-20,20.07,20.1,20.059998999999998,20.059998999999998,19.661001000000002,15100,0.0,1.0
2018-02-21,20.09,20.1,20.01,20.02,19.621799,23400,0.0,1.0
2018-02-22,20.040001,20.072001,20.030001000000002,20.040001,19.641403,18700,0.0,1.0
2018-02-23,20.107,20.120001000000002,20.09,20.106001000000003,19.706089000000002,25200,0.0,1.0
2018-02-26,20.129998999999998,20.16,20.110001,20.110001,19.710010999999998,28200,0.0,1.0
2018-02-27,20.110001,20.120001000000002,20.004998999999998,20.052999,19.654139,12700,0.0,1.0
2018-02-28,20.08,20.089001,20.0,20.01,19.611998,116200,0.0,1.0
2018-03-01,20.055,20.1,20.02,20.09,19.690403,52900,0.0,1.0
2018-03-02,19.99,20.009001,19.940001000000002,19.99,19.638342,31200,0.047,1.0
2018-03-05,19.98,20.02,19.957001,19.972,19.620655,19900,0.0,1.0
2018-03-06,19.969998999999998,20.030001000000002,19.940001000000002,19.940001000000002,19.589216,37000,0.0,1.0
2018-03-07,19.959999,20.01,19.959999,19.99,19.638342,14400,0.0,1.0
2018-03-08,19.995001000000002,20.021998999999997,19.995001000000002,20.004998999999998,19.653072,19500,0.0,1.0
2018-03-09,19.99,19.99,19.959999,19.969998999999998,19.61869,17100,0.0,1.0
2018-03-12,19.959999,19.969998999999998,19.940001000000002,19.959,19.607882,11500,0.0,1.0
2018-03-13,19.98,19.988001,19.93,19.959999,19.608868,34200,0.0,1.0
2018-03-14,19.93,19.995001000000002,19.93,19.98,19.628513,46600,0.0,1.0
2018-03-15,19.98,19.99,19.943001000000002,19.99,19.638342,10100,0.0,1.0
2018-03-16,19.959999,19.969998999999998,19.91,19.959999,19.608868,11200,0.0,1.0
2018-03-19,19.950001,19.966998999999998,19.91,19.950001,19.599045,22200,0.0,1.0
2018-03-20,19.91,19.929001,19.860001,19.91,19.559748000000003,23500,0.0,1.0
2018-03-21,19.84,19.889,19.826,19.84,19.490976,12200,0.0,1.0
2018-03-22,19.950001,19.959999,19.870001000000002,19.922001,19.571535,22100,0.0,1.0
2018-03-23,19.9,19.92,19.9,19.92,19.569569,10600,0.0,1.0
2018-03-26,19.879998999999998,19.940001000000002,19.879998999999998,19.92,19.569569,9100,0.0,1.0
2018-03-27,19.923,20.0,19.923,19.99,19.638342,10900,0.0,1.0
2018-03-28,20.003,20.030001000000002,19.969998999999998,19.969998999999998,19.61869,10400,0.0,1.0
2018-03-29,20.040001,20.07,20.0,20.030001000000002,19.677639000000003,11400,0.0,1.0
2018-04-02,20.040001,20.069,20.004998999999998,20.035,19.682548999999998,8900,0.0,1.0
2018-04-03,19.99,19.99,19.934,19.969998999999998,19.672695,22100,0.055,1.0
2018-04-04,19.969998999999998,20.0,19.92,19.959999,19.662844,30800,0.0,1.0
2018-04-05,19.959999,19.969998999999998,19.948,19.950001,19.652994,9500,0.0,1.0
2018-04-06,20.0,20.01,19.959999,20.01,19.712101,14000,0.0,1.0
2018-04-09,19.903999,19.950001,19.903999,19.934998999999998,19.638216,13600,0.0,1.0
2018-04-10,20.030001000000002,20.030001000000002,19.98,20.014999,19.717026,51100,0.0,1.0
2018-04-11,20.049999,20.059998999999998,20.0,20.040001,19.741654999999998,12300,0.0,1.0
2018-04-12,19.978001000000003,20.01,19.93,19.950001,19.652994,24300,0.0,1.0
2018-04-13,19.99,19.99,19.93,19.969998999999998,19.672695,157700,0.0,1.0
2018-04-16,19.945,19.99,19.92,19.959999,19.662844,13500,0.0,1.0
2018-04-17,20.0,20.02,19.959999,20.01,19.712101,16800,0.0,1.0
2018-04-18,19.989,19.99,19.93,19.950001,19.652994,18000,0.0,1.0
2018-04-19,19.879998999999998,19.9,19.820999,19.860001,19.564337,11300,0.0,1.0
2018-04-20,19.84,19.860001,19.780001000000002,19.790001,19.495376999999998,12600,0.0,1.0
2018-04-23,19.82,19.82,19.780001000000002,19.809998999999998,19.515078,27200,0.0,1.0
2018-04-24,19.799999,19.799999,19.719998999999998,19.75,19.455973,20800,0.0,1.0
2018-04-25,19.709999,19.73,19.704,19.73,19.43627,5700,0.0,1.0
2018-04-26,19.750999,19.77,19.709999,19.73,19.43627,15800,0.0,1.0
2018-04-27,19.790001,19.82,19.75,19.75,19.455973,25800,0.0,1.0
2018-04-30,19.809998999999998,19.83,19.77,19.809998999999998,19.515078,45400,0.0,1.0
2018-05-01,19.799,19.799,19.731001000000003,19.76,19.465822,16900,0.0,1.0
2018-05-02,19.73,19.739,19.690001000000002,19.712999,19.470762,17000,0.052000000000000005,1.0
2018-05-03,19.740999,19.759001,19.73,19.747999,19.505330999999998,13300,0.0,1.0
2018-05-04,19.700001,19.74,19.690001000000002,19.716,19.473724,24900,0.0,1.0
2018-05-07,19.75,19.76,19.709999,19.729,19.486565,16600,0.0,1.0
2018-05-08,19.709999,19.719998999999998,19.690001000000002,19.712,19.469772,28600,0.0,1.0
2018-05-09,19.690001000000002,19.709999,19.690001000000002,19.705,19.462862,23400,0.0,1.0
2018-05-10,19.75,19.76,19.709999,19.75,19.507307,25700,0.0,1.0
2018-05-11,19.75,19.76,19.73,19.75,19.507307,20300,0.0,1.0
2018-05-14,19.74,19.76,19.709999,19.719998999999998,19.477674,39900,0.0,1.0
2018-05-15,19.66,19.68,19.639999,19.66,19.418413,20400,0.0,1.0
2018-05-16,19.635,19.66,19.59,19.629998999999998,19.388779,25600,0.0,1.0
2018-05-17,19.57,19.629998999999998,19.57,19.620001000000002,19.378906,25200,0.0,1.0
2018-05-18,19.66,19.68,19.608,19.67,19.428289000000003,33000,0.0,1.0
2018-05-21,19.67,19.690001000000002,19.65,19.690001000000002,19.448048,8700,0.0,1.0
2018-05-22,19.67,19.690001000000002,19.643,19.665001,19.423351,14200,0.0,1.0
2018-05-23,19.719998999999998,19.77,19.68,19.736,19.493479,23300,0.0,1.0
2018-05-24,19.790001,19.790001,19.76,19.775,19.532,16500,0.0,1.0
2018-05-25,19.790001,19.85,19.780001000000002,19.85,19.606079,22200,0.0,1.0
2018-05-29,19.85,19.959999,19.823,19.93,19.685095,28200,0.0,1.0
2018-05-30,20.0,20.0,19.870001000000002,19.870001000000002,19.625834,21000,0.0,1.0
2018-05-31,19.877001,19.9,19.83,19.855,19.611015,10300,0.0,1.0
2018-06-01,19.82,19.85,19.75,19.83,19.586325,46900,0.0,1.0
2018-06-04,19.74,19.76,19.722,19.722,19.535807000000002,16200,0.057,1.0
2018-06-05,19.709999,19.790001,19.709999,19.719998999999998,19.533823,19400,0.0,1.0
2018-06-06,19.68,19.719998999999998,19.67,19.702,19.515995,33300,0.0,1.0
2018-06-07,19.709999,19.77,19.68,19.754998999999998,19.568493,40500,0.0,1.0
2018-06-08,19.73,19.76,19.73,19.74,19.553637,12200,0.0,1.0
2018-06-11,19.719998999999998,19.73,19.716998999999998,19.73,19.543732000000002,13700,0.0,1.0
2018-06-12,19.719998999999998,19.73,19.709999,19.73,19.543732000000002,15100,0.0,1.0
2018-06-13,19.74,19.74,19.620001000000002,19.639999,19.45458,66400,0.0,1.0
2018-06-14,19.690001000000002,19.77,19.690001000000002,19.77,19.583354999999997,33900,0.0,1.0
2018-06-15,19.73,19.780001000000002,19.73,19.75,19.563541,18000,0.0,1.0
2018-06-18,19.780001000000002,19.780001000000002,19.719998999999998,19.735001,19.548685,6600,0.0,1.0
2018-06-19,19.756001,19.780001000000002,19.73,19.75,19.563541,18300,0.0,1.0
2018-06-20,19.76,19.76,19.68,19.68,19.494201999999998,10100,0.0,1.0
2018-06-21,19.73,19.74,19.687,19.74,19.553637,80000,0.0,1.0
2018-06-22,19.700001,19.73,19.688999,19.705,19.518967,80800,0.0,1.0
2018-06-25,19.690001000000002,19.75,19.690001000000002,19.73,19.543732000000002,7800,0.0,1.0
2018-06-26,19.707001,19.764999,19.707001,19.764999,19.5784,64300,0.0,1.0
2018-06-27,19.77,19.809998999999998,19.76,19.809998999999998,19.622976,26800,0.0,1.0
2018-06-28,19.771,19.790001,19.76,19.775,19.588306,10300,0.0,1.0
2018-06-29,19.799999,19.809998999999998,19.750999,19.790001,19.603165,28400,0.0,1.0
2018-07-02,19.789,19.790001,19.75,19.780001000000002,19.593258,10500,0.0,1.0
2018-07-03,19.75,19.77,19.725,19.77,19.633978,8500,0.051,1.0
2018-07-05,19.719998999999998,19.780001000000002,19.719998999999998,19.775,19.638942999999998,32700,0.0,1.0
2018-07-06,19.771,19.83,19.771,19.83,19.693563,28100,0.0,1.0
2018-07-09,19.82,19.83,19.785,19.827999,19.691576,5700,0.0,1.0
2018-07-10,19.76,19.83,19.76,19.82,19.683632,16300,0.0,1.0
2018-07-11,19.780001000000002,19.85,19.780001000000002,19.85,19.713427,35200,0.0,1.0
2018-07-12,19.85,19.860001,19.809998999999998,19.83,19.693563,21500,0.0,1.0
2018-07-13,19.860001,19.9,19.84,19.85,19.713427,27500,0.0,1.0
2018-07-16,19.849001,19.870001000000002,19.837999,19.870001000000002,19.73329,25400,0.0,1.0
2018-07-17,19.84,19.889999,19.834,19.84,19.703497,36500,0.0,1.0
2018-07-18,19.879998999999998,19.879998999999998,19.844,19.865,19.728323,24800,0.0,1.0
2018-07-19,19.870001000000002,19.9,19.860001,19.872,19.735275,11900,0.0,1.0
2018-07-20,19.84,19.870001000000002,19.83,19.85,19.713427,12300,0.0,1.0
2018-07-23,19.789,19.809998999999998,19.75,19.75,19.614113,12200,0.0,1.0
2018-07-24,19.809998999999998,19.809998999999998,19.773001,19.785,19.648872,7000,0.0,1.0
2018-07-25,19.860001,19.870001000000002,19.790001,19.85,19.713427,12700,0.0,1.0
2018-07-26,19.860001,19.870001000000002,19.85,19.860001,19.723357999999998,10300,0.0,1.0
2018-07-27,19.84,19.870001000000002,19.834999,19.865,19.728323,28300,0.0,1.0
2018-07-30,19.860001,19.870001000000002,19.82,19.860001,19.723357999999998,14400,0.0,1.0
2018-07-31,19.9,19.9,19.85,19.9,19.763081,38800,0.0,1.0
2018-08-01,19.83,19.860001,19.799999,19.860001,19.723357999999998,21700,0.0,1.0
2018-08-02,19.809998999999998,19.82,19.74,19.806998999999998,19.722361,24700,0.052000000000000005,1.0
2018-08-03,19.85,19.879998999999998,19.84,19.871,19.786087,7900,0.0,1.0
2018-08-06,19.9,19.9,19.860001,19.9,19.814964,16200,0.0,1.0
2018-08-07,19.9,19.9,19.84,19.860001,19.775135000000002,16300,0.0,1.0
2018-08-08,19.879998999999998,19.879998999999998,19.85,19.860001,19.775135000000002,54500,0.0,1.0
2018-08-09,19.879998999999998,19.889999,19.867001000000002,19.879998999999998,19.79505,23400,0.0,1.0
2018-08-10,19.879998999999998,19.934998999999998,19.83,19.92,19.834877,108400,0.0,1.0
2018-08-13,19.860001,19.92,19.85,19.91,19.824921,38700,0.0,1.0
2018-08-14,19.92,19.92,19.870001000000002,19.91,19.824921,42600,0.0,1.0
2018-08-15,19.940001000000002,19.952,19.92,19.950001,19.86475,147300,0.0,1.0
2018-08-16,19.959999,19.959999,19.93,19.940001000000002,19.854794000000002,15600,0.0,1.0
2018-08-17,19.98,19.98,19.9,19.936001,19.850811,23500,0.0,1.0
2018-08-20,19.99,19.99,19.940001000000002,19.99,19.92857,37600,0.024,1.0
2018-08-21,19.93,19.98,19.92,19.940001000000002,19.878725,26500,0.0,1.0
2018-08-22,19.959999,20.01,19.93,19.99,19.92857,79200,0.0,1.0
2018-08-23,20.0,20.0,19.950001,19.98,19.9186,21600,0.0,1.0
2018-08-24,19.959999,20.0,19.941999,20.0,19.93854,26600,0.0,1.0
2018-08-27,19.940001000000002,19.98,19.940001000000002,19.969998999999998,19.90863,29600,0.0,1.0
2018-08-28,19.950001,19.959999,19.92,19.93,19.868755,25700,0.0,1.0
2018-08-29,19.959999,19.959999,19.879998999999998,19.889999,19.828876,33700,0.0,1.0
2018-08-30,19.959999,19.959999,19.907,19.959999,19.898660999999997,13100,0.0,1.0
2018-08-31,19.98,19.98,19.950001,19.950001,19.888693,23400,0.0,1.0
2018-09-04,19.92,19.92,19.879998999999998,19.91,19.848816,23800,0.0,1.0
2018-09-05,19.91,19.92,19.85,19.896998999999997,19.835855,41600,0.0,1.0
2018-09-06,19.93,19.959999,19.895,19.950001,19.888693,17200,0.0,1.0
2018-09-07,19.879998999999998,19.889999,19.851999,19.889999,19.828876,7900,0.0,1.0
2018-09-10,19.871,19.92,19.871,19.909,19.847818,32100,0.0,1.0
2018-09-11,19.879998999999998,19.879998999999998,19.83,19.870001000000002,19.808939000000002,27200,0.0,1.0
2018-09-12,19.889999,19.91,19.84,19.879998999999998,19.818907,27700,0.0,1.0
2018-09-13,19.91,19.92,19.84,19.92,19.858786,25300,0.0,1.0
2018-09-14,19.879998999999998,19.9,19.85,19.9,19.838846,16200,0.0,1.0
2018-09-17,19.84,19.9,19.827,19.9,19.838846,20100,0.0,1.0
2018-09-18,19.879998999999998,19.879998999999998,19.83,19.85,19.789001000000003,16200,0.0,1.0
2018-09-19,19.83,19.83,19.76,19.815001000000002,19.754108,34500,0.0,1.0
2018-09-20,19.834999,19.85,19.790001,19.825001,19.764078,34800,0.0,1.0
2018-09-21,19.83,19.860001,19.82,19.85,19.789001000000003,46300,0.0,1.0
2018-09-24,19.76,19.790001,19.711,19.780001000000002,19.780001000000002,53900,0.061,1.0
2018-09-25,19.75,19.76,19.700001,19.75,19.75,18000,0.0,1.0
2018-09-26,19.73,19.790701000000002,19.724501,19.740101,19.740101,9707,0.0,1.0
