date,Open,High,Low,Close,Adj Close,Volume,Dividends,Stock Splits
2014-07-02,35.36000100000001,35.36000100000001,34.82,34.830002,31.111229,2800,0.0,1.0
2014-07-03,34.880001,34.900002,34.880001,34.900002,31.173748,600,0.0,1.0
2014-07-07,34.900002,34.939999,34.900002,34.939999,31.209488,21100,0.0,1.0
2014-07-08,34.91,34.93,34.91,34.918999,31.190733,4000,0.0,1.0
2014-07-09,34.900002,34.98,34.900002,34.939999,31.209488,53400,0.0,1.0
2014-07-10,34.939999,34.939999,34.900002,34.900002,31.173748,900,0.0,1.0
2014-07-11,34.889999,34.889999,34.799999,34.876999,31.153194,2400,0.0,1.0
2014-07-14,35.49000200000001,35.49000200000001,34.877998,34.877998,31.154087,5500,0.0,1.0
2014-07-15,34.880001,34.889999,34.720001,34.799999,31.084429,4700,0.0,1.0
2014-07-16,34.830002,34.93,34.810001,34.91,31.18268,72800,0.0,1.0
2014-07-17,35.259998,35.259998,34.611,34.611,30.915607,3500,0.0,1.0
2014-07-18,34.709999,34.91,34.709999,34.889999,31.164829,16000,0.0,1.0
2014-07-21,34.75,34.75,34.75,34.75,31.039764,1200,0.0,1.0
2014-07-22,34.889999,34.91,34.889999,34.900002,31.173748,2000,0.0,1.0
2014-07-23,34.869999,34.869999,34.830002,34.830002,31.111229,57900,0.0,1.0
2014-07-24,34.950001,34.950001,34.919998,34.919998,31.191608,300,0.0,1.0
2014-07-25,34.82,34.82,34.73,34.740002000000004,31.030842,3700,0.0,1.0
2014-07-28,34.66,34.874001,34.66,34.868,31.145166,3100,0.0,1.0
2014-07-29,34.880001,34.880001,34.740002000000004,34.75,31.039764,25500,0.0,1.0
2014-07-30,34.75,34.75,34.540001000000004,34.57,30.878986,5400,0.0,1.0
2014-07-31,34.369999,34.389999,34.09,34.09,30.450222,3200,0.0,1.0
2014-08-01,33.98,34.029999,33.860001000000004,34.029999,30.396643,32300,0.0,1.0
2014-08-04,34.5,34.5,33.82,33.970001,30.34305,4000,0.0,1.0
2014-08-05,34.02,34.02,33.68,33.738997999999995,30.136717,9200,0.0,1.0
2014-08-06,33.799999,33.799999,33.768002,33.77,30.16441,3400,0.0,1.0
2014-08-07,33.726002,33.73,33.650002,33.650002,30.057207,1600,0.0,1.0
2014-08-08,33.779999,33.799999,33.779999,33.799999,30.191195,2800,0.0,1.0
2014-08-11,34.299999,34.400002,34.209999,34.259998,30.602081,159400,0.0,1.0
2014-08-12,34.5,34.5,34.099998,34.150002,30.503834,6200,0.0,1.0
2014-08-13,34.490002000000004,34.490002000000004,34.220001,34.369999,30.70035,11500,0.0,1.0
2014-08-14,34.48,34.529999,34.450001,34.52,30.834326,6400,0.0,1.0
2014-08-15,34.650002,34.689999,34.400002,34.560001,30.87006,65600,0.0,1.0
2014-08-18,35.200001,35.200001,34.666,34.720001,31.012966,14800,0.0,1.0
2014-08-19,34.689999,34.784,34.689999,34.73,31.111513,1300,0.1,1.0
2014-08-20,34.779999,34.900002,34.779999,34.900002,31.263794,47000,0.0,1.0
2014-08-21,34.970001,35.0,34.950001,34.959999,31.317541,5600,0.0,1.0
2014-08-22,34.950001,34.950001,34.834,34.849998,31.219004,5700,0.0,1.0
2014-08-25,34.950001,35.060001,34.950001,35.009998,31.362339,15600,0.0,1.0
2014-08-26,35.060001,35.060001,34.950001,34.950001,31.308588,27400,0.0,1.0
2014-08-27,34.959999,35.0,34.957001,34.980999,31.33637,26100,0.0,1.0
2014-08-28,34.869999,35.07,34.869999,35.060001,31.407118,12300,0.0,1.0
2014-08-29,35.07,35.150002,35.07,35.150002,31.487743,7400,0.0,1.0
2014-09-02,35.189999,35.189999,34.957001,35.060001,31.407118,11200,0.0,1.0
2014-09-03,35.66,35.66,35.119999,35.139999,31.478792,35100,0.0,1.0
2014-09-04,35.24000200000001,35.24000200000001,35.09,35.09,31.433998,2500,0.0,1.0
2014-09-05,35.080002,35.330002,35.080002,35.330002,31.648993,26900,0.0,1.0
2014-09-08,35.264,35.27,35.117001,35.200001,31.532547,7000,0.0,1.0
2014-09-09,35.009998,35.049999,34.91,34.939999,31.299627,11100,0.0,1.0
2014-09-10,34.869999,34.93,34.792,34.93,31.290674,5200,0.0,1.0
2014-09-11,35.080002,35.080002,34.880001,35.080002,31.425049,8100,0.0,1.0
2014-09-12,34.869999,34.869999,34.77,34.784,31.159885,3100,0.0,1.0
2014-09-15,34.849998,34.860001000000004,34.779999,34.84,31.210041,3100,0.0,1.0
2014-09-16,34.610001000000004,35.080002,34.610001000000004,35.016998,31.445324,5500,0.085,1.0
2014-09-17,35.110001000000004,35.110001000000004,34.965,35.07,31.492926,1700,0.0,1.0
2014-09-18,35.07,35.109001,35.029999,35.09,31.510878,7900,0.0,1.0
2014-09-19,35.200001,35.200001,35.099998,35.139999,31.555775,6300,0.0,1.0
2014-09-22,35.900002,35.900002,34.912997999999995,34.926998,31.364498,15000,0.0,1.0
2014-09-23,34.84,34.84,34.759998,34.759998,31.214521,3100,0.0,1.0
2014-09-24,34.77,34.986999999999995,34.720001,34.950001,31.385157,3900,0.0,1.0
2014-09-25,34.720001,34.720001,34.580002,34.580002,31.052898,5700,0.0,1.0
2014-09-26,34.599998,34.77,34.599998,34.740002000000004,31.196579,4000,0.0,1.0
2014-09-29,34.625,34.740002000000004,34.609001,34.700001,31.16065,6800,0.0,1.0
2014-09-30,34.617001,34.639999,34.59,34.637001,31.104095,2700,0.0,1.0
2014-10-01,34.580002,34.580002,34.369999,34.369999,30.864321,2100,0.0,1.0
2014-10-02,34.259998,34.400002,34.259998,34.400002,30.89126,2300,0.0,1.0
2014-10-03,34.5,34.66,34.5,34.639999,31.106773,11100,0.0,1.0
2014-10-06,34.560001,34.599998,34.560001,34.599998,31.07086,1200,0.0,1.0
2014-10-07,34.540001000000004,34.549999,34.25,34.25,30.756546000000004,7800,0.0,1.0
2014-10-08,34.27,34.66,34.23,34.66,31.124737,7400,0.0,1.0
2014-10-09,34.310001,34.310001,34.209999,34.259998,30.765526,2600,0.0,1.0
2014-10-10,34.27,34.279999,34.0,34.0,30.532055,3800,0.0,1.0
2014-10-13,33.970001,34.110001000000004,33.66,33.66,30.226740000000003,25400,0.0,1.0
2014-10-14,33.77,34.009998,33.75,33.75,30.307566,8700,0.0,1.0
2014-10-15,34.040001000000004,34.040001000000004,32.950001,33.689999,30.253679,38700,0.0,1.0
2014-10-16,33.240002000000004,33.639999,33.099998,33.639999,30.208776,22500,0.0,1.0
2014-10-17,33.759998,33.93,33.740002000000004,33.889999,30.433287,1500,0.0,1.0
2014-10-20,34.080002,34.196999,34.049999,34.169998,30.684708,4900,0.0,1.0
2014-10-21,34.369999,34.709999,34.369999,34.703999,31.187969,5500,0.026,1.0
2014-10-22,34.91,34.939999,34.619999,34.619999,31.11249,42200,0.0,1.0
2014-10-23,34.919998,35.009998,34.785,34.799999,31.274254,31600,0.0,1.0
2014-10-24,34.68,35.080002,34.68,35.07,31.516911,31800,0.0,1.0
2014-10-27,35.439999,35.439999,34.918999,35.029999,31.480949,33900,0.0,1.0
2014-10-28,35.099998,35.18,34.959999,35.18,31.615753,8200,0.0,1.0
2014-10-29,35.759998,35.759998,34.970001,35.164001,31.601368,48500,0.0,1.0
2014-10-30,35.150002,35.534,35.119999,35.450001,31.858395,14800,0.0,1.0
2014-10-31,35.900002,35.900002,35.650002,35.75,32.127990999999994,5400,0.0,1.0
2014-11-03,35.75,35.869999,35.689999,35.759998,32.136996999999994,15000,0.0,1.0
2014-11-04,36.16,36.16,35.634998,35.720001,32.101055,164900,0.0,1.0
2014-11-05,36.040001,36.040001,35.84,36.02,32.370667,8100,0.0,1.0
2014-11-06,35.91,36.07,35.84,36.02,32.370667,26100,0.0,1.0
2014-11-07,35.830002,36.25,35.830002,36.150002,32.48748,12800,0.0,1.0
2014-11-10,36.16,36.290001,36.16,36.27,32.595322,19200,0.0,1.0
2014-11-11,36.25,36.287998,36.189999,36.23,32.559376,7800,0.0,1.0
2014-11-12,36.040001,36.150002,36.040001,36.150002,32.48748,7700,0.0,1.0
2014-11-13,36.223999,36.228001,35.98,36.048,32.395824,16600,0.0,1.0
2014-11-14,36.060001,36.099998,35.970001,36.0,32.352676,142800,0.0,1.0
2014-11-17,36.299999,36.299999,35.959999,36.195999,32.528812,20100,0.0,1.0
2014-11-18,36.330002,36.330002,36.21200200000001,36.23,32.622467,5800,0.07,1.0
2014-11-19,37.790001,37.790001,36.099998,36.151001,32.551331,24500,0.0,1.0
2014-11-20,36.169998,36.27,36.169998,36.236999999999995,32.628777,10300,0.0,1.0
2014-11-21,36.490002,36.490002,36.32,36.43,32.802551,20200,0.0,1.0
2014-11-24,36.299999,36.889999,36.299999,36.389999,32.766533,11800,0.0,1.0
2014-11-25,36.299999,36.43,36.293999,36.369999,32.74852,6400,0.0,1.0
2014-11-26,36.41,36.459999,36.41,36.459999,32.829559,400,0.0,1.0
2014-11-28,36.560001,36.66,36.560001,36.57,32.928608000000004,3100,0.0,1.0
2014-12-01,36.380001,36.52,36.330002,36.459999,32.829559,7000,0.0,1.0
2014-12-02,36.589001,36.66,36.569,36.639999,32.991638,6600,0.0,1.0
2014-12-03,36.740002,36.82,36.740002,36.82,33.153713,900,0.0,1.0
2014-12-04,37.099998,37.099998,36.599998,36.709999,33.054661,14100,0.0,1.0
2014-12-05,36.700001,36.758999,36.68,36.702999,33.048363,16500,0.0,1.0
2014-12-08,36.778999,36.799,36.490002,36.59,32.946628999999994,12900,0.0,1.0
2014-12-09,36.310001,36.540001,36.279999,36.499001,32.864677,15500,0.0,1.0
2014-12-10,36.34,36.360001,36.07,36.07,32.478386,6200,0.0,1.0
2014-12-11,36.299999,36.514999,36.220001,36.27,32.658489,18500,0.0,1.0
2014-12-12,35.950001,35.971001,35.75,35.75,32.190254,10200,0.0,1.0
2014-12-15,35.900002,36.0,35.49000200000001,35.57,32.028178999999994,21100,0.0,1.0
2014-12-16,35.48,35.849998,35.27,35.29000100000001,31.911539,17300,0.151,1.0
2014-12-17,35.220001,35.959999,35.220001,35.86000100000001,32.426964,13700,0.0,1.0
2014-12-18,36.099998,36.59,36.099998,36.59,33.08709,27800,0.0,1.0
2014-12-19,36.700001,37.07,36.598999,36.799999,33.27697,17300,0.0,1.0
2014-12-22,36.73,36.889999,36.68,36.889999,33.35836,10400,0.0,1.0
2014-12-23,37.099998,37.119999,37.009998,37.06600200000001,33.517517,14400,0.0,1.0
2014-12-24,37.279999,37.279999,37.145,37.189999,33.629639000000005,14900,0.0,1.0
2014-12-26,37.369999,37.380001,37.310001,37.310001,33.738147999999995,4700,0.0,1.0
2014-12-29,37.880001,37.880001,37.389999,37.48,33.900063,5400,0.009000000000000001,1.0
2014-12-30,37.32,37.32,37.139,37.148998,33.600662,5000,0.0,1.0
2014-12-31,37.150002,37.150002,36.860001,36.880001,33.357376,8500,0.0,1.0
2015-01-02,36.720001,36.82,36.584999,36.759998,33.248825,13700,0.0,1.0
2015-01-05,36.889999,36.889999,36.119999,36.181999,32.726028,7400,0.0,1.0
2015-01-06,36.450001,36.450001,35.939999,36.009998,32.570461,17300,0.0,1.0
2015-01-07,36.248001,36.445999,36.248001,36.400002,32.923206,19300,0.0,1.0
2015-01-08,36.82,36.98,36.82,36.93,33.402588,13000,0.0,1.0
2015-01-09,37.25,37.25,36.59,36.639999,33.140285,16600,0.0,1.0
2015-01-12,36.506001,36.506001,36.379002,36.490002,33.004616,3300,0.0,1.0
2015-01-13,36.779999,36.895,36.130001,36.310001,32.895912,11500,0.06,1.0
2015-01-14,36.169998,36.279999,35.903999,36.23,32.823414,14800,0.0,1.0
2015-01-15,36.32,36.41,36.130001,36.220001,32.814358,148500,0.0,1.0
2015-01-16,36.25,36.599998,36.25,36.59,33.149574,7100,0.0,1.0
2015-01-20,36.75,36.75,36.459999,36.639999,33.194874,8300,0.0,1.0
2015-01-21,36.709999,36.84,36.68,36.84,33.37605300000001,16600,0.0,1.0
2015-01-22,37.150002,37.150002,36.75,37.099998,33.611614,41300,0.0,1.0
2015-01-23,37.040001,37.060001,36.98,36.98,33.502892,12400,0.0,1.0
2015-01-26,37.029999,37.029999,36.76100200000001,37.027,33.545483000000004,9500,0.0,1.0
2015-01-27,36.84,36.93,36.68,36.810001,33.348888,263200,0.0,1.0
2015-01-28,37.02,37.040001,36.359001,36.400002,32.977432,12200,0.0,1.0
2015-01-29,36.599998,36.73,36.150002,36.700001,33.249218,109100,0.0,1.0
2015-01-30,36.759998,36.759998,36.169998,36.169998,32.769058,10600,0.0,1.0
2015-02-02,36.459999,36.459999,35.959999,36.459999,33.031799,30900,0.0,1.0
2015-02-03,36.459999,37.0,36.459999,37.0,33.521008,18700,0.0,1.0
2015-02-04,36.91,36.950001,36.720001,36.720001,33.267353,12300,0.0,1.0
2015-02-05,37.119999,37.119999,36.900002,37.110001,33.620678000000005,14100,0.0,1.0
2015-02-06,37.349998,37.349998,36.619999,36.68,33.231106,18700,0.0,1.0
2015-02-09,36.669998,36.68,36.48,36.549999,33.113335,27700,0.0,1.0
2015-02-10,36.720001,36.990002,36.720001,36.990002,33.511959000000004,12000,0.0,1.0
2015-02-11,36.869999,36.869999,36.648998,36.759998,33.303589,18700,0.0,1.0
2015-02-12,36.82,37.029999,36.82,37.009998,33.530083000000005,7200,0.0,1.0
2015-02-13,37.25,37.25,36.806,36.93,33.457611,8900,0.0,1.0
2015-02-17,37.040001,37.040001,36.759998,36.82,33.461243,15100,0.114,1.0
2015-02-18,37.049999,37.07,36.84,37.049999,33.670254,11800,0.0,1.0
2015-02-19,37.110001,37.110001,36.880001,36.91,33.543026,15600,0.0,1.0
2015-02-20,36.759998,37.049999,36.689999,37.02,33.642990000000005,10700,0.0,1.0
2015-02-23,36.93,37.029999,36.93,36.990002,33.61573,3500,0.0,1.0
2015-02-24,37.200001,37.200001,37.029999,37.18,33.788395,18300,0.0,1.0
2015-02-25,37.130001,37.130001,37.02,37.060001,33.679348,17200,0.0,1.0
2015-02-26,37.279999,37.279999,36.900002,36.957001,33.585751,8700,0.0,1.0
2015-02-27,36.91,37.009998,36.900002,36.939999,33.570286,15500,0.0,1.0
2015-03-02,36.827,36.914001,36.752998,36.889999,33.524864,14500,0.0,1.0
2015-03-03,36.700001,36.830002,36.66,36.830002,33.470325,17100,0.0,1.0
2015-03-04,37.0,37.0,36.529999,36.639999,33.297661,18800,0.0,1.0
2015-03-05,36.919998,36.919998,36.639999,36.689999,33.343102,38100,0.0,1.0
2015-03-06,36.799999,36.799999,35.970001,36.029999,32.743313,44200,0.0,1.0
2015-03-09,36.290001,36.290001,36.125,36.18,32.879622999999995,32000,0.0,1.0
2015-03-10,36.110001,36.110001,35.810001,35.810001,32.543369,32200,0.0,1.0
2015-03-11,35.93,35.93,35.631001,35.709999,32.452496000000004,8400,0.0,1.0
2015-03-12,35.98,36.150002,35.98,36.150002,32.852371000000005,11800,0.0,1.0
2015-03-13,35.98,35.98,35.669998,35.91,32.634243,24100,0.0,1.0
2015-03-16,36.110001,36.360001,36.105,36.356998,33.040465999999995,16600,0.0,1.0
2015-03-17,36.299999,36.299999,36.063,36.178001,32.956669,16600,0.087,1.0
2015-03-18,36.119999,36.73,35.950001,36.723999,33.454052000000004,10700,0.0,1.0
2015-03-19,36.560001,36.560001,36.380001,36.43,33.186234000000006,13000,0.0,1.0
2015-03-20,36.52,36.82,36.52,36.77,33.495953,125400,0.0,1.0
2015-03-23,36.900002,36.919998,36.900002,36.900002,33.614384,2100,0.0,1.0
2015-03-24,36.59,36.780998,36.48,36.490002,33.240891,9000,0.0,1.0
2015-03-25,36.490002,36.490002,36.049999,36.049999,32.840061,13600,0.0,1.0
2015-03-26,35.889999,36.099998,35.889999,35.93,32.730755,19200,0.0,1.0
2015-03-27,35.910999,36.069,35.910999,36.069,32.857361,4800,0.0,1.0
2015-03-30,36.369999,36.512001,36.369999,36.504002,33.253632,4500,0.0,1.0
2015-03-31,36.459999,36.459999,36.290001,36.290001,33.058708,6600,0.0,1.0
2015-04-01,36.25,36.25,36.125,36.198002,32.974888,23500,0.0,1.0
2015-04-02,36.110001,36.439999,36.110001,36.33700200000001,33.101509,9700,0.0,1.0
2015-04-06,36.27,36.73,36.27,36.650002,33.386639,19900,0.0,1.0
2015-04-07,36.799999,36.799999,36.470001,36.470001,33.222664,5600,0.0,1.0
2015-04-08,36.27,36.509998,36.27,36.389999,33.149792,31300,0.0,1.0
2015-04-09,36.299999,36.549999,36.299999,36.549999,33.295532,18800,0.0,1.0
2015-04-10,36.564999,36.790001,36.564999,36.790001,33.514168,154600,0.0,1.0
2015-04-13,36.723,36.723,36.549999,36.556999,33.301914000000004,12100,0.0,1.0
2015-04-14,36.43,36.700001,36.43,36.66,33.395740999999994,24000,0.0,1.0
2015-04-15,36.917999,36.990002,36.869999,36.869999,33.587055,11600,0.0,1.0
2015-04-16,36.84,36.869999,36.687,36.799999,33.523281,19400,0.0,1.0
2015-04-17,36.630001,36.630001,36.330002,36.470001,33.222664,54100,0.0,1.0
2015-04-20,36.91,36.950001,36.860001,36.869999,33.587055,5300,0.0,1.0
2015-04-21,36.91,36.91,36.653,36.653,33.389374,9100,0.0,1.0
2015-04-22,36.679001,36.810001,36.679001,36.779999,33.50507,7700,0.0,1.0
2015-04-23,36.790001,37.02,36.709999,36.959999,33.669044,3500,0.0,1.0
2015-04-24,36.82,37.02,36.82,36.939999,33.650822,8400,0.0,1.0
2015-04-27,37.25,37.25,36.73,36.733002,33.462246,14800,0.0,1.0
2015-04-28,36.740002,36.912998,36.580002,36.912998,33.626217,10000,0.0,1.0
2015-04-29,36.740002,36.849998,36.669998,36.790001,33.514168,8400,0.0,1.0
2015-04-30,36.5,36.534,36.360001,36.490002,33.240891,2300,0.0,1.0
2015-05-01,36.66,36.730999,36.59,36.671001,33.405758,3000,0.0,1.0
2015-05-04,36.900002,36.939999,36.869999,36.869999,33.587055,12400,0.0,1.0
2015-05-05,36.66,36.740002,36.43,36.43,33.186234000000006,14200,0.0,1.0
2015-05-06,36.400002,36.400002,36.07,36.187,32.964867,11100,0.0,1.0
2015-05-07,36.189999,36.389999,36.189999,36.330002,33.095135,3600,0.0,1.0
2015-05-08,36.599998,36.740002,36.599998,36.650002,33.386639,8700,0.0,1.0
2015-05-11,36.720001,36.720001,36.509998,36.509998,33.259106,32800,0.0,1.0
2015-05-12,36.299999,36.433998,36.168999,36.372002,33.133392,17400,0.0,1.0
2015-05-13,36.52,36.549999,36.252998,36.32,33.086018,11300,0.0,1.0
2015-05-14,36.599998,36.601002,36.52,36.59,33.331978,6600,0.0,1.0
2015-05-15,36.869999,36.869999,36.651001,36.735001,33.464081,18600,0.0,1.0
2015-05-18,36.939999,36.939999,36.709999,36.830002,33.550606,9700,0.0,1.0
2015-05-19,36.639999,36.759998,36.630001,36.720001,33.546043,17600,0.105,1.0
2015-05-20,36.779999,36.800999,36.740002,36.759998,33.582584000000004,188500,0.0,1.0
2015-05-21,36.804001,36.82,36.77,36.810001,33.628258,8300,0.0,1.0
2015-05-22,36.66,36.779999,36.66,36.77,33.591721,15200,0.0,1.0
2015-05-26,36.504002,36.523998,36.389999,36.439999,33.290245,4800,0.0,1.0
2015-05-27,36.529999,36.689999,36.52,36.688999,33.517719,9700,0.0,1.0
2015-05-28,36.740002,36.740002,36.52,36.655998,33.487564,7600,0.0,1.0
2015-05-29,36.625999,36.625999,36.450001,36.52,33.363327000000005,13600,0.0,1.0
2015-06-01,36.52,36.619999,36.450001,36.529999,33.372467,19100,0.0,1.0
2015-06-02,36.630001,36.630001,36.299999,36.369999,33.22628,11500,0.0,1.0
2015-06-03,36.349998,36.380001,36.25,36.310001,33.17149000000001,9700,0.0,1.0
2015-06-04,36.271999,36.279999,36.009998,36.09,32.970505,7200,0.0,1.0
2015-06-05,35.98,35.98,35.79000100000001,35.84,32.742119,6300,0.0,1.0
2015-06-08,35.84,35.84,35.641998,35.650002,32.568535,12600,0.0,1.0
2015-06-09,35.619999,35.757,35.61000100000001,35.68,32.595943,18300,0.0,1.0
2015-06-10,35.849998,36.099998,35.849998,36.095001,32.97506,21700,0.0,1.0
2015-06-11,35.99000200000001,36.210999,35.99000200000001,36.189999,33.061844,6000,0.0,1.0
2015-06-12,36.119999,36.130001,35.924,35.93,32.824321999999995,5700,0.0,1.0
2015-06-15,35.68,35.872002,35.68,35.810001,32.714706,5600,0.0,1.0
2015-06-16,35.799999,35.881001,35.66500100000001,35.874001,32.873234000000004,10000,0.109,1.0
2015-06-17,36.009998,36.091,35.81600200000001,36.028,33.014351,6900,0.0,1.0
2015-06-18,36.374001,36.469002,36.369999,36.402,33.357063000000004,2600,0.0,1.0
2015-06-19,36.5,36.5,36.268002,36.268002,33.234272,5400,0.0,1.0
2015-06-22,36.41,36.48,36.299999,36.34,33.300251,9100,0.0,1.0
2015-06-23,36.262001,36.299,36.251999,36.290001,33.254433,6400,0.0,1.0
2015-06-24,36.389999,36.389999,36.07,36.07,33.052818,9600,0.0,1.0
2015-06-25,36.040001,36.07,35.900002,35.91,32.906223,10200,0.0,1.0
2015-06-26,35.799999,36.028999,35.79000100000001,36.028999,33.015255,2900,0.0,1.0
2015-06-29,35.74000200000001,35.74000200000001,35.389999,35.389999,32.429718,7100,0.0,1.0
2015-06-30,35.68,35.68,35.349998,35.369999,32.411392,21200,0.0,1.0
2015-07-01,35.419998,35.689999,35.400002,35.630001,32.649635,22900,0.0,1.0
2015-07-02,35.849998,35.86000100000001,35.720001,35.759998,32.768761,6500,0.0,1.0
2015-07-06,35.61000100000001,35.720001,35.52,35.68,32.69546500000001,41700,0.0,1.0
2015-07-07,35.810001,36.209999,35.599998,36.209999,33.181118,5200,0.0,1.0
2015-07-08,36.09,36.09,35.720001,35.75,32.759598,6300,0.0,1.0
2015-07-09,35.939999,36.080002,35.639999,35.700001,32.713787,5900,0.0,1.0
2015-07-10,35.919998,36.09,35.919998,36.044998,33.029919,21400,0.0,1.0
2015-07-13,36.16,36.279999,36.16,36.279999,33.245258,3300,0.0,1.0
2015-07-14,36.394001,36.394001,36.240002,36.34,33.300251,13900,0.0,1.0
2015-07-15,36.5,36.5,36.196999,36.220001,33.190269,9400,0.0,1.0
2015-07-16,36.395,36.52,36.380001,36.52,33.465195,30200,0.0,1.0
2015-07-17,36.369999,36.369999,36.259998,36.32,33.281925,8000,0.0,1.0
2015-07-20,36.5,36.5,36.195,36.240002,33.208599,9300,0.0,1.0
2015-07-21,36.104,36.105999,35.939999,36.040001,33.035366,16200,0.011,1.0
2015-07-22,35.978001,36.02,35.952,35.98,32.980381,5000,0.0,1.0
2015-07-23,35.889999,35.889999,35.716,35.716,32.738373,4900,0.0,1.0
2015-07-24,35.698002,35.698002,35.52,35.52,32.55872,2700,0.0,1.0
2015-07-27,35.509998,35.580002,35.41,35.529999,32.567886,6800,0.0,1.0
2015-07-28,35.439999,35.900002,35.439999,35.86399799999999,32.874043,2300,0.0,1.0
2015-07-29,36.049999,36.209999,36.028,36.169998,33.15453,7300,0.0,1.0
2015-07-30,36.098,36.380001,36.098,36.380001,33.347023,14900,0.0,1.0
2015-07-31,36.41,36.477001,36.290001,36.34,33.310364,12600,0.0,1.0
2015-08-03,36.27,36.369999,36.240002,36.240002,33.2187,5500,0.0,1.0
2015-08-04,36.580002,36.580002,36.172001,36.23,33.209526000000004,4500,0.0,1.0
2015-08-05,36.529999,36.529999,36.360001,36.380001,33.347023,4000,0.0,1.0
2015-08-06,36.245998,36.310001,36.161999,36.282001,33.257187,13700,0.0,1.0
2015-08-07,36.169998,36.299999,36.16,36.279999,33.255371000000004,9500,0.0,1.0
2015-08-10,36.630001,36.650002,36.610001,36.630001,33.576168,7900,0.0,1.0
2015-08-11,36.509998,36.509998,36.369999,36.380001,33.347023,8800,0.0,1.0
2015-08-12,36.470001,36.63600200000001,36.209999,36.63600200000001,33.581692,3800,0.0,1.0
2015-08-13,36.48,36.632999,36.471001,36.580002,33.53035,10700,0.0,1.0
2015-08-14,36.32,36.77,36.32,36.77,33.70451,10400,0.0,1.0
2015-08-17,36.835999,36.900002,36.82,36.860001,33.787006,10300,0.0,1.0
2015-08-18,36.908001,36.908001,36.619999,36.647999,33.690472,20000,0.107,1.0
2015-08-19,36.459999,36.639999,36.279999,36.490002,33.545231,16600,0.0,1.0
2015-08-20,36.349998,36.349998,35.99000200000001,35.99000200000001,33.085587,12900,0.0,1.0
2015-08-21,35.919998,35.919998,35.200001,35.23,32.386909,35200,0.0,1.0
2015-08-24,32.93,34.548,32.290001000000004,33.98,31.237787,19300,0.0,1.0
2015-08-25,34.299999,34.439999,33.25,33.25,30.56670200000001,53000,0.0,1.0
2015-08-26,33.5,34.060001,33.160999,34.060001,31.311333,23700,0.0,1.0
2015-08-27,34.460999,34.830002,34.34,34.57,31.780186,19200,0.0,1.0
2015-08-28,34.790001000000004,34.919998,34.702999,34.790001000000004,31.982435,5300,0.0,1.0
2015-08-31,34.970001,34.970001,34.450001,34.686001,31.886805,6100,0.0,1.0
2015-09-01,34.25,34.25,33.759998,33.810001,31.081505,11100,0.0,1.0
2015-09-02,33.919998,34.009998,33.75,34.009998,31.265369,33200,0.0,1.0
2015-09-03,34.200001,34.512001,34.200001,34.355999,31.583439,15200,0.0,1.0
2015-09-04,33.861,33.950001,33.669998,33.950001,31.21022,83900,0.0,1.0
2015-09-08,34.220001,34.369999,34.220001,34.369999,31.596298,1100,0.0,1.0
2015-09-09,34.580002,34.689999,34.130001,34.150002,31.394075,13600,0.0,1.0
2015-09-10,34.080002,34.360001000000004,34.080002,34.101002,31.349024,19100,0.0,1.0
2015-09-11,34.279999,34.279999,34.080002,34.240002000000004,31.47681,5700,0.0,1.0
2015-09-14,34.34,34.34,34.240002000000004,34.263000000000005,31.497948,7000,0.0,1.0
2015-09-15,34.529999,34.740002000000004,34.52,34.709999,31.908884000000004,6100,0.0,1.0
2015-09-16,34.830002,35.070999,34.830002,35.070999,32.240749,7500,0.0,1.0
2015-09-17,35.139999,35.400002,35.139999,35.169998,32.331749,3400,0.0,1.0
2015-09-18,34.740002000000004,34.93,34.610001000000004,34.610001000000004,31.816952,11500,0.0,1.0
2015-09-21,34.849998,34.939999,34.731998,34.764999,31.959442,7700,0.0,1.0
2015-09-22,34.34,34.34,34.082001,34.223999,31.462099,8500,0.0,1.0
2015-09-23,34.099998,34.330002,34.076,34.189999,31.430838,10000,0.0,1.0
2015-09-24,34.029999,34.029999,33.849998,34.013000000000005,31.268135,3800,0.0,1.0
2015-09-25,34.540001000000004,34.580002,34.209999,34.290001000000004,31.522778,24900,0.0,1.0
2015-09-28,34.125,34.125,33.68,33.797001,31.069544,4300,0.0,1.0
2015-09-29,33.731998,33.744999,33.619999,33.744999,31.021749,9400,0.0,1.0
2015-09-30,34.110001000000004,34.34,33.98,34.34,31.568737,10400,0.0,1.0
2015-10-01,34.259998,34.279999,33.880001,34.009998,31.265369,8800,0.0,1.0
2015-10-02,34.139999,34.66,33.869999,34.66,31.862907,14700,0.0,1.0
2015-10-05,35.110001000000004,35.345001,35.089001,35.345001,32.492634,2300,0.0,1.0
2015-10-06,35.61000100000001,35.61000100000001,35.32,35.36000100000001,32.506428,51700,0.0,1.0
2015-10-07,35.75,35.799999,35.43,35.646,32.769337,7400,0.0,1.0
2015-10-08,35.644001,36.095001,35.644001,36.095001,33.182106,4900,0.0,1.0
2015-10-09,36.200001,36.200001,35.970001,36.029999,33.122353000000004,6900,0.0,1.0
2015-10-12,36.240002,36.240002,35.966,36.009998,33.103977,1600,0.0,1.0
2015-10-13,35.919998,35.99000200000001,35.751999,35.779999,32.892521,37800,0.0,1.0
2015-10-14,35.91,35.91,35.700001,35.73,32.846561,5800,0.0,1.0
2015-10-15,35.771999,36.080002,35.75,36.049999,33.140736,12400,0.0,1.0
2015-10-16,36.18,36.18,35.993,35.993,33.088333,17800,0.0,1.0
2015-10-19,36.02,36.084999,35.959999,36.060001,33.149929,12900,0.0,1.0
2015-10-20,36.169998,36.279999,36.139,36.209999,33.310917,17700,0.025,1.0
2015-10-21,36.57,36.57,36.110001,36.110001,33.218925,13300,0.0,1.0
2015-10-22,36.610001,36.889999,36.573002,36.84,33.890488,41900,0.0,1.0
2015-10-23,37.0,37.0,36.689999,36.84,33.890488,55100,0.0,1.0
2015-10-26,36.619999,36.720001,36.599998,36.700001,33.761681,17500,0.0,1.0
2015-10-27,36.445,36.514999,36.389999,36.490002,33.568501,10100,0.0,1.0
2015-10-28,36.651001,36.779999,36.5,36.759998,33.816883000000004,20900,0.0,1.0
2015-10-29,37.610001,37.610001,36.375999,36.540001,33.614502,34900,0.0,1.0
2015-10-30,36.43,36.673,36.43,36.527,33.602535,16600,0.0,1.0
2015-11-02,36.77,36.82,36.549999,36.810001,33.862885,51800,0.0,1.0
2015-11-03,36.799999,36.959999,36.68,36.832001,33.883121,16700,0.0,1.0
2015-11-04,37.139999,37.139999,36.700001,36.740002,33.7985,21700,0.0,1.0
2015-11-05,36.740002,36.75,36.540001,36.639999,33.706486,19500,0.0,1.0
2015-11-06,36.689999,36.689999,36.099998,36.27,33.366122999999995,32200,0.0,1.0
2015-11-09,36.035999,36.119999,35.919998,36.067001,33.179375,48300,0.0,1.0
2015-11-10,36.16,36.16,36.040001,36.152,33.257568,6700,0.0,1.0
2015-11-11,36.200001,36.209999,36.130001,36.189999,33.292519,5200,0.0,1.0
2015-11-12,36.0,36.0,35.657001,35.657001,32.802184999999994,15300,0.0,1.0
2015-11-13,35.650002,35.669998,35.299999,35.349998,32.519783000000004,20400,0.0,1.0
2015-11-16,35.27,35.869999,35.27,35.86000100000001,32.988941,265100,0.0,1.0
2015-11-17,35.950001,35.950001,35.479,35.54000100000001,32.816265,8800,0.133,1.0
2015-11-18,35.759998,35.939999,35.599998,35.939999,33.185631,12100,0.0,1.0
2015-11-19,36.091,36.151001,36.009998,36.130001,33.361053000000005,4700,0.0,1.0
2015-11-20,36.419998,36.419998,36.144001,36.189999,33.416451,8200,0.0,1.0
2015-11-23,36.209999,36.279999,36.07,36.110001,33.342602,15700,0.0,1.0
2015-11-24,35.99000200000001,36.259998,35.900002,36.240002,33.462635,17200,0.0,1.0
2015-11-25,36.439999,36.439999,36.167999,36.220001,33.444168,24900,0.0,1.0
2015-11-27,36.209999,36.209999,36.207001,36.207001,33.432156,1100,0.0,1.0
2015-11-30,36.360001,36.360001,36.174999,36.227001,33.450623,20900,0.0,1.0
2015-12-01,36.369999,36.379002,36.236,36.379002,33.590969,5900,0.0,1.0
2015-12-02,36.540001,36.540001,35.916,35.916,33.163456,5200,0.0,1.0
2015-12-03,35.755001,35.792,35.400002,35.48,32.760876,6700,0.0,1.0
2015-12-04,35.74000200000001,36.034,35.74000200000001,35.98,33.222557,8900,0.0,1.0
2015-12-07,35.98,35.98,35.650002,35.720001,32.982468,8400,0.0,1.0
2015-12-08,35.599998,35.689999,35.48,35.549999,32.8255,4100,0.0,1.0
2015-12-09,35.900002,35.900002,35.36000100000001,35.459999,32.742393,19100,0.0,1.0
2015-12-10,35.330002,35.639999,35.330002,35.380001,32.668526,21600,0.0,1.0
2015-12-11,35.02,35.060001,34.82,34.84,32.169918,12900,0.0,1.0
2015-12-14,34.84,34.849998,34.540001000000004,34.740002000000004,32.077583000000004,14800,0.0,1.0
2015-12-15,35.07,35.389999,35.07,35.29000100000001,32.58543,12700,0.0,1.0
2015-12-16,35.49000200000001,35.814999,35.369999,35.779999,33.03788,16700,0.0,1.0
2015-12-17,35.939999,35.939999,35.341,35.361,32.650993,26100,0.0,1.0
2015-12-18,35.009998,35.110001000000004,34.842999,34.93,32.253017,24800,0.0,1.0
2015-12-21,34.889999,35.0,34.724998,34.851002,32.180077000000004,15700,0.0,1.0
2015-12-22,35.07,35.445,34.98,35.419998,32.705475,19900,0.0,1.0
2015-12-23,35.779999,35.970001,35.689999,35.959999,33.204086,19400,0.0,1.0
2015-12-24,35.77,36.060001,35.77,35.917,33.164371,6400,0.0,1.0
2015-12-28,35.589001,35.68,35.571999,35.672001,33.104984,5200,0.181,1.0
2015-12-29,35.709999,35.974998,35.709999,35.950001,33.362988,78800,0.0,1.0
2015-12-30,35.872002,35.919998,35.723,35.723,33.152317,22400,0.0,1.0
2015-12-31,35.799999,35.799999,35.389999,35.509998,32.954636,49400,0.0,1.0
2016-01-04,34.855999,34.983002,34.661999,34.978001,32.460926,27900,0.0,1.0
2016-01-05,34.98,35.167999,34.889999,35.167999,32.637257,20300,0.0,1.0
2016-01-06,34.959999,34.959999,34.59,34.68,32.184368,36200,0.0,1.0
2016-01-07,34.299999,34.466,34.122002,34.139999,31.683226,5800,0.0,1.0
2016-01-08,34.279999,34.279999,33.740002000000004,33.761002000000005,31.331512,31000,0.0,1.0
2016-01-11,33.790001000000004,34.058997999999995,33.610001000000004,33.91,31.469782,18800,0.0,1.0
2016-01-12,34.18,34.18,33.667,33.882999,31.444723,6700,0.0,1.0
2016-01-13,33.950001,34.098,33.333,33.369999,30.968645,16300,0.0,1.0
2016-01-14,33.456001,34.0,33.456001,33.880001,31.441944,71100,0.0,1.0
2016-01-15,33.150002,33.379002,32.943001,33.330002,30.931522,136200,0.0,1.0
2016-01-19,33.740002000000004,33.740002000000004,33.150002,33.375,30.989088,25800,0.017,1.0
2016-01-20,33.27,33.27,32.27,32.889999,30.538754,28700,0.0,1.0
2016-01-21,32.790001000000004,33.355999,32.759998,33.153999,30.783888,22300,0.0,1.0
2016-01-22,33.43,33.75,33.43,33.736,31.324278000000003,23800,0.0,1.0
2016-01-25,33.77,33.779999,33.206001,33.23,30.854452,39700,0.0,1.0
2016-01-26,33.419998,33.75,33.400002,33.743999,31.331703000000005,7900,0.0,1.0
2016-01-27,33.84,34.144001,33.539001,33.687,31.278782,20900,0.0,1.0
2016-01-28,34.026001,34.049999,33.68,33.984001,31.554556,19900,0.0,1.0
2016-01-29,34.400002,34.700001,34.349998,34.700001,32.219368,7600,0.0,1.0
2016-02-01,34.77,35.009998,34.560001,35.009998,32.507206,116000,0.0,1.0
2016-02-02,34.700001,34.700001,34.41,34.540001000000004,32.070812,21500,0.0,1.0
2016-02-03,34.424,35.0,34.424,34.860001000000004,32.36792,21000,0.0,1.0
2016-02-04,34.865002000000004,35.060001,34.740002000000004,34.779999,32.293648,21400,0.0,1.0
2016-02-05,34.77,34.82,34.685001,34.685001,32.205425,6100,0.0,1.0
2016-02-08,34.34,34.43,34.150002,34.279999,31.82938,5400,0.0,1.0
2016-02-09,34.360001000000004,34.5,34.243999,34.5,32.033665,5400,0.0,1.0
2016-02-10,34.400002,34.584999,34.324001,34.34,31.885099,19000,0.0,1.0
2016-02-11,34.080002,34.09,33.759998,34.028999,31.596325,39900,0.0,1.0
2016-02-12,34.279999,34.361999999999995,34.110001000000004,34.361999999999995,31.905525,8500,0.0,1.0
2016-02-16,34.740002000000004,34.860001000000004,34.43,34.860001000000004,32.482307,6900,0.121,1.0
2016-02-17,35.098999,35.27,35.098999,35.25,32.845699,13100,0.0,1.0
2016-02-18,35.299999,35.457001,35.169998,35.349998,32.938889,8400,0.0,1.0
2016-02-19,35.130001,35.25,35.080002,35.209999,32.80843,16200,0.0,1.0
2016-02-22,35.459999,35.605,35.459999,35.605,33.176479,8300,0.0,1.0
2016-02-23,35.48,35.495998,35.32,35.439999,33.022746999999995,12300,0.0,1.0
2016-02-24,35.060001,35.539001,34.990002000000004,35.528999,33.105678999999995,7300,0.0,1.0
2016-02-25,35.509998,35.82,35.509998,35.82,33.37682,20100,0.0,1.0
2016-02-26,35.939999,35.950001,35.580002,35.650002,33.21843,13000,0.0,1.0
2016-02-29,35.759998,35.849998,35.567001,35.618999,33.189533000000004,8000,0.0,1.0
2016-03-01,35.75,35.959999,35.75,35.926998,33.476528,18200,0.0,1.0
2016-03-02,35.849998,36.139,35.745998,36.139,33.674068,27200,0.0,1.0
2016-03-03,36.040001,36.389,36.009998,36.389,33.907017,17500,0.0,1.0
2016-03-04,36.259998,36.700001,36.25,36.610001,34.112949,45100,0.0,1.0
2016-03-07,36.560001,36.880001,36.540001,36.810001,34.299309,10600,0.0,1.0
2016-03-08,36.345001,36.57,36.32,36.414001,33.930309,20600,0.0,1.0
2016-03-09,36.459999,36.68,36.459999,36.540001,34.047714,5500,0.0,1.0
2016-03-10,36.599998,36.82,36.310001,36.68,34.178177000000005,15100,0.0,1.0
2016-03-11,36.5,37.18,36.5,37.099998,34.569527,42900,0.0,1.0
2016-03-14,37.07,37.129002,36.988998,37.129002,34.596546000000004,15400,0.0,1.0
2016-03-15,36.931999,36.970001,36.84,36.950001,34.429759999999995,18500,0.0,1.0
2016-03-16,36.98,37.319,36.900002,37.308998,34.764267,28000,0.0,1.0
2016-03-17,37.27,37.75,37.27,37.66,35.091335,40900,0.0,1.0
2016-03-18,37.950001,37.950001,37.66,37.709999,35.137913,67200,0.0,1.0
2016-03-21,37.84,37.84,37.580002,37.73,35.156555,35700,0.0,1.0
2016-03-22,37.380001,37.709999,37.380001,37.59,35.0261,24300,0.0,1.0
2016-03-23,37.799999,37.799999,37.412998,37.456001,34.901245,29800,0.0,1.0
2016-03-24,37.389999,37.389999,37.16,37.379002,34.829502000000005,14900,0.0,1.0
2016-03-28,37.400002,37.528999,37.325001,37.439999,34.886337,15000,0.0,1.0
2016-03-29,37.27,37.789001,37.27,37.775002,35.198479,29400,0.0,1.0
2016-03-30,37.869999,37.970001,37.799999,37.84,35.25905200000001,29500,0.0,1.0
2016-03-31,38.110001,38.110001,37.775002,37.860001,35.277683,16100,0.0,1.0
2016-04-01,37.970001,37.98,37.537998,37.972,35.382042,18200,0.0,1.0
2016-04-04,38.169998,38.169998,37.77,37.77,35.193829,23800,0.0,1.0
2016-04-05,37.400002,37.465,37.310001,37.32,34.774521,25900,0.0,1.0
2016-04-06,37.31600200000001,37.470001,37.169998,37.470001,34.914284,22100,0.0,1.0
2016-04-07,37.27,37.27,36.925999,37.07,34.541569,16300,0.0,1.0
2016-04-08,37.290001,37.389999,37.040001,37.040001,34.513611,15700,0.0,1.0
2016-04-11,37.540001,37.540001,37.092999,37.092999,34.562992,10700,0.0,1.0
2016-04-12,37.209999,37.470001,37.060001,37.450001,34.895645,16300,0.0,1.0
2016-04-13,37.889999,37.889999,37.52,37.720001,35.147240000000004,21100,0.0,1.0
2016-04-14,37.959999,37.959999,37.560001,37.610001,35.044739,24400,0.0,1.0
2016-04-15,37.540001,37.694,37.540001,37.689999,35.119285999999995,14400,0.0,1.0
2016-04-18,37.650002,37.900002,37.650002,37.889999,35.30564099999999,25900,0.0,1.0
2016-04-19,38.040001,38.040001,37.84,37.98,35.498192,21100,0.116,1.0
2016-04-20,38.209999,38.209999,37.870998,37.949001,35.469204,10300,0.0,1.0
2016-04-21,38.060001,38.060001,37.380001,37.41,34.965424,23500,0.0,1.0
2016-04-22,37.610001,37.73,37.525002,37.66,35.19909699999999,17900,0.0,1.0
2016-04-25,37.720001,37.720001,37.400002,37.509998,35.058884,29100,0.0,1.0
2016-04-26,37.880001,37.880001,37.709999,37.84,35.367325,9100,0.0,1.0
2016-04-27,37.709999,38.220001,37.709999,38.18,35.685116,18700,0.0,1.0
2016-04-28,37.849998,38.139999,37.77,37.790001,35.32058,50100,0.0,1.0
2016-04-29,37.880001,37.880001,37.310001,37.619999,35.161697,22000,0.0,1.0
2016-05-02,37.830002,37.869999,37.596001,37.849998,35.376671,18900,0.0,1.0
2016-05-03,37.82,37.82,37.355,37.470001,35.0215,32800,0.0,1.0
2016-05-04,37.5,37.5,37.400002,37.480999,35.03178,11600,0.0,1.0
2016-05-05,37.630001,37.630001,37.209,37.259998,34.825218,47900,0.0,1.0
2016-05-06,37.34,37.34,37.054001,37.27,34.834587,16900,0.0,1.0
2016-05-09,37.400002,37.439999,37.294998,37.354,34.913082,7000,0.0,1.0
2016-05-10,37.580002,37.720001,37.52,37.720001,35.25518,20900,0.0,1.0
2016-05-11,37.650002,37.650002,37.450001,37.48,35.030838,21400,0.0,1.0
2016-05-12,37.52,37.630001,37.374001,37.529999,35.077587,33400,0.0,1.0
2016-05-13,37.32,37.490002,37.209999,37.209999,34.77848400000001,11500,0.0,1.0
2016-05-16,37.27,37.479,37.27,37.43,34.984123,12700,0.0,1.0
2016-05-17,37.43,37.43,36.860001,36.902,34.584877,19800,0.102,1.0
2016-05-18,36.799999,37.153999,36.66,36.709999,34.404919,15200,0.0,1.0
2016-05-19,36.740002,36.868999,36.580002,36.868999,34.553936,16000,0.0,1.0
2016-05-20,37.07,37.16,37.025002,37.139999,34.807934,8500,0.0,1.0
2016-05-23,37.189999,37.189999,37.029999,37.029999,34.70483,37600,0.0,1.0
2016-05-24,37.25,37.41,37.25,37.389999,35.042229,27500,0.0,1.0
2016-05-25,37.650002,37.73,37.560001,37.689999,35.323391,26100,0.0,1.0
2016-05-26,37.68,37.77,37.66,37.740002,35.370247,16500,0.0,1.0
2016-05-27,37.830002,37.860001,37.75,37.799999,35.426472,12900,0.0,1.0
2016-05-31,37.990002,38.049999,37.779999,37.970001,35.585812,26600,0.0,1.0
2016-06-01,38.040001,38.07,37.75,38.060001,35.670155,157600,0.0,1.0
2016-06-02,37.990002,38.169998,37.959999,38.16,35.763863,45200,0.0,1.0
2016-06-03,38.139999,38.259998,37.959999,38.209999,35.81073,30300,0.0,1.0
2016-06-06,38.339001,38.419998,38.23,38.369999,35.96067,25600,0.0,1.0
2016-06-07,38.5,38.57,38.439999,38.450001,36.035675,28500,0.0,1.0
2016-06-08,38.639999,38.639999,38.497002,38.567001,36.145317,28100,0.0,1.0
2016-06-09,38.389999,38.549999,38.32,38.549999,36.129395,23700,0.0,1.0
2016-06-10,38.220001,38.34,38.13600200000001,38.259998,35.857597,29100,0.0,1.0
2016-06-13,38.099998,38.349998,37.959999,37.970001,35.585812,37000,0.0,1.0
2016-06-14,37.759998,37.869999,37.610001,37.75,35.472115,76400,0.099,1.0
2016-06-15,38.0,38.0,37.82,37.869999,35.584869,55100,0.0,1.0
2016-06-16,37.540001,37.889999,37.450001,37.889999,35.603664,15600,0.0,1.0
2016-06-17,38.119999,38.119999,37.780998,37.970001,35.678829,43600,0.0,1.0
2016-06-20,38.240002,38.459999,38.209999,38.209999,35.90435,15500,0.0,1.0
2016-06-21,38.200001,38.389999,38.134998,38.27,35.960716,50200,0.0,1.0
2016-06-22,38.470001,38.470001,38.209999,38.209999,35.90435,60700,0.0,1.0
2016-06-23,38.498001,38.650002,38.490002,38.650002,36.317795,52700,0.0,1.0
2016-06-24,37.41,38.200001,37.169998,37.59,35.321766,74800,0.0,1.0
2016-06-27,37.48,37.48,36.702999,36.84,34.617016,22200,0.0,1.0
2016-06-28,37.106998,37.360001,37.009998,37.360001,35.105656,26800,0.0,1.0
2016-06-29,37.540001,37.956001,37.540001,37.93,35.641239,100200,0.0,1.0
2016-06-30,38.18,38.52,37.93,38.470001,36.148666,32500,0.0,1.0
2016-07-01,38.77,38.77,38.5,38.66,36.32718300000001,57400,0.0,1.0
2016-07-05,38.52,38.529999,38.223999,38.389999,36.07349,19400,0.0,1.0
2016-07-06,38.25,38.580002,38.07,38.580002,36.252018,12000,0.0,1.0
2016-07-07,38.540001,38.720001,38.310001,38.389999,36.07349,36100,0.0,1.0
2016-07-08,38.577999,39.005001,38.577999,39.005001,36.651375,24200,0.0,1.0
2016-07-11,39.060001,39.209999,39.060001,39.169998,36.806423,19400,0.0,1.0
2016-07-12,39.529999,39.529999,39.290001,39.400002,37.022541,83900,0.0,1.0
2016-07-13,39.610001,39.610001,39.273998,39.449001,37.068588,28600,0.0,1.0
2016-07-14,39.880001,39.880001,39.491001,39.599998,37.210484,37000,0.0,1.0
2016-07-15,39.91,39.91,39.431,39.580002,37.191696,25200,0.0,1.0
2016-07-18,39.75,39.75,39.599998,39.68,37.285648,19500,0.0,1.0
2016-07-19,39.75,39.75,39.464001,39.509998,37.154934,29000,0.031,1.0
2016-07-20,40.029999,40.029999,39.459999,39.580002,37.220772,44800,0.0,1.0
2016-07-21,39.598999,39.66,39.52,39.521999,37.166222,13400,0.0,1.0
2016-07-22,39.779999,39.830002,39.618999,39.830002,37.455856,33800,0.0,1.0
2016-07-25,39.98,39.98,39.689999,39.799999,37.42765,51000,0.0,1.0
2016-07-26,39.880001,39.950001,39.669998,39.880001,37.50288,63700,0.0,1.0
2016-07-27,39.779999,39.779999,39.528,39.59,37.230175,18200,0.0,1.0
2016-07-28,39.689999,39.689999,39.43,39.674,37.309155,60300,0.0,1.0
2016-07-29,39.700001,39.77,39.540001,39.75,37.38063,55700,0.0,1.0
2016-08-01,39.73,39.740002,39.540001,39.580002,37.220772,26400,0.0,1.0
2016-08-02,39.759998,39.759998,39.139999,39.209999,36.872814,36500,0.0,1.0
2016-08-03,39.099998,39.259998,39.099998,39.240002,36.901031,37400,0.0,1.0
2016-08-04,39.313,39.369999,39.23,39.251999,36.912319,52300,0.0,1.0
2016-08-05,39.459999,39.580002,39.459999,39.537998,37.181267,36800,0.0,1.0
2016-08-08,39.610001,39.68,39.540001,39.560001,37.20195800000001,29600,0.0,1.0
2016-08-09,39.490002,39.669998,39.490002,39.554001,37.196308,25300,0.0,1.0
2016-08-10,39.63800000000001,39.63800000000001,39.400002,39.433998,37.083469,18700,0.0,1.0
2016-08-11,39.639999,39.75,39.633999,39.73,37.361824,53100,0.0,1.0
2016-08-12,39.740002,39.810001,39.666,39.709999,37.343018,9100,0.0,1.0
2016-08-15,39.84,39.880001,39.77,39.77,37.399441,23800,0.0,1.0
2016-08-16,39.639999,39.639999,39.41,39.41,37.165569,26400,0.112,1.0
2016-08-17,39.450001,39.619999,39.240002,39.59,37.335312,32100,0.0,1.0
2016-08-18,39.66,39.779999,39.639999,39.779999,37.514488,23000,0.0,1.0
2016-08-19,39.639999,39.759998,39.599998,39.73,37.467339,30700,0.0,1.0
2016-08-22,39.77,39.77,39.599998,39.73,37.467339,12100,0.0,1.0
2016-08-23,39.98,39.98,39.869999,39.869999,37.599365,40000,0.0,1.0
2016-08-24,39.779999,39.799999,39.709999,39.755001,37.49091,11300,0.0,1.0
2016-08-25,39.75,39.810001,39.731998,39.759998,37.495636,27400,0.0,1.0
2016-08-26,39.939999,40.029999,39.390999,39.549999,37.297588,12700,0.0,1.0
2016-08-29,39.630001,39.869999,39.630001,39.823002,37.555035,36600,0.0,1.0
2016-08-30,39.84,39.860001,39.683998,39.759998,37.495636,23900,0.0,1.0
2016-08-31,39.738998,39.790001,39.554001,39.75,37.486202,28100,0.0,1.0
2016-09-01,39.919998,39.98,39.48,39.669998,37.410748,28600,0.0,1.0
2016-09-02,39.919998,39.98,39.813,39.950001,37.674812,118100,0.0,1.0
2016-09-06,40.02,40.040001,39.895,40.040001,37.759682,35000,0.0,1.0
2016-09-07,40.040001,40.040001,39.900002,40.009998,37.821117,148600,0.095,1.0
2016-09-08,39.93,40.014999,39.909,39.976002,37.788982,24700,0.0,1.0
2016-09-09,39.779999,39.779999,38.950001,38.950001,36.819107,135000,0.0,1.0
2016-09-12,38.779999,39.549999,38.779999,39.5,37.339031,24300,0.0,1.0
2016-09-13,39.209999,39.314999,38.82,38.970001,36.83802,39600,0.0,1.0
2016-09-14,38.990002,39.169998,38.77,38.867001,36.740665,56600,0.0,1.0
2016-09-15,38.880001,39.334999,38.869999,39.27,37.121613,28500,0.0,1.0
2016-09-16,39.200001,39.257,39.029999,39.200001,37.055439,45200,0.0,1.0
2016-09-19,39.459999,39.509998,39.32,39.380001,37.225597,18200,0.0,1.0
2016-09-20,39.619999,39.619999,39.32,39.32,37.168869,29300,0.0,1.0
2016-09-21,39.459999,39.791,39.31600200000001,39.785,37.608437,34900,0.0,1.0
2016-09-22,39.849998,40.064999,39.849998,40.022999,37.833412,55800,0.0,1.0
2016-09-23,39.939999,40.048,39.91,39.950001,37.764404,36000,0.0,1.0
2016-09-26,39.93,39.93,39.59,39.59,37.424103,34100,0.0,1.0
2016-09-27,39.540001,39.762001,39.540001,39.650002,37.48082,24800,0.0,1.0
2016-09-28,39.75,39.82,39.459999,39.82,37.641521,193500,0.0,1.0
2016-09-29,39.759998,39.759998,39.313999,39.360001,37.206688,47300,0.0,1.0
2016-09-30,39.619999,39.682999,39.540001,39.639999,37.471359,38900,0.0,1.0
2016-10-03,39.639999,39.639999,39.27,39.389999,37.235043,49700,0.0,1.0
2016-10-04,39.389999,39.389999,38.935001,39.009998,36.87582,29000,0.0,1.0
2016-10-05,39.176998,39.292,39.130001,39.236999999999995,37.09042,14200,0.0,1.0
2016-10-06,39.25,39.290001,39.09,39.245998,37.09891500000001,33700,0.0,1.0
2016-10-07,39.279999,39.345001,39.02,39.200001,37.055439,35900,0.0,1.0
2016-10-10,39.419998,39.419998,39.256001,39.310001,37.15942,14300,0.0,1.0
2016-10-11,39.299999,39.299999,38.827999,38.93,36.800205,51200,0.0,1.0
2016-10-12,38.990002,39.181,38.91,39.09,36.951454,32000,0.0,1.0
2016-10-13,38.959999,39.16,38.790001,39.105999,36.966583,29100,0.0,1.0
2016-10-14,39.360001,39.360001,39.044998,39.060001,36.923088,17200,0.0,1.0
2016-10-17,39.029999,39.056,38.93,38.950001,36.819107,28700,0.0,1.0
2016-10-18,39.169998,39.169998,38.868,38.919998,36.889263,82800,0.104,1.0
2016-10-19,39.23,39.23,38.907001,39.07,37.031437,54700,0.0,1.0
2016-10-20,39.060001,39.097,38.873001,38.970001,36.936642,36100,0.0,1.0
2016-10-21,38.970001,39.0,38.84,38.950001,36.917679,43000,0.0,1.0
2016-10-24,39.279999,39.279999,39.02,39.092999,37.05323,37400,0.0,1.0
2016-10-25,39.130001,39.139999,39.039001,39.110001,37.069355,37700,0.0,1.0
2016-10-26,39.18,39.220001,39.02,39.150002,37.10725,126700,0.0,1.0
2016-10-27,39.439999,39.439999,38.915001,38.970001,36.936642,42300,0.0,1.0
2016-10-28,39.018002,39.209,38.84,38.950001,36.917679,34500,0.0,1.0
2016-10-31,38.959999,39.279999,38.959999,39.240002,37.192566,66700,0.0,1.0
2016-11-01,39.330002,39.330002,38.73,38.860001,36.832386,54700,0.0,1.0
2016-11-02,38.789001,38.789001,38.560001,38.652,36.635239,28000,0.0,1.0
2016-11-03,38.759998,38.759998,38.490002,38.529999,36.519604,30900,0.0,1.0
2016-11-04,38.439999,38.643002,38.380001,38.389999,36.386913,16700,0.0,1.0
2016-11-07,38.709999,39.040001,38.702,39.040001,37.002995,40400,0.0,1.0
2016-11-08,39.130001,39.400002,39.083,39.290001,37.239948,20300,0.0,1.0
2016-11-09,39.330002,39.729,38.959,39.556,37.492069,142600,0.0,1.0
2016-11-10,39.709999,39.880001,39.446999,39.727001,37.654148,36600,0.0,1.0
2016-11-11,39.709999,39.838001,39.66,39.82,37.742294,17600,0.0,1.0
2016-11-14,39.959999,40.053001,39.91,40.040001,37.95082100000001,12600,0.0,1.0
2016-11-15,40.139999,40.183998,39.91,40.183998,38.163555,40300,0.08,1.0
2016-11-16,40.049999,40.139999,39.919998,40.040001,38.026798,43800,0.0,1.0
2016-11-17,40.122002,40.189999,40.040001,40.189999,38.16925,65700,0.0,1.0
2016-11-18,40.299999,40.299999,40.040001,40.119999,38.102772,80900,0.0,1.0
2016-11-21,40.299,40.400002,40.240002,40.400002,38.368687,92400,0.0,1.0
2016-11-22,40.599998,40.639999,40.459999,40.610001,38.568134,43200,0.0,1.0
2016-11-23,40.639999,40.639999,40.540001,40.619999,38.577637,142700,0.0,1.0
2016-11-25,40.875,40.880001,40.84,40.869999,38.815067,4100,0.0,1.0
2016-11-28,40.880001,40.970001,40.720001,40.866001,38.811268,41200,0.0,1.0
2016-11-29,40.91,41.0,40.849998,40.926998,38.869202,22500,0.0,1.0
2016-11-30,41.119999,41.119999,40.639999,40.639999,38.59663,38000,0.0,1.0
2016-12-01,40.560001,40.66,40.470001,40.549,38.510201,96400,0.0,1.0
2016-12-02,40.630001,40.716999,40.470001,40.560001,38.520649,36600,0.0,1.0
2016-12-05,40.68,40.799999,40.68,40.799999,38.748585,38500,0.0,1.0
2016-12-06,40.838001,40.98,40.779999,40.98,38.919533,42400,0.0,1.0
2016-12-07,41.119999,41.63800000000001,41.068001,41.580002,39.489365,104400,0.0,1.0
2016-12-08,41.563,41.84,41.546001,41.720001,39.622322,30100,0.0,1.0
2016-12-09,41.869999,41.91,41.68,41.91,39.802769,41400,0.0,1.0
2016-12-12,41.970001,41.970001,41.765999,41.849998,39.745789,24500,0.0,1.0
2016-12-13,41.860001,41.874001,41.689999,41.849998,39.914597,40200,0.177,1.0
2016-12-14,41.880001,41.91,41.296001,41.330002,39.418652,34100,0.0,1.0
2016-12-15,41.330002,41.650002,41.306000000000004,41.536999,39.61607,45900,0.0,1.0
2016-12-16,41.48,41.669998,41.403999,41.470001,39.552177,58100,0.0,1.0
2016-12-19,41.610001,41.620998,41.48,41.610001,39.685699,23800,0.0,1.0
2016-12-20,41.82,41.880001,41.73,41.799999,39.866909,38700,0.0,1.0
2016-12-21,41.689999,41.860001,41.689999,41.700001,39.77153,43700,0.0,1.0
2016-12-22,41.59,41.619999,41.48,41.599998,39.676167,57500,0.0,1.0
2016-12-23,41.790001,41.790001,41.549999,41.619999,39.695244,24800,0.0,1.0
2016-12-27,41.610001,41.758999,41.610001,41.700001,39.77153,24500,0.0,1.0
2016-12-28,41.779999,41.779999,41.310001,41.310001,39.414688,29700,0.016,1.0
2016-12-29,41.41,41.479,41.367001,41.419998,39.519646,40800,0.0,1.0
2016-12-30,41.650002,41.650002,41.209999,41.310001,39.414688,28300,0.0,1.0
2017-01-03,41.59,41.59,41.330002,41.435001,39.533966,85100,0.0,1.0
2017-01-04,41.720001,41.849998,41.689999,41.779999,39.863132,84900,0.0,1.0
2017-01-05,41.59,41.595001,41.452999,41.547001,39.640816,170400,0.0,1.0
2017-01-06,41.630001,41.699001,41.48,41.625,39.715256,35300,0.0,1.0
2017-01-09,41.299999,41.5,41.27,41.279999,39.386074,41200,0.0,1.0
2017-01-10,41.23,41.419998,41.200001,41.278999,39.385113,77800,0.0,1.0
2017-01-11,41.34,41.470001,41.272999,41.469002,39.56641,35600,0.0,1.0
2017-01-12,41.310001,41.368,41.091999,41.356998,39.45953400000001,90400,0.0,1.0
2017-01-13,41.369999,41.470001,41.151001,41.360001,39.462402,147300,0.0,1.0
2017-01-17,41.380001,41.456001,41.234001,41.32,39.45571500000001,42800,0.033,1.0
2017-01-18,41.32,41.404999,41.25,41.400002,39.532112,32700,0.0,1.0
2017-01-19,41.439999,41.439999,41.043999,41.18,39.32203300000001,35600,0.0,1.0
2017-01-20,41.259998,41.445999,41.200001,41.366001,39.499641,59900,0.0,1.0
2017-01-23,41.111000000000004,41.349998,41.110001,41.234001,39.3736,33600,0.0,1.0
2017-01-24,41.34,41.599998,41.338001,41.583,39.70685200000001,77400,0.0,1.0
2017-01-25,41.59,41.84,41.578999,41.84,39.952263,47800,0.0,1.0
2017-01-26,41.880001,41.880001,41.68,41.689999,39.809025,69800,0.0,1.0
2017-01-27,41.75,41.755001,41.516998,41.523998,39.650509,26100,0.0,1.0
2017-01-30,41.490002,41.490002,41.23,41.34,39.474823,52500,0.0,1.0
2017-01-31,41.34,41.528999,41.25,41.5,39.62759000000001,29000,0.0,1.0
2017-02-01,41.580002,41.580002,41.200001,41.279999,39.417522,41500,0.0,1.0
2017-02-02,41.32,41.474998,41.226002,41.439999,39.570301,67500,0.0,1.0
2017-02-03,41.549999,41.757,41.549999,41.705002,39.823341,19400,0.0,1.0
2017-02-06,41.646,41.688999,41.537998,41.583999999999996,39.707806,16000,0.0,1.0
2017-02-07,41.799999,41.799999,41.529999,41.580002,39.703995,49300,0.0,1.0
2017-02-08,41.599998,41.693001,41.546001,41.66,39.78038,14400,0.0,1.0
2017-02-09,41.889999,41.93,41.693999999999996,41.880001,39.990459,49300,0.0,1.0
2017-02-10,41.75,42.040001,41.75,42.02,40.12413400000001,39900,0.0,1.0
2017-02-13,42.18,42.25,42.083,42.189999,40.286457,28000,0.0,1.0
2017-02-14,42.048,42.18,41.959999,42.16,40.318024,28200,0.063,1.0
2017-02-15,42.330002,42.330002,42.063,42.292999,40.445206,26900,0.0,1.0
2017-02-16,42.360001,42.389999,42.223,42.388999999999996,40.537018,36000,0.0,1.0
2017-02-17,42.169998,42.400002,42.169998,42.380001,40.528408,56200,0.0,1.0
2017-02-21,42.66,42.733002,42.450001,42.709999,40.843998,52800,0.0,1.0
2017-02-22,42.709999,42.77,42.59,42.77,40.901363,46900,0.0,1.0
2017-02-23,42.860001,42.889999,42.689999,42.834999,40.963535,154700,0.0,1.0
2017-02-24,42.529999,43.035,42.529999,43.035,41.154785,41400,0.0,1.0
2017-02-27,42.900002,43.084999,42.900002,43.040001,41.159584,29600,0.0,1.0
2017-02-28,43.09,43.09,42.881001,42.985001,41.106987,202800,0.0,1.0
2017-03-01,43.360001,43.438,43.200001,43.34,41.446468,36600,0.0,1.0
2017-03-02,43.25,43.389999,43.203999,43.208999999999996,41.321186,22600,0.0,1.0
2017-03-03,43.335999,43.335999,43.040001,43.173,41.286758,41100,0.0,1.0
2017-03-06,43.080002,43.09,42.93,43.040001,41.159584,51500,0.0,1.0
2017-03-07,42.98,42.98,42.799999,42.839001,41.043644,60600,0.08,1.0
2017-03-08,42.919998,42.919998,42.619999,42.619999,40.83382,25800,0.0,1.0
2017-03-09,42.720001,42.778,42.52,42.68,40.891304,33800,0.0,1.0
2017-03-10,42.75,42.924999,42.700001,42.860001,41.063766,131900,0.0,1.0
2017-03-13,42.91,42.939999,42.82,42.93,41.130825,43000,0.0,1.0
2017-03-14,43.0,43.0,42.73,42.849998,41.054184,40900,0.0,1.0
2017-03-15,43.16,43.400002,42.970001,43.297001,41.482456,34600,0.0,1.0
2017-03-16,43.279999,43.279999,43.070999,43.118,41.310955,42600,0.0,1.0
2017-03-17,43.23,43.32,43.16,43.278,41.464245,52100,0.0,1.0
2017-03-20,43.16,43.16,42.970001,43.075001,41.269753,28200,0.0,1.0
2017-03-21,42.990002,43.060001,42.664001,42.790001,40.996689,45600,0.0,1.0
2017-03-22,42.75,42.77,42.599998,42.752998,40.961246,40800,0.0,1.0
2017-03-23,42.759998,42.942001,42.597,42.68,40.891304,33900,0.0,1.0
2017-03-24,42.740002,42.84,42.648998,42.687,40.898026,67200,0.0,1.0
2017-03-27,42.310001,42.625999,42.310001,42.59,40.805077,39600,0.0,1.0
2017-03-28,42.619999,42.889999,42.619999,42.860001,41.063766,40500,0.0,1.0
2017-03-29,42.790001,42.879002,42.729,42.810001,41.01586500000001,32100,0.0,1.0
2017-03-30,42.889999,42.91,42.726002,42.881001,41.08387800000001,31700,0.0,1.0
2017-03-31,42.889999,43.02,42.814999,42.91,41.111671,32600,0.0,1.0
2017-04-03,42.762001,42.797001,42.537998,42.700001,40.910473,76200,0.0,1.0
2017-04-04,42.639999,42.778,42.550999,42.715,40.924839,32100,0.0,1.0
2017-04-05,42.970001,42.990002,42.596001,42.619999,40.83382,41100,0.0,1.0
2017-04-06,42.68,42.798,42.595001,42.709999,40.920052,28300,0.0,1.0
2017-04-07,42.82,42.82,42.630001,42.66,40.872147,48500,0.0,1.0
2017-04-10,42.68,42.799,42.576,42.683998,40.895138,35400,0.0,1.0
2017-04-11,42.583,42.710999,42.493999,42.68,40.891304,24600,0.0,1.0
2017-04-12,42.73,42.740002,42.630001,42.68,40.891304,34100,0.0,1.0
2017-04-13,42.59,42.68,42.400002,42.459999,40.68052700000001,34300,0.0,1.0
2017-04-17,42.560001,42.700001,42.477001,42.700001,40.910473,30300,0.0,1.0
2017-04-18,42.48,42.584999,42.409,42.580002,40.950871,53800,0.162,1.0
2017-04-19,42.799999,42.799999,42.419998,42.470001,40.845066,27500,0.0,1.0
2017-04-20,42.619999,42.709999,42.450001,42.66,41.027805,31200,0.0,1.0
2017-04-21,42.646,42.729,42.610001,42.66,41.027805,125800,0.0,1.0
2017-04-24,42.959999,43.049999,42.841,43.0,41.354794,28700,0.0,1.0
2017-04-25,43.139999,43.200001,42.950001,43.130001,41.47982,52000,0.0,1.0
2017-04-26,43.119999,43.305,43.061001,43.099998,41.45097,43700,0.0,1.0
2017-04-27,43.139999,43.27,43.088001,43.167999,41.516369,41200,0.0,1.0
2017-04-28,43.279999,43.279999,42.904999,42.939999,41.297081,16100,0.0,1.0
2017-05-01,43.009998,43.009998,42.799999,42.835999,41.197071,56600,0.0,1.0
2017-05-02,42.869999,42.869999,42.73,42.84,41.200916,26200,0.0,1.0
2017-05-03,42.849998,42.849998,42.720001,42.81600200000001,41.177841,25800,0.0,1.0
2017-05-04,42.950001,42.950001,42.637001,42.77,41.133587,46500,0.0,1.0
2017-05-05,42.939999,43.07,42.849998,43.07,41.422119,51700,0.0,1.0
2017-05-08,43.040001,43.040001,42.874001,42.970001,41.325943,36900,0.0,1.0
2017-05-09,42.93,42.974998,42.759998,42.810001,41.172062,44200,0.0,1.0
2017-05-10,42.860001,42.91,42.779999,42.91,41.268234,59000,0.0,1.0
2017-05-11,42.778,42.778,42.526001,42.715,41.080692,31100,0.0,1.0
2017-05-12,42.700001,42.709999,42.610001,42.650002,41.018192,33400,0.0,1.0
2017-05-15,42.75,42.91,42.75,42.849998,41.210533,81200,0.0,1.0
2017-05-16,42.830002,42.844002,42.561001,42.599998,41.036182,30200,0.069,1.0
2017-05-17,42.52,42.52,42.207001,42.207001,40.657604,47200,0.0,1.0
2017-05-18,42.200001,42.380001,41.990002,42.277,40.725033,37900,0.0,1.0
2017-05-19,42.380001,42.619999,42.263999999999996,42.519001,40.958153,46300,0.0,1.0
2017-05-22,42.740002,42.869999,42.653999,42.82,41.248096,36300,0.0,1.0
2017-05-23,42.939999,43.009998,42.844002,42.882999,41.308788,26100,0.0,1.0
2017-05-24,42.919998,43.0,42.880001,43.0,41.421494,41100,0.0,1.0
2017-05-25,43.25,43.25,43.056999,43.25,41.662315,23200,0.0,1.0
2017-05-26,43.18,43.25,43.150002,43.220001,41.633419,48900,0.0,1.0
2017-05-30,43.110001,43.279999,43.110001,43.244999,41.657501,24700,0.0,1.0
2017-05-31,43.490002,43.490002,43.165001,43.327999,41.737453,57300,0.0,1.0
2017-06-01,43.41,43.73,43.369999,43.73,42.124691,85700,0.0,1.0
2017-06-02,44.02,44.02,43.669998,43.759998,42.153595,28100,0.0,1.0
2017-06-05,43.661999,43.73,43.625999,43.669998,42.066891,38600,0.0,1.0
2017-06-06,43.610001,43.610001,43.455002,43.488998,41.89254,30700,0.0,1.0
2017-06-07,43.549999,43.560001,43.470001,43.5,41.903141,25400,0.0,1.0
2017-06-08,43.52,43.560001,43.369999,43.470001,41.874241,27500,0.0,1.0
2017-06-09,43.299999,43.73,43.299999,43.73,42.124691,38400,0.0,1.0
2017-06-12,43.759998,43.931999,43.700001,43.810001,42.201756,24300,0.0,1.0
2017-06-13,43.77,43.833999999999996,43.650002,43.796001,42.307064,23000,0.123,1.0
2017-06-14,44.0,44.0,43.73,43.880001,42.388195,32800,0.0,1.0
2017-06-15,43.540001,43.91,43.540001,43.91,42.417168,41100,0.0,1.0
2017-06-16,43.900002,43.93,43.757,43.93,42.436497,31100,0.0,1.0
2017-06-19,43.93,44.095001,43.93,44.07,42.571735,32700,0.0,1.0
2017-06-20,44.029999,44.029999,43.73,43.73,42.243294,40200,0.0,1.0
2017-06-21,43.700001,43.700001,43.560001,43.580002,42.09838900000001,38300,0.0,1.0
2017-06-22,43.77,43.77,43.491001,43.491001,42.012413,33800,0.0,1.0
2017-06-23,43.740002,43.740002,43.450001,43.560001,42.079079,31800,0.0,1.0
2017-06-26,43.66,43.82,43.66,43.779999,42.291592,27400,0.0,1.0
2017-06-27,43.970001,43.970001,43.5,43.5,42.021111,34200,0.0,1.0
2017-06-28,43.759998,43.810001,43.615002,43.615002,42.13221,23800,0.0,1.0
2017-06-29,43.560001,43.560001,43.049999,43.23,41.760296,34600,0.0,1.0
2017-06-30,43.59,43.59,43.27,43.396,41.92065,24900,0.0,1.0
2017-07-03,43.470001,43.630001,43.43,43.43,41.953499,11200,0.0,1.0
2017-07-05,43.470001,43.470001,43.200001,43.275002,41.803772,32500,0.0,1.0
2017-07-06,43.139999,43.139999,42.905998,42.945999,41.485954,37700,0.0,1.0
2017-07-07,42.993,43.169998,42.98,43.154999,41.68784,29400,0.0,1.0
2017-07-10,43.099998,43.130001,43.0,43.0,41.53810900000001,24100,0.0,1.0
2017-07-11,43.040001,43.040001,42.77,42.877998,41.420261,24800,0.0,1.0
2017-07-12,43.310001,43.310001,43.080002,43.117001,41.651134000000006,28800,0.0,1.0
2017-07-13,43.290001,43.310001,43.084999,43.182999,41.71489,257000,0.0,1.0
2017-07-14,43.259998,43.43,43.259998,43.34,41.86655800000001,66500,0.0,1.0
2017-07-17,43.384998,43.439999,43.286999,43.389999,41.914852,31700,0.0,1.0
2017-07-18,43.299999,43.348999,43.240002,43.299,41.859745,14300,0.034,1.0
2017-07-19,43.401001,43.549999,43.360001,43.549999,42.102406,154800,0.0,1.0
2017-07-20,43.630001,43.73,43.564999,43.709999,42.25708,18000,0.0,1.0
2017-07-21,43.709999,43.740002,43.529999,43.740002,42.286095,31000,0.0,1.0
2017-07-24,43.779999,43.779999,43.580002,43.619999,42.170078,29400,0.0,1.0
2017-07-25,43.810001,43.838001,43.700001,43.73,42.276424,63700,0.0,1.0
2017-07-26,43.720001,43.759998,43.650002,43.720001,42.266754,53200,0.0,1.0
2017-07-27,43.709999,43.789001,43.643002,43.789001,42.333458,29700,0.0,1.0
2017-07-28,43.599998,43.630001,43.51300000000001,43.630001,42.179745,9400,0.0,1.0
2017-07-31,43.48,43.860001,43.48,43.790001,42.334431,32900,0.0,1.0
2017-08-01,43.833999999999996,43.93,43.775002,43.91,42.450447,38500,0.0,1.0
2017-08-02,43.790001,43.849998,43.77,43.849998,42.392429,26100,0.0,1.0
2017-08-03,43.903,43.950001,43.84,43.860001,42.402107,22800,0.0,1.0
2017-08-04,43.689999,43.951,43.689999,43.880001,42.421432,37800,0.0,1.0
2017-08-07,43.939999,43.98,43.880001,43.964001,42.502644,28300,0.0,1.0
2017-08-08,43.990002,44.080002,43.872002,43.900002,42.440773,38200,0.0,1.0
2017-08-09,43.869999,43.889999,43.759998,43.860001,42.402107,42800,0.0,1.0
2017-08-10,43.82,43.82,43.52,43.529999,42.08306500000001,50500,0.0,1.0
2017-08-11,43.599998,43.599998,43.339001,43.443001,41.998962,26100,0.0,1.0
2017-08-14,43.73,43.810001,43.66,43.790001,42.334431,29000,0.0,1.0
2017-08-15,43.799999,43.799999,43.419998,43.66,42.263763,25000,0.057,1.0
2017-08-16,43.747002,43.84,43.747002,43.782001,42.381863,33400,0.0,1.0
2017-08-17,43.709999,43.73,43.259998,43.259998,41.876545,20800,0.0,1.0
2017-08-18,43.25,43.360001,43.076,43.23,41.847511,36800,0.0,1.0
2017-08-21,43.290001,43.310001,43.046001,43.299999,41.915268,47000,0.0,1.0
2017-08-22,43.450001,43.619999,43.34,43.619999,42.22504,31200,0.0,1.0
2017-08-23,43.51300000000001,43.599998,43.486000000000004,43.540001,42.147602,39700,0.0,1.0
2017-08-24,43.52,43.650002,43.48,43.492001,42.101135,16000,0.0,1.0
2017-08-25,43.66,43.790001,43.630001,43.669998,42.273438,24900,0.0,1.0
2017-08-28,43.799999,43.799999,43.564999,43.645,42.249241,22400,0.0,1.0
2017-08-29,43.689999,43.689999,43.48,43.560001,42.16696500000001,507100,0.0,1.0
2017-08-30,43.68,43.689999,43.526001,43.598999,42.204716,31500,0.0,1.0
2017-08-31,43.779999,43.82,43.700001,43.77,42.370243,46500,0.0,1.0
2017-09-01,43.84,43.950001,43.82,43.915001,42.510612,15800,0.0,1.0
2017-09-05,44.009998,44.009998,43.505001,43.650002,42.254086,48900,0.0,1.0
2017-09-06,43.77,43.810001,43.740002,43.777,42.377022,22400,0.0,1.0
2017-09-07,43.650002,43.650002,43.43,43.493,42.316696,28300,0.222,1.0
2017-09-08,43.5,43.706001,43.450001,43.669998,42.488911,23000,0.0,1.0
2017-09-11,43.740002,44.110001,43.740002,44.047001,42.855717,55700,0.0,1.0
2017-09-12,44.040001,44.16,44.0,44.051998,42.860584,23100,0.0,1.0
2017-09-13,44.07,44.130001,44.014999,44.050999,42.859604,26700,0.0,1.0
2017-09-14,44.009998,44.189999,43.700001,44.150002,42.955933,22000,0.0,1.0
2017-09-15,44.220001,44.290001,44.16,44.290001,43.092144,27000,0.0,1.0
2017-09-18,44.389999,44.400002,44.185001,44.299999,43.101868,51500,0.0,1.0
2017-09-19,44.25,44.369999,44.240002,44.259998,43.06295,55500,0.0,1.0
2017-09-20,44.380001,44.380001,44.119999,44.259998,43.06295,88700,0.0,1.0
2017-09-21,44.27,44.27,44.119999,44.141998,42.948143,46800,0.0,1.0
2017-09-22,44.139999,44.209999,44.09,44.169998,42.97538400000001,23300,0.0,1.0
2017-09-25,44.09,44.452999,44.09,44.450001,43.24781,48900,0.0,1.0
2017-09-26,44.529999,44.529999,44.431000000000004,44.455002,43.252682,24500,0.0,1.0
2017-09-27,44.59,44.59,44.18,44.349998,43.150517,52900,0.0,1.0
2017-09-28,44.32,44.470001,44.243999,44.459999,43.257542,20300,0.0,1.0
2017-09-29,44.439999,44.540001,44.389999,44.389999,43.189442,24900,0.0,1.0
2017-10-02,44.439999,44.669998,44.436001,44.639999,43.432674,53600,0.0,1.0
2017-10-03,44.759998,44.759998,44.539001,44.709999,43.500778,64000,0.0,1.0
2017-10-04,44.700001,44.84,44.653,44.790001,43.578617,51700,0.0,1.0
2017-10-05,44.810001,44.966,44.810001,44.93,43.714832,27900,0.0,1.0
2017-10-06,44.709999,44.810001,44.696999,44.726002,43.516357,24700,0.0,1.0
2017-10-09,44.91,44.91,44.615002,44.66,43.452137,16300,0.0,1.0
2017-10-10,44.810001,44.919998,44.810001,44.919998,43.705105,22500,0.0,1.0
2017-10-11,44.869999,44.959999,44.860001,44.959999,43.744019,60500,0.0,1.0
2017-10-12,44.98,45.039001,44.860001,45.0,43.78294,36300,0.0,1.0
2017-10-13,45.150002,45.150002,44.957001,44.959999,43.744019,55200,0.0,1.0
2017-10-16,45.049999,45.049999,44.810001,44.924,43.708999999999996,51600,0.0,1.0
2017-10-17,44.91,44.91,44.720001,44.900002,43.823189,41700,0.141,1.0
2017-10-18,45.080002,45.080002,44.870998,45.0,43.920795,77700,0.0,1.0
2017-10-19,44.91,45.07,44.810001,45.055,43.974472,69000,0.0,1.0
2017-10-20,45.259998,45.52,45.175999,45.290001,44.203835,36400,0.0,1.0
2017-10-23,45.419998,45.43,45.25,45.285999,44.199928,93700,0.0,1.0
2017-10-24,45.34,45.341,45.169998,45.220001,44.135521,50300,0.0,1.0
2017-10-25,45.220001,45.220001,44.709999,44.959999,43.881752,60400,0.0,1.0
2017-10-26,45.16,45.199001,45.039001,45.099998,44.018391,26400,0.0,1.0
2017-10-27,44.98,45.106998,44.862999,45.09,44.008633,35100,0.0,1.0
2017-10-30,45.09,45.099998,44.77,44.830002,43.754871,40500,0.0,1.0
2017-10-31,44.849998,44.945,44.790001,44.860001,43.784145,27100,0.0,1.0
2017-11-01,45.07,45.07,44.861000000000004,44.91,43.832951,21900,0.0,1.0
2017-11-02,44.900002,44.98,44.750999,44.965,43.886627,35600,0.0,1.0
2017-11-03,44.849998,45.029999,44.849998,44.950001,43.871986,54300,0.0,1.0
2017-11-06,44.970001,45.029999,44.830002,44.830002,43.754871,46500,0.0,1.0
2017-11-07,44.970001,45.091999,44.926998,44.966999,43.88858,31800,0.0,1.0
2017-11-08,45.189999,45.189999,44.938999,45.067001,43.986187,41400,0.0,1.0
2017-11-09,44.91,44.988998,44.775002,44.969002,43.89053300000001,41900,0.0,1.0
2017-11-10,44.970001,45.039001,44.869999,45.002998,43.923721,46100,0.0,1.0
2017-11-13,44.959999,45.129002,44.953999,45.07,43.989109,35800,0.0,1.0
2017-11-14,45.029999,45.299999,44.983002,45.299999,44.213593,41400,0.0,1.0
2017-11-15,45.189999,45.189999,44.91,44.91,43.879444,53500,0.048,1.0
2017-11-16,44.990002,45.259998,44.990002,45.164001,44.12762100000001,54000,0.0,1.0
2017-11-17,45.369999,45.369999,45.110001,45.150002,44.113937,25500,0.0,1.0
2017-11-20,45.279999,45.279999,45.091999,45.200001,44.162792,31000,0.0,1.0
2017-11-21,45.040001,45.32,45.040001,45.255001,44.216526,132400,0.0,1.0
2017-11-22,45.259998,45.27,45.173,45.240002,44.20187,32600,0.0,1.0
2017-11-24,45.330002,45.400002,45.268002,45.27,44.231178,12100,0.0,1.0
2017-11-27,45.25,45.389999,45.25,45.388999999999996,44.34745,38600,0.0,1.0
2017-11-28,45.560001,45.93,45.409,45.919998,44.866268,34900,0.0,1.0
2017-11-29,46.029999,46.398998,45.999001,46.301998,45.239502,38800,0.0,1.0
2017-11-30,46.380001,46.759998,46.279999,46.608002,45.538479,40100,0.0,1.0
2017-12-01,46.66,46.669998,45.990002,46.549999,45.481808,45300,0.0,1.0
2017-12-04,46.939999,47.084999,46.828999,46.830002,45.755383,99300,0.0,1.0
2017-12-05,47.0,47.02,46.490002,46.52,45.452503,91100,0.0,1.0
2017-12-06,46.540001,46.560001,46.382999,46.487999,45.42123,85400,0.0,1.0
2017-12-07,46.540001,46.549999,46.43,46.490002,45.423183,51100,0.0,1.0
2017-12-08,46.689999,46.689999,46.424999,46.689999,45.618603,35800,0.0,1.0
2017-12-11,46.98,46.98,46.66,46.733002,45.660618,28500,0.0,1.0
2017-12-12,47.049999,47.049999,46.669998,46.676998,45.605892,51800,0.0,1.0
2017-12-13,46.720001,46.813,46.669998,46.68,45.608829,32100,0.0,1.0
2017-12-14,46.700001,46.700001,46.380001,46.384998,45.320599,56000,0.0,1.0
2017-12-15,46.57,46.98,46.57,46.810001,45.735847,43800,0.0,1.0
2017-12-18,47.189999,47.220001,46.939999,47.009998,45.931252,33300,0.0,1.0
2017-12-19,47.119999,47.119999,46.77,46.77,45.696762,53500,0.0,1.0
2017-12-20,46.990002,46.990002,46.700001,46.720001,45.647919,123500,0.0,1.0
2017-12-21,46.919998,46.919998,46.610001,46.68,45.608829,51900,0.0,1.0
2017-12-22,46.43,46.490002,46.389999,46.48,45.682541,38600,0.275,1.0
2017-12-26,46.439999,46.650002,46.425999,46.459999,45.66288400000001,25200,0.0,1.0
2017-12-27,46.459999,46.560001,46.400002,46.48,45.682541,69000,0.0,1.0
2017-12-28,46.349998,46.560001,46.349998,46.542999,45.74446500000001,38100,0.0,1.0
2017-12-29,46.799999,46.799999,46.43,46.43,45.633404,47600,0.0,1.0
2018-01-02,46.619999,46.619999,46.369999,46.48,45.682541,69300,0.0,1.0
2018-01-03,46.549999,46.558998,46.34,46.459999,45.66288400000001,81000,0.0,1.0
2018-01-04,46.610001,46.669998,46.448002,46.52,45.721859,43500,0.0,1.0
2018-01-05,46.700001,46.700001,46.457001,46.639999,45.839798,69600,0.0,1.0
2018-01-08,46.66,46.849998,46.599998,46.849998,46.0462,74000,0.0,1.0
2018-01-09,46.990002,46.990002,46.702999,46.73,45.92825300000001,61100,0.0,1.0
2018-01-10,46.82,46.82,46.540001,46.560001,45.761169,59200,0.0,1.0
2018-01-11,46.77,46.91,46.696999,46.91,46.105164,57400,0.0,1.0
2018-01-12,46.990002,47.130001,46.883999,47.110001,46.301735,39500,0.0,1.0
2018-01-16,47.459999,47.459999,46.872002,46.98,46.173965,105400,0.0,1.0
2018-01-17,47.16,47.43,47.060001,47.34,46.547604,54500,0.02,1.0
2018-01-18,47.369999,47.429001,47.155998,47.27,46.478779,43500,0.0,1.0
2018-01-19,47.099998,47.52,47.099998,47.490002,46.695091,206600,0.0,1.0
2018-01-22,47.560001,47.84,47.560001,47.84,47.039234,89300,0.0,1.0
2018-01-23,47.84,47.990002,47.805,47.93,47.12772800000001,65400,0.0,1.0
2018-01-24,47.93,48.298,47.846001,48.0,47.196552,83300,0.0,1.0
2018-01-25,48.189999,48.189999,47.970001,48.18,47.373539,48000,0.0,1.0
2018-01-26,48.529999,48.750999,48.34,48.750999,47.934982,85300,0.0,1.0
2018-01-29,48.810001,48.810001,48.330002,48.400002,47.589863,87800,0.0,1.0
2018-01-30,48.099998,48.209999,47.830002,47.898998,47.097244,111800,0.0,1.0
2018-01-31,47.98,48.0,47.560001,47.790001,46.990074,164000,0.0,1.0
2018-02-01,47.860001,47.890999,47.598,47.669998,46.872074,34000,0.0,1.0
2018-02-02,47.310001,47.400002,46.75,46.75,45.967476,123200,0.0,1.0
2018-02-05,46.599998,46.824001,45.200001,45.200001,44.443428,85400,0.0,1.0
2018-02-06,44.889999,45.598999,44.110001,45.450001,44.68924000000001,132800,0.0,1.0
2018-02-07,45.400002,46.098999,45.34,45.470001,44.708908,71300,0.0,1.0
2018-02-08,45.349998,45.418999,44.220001,44.220001,43.47982800000001,77000,0.0,1.0
2018-02-09,44.82,45.150002,43.73,44.810001,44.059952,83200,0.0,1.0
2018-02-12,45.360001,45.585999,44.966999,45.341,44.582058,59600,0.0,1.0
2018-02-13,45.360001,45.549999,45.049999,45.536999,44.77478,44500,0.0,1.0
2018-02-14,45.27,45.937,45.231998,45.889999,45.165512,58200,0.044,1.0
2018-02-15,46.029999,46.376999,45.921001,46.299999,45.569038,43900,0.0,1.0
2018-02-16,46.080002,46.765999,46.080002,46.610001,45.874149,52300,0.0,1.0
2018-02-20,46.560001,46.560001,45.790001,45.950001,45.224567,40900,0.0,1.0
2018-02-21,46.099998,46.349998,45.709999,45.709999,44.98835800000001,55400,0.0,1.0
2018-02-22,45.939999,45.939999,45.349998,45.48,44.76199,56200,0.0,1.0
2018-02-23,45.700001,46.18,45.66,46.160999,45.43224,36300,0.0,1.0
2018-02-26,46.470001,46.549999,46.139999,46.490002,45.756042,30100,0.0,1.0
2018-02-27,46.700001,46.82,45.98,45.98,45.254093,55400,0.0,1.0
2018-02-28,46.189999,46.207001,45.5,45.5,44.78167,124100,0.0,1.0
2018-03-01,45.369999,45.775002,44.830002,45.080002,44.368301,83700,0.0,1.0
2018-03-02,44.990002,45.384998,44.889999,45.384998,44.668484,33000,0.0,1.0
2018-03-05,45.25,46.0,45.115002,45.969002,45.243271,31900,0.0,1.0
2018-03-06,46.110001,46.110001,45.650002,45.883999,45.159607,52300,0.0,1.0
2018-03-07,45.580002,45.671001,45.310001,45.630001,45.040176,47900,0.133,1.0
2018-03-08,45.790001,45.806999,45.602001,45.738998,45.147766,30600,0.0,1.0
2018-03-09,46.09,46.32,45.918999,46.32,45.721256,121400,0.0,1.0
2018-03-12,46.490002,46.549999,46.222,46.34,45.740997,82700,0.0,1.0
2018-03-13,46.560001,46.599998,46.189999,46.220001,45.622547,21400,0.0,1.0
2018-03-14,46.330002,46.419998,45.959999,46.049999,45.45475,57300,0.0,1.0
2018-03-15,46.080002,46.112999,45.83700200000001,45.939999,45.346161,54900,0.0,1.0
2018-03-16,46.049999,46.223,46.02,46.189999,45.592934,25000,0.0,1.0
2018-03-19,46.040001,46.040001,45.459999,45.73,45.138882,24000,0.0,1.0
2018-03-20,45.75,45.849998,45.57,45.650002,45.059921,35800,0.0,1.0
2018-03-21,45.700001,45.846001,45.509998,45.59,45.000687,77100,0.0,1.0
2018-03-22,45.509998,45.528999,44.805,44.82,44.24064600000001,37600,0.0,1.0
2018-03-23,44.849998,45.012001,44.139999,44.139999,43.569435,72400,0.0,1.0
2018-03-26,44.549999,44.900002,44.32,44.895,44.314674,54500,0.0,1.0
2018-03-27,45.07,45.279999,44.650002,44.650002,44.072842,44200,0.0,1.0
2018-03-28,44.849998,45.063999,44.82,44.900002,44.319614,25000,0.0,1.0
2018-03-29,45.150002,45.455002,45.150002,45.380001,44.793407,29500,0.0,1.0
2018-04-02,45.380001,45.380001,44.189999,44.560001,43.984005,49700,0.0,1.0
2018-04-03,44.799999,45.111999999999995,44.560001,45.005001,44.423256,71600,0.0,1.0
2018-04-04,44.689999,45.459999,44.549999,45.419998,44.832886,69300,0.0,1.0
2018-04-05,45.540001,45.893002,45.349998,45.783001,45.1912,47100,0.0,1.0
2018-04-06,45.740002,45.799999,44.884998,45.150002,44.566383,26300,0.0,1.0
2018-04-09,45.200001,45.59,45.139999,45.360001,44.773663,68200,0.0,1.0
2018-04-10,45.630001,45.630001,45.291000000000004,45.450001,44.862503,36300,0.0,1.0
2018-04-11,45.400002,45.507999,45.269001,45.369999,44.783535,66400,0.0,1.0
2018-04-12,45.709999,45.709999,45.16,45.313999,44.728264,39500,0.0,1.0
2018-04-13,45.549999,45.549999,45.227001,45.299999,44.714439,45800,0.0,1.0
2018-04-16,45.540001,45.971001,45.451,45.880001,45.286945,46400,0.0,1.0
2018-04-17,46.099998,46.099998,45.799999,45.939999,45.510826,38700,0.166,1.0
2018-04-18,46.220001,46.266998,45.950001,45.950001,45.520737,29200,0.0,1.0
2018-04-19,45.889999,45.91,45.486000000000004,45.689999,45.263165,47100,0.0,1.0
2018-04-20,45.720001,45.720001,45.32,45.400002,44.975876,28100,0.0,1.0
2018-04-23,45.540001,45.650002,45.43,45.529999,45.10466,32400,0.0,1.0
2018-04-24,45.630001,45.900002,45.235001,45.419998,44.995686,30300,0.0,1.0
2018-04-25,45.200001,45.610001,45.09,45.5,45.07494000000001,40900,0.0,1.0
2018-04-26,45.810001,45.810001,45.369999,45.689999,45.263165,21900,0.0,1.0
2018-04-27,45.580002,45.939999,45.580002,45.77,45.342422,35000,0.0,1.0
2018-04-30,46.02,46.139999,45.48,45.529999,45.10466,35200,0.0,1.0
2018-05-01,45.529999,45.529999,45.0,45.360001,44.936249,51100,0.0,1.0
2018-05-02,45.380001,45.380001,45.029999,45.029999,44.609329,30100,0.0,1.0
2018-05-03,45.060001,45.162998,44.580002,45.0,44.579613,73700,0.0,1.0
2018-05-04,45.049999,45.629002,45.049999,45.493,45.068005,26700,0.0,1.0
2018-05-07,45.450001,45.669998,45.387001,45.419998,44.995686,37200,0.0,1.0
2018-05-08,45.389999,45.389999,44.993,45.16,44.738117,27900,0.0,1.0
2018-05-09,45.330002,45.41,45.18,45.290001,44.866905,28200,0.0,1.0
2018-05-10,45.709999,45.720001,45.400002,45.700001,45.273071,68400,0.0,1.0
2018-05-11,45.779999,45.908001,45.700001,45.759998,45.332512,47400,0.0,1.0
2018-05-14,45.919998,45.939999,45.741001,45.759998,45.332512,18000,0.0,1.0
2018-05-15,45.84,45.84,45.527,45.616001,45.189857,36800,0.0,1.0
2018-05-16,45.799999,45.810001,45.535,45.726002,45.372437,30800,0.07400000000000001,1.0
2018-05-17,45.799999,45.959999,45.75,45.830002,45.475632,43400,0.0,1.0
2018-05-18,45.73,45.73,45.57,45.605999,45.253361,35000,0.0,1.0
2018-05-21,45.52,45.91,45.52,45.872002,45.517311,79100,0.0,1.0
2018-05-22,46.029999,46.09,45.794998,45.799999,45.445862,64900,0.0,1.0
2018-05-23,45.560001,45.91,45.560001,45.880001,45.525249,38600,0.0,1.0
2018-05-24,45.869999,45.979,45.68,45.959999,45.604626,31100,0.0,1.0
2018-05-25,46.029999,46.029999,45.75,45.845001,45.490517,22000,0.0,1.0
2018-05-29,45.66,45.81600200000001,45.380001,45.59,45.237492,32500,0.0,1.0
2018-05-30,45.919998,46.34,45.700001,46.220001,45.862614,41500,0.0,1.0
2018-05-31,46.200001,46.200001,45.68,45.779999,45.426018,25900,0.0,1.0
2018-06-01,45.630001,46.060001,45.630001,45.849998,45.495476,17100,0.0,1.0
2018-06-04,46.139999,46.150002,45.880001,45.939999,45.584778,162600,0.0,1.0
2018-06-05,46.150002,46.150002,45.897999,46.029999,45.674084,105300,0.0,1.0
2018-06-06,45.84,45.950001,45.729,45.889999,45.535168,34000,0.0,1.0
2018-06-07,46.16,46.279999,46.02,46.169998,45.813004,38100,0.0,1.0
2018-06-08,46.240002,46.27,46.084999,46.236000000000004,45.87849,38400,0.0,1.0
2018-06-11,46.32,46.432999,46.271,46.330002,45.971767,29400,0.0,1.0
2018-06-12,46.580002,46.580002,46.313,46.400002,46.041229,50900,0.0,1.0
2018-06-13,46.23,46.269001,46.0,46.0,45.821083,43400,0.179,1.0
2018-06-14,46.200001,46.200001,46.029999,46.099998,45.920692,52600,0.0,1.0
2018-06-15,46.310001,46.310001,45.970001,46.242001,46.062141,55300,0.0,1.0
2018-06-18,46.02,46.259998,46.02,46.220001,46.040226,27200,0.0,1.0
2018-06-19,46.220001,46.32,46.0,46.279999,46.099991,35300,0.0,1.0
2018-06-20,46.189999,46.458,46.189999,46.41,46.229488,23900,0.0,1.0
2018-06-21,46.580002,46.580002,46.124001,46.23,46.050186,36100,0.0,1.0
2018-06-22,46.549999,46.564999,46.421001,46.459999,46.279293,16100,0.0,1.0
2018-06-25,46.34,46.375,46.110001,46.279999,46.099991,13400,0.0,1.0
2018-06-26,46.43,46.48,46.158001,46.279999,46.099991,34300,0.0,1.0
2018-06-27,46.529999,46.568001,46.16,46.200001,46.020306,20900,0.0,1.0
2018-06-28,46.43,46.43,46.130001,46.27,46.090034,33300,0.0,1.0
2018-06-29,46.48,46.639999,46.32,46.32,46.139839,31200,0.0,1.0
2018-07-02,46.360001,46.360001,45.879002,46.119999,45.940617,51100,0.0,1.0
2018-07-03,46.439999,46.529999,46.209999,46.328999,46.1488,25700,0.0,1.0
2018-07-05,46.619999,46.619999,46.25,46.560001,46.378906,35400,0.0,1.0
2018-07-06,46.700001,46.980999,46.580002,46.84,46.657818,47200,0.0,1.0
2018-07-09,46.82,47.220001,46.707001,46.747002,46.565178,45400,0.0,1.0
2018-07-10,46.900002,46.959999,46.779999,46.959999,46.777348,31900,0.0,1.0
2018-07-11,46.889999,46.98,46.687,46.740002,46.558205,35800,0.0,1.0
2018-07-12,46.669998,46.950001,46.640999,46.790001,46.608009,52500,0.0,1.0
2018-07-13,46.990002,46.990002,46.744999,46.830002,46.647858,33500,0.0,1.0
2018-07-16,47.080002,47.080002,46.612999,46.700001,46.51836,41000,0.0,1.0
2018-07-17,46.619999,46.741001,46.599998,46.630001,46.561298,31400,0.113,1.0
2018-07-18,46.799999,46.799999,46.470001,46.66,46.591251,51200,0.0,1.0
2018-07-19,46.349998,46.959999,46.349998,46.872002,46.80294,53700,0.0,1.0
2018-07-20,46.889999,46.889999,46.560001,46.639999,46.571281,41100,0.0,1.0
2018-07-23,46.68,46.705002,46.476002,46.57,46.501385,29500,0.0,1.0
2018-07-24,46.51300000000001,46.689999,46.439999,46.645,46.576275,32000,0.0,1.0
2018-07-25,46.630001,46.790001,46.570999,46.790001,46.721062,22500,0.0,1.0
2018-07-26,46.810001,47.192001,46.810001,47.130001,47.060562,37800,0.0,1.0
2018-07-27,47.27,47.310001,46.994999,47.060001,46.990665,39600,0.0,1.0
2018-07-30,47.349998,47.349998,47.049999,47.119999,47.050575,64800,0.0,1.0
2018-07-31,47.0,47.450001,47.0,47.439999,47.370102,210400,0.0,1.0
2018-08-01,47.400002,47.400002,46.889999,46.93,46.860855,24700,0.0,1.0
2018-08-02,46.84,47.07,46.738998,47.07,47.000648,59000,0.0,1.0
2018-08-03,47.23,47.43,47.189999,47.389999,47.320175,49000,0.0,1.0
2018-08-06,47.438999,47.563999,47.424999,47.499001,47.429016,29600,0.0,1.0
2018-08-07,47.41,47.610001,47.41,47.541000000000004,47.470955,29200,0.0,1.0
2018-08-08,47.529999,47.529999,47.330002,47.474998,47.40505200000001,61500,0.0,1.0
2018-08-09,47.52,47.549999,47.428001,47.48,47.410046,55400,0.0,1.0
2018-08-10,47.27,47.43,47.252998,47.330002,47.260269,24400,0.0,1.0
2018-08-13,47.389999,47.389999,47.036999,47.189999,47.120472,40000,0.0,1.0
2018-08-14,46.950001,47.540001,46.950001,47.509998,47.439999,101900,0.0,1.0
2018-08-15,47.369999,47.369999,47.099998,47.23,47.23,49800,0.07,1.0
2018-08-16,47.279999,47.713001,47.279999,47.68,47.68,35000,0.0,1.0
2018-08-17,47.509998,48.035999,47.509998,48.009998,48.009998,30600,0.0,1.0
2018-08-20,48.189999,48.240002,48.09,48.188,48.188,148100,0.0,1.0
2018-08-21,48.419998,48.419998,48.110001,48.19100200000001,48.19100200000001,42900,0.0,1.0
2018-08-22,48.125,48.130001,47.939999,47.950001,47.950001,50000,0.0,1.0
2018-08-23,47.93,47.988998,47.869999,47.935001,47.935001,27700,0.0,1.0
2018-08-24,48.060001,48.138999999999996,47.900002,48.112999,48.112999,46400,0.0,1.0
2018-08-27,48.389999,48.389999,48.096001,48.209999,48.209999,35500,0.0,1.0
2018-08-28,48.380001,48.380001,48.022999,48.022999,48.022999,44100,0.0,1.0
2018-08-29,47.869999,48.248001,47.869999,48.169998,48.169998,49300,0.0,1.0
