date,Open,High,Low,Close,Adj Close,Volume,Dividends,Stock Splits
2018-07-27,36.389998999999996,36.389998999999996,36.389998999999996,36.389998999999996,36.389998999999996,0,0.0,1.0
2018-07-30,36.389998999999996,36.389998999999996,36.389998999999996,36.389998999999996,36.389998999999996,0,0.0,1.0
2018-07-31,36.389998999999996,36.389998999999996,36.389998999999996,36.389998999999996,36.389998999999996,0,0.0,1.0
2018-08-01,36.389998999999996,36.389998999999996,36.389998999999996,36.389998999999996,36.389998999999996,0,0.0,1.0
2018-08-02,36.389998999999996,36.389998999999996,36.389998999999996,36.389998999999996,36.389998999999996,0,0.0,1.0
2018-08-03,36.389998999999996,36.389998999999996,36.389998999999996,36.389998999999996,36.389998999999996,0,0.0,1.0
2018-08-06,36.389998999999996,36.389998999999996,36.389998999999996,36.389998999999996,36.389998999999996,0,0.0,1.0
2018-08-07,36.389998999999996,36.389998999999996,36.389998999999996,36.389998999999996,36.389998999999996,0,0.0,1.0
2018-08-08,36.389998999999996,36.389998999999996,36.389998999999996,36.389998999999996,36.389998999999996,0,0.0,1.0
2018-08-09,36.389998999999996,36.389998999999996,36.389998999999996,36.389998999999996,36.389998999999996,0,0.0,1.0
2018-08-10,36.389998999999996,36.389998999999996,36.389998999999996,36.389998999999996,36.389998999999996,0,0.0,1.0
2018-08-13,36.389998999999996,36.389998999999996,36.389998999999996,36.389998999999996,36.389998999999996,0,0.0,1.0
2018-08-14,36.389998999999996,36.389998999999996,36.389998999999996,36.389998999999996,36.389998999999996,0,0.0,1.0
2018-08-15,36.389998999999996,36.389998999999996,36.389998999999996,36.389998999999996,36.389998999999996,0,0.0,1.0
2018-08-16,36.389998999999996,36.389998999999996,36.389998999999996,36.389998999999996,36.389998999999996,0,0.0,1.0
2018-08-17,36.389998999999996,36.389998999999996,36.389998999999996,36.389998999999996,36.389998999999996,0,0.0,1.0
2018-08-20,36.389998999999996,36.389998999999996,36.389998999999996,36.389998999999996,36.389998999999996,0,0.0,1.0
2018-08-21,36.389998999999996,36.389998999999996,36.389998999999996,36.389998999999996,36.389998999999996,0,0.0,1.0
2018-08-22,36.389998999999996,36.389998999999996,36.389998999999996,36.389998999999996,36.389998999999996,0,0.0,1.0
2018-08-23,36.389998999999996,36.389998999999996,36.389998999999996,36.389998999999996,36.389998999999996,0,0.0,1.0
2018-08-24,36.389998999999996,36.389998999999996,36.389998999999996,36.389998999999996,36.389998999999996,0,0.0,1.0
2018-08-27,36.389998999999996,36.389998999999996,36.389998999999996,36.389998999999996,36.389998999999996,0,0.0,1.0
2018-08-28,36.389998999999996,36.389998999999996,36.389998999999996,36.389998999999996,36.389998999999996,0,0.0,1.0
2018-08-29,36.389998999999996,36.389998999999996,36.389998999999996,36.389998999999996,36.389998999999996,0,0.0,1.0
2018-08-30,36.389998999999996,36.389998999999996,36.389998999999996,36.389998999999996,36.389998999999996,0,0.0,1.0
2018-08-31,36.389998999999996,36.389998999999996,36.389998999999996,36.389998999999996,36.389998999999996,0,0.0,1.0
2018-09-04,36.389998999999996,36.389998999999996,36.389998999999996,36.389998999999996,36.389998999999996,0,0.0,1.0
2018-09-05,36.389998999999996,36.389998999999996,36.389998999999996,36.389998999999996,36.389998999999996,0,0.0,1.0
2018-09-06,36.389998999999996,36.389998999999996,36.389998999999996,36.389998999999996,36.389998999999996,0,0.0,1.0
2018-09-07,36.389998999999996,36.389998999999996,36.389998999999996,36.389998999999996,36.389998999999996,0,0.0,1.0
2018-09-10,36.389998999999996,36.389998999999996,36.389998999999996,36.389998999999996,36.389998999999996,0,0.0,1.0
2018-09-11,36.389998999999996,36.389998999999996,36.389998999999996,36.389998999999996,36.389998999999996,0,0.0,1.0
2018-09-12,36.389998999999996,36.389998999999996,36.389998999999996,36.389998999999996,36.389998999999996,0,0.0,1.0
2018-09-13,36.389998999999996,36.389998999999996,36.389998999999996,36.389998999999996,36.389998999999996,0,0.0,1.0
2018-09-14,36.389998999999996,36.389998999999996,36.389998999999996,36.389998999999996,36.389998999999996,0,0.0,1.0
2018-09-17,36.389998999999996,36.389998999999996,36.389998999999996,36.389998999999996,36.389998999999996,0,0.0,1.0
2018-09-18,36.389998999999996,36.389998999999996,36.389998999999996,36.389998999999996,36.389998999999996,0,0.0,1.0
2018-09-19,36.389998999999996,36.389998999999996,36.389998999999996,36.389998999999996,36.389998999999996,0,0.0,1.0
2018-09-20,36.389998999999996,36.389998999999996,36.389998999999996,36.389998999999996,36.389998999999996,0,0.0,1.0
2018-09-21,36.389998999999996,36.389998999999996,36.389998999999996,36.389998999999996,36.389998999999996,0,0.0,1.0
2018-09-24,36.389998999999996,36.389998999999996,36.389998999999996,36.389998999999996,36.389998999999996,0,0.0,1.0
2018-09-25,36.389998999999996,36.389998999999996,36.389998999999996,36.389998999999996,36.389998999999996,0,0.0,1.0
2018-09-26,36.389998999999996,36.389998999999996,36.389998999999996,36.389998999999996,36.389998999999996,0,0.0,1.0
2018-09-27,36.389998999999996,36.389998999999996,36.389998999999996,36.389998999999996,36.389998999999996,0,0.0,1.0
2018-09-28,36.389998999999996,36.389998999999996,36.389998999999996,36.389998999999996,36.389998999999996,0,0.0,1.0
2018-10-01,36.389998999999996,36.389998999999996,36.389998999999996,36.389998999999996,36.389998999999996,0,0.0,1.0
2018-10-02,36.389998999999996,36.389998999999996,36.389998999999996,36.389998999999996,36.389998999999996,0,0.0,1.0
2018-10-03,36.389998999999996,36.389998999999996,36.389998999999996,36.389998999999996,36.389998999999996,0,0.0,1.0
2018-10-04,36.389998999999996,36.389998999999996,36.389998999999996,36.389998999999996,36.389998999999996,0,0.0,1.0
2018-10-05,36.389998999999996,36.389998999999996,36.389998999999996,36.389998999999996,36.389998999999996,0,0.0,1.0
2018-10-08,36.389998999999996,36.389998999999996,36.389998999999996,36.389998999999996,36.389998999999996,0,0.0,1.0
2018-10-09,36.389998999999996,36.389998999999996,36.389998999999996,36.389998999999996,36.389998999999996,0,0.0,1.0
2018-10-10,36.389998999999996,36.389998999999996,36.389998999999996,36.389998999999996,36.389998999999996,0,0.0,1.0
2018-10-11,35.990002000000004,35.990002000000004,35.990002000000004,35.990002000000004,35.990002000000004,300,0.0,1.0
