date,Open,High,Low,Close,Adj Close,Volume,Dividends,Stock Splits
2015-06-23,20.299999,20.450001,20.18,20.25,17.515497,12500,0.0,1.0
2015-06-24,20.25,20.299999,20.049999,20.18,17.454945000000002,12200,0.0,1.0
2015-06-25,20.15,20.450001,19.950001,20.35,17.601995000000002,19700,0.0,1.0
2015-06-26,20.450001,21.799999,20.299999,21.559998999999998,18.648603,6900,0.0,1.0
2015-06-29,21.559998999999998,22.25,21.299999,21.75,18.812941,9200,0.0,1.0
2015-06-30,21.459999,21.5,20.75,20.870001000000002,18.051776999999998,6400,0.0,1.0
2015-07-01,20.52,20.9,20.25,20.75,17.947973,15500,0.0,1.0
2015-07-02,20.799999,21.75,20.799999,21.25,18.380459,25200,0.0,1.0
2015-07-06,21.15,22.0,21.15,21.4,18.510204,13500,0.0,1.0
2015-07-07,21.41,21.700001,21.41,21.469998999999998,18.570751,19500,0.0,1.0
2015-07-08,21.49,23.6,21.41,21.41,18.518854,2400,0.0,1.0
2015-07-09,21.75,21.75,21.41,21.52,18.614,3700,0.0,1.0
2015-07-10,21.549999,22.25,21.41,22.24,19.236771,16700,0.0,1.0
2015-07-13,22.65,22.75,20.75,22.4,19.375166,23600,0.0,1.0
2015-07-14,22.200001,22.200001,21.75,22.0,19.029188,7500,0.0,1.0
2015-07-15,21.9,21.9,21.5,21.799999,18.856189999999998,9500,0.0,1.0
2015-07-16,22.0,22.200001,21.299999,21.450001,18.553452,8400,0.0,1.0
2015-07-17,21.700001,21.700001,21.5,21.65,18.726454,3600,0.0,1.0
2015-07-20,21.73,22.6,21.26,21.370001000000002,18.484258999999998,26100,0.0,1.0
2015-07-21,21.450001,21.790001,21.450001,21.75,18.812941,7200,0.0,1.0
2015-07-22,21.5,21.799999,21.0,21.0,18.164223,11200,0.0,1.0
2015-07-23,21.09,21.5,20.1,21.5,18.596706,13700,0.0,1.0
2015-07-24,21.299999,25.0,20.950001,21.200001,18.337215,26000,0.0,1.0
2015-07-27,21.049999,21.049999,20.5,20.65,17.861486,10200,0.0,1.0
2015-07-28,20.75,20.799999,20.65,20.700001,17.904737,5100,0.0,1.0
2015-07-29,21.049999,21.049999,20.0,20.0,17.299257,42900,0.0,1.0
2015-07-30,20.25,20.25,19.9,20.0,17.299257,144000,0.0,1.0
2015-07-31,19.9,19.909,19.4,19.52,16.884075,15900,0.0,1.0
2015-08-03,19.6,19.6,19.450001,19.469998999999998,16.84083,7300,0.0,1.0
2015-08-04,19.08,20.200001,18.75,19.66,17.005175,21600,0.0,1.0
2015-08-05,19.700001,20.209999,19.0,19.25,16.650534,19000,0.0,1.0
2015-08-06,19.469998999999998,19.91,19.040001,19.25,16.650534,9800,0.0,1.0
2015-08-07,19.450001,19.6,19.4,19.530001000000002,16.892725,3900,0.0,1.0
2015-08-10,20.0,20.49,19.459999,19.459999,16.83217,31800,0.0,1.0
2015-08-11,19.4,19.75,18.799999,18.9,16.347799,31700,0.0,1.0
2015-08-14,19.549999,20.33,19.17,19.549999,16.910023000000002,49900,0.0,1.0
2015-08-18,19.25,19.98,19.25,19.84,17.257085999999997,37400,0.0,1.0
2015-08-19,19.84,20.0,19.360001,19.360001,16.839567000000002,24200,0.0,1.0
2015-08-20,19.35,19.35,18.51,18.875,16.417707,17200,0.0,1.0
2015-08-21,19.0,19.76,18.802,19.129998999999998,16.639511,51900,0.0,1.0
2015-08-24,19.0,19.76,18.802,18.870001000000002,16.413363,50900,0.0,1.0
2015-08-25,19.1,19.65,18.690001000000002,18.690001000000002,16.256795999999998,33500,0.0,1.0
2015-08-26,18.65,18.65,18.450001,18.450001,16.048044,5000,0.0,1.0
2015-08-27,18.6,19.15,18.6,18.9,16.439457,17200,0.0,1.0
2015-08-28,19.1,19.66,18.99,19.129998999999998,16.639511,14600,0.0,1.0
2015-08-31,18.709999,19.18,17.059998999999998,17.799999,15.482663,59300,0.0,1.0
2015-09-04,17.299999,17.49,17.26,17.290001,15.039060999999998,10900,0.0,1.0
2015-09-08,17.75,17.84,17.48,17.48,15.204323,14000,0.0,1.0
2015-09-09,17.83,18.4,17.700001,18.200001,15.830589000000002,19900,0.0,1.0
2015-09-15,18.32,18.32,18.0,18.1,15.743607,11100,0.0,1.0
2015-09-17,17.75,17.99,17.299999,17.57,15.375195999999999,31300,0.0,1.0
2015-09-18,17.48,17.799999,17.26,17.360001,15.191428,37800,0.0,1.0
2015-09-22,17.139999,17.35,16.6,17.0,14.876399,53900,0.0,1.0
2015-09-23,17.23,17.23,16.48,16.48,14.421354999999998,9700,0.0,1.0
2015-09-24,16.799999,16.940001000000002,16.1,16.309998999999998,14.272592000000001,81600,0.0,1.0
2015-09-25,16.5,17.0,16.450001,16.51,14.447609,103000,0.0,1.0
2015-09-28,16.5,16.700001,15.82,15.89,13.905056,74700,0.0,1.0
2015-09-29,15.8,15.8,14.95,15.21,13.310001999999999,52800,0.0,1.0
2015-09-30,15.22,16.129998999999998,15.22,16.129998999999998,14.115077,52200,0.0,1.0
2015-10-26,17.35,17.549999,17.35,17.41,15.235178,11600,0.0,1.0
2015-10-27,17.500999,17.6,16.82,16.82,14.718884,37400,0.0,1.0
2015-10-28,16.91,17.200001,16.799999,16.85,14.745134,21500,0.0,1.0
2015-10-29,16.950001,17.77,16.950001,17.370001000000002,15.20018,40400,0.0,1.0
2015-11-04,17.02,17.23,16.959999,17.15,15.007659,28100,0.0,1.0
2015-12-14,14.52,14.66,14.01,14.18,12.408669,25700,0.0,1.0
2015-12-21,15.33,15.545,15.0,15.3,13.388762,38100,0.0,1.0
2015-12-22,15.2,15.44,14.91,15.16,13.266247,50900,0.0,1.0
2015-12-24,15.49,15.7,15.47,15.63,13.677535999999998,25200,0.0,1.0
2015-12-28,15.6,15.67,15.24,15.32,13.406260000000001,26700,0.0,1.0
2015-12-31,15.16,15.25,14.98,15.16,13.266247,322800,0.0,1.0
2016-01-04,15.0,15.11,14.56,15.11,13.222493,44000,0.0,1.0
2016-01-05,15.155,15.45,15.11,15.42,13.493768,10200,0.0,1.0
2016-01-06,15.43,15.43,15.05,15.08,13.196242000000002,13700,0.0,1.0
2016-01-07,14.97,15.04,14.61,14.78,12.933715,25000,0.0,1.0
2016-01-08,14.78,14.78,14.51,14.52,12.706195,32000,0.0,1.0
2016-01-11,14.52,14.545,14.25,14.28,12.496172,13600,0.0,1.0
2016-01-19,13.55,13.98,13.51,13.74,12.023632000000001,101200,0.109,1.0
2016-01-20,13.65,13.93,12.69,13.39,11.717353,200100,0.0,1.0
2016-01-21,13.52,14.38,13.345,13.75,12.032380999999999,125100,0.0,1.0
2016-01-22,14.07,14.48,13.845,14.17,12.399915,43400,0.0,1.0
2016-01-25,14.21,14.5,13.95,14.17,12.399915,75700,0.0,1.0
2016-01-26,14.205,14.6,14.145,14.48,12.671189,65000,0.0,1.0
2016-02-01,14.5,14.53,14.385,14.5,12.688694,29300,0.0,1.0
2016-02-02,14.45,14.52,14.24,14.31,12.52243,26500,0.0,1.0
2016-02-03,14.42,14.6,14.34,14.48,12.671189,83900,0.0,1.0
2016-02-04,14.5,14.565,14.41,14.5,12.688694,27900,0.0,1.0
2016-02-08,14.2,14.21,13.74,13.89,12.154896,19700,0.0,1.0
2016-02-09,13.905,14.0,13.86,14.0,12.251153,23100,0.0,1.0
2016-02-16,14.29,14.3,14.0,14.06,12.303656,30700,0.0,1.0
2016-02-17,14.13,14.43,14.1,14.2,12.426167999999999,69100,0.0,1.0
2016-02-18,14.2,14.33,14.07,14.22,12.443676,49900,0.0,1.0
2016-02-19,14.27,14.36,14.19,14.31,12.52243,65000,0.0,1.0
2016-02-22,14.38,14.96,14.35,14.96,13.091231,47000,0.0,1.0
2016-02-23,14.9,14.94,14.703,14.78,12.933715,38200,0.0,1.0
2016-02-24,14.77,14.8,14.28,14.64,12.811207000000001,56700,0.0,1.0
2016-02-25,14.66,14.71,14.44,14.71,12.87246,19900,0.0,1.0
2016-02-29,14.92,15.2,14.8,14.94,13.073729,28400,0.0,1.0
2016-03-01,14.95,15.39,14.95,15.39,13.467517,40000,0.0,1.0
2016-03-02,15.1,15.39,15.1,15.29,13.380006,31900,0.0,1.0
2016-03-03,15.308,15.45,15.15,15.41,13.485018,18800,0.0,1.0
2016-03-07,15.4,15.54,15.39,15.45,13.520021,6800,0.0,1.0
2016-03-08,15.4,15.45,15.24,15.29,13.380006,21100,0.0,1.0
2016-03-09,15.43,15.535,15.38,15.5,13.563778,25500,0.0,1.0
2016-03-10,15.47,15.7,15.42,15.59,13.642532999999998,58400,0.0,1.0
2016-03-14,15.81,15.88,15.78,15.81,13.835052,18400,0.0,1.0
2016-03-15,15.7,15.84,15.7,15.81,13.835052,23300,0.0,1.0
2016-03-16,15.65,15.82,15.64,15.78,13.90466,30400,0.109,1.0
2016-03-17,15.9,16.225,15.89,16.16,14.239501999999998,35600,0.0,1.0
2016-03-18,16.219998999999998,16.268998999999997,16.16,16.16,14.239501999999998,35600,0.0,1.0
2016-03-21,16.120001000000002,16.23,16.120001000000002,16.18,14.257126999999999,11300,0.0,1.0
2016-03-22,16.120001000000002,16.219998999999998,16.110001,16.120001000000002,14.204255999999999,21500,0.0,1.0
2016-03-23,16.15,16.200001,16.0,16.059998999999998,14.151388,12800,0.0,1.0
2016-03-24,16.049999,16.17,15.92,15.95,14.054459,21500,0.0,1.0
2016-03-28,16.0,16.07,15.95,15.99,14.089704999999999,17800,0.0,1.0
2016-03-29,16.15,16.209999,16.02,16.040001,14.133768,21000,0.0,1.0
2016-03-31,16.139999,16.41,16.139999,16.33,14.389298000000002,25000,0.0,1.0
2016-04-01,16.219998999999998,16.33,16.01,16.26,14.327617000000002,27300,0.0,1.0
2016-04-04,16.299999,16.299999,16.08,16.190001000000002,14.265935999999998,13000,0.0,1.0
2016-04-05,16.200001,16.200001,16.0,16.049999,14.142578,15500,0.0,1.0
2016-04-06,16.040001,16.200001,16.0,16.110001,14.195445000000001,18400,0.0,1.0
2016-04-08,16.02,16.110001,15.95,15.98,14.080894,10000,0.0,1.0
2016-04-11,16.0,16.32,15.98,16.0,14.098517999999999,8400,0.0,1.0
2016-04-12,16.129998999999998,16.25,15.87,16.25,14.318807999999999,22700,0.0,1.0
2016-04-14,16.299999,16.32,16.200001,16.200001,14.274748,14400,0.1,1.0
2016-04-18,16.15,16.290001,16.15,16.290001,14.354053,12500,0.0,1.0
2016-04-20,16.41,16.530001000000002,16.360001,16.450001,14.495035999999999,21100,0.0,1.0
2016-04-21,16.465,16.5,16.23,16.290001,14.354053,17200,0.0,1.0
2016-04-22,16.26,16.41,16.200001,16.23,14.301185,10700,0.0,1.0
2016-04-25,16.27,16.27,16.0,16.01,14.107328,9900,0.0,1.0
2016-04-26,16.110001,16.27,16.01,16.26,14.327617000000002,42600,0.0,1.0
2016-04-27,16.190001000000002,16.32,16.16,16.25,14.318807999999999,27500,0.0,1.0
2016-04-28,16.290001,16.35,16.209999,16.23,14.301185,25100,0.0,1.0
2016-04-29,16.24,16.290001,16.139999,16.200001,14.274748,19000,0.0,1.0
2016-05-02,16.290001,16.295,16.148001,16.209999,14.283562,22200,0.0,1.0
2016-05-03,16.139999,16.27,16.08,16.16,14.239501999999998,40400,0.0,1.0
2016-05-04,16.23,16.26,16.155001000000002,16.17,14.248313000000001,14700,0.0,1.0
2016-05-05,16.219998999999998,16.298,16.110001,16.110001,14.195445000000001,32700,0.0,1.0
2016-05-06,16.09,16.209999,16.09,16.209999,14.283562,20400,0.0,1.0
2016-05-09,16.215,16.24,16.129998999999998,16.129998999999998,14.213065,33400,0.0,1.0
2016-05-10,16.190001000000002,16.33,16.15,16.33,14.389298000000002,33600,0.0,1.0
2016-05-16,16.23,16.35,16.23,16.35,14.406922,16000,0.1,1.0
2016-05-17,16.360001,16.43,16.16,16.26,14.327617000000002,16800,0.0,1.0
2016-05-18,16.26,16.299999,16.07,16.23,14.301185,15800,0.0,1.0
2016-05-19,16.059998999999998,16.15,16.02,16.059998999999998,14.151388,30300,0.0,1.0
2016-05-20,16.15,16.23,16.110001,16.129998999999998,14.213065,25100,0.0,1.0
2016-05-23,16.131001,16.26,16.129998999999998,16.26,14.327617000000002,15100,0.0,1.0
2016-05-25,16.34,16.459999,16.299999,16.299999,14.362864000000002,13300,0.0,1.0
2016-05-26,16.35,16.42,16.32,16.33,14.389298000000002,14400,0.0,1.0
2016-05-31,16.559998999999998,16.620001000000002,16.459999,16.559998999999998,14.591964,21200,0.0,1.0
2016-06-01,16.5,16.559998999999998,16.370001000000002,16.559998999999998,14.591964,32000,0.0,1.0
2016-06-02,16.440001000000002,16.57,16.440001000000002,16.57,14.600779000000001,25100,0.0,1.0
2016-06-06,16.6,16.9,16.58,16.9,14.89156,28000,0.0,1.0
2016-06-07,16.85,17.030001000000002,16.84,16.889999,14.882748000000001,43000,0.0,1.0
2016-06-08,16.950001,17.049999,16.940001000000002,16.959999,14.944427,15700,0.0,1.0
2016-06-09,16.959999,16.98,16.91,16.98,14.962048000000001,22700,0.0,1.0
2016-06-10,16.9,16.915001,16.76,16.809998999999998,14.812251999999999,12300,0.0,1.0
2016-06-13,16.889999,16.9,16.761,16.780001000000002,14.785820999999999,13200,0.0,1.0
2016-06-14,16.790001,16.9,16.754998999999998,16.889999,14.882748000000001,11200,0.0,1.0
2016-06-15,16.85,17.040001,16.76,17.02,15.086618,18800,0.1,1.0
2016-06-16,17.01,17.01,16.790001,17.01,15.077757,20500,0.0,1.0
2016-06-17,17.040001,17.040001,16.93,16.98,15.051164000000002,14000,0.0,1.0
2016-06-20,17.110001,17.344998999999998,16.950001,16.959999,15.033432999999999,14000,0.0,1.0
2016-06-21,17.030001000000002,17.09,17.0,17.059998999999998,15.122076000000002,6900,0.0,1.0
2016-06-22,17.07,17.1,16.959999,17.0,15.068892000000002,11000,0.0,1.0
2016-06-23,17.15,17.35,17.01,17.27,15.308222,18800,0.0,1.0
2016-06-24,17.0,17.0,16.809998999999998,16.84,14.927064999999999,25700,0.0,1.0
2016-06-27,16.940001000000002,16.940001000000002,16.59,16.639999,14.749785000000001,8300,0.0,1.0
2016-06-30,17.6,18.0,17.6,17.690001000000002,15.680515,21200,0.0,1.0
2016-07-01,17.700001,17.709999,17.610001,17.620001000000002,15.618464999999999,11900,0.0,1.0
2016-07-05,17.66,17.66,17.48,17.530001000000002,15.538684,14300,0.0,1.0
2016-07-06,17.5,17.82,17.48,17.66,15.653917000000002,15500,0.0,1.0
2016-07-07,17.65,17.709999,17.65,17.709999,15.698238,5600,0.0,1.0
2016-07-11,17.82,17.82,17.26,17.450001,15.467776,49900,0.0,1.0
2016-07-12,17.620001000000002,17.620001000000002,17.379998999999998,17.379998999999998,15.405725,26000,0.0,1.0
2016-07-13,17.424999,17.43,17.309998999999998,17.32,15.352542000000001,22800,0.0,1.0
2016-07-14,17.299999,17.379998999999998,17.27,17.379998999999998,15.479907,23300,0.083,1.0
2016-07-15,17.309998999999998,17.370001000000002,17.309998999999998,17.34,15.444284,12300,0.0,1.0
2016-07-18,17.379998999999998,17.4,17.34,17.4,15.497723,6400,0.0,1.0
2016-07-19,17.35,17.41,17.26,17.299999,15.408653,24000,0.0,1.0
2016-07-20,17.299999,17.559998999999998,17.25,17.469998999999998,15.560069,23600,0.0,1.0
2016-07-21,17.459999,17.459999,17.370001000000002,17.370001000000002,15.470997,9200,0.0,1.0
2016-07-22,17.459,17.459999,17.4,17.459999,15.551166,13800,0.0,1.0
2016-07-25,17.459999,17.49,17.445,17.469998999999998,15.560069,5700,0.0,1.0
2016-07-26,17.459999,17.49,17.440001000000002,17.49,15.577882999999998,5000,0.0,1.0
2016-07-27,17.469998999999998,17.530001000000002,17.389999,17.389999,15.488814000000001,9700,0.0,1.0
2016-07-29,17.4,17.5,17.4,17.5,15.586789000000001,2800,0.0,1.0
2016-08-01,17.469998999999998,17.469998999999998,17.41,17.41,15.506623000000001,9400,0.0,1.0
2016-08-02,17.41,17.41,17.280001000000002,17.32,15.426467,6200,0.0,1.0
2016-08-03,17.190001000000002,17.33,17.190001000000002,17.309998999999998,15.417563000000001,11100,0.0,1.0
2016-08-04,17.360001,17.4,17.35,17.385,15.484361999999999,7800,0.0,1.0
2016-08-08,17.530001000000002,17.6,17.49,17.51,15.595694,15900,0.0,1.0
2016-08-09,17.59,17.610001,17.450001,17.559998999999998,15.640229999999999,16100,0.0,1.0
2016-08-10,17.5,17.559998999999998,17.32,17.33,15.435376000000002,29800,0.0,1.0
2016-08-11,17.365,17.49,17.25,17.48,15.568973999999999,12600,0.0,1.0
2016-08-15,17.440001000000002,17.48,17.4,17.42,15.515537,17800,0.0,1.0
2016-08-16,17.370001000000002,17.610001,17.370001000000002,17.57,15.649137,13300,0.0,1.0
2016-08-17,17.370001000000002,17.540001,17.370001000000002,17.469998999999998,15.633923999999999,6500,0.083,1.0
2016-08-18,17.530001000000002,17.76,17.530001000000002,17.76,15.893444,5900,0.0,1.0
2016-08-19,17.74,17.809998999999998,17.65,17.809998999999998,15.938189000000001,19400,0.0,1.0
2016-08-22,17.59,17.719998999999998,17.59,17.719998999999998,15.857647,5800,0.0,1.0
2016-08-23,17.690001000000002,17.719998999999998,17.66,17.67,15.812902,10200,0.0,1.0
2016-08-24,17.59,17.65,17.5,17.52,15.678668,14800,0.0,1.0
2016-08-25,17.51,17.59,17.42,17.440001000000002,15.607079,15000,0.0,1.0
2016-08-26,17.459999,17.549999,17.309998999999998,17.360001,15.535487,5800,0.0,1.0
2016-08-29,17.440001000000002,17.440001000000002,17.35,17.360001,15.535487,15300,0.0,1.0
2016-08-31,17.360001,17.360001,17.219998999999998,17.27,15.454942,9400,0.0,1.0
2016-09-01,17.26,17.280001000000002,17.209999,17.280001000000002,15.463895,7500,0.0,1.0
2016-09-02,17.26,17.42,17.26,17.35,15.526532000000001,2300,0.0,1.0
2016-09-06,17.434998999999998,17.434998999999998,17.23,17.25,15.437045999999999,19500,0.0,1.0
2016-09-07,17.280001000000002,17.34,17.280001000000002,17.299999,15.481788,3400,0.0,1.0
2016-09-08,17.26,17.43,17.26,17.429001,15.597232,5800,0.0,1.0
2016-09-12,16.85,17.200001,16.85,17.129998999999998,15.329654999999999,11700,0.0,1.0
2016-09-13,17.02,17.02,16.74,16.74,14.980647,11800,0.0,1.0
2016-09-14,16.700001,16.799999,16.700001,16.799999,15.034339000000001,19600,0.0,1.0
2016-09-15,16.68,16.74,16.67,16.68,15.001063,20800,0.083,1.0
2016-09-19,16.5,16.57,16.450001,16.450001,14.794212,9900,0.0,1.0
2016-09-21,16.5,16.540001,16.440001000000002,16.49,14.830185,16800,0.0,1.0
2016-09-22,16.549999,16.690001000000002,16.481001000000003,16.620001000000002,14.947104000000001,17500,0.0,1.0
2016-09-23,16.6,16.629998999999998,16.549999,16.549999,14.884148000000001,13400,0.0,1.0
2016-09-26,16.549999,16.59,16.549999,16.58,14.911125,5200,0.0,1.0
2016-09-27,16.58,16.59,16.549999,16.549999,14.884148000000001,8300,0.0,1.0
2016-09-28,16.549999,16.65,16.549999,16.65,14.974084,10400,0.0,1.0
2016-09-29,16.620001000000002,16.700001,16.6,16.6,14.929117000000002,19300,0.0,1.0
2016-09-30,16.65,16.790001,16.65,16.77,15.082004999999999,11800,0.0,1.0
2016-10-03,16.639999,16.743999,16.625,16.66,14.983077999999999,5900,0.0,1.0
2016-10-04,16.709999,16.709999,16.559998999999998,16.620001000000002,14.947104000000001,10700,0.0,1.0
2016-10-05,16.59,16.610001,16.549999,16.549999,14.884148000000001,4300,0.0,1.0
2016-10-06,16.6,16.6,16.490999,16.551001,14.885048000000001,12100,0.0,1.0
2016-10-07,16.549999,16.565001000000002,16.530001000000002,16.549999,14.884148000000001,12500,0.0,1.0
2016-10-10,16.549999,16.610001,16.549999,16.610001,14.93811,9500,0.0,1.0
2016-10-12,16.610001,16.68,16.549999,16.68,15.001063,12000,0.0,1.0
2016-10-13,16.549999,16.65,16.545,16.57,14.902135000000001,12400,0.0,1.0
2016-10-14,16.540001,16.77,16.52,16.620001000000002,15.022354,43200,0.083,1.0
2016-10-17,16.65,16.65,16.450001,16.469998999999998,14.886768,16700,0.0,1.0
2016-10-18,16.57,16.57,16.52,16.528,14.939194,9400,0.0,1.0
2016-10-20,16.49,16.57,16.459999,16.497,14.911171,11000,0.0,1.0
2016-10-21,16.459999,16.469998999999998,16.459999,16.459999,14.87773,29500,0.0,1.0
2016-10-24,16.559998999999998,16.620001000000002,16.485001,16.6,15.004273000000001,10700,0.0,1.0
2016-10-25,16.559998999999998,16.58,16.549999,16.549999,14.959081,5900,0.0,1.0
2016-10-26,16.459999,16.6,16.459999,16.545,14.954557999999999,12400,0.0,1.0
2016-10-27,16.76,16.76,16.5,16.549999,14.959081,12000,0.0,1.0
2016-10-28,16.57,16.58,16.459999,16.48,14.895807999999999,17300,0.0,1.0
2016-10-31,16.51,16.549999,16.459999,16.469998999999998,14.886768,12100,0.0,1.0
2016-11-01,16.469998999999998,16.559998999999998,16.27,16.27,14.705998000000001,24800,0.0,1.0
2016-11-02,16.25,16.25,16.0,16.059998999999998,14.516179999999999,15900,0.0,1.0
2016-11-03,16.0,16.07,15.85,15.88,14.353487,17500,0.0,1.0
2016-11-04,15.9,15.97,15.6,15.6,14.100401999999999,14800,0.0,1.0
2016-11-07,15.68,15.747,15.65,15.65,14.145594000000001,27100,0.0,1.0
2016-11-08,15.7,15.79,15.64,15.64,14.136556,19400,0.0,1.0
2016-11-10,15.62,15.69,15.57,15.65,14.145594000000001,15400,0.0,1.0
2016-11-11,15.63,15.85,15.47,15.85,14.326367000000001,26400,0.0,1.0
2016-11-14,15.75,15.97,15.5,15.69,14.18175,15800,0.0,1.0
2016-11-16,15.76,15.772,15.56,15.65,14.220820999999999,13500,0.0,1.0
2016-11-18,15.58,15.79,15.58,15.64,14.211735999999998,23800,0.0,1.0
2016-11-21,15.75,15.93,15.72,15.93,14.475254000000001,9500,0.0,1.0
2016-11-22,15.9,15.965,15.9,15.9,14.447991,11800,0.0,1.0
2016-11-23,15.95,15.95,15.63,15.67,14.238997,24300,0.0,1.0
2016-11-25,15.63,15.684,15.63,15.68,14.248082,3600,0.0,1.0
2016-11-28,15.68,15.92,15.61,15.7,14.266256,34800,0.0,1.0
2016-11-29,15.685,15.8,15.6,15.75,14.311691,23500,0.0,1.0
2016-11-30,15.8,15.85,15.75,15.76,14.320776,18800,0.0,1.0
2016-12-01,15.73,15.75,15.59,15.6,14.17539,20200,0.0,1.0
2016-12-02,15.63,15.65,15.47,15.6,14.17539,12700,0.0,1.0
2016-12-05,15.64,15.64,15.38,15.409,14.001832,69400,0.0,1.0
2016-12-06,15.42,15.523,15.39,15.45,14.039087,84500,0.0,1.0
2016-12-07,15.49,15.6,15.49,15.559,14.138133999999999,17500,0.0,1.0
2016-12-08,15.53,15.65,15.53,15.57,14.148129,45800,0.0,1.0
2016-12-09,15.6,15.72,15.6,15.64,14.211735999999998,21100,0.0,1.0
2016-12-12,15.67,15.67,15.58,15.62,14.193562,22400,0.0,1.0
2016-12-13,15.66,15.82,15.635,15.81,14.366210999999998,44600,0.0,1.0
2016-12-14,15.81,15.95,15.81,15.83,14.384385,29200,0.0,1.0
2016-12-15,15.78,15.83,15.61,15.7,14.341451000000001,36200,0.083,1.0
2016-12-16,15.68,15.75,15.63,15.63,14.277510000000001,67600,0.0,1.0
2016-12-19,15.69,15.94,15.68,15.94,14.560682,46400,0.0,1.0
2016-12-20,15.88,16.290001,15.87,16.16,14.761645999999999,64100,0.0,1.0
2016-12-21,16.16,16.27,16.155001000000002,16.24,14.834722,42300,0.0,1.0
2016-12-22,16.25,16.450001,16.25,16.450001,15.026551999999999,76000,0.0,1.0
2016-12-23,16.459999,16.48,16.32,16.33,14.916935999999998,43000,0.0,1.0
2016-12-27,16.52,16.52,16.25,16.379998999999998,14.962606,14900,0.0,1.0
2016-12-28,16.35,16.389999,16.25,16.25,14.843856,17300,0.0,1.0
2016-12-29,16.360001,16.360001,16.26,16.26,14.852995000000002,12500,0.0,1.0
2016-12-30,16.299999,16.299999,16.18,16.219998999999998,14.816451,9500,0.0,1.0
2017-01-03,16.299999,16.49,16.299999,16.49,15.063091,15800,0.0,1.0
2017-01-04,16.58,16.74,16.57,16.67,15.227520000000002,17400,0.0,1.0
2017-01-05,16.68,16.709999,16.615,16.68,15.23665,5000,0.0,1.0
2017-01-06,16.667999,16.722,16.610001,16.620001000000002,15.181845000000001,17100,0.0,1.0
2017-01-09,16.610001,16.639999,16.374001,16.5,15.072226,15000,0.0,1.0
2017-01-10,16.440001000000002,16.539,16.309998999999998,16.309998999999998,14.898664000000002,17200,0.0,1.0
2017-01-11,16.370001000000002,16.424999,16.299999,16.379,14.961696,15100,0.0,1.0
2017-01-12,16.41,16.41,16.33,16.35,14.935204999999998,5300,0.0,1.0
2017-01-13,16.360001,16.450001,16.360001,16.440001000000002,15.017416,12500,0.0,1.0
2017-01-17,16.42,16.450001,16.370001000000002,16.410999,14.990927,33700,0.0,1.0
2017-01-19,16.43,16.43,16.280001000000002,16.35,15.011126,11600,0.0,1.0
2017-01-20,16.34,16.4,16.26,16.26,14.928495999999999,25200,0.0,1.0
2017-01-23,16.299999,16.34,16.24,16.34,15.001945000000001,25200,0.0,1.0
2017-01-24,16.299999,16.5,16.299999,16.48,15.130481,25200,0.0,1.0
2017-01-25,16.469998999999998,16.639999,16.469998999999998,16.59,15.231472,29800,0.0,1.0
2017-01-26,16.6,16.66,16.51,16.650999,15.287476999999999,21600,0.0,1.0
2017-01-27,16.719998999999998,16.76,16.66,16.73,15.360005,13700,0.0,1.0
2017-01-30,16.74,16.75,16.65,16.700001,15.332462,23300,0.0,1.0
2017-01-31,16.68,16.700001,16.469998999999998,16.6,15.24065,19400,0.0,1.0
2017-02-01,16.68,16.75,16.68,16.722,15.352664,8300,0.0,1.0
2017-02-02,16.700001,16.85,16.700001,16.83,15.451818,13100,0.0,1.0
2017-02-03,16.85,16.99,16.85,16.93,15.543629999999999,20800,0.0,1.0
2017-02-06,16.889999,16.950001,16.84,16.950001,15.561993,11400,0.0,1.0
2017-02-07,16.940001000000002,16.99,16.940001000000002,16.98,15.589535,9900,0.0,1.0
2017-02-08,16.969998999999998,17.049999,16.962,17.049999,15.653803,11200,0.0,1.0
2017-02-09,17.08,17.114,17.040001,17.09,15.690526,14300,0.0,1.0
2017-02-10,17.1,17.1,17.059998999999998,17.059998999999998,15.662985,27000,0.0,1.0
2017-02-13,17.1,17.139999,17.09,17.129998999999998,15.727248999999999,25200,0.0,1.0
2017-02-14,17.125,17.125,17.0,17.0,15.607895000000001,18300,0.0,1.0
2017-02-16,16.9,16.98,16.809998999999998,16.959999,15.571173000000002,18500,0.083,1.0
2017-02-17,16.85,16.959999,16.85,16.959999,15.571173000000002,13400,0.0,1.0
2017-02-21,16.92,17.004998999999998,16.92,17.0,15.607895000000001,20200,0.0,1.0
2017-02-22,17.0,17.1,16.91,17.08,15.681345,21400,0.0,1.0
2017-02-23,17.1,17.120001000000002,17.040001,17.120001000000002,15.718072,26100,0.0,1.0
2017-02-24,17.08,17.139999,17.049999,17.08,15.681345,22400,0.0,1.0
2017-02-27,17.129998999999998,17.139999,17.1,17.139999,15.736432,28400,0.0,1.0
2017-02-28,17.120001000000002,17.18,16.959999,17.07,15.672169,32800,0.0,1.0
2017-03-01,17.07,17.49,17.07,17.41,15.984323000000002,29400,0.0,1.0
2017-03-02,17.379998999999998,17.4,17.309998999999998,17.309998999999998,15.892510000000001,17500,0.0,1.0
2017-03-03,17.35,17.35,17.25,17.27,15.855789999999999,10100,0.0,1.0
2017-03-06,17.18,17.23,17.16,17.23,15.819066000000001,12800,0.0,1.0
2017-03-07,17.190001000000002,17.290001,17.190001000000002,17.222,15.811717999999999,33500,0.0,1.0
2017-03-08,17.27,17.27,17.15,17.15,15.745616,5700,0.0,1.0
2017-03-09,17.17,17.17,17.0,17.021998999999997,15.628094,14300,0.0,1.0
2017-03-10,17.01,17.014,16.9,16.92,15.534447,20400,0.0,1.0
2017-03-13,17.059998999999998,17.059998999999998,16.809998999999998,16.851,15.471101999999998,12200,0.0,1.0
2017-03-14,16.809998999999998,16.85,16.74,16.752001,15.380203,18400,0.0,1.0
2017-03-15,16.790001,16.9,16.75,16.9,15.593347,6900,0.083,1.0
2017-03-16,16.92,16.940001000000002,16.860001,16.889999,15.584122,10300,0.0,1.0
2017-03-17,16.940001000000002,16.940001000000002,16.9,16.93,15.621027,10900,0.0,1.0
2017-03-20,16.93,16.969998999999998,16.889999,16.959999,15.648703,6400,0.0,1.0
2017-03-21,17.01,17.02,16.790001,16.790001,15.491852,30700,0.0,1.0
2017-03-22,16.76,16.98,16.75,16.969998999999998,15.657936,25400,0.0,1.0
2017-03-23,16.92,16.969998999999998,16.91,16.959999,15.648703,6500,0.0,1.0
2017-03-24,16.950001,16.950001,16.85,16.879,15.573972,14800,0.0,1.0
2017-03-27,16.889999,16.98,16.879,16.950001,15.639479000000001,10700,0.0,1.0
2017-03-28,16.950001,17.07,16.950001,17.042999,15.725289000000002,5300,0.0,1.0
2017-03-29,17.014999,17.040001,16.92,16.92,15.6118,26400,0.0,1.0
2017-03-30,16.950001,16.995001000000002,16.870001000000002,16.92,15.6118,27600,0.0,1.0
2017-03-31,16.950001,16.955,16.76,16.950001,15.639479000000001,24000,0.0,1.0
2017-04-03,16.940001000000002,16.959999,16.77,16.959999,15.648703,23800,0.0,1.0
2017-04-04,16.93,17.030001000000002,16.93,17.030001000000002,15.7133,10400,0.0,1.0
2017-04-05,17.049999,17.1,17.0,17.0,15.685614000000001,14300,0.0,1.0
2017-04-06,17.073,17.15,17.07,17.120001000000002,15.796338,7500,0.0,1.0
2017-04-07,17.139999,17.15,17.059998999999998,17.15,15.824017999999999,8800,0.0,1.0
2017-04-10,17.15,17.280001000000002,17.129998999999998,17.25,15.916286,25400,0.0,1.0
2017-04-11,17.299999,17.299999,17.23,17.24,15.907059,21700,0.0,1.0
2017-04-12,17.209999,17.225,17.110001,17.139999,15.891298,25300,0.083,1.0
2017-04-13,17.15,17.209999,17.02,17.02,15.780041,32100,0.0,1.0
2017-04-17,17.108999,17.139999,17.0,17.075001,15.831029000000001,33900,0.0,1.0
2017-04-18,17.08,17.15,17.02,17.15,15.900566,19400,0.0,1.0
2017-04-19,17.145,17.24,17.120001000000002,17.190001000000002,15.937651999999998,31600,0.0,1.0
2017-04-20,17.209999,17.309998999999998,17.09,17.261,16.003481,21100,0.0,1.0
2017-04-21,17.25,17.26,17.201,17.23,15.974742,15500,0.0,1.0
2017-04-24,17.27,17.309998999999998,17.200001,17.26,16.002556,7600,0.0,1.0
2017-04-25,17.190001000000002,17.35,17.17,17.290001,16.030371,40800,0.0,1.0
2017-04-26,17.299999,17.360001,17.26,17.299999,16.039637,14800,0.0,1.0
2017-04-27,17.209999,17.33,17.16,17.16,15.909842000000001,30400,0.0,1.0
2017-04-28,17.200001,17.24,17.129998999999998,17.129998999999998,15.882022000000001,19800,0.0,1.0
2017-05-02,17.370001000000002,17.370001000000002,16.99,16.99,15.752223999999998,30000,0.0,1.0
2017-05-03,17.049999,17.139999,17.049999,17.09,15.844938,4500,0.0,1.0
2017-05-04,17.120001000000002,17.129998999999998,17.02,17.059998999999998,15.817127,10700,0.0,1.0
2017-05-05,17.01,17.209999,17.01,17.200001,15.946929999999998,14100,0.0,1.0
2017-05-08,17.174999,17.25,17.16,17.16,15.909842000000001,21500,0.0,1.0
2017-05-09,17.346001,17.346001,17.209999,17.299999,16.039637,4300,0.0,1.0
2017-05-10,17.26,17.27,17.190001000000002,17.27,16.011826,8700,0.0,1.0
2017-05-11,17.205,17.209999,16.959999,17.08,15.835664000000001,33200,0.0,1.0
2017-05-12,17.059998999999998,17.18,17.059998999999998,17.1,15.854213,11100,0.0,1.0
2017-05-15,17.200001,17.200001,17.129998999999998,17.200001,15.946929999999998,10700,0.0,1.0
2017-05-16,17.24,17.24,17.190001000000002,17.23,15.974742,8100,0.0,1.0
2017-05-17,17.110001,17.110001,16.950001,16.950001,15.791207,23000,0.083,1.0
2017-05-18,16.959999,16.959999,16.84,16.879998999999998,15.725994,10400,0.0,1.0
2017-05-19,16.895,17.0,16.895,17.0,15.837789,11200,0.0,1.0
2017-05-22,17.0,17.1,17.0,17.08,15.912315,21700,0.0,1.0
2017-05-23,17.084999,17.110001,17.02,17.09,15.921636999999999,9400,0.0,1.0
2017-05-24,17.059998999999998,17.110001,17.049999,17.110001,15.940267,13300,0.0,1.0
2017-05-25,17.113001,17.135,17.07,17.129998999999998,15.9589,9500,0.0,1.0
2017-05-26,17.15,17.15,17.08,17.087,15.918842000000001,7100,0.0,1.0
2017-05-30,17.059998999999998,17.18,17.059998999999998,17.17,15.996167000000002,14400,0.0,1.0
2017-05-31,17.18,17.25,17.120001000000002,17.24,16.061382000000002,17200,0.0,1.0
2017-06-01,17.200001,17.309998999999998,17.200001,17.309998999999998,16.126595000000002,18600,0.0,1.0
2017-06-02,17.299999,17.34,17.299999,17.34,16.154547,4300,0.0,1.0
2017-06-05,17.389999,17.389999,17.35,17.370001000000002,16.182495,5000,0.0,1.0
2017-06-06,17.309998999999998,17.375,17.214001,17.315001000000002,16.131254000000002,11600,0.0,1.0
2017-06-07,17.370001000000002,17.450001,17.24,17.24,16.061382000000002,11600,0.0,1.0
2017-06-08,17.32,17.32,17.25,17.290001,16.107967000000002,2700,0.0,1.0
2017-06-09,17.290001,17.309998999999998,17.23,17.23,16.052067,6500,0.0,1.0
2017-06-12,17.219998999999998,17.25,17.17,17.17,15.996167000000002,5600,0.0,1.0
2017-06-13,17.18,17.27,17.18,17.233999,16.055792,4400,0.0,1.0
2017-06-14,17.32,17.32,17.15,17.299999,16.117281,12300,0.0,1.0
2017-06-15,17.25,17.25,17.09,17.129998999999998,16.035830999999998,18000,0.083,1.0
2017-06-16,17.15,17.186001,17.129998999999998,17.157,16.061111,29300,0.0,1.0
2017-06-19,17.190001000000002,17.25,17.135,17.23,16.12945,30200,0.0,1.0
2017-06-20,17.24,17.24,17.049999,17.1,16.007757,18300,0.0,1.0
2017-06-21,17.129998999999998,17.17,17.059998999999998,17.08,15.98903,15500,0.0,1.0
2017-06-22,17.110001,17.110001,17.049999,17.059998999999998,15.970305999999999,26500,0.0,1.0
2017-06-23,17.059998999999998,17.15,17.059998999999998,17.15,16.054562,13600,0.0,1.0
2017-06-26,17.200001,17.209999,17.135,17.191,16.092942999999998,17400,0.0,1.0
2017-06-27,17.26,17.26,17.16,17.24,16.138815,12000,0.0,1.0
2017-06-28,17.17,17.299999,17.120001000000002,17.290001,16.185620999999998,8500,0.0,1.0
2017-06-29,17.25,17.280001000000002,17.139999,17.200001,16.101366,19700,0.0,1.0
2017-06-30,17.18,17.290001,17.15,17.23,16.12945,19800,0.0,1.0
2017-07-03,17.200001,17.27,17.191,17.27,16.166895,3500,0.0,1.0
2017-07-05,17.174999,17.174999,17.07,17.1,16.007757,5400,0.0,1.0
2017-07-06,17.18,17.18,17.000999,17.049999,15.960944,11300,0.0,1.0
2017-07-07,17.055,17.15,17.055,17.139999,16.045197,8500,0.0,1.0
2017-07-10,17.110001,17.110001,17.049999,17.07,15.97967,2800,0.0,1.0
2017-07-11,17.094998999999998,17.1,17.0,17.0,15.914142000000002,16300,0.0,1.0
2017-07-12,17.049999,17.105,17.049999,17.08,15.98903,8700,0.0,1.0
2017-07-13,17.0,17.052,16.950001,17.049999,15.960944,35900,0.0,1.0
2017-07-14,16.969998999999998,17.120001000000002,16.969998999999998,17.120001000000002,16.104877,17600,0.083,1.0
2017-07-17,17.105,17.139999,16.99,16.99,15.982579999999999,11400,0.0,1.0
2017-07-18,17.0,17.049999,16.91,17.02,16.010804999999998,36100,0.0,1.0
2017-07-19,17.030001000000002,17.15,17.030001000000002,17.15,16.133097,17700,0.0,1.0
2017-07-20,17.139999,17.26,17.139999,17.25,16.227163,11300,0.0,1.0
2017-07-21,17.209999,17.219998999999998,17.15,17.219998999999998,16.198942000000002,13300,0.0,1.0
2017-07-24,17.17,17.17,17.08,17.08,16.067244,10500,0.0,1.0
2017-07-25,17.15,17.16,17.1,17.129998999999998,16.114279,14500,0.0,1.0
2017-07-26,17.09,17.139999,17.09,17.139999,16.123688,23600,0.0,1.0
2017-07-27,17.129998999999998,17.15,17.1,17.15,16.133097,9300,0.0,1.0
2017-07-28,17.120001000000002,17.17,17.07,17.17,16.151907,14500,0.0,1.0
2017-07-31,17.139999,17.18,17.139999,17.177,16.158499,11600,0.0,1.0
2017-08-01,17.15,17.23,17.15,17.209999,16.189539,10600,0.0,1.0
2017-08-02,17.184998999999998,17.190001000000002,17.15,17.15,16.133097,12000,0.0,1.0
2017-08-03,17.129998999999998,17.139999,17.09,17.09,16.076654,5400,0.0,1.0
2017-08-04,17.16,17.16,17.09,17.09,16.076654,3800,0.0,1.0
2017-08-07,17.09,17.09,17.030001000000002,17.030001000000002,16.020214000000003,4800,0.0,1.0
2017-08-08,17.025,17.025,16.959999,16.985001,15.977878,12700,0.0,1.0
2017-08-09,16.93,17.0,16.82,16.889,15.887571,15900,0.0,1.0
2017-08-10,16.860001,16.860001,16.540001,16.639999,15.653335,23700,0.0,1.0
2017-08-11,16.65,16.65,16.51,16.57,15.587485999999998,11700,0.0,1.0
2017-08-14,16.639999,16.790001,16.639999,16.75,15.756813000000001,8100,0.0,1.0
2017-08-15,16.74,16.75,16.690001000000002,16.700001,15.709779000000001,23000,0.0,1.0
2017-08-16,16.700001,16.76,16.700001,16.76,15.766223000000002,23400,0.0,1.0
2017-08-17,16.690001000000002,16.690001000000002,16.504998999999998,16.51,15.608343,12600,0.083,1.0
2017-08-18,16.51,16.51,16.4,16.48,15.579981,17300,0.0,1.0
2017-08-21,16.42,16.48,16.389999,16.48,15.579981,7100,0.0,1.0
2017-08-22,16.48,16.540001,16.469998999999998,16.540001,15.636703,11400,0.0,1.0
2017-08-23,16.525,16.57,16.52,16.57,15.665064000000001,10600,0.0,1.0
2017-08-24,16.549999,16.559998999999998,16.51,16.51,15.608343,7000,0.0,1.0
2017-08-25,16.575001,16.66,16.575001,16.65,15.740697,4200,0.0,1.0
2017-08-28,16.65,16.65,16.6,16.6,15.693426,3800,0.0,1.0
2017-08-29,16.57,16.6,16.49,16.49,15.589433999999999,16900,0.0,1.0
2017-08-30,16.530001000000002,16.545,16.48,16.51,15.608343,17700,0.0,1.0
2017-08-31,16.51,16.605,16.5,16.538,15.634812,30700,0.0,1.0
2017-09-01,16.59,16.67,16.57,16.620001000000002,15.712337,20900,0.0,1.0
2017-09-05,16.57,16.66,16.5,16.5,15.598887,6200,0.0,1.0
2017-09-06,16.610001,16.621,16.540001,16.540001,15.636703,6000,0.0,1.0
2017-09-07,16.58,16.639999,16.530001000000002,16.639999,15.731239000000002,13900,0.0,1.0
2017-09-08,16.549999,16.635,16.549999,16.620001000000002,15.712337,8100,0.0,1.0
2017-09-11,16.629998999999998,16.775,16.629998999999998,16.73,15.816325,5800,0.0,1.0
2017-09-12,16.719998999999998,16.77,16.700001,16.705,15.792692,10600,0.0,1.0
2017-09-13,16.733,16.780001000000002,16.700001,16.74,15.825779,12100,0.0,1.0
2017-09-14,16.77,16.785,16.754998999999998,16.785,15.868324,7300,0.0,1.0
2017-09-15,16.780001000000002,16.780001000000002,16.629998999999998,16.67,15.837921,11200,0.083,1.0
2017-09-18,16.66,16.719998999999998,16.610001,16.639999,15.809417000000002,17600,0.0,1.0
2017-09-19,16.65,16.68,16.610001,16.665001,15.833173,15600,0.0,1.0
2017-09-20,16.642,16.799999,16.642,16.709999,15.875926000000002,24100,0.0,1.0
2017-09-21,16.719998999999998,16.719998999999998,16.620001000000002,16.629998999999998,15.799914000000001,15400,0.0,1.0
2017-09-22,16.67,16.73,16.65,16.73,15.894925,10700,0.0,1.0
2017-09-25,16.68,16.77,16.666,16.76,15.923429,7400,0.0,1.0
2017-09-26,16.77,16.799999,16.74,16.790001,15.951931,14000,0.0,1.0
2017-09-27,16.700001,16.85,16.698,16.84,15.999432999999998,20500,0.0,1.0
2017-09-28,16.76,16.879998999999998,16.76,16.879998999999998,16.037436,16200,0.0,1.0
2017-09-29,16.870001000000002,16.91,16.85,16.91,16.065939,12800,0.0,1.0
2017-10-02,16.889999,16.959999,16.889999,16.950001,16.103947,6900,0.0,1.0
2017-10-03,16.903,17.030001000000002,16.903,17.0,16.151447,33100,0.0,1.0
2017-10-04,16.995001000000002,17.0,16.92,16.950001,16.103947,21900,0.0,1.0
2017-10-05,16.889999,17.045,16.889999,17.030001000000002,16.179951000000003,30300,0.0,1.0
2017-10-06,16.98,17.040001,16.940001000000002,16.950001,16.103947,10200,0.0,1.0
2017-10-09,16.934998999999998,16.99,16.91,16.99,16.141947000000002,18100,0.0,1.0
2017-10-10,17.0,17.01,17.0,17.01,16.160948,1500,0.0,1.0
2017-10-11,17.049999,17.049999,16.950001,16.950001,16.103947,15200,0.0,1.0
2017-10-12,17.0,17.030001000000002,16.986,17.030001000000002,16.179951000000003,9900,0.0,1.0
2017-10-13,17.0,17.01,16.969998999999998,16.99,16.141947000000002,10200,0.0,1.0
2017-10-16,17.0,17.0,16.93,16.93,16.084942,6700,0.0,1.0
2017-10-17,16.91,16.91,16.85,16.85,16.00894,12600,0.0,1.0
2017-10-18,16.85,16.85,16.73,16.780001000000002,16.021351,25700,0.083,1.0
2017-10-19,16.83,16.83,16.74,16.74,15.983154999999998,10200,0.0,1.0
2017-10-20,16.799999,16.83,16.74,16.791,16.031851,19400,0.0,1.0
2017-10-23,16.799999,16.805,16.75,16.790001,16.030897,20800,0.0,1.0
2017-10-24,16.799999,16.816999,16.75,16.790001,16.030897,58600,0.0,1.0
2017-10-25,16.74,16.77,16.67,16.76,16.002253,6600,0.0,1.0
2017-10-26,16.735001,16.780001000000002,16.735001,16.780001000000002,16.021351,10500,0.0,1.0
2017-10-27,16.799999,16.799999,16.709999,16.73,15.973609,21900,0.0,1.0
2017-10-30,16.690001000000002,16.690001000000002,16.559998999999998,16.6,15.849483,15900,0.0,1.0
2017-10-31,16.719998999999998,16.719998999999998,16.6,16.620001000000002,15.86858,11400,0.0,1.0
2017-11-01,16.66,16.695,16.58,16.58,15.830389000000002,18100,0.0,1.0
2017-11-02,16.57,16.58,16.450001,16.49,15.744457999999998,17400,0.0,1.0
2017-11-03,16.555,16.555,16.469998999999998,16.51,15.763554000000001,7400,0.0,1.0
2017-11-06,16.719998999999998,16.719998999999998,16.455,16.459999,15.715814000000002,7200,0.0,1.0
2017-11-07,16.469998999999998,16.535,16.469998999999998,16.5,15.754004,10200,0.0,1.0
2017-11-08,16.51,16.559998999999998,16.51,16.549999,15.801744,11500,0.0,1.0
2017-11-09,16.495001000000002,16.51,16.379998999999998,16.379998999999998,15.639431,27200,0.0,1.0
2017-11-10,16.389999,16.4,16.24,16.24,15.50576,21900,0.0,1.0
2017-11-13,16.129998999999998,16.24,16.129998999999998,16.15,15.419832000000001,48500,0.0,1.0
2017-11-14,16.110001,16.110001,16.02,16.059998999999998,15.333898999999999,20100,0.0,1.0
2017-11-15,16.049999,16.1,15.95,16.1,15.372091000000001,32300,0.0,1.0
2017-11-16,16.025999,16.129998999999998,16.025999,16.030001000000002,15.305257000000001,46000,0.0,1.0
2017-11-17,15.96,15.98,15.85,15.95,15.298541,29500,0.073,1.0
2017-11-20,15.95,16.02,15.95,15.99,15.336908,29900,0.0,1.0
2017-11-21,16.049999,16.209999,16.049999,16.17,15.509556,20100,0.0,1.0
2017-11-22,16.299999,16.299999,16.1,16.1,15.442413,14200,0.0,1.0
2017-11-24,16.110001,16.23,16.110001,16.139999,15.480781,3800,0.0,1.0
2017-11-27,16.129998999999998,16.155001000000002,16.059998999999998,16.139,15.479823999999999,19100,0.0,1.0
2017-11-28,16.120001000000002,16.17,16.030001000000002,16.16,15.499967000000002,26300,0.0,1.0
2017-11-29,16.1,16.280001000000002,16.1,16.280001000000002,15.615066,16400,0.0,1.0
2017-11-30,16.27,16.379998999999998,16.26,16.360001,15.691797,22700,0.0,1.0
2017-12-01,16.33,16.360001,16.299999,16.35,15.682207,8400,0.0,1.0
2017-12-04,16.4,16.450001,16.4,16.450001,15.778120999999999,31400,0.0,1.0
2017-12-05,16.450001,16.48,16.41,16.450001,15.778120999999999,25800,0.0,1.0
2017-12-06,16.450001,16.469998999999998,16.4,16.4,15.730162,19800,0.0,1.0
2017-12-07,16.42,16.440001000000002,16.379998999999998,16.42,15.749346,18700,0.0,1.0
2017-12-08,16.35,16.424999,16.32,16.4,15.730162,77300,0.0,1.0
2017-12-11,16.4,16.440001000000002,16.4,16.42,15.749346,95500,0.0,1.0
2017-12-12,16.4,16.605,16.4,16.605,15.926787,29900,0.0,1.0
2017-12-13,16.584999,16.73,16.559998999999998,16.73,16.046685999999998,23700,0.0,1.0
2017-12-14,16.719998999999998,16.790001,16.709999,16.75,16.065866,10400,0.0,1.0
2017-12-15,16.639999,16.75,16.620001000000002,16.75,16.136192,17100,0.073,1.0
2017-12-18,16.799999,16.879998999999998,16.77,16.77,16.15546,25300,0.0,1.0
2017-12-19,16.759001,16.77,16.700001,16.709999,16.097658,27300,0.0,1.0
2017-12-20,16.73,16.73,16.459999,16.459999,15.85682,21100,0.0,1.0
2017-12-21,16.469998999999998,16.514999,16.459999,16.5,15.89535,73800,0.0,1.0
2017-12-22,16.549,16.559998999999998,16.5,16.549999,15.943520999999999,24300,0.0,1.0
2017-12-26,16.514999,16.530001000000002,16.5,16.52,15.914623,10200,0.0,1.0
2017-12-27,16.52,16.555,16.49,16.49,15.885720999999998,102000,0.0,1.0
2017-12-28,16.52,16.540001,16.469998999999998,16.5,15.89535,147900,0.0,1.0
2017-12-29,16.48,16.59,16.48,16.59,15.982056,22900,0.0,1.0
2018-01-02,16.559998999999998,16.639999,16.559998999999998,16.59,15.982056,27400,0.0,1.0
2018-01-03,16.51,16.635,16.51,16.559998999999998,15.953156,14100,0.0,1.0
2018-01-04,16.58,16.690001000000002,16.58,16.66,16.049492,7900,0.0,1.0
2018-01-05,16.67,16.68,16.6,16.68,16.068758,19400,0.0,1.0
2018-01-08,16.632998999999998,16.709999,16.629998999999998,16.709999,16.097658,12300,0.0,1.0
2018-01-09,16.709999,16.77,16.67,16.77,16.15546,21700,0.0,1.0
2018-01-10,16.690001000000002,16.75,16.65,16.74,16.126556,16700,0.0,1.0
2018-01-11,16.725,16.799999,16.709999,16.709999,16.097658,15800,0.0,1.0
2018-01-12,16.799999,16.829,16.76,16.780001000000002,16.165094,10100,0.0,1.0
2018-01-16,16.9,16.9,16.77,16.82,16.203626999999997,19300,0.0,1.0
2018-01-17,16.809998999999998,16.84,16.790001,16.790001,16.174727999999998,16000,0.0,1.0
2018-01-18,16.709999,16.719998999999998,16.66,16.690001000000002,16.148603,38100,0.073,1.0
2018-01-19,16.629998999999998,16.700001,16.629998999999998,16.690001000000002,16.148603,7500,0.0,1.0
2018-01-22,16.73,16.75,16.700001,16.712,16.169888,7400,0.0,1.0
2018-01-23,16.709999,16.83,16.709999,16.790001,16.245358,7300,0.0,1.0
2018-01-24,16.879998999999998,16.879998999999998,16.75,16.799999,16.255032,12400,0.0,1.0
2018-01-25,16.778999,16.819,16.75,16.780001000000002,16.235682999999998,10600,0.0,1.0
2018-01-26,16.790001,16.85,16.77,16.82,16.274385000000002,11100,0.0,1.0
2018-01-29,16.790001,16.809998999999998,16.74,16.74,16.196981,6200,0.0,1.0
2018-01-30,16.66,16.73,16.57,16.68,16.138927,14700,0.0,1.0
2018-01-31,16.65,16.690001000000002,16.620001000000002,16.690001000000002,16.148603,4600,0.0,1.0
2018-02-01,16.66,16.66,16.540001,16.59,16.051845999999998,10100,0.0,1.0
2018-02-02,16.440001000000002,16.5,16.34,16.34,15.809957,14600,0.0,1.0
2018-02-05,16.26,16.26,15.76,15.77,15.258448000000001,16100,0.0,1.0
2018-02-06,15.68,15.73,15.49,15.72,15.210068,44800,0.0,1.0
2018-02-07,15.63,15.918,15.63,15.72,15.210068,43000,0.0,1.0
2018-02-08,15.71,15.71,15.43,15.43,14.929476000000001,14100,0.0,1.0
2018-02-09,15.49,15.5,15.224,15.44,14.93915,31200,0.0,1.0
2018-02-12,15.49,15.67,15.46,15.57,15.064932999999998,22400,0.0,1.0
2018-02-13,15.53,15.68,15.51,15.67,15.161691000000001,16100,0.0,1.0
2018-02-14,15.651,15.77,15.651,15.75,15.239095,31400,0.0,1.0
2018-02-15,15.67,15.8,15.67,15.76,15.319776999999998,7900,0.073,1.0
2018-02-16,15.82,15.85,15.75,15.78,15.339217999999999,21000,0.0,1.0
2018-02-20,15.77,15.82,15.691,15.7,15.261451999999998,20100,0.0,1.0
2018-02-21,15.71,15.76,15.7,15.7,15.261451999999998,18600,0.0,1.0
2018-02-22,15.74,15.754,15.682,15.75,15.310056,14500,0.0,1.0
2018-02-23,15.75,15.82,15.72,15.8,15.358659,33200,0.0,1.0
2018-02-26,15.87,15.87,15.8,15.81,15.368379000000001,20700,0.0,1.0
2018-02-27,15.86,15.86,15.679,15.75,15.310056,16600,0.0,1.0
2018-02-28,15.7,15.715,15.55,15.55,15.115642999999999,10400,0.0,1.0
2018-03-01,15.545,15.59,15.38,15.4,14.969831,18000,0.0,1.0
2018-03-02,15.37,15.37,15.03,15.32,14.892067,39900,0.0,1.0
2018-03-05,15.3,15.45,15.3,15.44,15.008716,29800,0.0,1.0
2018-03-06,15.46,15.47,15.4,15.44,15.008716,18600,0.0,1.0
2018-03-07,15.45,15.5,15.45,15.49,15.057317000000001,13200,0.0,1.0
2018-03-08,15.5,15.54,15.5,15.53,15.096201,4900,0.0,1.0
2018-03-09,15.66,15.69,15.6,15.69,15.251731,20000,0.0,1.0
2018-03-12,15.66,15.705,15.64,15.65,15.212848000000001,16100,0.0,1.0
2018-03-13,15.79,15.79,15.65,15.68,15.242011999999999,21200,0.0,1.0
2018-03-14,15.695,15.695,15.65,15.66,15.222569,15200,0.0,1.0
2018-03-15,15.59,15.61,15.56,15.61,15.245030999999999,7900,0.073,1.0
2018-03-16,15.58,15.62,15.55,15.55,15.186435000000001,11700,0.0,1.0
2018-03-19,15.5,15.5,15.4,15.47,15.108305999999999,14600,0.0,1.0
2018-03-20,15.47,15.49,15.35,15.35,14.991110999999998,21100,0.0,1.0
2018-03-21,15.36,15.38,15.28,15.28,14.922747,25100,0.0,1.0
2018-03-22,15.25,15.28,15.03,15.03,14.678593,32700,0.0,1.0
2018-03-23,15.04,15.04,14.83,14.85,14.502801000000002,25600,0.0,1.0
2018-03-26,15.05,15.05,14.86,14.94,14.590696,33100,0.0,1.0
2018-03-27,14.92,15.07,14.92,14.95,14.600463000000001,23400,0.0,1.0
2018-03-28,15.09,15.09,14.95,14.95,14.600463000000001,23700,0.0,1.0
2018-03-29,15.0,15.035,14.95,15.03,14.678593,35300,0.0,1.0
2018-04-02,14.96,15.05,14.96,15.01,14.65906,13000,0.0,1.0
2018-04-03,14.99,15.04,14.965,15.04,14.688359,18400,0.0,1.0
2018-04-04,15.015,15.107,14.95,15.1,14.746954999999998,31000,0.0,1.0
2018-04-05,15.13,15.2,15.115,15.18,14.825087,19700,0.0,1.0
2018-04-06,15.205,15.205,15.0,15.04,14.688359,16100,0.0,1.0
2018-04-09,15.13,15.195,15.04,15.18,14.825087,12600,0.0,1.0
2018-04-10,15.16,15.23,15.14,15.16,14.805551999999999,12700,0.0,1.0
2018-04-11,15.14,15.2,15.13,15.2,14.844616,21800,0.0,1.0
2018-04-12,15.21,15.24,15.21,15.231,14.874892000000001,5000,0.0,1.0
2018-04-13,15.175,15.18,15.1,15.11,14.827788,8200,0.073,1.0
2018-04-16,15.22,15.22,15.11,15.19,14.906295000000002,11600,0.0,1.0
2018-04-17,15.25,15.37,15.25,15.37,15.082932000000001,10700,0.0,1.0
2018-04-18,15.4,15.45,15.395,15.402,15.114335999999998,27700,0.0,1.0
2018-04-19,15.32,15.32,15.21,15.28,14.994614000000002,17700,0.0,1.0
2018-04-20,15.2,15.21,15.19,15.21,14.925922,19500,0.0,1.0
2018-04-23,15.25,15.25,15.12,15.12,14.837604,11700,0.0,1.0
2018-04-24,15.28,15.28,15.11,15.11,14.827788,24000,0.0,1.0
2018-04-25,15.11,15.13,15.11,15.13,14.847416,4300,0.0,1.0
2018-04-26,15.22,15.22,15.201,15.201,14.91709,3700,0.0,1.0
2018-04-27,15.289,15.37,15.231,15.33,15.043681,15700,0.0,1.0
2018-04-30,15.35,15.42,15.23,15.27,14.984801999999998,19800,0.0,1.0
2018-05-01,15.23,15.23,15.11,15.12,14.837604,26200,0.0,1.0
2018-05-02,15.13,15.135,15.08,15.1,14.817976000000002,9600,0.0,1.0
2018-05-03,15.03,15.1,15.03,15.1,14.817976000000002,5400,0.0,1.0
2018-05-04,15.11,15.15,15.05,15.1,14.817976000000002,23900,0.0,1.0
2018-05-07,15.16,15.23,15.16,15.23,14.945547,3800,0.0,1.0
2018-05-08,15.21,15.22,15.15,15.2,14.916107,11700,0.0,1.0
2018-05-09,15.19,15.21,15.175,15.2,14.916107,18900,0.0,1.0
2018-05-10,15.24,15.44,15.24,15.42,15.132,17600,0.0,1.0
2018-05-11,15.5,15.55,15.45,15.5,15.210505,14300,0.0,1.0
2018-05-14,15.505,15.53,15.41,15.42,15.132,18500,0.0,1.0
2018-05-15,15.42,15.42,15.31,15.325,15.038773999999998,16100,0.0,1.0
2018-05-16,15.37,15.385,15.3,15.31,15.024054999999999,12800,0.0,1.0
2018-05-17,15.37,15.37,15.2,15.29,15.076314000000002,14200,0.073,1.0
2018-05-18,15.25,15.28,15.23,15.23,15.017151,5500,0.0,1.0
2018-05-21,15.31,15.31,15.23,15.25,15.036872,11400,0.0,1.0
2018-05-22,15.26,15.295,15.24,15.25,15.036872,25900,0.0,1.0
2018-05-23,15.26,15.31,15.23,15.27,15.056594,22600,0.0,1.0
2018-05-24,15.26,15.285,15.2,15.21,14.997431,16100,0.0,1.0
2018-05-25,15.2,15.25,15.2,15.25,15.036872,16700,0.0,1.0
2018-05-29,15.2,15.2,15.1,15.11,14.898829000000001,15100,0.0,1.0
2018-05-30,15.28,15.29,15.19,15.265,15.051663000000001,9200,0.0,1.0
2018-05-31,15.26,15.31,15.25,15.29,15.076314000000002,26800,0.0,1.0
2018-06-01,15.25,15.33,15.25,15.33,15.115754999999998,12200,0.0,1.0
2018-06-04,15.3,15.39,15.295,15.35,15.135473999999999,28000,0.0,1.0
2018-06-05,15.334,15.36,15.33,15.36,15.145335000000001,21100,0.0,1.0
2018-06-06,15.42,15.42,15.38,15.39,15.174916,35100,0.0,1.0
2018-06-07,15.5,15.5,15.39,15.44,15.224216,18000,0.0,1.0
2018-06-08,15.39,15.54,15.39,15.54,15.322819,13400,0.0,1.0
2018-06-11,15.51,15.55,15.51,15.53,15.312959,27200,0.0,1.0
2018-06-12,15.55,15.58,15.548,15.56,15.342541,60400,0.0,1.0
2018-06-13,15.6,15.6,15.55,15.58,15.362260999999998,19300,0.0,1.0
2018-06-14,15.53,15.65,15.53,15.58,15.362260999999998,18600,0.0,1.0
2018-06-15,15.53,15.53,15.47,15.47,15.325607000000002,222300,0.073,1.0
2018-06-18,15.42,15.44,15.403,15.44,15.295886,7400,0.0,1.0
2018-06-19,15.42,15.42,15.37,15.37,15.22654,14000,0.0,1.0
2018-06-20,15.45,15.48,15.41,15.42,15.276073,16700,0.0,1.0
2018-06-21,15.42,15.435,15.36,15.37,15.22654,11700,0.0,1.0
2018-06-22,15.43,15.45,15.379,15.379,15.235456,24100,0.0,1.0
2018-06-25,15.33,15.34,15.15,15.27,15.127474,32100,0.0,1.0
2018-06-26,15.24,15.31,15.24,15.31,15.167101,4700,0.0,1.0
2018-06-27,15.345,15.38,15.335,15.36,15.216632999999998,8900,0.0,1.0
2018-06-28,15.355,15.4,15.333,15.37,15.22654,16100,0.0,1.0
2018-06-29,15.42,15.43,15.38,15.38,15.236445999999999,5300,0.0,1.0
2018-07-02,15.3,15.35,15.3,15.35,15.206726000000002,6500,0.0,1.0
2018-07-03,15.42,15.44,15.42,15.42,15.276073,1000,0.0,1.0
2018-07-05,15.52,15.55,15.506,15.52,15.37514,2700,0.0,1.0
2018-07-06,15.59,15.6,15.569,15.6,15.454393,6600,0.0,1.0
2018-07-09,15.74,15.74,15.65,15.68,15.533647,19700,0.0,1.0
2018-07-10,15.68,15.707,15.679,15.69,15.543551999999998,5700,0.0,1.0
2018-07-11,15.681,15.681,15.65,15.65,15.503925,13500,0.0,1.0
2018-07-12,15.6,15.7,15.585,15.7,15.553459,13500,0.0,1.0
2018-07-13,15.76,15.76,15.611,15.611,15.465291,13000,0.0,1.0
2018-07-16,15.53,15.55,15.46,15.49,15.417514,15600,0.073,1.0
2018-07-17,15.43,15.47,15.43,15.467,15.394622,8100,0.0,1.0
2018-07-18,15.45,15.47,15.43,15.47,15.397609,5200,0.0,1.0
2018-07-19,15.45,15.5,15.44,15.48,15.407561,19900,0.0,1.0
2018-07-20,15.465,15.53,15.445,15.48,15.407561,23900,0.0,1.0
2018-07-23,15.51,15.51,15.37,15.48,15.407561,15900,0.0,1.0
2018-07-24,15.51,15.51,15.4,15.4,15.327935,32100,0.0,1.0
2018-07-25,15.45,15.47,15.425,15.45,15.377702,61900,0.0,1.0
2018-07-26,15.39,15.5,15.39,15.49,15.417514,40100,0.0,1.0
2018-07-27,15.51,15.56,15.49,15.49,15.417514,20000,0.0,1.0
2018-07-30,15.46,15.5,15.42,15.5,15.427467000000002,13900,0.0,1.0
2018-07-31,15.59,15.59,15.475,15.54,15.467279999999999,17700,0.0,1.0
2018-08-01,15.634,15.634,15.504,15.56,15.487186999999999,11300,0.0,1.0
2018-08-02,15.57,15.59,15.53,15.58,15.507093,22800,0.0,1.0
2018-08-03,15.75,15.75,15.598,15.69,15.616578,14100,0.0,1.0
2018-08-06,15.68,15.75,15.66,15.75,15.676298000000001,27000,0.0,1.0
2018-08-07,15.68,15.95,15.669,15.87,15.795735999999998,26300,0.0,1.0
2018-08-08,15.9,15.9,15.77,15.77,15.696204999999999,13100,0.0,1.0
2018-08-09,15.77,15.778,15.72,15.72,15.646439,8700,0.0,1.0
2018-08-10,15.77,15.77,15.65,15.65,15.576765,13700,0.0,1.0
2018-08-13,15.68,15.747,15.6,15.6,15.527,15400,0.0,1.0
2018-08-14,15.71,15.73,15.65,15.65,15.576765,7300,0.0,1.0
2018-08-15,15.64,15.64,15.6,15.6,15.527,6600,0.0,1.0
2018-08-16,15.61,15.64,15.6,15.64,15.64,18200,0.073,1.0
2018-08-17,15.63,15.69,15.626,15.69,15.69,23700,0.0,1.0
2018-08-20,15.69,15.72,15.68,15.705,15.705,45700,0.0,1.0
2018-08-21,15.71,15.72,15.7,15.71,15.71,70100,0.0,1.0
2018-08-22,15.68,15.72,15.68,15.71,15.71,16300,0.0,1.0
2018-08-23,15.64,15.72,15.64,15.69,15.69,24500,0.0,1.0
2018-08-24,15.72,15.75,15.69,15.71,15.71,30600,0.0,1.0
2018-08-27,15.74,15.75,15.7,15.71,15.71,17700,0.0,1.0
2018-08-28,15.73,15.781,15.72,15.76,15.76,24300,0.0,1.0
2018-08-29,15.81,15.83,15.775,15.83,15.83,10700,0.0,1.0
2018-08-30,15.76,15.85,15.76,15.79,15.79,17700,0.0,1.0
2018-08-31,15.79,15.82,15.75,15.79,15.79,13700,0.0,1.0
2018-09-04,15.76,15.76,15.67,15.67,15.67,11900,0.0,1.0
2018-09-05,15.65,15.68,15.63,15.63,15.63,28700,0.0,1.0
2018-09-06,15.69,15.692,15.57,15.59,15.59,14900,0.0,1.0
2018-09-07,15.53,15.58,15.52,15.52,15.52,14800,0.0,1.0
2018-09-10,15.537,15.565,15.46,15.496,15.496,27900,0.0,1.0
2018-09-11,15.44,15.5,15.44,15.49,15.49,13900,0.0,1.0
2018-09-12,15.55,15.55,15.46,15.47,15.47,22700,0.0,1.0
2018-09-13,15.56,15.57,15.42,15.452,15.452,34900,0.0,1.0
2018-09-14,15.44,15.54,15.315,15.348,15.348,38100,0.0,1.0
2018-09-17,15.3,15.47,15.3,15.47,15.47,12400,0.0,1.0
2018-09-18,15.5,15.5,15.4,15.41,15.41,19949,0.0,1.0
