date,Open,High,Low,Close,Adj Close,Volume,Dividends,Stock Splits
2016-08-25,56.540001000000004,56.540001000000004,56.540001000000004,56.540001000000004,54.121432999999996,100,0.0,1.0
2016-08-26,56.540001000000004,56.540001000000004,56.540001000000004,56.540001000000004,54.121432999999996,0,0.0,1.0
2016-08-29,56.27,56.27,56.258998999999996,56.259997999999996,53.853409,2600,0.0,1.0
2016-08-30,56.259997999999996,56.259997999999996,56.259997999999996,56.259997999999996,53.853409,900,0.0,1.0
2016-08-31,56.080002,56.080002,56.080002,56.080002,53.68111,300,0.0,1.0
2016-09-01,56.459998999999996,56.509997999999996,56.259997999999996,56.509997999999996,54.092712,1800,0.0,1.0
2016-09-02,56.950001,56.950001,56.950001,56.950001,54.513889,300,0.0,1.0
2016-09-06,56.950001,56.950001,56.950001,56.950001,54.513889,100,0.0,1.0
2016-09-07,56.950001,56.950001,56.950001,56.950001,54.513889,100,0.0,1.0
2016-09-08,56.950001,56.950001,56.950001,56.950001,54.513889,0,0.0,1.0
2016-09-09,56.950001,56.950001,56.419998,56.419998,54.006561,1800,0.0,1.0
2016-09-12,55.810001,55.810001,55.810001,55.810001,53.422656999999994,100,0.0,1.0
2016-09-13,55.650002,55.650002,55.650002,55.650002,53.269505,100,0.0,1.0
2016-09-14,55.650002,55.650002,55.650002,55.650002,53.269505,0,0.0,1.0
2016-09-15,55.650002,55.650002,55.650002,55.650002,53.269505,0,0.0,1.0
2016-09-16,55.650002,55.650002,55.650002,55.650002,53.269505,0,0.0,1.0
2016-09-19,55.650002,55.650002,55.650002,55.650002,53.269505,0,0.0,1.0
2016-09-20,56.0,56.009997999999996,56.0,56.009997999999996,53.614098,400,0.0,1.0
2016-09-21,56.009997999999996,56.009997999999996,56.009997999999996,56.009997999999996,53.614098,0,0.0,1.0
2016-09-22,56.009997999999996,56.009997999999996,56.009997999999996,56.009997999999996,53.614098,0,0.0,1.0
2016-09-23,56.959998999999996,57.029999,56.959998999999996,57.029999,54.590466000000006,3800,0.0,1.0
2016-09-26,56.48,56.48,56.397999,56.397999,53.9855,2100,0.0,1.0
2016-09-27,56.220001,56.220001,56.220001,56.220001,53.815121,100,0.0,1.0
2016-09-28,57.040001000000004,57.040001000000004,57.033001,57.033001,54.59334200000001,400,0.0,1.0
2016-09-29,56.82,56.82,56.419998,56.419998,54.006561,2000,0.0,1.0
2016-09-30,56.439999,56.84,56.439999,56.84,54.4086,2000,0.0,1.0
2016-10-03,56.599998,56.599998,56.470001,56.470001,54.054424,1100,0.0,1.0
2016-10-04,56.470001,56.470001,56.470001,56.470001,54.054424,0,0.0,1.0
2016-10-05,56.470001,56.470001,56.470001,56.470001,54.054424,0,0.0,1.0
2016-10-06,56.470001,56.470001,56.470001,56.470001,54.054424,0,0.0,1.0
2016-10-07,56.470001,56.470001,56.470001,56.470001,54.054424,0,0.0,1.0
2016-10-10,56.470001,56.470001,56.470001,56.470001,54.054424,0,0.0,1.0
2016-10-11,56.470001,56.470001,56.470001,56.470001,54.054424,0,0.0,1.0
2016-10-12,55.380001,55.380001,55.380001,55.380001,53.011051,200,0.0,1.0
2016-10-13,54.959998999999996,55.240002000000004,54.959998999999996,55.240002000000004,52.877041000000006,1500,0.0,1.0
2016-10-14,55.290001000000004,55.290001000000004,55.290001000000004,55.290001000000004,52.924904000000005,500,0.0,1.0
2016-10-17,55.179001,55.18,55.168999,55.168999,52.809078,900,0.0,1.0
2016-10-18,55.168999,55.168999,55.168999,55.168999,52.809078,0,0.0,1.0
2016-10-19,55.168999,55.168999,55.168999,55.168999,52.809078,0,0.0,1.0
2016-10-20,55.830002,55.830002,55.830002,55.830002,53.441803,200,0.0,1.0
2016-10-21,55.5,55.759997999999996,55.5,55.743999,53.359478,2000,0.0,1.0
2016-10-24,55.869999,55.869999,55.630001,55.667,53.285778,1100,0.0,1.0
2016-10-25,55.549999,55.599998,55.549999,55.599998,53.221638,200,0.0,1.0
2016-10-26,55.470001,55.470001,55.450001,55.450001,53.078056000000004,1000,0.0,1.0
2016-10-27,55.400002,55.400002,55.400002,55.400002,53.030196999999994,200,0.0,1.0
2016-10-28,55.299999,55.299999,55.299999,55.299999,52.934467000000005,300,0.0,1.0
2016-10-31,55.380001,55.380001,55.373001,55.373001,53.004349,700,0.0,1.0
2016-11-01,55.389998999999996,55.400002,55.389998999999996,55.400002,53.030196999999994,1300,0.0,1.0
2016-11-02,55.400002,55.400002,55.400002,55.400002,53.030196999999994,0,0.0,1.0
2016-11-03,54.759997999999996,54.759997999999996,54.75,54.75,52.407996999999995,11100,0.0,1.0
2016-11-04,54.52,54.52,54.220001,54.299999,51.977245,17800,0.0,1.0
2016-11-07,54.856998,54.856998,54.856998,54.856998,52.510422,200,0.0,1.0
2016-11-08,54.838001,55.27,54.838001,55.0,52.647305,6000,0.0,1.0
2016-11-09,54.849998,55.169998,54.849998,55.07,52.714314,4700,0.0,1.0
2016-11-10,55.07,55.07,55.07,55.07,52.714314,0,0.0,1.0
2016-11-11,54.34,54.59,54.34,54.57,52.235699,900,0.0,1.0
2016-11-14,54.439999,54.439999,54.150002,54.299999,51.977245,2700,0.0,1.0
2016-11-15,54.360001000000004,54.5,54.34,54.5,52.168694,800,0.0,1.0
2016-11-16,54.18,54.18,54.099998,54.099998,51.785804999999996,500,0.0,1.0
2016-11-17,54.416,54.416,54.368999,54.368999,52.043296999999995,300,0.0,1.0
2016-11-18,53.950001,53.950001,53.807999,53.807999,51.506294,700,0.0,1.0
2016-11-21,54.080002,54.080002,54.080002,54.080002,51.766659000000004,400,0.0,1.0
2016-11-22,54.205002,54.320999,54.205002,54.320999,51.997345,500,0.0,1.0
2016-11-23,54.320999,54.320999,54.320999,54.320999,51.997345,0,0.0,1.0
2016-11-25,54.320999,54.320999,54.320999,54.320999,51.997345,0,0.0,1.0
2016-11-28,54.200001,54.200001,54.099998,54.150002,51.833667999999996,1100,0.0,1.0
2016-11-29,54.169998,54.5,54.169998,54.5,52.168694,400,0.0,1.0
2016-11-30,54.5,54.5,54.5,54.5,52.168694,0,0.0,1.0
2016-12-01,54.09,54.09,54.09,54.09,51.776234,100,0.0,1.0
2016-12-02,54.09,54.09,54.09,54.09,51.776234,100,0.0,1.0
2016-12-05,54.09,54.09,54.09,54.09,51.776234,0,0.0,1.0
2016-12-06,54.09,54.09,54.09,54.09,51.776234,0,0.0,1.0
2016-12-07,55.909,55.909,55.909,55.909,53.517426,100,0.0,1.0
2016-12-08,55.919998,55.919998,55.919998,55.919998,53.52795,800,0.0,1.0
2016-12-09,56.0,56.074001,56.0,56.074001,53.675365,2600,0.0,1.0
2016-12-12,55.973,55.990002000000004,55.91,55.93,53.537521,2200,0.0,1.0
2016-12-13,56.459,56.529999,56.457001,56.529999,54.111858,1100,0.0,1.0
2016-12-14,56.369999,56.369999,55.799,55.799,53.412125,1100,0.0,1.0
2016-12-15,55.470001,55.470001,55.470001,55.470001,53.097202,100,0.0,1.0
2016-12-16,55.470001,55.470001,55.470001,55.470001,53.097202,0,0.0,1.0
2016-12-19,55.529999,55.639998999999996,55.467999,55.467999,53.095284,1500,0.0,1.0
2016-12-20,55.467999,55.467999,55.467999,55.467999,53.095284,0,0.0,1.0
2016-12-21,55.59,55.59,55.529999,55.57,53.241879000000004,6800,0.051,1.0
2016-12-22,55.59,55.59,55.490002000000004,55.5,53.174808999999996,2100,0.0,1.0
2016-12-23,55.529999,55.599998,55.529999,55.580002,53.251456999999995,1500,0.0,1.0
2016-12-27,55.599998,55.599998,55.599998,55.599998,53.270618000000006,100,0.0,1.0
2016-12-28,55.369999,55.369999,55.335999,55.349998,53.031093999999996,3700,0.0,1.0
2016-12-29,55.466,55.560001,55.459998999999996,55.52,53.193974,6600,0.0,1.0
2016-12-30,55.759997999999996,55.759997999999996,55.738997999999995,55.738997999999995,53.403797,2100,0.0,1.0
2017-01-03,55.828998999999996,55.900002,55.818001,55.880001,53.53889100000001,1200,0.0,1.0
2017-01-04,56.299999,56.459998999999996,56.299999,56.459998999999996,54.094589,3500,0.0,1.0
2017-01-05,56.799999,57.130001,56.799999,57.130001,54.736523,1400,0.0,1.0
2017-01-06,56.990002000000004,56.990002000000004,56.790001000000004,56.91,54.525738,2400,0.0,1.0
2017-01-09,56.639998999999996,56.810001,56.639998999999996,56.75,54.372443999999994,1300,0.0,1.0
2017-01-10,56.91,56.91,56.82,56.82,54.43950699999999,1000,0.0,1.0
2017-01-11,56.75,57.07,56.75,57.040001000000004,54.650291,3600,0.0,1.0
2017-01-12,57.09,57.18,57.09,57.18,54.784424,9700,0.0,1.0
2017-01-13,57.209998999999996,57.459998999999996,57.203998999999996,57.360001000000004,54.956886,5200,0.0,1.0
2017-01-17,57.25,57.279999,57.150002,57.185001,54.789218999999996,4300,0.0,1.0
2017-01-18,57.07,57.16,57.07,57.16,54.765263,800,0.0,1.0
2017-01-19,57.02,57.02,56.813,56.849998,54.46825,3100,0.0,1.0
2017-01-20,57.150002,57.150002,57.150002,57.150002,54.755683999999995,500,0.0,1.0
2017-01-23,57.118999,57.298,57.118999,57.298,54.897484,900,0.0,1.0
2017-01-24,57.298,57.298,57.298,57.298,54.897484,0,0.0,1.0
2017-01-25,57.950001,58.009997999999996,57.950001,58.008998999999996,55.57869,1100,0.0,1.0
2017-01-26,57.799999,57.919998,57.799999,57.904999,55.479053,5300,0.0,1.0
2017-01-27,57.75,57.75,57.720001,57.720001,55.301807,1300,0.0,1.0
2017-01-30,57.259997999999996,57.34,57.130001,57.34,54.937725,1100,0.0,1.0
2017-01-31,57.319,57.334998999999996,57.319,57.334998999999996,54.932930000000006,500,0.0,1.0
2017-02-01,57.334998999999996,57.334998999999996,57.334998999999996,57.334998999999996,54.932930000000006,0,0.0,1.0
2017-02-02,57.779999,57.779999,57.571999,57.700001,55.282639,2500,0.0,1.0
2017-02-03,57.98,57.98,57.91,57.91,55.483841000000005,2100,0.0,1.0
2017-02-06,57.599998,57.599998,57.389998999999996,57.400002,54.995208999999996,2200,0.0,1.0
2017-02-07,57.450001,57.509997999999996,57.450001,57.5,55.091021999999995,500,0.0,1.0
2017-02-08,57.66,57.740002000000004,57.654999,57.740002000000004,55.320965,4200,0.0,1.0
2017-02-09,57.759997999999996,57.869999,57.759997999999996,57.849998,55.426356999999996,2200,0.0,1.0
2017-02-10,57.889998999999996,58.049999,57.889998999999996,58.029999,55.59881600000001,1100,0.0,1.0
2017-02-13,58.389998999999996,58.389998999999996,58.25,58.299999,55.857502000000004,1000,0.0,1.0
2017-02-14,58.0,58.16,58.0,58.16,55.723369999999996,900,0.0,1.0
2017-02-15,58.32,58.360001000000004,58.32,58.360001000000004,55.914989,800,0.0,1.0
2017-02-16,58.407001,58.52,58.407001,58.514,56.062534,2100,0.0,1.0
2017-02-17,58.360001000000004,58.41,58.360001000000004,58.41,55.96289399999999,600,0.0,1.0
2017-02-21,58.529999,58.599998,58.523998,58.592999,56.138226,1300,0.0,1.0
2017-02-22,58.57,58.57,58.57,58.57,56.116192000000005,500,0.0,1.0
2017-02-23,58.709998999999996,58.709998999999996,58.709,58.709998999999996,56.250324,500,0.0,1.0
2017-02-24,58.209998999999996,58.279999,58.18,58.209998999999996,55.771271,1000,0.0,1.0
2017-02-27,58.220001,58.279999,58.080002,58.25,55.809597,400,0.0,1.0
2017-02-28,58.25,58.349998,58.25,58.349998,55.905407,900,0.0,1.0
2017-03-01,58.59,58.689999,58.59,58.689999,56.231163,200,0.0,1.0
2017-03-02,58.709998999999996,58.709998999999996,58.52,58.535999,56.083614000000004,9900,0.0,1.0
2017-03-03,58.490002000000004,58.779999,58.483002,58.77,56.307812,3100,0.0,1.0
2017-03-06,58.549999,58.549999,58.549999,58.549999,56.097027000000004,600,0.0,1.0
2017-03-07,58.5,58.5,58.377998,58.439999,55.991638,1900,0.0,1.0
2017-03-08,58.259997999999996,58.259997999999996,58.259997999999996,58.259997999999996,55.81918,200,0.0,1.0
2017-03-09,58.419998,58.48,58.419998,58.48,56.029964,1200,0.0,1.0
2017-03-10,58.779999,58.938999,58.759997999999996,58.938999,56.469733999999995,2000,0.0,1.0
2017-03-13,59.099998,59.164001,59.049999,59.164001,56.685306999999995,800,0.0,1.0
2017-03-14,58.860001000000004,58.860001000000004,58.66,58.719002,56.258949,1900,0.0,1.0
2017-03-15,58.950001,59.580002,58.950001,59.52,57.026385999999995,9800,0.0,1.0
2017-03-16,59.830002,59.860001000000004,59.799999,59.827999,57.321484,2900,0.0,1.0
2017-03-17,60.009997999999996,60.119999,60.009997999999996,60.049999,57.534183999999996,11700,0.0,1.0
2017-03-20,60.009997999999996,60.07,59.869999,59.950001,57.438377,5400,0.0,1.0
2017-03-21,60.509997999999996,60.509997999999996,59.737,59.759997999999996,57.256336,3900,0.0,1.0
2017-03-22,59.509997999999996,60.529999,59.459998999999996,59.689999,57.189266,5800,0.0,1.0
2017-03-23,59.630001,59.896,59.630001,59.75,57.24675799999999,1000,0.0,1.0
2017-03-24,59.950001,60.09,59.93,60.0,57.486281999999996,8700,0.0,1.0
2017-03-27,59.924999,60.105999,59.924999,60.105999,57.587841000000004,200,0.0,1.0
2017-03-28,60.220001,60.349998,60.200001,60.341,57.812992,2300,0.0,1.0
2017-03-29,60.169998,60.276001,60.099998,60.099998,57.582088,5200,0.0,1.0
2017-03-30,60.299,60.299999,60.139998999999996,60.150002,57.629996999999996,2600,0.0,1.0
2017-03-31,59.869999,60.169998,59.860001000000004,60.09,57.57251,6700,0.0,1.0
2017-04-03,59.970001,59.970001,59.759997999999996,59.849998,57.342564,1000,0.0,1.0
2017-04-04,59.880001,59.990002000000004,59.740002000000004,59.990002000000004,57.476704000000005,5700,0.0,1.0
2017-04-05,59.880001,60.0,59.68,59.68,57.179688,2800,0.0,1.0
2017-04-06,59.75,59.75,59.59,59.59,57.093456,2000,0.0,1.0
2017-04-07,59.57,59.650002,59.540001000000004,59.584998999999996,57.088665,4600,0.0,1.0
2017-04-10,59.52,59.599998,59.52,59.569,57.073333999999996,4900,0.0,1.0
2017-04-11,59.75,59.799999,59.439999,59.799999,57.294658999999996,5100,0.0,1.0
2017-04-12,59.659,60.009997999999996,59.648998,59.970001,57.457539000000004,3200,0.0,1.0
2017-04-13,59.57,59.580002,59.419998,59.425999,56.936325,3800,0.0,1.0
2017-04-17,59.73,59.810001,59.700001,59.700001,57.198848999999996,2700,0.0,1.0
2017-04-18,59.540001000000004,59.540001000000004,59.279999,59.509997999999996,57.016808,2900,0.0,1.0
2017-04-19,59.610001000000004,59.66,59.34,59.34,56.853931,2700,0.0,1.0
2017-04-20,59.900002,59.900002,59.810001,59.810001,57.304241000000005,3400,0.0,1.0
2017-04-21,59.93,59.93,59.75,59.790001000000004,57.28508000000001,2400,0.0,1.0
2017-04-24,61.299999,61.299999,61.259997999999996,61.259997999999996,58.693493000000004,1300,0.0,1.0
2017-04-25,61.650002,61.830002,61.650002,61.798,59.20895,1400,0.0,1.0
2017-04-26,61.630001,61.799999,61.630001,61.720001,59.134223999999996,8600,0.0,1.0
2017-04-27,61.810001,61.810001,61.580002,61.740002000000004,59.153385,13800,0.0,1.0
2017-04-28,61.810001,61.810001,61.619999,61.650002,59.067154,4500,0.0,1.0
2017-05-01,61.799999,61.91,61.799999,61.91,59.31625699999999,2000,0.0,1.0
2017-05-02,62.110001000000004,62.119999,62.099998,62.099998,59.498302,1600,0.0,1.0
2017-05-03,61.959998999999996,62.189999,61.939999,62.029999,59.431231999999994,3500,0.0,1.0
2017-05-04,62.209998999999996,62.540001000000004,62.209998999999996,62.540001000000004,59.91986800000001,3500,0.0,1.0
2017-05-05,62.740002000000004,63.220001,62.610001000000004,63.182999,60.535927,5300,0.0,1.0
2017-05-08,62.900002,62.900002,62.700001,62.759997999999996,60.13065,8000,0.0,1.0
2017-05-09,62.650002,62.689999,62.529999,62.529999,59.910281999999995,5100,0.0,1.0
2017-05-10,62.540001000000004,62.599998,62.540001000000004,62.59,59.967773,34300,0.0,1.0
2017-05-11,62.509997999999996,62.509997999999996,62.349998,62.414001,59.799149,10800,0.0,1.0
2017-05-12,62.529999,62.720001,62.450001,62.720001,60.092327000000004,35500,0.0,1.0
2017-05-15,62.868,62.970001,62.868,62.950001,60.312691,5000,0.0,1.0
2017-05-16,63.360001000000004,63.43,63.348999,63.43,60.772579,4000,0.0,1.0
2017-05-17,63.16,63.16,62.889998999999996,62.900002,60.264786,9700,0.0,1.0
2017-05-18,62.57,63.029999,62.57,63.029999,60.389339,13800,0.0,1.0
2017-05-19,63.59,63.59,63.490002000000004,63.5,60.839645,2600,0.0,1.0
2017-05-22,63.869999,63.869999,63.689999,63.740002000000004,61.06959499999999,9200,0.0,1.0
2017-05-23,63.98,63.98,63.636002000000005,63.640999,60.974739,28900,0.0,1.0
2017-05-24,63.68,63.691002000000005,63.48,63.691002000000005,61.022648,6000,0.0,1.0
2017-05-25,63.860001000000004,63.860001000000004,63.636002000000005,63.700001,61.031268999999995,4800,0.0,1.0
2017-05-26,63.43,63.452999,63.362999,63.43,60.772579,5400,0.0,1.0
2017-05-30,63.470001,63.487,63.380001,63.404999,60.748627,8100,0.0,1.0
2017-05-31,64.019997,64.019997,63.549999,63.599998,60.935458999999994,30900,0.0,1.0
2017-06-01,63.790001000000004,63.942001,63.75,63.939999,61.261210999999996,6200,0.0,1.0
2017-06-02,64.58000200000001,64.66999799999999,64.370003,64.66999799999999,61.960629000000004,3900,0.0,1.0
2017-06-05,64.41999799999999,64.41999799999999,64.18,64.219002,61.528526,7300,0.0,1.0
2017-06-06,63.970001,64.09899899999999,63.970001,64.043999,61.36085500000001,3900,0.0,1.0
2017-06-07,64.33000200000001,64.33000200000001,63.900002,64.070999,61.386722999999996,6600,0.0,1.0
2017-06-08,63.990002000000004,63.990002000000004,63.91,63.970001,61.289958999999996,5300,0.0,1.0
2017-06-09,63.810001,63.849998,63.57,63.629002,60.96324499999999,5500,0.0,1.0
2017-06-12,63.700001,63.700001,63.405998,63.481998,60.82239499999999,9800,0.0,1.0
2017-06-13,64.07,64.120003,63.950001,64.089996,61.404926,7200,0.0,1.0
2017-06-14,64.559998,64.559998,64.150002,64.150002,61.46241800000001,3900,0.0,1.0
2017-06-15,63.150002,63.400002,63.049999,63.400002,60.743835,9300,0.0,1.0
2017-06-16,63.77,63.959,63.639,63.952,61.272713,13200,0.0,1.0
2017-06-19,64.300003,64.300003,64.190002,64.190002,61.50074,1600,0.0,1.0
2017-06-20,63.459998999999996,63.459998999999996,62.618999,62.639998999999996,61.023384,3900,1.06,1.0
2017-06-21,62.556,62.610001000000004,62.48,62.48,60.867516,1100,0.0,1.0
2017-06-22,62.5,62.616001000000004,62.5,62.549999,60.935706999999994,3000,0.0,1.0
2017-06-23,62.68,62.779999,62.360001000000004,62.360001000000004,60.750609999999995,67400,0.0,1.0
2017-06-26,63.09,63.09,62.650002,62.689999,61.07209,105000,0.0,1.0
2017-06-27,62.830002,62.830002,62.549999,62.639998999999996,61.023384,11700,0.0,1.0
2017-06-28,62.98,63.150002,62.959998999999996,63.150002,61.520222,1700,0.0,1.0
2017-06-29,63.150002,63.150002,62.5,62.619999,61.003899,8600,0.0,1.0
2017-06-30,62.880001,62.880001,62.505001,62.644001,61.027283,7300,0.0,1.0
2017-07-03,62.544998,62.68,62.544998,62.57,60.955189000000004,1000,0.0,1.0
2017-07-05,62.5,62.580002,62.41,62.580002,60.964935,4200,0.0,1.0
2017-07-06,62.110001000000004,62.360001000000004,62.110001000000004,62.220001,60.614227,7000,0.0,1.0
2017-07-07,62.119999,62.349998,62.02,62.32,60.711643,4000,0.0,1.0
2017-07-10,62.360001000000004,62.48,62.290001000000004,62.48,60.867516,8700,0.0,1.0
2017-07-11,62.310001,62.68,62.299999,62.650002,61.033127,24800,0.0,1.0
2017-07-12,63.040001000000004,63.279999,63.040001000000004,63.209998999999996,61.578674,15700,0.0,1.0
2017-07-13,63.34,63.369999,63.179001,63.358002,61.722855,6400,0.0,1.0
2017-07-14,63.57,63.790001000000004,63.549999,63.77,62.124226,6100,0.0,1.0
2017-07-17,63.700001,63.700001,63.59,63.610001000000004,61.968348999999996,1700,0.0,1.0
2017-07-18,63.700001,63.733002,63.610001000000004,63.733002,62.088177,10000,0.0,1.0
2017-07-19,63.916,64.040001,63.888,64.010002,62.358031999999994,47300,0.0,1.0
2017-07-20,64.269997,64.309998,64.139999,64.279999,62.621056,7300,0.0,1.0
2017-07-21,63.810001,64.019997,63.66,64.010002,62.358031999999994,7200,0.0,1.0
2017-07-24,63.810001,63.849998,63.610001000000004,63.849998,62.202156,5900,0.0,1.0
2017-07-25,64.25,64.25,63.943001,63.98,62.3288,3300,0.0,1.0
2017-07-26,64.0,64.530998,64.0,64.370003,62.70874,10300,0.0,1.0
2017-07-27,64.510002,64.519997,64.123001,64.279999,62.621056,5600,0.0,1.0
2017-07-28,64.029999,64.349998,64.0,64.311996,62.652229000000005,6400,0.0,1.0
2017-07-31,64.470001,64.518997,64.309998,64.518997,62.853885999999996,3300,0.0,1.0
2017-08-01,65.050003,65.050003,64.900002,64.900002,63.22506,7500,0.0,1.0
2017-08-02,64.870003,64.959999,64.779999,64.900002,63.22506,8400,0.0,1.0
2017-08-03,64.970001,65.059998,64.959999,64.959999,63.283504,42700,0.0,1.0
2017-08-04,65.029999,65.029999,64.88200400000001,64.980003,63.30299399999999,3900,0.0,1.0
2017-08-07,64.93,64.980003,64.93,64.980003,63.30299399999999,1300,0.0,1.0
2017-08-08,64.980003,64.980003,64.709999,64.769997,63.098411999999996,9400,0.0,1.0
2017-08-09,64.370003,64.589996,64.279999,64.589996,62.923058,1500,0.0,1.0
2017-08-10,64.230003,64.230003,63.720001,63.720001,62.075516,5600,0.0,1.0
2017-08-11,63.669998,63.720001,63.669998,63.720001,62.075516,700,0.0,1.0
2017-08-14,64.220001,64.220001,64.16999799999999,64.16999799999999,62.513897,2700,0.0,1.0
2017-08-15,64.110001,64.110001,63.93,64.028,62.375565,3700,0.0,1.0
2017-08-16,64.370003,64.5,64.307999,64.5,62.835381000000005,3500,0.0,1.0
2017-08-17,64.339996,64.339996,63.919998,63.919998,62.270348,4800,0.0,1.0
2017-08-18,63.779999,64.0,63.77,63.977001,62.32588199999999,2500,0.0,1.0
2017-08-21,63.790001000000004,63.959998999999996,63.790001000000004,63.883998999999996,62.235279000000006,1700,0.0,1.0
2017-08-22,64.120003,64.260002,64.120003,64.260002,62.601578,2300,0.0,1.0
2017-08-23,64.199997,64.269997,64.089996,64.220001,62.562611,6300,0.0,1.0
2017-08-24,64.300003,64.300003,64.089996,64.123001,62.468113,6900,0.0,1.0
2017-08-25,64.300003,64.519997,64.300003,64.489998,62.825638,44500,0.0,1.0
2017-08-28,64.48200200000001,64.510002,64.389999,64.410004,62.747707,2900,0.0,1.0
2017-08-29,64.160004,64.379997,64.160004,64.260002,62.601578,18900,0.0,1.0
2017-08-30,64.110001,64.179001,64.050003,64.119003,62.464218,3800,0.0,1.0
2017-08-31,64.410004,64.654999,64.410004,64.650002,62.98151,7300,0.0,1.0
2017-09-01,64.699997,64.809998,64.699997,64.75,63.07893000000001,5900,0.0,1.0
2017-09-05,64.58000200000001,64.599998,64.18,64.370003,62.70874,4800,0.0,1.0
2017-09-06,64.690002,64.839996,64.587997,64.790001,63.117901,37000,0.0,1.0
2017-09-07,65.230003,65.259003,65.091003,65.230003,63.54654300000001,10900,0.0,1.0
2017-09-08,65.400002,65.400002,65.258003,65.290001,63.604992,4400,0.0,1.0
2017-09-11,65.699997,65.790001,65.66999799999999,65.739998,64.04338100000001,5000,0.0,1.0
2017-09-12,65.849998,65.940002,65.849998,65.910004,64.20899200000001,3400,0.0,1.0
2017-09-13,65.75,65.760002,65.5,65.550003,63.858284,4700,0.0,1.0
2017-09-14,65.459999,65.650002,65.459999,65.650002,63.955704000000004,1700,0.0,1.0
2017-09-15,65.690002,65.720001,65.610001,65.639999,63.94595699999999,3200,0.0,1.0
2017-09-18,65.980003,65.980003,65.610001,65.860001,64.160286,2900,0.0,1.0
2017-09-19,66.18,66.20300300000001,66.089996,66.20300300000001,64.494431,22700,0.0,1.0
2017-09-20,66.32,66.43,65.903,66.019997,64.316154,3200,0.0,1.0
2017-09-21,66.120003,66.120003,65.891998,66.059998,64.355118,4900,0.0,1.0
2017-09-22,66.150002,66.162003,66.07,66.095001,64.38922099999999,1300,0.0,1.0
2017-09-25,65.91999799999999,66.0,65.719002,65.760002,64.062866,7800,0.0,1.0
2017-09-26,65.589996,65.610001,65.370003,65.535004,63.843678000000004,4200,0.0,1.0
2017-09-27,65.489998,65.690002,65.489998,65.690002,63.994675,4500,0.0,1.0
2017-09-28,65.699997,65.870003,65.699997,65.82,64.121315,4500,0.0,1.0
2017-09-29,66.040001,66.269997,65.940002,66.25,64.540215,8500,0.0,1.0
2017-10-02,66.059998,66.238998,66.059998,66.199997,64.491508,25700,0.0,1.0
2017-10-03,66.08000200000001,66.370003,66.08000200000001,66.370003,64.657127,2600,0.0,1.0
2017-10-04,66.309998,66.349998,66.25,66.300003,64.58892800000001,7300,0.0,1.0
2017-10-05,66.190002,66.279999,66.160004,66.25,64.540215,8200,0.0,1.0
2017-10-06,65.91999799999999,66.209999,65.91999799999999,66.07,64.364861,23800,0.0,1.0
2017-10-09,66.349998,66.349998,66.199997,66.199997,64.491508,1700,0.0,1.0
2017-10-10,66.639999,66.809998,66.567001,66.75,65.027313,3200,0.0,1.0
2017-10-11,66.865997,67.059998,66.849998,67.059998,65.329308,3900,0.0,1.0
2017-10-12,66.980003,67.018997,66.958,66.989998,65.261116,12200,0.0,1.0
2017-10-13,67.349998,67.415001,67.324997,67.339996,65.60208100000001,6800,0.0,1.0
2017-10-16,67.400002,67.400002,67.190002,67.254997,65.519279,5500,0.0,1.0
2017-10-17,67.099998,67.119003,66.984001,67.103996,65.372169,8400,0.0,1.0
2017-10-18,67.17400400000001,67.290001,67.125,67.274002,65.537788,21300,0.0,1.0
2017-10-19,67.040001,67.121002,67.040001,67.105003,65.373154,8500,0.0,1.0
2017-10-20,67.059998,67.099998,66.988998,67.099998,65.368279,23700,0.0,1.0
2017-10-23,67.160004,67.160004,66.800003,66.940002,65.212418,60600,0.0,1.0
2017-10-24,66.800003,67.120003,66.800003,67.07,65.33905,14600,0.0,1.0
2017-10-25,67.040001,67.07,66.558998,66.779999,65.05654100000001,7700,0.0,1.0
2017-10-26,66.900002,67.009003,66.79499799999999,66.79499799999999,65.07114399999999,1500,0.0,1.0
2017-10-27,66.690002,66.91999799999999,66.690002,66.91999799999999,65.192924,4100,0.0,1.0
2017-10-30,67.029999,67.18,66.995003,67.160004,65.426735,11000,0.0,1.0
2017-10-31,67.339996,67.5,67.190002,67.41999799999999,65.68002299999999,17500,0.0,1.0
2017-11-01,67.75,67.760002,67.540001,67.57,65.826149,16800,0.0,1.0
2017-11-02,67.68,67.709999,67.41999799999999,67.660004,65.913834,56300,0.0,1.0
2017-11-03,67.589996,67.589996,67.370003,67.540001,65.796921,10700,0.0,1.0
2017-11-06,67.199997,67.709999,67.199997,67.709999,65.962532,3400,0.0,1.0
2017-11-07,67.610001,67.610001,67.292999,67.41999799999999,65.68002299999999,8400,0.0,1.0
2017-11-08,67.480003,67.768997,67.478996,67.644997,65.899208,21800,0.0,1.0
2017-11-09,67.07,67.25,66.781998,67.239998,65.504662,15200,0.0,1.0
2017-11-10,67.0,67.040001,66.910004,67.014999,65.285477,9500,0.0,1.0
2017-11-13,66.33000200000001,66.734001,66.33000200000001,66.695,64.973732,12400,0.0,1.0
2017-11-14,66.589996,66.75,66.485001,66.720001,64.998085,10700,0.0,1.0
2017-11-15,66.199997,66.378998,66.089996,66.300003,64.58892800000001,23300,0.0,1.0
2017-11-16,66.741997,66.959,66.741997,66.915001,65.188057,5000,0.0,1.0
2017-11-17,66.699997,66.769997,66.614998,66.699997,64.978607,10100,0.0,1.0
2017-11-20,66.910004,66.910004,66.80100300000001,66.839996,65.11499,28600,0.0,1.0
2017-11-21,67.29499799999999,67.33899699999999,67.150002,67.150002,65.41699200000001,21900,0.0,1.0
2017-11-22,67.540001,67.540001,67.258003,67.470001,65.728729,18100,0.0,1.0
2017-11-24,68.07,68.07,67.900002,67.974998,66.22069499999999,8400,0.0,1.0
2017-11-27,67.980003,67.980003,67.639999,67.650002,65.904083,27300,0.0,1.0
2017-11-28,67.720001,67.959999,67.660004,67.910004,66.157379,33600,0.0,1.0
2017-11-29,68.029999,68.029999,67.699997,67.699997,65.952797,36700,0.0,1.0
2017-11-30,68.07,68.07,67.790001,67.790001,66.040474,19200,0.0,1.0
2017-12-01,67.629997,67.67199699999999,67.300003,67.606003,65.861221,42100,0.0,1.0
2017-12-04,67.709999,67.709999,67.279999,67.33899699999999,65.601105,11300,0.0,1.0
2017-12-05,67.379997,67.480003,67.19899699999999,67.230003,65.494926,8700,0.0,1.0
2017-12-06,67.019997,67.059998,66.849998,67.0,65.270859,16300,0.0,1.0
2017-12-07,67.050003,67.275002,67.0,67.126999,65.39458499999999,10000,0.0,1.0
2017-12-08,67.440002,67.440002,67.290001,67.356003,65.617676,25100,0.0,1.0
2017-12-11,67.480003,67.550003,67.464996,67.550003,65.806671,24700,0.0,1.0
2017-12-12,67.360001,67.660004,67.360001,67.620003,65.874863,15900,0.0,1.0
2017-12-13,67.730003,68.019997,67.650002,67.970001,66.215828,18100,0.0,1.0
2017-12-14,67.870003,67.870003,67.435997,67.529999,65.787186,39500,0.0,1.0
2017-12-15,67.339996,67.489998,67.209999,67.389999,65.650795,5600,0.0,1.0
2017-12-18,68.18,68.487,68.18,68.32,66.556793,35500,0.0,1.0
2017-12-19,67.5,67.519997,67.277,67.349998,66.326347,49000,0.736,1.0
2017-12-20,67.629997,67.629997,67.139999,67.167,66.14613299999999,21300,0.0,1.0
2017-12-21,67.309998,67.629997,67.309998,67.475998,66.45043199999999,21200,0.0,1.0
2017-12-22,67.529999,67.599998,67.43,67.599998,66.572548,7400,0.0,1.0
2017-12-26,67.540001,67.68,67.540001,67.599998,66.572548,7800,0.0,1.0
2017-12-27,67.709999,67.889999,67.690002,67.745003,66.715347,50800,0.0,1.0
2017-12-28,67.949997,67.949997,67.730003,67.739998,66.71041899999999,39400,0.0,1.0
2017-12-29,68.010002,68.050003,67.790001,67.839996,66.808899,13100,0.0,1.0
2018-01-02,68.07,68.25,67.989998,68.220001,67.183128,15200,0.0,1.0
2018-01-03,68.25,68.660004,68.25,68.660004,67.616447,15000,0.0,1.0
2018-01-04,69.309998,69.57,69.269997,69.449997,68.394432,198100,0.0,1.0
2018-01-05,69.629997,69.889999,69.528,69.849998,68.788353,121300,0.0,1.0
2018-01-08,69.709999,69.760002,69.629997,69.721001,68.661316,19500,0.0,1.0
2018-01-09,69.720001,69.829002,69.550003,69.829002,68.767677,14000,0.0,1.0
2018-01-10,69.83000200000001,69.989998,69.559998,69.720001,68.660332,10200,0.0,1.0
2018-01-11,69.879997,70.079002,69.779999,70.067001,69.00206,32100,0.0,1.0
2018-01-12,70.32,70.779999,70.32,70.77600100000001,69.70027900000001,48700,0.0,1.0
2018-01-16,71.129997,71.129997,70.690002,70.71399699999999,69.63922099999999,71600,0.0,1.0
2018-01-17,70.989998,71.440002,70.889999,71.25,70.167076,34200,0.0,1.0
2018-01-18,70.93,71.110001,70.809998,70.980003,69.901184,77000,0.0,1.0
2018-01-19,71.364998,71.379997,71.175003,71.309998,70.226158,47000,0.0,1.0
2018-01-22,71.360001,71.660004,71.360001,71.660004,70.570847,27800,0.0,1.0
2018-01-23,71.800003,71.989998,71.760002,71.959,70.86529499999999,13100,0.0,1.0
2018-01-24,72.339996,72.391998,71.93,72.18,71.082939,20800,0.0,1.0
2018-01-25,72.370003,72.379997,71.699997,71.870003,70.77765699999999,65700,0.0,1.0
2018-01-26,72.220001,72.489998,72.147003,72.489998,71.38822900000001,61900,0.0,1.0
2018-01-29,71.839996,72.019997,71.639999,71.806,70.71462199999999,30600,0.0,1.0
2018-01-30,71.550003,71.550003,71.25,71.34899899999999,70.264572,20700,0.0,1.0
2018-01-31,71.459999,71.550003,71.085999,71.199997,70.117828,55900,0.0,1.0
2018-02-01,71.150002,71.459999,71.050003,71.389999,70.304947,35400,0.0,1.0
2018-02-02,70.660004,70.660004,69.79499799999999,69.839996,68.778503,13000,0.0,1.0
2018-02-05,68.989998,69.181,66.839996,66.91999799999999,65.902885,44400,0.0,1.0
2018-02-06,66.879997,68.370003,66.879997,68.360001,67.320999,30800,0.0,1.0
2018-02-07,67.75,68.254997,67.459999,67.519997,66.493767,30900,0.0,1.0
2018-02-08,67.650002,67.650002,65.82,65.82,64.819603,25400,0.0,1.0
2018-02-09,66.410004,66.5,64.79900400000001,66.290001,65.282463,25800,0.0,1.0
2018-02-12,66.610001,67.230003,66.5,67.08000200000001,66.060455,19600,0.0,1.0
2018-02-13,66.629997,67.0,66.550003,66.940002,65.922585,14300,0.0,1.0
2018-02-14,66.519997,68.152,66.519997,68.152,67.11616500000001,20300,0.0,1.0
2018-02-15,68.529999,68.849998,68.196999,68.620003,67.577049,16000,0.0,1.0
2018-02-16,68.709999,69.190002,68.709999,68.964996,67.916801,15900,0.0,1.0
2018-02-20,68.660004,68.699997,68.172997,68.300003,67.26191700000001,27500,0.0,1.0
2018-02-21,68.440002,68.83000200000001,68.010002,68.010002,66.976318,21300,0.0,1.0
2018-02-22,68.08000200000001,68.543999,68.08000200000001,68.150002,67.11419699999999,48800,0.0,1.0
2018-02-23,68.440002,68.870003,68.370003,68.870003,67.82325,9000,0.0,1.0
2018-02-26,69.190002,69.559998,69.0,69.559998,68.502762,18800,0.0,1.0
2018-02-27,70.769997,70.769997,68.43,68.449997,67.40963,14900,0.0,1.0
2018-02-28,68.470001,68.470001,67.764999,67.764999,66.735046,76400,0.0,1.0
2018-03-01,67.260002,67.442001,66.33000200000001,66.760002,65.745323,34800,0.0,1.0
2018-03-02,66.349998,66.900002,66.18,66.900002,65.88319399999999,23500,0.0,1.0
2018-03-05,66.410004,67.33899699999999,66.410004,67.224998,66.20324699999999,10000,0.0,1.0
2018-03-06,67.70099599999999,67.809998,67.5,67.769997,66.73996700000001,8000,0.0,1.0
2018-03-07,67.32,67.690002,67.184998,67.639999,66.611946,23600,0.0,1.0
2018-03-08,67.790001,67.900002,67.624001,67.75,66.720268,16800,0.0,1.0
2018-03-09,67.860001,68.239998,67.860001,68.239998,67.20281999999999,14200,0.0,1.0
2018-03-12,68.404999,68.410004,68.308998,68.400002,67.36039699999999,16200,0.0,1.0
2018-03-13,68.610001,68.610001,67.879997,67.93,66.897537,16100,0.0,1.0
2018-03-14,68.440002,68.535004,67.860001,68.07,67.03540799999999,34800,0.0,1.0
2018-03-15,68.07,68.309998,68.029999,68.105003,67.069878,13700,0.0,1.0
2018-03-16,67.940002,68.139999,67.910004,68.029999,66.99601700000001,21600,0.0,1.0
2018-03-19,67.760002,67.760002,67.18,67.489998,66.464218,16800,0.0,1.0
2018-03-20,67.466003,67.650002,67.400002,67.599998,66.572548,22000,0.0,1.0
2018-03-21,67.410004,67.83000200000001,67.33000200000001,67.654999,66.626717,24000,0.0,1.0
2018-03-22,66.940002,66.940002,66.449997,66.449997,65.440025,30200,0.0,1.0
2018-03-23,66.449997,66.449997,65.663002,65.663002,64.66499300000001,16100,0.0,1.0
2018-03-26,66.540001,66.779999,65.949997,66.75,65.735474,11000,0.0,1.0
2018-03-27,67.239998,67.239998,66.139,66.139,65.133759,55700,0.0,1.0
2018-03-28,66.57,67.08000200000001,66.471001,66.769997,65.755165,24600,0.0,1.0
2018-03-29,67.089996,67.470001,67.0,67.32,66.296806,21000,0.0,1.0
2018-04-02,67.339996,67.339996,65.910004,66.519997,65.508965,64600,0.0,1.0
2018-04-03,66.660004,66.82,66.364998,66.800003,65.78471400000001,23900,0.0,1.0
2018-04-04,65.970001,66.93,65.970001,66.879997,65.863495,17400,0.0,1.0
2018-04-05,67.290001,67.589996,67.290001,67.519997,66.493767,9100,0.0,1.0
2018-04-06,67.379997,67.510002,66.889999,67.010002,65.991524,19400,0.0,1.0
2018-04-09,67.66999799999999,68.019997,67.57,67.58000200000001,66.552856,11800,0.0,1.0
2018-04-10,68.21399699999999,68.400002,68.160004,68.269997,67.232361,18100,0.0,1.0
2018-04-11,68.160004,68.327003,68.029999,68.029999,66.99601700000001,15800,0.0,1.0
2018-04-12,68.050003,68.309998,68.004997,68.260002,67.22251899999999,32200,0.0,1.0
2018-04-13,68.470001,68.470001,68.143997,68.309998,67.271759,8700,0.0,1.0
2018-04-16,68.550003,68.550003,68.339996,68.449997,67.40963,9300,0.0,1.0
2018-04-17,68.610001,68.949997,68.589996,68.800003,67.75431800000001,21900,0.0,1.0
2018-04-18,69.08000200000001,69.230003,69.058998,69.18,68.12854,13800,0.0,1.0
2018-04-19,69.139999,69.17600300000001,68.815002,68.940002,67.892189,30900,0.0,1.0
2018-04-20,68.709999,68.779999,68.574997,68.699997,67.65583000000001,18300,0.0,1.0
2018-04-23,68.650002,68.650002,68.410004,68.57,67.52780899999999,20400,0.0,1.0
2018-04-24,68.720001,68.766998,68.138,68.211998,67.175247,23300,0.0,1.0
2018-04-25,68.029999,68.195,67.93,68.139999,67.10434000000001,11600,0.0,1.0
2018-04-26,68.449997,68.589996,68.355003,68.504997,67.463791,17900,0.0,1.0
2018-04-27,68.510002,68.650002,68.41999799999999,68.629997,67.58689100000001,10700,0.0,1.0
2018-04-30,68.519997,68.690002,68.41999799999999,68.41999799999999,67.380089,9100,0.0,1.0
2018-05-01,68.33000200000001,68.33000200000001,67.870003,68.16999799999999,67.133888,21800,0.0,1.0
2018-05-02,68.400002,68.488998,68.068001,68.068001,67.03344,17500,0.0,1.0
2018-05-03,68.239998,68.41999799999999,67.889999,68.33000200000001,67.29145799999999,171300,0.0,1.0
2018-05-04,67.870003,68.620003,67.739998,68.529999,67.488419,80700,0.0,1.0
2018-05-07,68.459999,68.690002,68.445,68.540001,67.49826800000001,11000,0.0,1.0
2018-05-08,68.290001,68.508003,68.18,68.489998,67.44901999999999,208200,0.0,1.0
2018-05-09,68.279999,68.760002,68.279999,68.639999,67.59674100000001,18300,0.0,1.0
2018-05-10,68.900002,69.16999799999999,68.839996,69.139999,68.08914200000001,15100,0.0,1.0
2018-05-11,69.339996,69.387001,69.253998,69.33000200000001,68.27626,22100,0.0,1.0
2018-05-14,69.540001,69.58000200000001,69.279999,69.361,68.306786,11300,0.0,1.0
2018-05-15,68.839996,68.949997,68.66999799999999,68.870003,67.82325,32300,0.0,1.0
2018-05-16,68.800003,68.940002,68.654999,68.91999799999999,67.87249,71300,0.0,1.0
2018-05-17,69.0,69.139,68.93,68.989998,67.941422,15400,0.0,1.0
2018-05-18,68.860001,68.949997,68.790001,68.848,67.801582,18900,0.0,1.0
2018-05-21,69.279999,69.339996,69.181,69.32,68.266411,24700,0.0,1.0
2018-05-22,69.410004,69.440002,69.199997,69.220001,68.16793100000001,23900,0.0,1.0
2018-05-23,68.349998,68.499001,68.18,68.489998,67.44901999999999,93500,0.0,1.0
2018-05-24,68.349998,68.360001,68.014999,68.279999,67.24221800000001,12100,0.0,1.0
2018-05-25,67.879997,67.900002,67.690002,67.809998,66.779358,14200,0.0,1.0
2018-05-29,66.93,66.934998,66.25,66.464996,65.454796,44700,0.0,1.0
2018-05-30,66.769997,67.412003,66.769997,67.400002,66.37559499999999,28600,0.0,1.0
2018-05-31,67.120003,67.309998,66.779999,67.0,65.981674,26400,0.0,1.0
2018-06-01,67.529999,67.589996,67.364998,67.550003,66.523315,26400,0.0,1.0
2018-06-04,68.029999,68.099998,67.629997,67.790001,66.75966600000001,99900,0.0,1.0
2018-06-05,67.739998,67.870003,67.58000200000001,67.870003,66.838448,15600,0.0,1.0
2018-06-06,67.879997,68.309998,67.82399699999999,68.290001,67.25206800000001,13700,0.0,1.0
2018-06-07,68.349998,68.349998,67.851997,67.940002,66.907387,23400,0.0,1.0
2018-06-08,67.900002,68.072998,67.790001,68.010002,66.976318,16800,0.0,1.0
2018-06-11,68.209999,68.58000200000001,68.209999,68.489998,67.44901999999999,16400,0.0,1.0
2018-06-12,68.339996,68.339996,67.949997,68.019997,66.986168,12400,0.0,1.0
2018-06-13,68.279999,68.315002,67.940002,68.16999799999999,67.133888,11900,0.0,1.0
2018-06-14,68.089996,68.199997,67.839996,67.839996,66.808899,21600,0.0,1.0
2018-06-15,67.540001,67.660004,67.348,67.650002,66.621796,86500,0.0,1.0
2018-06-18,66.900002,67.160004,66.839996,67.110001,66.089996,29900,0.0,1.0
2018-06-19,65.190002,65.540001,65.129997,65.540001,65.540001,15900,1.02,1.0
2018-06-20,65.510002,65.609001,65.452003,65.574997,65.574997,8400,0.0,1.0
2018-06-21,65.349998,65.362,65.079002,65.099998,65.099998,17000,0.0,1.0
2018-06-22,65.910004,66.035004,65.660004,65.83000200000001,65.83000200000001,16200,0.0,1.0
2018-06-25,65.209999,65.209999,64.768997,64.980003,64.980003,25000,0.0,1.0
2018-06-26,65.089996,65.269997,64.779999,65.014999,65.014999,98200,0.0,1.0
2018-06-27,65.150002,65.33000200000001,64.519997,64.519997,64.519997,30500,0.0,1.0
2018-06-28,64.440002,64.709999,64.32,64.57,64.57,68600,0.0,1.0
2018-06-29,65.160004,65.400002,65.050003,65.129997,65.129997,27500,0.0,1.0
2018-07-02,64.199997,64.519997,64.18,64.510002,64.510002,36200,0.0,1.0
2018-07-03,65.010002,65.010002,64.690002,64.690002,64.690002,19500,0.0,1.0
2018-07-05,65.269997,65.45500200000001,65.129997,65.400002,65.400002,41800,0.0,1.0
2018-07-06,65.360001,65.83000200000001,65.209999,65.760002,65.760002,28900,0.0,1.0
2018-07-09,66.25,66.32,66.139999,66.25,66.25,21900,0.0,1.0
2018-07-10,66.099998,66.33000200000001,66.099998,66.33000200000001,66.33000200000001,14600,0.0,1.0
2018-07-11,65.519997,65.648003,65.099998,65.139999,65.139999,21200,0.0,1.0
2018-07-12,65.519997,65.724998,65.389,65.690002,65.690002,23000,0.0,1.0
2018-07-13,65.660004,65.889999,65.557999,65.889999,65.889999,15800,0.0,1.0
2018-07-16,65.860001,65.889999,65.764999,65.879997,65.879997,10600,0.0,1.0
2018-07-17,65.660004,66.010002,65.629997,65.91999799999999,65.91999799999999,23500,0.0,1.0
2018-07-18,65.910004,66.074997,65.859001,65.980003,65.980003,12000,0.0,1.0
2018-07-19,65.629997,65.949997,65.625999,65.739998,65.739998,35200,0.0,1.0
2018-07-20,65.800003,66.18,65.760002,66.129997,66.129997,18200,0.0,1.0
2018-07-23,66.019997,66.139999,65.959999,66.010002,66.010002,13300,0.0,1.0
2018-07-24,66.58000200000001,66.760002,66.355003,66.480003,66.480003,42600,0.0,1.0
2018-07-25,66.489998,67.139999,66.269997,66.980003,66.980003,32600,0.0,1.0
2018-07-26,66.769997,66.849998,66.610001,66.650002,66.650002,51500,0.0,1.0
2018-07-27,66.980003,67.09899899999999,66.720001,66.815002,66.815002,19100,0.0,1.0
2018-07-30,67.050003,67.08000200000001,66.779999,66.849998,66.849998,11600,0.0,1.0
2018-07-31,67.059998,67.083,66.800003,66.879997,66.879997,134700,0.0,1.0
2018-08-01,66.75,66.769997,66.449997,66.610001,66.610001,32200,0.0,1.0
2018-08-02,65.82,66.089996,65.779999,66.019997,66.019997,29300,0.0,1.0
2018-08-03,65.879997,66.153999,65.809998,66.129997,66.129997,24900,0.0,1.0
2018-08-06,65.699997,65.934998,65.654999,65.760002,65.760002,20100,0.0,1.0
2018-08-07,66.449997,66.540001,66.349998,66.349998,66.349998,162900,0.0,1.0
2018-08-08,66.300003,66.440002,66.16999799999999,66.300003,66.300003,44900,0.0,1.0
2018-08-09,66.337997,66.359001,66.08000200000001,66.11799599999999,66.11799599999999,18500,0.0,1.0
2018-08-10,64.949997,65.050003,64.711998,64.860001,64.860001,49500,0.0,1.0
2018-08-13,64.745003,64.800003,64.460999,64.599998,64.599998,12800,0.0,1.0
2018-08-14,64.709999,64.709999,64.529999,64.589996,64.589996,37600,0.0,1.0
2018-08-15,63.790001000000004,63.799999,63.389998999999996,63.778999,63.778999,54200,0.0,1.0
2018-08-16,64.139999,64.400002,64.11799599999999,64.199997,64.199997,22700,0.0,1.0
2018-08-17,64.139999,64.66999799999999,64.119003,64.57,64.57,32300,0.0,1.0
2018-08-20,64.769997,64.945999,64.769997,64.870003,64.870003,10700,0.0,1.0
2018-08-21,65.279999,65.459999,65.141998,65.309998,65.309998,30300,0.0,1.0
2018-08-22,65.629997,65.735001,65.5,65.610001,65.610001,46000,0.0,1.0
2018-08-23,65.25,65.32,65.039001,65.08000200000001,65.08000200000001,32500,0.0,1.0
2018-08-24,65.41999799999999,65.589996,65.220001,65.489998,65.489998,39300,0.0,1.0
2018-08-27,66.019997,66.370003,66.0,66.360001,66.360001,30500,0.0,1.0
2018-08-28,66.529999,66.57,66.275002,66.275002,66.275002,63600,0.0,1.0
2018-08-29,66.32,66.650002,66.239998,66.629997,66.629997,20700,0.0,1.0
2018-08-30,66.120003,66.18,65.900002,66.0,66.0,12500,0.0,1.0
2018-08-31,65.800003,65.839996,65.260002,65.470001,65.470001,27600,0.0,1.0
2018-09-04,64.650002,64.900002,64.58000200000001,64.900002,64.900002,41200,0.0,1.0
2018-09-05,64.529999,64.550003,64.22399899999999,64.349998,64.349998,34300,0.0,1.0
2018-09-06,64.279999,64.379997,63.910999,64.150002,64.150002,20400,0.0,1.0
2018-09-07,63.639998999999996,63.859001,63.535999,63.669998,63.669998,33900,0.0,1.0
2018-09-10,64.230003,64.334,64.066002,64.120003,64.120003,38500,0.0,1.0
2018-09-11,63.860001000000004,64.233002,63.787997999999995,64.182999,64.182999,24000,0.0,1.0
2018-09-12,64.370003,64.620003,64.278,64.510002,64.510002,13400,0.0,1.0
2018-09-13,65.129997,65.155998,64.827003,65.029999,65.029999,28000,0.0,1.0
2018-09-14,65.149002,65.219002,64.910004,65.0,65.0,19300,0.0,1.0
2018-09-17,65.370003,65.449997,65.130997,65.139999,65.139999,9800,0.0,1.0
2018-09-18,65.589996,65.849998,65.589996,65.760002,65.760002,14600,0.0,1.0
2018-09-19,65.870003,66.087997,65.870003,66.040001,66.040001,25900,0.0,1.0
2018-09-20,66.660004,66.849998,66.529999,66.809998,66.809998,24300,0.0,1.0
2018-09-21,66.779999,66.899002,66.720001,66.839996,66.839996,12900,0.0,1.0
2018-09-24,66.809998,66.809998,66.555,66.57,66.57,33900,0.0,1.0
2018-09-25,67.059998,67.129997,66.900002,66.959999,66.959999,40300,0.0,1.0
2018-09-26,66.940002,67.334,66.93,66.989998,66.989998,23400,0.0,1.0
2018-09-27,66.959999,67.120003,66.779999,66.779999,66.779999,51700,0.0,1.0
2018-09-28,66.190002,66.5,66.190002,66.218002,66.218002,36100,0.0,1.0
2018-10-01,66.489998,66.528,66.290001,66.33000200000001,66.33000200000001,20400,0.0,1.0
2018-10-02,65.75,65.975998,65.730003,65.839996,65.839996,25900,0.0,1.0
2018-10-03,65.970001,66.041,65.753998,65.82,65.82,27700,0.0,1.0
2018-10-04,65.370003,65.370003,64.75,65.027,65.027,54500,0.0,1.0
2018-10-05,64.860001,64.879997,64.41999799999999,64.690002,64.690002,20200,0.0,1.0
2018-10-08,63.959998999999996,64.32,63.759997999999996,64.32,64.32,36100,0.0,1.0
2018-10-09,63.689999,64.239998,63.689999,64.167,64.167,26000,0.0,1.0
2018-10-10,63.84,63.84,62.658001,62.658001,62.658001,148700,0.0,1.0
2018-10-11,62.580002,62.736,61.637001,61.93,61.93,91300,0.0,1.0
