date,Open,High,Low,Close,Adj Close,Volume,Dividends,Stock Splits
2013-10-24,25.74,25.74,25.18,25.200001,23.541384,28800,0.0,1.0
2013-10-25,25.16,25.209999,25.120001000000002,25.209999,23.550728,36200,0.0,1.0
2013-10-28,25.219998999999998,25.32,25.18,25.280001000000002,23.616123,87700,0.0,1.0
2013-10-29,25.459999,25.459999,25.280001000000002,25.43,23.756245,59900,0.0,1.0
2013-10-30,25.629998999999998,25.629998999999998,25.190001000000002,25.25,23.588095000000003,254000,0.0,1.0
2013-10-31,25.48,25.6,25.120001000000002,25.15,23.494677,24300,0.0,1.0
2013-11-01,25.26,25.309998999999998,25.1,25.290001,23.625463,45600,0.0,1.0
2013-11-04,25.42,25.42,25.26,25.34,23.672169,64900,0.0,1.0
2013-11-05,25.379998999999998,25.379998999999998,25.16,25.27,23.606779,36600,0.0,1.0
2013-11-06,25.49,25.49,25.16,25.190001000000002,23.532042,47600,0.0,1.0
2013-11-07,25.280001000000002,25.32,24.93,24.93,23.289154,37000,0.0,1.0
2013-11-08,25.110001,25.34,24.99,25.33,23.662823,79700,0.0,1.0
2013-11-11,25.49,25.49,25.370001000000002,25.43,23.756245,56200,0.0,1.0
2013-11-12,25.41,25.43,25.299999,25.42,23.746906,227400,0.0,1.0
2013-11-13,25.450001,25.57,25.299999,25.57,23.887037,31200,0.0,1.0
2013-11-14,25.73,25.77,25.620001000000002,25.76,24.064529,40200,0.0,1.0
2013-11-15,25.860001,25.92,25.75,25.9,24.195313,46300,0.0,1.0
2013-11-18,26.059998999999998,26.059998999999998,25.719998999999998,25.74,24.045834,57600,0.0,1.0
2013-11-19,25.77,25.879998999999998,25.629998999999998,25.77,24.073868,36700,0.0,1.0
2013-11-20,25.9,25.99,25.780001000000002,25.85,24.148603,49000,0.0,1.0
2013-11-21,26.0,26.08,25.969998999999998,26.040001,24.326094,39800,0.0,1.0
2013-11-22,26.24,26.389999,26.17,26.35,24.615694,88500,0.0,1.0
2013-11-25,26.530001000000002,26.58,26.389999,26.459999,24.718452,371200,0.0,1.0
2013-11-26,26.559998999999998,26.559998999999998,26.43,26.49,24.746477,78300,0.0,1.0
2013-11-27,26.57,26.57,26.379998999999998,26.42,24.681085999999997,72100,0.0,1.0
2013-11-29,26.540001,26.540001,26.389999,26.4,24.662405,73600,0.0,1.0
2013-12-02,26.5,26.530001000000002,26.35,26.41,24.671745,102900,0.0,1.0
2013-12-03,26.450001,26.450001,26.18,26.219998999999998,24.494247,57400,0.0,1.0
2013-12-04,26.209999,26.27,25.93,26.09,24.372805,85300,0.0,1.0
2013-12-05,26.1,26.190001000000002,26.02,26.059998999999998,24.344784,30700,0.0,1.0
2013-12-06,26.33,26.389999,26.16,26.35,24.615694,47800,0.0,1.0
2013-12-09,26.6,26.6,26.370001000000002,26.41,24.671745,88000,0.0,1.0
2013-12-10,26.5,26.5,26.200001,26.290001,24.559642999999998,93900,0.0,1.0
2013-12-11,26.360001,26.360001,25.799999,25.809998999999998,24.111233,75200,0.0,1.0
2013-12-12,25.940001000000002,25.940001000000002,25.65,25.66,23.971107,50100,0.0,1.0
2013-12-13,25.809998999999998,25.809998999999998,25.620001000000002,25.77,24.073868,80900,0.0,1.0
2013-12-16,26.030001000000002,26.030001000000002,25.719998999999998,25.83,24.129919,90600,0.0,1.0
2013-12-17,25.99,25.99,25.49,25.629998999999998,23.943082999999998,94200,0.0,1.0
2013-12-18,25.9,26.219998999999998,25.629998999999998,26.190001000000002,24.466227,56500,0.0,1.0
2013-12-19,26.280001000000002,26.280001000000002,26.01,26.139999,24.419512,45200,0.0,1.0
2013-12-20,26.1,26.33,26.08,26.32,24.63101,48500,0.046,1.0
2013-12-23,26.41,26.41,26.35,26.4,24.705879,63800,0.0,1.0
2013-12-24,26.540001,26.540001,26.370001000000002,26.4,24.705879,37800,0.0,1.0
2013-12-26,26.530001000000002,26.549999,26.43,26.540001,24.836895000000002,47700,0.0,1.0
2013-12-27,26.67,26.67,26.469998999999998,26.5,24.80694,37200,0.008,1.0
2013-12-30,26.639999,26.639999,26.4,26.549999,24.853745999999997,72500,0.0,1.0
2013-12-31,26.610001,26.610001,26.49,26.6,24.900551,61500,0.0,1.0
2014-01-02,26.540001,26.540001,26.360001,26.440001000000002,24.750776000000002,145800,0.0,1.0
2014-01-03,26.530001000000002,26.58,26.450001,26.48,24.788219,48100,0.0,1.0
2014-01-06,26.66,26.66,26.32,26.360001,24.675888,91200,0.0,1.0
2014-01-07,26.809998999999998,26.809998999999998,26.57,26.67,24.966082,72100,0.0,1.0
2014-01-08,26.76,26.940001000000002,26.68,26.93,25.209464999999998,81700,0.0,1.0
2014-01-09,27.040001,27.15,26.91,27.15,25.415409,125900,0.0,1.0
2014-01-10,27.27,27.299999,27.049999,27.299999,25.55583,87200,0.0,1.0
2014-01-13,27.709999,27.709999,27.040001,27.09,25.359243,199300,0.0,1.0
2014-01-14,27.27,27.49,27.120001000000002,27.469998999999998,25.714966,75100,0.0,1.0
2014-01-15,27.65,27.65,27.4,27.469998999999998,25.714966,149000,0.0,1.0
2014-01-16,27.799999,27.799999,27.440001000000002,27.559998999999998,25.799215,219500,0.0,1.0
2014-01-17,27.719998999999998,27.719998999999998,27.5,27.559998999999998,25.799215,147000,0.0,1.0
2014-01-21,27.790001,27.799999,27.5,27.690001000000002,25.920912,100900,0.0,1.0
2014-01-22,27.780001000000002,27.780001000000002,27.639999,27.74,25.967717999999998,79700,0.0,1.0
2014-01-23,27.690001000000002,27.719998999999998,27.389999,27.540001,25.780491,156400,0.0,1.0
2014-01-24,27.309998999999998,27.43,26.9,26.9,25.181383,174100,0.0,1.0
2014-01-27,26.969998999999998,26.969998999999998,26.5,26.620001000000002,24.91927,75600,0.0,1.0
2014-01-28,26.77,27.09,26.77,26.98,25.256269,124200,0.0,1.0
2014-01-29,26.9,27.01,26.68,26.780001000000002,25.06905,72000,0.0,1.0
2014-01-30,27.059998999999998,27.290001,27.059998999999998,27.24,25.499660000000002,73200,0.0,1.0
2014-01-31,27.09,27.16,26.889999,27.0,25.274992,117700,0.0,1.0
2014-02-03,27.09,27.129998999999998,26.389999,26.42,24.732052,140700,0.0,1.0
2014-02-04,26.52,26.68,26.51,26.67,24.966082,56500,0.0,1.0
2014-02-05,26.610001,26.68,26.280001000000002,26.52,24.825663,61100,0.0,1.0
2014-02-06,26.610001,26.68,26.549999,26.620001000000002,24.91927,36100,0.0,1.0
2014-02-07,26.809998999999998,27.120001000000002,26.67,27.120001000000002,25.387327,69200,0.0,1.0
2014-02-10,27.200001,27.389999,27.110001,27.389999,25.640078,65400,0.0,1.0
2014-02-11,27.5,27.75,27.360001,27.73,25.958353,98400,0.0,1.0
2014-02-12,27.889999,27.9,27.67,27.74,25.967717999999998,100800,0.0,1.0
2014-02-13,27.690001000000002,27.98,27.610001,27.969998999999998,26.183020000000003,94200,0.0,1.0
2014-02-14,28.049999,28.08,27.9,28.040001,26.248554,84200,0.0,1.0
2014-02-18,28.299999,28.4,28.129998999999998,28.34,26.529381,138800,0.0,1.0
2014-02-19,28.34,28.450001,28.129998999999998,28.15,26.351526,134900,0.0,1.0
2014-02-20,28.110001,28.48,28.1,28.43,26.613634,67400,0.0,1.0
2014-02-21,28.58,28.629998999999998,28.379998999999998,28.440001000000002,26.622996999999998,92700,0.0,1.0
2014-02-24,28.6,28.83,28.52,28.66,26.828939000000002,213600,0.0,1.0
2014-02-25,28.84,28.84,28.549999,28.610001,26.782131,139100,0.0,1.0
2014-02-26,28.75,28.790001,28.549999,28.6,26.772776,141800,0.0,1.0
2014-02-27,29.0,29.0,28.530001000000002,28.709999,26.875742,125700,0.0,1.0
2014-02-28,28.83,28.99,28.360001,28.639999,26.810219,275200,0.0,1.0
2014-03-03,28.5,28.549999,28.200001,28.42,26.604275,172200,0.0,1.0
2014-03-04,28.870001000000002,29.01,28.790001,28.98,27.128491999999998,90500,0.0,1.0
2014-03-05,29.08,29.08,28.870001000000002,28.92,27.072329999999997,134400,0.0,1.0
2014-03-06,29.09,29.139999,28.66,28.68,26.847656,87400,0.0,1.0
2014-03-07,28.879998999999998,28.879998999999998,28.41,28.6,26.772776,95000,0.0,1.0
2014-03-10,28.65,28.719998999999998,28.459999,28.700001,26.866384999999998,64800,0.0,1.0
2014-03-11,28.82,28.860001,28.58,28.620001000000002,26.791496000000002,61200,0.0,1.0
2014-03-12,28.540001,28.67,28.4,28.620001000000002,26.791496000000002,33600,0.0,1.0
2014-03-13,28.83,28.83,28.18,28.219998999999998,26.417049,96300,0.0,1.0
2014-03-14,28.190001000000002,28.299999,28.07,28.120001000000002,26.323439,71200,0.0,1.0
2014-03-17,28.280001000000002,28.48,28.25,28.34,26.529381,55200,0.0,1.0
2014-03-18,28.4,28.75,28.4,28.73,26.894464000000003,67700,0.0,1.0
2014-03-19,28.809998999999998,28.870001000000002,28.49,28.629998999999998,26.800853999999998,74400,0.0,1.0
2014-03-20,28.67,28.67,28.459999,28.6,26.772776,94200,0.0,1.0
2014-03-21,28.75,28.75,27.940001000000002,27.98,26.25573,125600,0.069,1.0
2014-03-24,28.209999,28.209999,27.370001000000002,27.629998999999998,25.927298,199900,0.0,1.0
2014-03-25,27.690001000000002,28.049999,27.549999,27.790001,26.077436,73200,0.0,1.0
2014-03-26,27.99,28.15,27.76,27.76,26.049288,82300,0.0,1.0
2014-03-27,27.84,27.9,27.43,27.709999,26.002367,91200,0.0,1.0
2014-03-28,27.799999,28.01,27.49,27.559998999999998,25.86161,71500,0.0,1.0
2014-03-31,27.93,27.99,27.709999,27.98,26.25573,84400,0.0,1.0
2014-04-01,28.049999,28.33,28.030001000000002,28.209999,26.471553999999998,92800,0.0,1.0
2014-04-02,28.370001000000002,28.370001000000002,28.200001,28.299999,26.556007,46800,0.0,1.0
2014-04-03,28.360001,28.5,28.0,28.16,26.424635,142500,0.0,1.0
2014-04-04,28.379998999999998,28.379998999999998,27.610001,27.66,25.95545,78800,0.0,1.0
2014-04-07,27.52,27.74,27.200001,27.35,25.664551,108300,0.0,1.0
2014-04-08,27.389999,27.389999,26.969998999999998,27.17,25.495644,94200,0.0,1.0
2014-04-09,27.299999,27.790001,27.25,27.780001000000002,26.06805,50800,0.0,1.0
2014-04-10,27.870001000000002,27.870001000000002,26.75,26.870001000000002,25.214134,108600,0.0,1.0
2014-04-11,26.719998999999998,27.01,26.51,26.52,24.885702,123100,0.0,1.0
2014-04-14,26.610001,26.799999,26.33,26.629998999999998,24.98892,135400,0.0,1.0
2014-04-15,26.74,26.950001,26.27,26.9,25.242281,58800,0.0,1.0
2014-04-16,27.120001000000002,27.15,26.9,27.049999,25.383038,64900,0.0,1.0
2014-04-17,27.049999,27.18,26.940001000000002,27.059998999999998,25.392418,43400,0.0,1.0
2014-04-21,27.15,27.370001000000002,27.08,27.370001000000002,25.683319,59400,0.0,1.0
2014-04-22,27.559998999999998,27.809998999999998,27.559998999999998,27.709999,26.002367,97400,0.0,1.0
2014-04-23,27.76,27.809998999999998,27.459999,27.540001,25.842838,69000,0.0,1.0
2014-04-24,27.719998999999998,27.719998999999998,27.25,27.48,25.786539,72900,0.0,1.0
2014-04-25,27.450001,27.5,27.200001,27.26,25.580097,151900,0.0,1.0
2014-04-28,27.43,27.559998999999998,27.02,27.389999,25.702087,59700,0.0,1.0
2014-04-29,27.51,27.6,27.379998999999998,27.549999,25.852226,39900,0.0,1.0
2014-04-30,27.57,27.620001000000002,27.4,27.59,25.889761,36500,0.0,1.0
2014-05-01,27.65,27.82,27.440001000000002,27.639999,25.93668,45200,0.0,1.0
2014-05-02,28.049999,28.049999,27.43,27.469998999999998,25.777153,42100,0.0,1.0
2014-05-05,27.290001,27.66,27.209999,27.66,25.95545,41700,0.0,1.0
2014-05-06,27.540001,27.610001,27.4,27.4,25.711473,44700,0.0,1.0
2014-05-07,27.4,27.469998999999998,27.07,27.42,25.730238,48700,0.0,1.0
2014-05-08,27.450001,27.620001000000002,27.190001000000002,27.26,25.580097,33700,0.0,1.0
2014-05-09,27.290001,27.459999,27.1,27.43,25.739626,24900,0.0,1.0
2014-05-12,27.530001000000002,27.809998999999998,27.530001000000002,27.780001000000002,26.06805,51100,0.0,1.0
2014-05-13,27.780001000000002,27.92,27.780001000000002,27.809998999999998,26.096201,48900,0.0,1.0
2014-05-14,27.75,27.879998999999998,27.68,27.77,26.058668,26100,0.0,1.0
2014-05-15,27.75,27.75,27.370001000000002,27.5,25.805309,41300,0.0,1.0
2014-05-16,27.59,27.620001000000002,27.379998999999998,27.59,25.889761,37800,0.0,1.0
2014-05-19,27.58,27.82,27.58,27.799999,26.086819000000002,23800,0.0,1.0
2014-05-20,27.799999,27.799999,27.51,27.629998999999998,25.927298,26200,0.0,1.0
2014-05-21,27.709999,27.84,27.700001,27.82,26.105587,36200,0.0,1.0
2014-05-22,27.870001000000002,28.110001,27.790001,28.01,26.283878,46200,0.0,1.0
2014-05-23,28.0,28.08,27.959999,28.040001,26.312031,44300,0.0,1.0
2014-05-27,28.18,28.25,28.08,28.25,26.509092,60300,0.0,1.0
2014-05-28,28.209999,28.290001,28.15,28.190001000000002,26.452787,476900,0.0,1.0
2014-05-29,28.27,28.370001000000002,28.25,28.370001000000002,26.621695000000003,37700,0.0,1.0
2014-05-30,28.34,28.43,28.309998999999998,28.43,26.677996000000004,89600,0.0,1.0
2014-06-02,28.5,28.5,28.209999,28.42,26.668613,37300,0.0,1.0
2014-06-03,28.4,28.52,28.35,28.49,26.734296999999998,45700,0.0,1.0
2014-06-04,28.48,28.620001000000002,28.41,28.59,26.82814,57600,0.0,1.0
2014-06-05,28.68,28.799999,28.49,28.719998999999998,26.950121000000003,59800,0.0,1.0
2014-06-06,28.870001000000002,28.870001000000002,28.67,28.700001,26.931358000000003,57400,0.0,1.0
2014-06-09,28.73,28.73,28.58,28.66,26.893821999999997,64200,0.0,1.0
2014-06-10,28.65,28.709999,28.459999,28.700001,26.931358000000003,45300,0.0,1.0
2014-06-11,28.68,28.74,28.610001,28.709999,26.940734999999997,43200,0.0,1.0
2014-06-12,28.74,28.74,28.469998999999998,28.540001,26.781221000000002,35600,0.0,1.0
2014-06-13,28.540001,28.58,28.41,28.530001000000002,26.771833,50200,0.0,1.0
2014-06-16,28.59,28.780001000000002,28.48,28.59,26.82814,95500,0.0,1.0
2014-06-17,28.67,28.68,28.549999,28.6,26.837526,62500,0.0,1.0
2014-06-18,28.709999,28.83,28.549999,28.83,27.05335,36100,0.0,1.0
2014-06-19,28.93,28.959999,28.809998999999998,28.91,27.12841,43400,0.0,1.0
2014-06-20,28.940001000000002,29.1,28.9,29.1,27.392934999999998,52500,0.091,1.0
2014-06-23,29.42,29.42,28.950001,29.01,27.308212,65200,0.0,1.0
2014-06-24,29.18,29.24,28.92,28.98,27.279968,72400,0.0,1.0
2014-06-25,29.09,29.27,29.09,29.27,27.552958,1031500,0.0,1.0
2014-06-26,29.6,29.6,29.030001000000002,29.25,27.534132,56500,0.0,1.0
2014-06-27,29.190001000000002,29.24,29.110001,29.219998999999998,27.505894,27900,0.0,1.0
2014-06-30,29.219998999999998,29.24,29.1,29.129998999999998,27.421173,50400,0.0,1.0
2014-07-01,29.24,29.58,29.24,29.549999,27.816532000000002,198500,0.0,1.0
2014-07-02,29.700001,29.719998999999998,29.5,29.700001,27.957733,131900,0.0,1.0
2014-07-03,29.799999,29.870001000000002,29.66,29.83,28.080109000000004,39400,0.0,1.0
2014-07-07,30.0,30.0,29.5,29.540001,27.807122999999997,68400,0.0,1.0
2014-07-08,29.540001,29.540001,29.07,29.190001000000002,27.477653999999998,92000,0.0,1.0
2014-07-09,29.33,29.379998999999998,29.110001,29.32,27.600027,94200,0.0,1.0
2014-07-10,29.0,29.35,28.92,29.290001,27.571787,48900,0.0,1.0
2014-07-11,29.35,29.370001000000002,29.16,29.33,27.609438,42800,0.0,1.0
2014-07-14,29.5,29.5,29.4,29.450001,27.722401,53900,0.0,1.0
2014-07-15,29.49,29.49,29.110001,29.17,27.458824,57600,0.0,1.0
2014-07-16,29.35,29.35,28.959999,29.07,27.364689000000002,50700,0.0,1.0
2014-07-17,29.049999,29.16,28.67,28.74,27.054052000000002,71900,0.0,1.0
2014-07-18,28.84,29.25,28.77,29.200001,27.487064,46400,0.0,1.0
2014-07-21,29.219998999999998,29.219998999999998,28.98,29.110001,27.402344,33900,0.0,1.0
2014-07-22,29.299999,29.459999,29.299999,29.370001000000002,27.647092999999998,160200,0.0,1.0
2014-07-23,29.58,29.67,29.540001,29.67,27.929499,51400,0.0,1.0
2014-07-24,29.709999,29.709999,29.549999,29.59,27.854189,71300,0.0,1.0
2014-07-25,29.530001000000002,29.530001000000002,29.33,29.469998999999998,27.741226,52300,0.0,1.0
2014-07-28,29.549999,29.549999,29.309998999999998,29.48,27.750637,232800,0.0,1.0
2014-07-29,29.59,29.639999,29.49,29.549999,27.816532000000002,163700,0.0,1.0
2014-07-30,29.74,29.809998999999998,29.540001,29.66,27.920078000000004,63100,0.0,1.0
2014-07-31,29.5,29.5,29.049999,29.08,27.374105,71600,0.0,1.0
2014-08-01,29.08,29.219998999999998,28.809998999999998,29.040001,27.336452,90200,0.0,1.0
2014-08-04,29.200001,29.25,28.92,29.219998999999998,27.505894,120300,0.0,1.0
2014-08-05,29.190001000000002,29.200001,28.860001,28.98,27.279968,67600,0.0,1.0
2014-08-06,28.83,29.040001,28.780001000000002,28.940001000000002,27.242315,380100,0.0,1.0
2014-08-07,28.99,28.99,28.549999,28.629998999999998,26.950502,102300,0.0,1.0
2014-08-08,28.629998999999998,28.940001000000002,28.559998999999998,28.940001000000002,27.242315,38900,0.0,1.0
2014-08-11,29.139999,29.190001000000002,28.940001000000002,29.0,27.2988,71900,0.0,1.0
2014-08-12,29.02,29.02,28.85,28.92,27.223491999999997,365200,0.0,1.0
2014-08-13,29.15,29.290001,28.940001000000002,29.290001,27.571787,68600,0.0,1.0
2014-08-14,29.4,29.610001,29.360001,29.610001,27.873015999999996,68000,0.0,1.0
2014-08-15,29.75,29.860001,29.35,29.629998999999998,27.891841999999997,60400,0.0,1.0
2014-08-18,29.83,29.91,29.75,29.870001000000002,28.117762,98100,0.0,1.0
2014-08-19,30.0,30.08,29.85,30.07,28.306032000000002,103500,0.0,1.0
2014-08-20,30.09,30.09,29.940001000000002,30.049999,28.287196999999995,120700,0.0,1.0
2014-08-21,30.17,30.17,30.030001000000002,30.049999,28.287196999999995,62700,0.0,1.0
2014-08-22,30.17,30.17,30.01,30.08,28.315443,83500,0.0,1.0
2014-08-25,30.290001,30.41,30.23,30.33,28.550779,177000,0.0,1.0
2014-08-26,30.43,30.540001,30.35,30.52,28.729631,127000,0.0,1.0
2014-08-27,30.6,30.6,30.450001,30.49,28.701389000000002,68800,0.0,1.0
2014-08-28,30.51,30.51,30.41,30.459999,28.673153000000003,52500,0.0,1.0
2014-08-29,30.57,30.610001,30.450001,30.59,28.795523,164700,0.0,1.0
2014-09-02,30.92,30.92,30.469998999999998,30.58,28.786114,638900,0.0,1.0
2014-09-03,30.98,30.98,30.58,30.66,28.861421999999997,77200,0.0,1.0
2014-09-04,30.92,30.92,30.4,30.459999,28.673153000000003,66900,0.0,1.0
2014-09-05,30.5,30.620001000000002,30.200001,30.620001000000002,28.823769,48600,0.0,1.0
2014-09-08,30.610001,30.700001,30.540001,30.690001000000002,28.889656,69000,0.0,1.0
2014-09-09,30.75,30.82,30.530001000000002,30.57,28.776692999999998,63600,0.0,1.0
2014-09-10,30.6,30.82,30.559998999999998,30.809998999999998,29.002619,425600,0.0,1.0
2014-09-11,30.719998999999998,30.76,30.58,30.76,28.955551,43900,0.0,1.0
2014-09-12,30.77,30.77,30.42,30.530001000000002,28.739041999999998,65700,0.0,1.0
2014-09-15,30.540001,30.639999,30.27,30.379998999999998,28.597843,76400,0.0,1.0
2014-09-16,30.35,30.780001000000002,30.309998999999998,30.77,28.964964000000002,66800,0.0,1.0
2014-09-17,30.82,30.940001000000002,30.639999,30.82,29.01203,56600,0.0,1.0
2014-09-18,30.9,31.059998999999998,30.9,31.059998999999998,29.237949,95100,0.0,1.0
2014-09-19,31.09,31.129998999999998,30.92,30.99,29.256838000000002,75500,0.09,1.0
2014-09-22,31.0,31.0,30.639999,30.75,29.03026,223200,0.0,1.0
2014-09-23,30.67,30.719998999999998,30.459999,30.58,28.869768,66900,0.0,1.0
2014-09-24,30.629998999999998,31.09,30.610001,31.09,29.35124,90000,0.0,1.0
2014-09-25,31.040001,31.059998999999998,30.6,30.610001,28.898087,113400,0.0,1.0
2014-09-26,30.74,30.74,30.450001,30.690001000000002,28.973614,165800,0.0,1.0
2014-09-29,30.57,30.74,30.41,30.65,28.93585,373200,0.0,1.0
2014-09-30,30.84,30.84,30.43,30.450001,28.747038,99700,0.0,1.0
2014-10-01,30.48,30.48,30.0,30.120001000000002,28.435493,284400,0.0,1.0
2014-10-02,30.110001,30.18,29.780001000000002,30.1,28.416613,1209500,0.0,1.0
2014-10-03,30.33,30.690001000000002,30.26,30.67,28.954733,245100,0.0,1.0
2014-10-06,31.26,31.26,30.42,30.52,28.813124,171400,0.0,1.0
2014-10-07,30.51,30.51,30.030001000000002,30.040001,28.359965999999996,160800,0.0,1.0
2014-10-08,30.030001000000002,30.77,29.99,30.73,29.011375,107500,0.0,1.0
2014-10-09,30.709999,30.73,30.129998999999998,30.16,28.473254999999998,102200,0.0,1.0
2014-10-10,30.08,30.41,29.879998999999998,29.879998999999998,28.208916,120900,0.0,1.0
2014-10-13,29.969998999999998,29.969998999999998,29.219998999999998,29.24,27.604708000000002,220400,0.0,1.0
2014-10-14,29.4,29.52,28.83,29.07,27.444218,132000,0.0,1.0
2014-10-15,29.07,29.07,28.219998999999998,28.9,27.283721999999997,463700,0.0,1.0
2014-10-16,28.57,29.120001000000002,28.459999,28.860001,27.245962,67600,0.0,1.0
2014-10-17,29.42,29.459999,29.059998999999998,29.280001000000002,27.642471,142600,0.0,1.0
2014-10-20,29.290001,29.629998999999998,29.280001000000002,29.629998999999998,27.972890999999997,495600,0.0,1.0
2014-10-21,29.85,30.4,29.780001000000002,30.4,28.699827000000003,262200,0.0,1.0
2014-10-22,30.49,30.49,30.17,30.24,28.548777,105200,0.0,1.0
2014-10-23,30.530001000000002,30.91,30.33,30.75,29.03026,127500,0.0,1.0
2014-10-24,30.84,31.18,30.82,31.18,29.436211,126100,0.0,1.0
2014-10-27,31.17,31.25,31.049999,31.23,29.483416,122500,0.0,1.0
2014-10-28,31.52,31.52,31.23,31.49,29.72887,119000,0.0,1.0
2014-10-29,31.59,31.59,31.26,31.459999,29.70055,122000,0.0,1.0
2014-10-30,31.459999,32.040001000000004,31.4,32.029999,30.238670000000003,304100,0.0,1.0
2014-10-31,32.549999,32.57,32.080002,32.169998,30.37084,370900,0.0,1.0
2014-11-03,32.290001000000004,32.290001000000004,32.02,32.189999,30.389722999999996,211100,0.0,1.0
2014-11-04,32.23,32.279999,32.0,32.189999,30.389722999999996,248200,0.0,1.0
2014-11-05,32.490002000000004,32.490002000000004,32.029999,32.060001,30.266997999999997,147100,0.0,1.0
2014-11-06,32.23,32.34,32.150002,32.310001,30.503012,141800,0.0,1.0
2014-11-07,32.389998999999996,32.389998999999996,31.85,31.950001,30.163149,166300,0.0,1.0
2014-11-10,32.0,32.279999,31.91,32.279999,30.474693,130200,0.0,1.0
2014-11-11,32.32,32.5,32.27,32.400002,30.587975,112400,0.0,1.0
2014-11-12,32.369999,32.419998,32.23,32.380001,30.569103000000002,91000,0.0,1.0
2014-11-13,32.41,32.549999,32.200001,32.349998,30.540772999999998,147000,0.0,1.0
2014-11-14,32.369999,32.369999,31.940001000000002,32.049999,30.257559000000004,231900,0.0,1.0
2014-11-17,32.040001000000004,32.310001,32.040001000000004,32.200001,30.399162,559700,0.0,1.0
2014-11-18,32.32,32.720001,32.23,32.709998999999996,30.880644,194800,0.0,1.0
2014-11-19,32.740002000000004,32.740002000000004,32.450001,32.509997999999996,30.691822,217900,0.0,1.0
2014-11-20,32.41,32.540001000000004,32.279999,32.450001,30.635187,106700,0.0,1.0
2014-11-21,32.849998,32.880001,32.5,32.599998,30.776794,141000,0.0,1.0
2014-11-24,32.740002000000004,32.82,32.68,32.82,30.984495000000003,145300,0.0,1.0
2014-11-25,32.91,32.919998,32.720001,32.84,31.003365999999996,99200,0.0,1.0
2014-11-26,32.950001,33.080002,32.869999,33.07,31.220505,109700,0.0,1.0
2014-11-28,33.189999,33.439999,33.169998,33.240002000000004,31.381008,123000,0.0,1.0
2014-12-01,33.150002,33.330002,33.02,33.099998,31.248828999999997,156600,0.0,1.0
2014-12-02,33.209998999999996,33.5,33.209998999999996,33.439999,31.569815000000002,185700,0.0,1.0
2014-12-03,33.52,33.549999,33.380001,33.540001000000004,31.664227,537800,0.0,1.0
2014-12-04,33.549999,33.639998999999996,33.369999,33.48,31.60758,156900,0.0,1.0
2014-12-05,33.599998,33.77,33.5,33.740002000000004,31.853037,203300,0.0,1.0
2014-12-08,33.790001000000004,34.080002,33.779999,33.880001,31.985215999999998,220700,0.0,1.0
2014-12-09,33.5,33.84,33.32,33.82,31.928568,182400,0.0,1.0
2014-12-10,33.830002,33.830002,33.240002000000004,33.259997999999996,31.399876000000003,115500,0.0,1.0
2014-12-11,33.41,33.759997999999996,33.299999,33.360001000000004,31.494286,155500,0.0,1.0
2014-12-12,33.23,33.360001000000004,32.889998999999996,32.900002,31.060015000000003,221900,0.0,1.0
2014-12-15,33.060001,33.080002,32.43,32.580002,30.757917,326800,0.0,1.0
2014-12-16,32.419998,32.93,32.18,32.189999,30.389722999999996,423600,0.0,1.0
2014-12-17,32.259997999999996,32.900002,32.189999,32.860001000000004,31.022254999999998,154100,0.0,1.0
2014-12-18,33.369999,33.75,33.200001,33.75,31.862479999999998,193600,0.0,1.0
2014-12-19,33.869999,33.98,33.549999,33.84,32.030964000000004,304700,0.08800000000000001,1.0
2014-12-22,33.799999,33.799999,33.34,33.490002000000004,31.699675,359600,0.0,1.0
2014-12-23,33.650002,33.650002,32.560001,32.759997999999996,31.008698,467000,0.0,1.0
2014-12-24,32.700001,33.16,32.700001,32.990002000000004,31.226404,261200,0.0,1.0
2014-12-26,33.110001000000004,33.310001,33.09,33.259997999999996,31.481959999999997,70300,0.0,1.0
2014-12-29,33.259997999999996,33.360001000000004,33.16,33.34,31.559589000000003,130100,0.002,1.0
2014-12-30,33.299999,33.349998,33.16,33.189999,31.417599,127800,0.0,1.0
2014-12-31,33.27,33.470001,32.880001,32.900002,31.143085,130900,0.0,1.0
2015-01-02,33.080002,33.349998,32.849998,32.98,31.218813,164200,0.0,1.0
2015-01-05,32.860001000000004,33.110001000000004,32.790001000000004,32.849998,31.095758,177000,0.0,1.0
2015-01-06,33.080002,33.130001,32.48,32.700001,30.953770000000002,348200,0.0,1.0
2015-01-07,33.02,33.470001,32.990002000000004,33.43,31.644783,167500,0.0,1.0
2015-01-08,33.849998,34.049999,33.759997999999996,34.029999,32.212746,207300,0.0,1.0
2015-01-09,34.150002,34.150002,33.650002,33.790001000000004,31.985558,183400,0.0,1.0
2015-01-12,34.040001000000004,34.119999,33.720001,33.779999,31.976089,258400,0.0,1.0
2015-01-13,34.080002,34.279999,33.41,33.669998,31.871966999999998,338100,0.0,1.0
2015-01-14,33.34,33.689999,33.23,33.650002,31.853037,156900,0.0,1.0
2015-01-15,33.790001000000004,33.810001,33.209998999999996,33.240002000000004,31.464937,208700,0.0,1.0
2015-01-16,33.25,33.900002,33.189999,33.860001000000004,32.051823,191900,0.0,1.0
2015-01-20,34.049999,34.049999,33.459998999999996,33.889998999999996,32.080215,201100,0.0,1.0
2015-01-21,33.889998999999996,34.040001000000004,33.630001,33.860001000000004,32.051823,114000,0.0,1.0
2015-01-22,34.02,34.279999,33.529999,34.279999,32.449397999999995,141900,0.0,1.0
2015-01-23,34.27,34.299999,34.099998,34.18,32.354733,147800,0.0,1.0
2015-01-26,34.240002000000004,34.400002,33.990002000000004,34.400002,32.562996000000005,135100,0.0,1.0
2015-01-27,34.16,34.419998,34.009997999999996,34.189999,32.364197,131500,0.0,1.0
2015-01-28,34.459998999999996,34.459998999999996,33.610001000000004,33.689999,31.890902,243000,0.0,1.0
2015-01-29,33.790001000000004,33.990002000000004,33.400002,33.98,32.165409000000004,157400,0.0,1.0
2015-01-30,33.939999,34.060001,33.41,33.41,31.625851,119600,0.0,1.0
2015-02-02,33.59,33.610001000000004,33.029999,33.59,31.796242,154300,0.0,1.0
2015-02-03,33.779999,33.779999,33.240002000000004,33.740002000000004,31.938228999999996,181600,0.0,1.0
2015-02-04,33.41,33.560001,33.200001,33.349998,31.569065000000002,149300,0.0,1.0
2015-02-05,33.599998,33.98,33.599998,33.959998999999996,32.146481,105600,0.0,1.0
2015-02-06,34.02,34.110001000000004,33.57,33.669998,31.871966999999998,291700,0.0,1.0
2015-02-09,33.599998,33.619999,33.209998999999996,33.290001000000004,31.512262,126400,0.0,1.0
2015-02-10,33.59,33.860001000000004,33.48,33.810001,32.004490000000004,139200,0.0,1.0
2015-02-11,33.830002,34.07,33.68,33.849998,32.042351000000004,107800,0.0,1.0
2015-02-12,34.049999,34.049999,33.759997999999996,34.029999,32.212746,109400,0.0,1.0
2015-02-13,34.009997999999996,34.209998999999996,33.889998999999996,34.189999,32.364197,114300,0.0,1.0
2015-02-17,34.32,34.439999,34.200001,34.400002,32.562996000000005,187900,0.0,1.0
2015-02-18,34.459998999999996,34.5,34.259997999999996,34.5,32.65765,168500,0.0,1.0
2015-02-19,34.48,34.599998,34.439999,34.560001,32.714439,194700,0.0,1.0
2015-02-20,34.540001000000004,34.919998,34.43,34.919998,33.055214,132900,0.0,1.0
2015-02-23,34.939999,35.209998999999996,34.919998,35.07,33.197201,201400,0.0,1.0
2015-02-24,35.119999,35.130001,34.860001000000004,34.98,33.112007,177400,0.0,1.0
2015-02-25,35.009997999999996,35.150002,34.869999,35.07,33.197201,123900,0.0,1.0
2015-02-26,35.130001,35.18,34.900002,35.18,33.301327,101700,0.0,1.0
2015-02-27,35.23,35.23,34.990002000000004,35.0,33.130943,162700,0.0,1.0
2015-03-02,35.080002,35.299999,35.060001,35.290001000000004,33.405449,132200,0.0,1.0
2015-03-03,35.299999,35.299999,34.810001,35.02,33.149879,261700,0.0,1.0
2015-03-04,34.959998999999996,35.220001,34.73,35.169998,33.291862,219500,0.0,1.0
2015-03-05,35.299999,35.52,35.240002000000004,35.380001,33.490654,180600,0.0,1.0
2015-03-06,35.41,35.41,34.689999,34.740002000000004,32.88483,282800,0.0,1.0
2015-03-09,34.869999,34.939999,34.619999,34.91,33.045753000000005,150200,0.0,1.0
2015-03-10,34.700001,34.799999,34.490002000000004,34.580002,32.733376,191000,0.0,1.0
2015-03-11,34.720001,34.77,34.549999,34.599998,32.752296,126300,0.0,1.0
2015-03-12,34.82,35.029999,34.75,35.02,33.149879,188800,0.0,1.0
2015-03-13,34.98,35.220001,34.75,34.990002000000004,33.121479,355000,0.0,1.0
2015-03-16,35.209998999999996,35.73,35.099998,35.720001,33.8125,198300,0.0,1.0
2015-03-17,35.630001,35.700001,35.400002,35.650002,33.746227000000005,194100,0.0,1.0
2015-03-18,35.599998,36.220001,35.419998,36.049999,34.124874,186600,0.0,1.0
2015-03-19,36.060001,36.380001,36.0,36.330002,34.389915,167800,0.0,1.0
2015-03-20,36.599998,36.599998,36.099998,36.290001000000004,34.569008000000004,257000,0.228,1.0
2015-03-23,36.220001,36.310001,36.0,36.150002,34.435642,172300,0.0,1.0
2015-03-24,36.310001,36.310001,35.84,35.84,34.140347,204800,0.0,1.0
2015-03-25,35.939999,36.099998,35.09,35.110001000000004,33.444965,326500,0.0,1.0
2015-03-26,34.830002,35.290001000000004,34.669998,35.02,33.359234,420500,0.0,1.0
2015-03-27,35.080002,35.450001,35.080002,35.34,33.664063,95300,0.0,1.0
2015-03-30,35.77,35.77,35.57,35.740002000000004,34.04509,169600,0.0,1.0
2015-03-31,35.610001000000004,35.700001,35.25,35.259997999999996,33.587849,326500,0.0,1.0
2015-04-01,35.279999,35.279999,34.57,34.849998,33.197289000000005,283300,0.0,1.0
2015-04-02,34.849998,35.029999,34.77,34.93,33.273499,130200,0.0,1.0
2015-04-06,34.759997999999996,35.150002,34.700001,34.970001,33.311611,142200,0.0,1.0
2015-04-07,35.060001,35.310001,35.02,35.040001000000004,33.378284,104500,0.0,1.0
2015-04-08,35.150002,35.459998999999996,35.049999,35.380001,33.702164,109500,0.0,1.0
2015-04-09,35.419998,35.630001,35.290001000000004,35.59,33.902203,163700,0.0,1.0
2015-04-10,35.650002,35.959998999999996,35.509997999999996,35.919998,34.216545,107900,0.0,1.0
2015-04-13,35.93,36.119999,35.799999,35.810001,34.111767,246100,0.0,1.0
2015-04-14,35.860001000000004,35.880001,35.540001000000004,35.810001,34.111767,125000,0.0,1.0
2015-04-15,36.0,36.060001,35.82,35.900002,34.197502,175500,0.0,1.0
2015-04-16,35.900002,36.009997999999996,35.830002,35.919998,34.216545,143400,0.0,1.0
2015-04-17,35.830002,35.830002,35.299999,35.560001,33.873631,330300,0.0,1.0
2015-04-20,35.82,35.880001,35.66,35.790001000000004,34.092715999999996,109000,0.0,1.0
2015-04-21,36.049999,36.110001000000004,35.970001,36.040001000000004,34.330859999999994,128400,0.0,1.0
2015-04-22,36.139998999999996,36.18,35.900002,36.07,34.35944,105200,0.0,1.0
2015-04-23,36.060001,36.34,35.889998999999996,36.259997999999996,34.540428000000006,122700,0.0,1.0
2015-04-24,36.349998,36.349998,36.009997999999996,36.130001,34.416595,134900,0.0,1.0
2015-04-27,36.240002000000004,36.240002000000004,35.349998,35.400002,33.72121,233500,0.0,1.0
2015-04-28,35.509997999999996,35.66,34.880001,35.470001,33.787890999999995,148400,0.0,1.0
2015-04-29,35.380001,35.5,34.950001,35.18,33.511639,142800,0.0,1.0
2015-04-30,35.009997999999996,35.16,34.380001,34.59,32.949622999999995,366800,0.0,1.0
2015-05-01,34.849998,35.099998,34.82,35.060001,33.397331,137700,0.0,1.0
2015-05-04,35.150002,35.470001,35.150002,35.290001000000004,33.616425,114100,0.0,1.0
2015-05-05,35.290001000000004,35.290001000000004,34.779999,34.84,33.187767,286500,0.0,1.0
2015-05-06,34.91,35.029999,34.5,34.77,33.121094,145300,0.0,1.0
2015-05-07,34.66,35.040001000000004,34.66,34.959998999999996,33.302078,142400,0.0,1.0
2015-05-08,35.34,35.599998,35.34,35.52,33.835522,112900,0.0,1.0
2015-05-11,35.650002,35.689999,35.52,35.529999,33.845046999999994,214100,0.0,1.0
2015-05-12,35.41,35.490002000000004,35.150002,35.389998999999996,33.711684999999996,121600,0.0,1.0
2015-05-13,35.490002000000004,35.599998,35.279999,35.360001000000004,33.683109,115600,0.0,1.0
2015-05-14,35.540001000000004,35.82,35.369999,35.82,34.121288,101000,0.0,1.0
2015-05-15,35.860001000000004,35.919998,35.77,35.900002,34.197502,883900,0.0,1.0
2015-05-18,35.959998999999996,36.200001,35.860001000000004,36.169998,34.4547,155200,0.0,1.0
2015-05-19,36.200001,36.400002,36.139998999999996,36.32,34.597584000000005,327000,0.0,1.0
2015-05-20,36.360001000000004,36.560001,36.220001,36.41,34.683315,180000,0.0,1.0
2015-05-21,36.369999,36.439999,36.290001000000004,36.41,34.683315,112700,0.0,1.0
2015-05-22,36.419998,36.509997999999996,36.310001,36.349998,34.62616,168300,0.0,1.0
2015-05-26,36.310001,36.310001,35.919998,36.009997999999996,34.302279999999996,171800,0.0,1.0
2015-05-27,36.130001,36.450001,36.07,36.419998,34.692844,159500,0.0,1.0
2015-05-28,36.43,36.529999,36.27,36.439999,34.71188,98500,0.0,1.0
2015-05-29,36.48,36.669998,36.23,36.380001,34.654732,137300,0.0,1.0
2015-06-01,36.59,36.619999,36.23,36.470001,34.740475,167300,0.0,1.0
2015-06-02,36.400002,36.43,36.119999,36.279999,34.559478999999996,222500,0.0,1.0
2015-06-03,36.459998999999996,36.459998999999996,36.220001,36.360001000000004,34.635689,97200,0.0,1.0
2015-06-04,36.259997999999996,36.330002,35.939999,36.099998,34.388016,192300,0.0,1.0
2015-06-05,36.040001000000004,36.16,35.779999,36.130001,34.416595,115200,0.0,1.0
2015-06-08,36.209998999999996,36.209998999999996,35.950001,35.950001,34.245132,120700,0.0,1.0
2015-06-09,35.990002000000004,36.009997999999996,35.73,35.93,34.226078,179100,0.0,1.0
2015-06-10,36.040001000000004,36.360001000000004,35.900002,36.34,34.616627,136300,0.0,1.0
2015-06-11,36.48,36.630001,36.400002,36.57,34.835724,139400,0.0,1.0
2015-06-12,36.5,36.509997999999996,36.099998,36.18,34.464218,109200,0.0,1.0
2015-06-15,36.0,36.240002000000004,35.740002000000004,36.189999,34.473746999999996,136700,0.0,1.0
2015-06-16,36.23,36.389998999999996,36.130001,36.34,34.616627,92400,0.0,1.0
2015-06-17,36.470001,36.5,36.259997999999996,36.43,34.702366,83000,0.0,1.0
2015-06-18,36.619999,37.099998,36.619999,36.990002000000004,35.235813,144100,0.0,1.0
2015-06-19,36.720001,36.82,36.68,36.709998999999996,35.228134000000004,106600,0.272,1.0
2015-06-22,37.02,37.150002,36.939999,37.029999,35.535221,130000,0.0,1.0
2015-06-23,37.310001,37.310001,36.939999,37.049999,35.554413000000004,140400,0.0,1.0
2015-06-24,37.060001,37.060001,36.669998,36.68,35.199348,156000,0.0,1.0
2015-06-25,37.029999,37.029999,36.68,36.849998,35.36248,177800,0.0,1.0
2015-06-26,37.0,37.060001,36.639998999999996,36.77,35.285713,132100,0.0,1.0
2015-06-29,36.490002000000004,36.630001,35.900002,35.919998,34.470015999999994,491300,0.0,1.0
2015-06-30,36.240002000000004,36.400002,35.959998999999996,36.119999,34.661945,651600,0.0,1.0
2015-07-01,36.549999,36.560001,36.209998999999996,36.41,34.940247,160200,0.0,1.0
2015-07-02,36.52,36.52,36.169998,36.27,34.805901,179900,0.0,1.0
2015-07-06,36.009997999999996,36.5,35.93,36.279999,34.815487,1095600,0.0,1.0
2015-07-07,36.400002,36.450001,35.799999,36.400002,34.930653,237500,0.0,1.0
2015-07-08,36.259997999999996,36.259997999999996,35.740002000000004,35.790001000000004,34.345271999999994,174000,0.0,1.0
2015-07-09,36.18,36.299999,35.950001,36.0,34.546795,158400,0.0,1.0
2015-07-10,36.439999,36.529999,36.220001,36.5,35.026608,154600,0.0,1.0
2015-07-13,36.880001,36.91,36.700001,36.849998,35.36248,324400,0.0,1.0
2015-07-14,36.889998999999996,37.310001,36.799999,37.27,35.765533000000005,155500,0.0,1.0
2015-07-15,37.450001,37.549999,37.18,37.27,35.765533000000005,182900,0.0,1.0
2015-07-16,37.48,37.52,37.299999,37.48,35.967048999999996,171400,0.0,1.0
2015-07-17,37.529999,37.529999,37.279999,37.459998999999996,35.947860999999996,170800,0.0,1.0
2015-07-20,37.599998,37.619999,37.43,37.540001000000004,36.024623999999996,168200,0.0,1.0
2015-07-21,37.619999,37.619999,37.16,37.369999,35.861492,169700,0.0,1.0
2015-07-22,37.310001,37.470001,37.169998,37.450001,35.938263,190700,0.0,1.0
2015-07-23,37.560001,37.700001,37.240002000000004,37.32,35.813507,212300,0.0,1.0
2015-07-24,37.009997999999996,37.150002,36.369999,36.459998999999996,34.988224,237600,0.0,1.0
2015-07-27,36.41,36.41,36.099998,36.310001,34.84428,314900,0.0,1.0
2015-07-28,36.549999,36.950001,36.27,36.950001,35.458447,164700,0.0,1.0
2015-07-29,37.119999,37.18,36.810001,36.98,35.487228,122000,0.0,1.0
2015-07-30,37.099998,37.099998,36.610001000000004,36.939999,35.448848999999996,114600,0.0,1.0
2015-07-31,37.150002,37.369999,37.07,37.189999,35.688755,133000,0.0,1.0
2015-08-03,37.310001,37.349998,36.900002,37.150002,35.650375,712100,0.0,1.0
2015-08-04,37.240002000000004,37.34,37.02,37.150002,35.650375,121900,0.0,1.0
2015-08-05,37.43,37.509997999999996,37.299999,37.43,35.919071,126400,0.0,1.0
2015-08-06,37.490002000000004,37.57,36.52,36.580002,35.103386,217000,0.0,1.0
2015-08-07,36.529999,36.709998999999996,36.029999,36.439999,34.969032,183000,0.0,1.0
2015-08-10,36.689999,36.91,36.599998,36.720001,35.237732,117500,0.0,1.0
2015-08-11,36.57,36.619999,36.220001,36.43,34.959435,159100,0.0,1.0
2015-08-12,36.169998,36.470001,35.709998999999996,36.450001,34.978629999999995,245200,0.0,1.0
2015-08-13,36.560001,36.66,36.279999,36.360001000000004,34.892265,102400,0.0,1.0
2015-08-14,36.349998,36.43,36.119999,36.400002,34.930653,167800,0.0,1.0
2015-08-17,36.34,36.860001000000004,36.200001,36.860001000000004,35.372074,118300,0.0,1.0
2015-08-18,36.830002,36.970001,36.720001,36.759997999999996,35.276112,100600,0.0,1.0
2015-08-19,36.900002,36.900002,36.299999,36.57,35.093784,144200,0.0,1.0
2015-08-20,36.32,36.43,35.639998999999996,35.66,34.220531,203600,0.0,1.0
2015-08-21,35.310001,35.59,34.610001000000004,34.610001000000004,33.212902,944000,0.0,1.0
2015-08-24,30.6,34.32,26.24,33.18,31.840631,1386400,0.0,1.0
2015-08-25,34.450001,34.450001,33.0,33.0,31.667892,599600,0.0,1.0
2015-08-26,33.66,34.25,32.950001,34.25,32.867443,254700,0.0,1.0
2015-08-27,34.779999,34.970001,34.23,34.919998,33.510387,392600,0.0,1.0
2015-08-28,34.779999,34.939999,34.549999,34.849998,33.443211,191000,0.0,1.0
2015-08-31,34.73,34.950001,34.110001000000004,34.200001,32.819454,253500,0.0,1.0
2015-09-01,33.009997999999996,33.799999,33.009997999999996,33.349998,32.003765,859700,0.0,1.0
2015-09-02,33.650002,34.029999,33.380001,33.950001,32.579547999999996,281700,0.0,1.0
2015-09-03,34.110001000000004,34.330002,33.639998999999996,33.689999,32.330032,176900,0.0,1.0
2015-09-04,33.369999,33.610001000000004,33.080002,33.369999,32.022953,145500,0.0,1.0
2015-09-08,33.98,34.32,33.75,34.310001,32.925014000000004,424600,0.0,1.0
2015-09-09,34.720001,34.720001,33.700001,33.77,32.406815,105800,0.0,1.0
2015-09-10,33.66,34.330002,33.66,34.080002,32.7043,171800,0.0,1.0
2015-09-11,34.040001000000004,34.400002,33.900002,34.400002,33.011383,62800,0.0,1.0
2015-09-14,34.43,34.439999,34.099998,34.259997999999996,32.877029,374200,0.0,1.0
2015-09-15,34.330002,34.810001,34.299999,34.740002000000004,33.33765,375200,0.0,1.0
2015-09-16,34.82,34.860001000000004,34.48,34.84,33.433617,119900,0.0,1.0
2015-09-17,34.880001,35.630001,34.799999,35.220001,33.798279,125900,0.0,1.0
2015-09-18,34.759997999999996,34.93,34.540001000000004,34.619999,33.327534,127400,0.111,1.0
2015-09-21,34.830002,34.889998999999996,33.799999,34.0,32.730682,527400,0.0,1.0
2015-09-22,33.529999,33.77,33.360001000000004,33.73,32.470757,136300,0.0,1.0
2015-09-23,33.73,34.0,33.509997999999996,33.709998999999996,32.451504,172900,0.0,1.0
2015-09-24,33.400002,33.540001000000004,32.93,33.279999,32.03756,150500,0.0,1.0
2015-09-25,33.619999,33.619999,32.02,32.290001000000004,31.084521999999996,1259300,0.0,1.0
2015-09-28,32.009997999999996,32.080002,30.6,30.91,29.756040999999996,758600,0.0,1.0
2015-09-29,30.790001,31.709999,30.77,31.07,29.910065000000003,347300,0.0,1.0
2015-09-30,31.5,31.879998999999998,31.370001000000002,31.799999,30.612811999999998,181200,0.0,1.0
2015-10-01,31.84,32.049999,31.5,32.049999,30.853477,1141700,0.0,1.0
2015-10-02,31.719998999999998,32.759997999999996,31.48,32.75,31.527344,202900,0.0,1.0
2015-10-05,33.060001,33.16,32.540001000000004,32.869999,31.642865999999998,148500,0.0,1.0
2015-10-06,32.709998999999996,32.709998999999996,31.52,32.0,30.805346999999998,132900,0.0,1.0
2015-10-07,32.169998,32.639998999999996,31.82,32.450001,31.23855,1470900,0.0,1.0
2015-10-08,32.389998999999996,32.610001000000004,31.93,32.5,31.286682,108100,0.0,1.0
2015-10-09,32.52,32.82,32.490002000000004,32.700001,31.479215999999997,638900,0.0,1.0
2015-10-12,32.66,32.880001,32.549999,32.75,31.527344,83300,0.0,1.0
2015-10-13,32.59,33.07,32.299999,32.310001,31.103775,97400,0.0,1.0
2015-10-14,32.419998,32.779999,32.169998,32.25,31.046015,90300,0.0,1.0
2015-10-15,32.099998,33.060001,32.049999,33.040001000000004,31.806519,118100,0.0,1.0
2015-10-16,33.209998999999996,33.400002,33.099998,33.310001,32.066441,228100,0.0,1.0
2015-10-19,33.25,33.59,33.040001000000004,33.43,32.181961,168500,0.0,1.0
2015-10-20,33.419998,33.439999,32.790001000000004,32.93,31.700622999999997,242000,0.0,1.0
2015-10-21,33.119999,33.119999,32.029999,32.630001,31.411825,143100,0.0,1.0
2015-10-22,32.630001,32.630001,31.889999,32.290001000000004,31.084521999999996,212500,0.0,1.0
2015-10-23,32.540001000000004,33.200001,32.509997999999996,33.040001000000004,31.806519,538400,0.0,1.0
2015-10-26,33.0,33.389998999999996,32.860001000000004,33.189999,31.950915999999996,110800,0.0,1.0
2015-10-27,33.279999,33.759997999999996,33.279999,33.759997999999996,32.499641,113800,0.0,1.0
2015-10-28,33.740002000000004,34.119999,33.439999,34.119999,32.846199,235200,0.0,1.0
2015-10-29,34.200001,34.529999,34.060001,34.16,32.884705,84100,0.0,1.0
2015-10-30,34.360001000000004,34.369999,34.02,34.02,32.749935,117500,0.0,1.0
2015-11-02,34.200001,34.799999,34.16,34.77,33.471934999999995,542400,0.0,1.0
2015-11-03,34.75,34.830002,34.41,34.720001,33.423805,257000,0.0,1.0
2015-11-04,34.91,34.91,34.389998999999996,34.639998999999996,33.346786,117300,0.0,1.0
2015-11-05,34.700001,34.700001,34.169998,34.509997999999996,33.221641999999996,78000,0.0,1.0
2015-11-06,34.299999,34.419998,33.970001,34.400002,33.115753000000005,126100,0.0,1.0
2015-11-09,34.279999,34.310001,34.0,34.18,32.903954,92600,0.0,1.0
2015-11-10,34.119999,34.48,34.02,34.400002,33.115753000000005,853600,0.0,1.0
2015-11-11,34.450001,34.450001,34.029999,34.040001000000004,32.76918,72700,0.0,1.0
2015-11-12,33.849998,33.959998999999996,33.41,33.41,32.162704,93400,0.0,1.0
2015-11-13,33.369999,33.68,33.290001000000004,33.41,32.162704,68500,0.0,1.0
2015-11-16,33.360001000000004,33.740002000000004,33.349998,33.73,32.470757,72600,0.0,1.0
2015-11-17,33.830002,34.119999,33.66,33.91,32.644042999999996,125800,0.0,1.0
2015-11-18,34.049999,34.610001000000004,33.98,34.57,33.2794,107200,0.0,1.0
2015-11-19,34.360001000000004,34.389998999999996,33.950001,34.009997999999996,32.740303000000004,126800,0.0,1.0
2015-11-20,34.139998999999996,34.43,34.139998999999996,34.240002000000004,32.96172,90500,0.0,1.0
2015-11-23,34.110001000000004,34.439999,34.110001000000004,34.23,32.952095,159700,0.0,1.0
2015-11-24,34.040001000000004,34.360001000000004,34.0,34.330002,33.048363,57500,0.0,1.0
2015-11-25,34.360001000000004,34.599998,34.360001000000004,34.560001,33.269775,72900,0.0,1.0
2015-11-27,34.580002,34.700001,34.560001,34.630001,33.337154,40900,0.0,1.0
2015-11-30,34.669998,34.669998,34.169998,34.169998,32.894337,86700,0.0,1.0
2015-12-01,34.380001,34.720001,34.220001,34.68,33.385296000000004,116500,0.0,1.0
2015-12-02,34.740002000000004,34.830002,34.389998999999996,34.41,33.125378000000005,53500,0.0,1.0
2015-12-03,34.529999,34.529999,33.509997999999996,33.630001,32.374489000000004,102600,0.0,1.0
2015-12-04,33.68,34.419998,33.68,34.389998999999996,33.106117,98400,0.0,1.0
2015-12-07,34.369999,34.43,33.970001,34.110001000000004,32.836571,71200,0.0,1.0
2015-12-08,33.900002,34.330002,33.810001,34.23,32.952095,76500,0.0,1.0
2015-12-09,34.049999,34.349998,33.720001,33.84,32.576648999999996,157700,0.0,1.0
2015-12-10,33.900002,34.299999,33.82,34.09,32.817318,52900,0.0,1.0
2015-12-11,33.720001,33.869999,33.52,33.57,32.31673,92200,0.0,1.0
2015-12-14,33.580002,33.740002000000004,33.25,33.68,32.422623,84900,0.0,1.0
2015-12-15,34.029999,34.330002,34.029999,34.200001,32.923206,126200,0.0,1.0
2015-12-16,34.439999,34.740002000000004,34.200001,34.700001,33.404540999999995,109100,0.0,1.0
2015-12-17,34.779999,34.810001,34.299999,34.299999,33.019482,69700,0.0,1.0
2015-12-18,34.099998,34.119999,33.799999,33.799999,32.638058,102700,0.105,1.0
2015-12-21,33.990002000000004,34.060001,33.860001000000004,34.040001000000004,32.869801,104200,0.0,1.0
2015-12-22,34.220001,34.34,34.0,34.27,33.0919,286900,0.0,1.0
2015-12-23,34.5,34.740002000000004,34.459998999999996,34.68,33.487808,101400,0.0,1.0
2015-12-24,34.59,34.810001,34.540001000000004,34.700001,33.507114,50600,0.0,1.0
2015-12-28,34.599998,34.599998,34.439999,34.529999,33.342964,97100,0.0,1.0
2015-12-29,34.830002,35.040001000000004,34.549999,34.98,33.777493,144500,0.0,1.0
2015-12-30,34.950001,35.0,34.799999,34.830002,33.632652,399600,0.0,1.0
2015-12-31,34.849998,34.849998,34.529999,34.529999,33.342964,108200,0.0,1.0
2016-01-04,33.869999,33.970001,33.509997999999996,33.82,32.657368,276400,0.0,1.0
2016-01-05,33.91,34.130001,33.84,33.98,32.811873999999996,113600,0.0,1.0
2016-01-06,33.529999,33.889998999999996,33.400002,33.59,32.43528,288600,0.0,1.0
2016-01-07,33.049999,33.349998,32.790001000000004,32.849998,31.720713,449300,0.0,1.0
2016-01-08,33.080002,33.16,32.32,32.41,31.295840999999996,340200,0.0,1.0
2016-01-11,32.580002,32.599998,31.459999,31.950001,30.851662,295700,0.0,1.0
2016-01-12,32.189999,32.580002,31.74,32.290001000000004,31.179971999999996,251400,0.0,1.0
2016-01-13,32.419998,32.529999,31.24,31.25,30.175721999999997,144500,0.0,1.0
2016-01-14,31.379998999999998,32.27,31.059998999999998,32.07,30.967533000000003,791100,0.0,1.0
2016-01-15,31.23,31.700001,31.110001,31.67,30.581282,196900,0.0,1.0
2016-01-19,31.780001000000002,32.060001,31.18,31.49,30.407469,299000,0.0,1.0
2016-01-20,31.030001000000002,31.98,30.549999,31.66,30.571627000000003,385400,0.0,1.0
2016-01-21,31.67,31.809998999999998,31.25,31.459999,30.3785,344600,0.0,1.0
2016-01-22,31.92,32.099998,31.77,32.060001,30.957876000000002,71700,0.0,1.0
2016-01-25,31.93,32.150002,31.690001000000002,31.75,30.658531,79100,0.0,1.0
2016-01-26,31.799999,32.02,31.459999,31.950001,30.851662,64700,0.0,1.0
2016-01-27,31.940001000000002,32.189999,31.34,31.52,30.436438,81000,0.0,1.0
2016-01-28,31.66,31.66,30.59,30.73,29.673596999999997,104500,0.0,1.0
2016-01-29,30.719998999999998,31.309998999999998,30.719998999999998,31.309998999999998,30.233658000000002,152600,0.0,1.0
2016-02-01,31.1,31.530001000000002,30.9,31.4,30.320565999999996,336700,0.0,1.0
2016-02-02,31.040001,31.23,30.780001000000002,30.85,29.789472999999997,1067700,0.0,1.0
2016-02-03,31.030001000000002,31.139999,30.34,31.0,29.934317,819400,0.0,1.0
2016-02-04,30.860001,31.209999,30.700001,30.959999,29.895690999999996,284600,0.0,1.0
2016-02-05,30.790001,30.790001,30.1,30.27,29.229408000000003,135400,0.0,1.0
2016-02-08,29.92,29.99,29.35,29.74,28.71763,467600,0.0,1.0
2016-02-09,29.370001000000002,30.190001000000002,29.35,29.9,28.872128999999997,215100,0.0,1.0
2016-02-10,30.139999,30.65,30.139999,30.18,29.142504,58100,0.0,1.0
2016-02-11,29.67,29.889999,29.48,29.690001000000002,28.66935,165200,0.0,1.0
2016-02-12,29.99,30.120001000000002,29.639999,30.110001,29.074911,483900,0.0,1.0
2016-02-16,30.450001,30.73,30.360001,30.73,29.673596999999997,89600,0.0,1.0
2016-02-17,30.91,31.219998999999998,30.780001000000002,31.219998999999998,30.146751000000002,89300,0.0,1.0
2016-02-18,31.190001000000002,31.34,30.879998999999998,30.959999,29.895690999999996,68500,0.0,1.0
2016-02-19,30.83,31.030001000000002,30.75,30.959999,29.895690999999996,52500,0.0,1.0
2016-02-22,31.219998999999998,31.4,31.190001000000002,31.389999,30.310907,82000,0.0,1.0
2016-02-23,31.299999,31.440001000000002,31.08,31.09,30.021225,57300,0.0,1.0
2016-02-24,30.85,31.26,30.610001,31.23,30.156409999999997,65300,0.0,1.0
2016-02-25,31.33,31.6,31.24,31.58,30.494379,59300,0.0,1.0
2016-02-26,31.690001000000002,31.84,31.57,31.58,30.494379,67100,0.0,1.0
2016-02-29,31.530001000000002,31.58,31.08,31.08,30.011566,99700,0.0,1.0
2016-03-01,31.26,31.75,31.129998999999998,31.75,30.658531,65800,0.0,1.0
2016-03-02,31.709999,31.9,31.690001000000002,31.9,30.803377,183100,0.0,1.0
2016-03-03,31.809998999999998,31.85,31.549999,31.82,30.726128000000003,256000,0.0,1.0
2016-03-04,31.82,32.0,31.66,31.780001000000002,30.687503999999997,61100,0.0,1.0
2016-03-07,31.559998999999998,32.189999,31.559998999999998,32.09,30.986845000000002,76000,0.0,1.0
2016-03-08,31.93,31.93,31.57,31.59,30.50403,60600,0.0,1.0
2016-03-09,31.790001,31.790001,31.440001000000002,31.639999,30.552315000000004,73500,0.0,1.0
2016-03-10,31.76,32.0,31.389999,31.620001000000002,30.533003000000004,56600,0.0,1.0
2016-03-11,31.83,32.27,31.780001000000002,32.25,31.141346000000002,113300,0.0,1.0
2016-03-14,32.16,32.279999,32.07,32.169998,31.064093,63100,0.0,1.0
2016-03-15,31.9,31.99,31.469998999999998,31.530001000000002,30.4461,67000,0.0,1.0
2016-03-16,31.49,31.66,31.209999,31.440001000000002,30.35919,84400,0.0,1.0
2016-03-17,31.4,31.43,30.799999,31.16,30.088818,197600,0.0,1.0
2016-03-18,31.0,31.5,31.0,31.43,30.459995000000003,166000,0.113,1.0
2016-03-21,31.450001,31.66,31.41,31.6,30.624747999999997,99400,0.0,1.0
2016-03-22,31.440001000000002,32.040001000000004,31.440001000000002,31.969998999999998,30.98333,400400,0.0,1.0
2016-03-23,31.93,32.02,31.66,31.67,30.692587,119400,0.0,1.0
2016-03-24,31.51,31.780001000000002,31.41,31.629998999999998,30.653821999999998,52800,0.0,1.0
2016-03-28,31.700001,31.73,31.48,31.540001,30.566601000000002,80900,0.0,1.0
2016-03-29,31.52,31.99,31.360001,31.98,30.993019,100500,0.0,1.0
2016-03-30,32.09,32.25,31.92,31.959999,30.973639000000002,60900,0.0,1.0
2016-03-31,31.969998999999998,32.209998999999996,31.959999,31.98,30.993019,72400,0.0,1.0
2016-04-01,31.870001000000002,32.48,31.799999,32.419998,31.419442999999998,325500,0.0,1.0
2016-04-04,32.48,32.880001,32.48,32.720001,31.710184,88400,0.0,1.0
2016-04-05,32.349998,32.509997999999996,32.23,32.299999,31.303144,86400,0.0,1.0
2016-04-06,32.360001000000004,33.259997999999996,32.360001000000004,33.259997999999996,32.233509000000005,85200,0.0,1.0
2016-04-07,33.099998,33.259997999999996,32.73,32.91,31.89432,122300,0.0,1.0
2016-04-08,33.09,33.09,32.610001000000004,32.740002000000004,31.729567,77600,0.0,1.0
2016-04-11,32.82,32.860001000000004,32.450001,32.509997999999996,31.506659000000003,135900,0.0,1.0
2016-04-12,32.5,32.849998,32.5,32.75,31.739256,60500,0.0,1.0
2016-04-13,32.959998999999996,33.150002,32.759997999999996,33.130001,32.107533000000004,114200,0.0,1.0
2016-04-14,33.099998,33.290001000000004,33.09,33.18,32.155986999999996,54300,0.0,1.0
2016-04-15,33.209998999999996,33.25,32.959998999999996,33.18,32.155986999999996,58300,0.0,1.0
2016-04-18,33.099998,33.5,33.060001,33.459998999999996,32.427338,71300,0.0,1.0
2016-04-19,33.52,33.740002000000004,33.369999,33.490002000000004,32.456421,312200,0.0,1.0
2016-04-20,33.599998,33.869999,33.560001,33.73,32.689007000000004,407600,0.0,1.0
2016-04-21,33.650002,33.990002000000004,33.650002,33.93,32.882839000000004,76500,0.0,1.0
2016-04-22,33.959998999999996,34.099998,33.790001000000004,34.029999,32.979752000000005,79800,0.0,1.0
2016-04-25,33.959998999999996,34.029999,33.790001000000004,33.91,32.863461,57500,0.0,1.0
2016-04-26,33.91,33.939999,33.639998999999996,33.73,32.689007000000004,45200,0.0,1.0
2016-04-27,33.790001000000004,33.869999,33.560001,33.689999,32.650242,75300,0.0,1.0
2016-04-28,33.490002000000004,33.860001000000004,33.349998,33.48,32.446723999999996,71400,0.0,1.0
2016-04-29,33.240002000000004,33.240002000000004,32.759997999999996,32.950001,31.933081,133400,0.0,1.0
2016-05-02,33.029999,33.18,32.889998999999996,33.169998,32.146294,82800,0.0,1.0
2016-05-03,33.02,33.220001,32.880001,32.990002000000004,31.971847999999998,490800,0.0,1.0
2016-05-04,32.810001,32.830002,32.540001000000004,32.610001000000004,31.603577,61900,0.0,1.0
2016-05-05,32.650002,32.790001000000004,32.549999,32.720001,31.710184,55500,0.0,1.0
2016-05-06,32.59,32.75,32.290001000000004,32.529999,31.526049,64400,0.0,1.0
2016-05-09,32.549999,33.080002,32.549999,32.959998999999996,31.942771999999998,63900,0.0,1.0
2016-05-10,33.110001000000004,33.220001,32.959998999999996,33.209998999999996,32.185055,64200,0.0,1.0
2016-05-11,33.209998999999996,33.240002000000004,32.799999,32.810001,31.797411,62200,0.0,1.0
2016-05-12,32.939999,32.939999,32.369999,32.549999,31.545433000000003,138700,0.0,1.0
2016-05-13,32.470001,32.709998999999996,32.380001,32.529999,31.526049,54700,0.0,1.0
2016-05-16,32.490002000000004,33.060001,32.490002000000004,33.009997999999996,31.991232,100900,0.0,1.0
2016-05-17,32.93,33.0,32.560001,32.66,31.652034999999998,51600,0.0,1.0
2016-05-18,32.630001,32.970001,32.630001,32.830002,31.816788,48500,0.0,1.0
2016-05-19,32.639998999999996,32.689999,32.349998,32.57,31.564809999999998,25100,0.0,1.0
2016-05-20,32.650002,32.959998999999996,32.650002,32.880001,31.865236,33100,0.0,1.0
2016-05-23,32.84,32.939999,32.77,32.779999,31.768332,37500,0.0,1.0
2016-05-24,32.91,33.330002,32.91,33.290001000000004,32.262592,86100,0.0,1.0
2016-05-25,33.450001,33.580002,33.389998999999996,33.490002000000004,32.456421,98700,0.0,1.0
2016-05-26,33.439999,33.529999,33.369999,33.439999,32.407963,65900,0.0,1.0
2016-05-27,33.52,33.700001,33.52,33.639998999999996,32.601788,47900,0.0,1.0
2016-05-31,33.75,33.84,33.630001,33.790001000000004,32.747153999999995,56100,0.0,1.0
2016-06-01,33.630001,33.959998999999996,33.599998,33.869999,32.824684000000005,124600,0.0,1.0
2016-06-02,33.889998999999996,34.330002,33.889998999999996,34.330002,33.270496,124600,0.0,1.0
2016-06-03,34.279999,34.330002,33.91,34.18,33.125118,62300,0.0,1.0
2016-06-06,34.150002,34.450001,34.060001,34.389998999999996,33.32864,156900,0.0,1.0
2016-06-07,34.290001000000004,34.299999,34.110001000000004,34.18,33.125118,101500,0.0,1.0
2016-06-08,34.150002,34.389998999999996,34.099998,34.349998,33.289879,81600,0.0,1.0
2016-06-09,34.240002000000004,34.470001,34.139998999999996,34.23,33.17358,94400,0.0,1.0
2016-06-10,34.009997999999996,34.049999,33.77,33.880001,32.834385,85300,0.0,1.0
2016-06-13,33.790001000000004,34.060001,33.610001000000004,33.639998999999996,32.601788,83400,0.0,1.0
2016-06-14,33.509997999999996,33.669998,33.380001,33.630001,32.592094,73800,0.0,1.0
2016-06-15,33.73,33.799999,33.419998,33.459998999999996,32.427338,84100,0.0,1.0
2016-06-16,33.32,33.57,33.139998999999996,33.540001000000004,32.504875,62700,0.0,1.0
2016-06-17,33.470001,33.470001,32.970001,33.029999,32.116913000000004,69400,0.111,1.0
2016-06-20,33.299999,33.52,33.259997999999996,33.279999,32.359992999999996,72800,0.0,1.0
2016-06-21,33.400002,33.400002,33.060001,33.150002,32.233585,92300,0.0,1.0
2016-06-22,33.189999,33.66,33.16,33.27,32.350269,193400,0.0,1.0
2016-06-23,33.57,33.73,33.419998,33.73,32.797554,56300,0.0,1.0
2016-06-24,32.740002000000004,33.209998999999996,32.580002,32.75,31.844646,206600,0.0,1.0
2016-06-27,32.439999,32.549999,32.060001,32.200001,31.309851000000002,343100,0.0,1.0
2016-06-28,32.5,32.869999,32.5,32.849998,31.941875,91500,0.0,1.0
2016-06-29,33.16,33.599998,33.02,33.509997999999996,32.583637,204900,0.0,1.0
2016-06-30,33.540001000000004,33.810001,33.389998999999996,33.810001,32.87534,89700,0.0,1.0
2016-07-01,33.860001000000004,34.130001,33.799999,34.07,33.128155,81400,0.0,1.0
2016-07-05,33.959998999999996,34.110001000000004,33.889998999999996,34.009997999999996,33.069813,149700,0.0,1.0
2016-07-06,33.950001,34.439999,33.889998999999996,34.400002,33.449036,61800,0.0,1.0
2016-07-07,34.450001,34.52,34.240002000000004,34.400002,33.449036,335100,0.0,1.0
2016-07-08,34.470001,34.84,34.380001,34.790001000000004,33.828259,118800,0.0,1.0
2016-07-11,34.869999,34.950001,34.75,34.75,33.789356,94900,0.0,1.0
2016-07-12,34.830002,35.009997999999996,34.82,34.93,33.964382,746300,0.0,1.0
2016-07-13,35.029999,35.150002,34.860001000000004,34.880001,33.915768,107100,0.0,1.0
2016-07-14,35.060001,35.060001,34.880001,35.009997999999996,34.042171,80100,0.0,1.0
2016-07-15,35.119999,35.23,34.970001,35.02,34.051899,72300,0.0,1.0
2016-07-18,35.029999,35.099998,34.91,35.029999,34.061615,80700,0.0,1.0
2016-07-19,35.060001,35.150002,34.82,34.939999,33.974102,82200,0.0,1.0
2016-07-20,35.009997999999996,35.349998,35.009997999999996,35.310001,34.333874,79700,0.0,1.0
2016-07-21,35.349998,35.48,35.23,35.380001,34.401947,82800,0.0,1.0
2016-07-22,35.419998,35.5,35.279999,35.43,34.450562,162500,0.0,1.0
2016-07-25,35.470001,35.5,35.209998999999996,35.389998999999996,34.411663,419800,0.0,1.0
2016-07-26,35.290001000000004,35.419998,35.240002000000004,35.369999,34.392216,41100,0.0,1.0
2016-07-27,35.360001000000004,35.599998,35.259997999999996,35.540001000000004,34.557514000000005,87100,0.0,1.0
2016-07-28,35.529999,35.610001000000004,35.349998,35.549999,34.567245,54300,0.0,1.0
2016-07-29,35.490002000000004,35.720001,35.450001,35.650002,34.664482,102300,0.0,1.0
2016-08-01,35.73,36.049999,35.73,35.889998999999996,34.897842,154300,0.0,1.0
2016-08-02,35.860001000000004,35.919998,35.509997999999996,35.700001,34.713097,121900,0.0,1.0
2016-08-03,35.700001,35.709998999999996,35.59,35.68,34.693649,53000,0.0,1.0
2016-08-04,35.77,35.77,35.599998,35.630001,34.645027,85500,0.0,1.0
2016-08-05,35.66,35.740002000000004,35.57,35.720001,34.732544,69200,0.0,1.0
2016-08-08,35.73,35.73,35.330002,35.439999,34.460285,152000,0.0,1.0
2016-08-09,35.470001,35.639998999999996,35.470001,35.52,34.538071,103400,0.0,1.0
2016-08-10,35.470001,35.549999,35.240002000000004,35.310001,34.333874,60200,0.0,1.0
2016-08-11,35.41,35.560001,35.349998,35.52,34.538071,74100,0.0,1.0
2016-08-12,35.5,35.5,35.330002,35.459998999999996,34.479733,52700,0.0,1.0
2016-08-15,35.5,35.630001,35.470001,35.540001000000004,34.557514000000005,79600,0.0,1.0
2016-08-16,35.470001,35.5,35.209998999999996,35.209998999999996,34.236645,213000,0.0,1.0
2016-08-17,35.240002000000004,35.259997999999996,35.02,35.220001,34.246365000000004,106300,0.0,1.0
2016-08-18,35.23,35.34,35.16,35.279999,34.304707,76500,0.0,1.0
2016-08-19,35.18,35.259997999999996,34.889998999999996,35.240002000000004,34.265816,51900,0.0,1.0
2016-08-22,35.27,35.490002000000004,35.25,35.389998999999996,34.411663,37000,0.0,1.0
2016-08-23,35.5,35.599998,35.419998,35.43,34.450562,60800,0.0,1.0
2016-08-24,35.439999,35.5,34.759997999999996,34.810001,33.847702000000005,75600,0.0,1.0
2016-08-25,34.790001000000004,34.889998999999996,34.400002,34.540001000000004,33.585167,77300,0.0,1.0
2016-08-26,34.59,34.869999,34.5,34.689999,33.731014,55200,0.0,1.0
2016-08-29,34.75,34.869999,34.66,34.779999,33.818527,88000,0.0,1.0
2016-08-30,34.779999,34.82,34.599998,34.689999,33.731014,53800,0.0,1.0
2016-08-31,34.650002,34.66,34.43,34.57,33.614334,111000,0.0,1.0
2016-09-01,34.599998,34.599998,34.310001,34.509997999999996,33.555988,119500,0.0,1.0
2016-09-02,34.599998,34.599998,34.459998999999996,34.540001000000004,33.585167,105100,0.0,1.0
2016-09-06,34.630001,34.779999,34.549999,34.709998999999996,33.750469,90700,0.0,1.0
2016-09-07,34.709998999999996,34.849998,34.650002,34.740002000000004,33.779635999999996,91100,0.0,1.0
2016-09-08,34.73,34.84,34.650002,34.830002,33.867142,54600,0.0,1.0
2016-09-09,34.57,34.57,34.07,34.09,33.147606,130700,0.0,1.0
2016-09-12,33.880001,34.66,33.810001,34.599998,33.643496999999996,96200,0.0,1.0
2016-09-13,34.41,34.41,33.93,34.139998999999996,33.196224,174300,0.0,1.0
2016-09-14,34.150002,34.369999,34.049999,34.119999,33.176773,42600,0.0,1.0
2016-09-15,34.130001,34.630001,34.040001000000004,34.52,33.565712,46900,0.0,1.0
2016-09-16,34.330002,34.48,34.310001,34.450001,33.615486,29000,0.121,1.0
2016-09-19,34.549999,34.639998999999996,34.34,34.349998,33.517899,52200,0.0,1.0
2016-09-20,34.57,34.610001000000004,34.459998999999996,34.549999,33.713058000000004,95200,0.0,1.0
2016-09-21,34.599998,34.880001,34.360001000000004,34.849998,34.005790999999995,78500,0.0,1.0
2016-09-22,34.959998999999996,35.150002,34.939999,35.119999,34.269253000000006,77900,0.0,1.0
2016-09-23,35.080002,35.119999,34.959998999999996,34.98,34.132645000000004,29000,0.0,1.0
2016-09-26,34.830002,34.830002,34.490002000000004,34.540001000000004,33.7033,111000,0.0,1.0
2016-09-27,34.540001000000004,34.830002,34.490002000000004,34.830002,33.986278999999996,45500,0.0,1.0
2016-09-28,34.860001000000004,34.860001000000004,34.580002,34.77,33.927731,58300,0.0,1.0
2016-09-29,34.75,34.77,34.040001000000004,34.130001,33.303238,69200,0.0,1.0
2016-09-30,34.23,34.57,34.119999,34.450001,33.615486,267100,0.0,1.0
2016-10-03,34.380001,34.439999,34.18,34.41,33.576446999999995,142200,0.0,1.0
2016-10-04,34.41,34.52,34.200001,34.34,33.508152,98300,0.0,1.0
2016-10-05,34.450001,34.59,34.450001,34.509997999999996,33.674023,109200,0.0,1.0
2016-10-06,34.369999,34.389998999999996,34.169998,34.290001000000004,33.459362,130200,0.0,1.0
2016-10-07,34.380001,34.439999,34.099998,34.330002,33.49839,58200,0.0,1.0
2016-10-10,34.330002,34.639998999999996,34.330002,34.529999,33.693542,70900,0.0,1.0
2016-10-11,34.32,34.369999,33.509997999999996,33.669998,32.85437,280500,0.0,1.0
2016-10-12,33.68,33.77,33.400002,33.41,32.60067,97300,0.0,1.0
2016-10-13,33.220001,33.560001,33.169998,33.43,32.620197,149600,0.0,1.0
2016-10-14,33.549999,33.549999,33.169998,33.18,32.376244,149600,0.0,1.0
2016-10-17,33.139998999999996,33.18,32.98,33.060001,32.259159000000004,152500,0.0,1.0
2016-10-18,33.32,33.529999,33.32,33.439999,32.629944,98800,0.0,1.0
2016-10-19,33.450001,33.5,33.310001,33.32,32.512856,115000,0.0,1.0
2016-10-20,33.34,33.560001,33.290001000000004,33.509997999999996,32.69825,78700,0.0,1.0
2016-10-21,33.32,33.32,33.139998999999996,33.240002000000004,32.434799,78500,0.0,1.0
2016-10-24,33.27,33.369999,33.169998,33.189999,32.386005,99900,0.0,1.0
2016-10-25,33.110001000000004,33.220001,33.009997999999996,33.02,32.220116,580800,0.0,1.0
2016-10-26,32.939999,33.0,32.630001,32.73,31.937146999999996,75000,0.0,1.0
2016-10-27,32.919998,33.029999,32.790001000000004,32.810001,32.015205,87700,0.0,1.0
2016-10-28,32.470001,32.619999,32.080002,32.16,31.380953,128900,0.0,1.0
2016-10-31,32.139998999999996,32.150002,32.0,32.02,31.244345000000003,461700,0.0,1.0
2016-11-01,32.02,32.099998,31.59,31.879998999999998,31.107734999999998,532300,0.0,1.0
2016-11-02,31.780001000000002,31.969998999999998,31.68,31.68,30.912584000000003,112600,0.0,1.0
2016-11-03,31.709999,31.870001000000002,31.24,31.27,30.512512,102200,0.0,1.0
2016-11-04,31.32,31.780001000000002,31.32,31.540001,30.775971999999996,142700,0.0,1.0
2016-11-07,31.969998999999998,32.419998,31.83,32.360001000000004,31.576115,221800,0.0,1.0
2016-11-08,32.23,32.669998,32.110001000000004,32.450001,31.663929,77400,0.0,1.0
2016-11-09,33.27,33.830002,32.880001,33.599998,32.786068,425500,0.0,1.0
2016-11-10,34.029999,34.209998999999996,33.75,34.009997999999996,33.186134,647000,0.0,1.0
2016-11-11,33.919998,33.919998,33.450001,33.650002,32.834862,171200,0.0,1.0
2016-11-14,33.720001,33.84,33.540001000000004,33.630001,32.815346000000005,197900,0.0,1.0
2016-11-15,33.709998999999996,33.75,33.380001,33.68,32.864136,252800,0.0,1.0
2016-11-16,33.700001,33.77,33.5,33.5,32.688496,268500,0.0,1.0
2016-11-17,33.869999,33.869999,33.48,33.73,32.912921999999995,195700,0.0,1.0
2016-11-18,33.91,33.91,33.369999,33.389998999999996,32.581158,188000,0.0,1.0
2016-11-21,33.41,33.549999,33.389998999999996,33.48,32.66898,349000,0.0,1.0
2016-11-22,33.48,33.5,32.799999,33.040001000000004,32.239643,218200,0.0,1.0
2016-11-23,32.580002,33.220001,32.57,33.220001,32.415279,264700,0.0,1.0
2016-11-25,33.32,33.369999,33.189999,33.349998,32.54213,252900,0.0,1.0
2016-11-28,33.240002000000004,33.25,33.0,33.040001000000004,32.239643,199200,0.0,1.0
2016-11-29,33.150002,33.299999,33.139998999999996,33.200001,32.395759999999996,75600,0.0,1.0
2016-11-30,33.27,33.27,32.849998,32.880001,32.083515000000006,131500,0.0,1.0
2016-12-01,32.93,32.93,32.48,32.560001,31.771265000000003,173800,0.0,1.0
2016-12-02,32.57,32.810001,32.540001000000004,32.66,31.868840999999996,58800,0.0,1.0
2016-12-05,32.790001000000004,32.860001000000004,32.57,32.700001,31.907873,101300,0.0,1.0
2016-12-06,32.759997999999996,32.830002,32.599998,32.82,32.024963,90200,0.0,1.0
2016-12-07,32.619999,32.619999,32.07,32.490002000000004,31.702959000000003,230100,0.0,1.0
2016-12-08,32.43,32.619999,32.200001,32.599998,31.810290999999996,156000,0.0,1.0
2016-12-09,32.709998999999996,33.029999,32.709998999999996,32.919998,32.122547,133400,0.0,1.0
2016-12-12,32.889998999999996,33.099998,32.880001,33.099998,32.29818,123500,0.0,1.0
2016-12-13,33.189999,33.349998,33.169998,33.27,32.464069,131300,0.0,1.0
2016-12-14,33.299999,33.459998999999996,33.02,33.119999,32.317699,111800,0.0,1.0
2016-12-15,33.299999,33.400002,33.189999,33.380001,32.571404,94600,0.0,1.0
2016-12-16,33.32,33.41,33.209998999999996,33.27,32.578262,119100,0.11699999999999999,1.0
2016-12-19,33.290001000000004,33.439999,33.09,33.099998,32.411789,104800,0.0,1.0
2016-12-20,33.279999,33.279999,33.049999,33.099998,32.411789,90500,0.0,1.0
2016-12-21,33.099998,33.189999,32.889998999999996,32.919998,32.235531,118200,0.0,1.0
2016-12-22,32.939999,32.939999,32.75,32.889998999999996,32.206158,216600,0.0,1.0
2016-12-23,32.939999,33.23,32.93,33.23,32.539089000000004,123700,0.0,1.0
2016-12-27,33.279999,33.459998999999996,33.23,33.240002000000004,32.548882,152200,0.0,1.0
2016-12-28,33.25,33.25,32.98,32.98,32.294284999999995,90100,0.0,1.0
2016-12-29,32.990002000000004,33.130001,32.970001,33.040001000000004,32.353039,100600,0.0,1.0
2016-12-30,33.060001,33.07,32.790001000000004,32.889998999999996,32.206158,168700,0.0,1.0
2017-01-03,33.119999,33.32,33.029999,33.299999,32.607634999999995,239700,0.0,1.0
2017-01-04,33.380001,33.740002000000004,33.380001,33.650002,32.950356,252400,0.0,1.0
2017-01-05,33.650002,33.810001,33.599998,33.779999,33.077652,213200,0.0,1.0
2017-01-06,33.900002,33.990002000000004,33.75,33.91,33.204952,356200,0.0,1.0
2017-01-09,33.990002000000004,34.200001,33.919998,34.150002,33.439964,374300,0.0,1.0
2017-01-10,34.220001,34.439999,34.080002,34.299999,33.586838,1002300,0.0,1.0
2017-01-11,34.349998,34.450001,33.599998,33.900002,33.195159999999994,340400,0.0,1.0
2017-01-12,33.869999,33.98,33.68,33.970001,33.263702,143200,0.0,1.0
2017-01-13,34.0,34.18,33.98,34.040001000000004,33.332245,86400,0.0,1.0
2017-01-17,33.880001,33.91,33.57,33.84,33.136406,124900,0.0,1.0
2017-01-18,33.93,34.0,33.700001,33.799999,33.097237,127300,0.0,1.0
2017-01-19,33.799999,33.799999,33.529999,33.610001000000004,32.911190000000005,95500,0.0,1.0
2017-01-20,33.630001,33.720001,33.470001,33.490002000000004,32.793682000000004,104400,0.0,1.0
2017-01-23,33.43,33.529999,33.23,33.34,32.646801,168000,0.0,1.0
2017-01-24,33.310001,33.330002,32.970001,33.150002,32.460751,186200,0.0,1.0
2017-01-25,33.240002000000004,33.470001,33.189999,33.43,32.734936,216200,0.0,1.0
2017-01-26,33.43,33.439999,33.209998999999996,33.23,32.539089000000004,113900,0.0,1.0
2017-01-27,33.25,33.490002000000004,33.25,33.48,32.78389,176300,0.0,1.0
2017-01-30,33.41,33.41,33.099998,33.240002000000004,32.548882,989300,0.0,1.0
2017-01-31,33.209998999999996,33.790001000000004,33.099998,33.77,33.067863,257300,0.0,1.0
2017-02-01,33.880001,34.060001,33.77,34.02,33.312664,179800,0.0,1.0
2017-02-02,34.0,34.099998,33.82,34.080002,33.371418,184800,0.0,1.0
2017-02-03,34.25,34.299999,34.060001,34.279999,33.567253,185700,0.0,1.0
2017-02-06,34.25,34.290001000000004,34.130001,34.290001000000004,33.577049,139300,0.0,1.0
2017-02-07,34.360001000000004,34.439999,34.200001,34.290001000000004,33.577049,112500,0.0,1.0
2017-02-08,34.18,34.32,34.040001000000004,34.279999,33.567253,139200,0.0,1.0
2017-02-09,34.310001,34.549999,34.310001,34.470001,33.753311,77200,0.0,1.0
2017-02-10,34.52,34.610001000000004,34.43,34.5,33.782684,117700,0.0,1.0
2017-02-13,34.619999,34.75,34.59,34.75,34.027481,117400,0.0,1.0
2017-02-14,34.709998999999996,35.009997999999996,34.650002,35.009997999999996,34.282074,137600,0.0,1.0
2017-02-15,34.959998999999996,35.439999,34.959998999999996,35.380001,34.644386,343000,0.0,1.0
2017-02-16,35.400002,35.43,35.080002,35.34,34.605213,220800,0.0,1.0
2017-02-17,35.220001,35.400002,35.209998999999996,35.380001,34.644386,143100,0.0,1.0
2017-02-21,35.490002000000004,35.639998999999996,35.389998999999996,35.529999,34.791267,358300,0.0,1.0
2017-02-22,35.450001,35.59,35.450001,35.470001,34.732513,115800,0.0,1.0
2017-02-23,35.509997999999996,35.709998999999996,35.389998999999996,35.669998,34.92836,176900,0.0,1.0
2017-02-24,35.57,35.860001000000004,35.57,35.860001000000004,35.114407,154000,0.0,1.0
2017-02-27,35.84,36.110001000000004,35.799999,36.099998,35.349415,263900,0.0,1.0
2017-02-28,36.009997999999996,36.130001,35.91,35.990002000000004,35.241703,226700,0.0,1.0
2017-03-01,36.18,36.470001,36.130001,36.400002,35.643181,634900,0.0,1.0
2017-03-02,36.360001000000004,36.470001,36.27,36.299999,35.545254,380100,0.0,1.0
2017-03-03,36.279999,36.439999,36.220001,36.439999,35.682342999999996,160200,0.0,1.0
2017-03-06,36.310001,36.34,36.110001000000004,36.25,35.496296,167700,0.0,1.0
2017-03-07,35.900002,36.130001,35.84,35.939999,35.192738,164500,0.0,1.0
2017-03-08,36.009997999999996,36.23,35.990002000000004,36.119999,35.368996,109800,0.0,1.0
2017-03-09,36.150002,36.330002,36.110001000000004,36.290001000000004,35.535469,112300,0.0,1.0
2017-03-10,36.470001,36.470001,36.27,36.450001,35.692135,134300,0.0,1.0
2017-03-13,36.450001,36.459998999999996,36.240002000000004,36.43,35.672554,103000,0.0,1.0
2017-03-14,36.34,36.389998999999996,36.200001,36.27,35.515881,101400,0.0,1.0
2017-03-15,36.299999,36.790001000000004,36.299999,36.709998999999996,35.946735,127600,0.0,1.0
2017-03-16,36.73,36.73,36.25,36.41,35.652966,152100,0.0,1.0
2017-03-17,36.16,36.32,36.040001000000004,36.099998,35.471191,149500,0.125,1.0
2017-03-20,36.220001,36.220001,35.98,36.060001,35.431889,122800,0.0,1.0
2017-03-21,36.189999,36.209998999999996,35.580002,35.639998999999996,35.019203000000005,186300,0.0,1.0
2017-03-22,35.619999,35.77,35.490002000000004,35.700001,35.078163,142400,0.0,1.0
2017-03-23,35.650002,35.830002,35.529999,35.599998,34.979896999999994,107400,0.0,1.0
2017-03-24,35.650002,35.790001000000004,35.509997999999996,35.619999,34.999553999999996,80600,0.0,1.0
2017-03-27,35.439999,35.849998,35.43,35.810001,35.186245,101800,0.0,1.0
2017-03-28,35.799999,35.860001000000004,35.630001,35.849998,35.225544,166200,0.0,1.0
2017-03-29,35.830002,35.93,35.77,35.84,35.215717,58600,0.0,1.0
2017-03-30,35.849998,35.900002,35.75,35.84,35.215717,60600,0.0,1.0
2017-03-31,35.790001000000004,35.860001000000004,35.709998999999996,35.709998999999996,35.087982000000004,112900,0.0,1.0
2017-04-03,35.810001,35.939999,35.630001,35.77,35.146938,155300,0.0,1.0
2017-04-04,35.75,35.75,35.599998,35.689999,35.068329,63000,0.0,1.0
2017-04-05,35.75,35.950001,35.529999,35.560001,34.940598,75800,0.0,1.0
2017-04-06,35.560001,35.68,35.459998999999996,35.630001,35.00938,102100,0.0,1.0
2017-04-07,35.610001000000004,35.77,35.549999,35.700001,35.078163,56400,0.0,1.0
2017-04-10,35.75,35.84,35.630001,35.650002,35.02903,68100,0.0,1.0
2017-04-11,35.630001,35.650002,35.41,35.599998,34.979896999999994,85600,0.0,1.0
2017-04-12,35.610001000000004,35.630001,35.459998999999996,35.599998,34.979896999999994,77000,0.0,1.0
2017-04-13,35.549999,35.669998,35.5,35.549999,34.930766999999996,46600,0.0,1.0
2017-04-17,35.490002000000004,35.669998,35.450001,35.66,35.038853,67100,0.0,1.0
2017-04-18,35.52,35.540001000000004,35.150002,35.330002,34.714607,141800,0.0,1.0
2017-04-19,35.439999,35.52,35.360001000000004,35.43,34.812862,90600,0.0,1.0
2017-04-20,35.540001000000004,35.700001,35.32,35.66,35.038853,74900,0.0,1.0
2017-04-21,35.580002,35.599998,35.360001000000004,35.459998999999996,34.842339,61400,0.0,1.0
2017-04-24,35.830002,35.860001000000004,35.740002000000004,35.799999,35.176414,89900,0.0,1.0
2017-04-25,35.900002,36.09,35.880001,35.990002000000004,35.36311,156000,0.0,1.0
2017-04-26,36.09,36.279999,36.09,36.189999,35.559624,93000,0.0,1.0
2017-04-27,36.189999,36.43,36.189999,36.290001000000004,35.657887,117400,0.0,1.0
2017-04-28,36.360001000000004,36.380001,36.259997999999996,36.330002,35.697186,140600,0.0,1.0
2017-05-01,36.48,36.549999,36.389998999999996,36.439999,35.805264,394300,0.0,1.0
2017-05-02,36.52,36.57,36.310001,36.560001,35.923183,92300,0.0,1.0
2017-05-03,36.490002000000004,36.490002000000004,36.27,36.369999,35.736492,91100,0.0,1.0
2017-05-04,36.439999,36.59,36.369999,36.59,35.952656,59800,0.0,1.0
2017-05-05,36.619999,36.619999,36.389998999999996,36.529999,35.8937,105500,0.0,1.0
2017-05-08,36.560001,36.580002,36.23,36.299999,35.667709,83800,0.0,1.0
2017-05-09,36.310001,36.389998999999996,36.279999,36.349998,35.716834999999996,77000,0.0,1.0
2017-05-10,36.310001,36.310001,36.099998,36.279999,35.648052,48100,0.0,1.0
2017-05-11,36.25,36.290001000000004,36.110001000000004,36.279999,35.648052,62500,0.0,1.0
2017-05-12,36.279999,36.330002,36.200001,36.25,35.618576000000004,43800,0.0,1.0
2017-05-15,36.279999,36.509997999999996,36.279999,36.509997999999996,35.87405,70000,0.0,1.0
2017-05-16,36.490002000000004,36.490002000000004,36.27,36.369999,35.736492,138400,0.0,1.0
2017-05-17,36.07,36.139998999999996,35.849998,35.860001000000004,35.235371,106800,0.0,1.0
2017-05-18,35.860001000000004,36.209998999999996,35.849998,36.040001000000004,35.412234999999995,89100,0.0,1.0
2017-05-19,36.209998999999996,36.240002000000004,36.080002,36.119999,35.490840999999996,118000,0.0,1.0
2017-05-22,36.139998999999996,36.25,36.07,36.220001,35.5891,74800,0.0,1.0
2017-05-23,36.27,36.400002,36.27,36.34,35.707012,54600,0.0,1.0
2017-05-24,36.369999,36.459998999999996,36.240002000000004,36.41,35.775787,68900,0.0,1.0
2017-05-25,36.509997999999996,36.650002,36.450001,36.619999,35.982128,72800,0.0,1.0
2017-05-26,36.59,36.66,36.48,36.5,35.864227,66500,0.0,1.0
2017-05-30,36.470001,36.549999,36.360001000000004,36.400002,35.765968,118300,0.0,1.0
2017-05-31,36.52,36.639998999999996,36.439999,36.59,35.952656,114800,0.0,1.0
2017-06-01,36.639998999999996,37.02,36.630001,37.0,36.355515000000004,295800,0.0,1.0
2017-06-02,37.139998999999996,37.330002,37.099998,37.290001000000004,36.640461,98300,0.0,1.0
2017-06-05,37.299999,37.299999,37.07,37.150002,36.502903,106000,0.0,1.0
2017-06-06,37.110001000000004,37.220001,37.060001,37.09,36.443946999999994,48000,0.0,1.0
2017-06-07,37.169998,37.220001,37.07,37.18,36.532379,51900,0.0,1.0
2017-06-08,37.200001,37.299999,37.049999,37.189999,36.542206,52900,0.0,1.0
2017-06-09,37.209998999999996,37.48,37.16,37.360001000000004,36.709247999999995,88800,0.0,1.0
2017-06-12,37.310001,37.419998,37.09,37.25,36.601158,82400,0.0,1.0
2017-06-13,37.299999,37.41,37.240002000000004,37.369999,36.71907,127900,0.0,1.0
2017-06-14,37.450001,37.639998999999996,37.419998,37.52,36.866459000000006,91600,0.0,1.0
2017-06-15,37.400002,37.490002000000004,37.279999,37.48,36.827152000000005,67400,0.0,1.0
2017-06-16,37.450001,37.450001,37.200001,37.419998,36.903088000000004,56100,0.13699999999999998,1.0
2017-06-19,37.509997999999996,37.889998999999996,37.509997999999996,37.849998,37.327148,135500,0.0,1.0
2017-06-20,37.900002,38.200001,37.880001,37.98,37.455349,128800,0.0,1.0
2017-06-21,38.080002,38.5,38.080002,38.5,37.968174,196900,0.0,1.0
2017-06-22,38.639998999999996,39.119999,38.599998,38.91,38.372505,371800,0.0,1.0
2017-06-23,38.93,38.93,38.68,38.919998,38.382366,144100,0.0,1.0
2017-06-26,39.07,39.07,38.740002000000004,38.830002,38.293613,157100,0.0,1.0
2017-06-27,38.77,38.84,38.369999,38.389998999999996,37.859688,103200,0.0,1.0
2017-06-28,38.529999,38.700001,38.48,38.650002,38.116096,104300,0.0,1.0
2017-06-29,38.650002,38.650002,38.049999,38.310001,37.780792,115800,0.0,1.0
2017-06-30,38.419998,38.419998,38.240002000000004,38.290001000000004,37.761070000000004,234300,0.0,1.0
2017-07-03,38.380001,38.5,38.330002,38.360001000000004,37.830104999999996,227200,0.0,1.0
2017-07-05,38.52,38.619999,38.259997999999996,38.599998,38.066784000000006,217100,0.0,1.0
2017-07-06,38.490002000000004,38.490002000000004,38.0,38.07,37.544109000000006,187800,0.0,1.0
2017-07-07,38.200001,38.310001,38.099998,38.299999,37.770931,122700,0.0,1.0
2017-07-10,38.290001000000004,38.290001000000004,38.07,38.119999,37.593418,105900,0.0,1.0
2017-07-11,38.139998999999996,38.25,37.939999,38.169998,37.642727,68500,0.0,1.0
2017-07-12,38.32,38.529999,38.32,38.419998,37.889275,176400,0.0,1.0
2017-07-13,38.470001,38.529999,38.16,38.439999,37.908993,126000,0.0,1.0
2017-07-14,38.580002,38.759997999999996,38.490002000000004,38.650002,38.116096,111700,0.0,1.0
2017-07-17,38.759997999999996,38.779999,38.540001000000004,38.580002,38.04707,129700,0.0,1.0
2017-07-18,38.5,38.57,38.32,38.57,38.037201,76500,0.0,1.0
2017-07-19,38.759997999999996,38.849998,38.599998,38.849998,38.313339,140300,0.0,1.0
2017-07-20,38.939999,39.169998,38.889998999999996,39.07,38.530296,111200,0.0,1.0
2017-07-21,39.029999,39.139998999999996,39.0,39.080002,38.540161,139600,0.0,1.0
2017-07-24,39.130001,39.139998999999996,38.93,39.130001,38.589465999999994,100200,0.0,1.0
2017-07-25,39.189999,39.220001,38.779999,38.810001,38.273888,92700,0.0,1.0
2017-07-26,38.790001000000004,38.810001,38.470001,38.709998999999996,38.175266,101200,0.0,1.0
2017-07-27,38.77,38.77,38.200001,38.34,37.810383,154100,0.0,1.0
2017-07-28,38.369999,38.580002,38.209998999999996,38.57,38.037201,73500,0.0,1.0
2017-07-31,38.599998,38.650002,38.41,38.41,37.879414000000004,175500,0.0,1.0
2017-08-01,38.529999,38.529999,38.279999,38.349998,37.820244,107400,0.0,1.0
2017-08-02,38.330002,38.349998,38.080002,38.259997999999996,37.731483000000004,133500,0.0,1.0
2017-08-03,38.240002000000004,38.369999,38.150002,38.290001000000004,37.761070000000004,78400,0.0,1.0
2017-08-04,38.380001,38.400002,38.189999,38.23,37.7019,90800,0.0,1.0
2017-08-07,38.23,38.34,38.189999,38.32,37.790653000000006,92300,0.0,1.0
2017-08-08,38.310001,38.389998999999996,38.080002,38.130001,37.603279,91100,0.0,1.0
2017-08-09,38.009997999999996,38.189999,37.990002000000004,38.130001,37.603279,174200,0.0,1.0
2017-08-10,38.040001000000004,38.040001000000004,37.610001000000004,37.610001000000004,37.090462,196900,0.0,1.0
2017-08-11,37.610001000000004,37.900002,37.610001000000004,37.740002000000004,37.21867,92500,0.0,1.0
2017-08-14,37.98,38.080002,37.959998999999996,38.029999,37.504661999999996,64800,0.0,1.0
2017-08-15,38.119999,38.130001,38.029999,38.040001000000004,37.514526000000004,39600,0.0,1.0
2017-08-16,38.150002,38.220001,38.060001,38.130001,37.603279,89500,0.0,1.0
2017-08-17,38.07,38.220001,37.66,37.669998,37.149634999999996,66100,0.0,1.0
2017-08-18,37.619999,37.73,37.48,37.540001000000004,37.021435,131800,0.0,1.0
2017-08-21,37.5,37.700001,37.130001,37.669998,37.149634999999996,150400,0.0,1.0
2017-08-22,37.689999,38.18,37.689999,38.119999,37.593418,59400,0.0,1.0
2017-08-23,38.009997999999996,38.049999,37.860001000000004,37.889998999999996,37.3666,92800,0.0,1.0
2017-08-24,37.93,38.049999,37.84,38.009997999999996,37.48494,50200,0.0,1.0
2017-08-25,38.119999,38.18,37.970001,37.98,37.455349,64000,0.0,1.0
2017-08-28,38.130001,38.279999,38.130001,38.25,37.721621999999996,50500,0.0,1.0
2017-08-29,38.060001,38.349998,38.049999,38.290001000000004,37.761070000000004,57700,0.0,1.0
2017-08-30,38.290001000000004,38.619999,38.25,38.529999,37.997757,58000,0.0,1.0
2017-08-31,38.650002,39.23,38.630001,39.169998,38.62891,99000,0.0,1.0
2017-09-01,39.290001000000004,39.349998,39.029999,39.23,38.688087,108400,0.0,1.0
2017-09-05,39.110001000000004,39.27,38.849998,39.049999,38.510571,150700,0.0,1.0
2017-09-06,39.18,39.25,39.02,39.189999,38.64864,49000,0.0,1.0
2017-09-07,39.25,39.650002,39.200001,39.59,39.04311,87700,0.0,1.0
2017-09-08,39.540001000000004,39.799999,39.5,39.720001,39.171318,99600,0.0,1.0
2017-09-11,39.93,40.029999,39.810001,40.02,39.467175,87500,0.0,1.0
2017-09-12,40.439999,40.439999,39.950001,40.09,39.536204999999995,196200,0.0,1.0
2017-09-13,40.060001,40.110001000000004,39.900002,39.98,39.427723,116200,0.0,1.0
2017-09-14,39.900002,40.07,39.82,39.990002000000004,39.437588,132400,0.0,1.0
2017-09-15,40.02,40.02,39.73,39.779999,39.360409000000004,108300,0.132,1.0
2017-09-18,39.849998,39.970001,39.720001,39.860001000000004,39.439568,202900,0.0,1.0
2017-09-19,39.919998,39.919998,39.41,39.470001,39.05368,146100,0.0,1.0
2017-09-20,39.490002000000004,39.580002,39.25,39.560001,39.142738,122400,0.0,1.0
2017-09-21,39.52,39.549999,39.34,39.360001000000004,38.944839,81600,0.0,1.0
2017-09-22,39.310001,39.41,39.169998,39.389998999999996,38.974525,101700,0.0,1.0
2017-09-25,39.380001,39.490002000000004,39.209998999999996,39.259997999999996,38.845894,86300,0.0,1.0
2017-09-26,39.310001,39.439999,39.16,39.169998,38.756840000000004,121100,0.0,1.0
2017-09-27,39.240002000000004,39.299999,39.080002,39.259997999999996,38.845894,105000,0.0,1.0
2017-09-28,39.290001000000004,39.419998,39.16,39.32,38.905266,71400,0.0,1.0
2017-09-29,39.369999,39.529999,39.23,39.52,39.103153000000006,164200,0.0,1.0
2017-10-02,39.66,39.950001,39.580002,39.93,39.508831,259300,0.0,1.0
2017-10-03,40.0,40.060001,39.759997999999996,39.950001,39.528622,121400,0.0,1.0
2017-10-04,39.959998999999996,40.119999,39.939999,40.110001000000004,39.686928,95000,0.0,1.0
2017-10-05,40.139998999999996,40.150002,39.990002000000004,40.150002,39.726509,106900,0.0,1.0
2017-10-06,40.099998,40.259997999999996,40.049999,40.110001000000004,39.686928,145500,0.0,1.0
2017-10-09,40.130001,40.150002,39.759997999999996,39.830002,39.409884999999996,125000,0.0,1.0
2017-10-10,39.849998,39.880001,39.700001,39.880001,39.459358,134800,0.0,1.0
2017-10-11,39.889998999999996,39.990002000000004,39.869999,39.959998999999996,39.538513,82000,0.0,1.0
2017-10-12,39.950001,39.990002000000004,39.869999,39.93,39.508831,62100,0.0,1.0
2017-10-13,39.880001,39.889998999999996,39.709998999999996,39.799999,39.380196000000005,118900,0.0,1.0
2017-10-16,39.799999,39.959998999999996,39.549999,39.650002,39.231784999999995,252800,0.0,1.0
2017-10-17,39.75,40.209998999999996,39.75,40.119999,39.696822999999995,109100,0.0,1.0
2017-10-18,40.220001,40.400002,40.130001,40.169998,39.746292,97400,0.0,1.0
2017-10-19,40.169998,40.400002,40.060001,40.400002,39.973873,133800,0.0,1.0
2017-10-20,40.450001,40.48,40.290001000000004,40.459998999999996,40.033237,73000,0.0,1.0
2017-10-23,40.509997999999996,40.610001000000004,40.32,40.32,39.894714,96100,0.0,1.0
2017-10-24,40.299999,40.299999,39.869999,40.040001000000004,39.617668,141400,0.0,1.0
2017-10-25,40.009997999999996,40.080002,39.779999,39.970001,39.548409,81900,0.0,1.0
2017-10-26,39.77,39.790001000000004,39.349998,39.59,39.172416999999996,144300,0.0,1.0
2017-10-27,39.549999,39.66,39.43,39.560001,39.142738,106900,0.0,1.0
2017-10-30,39.549999,39.549999,39.119999,39.220001,38.806324,129900,0.0,1.0
2017-10-31,39.279999,39.34,39.130001,39.189999,38.776634,250100,0.0,1.0
2017-11-01,39.279999,39.41,39.189999,39.189999,38.776634,478600,0.0,1.0
2017-11-02,39.25,39.299999,39.029999,39.110001000000004,38.697479,113400,0.0,1.0
2017-11-03,39.110001000000004,39.5,39.110001000000004,39.459998999999996,39.043781,150800,0.0,1.0
2017-11-06,39.470001,39.48,39.349998,39.349998,38.934948,127500,0.0,1.0
2017-11-07,39.369999,39.470001,39.23,39.349998,38.934948,84500,0.0,1.0
2017-11-08,39.349998,39.490002000000004,39.299999,39.43,39.014099,62700,0.0,1.0
2017-11-09,39.349998,39.450001,39.16,39.41,38.994312,254900,0.0,1.0
2017-11-10,39.389998999999996,39.389998999999996,38.970001,39.189999,38.776634,114400,0.0,1.0
2017-11-13,39.099998,39.299999,38.959998999999996,39.25,38.836002,88600,0.0,1.0
2017-11-14,39.130001,39.200001,38.889998999999996,39.029999,38.618320000000004,244300,0.0,1.0
2017-11-15,38.900002,39.049999,38.77,38.93,38.519379,204900,0.0,1.0
2017-11-16,39.080002,39.439999,39.080002,39.369999,38.954735,73200,0.0,1.0
2017-11-17,39.27,39.360001000000004,39.200001,39.259997999999996,38.845894,80600,0.0,1.0
2017-11-20,39.279999,39.279999,39.049999,39.130001,38.717265999999995,79100,0.0,1.0
2017-11-21,39.299999,39.540001000000004,39.299999,39.48,39.063576,150700,0.0,1.0
2017-11-22,39.5,39.580002,39.43,39.5,39.083363,82600,0.0,1.0
2017-11-24,39.549999,39.599998,39.48,39.59,39.172416999999996,25400,0.0,1.0
2017-11-27,39.720001,39.720001,39.509997999999996,39.59,39.172416999999996,92200,0.0,1.0
2017-11-28,39.669998,39.889998999999996,39.540001000000004,39.84,39.419777,147400,0.0,1.0
2017-11-29,39.939999,40.18,39.919998,40.029999,39.607773,107800,0.0,1.0
2017-11-30,40.16,40.459998999999996,40.080002,40.41,39.983765000000005,95500,0.0,1.0
2017-12-01,40.400002,40.419998,39.700001,40.299999,39.874928000000004,160600,0.0,1.0
2017-12-04,40.57,40.59,39.759997999999996,39.77,39.350513,122800,0.0,1.0
2017-12-05,39.810001,39.98,39.619999,39.66,39.24168,101500,0.0,1.0
2017-12-06,39.639998999999996,39.73,39.41,39.57,39.152626,107600,0.0,1.0
2017-12-07,39.66,39.77,39.48,39.68,39.261466999999996,66700,0.0,1.0
2017-12-08,39.799999,40.139998999999996,39.799999,40.110001000000004,39.686928,97400,0.0,1.0
2017-12-11,40.220001,40.290001000000004,40.119999,40.25,39.825455,118100,0.0,1.0
2017-12-12,40.419998,40.43,40.279999,40.380001,39.954082,122600,0.0,1.0
2017-12-13,40.380001,40.650002,40.330002,40.540001000000004,40.112396000000004,155100,0.0,1.0
2017-12-14,40.619999,40.650002,40.049999,40.099998,39.677036,183500,0.0,1.0
2017-12-15,40.150002,40.389998999999996,40.099998,40.389998999999996,40.122066,74800,0.158,1.0
2017-12-18,40.59,40.599998,40.380001,40.41,40.141933,148200,0.0,1.0
2017-12-19,40.439999,40.509997999999996,40.349998,40.360001000000004,40.092265999999995,152900,0.0,1.0
2017-12-20,40.470001,40.5,40.259997999999996,40.27,40.002860999999996,109100,0.0,1.0
2017-12-21,40.34,40.400002,40.18,40.18,39.91346,130700,0.0,1.0
2017-12-22,40.189999,40.200001,40.009997999999996,40.130001,39.863792,75000,0.0,1.0
2017-12-26,40.119999,40.200001,40.09,40.150002,39.883659,102200,0.0,1.0
2017-12-27,40.189999,40.330002,40.189999,40.23,39.963127,98300,0.0,1.0
2017-12-28,40.32,40.32,40.16,40.32,40.052528,93700,0.0,1.0
2017-12-29,40.41,40.470001,39.990002000000004,39.990002000000004,39.72472,144100,0.0,1.0
2018-01-02,40.150002,40.5,40.080002,40.48,40.211467999999996,372800,0.0,1.0
2018-01-03,40.610001000000004,40.91,40.419998,40.91,40.638615,152300,0.0,1.0
2018-01-04,41.080002,41.110001000000004,40.799999,40.900002,40.628681,230900,0.0,1.0
2018-01-05,41.040001000000004,41.23,40.970001,41.23,40.95649,171500,0.0,1.0
2018-01-08,41.23,41.23,40.830002,41.040001000000004,40.767754,229100,0.0,1.0
2018-01-09,40.860001000000004,41.619999,40.860001000000004,41.509997999999996,41.234634,172300,0.0,1.0
2018-01-10,41.43,41.5,41.150002,41.490002000000004,41.214766999999995,110900,0.0,1.0
2018-01-11,41.599998,41.700001,41.450001,41.700001,41.423374,269200,0.0,1.0
2018-01-12,41.810001,42.029999,41.740002000000004,42.0,41.721385999999995,192500,0.0,1.0
2018-01-16,42.279999,42.5,42.02,42.09,41.810787,389000,0.0,1.0
2018-01-17,42.369999,42.549999,42.18,42.48,42.198196,2999800,0.0,1.0
2018-01-18,42.48,42.529999,42.259997999999996,42.5,42.218067,206200,0.0,1.0
2018-01-19,42.610001000000004,42.689999,42.470001,42.68,42.396873,162400,0.0,1.0
2018-01-22,42.73,43.110001000000004,42.73,43.110001000000004,42.824020000000004,180600,0.0,1.0
2018-01-23,43.139998999999996,43.209998999999996,42.98,43.02,42.734619,341100,0.0,1.0
2018-01-24,43.209998999999996,43.27,42.919998,43.099998,42.814087,176800,0.0,1.0
2018-01-25,43.34,43.490002000000004,43.119999,43.439999,43.151833,199500,0.0,1.0
2018-01-26,43.619999,44.299999,43.619999,44.259997999999996,43.966389,276900,0.0,1.0
2018-01-29,44.240002000000004,44.439999,44.209998999999996,44.23,43.936588,392600,0.0,1.0
2018-01-30,43.32,43.610001000000004,43.099998,43.299999,43.01276,427400,0.0,1.0
2018-01-31,43.580002,43.66,42.57,42.709998999999996,42.426674,381600,0.0,1.0
2018-02-01,42.59,42.939999,42.389998999999996,42.779999,42.496208,486200,0.0,1.0
2018-02-02,42.5,42.709998999999996,42.139998999999996,42.150002,41.870391999999995,376700,0.0,1.0
2018-02-05,41.849998,42.150002,40.080002,40.279999,40.012794,622500,0.0,1.0
2018-02-06,39.470001,40.919998,38.59,40.799999,40.529343,643300,0.0,1.0
2018-02-07,40.68,41.259997999999996,40.630001,40.77,40.499542,209300,0.0,1.0
2018-02-08,40.740002000000004,40.830002,39.290001000000004,39.290001000000004,39.029362,156200,0.0,1.0
2018-02-09,39.66,40.110001000000004,38.599998,39.830002,39.565781,597700,0.0,1.0
2018-02-12,40.07,40.52,39.700001,40.209998999999996,39.943259999999995,264400,0.0,1.0
2018-02-13,40.029999,40.349998,39.779999,40.23,39.963127,128900,0.0,1.0
2018-02-14,40.0,40.849998,39.77,40.810001,40.53928,135200,0.0,1.0
2018-02-15,41.09,41.279999,40.689999,41.279999,41.006161,152800,0.0,1.0
2018-02-16,41.299999,41.82,41.279999,41.529999,41.254501,242500,0.0,1.0
2018-02-20,41.349998,41.490002000000004,40.98,41.09,40.817421,289900,0.0,1.0
2018-02-21,41.09,41.66,40.939999,40.939999,40.668415,100400,0.0,1.0
2018-02-22,41.07,41.34,40.799999,40.869999,40.598877,106000,0.0,1.0
2018-02-23,41.07,41.490002000000004,40.889998999999996,41.48,41.204834000000005,84400,0.0,1.0
2018-02-26,41.619999,42.029999,41.580002,41.990002000000004,41.711452,134400,0.0,1.0
2018-02-27,42.049999,42.099998,41.57,41.57,41.294235,124000,0.0,1.0
2018-02-28,41.689999,41.689999,40.91,40.91,40.638615,105000,0.0,1.0
2018-03-01,40.880001,40.970001,39.950001,40.259997999999996,39.992928000000006,214400,0.0,1.0
2018-03-02,40.099998,40.869999,40.0,40.799999,40.529343,270700,0.0,1.0
2018-03-05,40.59,41.27,40.52,41.139998999999996,40.867088,276200,0.0,1.0
2018-03-06,41.27,41.27,40.93,41.150002,40.877026,106000,0.0,1.0
2018-03-07,40.82,41.439999,40.540001000000004,41.419998,41.145229,103400,0.0,1.0
2018-03-08,41.52,41.709998999999996,41.459998999999996,41.68,41.403507,58700,0.0,1.0
2018-03-09,41.919998,42.310001,41.77,42.27,41.989596999999996,99700,0.0,1.0
2018-03-12,42.330002,42.360001000000004,42.150002,42.18,41.900192,98700,0.0,1.0
2018-03-13,42.360001000000004,42.48,42.099998,42.200001,41.920059,79400,0.0,1.0
2018-03-14,42.34,42.400002,41.860001000000004,41.93,41.651852000000005,160600,0.0,1.0
2018-03-15,42.110001000000004,42.18,41.82,41.900002,41.622051,69000,0.0,1.0
2018-03-16,41.880001,41.939999,41.75,41.75,41.606102,91000,0.134,1.0
2018-03-19,41.66,41.66,40.77,41.099998,40.958344,113100,0.0,1.0
2018-03-20,41.18,41.32,40.93,41.130001,40.988239,98900,0.0,1.0
2018-03-21,41.130001,41.380001,41.0,41.060001,40.918484,92700,0.0,1.0
2018-03-22,40.549999,40.73,39.849998,39.900002,39.762482,183800,0.0,1.0
2018-03-23,39.950001,40.040001000000004,39.029999,39.07,38.935340999999994,129600,0.0,1.0
2018-03-26,39.540001000000004,39.950001,39.049999,39.880001,39.74255,84400,0.0,1.0
2018-03-27,40.009997999999996,40.07,39.150002,39.310001,39.174515,63000,0.0,1.0
2018-03-28,39.400002,39.830002,39.349998,39.5,39.363857,127400,0.0,1.0
2018-03-29,39.709998999999996,40.09,39.459998999999996,39.82,39.682755,62500,0.0,1.0
2018-04-02,39.639998999999996,39.810001,38.450001,38.790001000000004,38.656307,303800,0.0,1.0
2018-04-03,38.990002000000004,39.41,38.759997999999996,39.360001000000004,39.224342,89000,0.0,1.0
2018-04-04,38.779999,40.060001,38.759997999999996,39.939999,39.802341,275600,0.0,1.0
2018-04-05,40.119999,40.130001,39.799999,39.91,39.772446,91700,0.0,1.0
2018-04-06,39.610001000000004,39.77,38.599998,38.959998999999996,38.825718,174700,0.0,1.0
2018-04-09,39.25,39.900002,39.099998,39.369999,39.234306,284400,0.0,1.0
2018-04-10,39.830002,40.16,39.610001000000004,40.07,39.931892,144700,0.0,1.0
2018-04-11,39.799999,40.060001,39.740002000000004,39.77,39.632927,103700,0.0,1.0
2018-04-12,40.009997999999996,40.279999,39.98,40.099998,39.961788,105900,0.0,1.0
2018-04-13,40.299999,40.299999,39.849998,40.009997999999996,39.872097,161500,0.0,1.0
2018-04-16,40.310001,40.439999,40.200001,40.299999,40.161097999999996,133500,0.0,1.0
2018-04-17,40.639998999999996,40.77,40.43,40.689999,40.549755,272900,0.0,1.0
2018-04-18,40.82,40.889998999999996,40.560001,40.759997999999996,40.619514,184900,0.0,1.0
2018-04-19,40.66,40.700001,40.259997999999996,40.400002,40.260757,127000,0.0,1.0
2018-04-20,40.439999,40.540001000000004,40.09,40.189999,40.051479,86100,0.0,1.0
2018-04-23,40.400002,40.419998,40.130001,40.310001,40.171065999999996,76000,0.0,1.0
2018-04-24,40.43,40.43,39.700001,39.98,39.842201,115800,0.0,1.0
2018-04-25,39.91,40.080002,39.639998999999996,40.060001,39.921928,69900,0.0,1.0
2018-04-26,40.240002000000004,40.75,40.240002000000004,40.580002,40.440135999999995,132900,0.0,1.0
2018-04-27,40.57,40.799999,40.529999,40.740002000000004,40.599585999999995,55300,0.0,1.0
2018-04-30,40.889998999999996,40.889998999999996,40.16,40.169998,40.031548,60200,0.0,1.0
2018-05-01,40.099998,40.5,39.860001000000004,40.220001,40.081379,200900,0.0,1.0
2018-05-02,39.98,40.080002,39.669998,39.73,39.593063,259300,0.0,1.0
2018-05-03,39.5,39.57,38.919998,39.369999,39.234306,95900,0.0,1.0
2018-05-04,39.310001,39.880001,39.16,39.73,39.593063,93700,0.0,1.0
2018-05-07,39.82,40.049999,39.68,39.779999,39.642891,262800,0.0,1.0
2018-05-08,39.700001,39.700001,39.27,39.490002000000004,39.353893,136700,0.0,1.0
2018-05-09,39.549999,39.900002,39.360001000000004,39.740002000000004,39.603031,245900,0.0,1.0
2018-05-10,39.869999,40.419998,39.869999,40.240002000000004,40.101310999999995,76600,0.0,1.0
2018-05-11,40.279999,40.900002,40.23,40.84,40.699238,105200,0.0,1.0
2018-05-14,40.919998,41.279999,40.830002,41.09,40.94838,121700,0.0,1.0
2018-05-15,40.900002,40.900002,40.529999,40.630001,40.489964,109500,0.0,1.0
2018-05-16,40.75,41.02,40.630001,40.849998,40.709202000000005,85800,0.0,1.0
2018-05-17,40.860001000000004,40.98,40.68,40.91,40.768997,62300,0.0,1.0
2018-05-18,40.93,41.09,40.82,41.040001000000004,40.898552,98000,0.0,1.0
2018-05-21,41.150002,41.279999,40.970001,41.02,40.87862,207000,0.0,1.0
2018-05-22,41.099998,41.150002,40.889998999999996,40.919998,40.778960999999995,176700,0.0,1.0
2018-05-23,40.73,41.099998,40.73,41.02,40.87862,228700,0.0,1.0
2018-05-24,40.959998999999996,41.099998,40.759997999999996,40.919998,40.778960999999995,117500,0.0,1.0
2018-05-25,40.939999,41.110001000000004,40.849998,40.93,40.788928999999996,75200,0.0,1.0
2018-05-29,40.650002,40.73,40.27,40.549999,40.410236,98900,0.0,1.0
2018-05-30,40.779999,41.23,40.779999,41.130001,40.988239,140500,0.0,1.0
2018-05-31,41.060001,41.130001,40.77,40.77,40.629482,101100,0.0,1.0
2018-06-01,40.959998999999996,41.240002000000004,40.950001,41.200001,41.057999,97800,0.0,1.0
2018-06-04,41.299999,41.389998999999996,41.099998,41.360001000000004,41.217449,192900,0.0,1.0
2018-06-05,41.380001,41.5,41.139998999999996,41.349998,41.207481,103900,0.0,1.0
2018-06-06,41.470001,41.82,41.349998,41.810001,41.665896999999994,109200,0.0,1.0
2018-06-07,41.860001000000004,41.93,41.549999,41.709998999999996,41.566238,102900,0.0,1.0
2018-06-08,41.759997999999996,42.009997999999996,41.759997999999996,42.0,41.85524,151700,0.0,1.0
2018-06-11,42.029999,42.220001,41.91,42.049999,41.905066999999995,98100,0.0,1.0
2018-06-12,42.099998,42.189999,41.93,42.119999,41.974827000000005,134900,0.0,1.0
2018-06-13,42.200001,42.389998999999996,42.080002,42.110001000000004,41.964863,108700,0.0,1.0
2018-06-14,42.25,42.380001,42.169998,42.360001000000004,42.214001,67200,0.0,1.0
2018-06-15,42.139998999999996,42.330002,42.02,42.330002,42.330002,79300,0.146,1.0
2018-06-18,42.18,42.18,41.830002,41.990002000000004,41.990002000000004,93300,0.0,1.0
2018-06-19,41.700001,42.139998999999996,41.57,42.139998999999996,42.139998999999996,140600,0.0,1.0
2018-06-20,42.220001,42.369999,42.130001,42.299999,42.299999,74900,0.0,1.0
2018-06-21,42.25,42.25,41.919998,42.029999,42.029999,81300,0.0,1.0
2018-06-22,42.18,42.290001000000004,42.029999,42.200001,42.200001,108900,0.0,1.0
2018-06-25,42.009997999999996,42.07,41.349998,41.669998,41.669998,184100,0.0,1.0
2018-06-26,41.700001,41.73,41.470001,41.599998,41.599998,108900,0.0,1.0
2018-06-27,41.669998,41.75,41.110001000000004,41.110001000000004,41.110001000000004,119300,0.0,1.0
2018-06-28,41.0,41.279999,40.509997999999996,41.18,41.18,166300,0.0,1.0
2018-06-29,41.32,41.619999,41.290001000000004,41.299999,41.299999,163600,0.0,1.0
2018-07-02,41.16,41.459998999999996,40.919998,41.450001,41.450001,241700,0.0,1.0
2018-07-03,41.610001000000004,41.75,41.470001,41.560001,41.560001,80200,0.0,1.0
2018-07-05,41.759997999999996,42.0,41.66,41.970001,41.970001,93700,0.0,1.0
2018-07-06,42.139998999999996,42.66,42.139998999999996,42.630001,42.630001,160500,0.0,1.0
2018-07-09,42.799999,42.950001,42.759997999999996,42.880001,42.880001,273900,0.0,1.0
2018-07-10,42.98,43.07,42.880001,43.02,43.02,99700,0.0,1.0
2018-07-11,42.759997999999996,42.93,42.68,42.709998999999996,42.709998999999996,138000,0.0,1.0
2018-07-12,42.959998999999996,43.23,42.900002,43.209998999999996,43.209998999999996,150400,0.0,1.0
2018-07-13,43.18,43.34,43.18,43.290001000000004,43.290001000000004,245000,0.0,1.0
2018-07-16,43.310001,43.310001,42.91,42.959998999999996,42.959998999999996,196000,0.0,1.0
2018-07-17,42.970001,43.299999,42.970001,43.209998999999996,43.209998999999996,182800,0.0,1.0
2018-07-18,43.23,43.259997999999996,43.119999,43.259997999999996,43.259997999999996,105800,0.0,1.0
2018-07-19,43.27,43.27,42.869999,43.09,43.09,77900,0.0,1.0
2018-07-20,42.970001,43.080002,42.970001,42.990002000000004,42.990002000000004,54000,0.0,1.0
2018-07-23,42.970001,43.169998,42.970001,43.130001,43.130001,59300,0.0,1.0
2018-07-24,43.389998999999996,43.52,43.16,43.330002,43.330002,89100,0.0,1.0
2018-07-25,43.310001,43.849998,43.310001,43.830002,43.830002,101500,0.0,1.0
2018-07-26,43.84,43.91,43.650002,43.779999,43.779999,109400,0.0,1.0
2018-07-27,43.799999,43.799999,43.189999,43.330002,43.330002,115000,0.0,1.0
2018-07-30,43.310001,43.360001000000004,43.139998999999996,43.27,43.27,167600,0.0,1.0
2018-07-31,43.380001,43.82,43.380001,43.740002000000004,43.740002000000004,560100,0.0,1.0
2018-08-01,43.73,43.939999,43.73,43.799999,43.799999,155100,0.0,1.0
2018-08-02,43.689999,44.099998,43.689999,44.060001,44.060001,121800,0.0,1.0
2018-08-03,43.689999,44.25,43.689999,44.220001,44.220001,208300,0.0,1.0
2018-08-06,44.32,44.400002,44.080002,44.32,44.32,255300,0.0,1.0
2018-08-07,44.450001,44.470001,44.279999,44.32,44.32,179900,0.0,1.0
2018-08-08,44.400002,44.43,44.240002000000004,44.360001000000004,44.360001000000004,155700,0.0,1.0
2018-08-09,44.400002,44.560001,44.310001,44.330002,44.330002,162400,0.0,1.0
2018-08-10,44.200001,44.43,44.049999,44.16,44.16,87500,0.0,1.0
2018-08-13,44.209998999999996,44.389998999999996,44.049999,44.169998,44.169998,100800,0.0,1.0
2018-08-14,44.27,44.450001,44.259997999999996,44.389998999999996,44.389998999999996,162800,0.0,1.0
2018-08-15,44.290001000000004,44.290001000000004,43.98,44.240002000000004,44.240002000000004,146200,0.0,1.0
2018-08-16,44.400002,44.73,44.349998,44.689999,44.689999,398400,0.0,1.0
2018-08-17,44.700001,44.950001,44.549999,44.860001000000004,44.860001000000004,163200,0.0,1.0
2018-08-20,45.0,45.049999,44.889998999999996,44.970001,44.970001,345600,0.0,1.0
2018-08-21,45.049999,45.130001,44.919998,45.040001000000004,45.040001000000004,192700,0.0,1.0
2018-08-22,44.98,45.23,44.93,45.18,45.18,484800,0.0,1.0
2018-08-23,45.18,45.240002000000004,45.029999,45.119999,45.119999,184500,0.0,1.0
2018-08-24,45.169998,45.330002,45.16,45.310001,45.310001,148400,0.0,1.0
2018-08-27,45.48,45.560001,45.380001,45.540001000000004,45.540001000000004,153200,0.0,1.0
2018-08-28,45.610001000000004,45.639998999999996,45.490002000000004,45.619999,45.619999,154300,0.0,1.0
2018-08-29,45.630001,45.959998999999996,45.59,45.900002,45.900002,693200,0.0,1.0
2018-08-30,45.889998999999996,46.029999,45.82,45.91,45.91,175600,0.0,1.0
2018-08-31,45.84,45.950001,45.740002000000004,45.93,45.93,186500,0.0,1.0
2018-09-04,45.900002,45.900002,45.459998999999996,45.650002,45.650002,211900,0.0,1.0
2018-09-05,45.580002,45.84,45.389998999999996,45.689999,45.689999,125200,0.0,1.0
2018-09-06,45.709998999999996,45.720001,45.43,45.650002,45.650002,103700,0.0,1.0
2018-09-07,45.48,45.77,45.450001,45.68,45.68,83500,0.0,1.0
2018-09-10,45.830002,45.830002,45.52,45.52,45.52,122800,0.0,1.0
2018-09-11,45.5,45.650002,45.34,45.57,45.57,80700,0.0,1.0
2018-09-12,45.630001,45.830002,45.509997999999996,45.75,45.75,112200,0.0,1.0
2018-09-13,45.900002,46.240002000000004,45.900002,46.240002000000004,46.240002000000004,139800,0.0,1.0
2018-09-14,46.299999,46.299999,46.040001000000004,46.119999,46.119999,118200,0.0,1.0
2018-09-17,46.119999,46.119999,45.759997999999996,45.810001,45.810001,149800,0.0,1.0
2018-09-18,45.860001000000004,46.240002000000004,45.810001,46.130001,46.130001,192700,0.0,1.0
2018-09-19,46.029999,46.189999,45.959998999999996,46.02,46.02,150600,0.0,1.0
2018-09-20,46.18,46.5,46.18,46.459998999999996,46.459998999999996,189400,0.0,1.0
2018-09-21,46.540001000000004,46.540001000000004,46.324501,46.349998,46.349998,137895,0.0,1.0
