date,Open,High,Low,Close,Adj Close,Volume,Dividends,Stock Splits
2013-08-15,25.15,27.32,24.91,25.120001000000002,22.930529,26600,0.0,1.0
2013-08-16,25.559998999999998,25.559998999999998,25.209999,25.280001000000002,23.076582000000002,27700,0.0,1.0
2013-08-19,25.25,25.25,25.0,25.0,22.820985999999998,14200,0.0,1.0
2013-08-20,24.959999,24.99,24.870001000000002,24.969998999999998,22.7936,15400,0.0,1.0
2013-08-21,25.09,25.09,24.700001,24.799999,22.638417999999998,21700,0.0,1.0
2013-08-22,24.91,25.219998999999998,24.9,24.98,22.802729,7000,0.0,1.0
2013-08-23,25.08,25.25,25.0,25.209999,23.012682,50100,0.0,1.0
2013-08-26,25.02,25.030001000000002,24.959999,25.030001000000002,22.848372,16500,0.0,1.0
2013-08-27,24.700001,24.75,24.450001,24.48,22.346307999999997,15800,0.0,1.0
2013-08-28,24.450001,24.620001000000002,24.42,24.51,22.373695,28400,0.0,1.0
2013-08-29,24.49,24.59,24.42,24.43,22.300667,23700,0.0,1.0
2013-08-30,24.41,24.549999,24.209999,24.209999,22.099842000000002,9000,0.0,1.0
2013-09-03,24.790001,24.790001,24.629998999999998,24.67,22.519748999999997,17300,0.0,1.0
2013-09-04,24.68,24.959999,24.68,24.84,22.674932000000002,20000,0.0,1.0
2013-09-05,24.92,25.059998999999998,24.870001000000002,24.870001000000002,22.702316,25700,0.0,1.0
2013-09-06,25.35,25.35,25.0,25.0,22.820985999999998,21200,0.0,1.0
2013-09-09,25.23,25.4,25.23,25.379998999999998,23.167866,26900,0.0,1.0
2013-09-10,25.65,25.68,25.59,25.68,23.441717,18600,0.0,1.0
2013-09-11,25.68,25.98,25.639999,25.719998999999998,23.47823,26400,0.0,1.0
2013-09-12,25.76,25.790001,25.65,25.67,23.432589,17700,0.0,1.0
2013-09-13,26.02,26.02,25.67,25.73,23.487358,41500,0.0,1.0
2013-09-16,26.120001000000002,26.120001000000002,26.0,26.02,23.752083,11400,0.0,1.0
2013-09-17,26.969998999999998,26.969998999999998,25.950001,26.0,23.733826,13500,0.0,1.0
2013-09-18,26.030001000000002,27.0,25.950001,26.84,24.500612,98900,0.0,1.0
2013-09-19,27.059998999999998,27.059998999999998,26.549999,26.66,24.336298,36500,0.0,1.0
2013-09-20,26.68,26.690001000000002,26.389999,26.389999,24.08983,20700,0.0,1.0
2013-09-23,26.32,26.370001000000002,26.219998999999998,26.370001000000002,24.071576999999998,10900,0.0,1.0
2013-09-24,26.49,26.49,26.299999,26.360001,24.062447,28100,0.0,1.0
2013-09-25,26.5,26.5,26.309998999999998,26.42,24.11722,14400,0.0,1.0
2013-09-26,26.57,27.049999,26.360001,26.549999,24.235885999999997,37200,0.0,1.0
2013-09-27,26.370001000000002,26.48,26.32,26.469998999999998,24.162861,12900,0.0,1.0
2013-09-30,26.709999,26.709999,26.139999,26.23,23.943779,9700,0.0,1.0
2013-10-01,26.389999,26.459999,26.280001000000002,26.450001,24.144604,54300,0.0,1.0
2013-10-02,26.32,26.450001,26.25,26.450001,24.144604,31900,0.0,1.0
2013-10-03,26.469998999999998,26.469998999999998,26.25,26.360001,24.062447,28700,0.0,1.0
2013-10-04,26.24,26.389999,26.200001,26.389999,24.08983,11000,0.0,1.0
2013-10-07,26.040001,26.290001,26.040001,26.200001,23.916393,13700,0.0,1.0
2013-10-08,26.32,26.32,25.969998999999998,25.98,23.715569,15400,0.0,1.0
2013-10-09,26.18,26.18,25.940001000000002,26.1,23.825111,18600,0.0,1.0
2013-10-10,26.469998999999998,26.68,26.389999,26.66,24.336298,63600,0.0,1.0
2013-10-11,26.690001000000002,26.690001000000002,26.52,26.67,24.345428,20500,0.0,1.0
2013-10-14,26.73,26.799999,26.58,26.76,24.427585999999998,24500,0.0,1.0
2013-10-15,27.129998999999998,27.129998999999998,26.68,26.68,24.354557,20300,0.0,1.0
2013-10-16,26.969998999999998,26.969998999999998,26.780001000000002,26.940001000000002,24.591894,55200,0.0,1.0
2013-10-17,27.1,27.27,27.02,27.27,24.893131,58700,0.0,1.0
2013-10-18,27.73,27.73,27.27,27.4,25.011799,41500,0.0,1.0
2013-10-21,27.93,27.93,27.299999,27.389999,25.002672,67400,0.0,1.0
2013-10-22,27.58,27.67,27.48,27.629998999999998,25.221754,22500,0.0,1.0
2013-10-23,27.43,27.43,27.27,27.34,24.957033,60500,0.0,1.0
2013-10-24,27.440001000000002,27.57,27.43,27.559998999999998,25.157854,17700,0.0,1.0
2013-10-25,27.530001000000002,27.530001000000002,27.370001000000002,27.42,25.030058,32500,0.0,1.0
2013-10-28,27.5,27.5,27.25,27.34,24.957033,34400,0.0,1.0
2013-10-29,27.66,27.66,27.450001,27.5,25.103085,29900,0.0,1.0
2013-10-30,27.719998999999998,27.719998999999998,27.379998999999998,27.440001000000002,25.048315,15600,0.0,1.0
2013-10-31,27.4,27.4,27.18,27.290001,24.91139,11900,0.0,1.0
2013-11-01,27.24,27.24,27.0,27.1,24.737949,10500,0.0,1.0
2013-11-04,27.219998999999998,27.280001000000002,27.16,27.280001000000002,24.902262,19100,0.0,1.0
2013-11-05,27.030001000000002,27.09,26.959999,27.07,24.710564,28000,0.0,1.0
2013-11-06,27.360001,27.360001,27.27,27.32,24.938774,104400,0.0,1.0
2013-11-07,27.27,27.27,26.83,26.84,24.500612,20100,0.0,1.0
2013-11-08,26.82,27.0,26.76,27.0,24.646666,44900,0.0,1.0
2013-11-11,27.049999,27.1,27.030001000000002,27.08,24.719692000000002,22400,0.0,1.0
2013-11-12,27.040001,27.040001,26.92,26.93,24.582766,33200,0.0,1.0
2013-11-13,26.790001,27.139999,26.75,27.139999,24.774464000000002,22600,0.0,1.0
2013-11-14,27.129998999999998,27.219998999999998,27.08,27.219998999999998,24.847488000000002,19100,0.0,1.0
2013-11-15,27.379998999999998,27.389999,27.299999,27.389999,25.002672,12700,0.0,1.0
2013-11-18,27.620001000000002,27.629998999999998,27.41,27.42,25.030058,24100,0.0,1.0
2013-11-19,27.4,27.41,27.25,27.32,24.938774,18500,0.0,1.0
2013-11-20,27.370001000000002,27.370001000000002,27.040001,27.1,24.737949,11600,0.0,1.0
2013-11-21,27.34,27.35,27.17,27.35,24.966160000000002,22600,0.0,1.0
2013-11-22,27.4,27.49,27.299999,27.48,25.084827,16400,0.0,1.0
2013-11-25,27.530001000000002,27.530001000000002,27.35,27.35,24.966160000000002,14000,0.0,1.0
2013-11-26,27.33,27.379998999999998,27.27,27.360001,24.975288,22000,0.0,1.0
2013-11-27,27.549999,27.549999,27.41,27.41,25.020929000000002,16500,0.0,1.0
2013-11-29,27.610001,27.690001000000002,27.530001000000002,27.530001000000002,25.130470000000003,21600,0.0,1.0
2013-12-02,27.440001000000002,27.440001000000002,27.290001,27.290001,24.91139,24900,0.0,1.0
2013-12-03,27.18,27.18,27.049999,27.07,24.710564,18100,0.0,1.0
2013-12-04,26.959999,26.98,26.73,26.959999,24.610151000000002,34300,0.0,1.0
2013-12-05,26.84,26.860001,26.75,26.75,24.418457,23500,0.0,1.0
2013-12-06,27.08,27.120001000000002,26.950001,27.120001000000002,24.756207999999997,18300,0.0,1.0
2013-12-09,27.1,27.129998999999998,27.040001,27.120001000000002,24.756207999999997,22100,0.0,1.0
2013-12-10,27.120001000000002,27.120001000000002,27.01,27.08,24.719692000000002,20500,0.0,1.0
2013-12-11,27.09,27.09,26.809998999999998,26.83,24.491482,20900,0.0,1.0
2013-12-12,26.719998999999998,26.719998999999998,26.57,26.629998999999998,24.308912,29200,0.0,1.0
2013-12-13,26.719998999999998,26.719998999999998,26.469998999999998,26.58,24.263275,17000,0.0,1.0
2013-12-16,26.809998999999998,26.84,26.76,26.82,24.482355,22600,0.0,1.0
2013-12-17,26.68,26.709999,26.620001000000002,26.68,24.354557,44400,0.0,1.0
2013-12-18,26.84,27.700001,26.780001000000002,27.15,24.78359,27200,0.0,1.0
2013-12-19,27.0,27.129998999999998,26.93,27.129998999999998,24.765333,21600,0.0,1.0
2013-12-20,27.120001000000002,27.25,27.120001000000002,27.24,24.865747,27000,0.0,1.0
2013-12-23,27.290001,27.43,27.23,27.42,25.154818,67800,0.1351,1.0
2013-12-24,27.35,27.459999,27.290001,27.459999,25.191511,17500,0.0,1.0
2013-12-26,27.52,27.6,27.5,27.6,25.319948,11900,0.0,1.0
2013-12-27,27.82,27.82,27.67,27.709999,25.420858,16500,0.0,1.0
2013-12-30,27.879998999999998,27.879998999999998,27.75,27.870001000000002,25.567644,26900,0.0,1.0
2013-12-31,27.85,28.040001,27.85,27.950001,25.641033,43000,0.0,1.0
2014-01-02,27.620001000000002,27.620001000000002,27.290001,27.299999,25.044729,124900,0.0,1.0
2014-01-03,27.469998999999998,27.5,27.4,27.450001,25.182337,31000,0.0,1.0
2014-01-06,27.49,27.52,27.4,27.48,25.20986,33000,0.0,1.0
2014-01-07,27.58,27.700001,27.58,27.68,25.393339,38300,0.0,1.0
2014-01-08,27.67,27.73,27.610001,27.639999,25.356642,71700,0.0,1.0
2014-01-09,27.66,27.74,27.540001,27.66,25.374989000000003,35900,0.0,1.0
2014-01-10,27.74,27.92,27.719998999999998,27.91,25.604338000000002,17500,0.0,1.0
2014-01-13,27.879998999999998,27.879998999999998,27.65,27.700001,25.411686,34400,0.0,1.0
2014-01-14,27.85,27.959999,27.77,27.93,25.622684,26600,0.0,1.0
2014-01-15,27.93,28.120001000000002,27.93,28.1,25.778643,27700,0.0,1.0
2014-01-16,28.17,28.17,27.959999,28.09,25.769466,25600,0.0,1.0
2014-01-17,28.01,28.059998999999998,27.99,27.99,25.677726999999997,26400,0.0,1.0
2014-01-21,28.15,28.16,27.98,28.08,25.760294000000002,42000,0.0,1.0
2014-01-22,28.059998999999998,28.09,27.969998999999998,28.08,25.760294000000002,29100,0.0,1.0
2014-01-23,28.049999,28.049999,27.84,27.9,25.595163,17900,0.0,1.0
2014-01-24,27.559998999999998,27.559998999999998,27.200001,27.200001,24.952991,28600,0.0,1.0
2014-01-27,27.15,27.209999,26.9,27.07,24.833729,43400,0.0,1.0
2014-01-28,27.110001,27.280001000000002,27.110001,27.24,24.989687,50300,0.0,1.0
2014-01-29,26.969998999999998,27.15,26.91,26.92,24.696120999999998,31400,0.0,1.0
2014-01-30,27.120001000000002,27.120001000000002,26.82,27.02,24.787861,59800,0.0,1.0
2014-01-31,26.6,26.790001,26.48,26.690001000000002,24.485123,32800,0.0,1.0
2014-02-03,26.65,26.65,26.190001000000002,26.23,24.063124,82700,0.0,1.0
2014-02-04,26.299999,26.42,26.25,26.389999,24.209904,23200,0.0,1.0
2014-02-05,26.42,26.5,26.35,26.48,24.292471,33500,0.0,1.0
2014-02-06,26.690001000000002,26.959999,26.66,26.950001,24.723644,38100,0.0,1.0
2014-02-07,27.120001000000002,27.35,27.09,27.34,25.081429,20600,0.0,1.0
2014-02-10,27.219998999999998,27.24,27.190001000000002,27.24,24.989687,36500,0.0,1.0
2014-02-11,27.32,27.690001000000002,27.32,27.639999,25.356642,31900,0.0,1.0
2014-02-12,27.709999,27.74,27.620001000000002,27.700001,25.411686,22700,0.0,1.0
2014-02-13,27.459999,27.860001,27.459999,27.82,25.521772,61000,0.0,1.0
2014-02-14,27.77,27.940001000000002,27.77,27.940001000000002,25.631859,25100,0.0,1.0
2014-02-18,28.09,28.23,28.09,28.190001000000002,25.861206,57400,0.0,1.0
2014-02-19,28.120001000000002,28.209999,28.01,28.01,25.696077,27300,0.0,1.0
2014-02-20,28.129998999999998,28.129998999999998,27.969998999999998,28.129998999999998,25.806162,17200,0.0,1.0
2014-02-21,28.379998999999998,28.379998999999998,28.200001,28.219998999999998,25.888727,27600,0.0,1.0
2014-02-24,28.290001,28.59,28.290001,28.49,26.136423,37900,0.0,1.0
2014-02-25,28.48,28.559998999999998,28.32,28.41,26.063032,30600,0.0,1.0
2014-02-26,28.389999,28.389999,28.190001000000002,28.280001000000002,25.943770999999998,43600,0.0,1.0
2014-02-27,28.1,28.34,28.1,28.309998999999998,25.971292000000002,18300,0.0,1.0
2014-02-28,28.34,28.58,28.34,28.41,26.063032,21400,0.0,1.0
2014-03-03,28.200001,28.200001,27.780001000000002,27.82,25.521772,23400,0.0,1.0
2014-03-04,28.389999,28.41,28.32,28.389999,26.044685,50900,0.0,1.0
2014-03-05,28.49,28.49,28.360001,28.42,26.072206,19800,0.0,1.0
2014-03-06,28.700001,28.75,28.639999,28.68,26.310728000000005,28800,0.0,1.0
2014-03-07,28.75,28.75,28.450001,28.51,26.154770000000003,35800,0.0,1.0
2014-03-10,28.43,28.450001,28.24,28.360001,26.017162,261100,0.0,1.0
2014-03-11,28.360001,28.389999,28.200001,28.24,25.907076,39900,0.0,1.0
2014-03-12,28.120001000000002,28.209999,27.93,28.209999,25.879553,169500,0.0,1.0
2014-03-13,28.27,28.42,27.59,27.620001000000002,25.338295000000002,17600,0.0,1.0
2014-03-14,27.530001000000002,27.709999,27.389999,27.549999,25.274076,27900,0.0,1.0
2014-03-17,27.870001000000002,27.92,27.780001000000002,27.91,25.604338000000002,27800,0.0,1.0
2014-03-18,28.049999,28.110001,27.940001000000002,28.09,25.769466,18900,0.0,1.0
2014-03-19,28.08,28.08,27.629998999999998,27.76,25.46673,39400,0.0,1.0
2014-03-20,27.6,27.73,27.440001000000002,27.690001000000002,25.402511999999998,30400,0.0,1.0
2014-03-21,27.83,27.83,27.58,27.58,25.3016,13400,0.0,1.0
2014-03-24,27.780001000000002,27.780001000000002,27.440001000000002,27.66,25.374989000000003,32900,0.0,1.0
2014-03-25,27.879998999999998,27.940001000000002,27.74,27.91,25.604338000000002,26000,0.0,1.0
2014-03-26,28.190001000000002,28.190001000000002,27.93,27.93,25.622684,39200,0.0,1.0
2014-03-27,28.049999,28.049999,27.91,28.01,25.696077,22200,0.0,1.0
2014-03-28,28.24,28.33,28.24,28.299999,25.962118,28700,0.0,1.0
2014-03-31,28.559998999999998,28.559998999999998,28.42,28.469998999999998,26.118073000000003,34700,0.0,1.0
2014-04-01,28.68,28.68,28.52,28.58,26.218988,27200,0.0,1.0
2014-04-02,28.690001000000002,28.690001000000002,28.549999,28.66,26.292378999999997,23800,0.0,1.0
2014-04-03,28.65,28.65,28.48,28.610001,26.246510999999998,21200,0.0,1.0
2014-04-04,28.75,28.75,28.469998999999998,28.51,26.154770000000003,32900,0.0,1.0
2014-04-07,28.379998999999998,28.49,28.35,28.41,26.063032,83400,0.0,1.0
2014-04-08,28.41,28.43,28.26,28.41,26.063032,26600,0.0,1.0
2014-04-09,28.66,28.709999,28.48,28.709999,26.338248999999998,27700,0.0,1.0
2014-04-10,28.66,28.66,28.110001,28.129998999999998,25.806162,42800,0.0,1.0
2014-04-11,28.07,28.17,27.98,28.0,25.686901000000002,17900,0.0,1.0
2014-04-14,28.17,28.190001000000002,28.030001000000002,28.15,25.824512,23200,0.0,1.0
2014-04-15,28.139999,28.139999,27.799999,28.02,25.70525,27900,0.0,1.0
2014-04-16,28.219998999999998,28.35,28.190001000000002,28.33,25.989641,39300,0.0,1.0
2014-04-17,28.42,28.530001000000002,28.42,28.51,26.154770000000003,16500,0.0,1.0
2014-04-21,28.67,28.67,28.530001000000002,28.620001000000002,26.255685999999997,72500,0.0,1.0
2014-04-22,28.74,28.74,28.67,28.719998999999998,26.347421999999998,37500,0.0,1.0
2014-04-23,28.49,28.67,28.49,28.67,26.301554,55700,0.0,1.0
2014-04-24,28.73,28.73,28.49,28.65,26.283205,29500,0.0,1.0
2014-04-25,28.6,28.6,28.48,28.540001,26.182295,34700,0.0,1.0
2014-04-28,28.68,28.68,28.49,28.67,26.301554,45400,0.0,1.0
2014-04-29,28.870001000000002,28.92,28.77,28.870001000000002,26.485033,61900,0.0,1.0
2014-04-30,28.9,29.129998999999998,28.82,29.049999,26.650159999999996,22300,0.0,1.0
2014-05-01,29.120001000000002,29.120001000000002,29.01,29.040001,26.640987,17600,0.0,1.0
2014-05-02,29.120001000000002,29.120001000000002,28.98,29.049999,26.650159999999996,23600,0.0,1.0
2014-05-05,29.02,29.02,28.75,29.01,26.613464,38600,0.0,1.0
2014-05-06,29.07,29.07,28.9,28.959999,26.567596,13100,0.0,1.0
2014-05-07,29.049999,29.049999,28.879998999999998,29.040001,26.640987,48100,0.0,1.0
2014-05-08,29.09,29.209999,28.959999,29.01,26.613464,77900,0.0,1.0
2014-05-09,29.049999,29.049999,28.84,28.91,26.521728999999997,36600,0.0,1.0
2014-05-12,28.959999,29.120001000000002,28.91,29.110001,26.705206,21800,0.0,1.0
2014-05-13,29.18,29.18,29.049999,29.110001,26.705206,13300,0.0,1.0
2014-05-14,29.1,29.15,29.02,29.07,26.668509999999998,35200,0.0,1.0
2014-05-15,29.030001000000002,29.030001000000002,28.75,28.879998999999998,26.494204999999997,31700,0.0,1.0
2014-05-16,28.92,28.92,28.83,28.9,26.512553999999998,19500,0.0,1.0
2014-05-19,28.85,28.91,28.77,28.91,26.521728999999997,16400,0.0,1.0
2014-05-20,28.780001000000002,28.790001,28.639999,28.709999,26.338248999999998,27100,0.0,1.0
2014-05-21,28.85,28.959999,28.82,28.950001,26.558424,15900,0.0,1.0
2014-05-22,28.99,29.0,28.940001000000002,28.98,26.585943,26300,0.0,1.0
2014-05-23,29.0,29.08,28.959999,29.07,26.668509999999998,22100,0.0,1.0
2014-05-27,29.200001,29.290001,29.200001,29.280001000000002,26.861159999999998,20800,0.0,1.0
2014-05-28,29.219998999999998,29.219998999999998,29.120001000000002,29.17,26.760247999999997,19600,0.0,1.0
2014-05-29,29.27,29.33,29.23,29.32,26.897856,41500,0.0,1.0
2014-05-30,29.34,29.35,29.280001000000002,29.34,26.916203999999997,50300,0.0,1.0
2014-06-02,29.450001,29.450001,29.32,29.42,26.989595,28200,0.0,1.0
2014-06-03,29.299999,29.33,29.27,29.32,26.897856,32900,0.0,1.0
2014-06-04,29.309998999999998,29.309998999999998,29.190001000000002,29.299999,26.879507,20900,0.0,1.0
2014-06-05,29.43,29.559998999999998,29.360001,29.549999,27.108856,64500,0.0,1.0
2014-06-06,29.67,29.73,29.6,29.73,27.273986999999998,33100,0.0,1.0
2014-06-09,29.65,29.73,29.610001,29.719998999999998,27.264812,26400,0.0,1.0
2014-06-10,29.6,29.66,29.549999,29.65,27.200591999999997,31100,0.0,1.0
2014-06-11,29.59,29.59,29.450001,29.49,27.053814000000003,20200,0.0,1.0
2014-06-12,29.610001,29.620001000000002,29.469998999999998,29.530001000000002,27.090509,33900,0.0,1.0
2014-06-13,29.58,29.6,29.52,29.530001000000002,27.090509,25200,0.0,1.0
2014-06-16,29.530001000000002,29.57,29.48,29.549999,27.108856,19800,0.0,1.0
2014-06-17,29.42,29.52,29.42,29.52,27.081333,29900,0.0,1.0
2014-06-18,29.6,29.82,29.549999,29.82,27.35655,17500,0.0,1.0
2014-06-19,30.030001000000002,30.030001000000002,29.950001,29.98,27.503334000000002,91800,0.0,1.0
2014-06-20,29.98,29.99,29.85,29.91,27.439117,53900,0.0,1.0
2014-06-23,29.879998999999998,29.879998999999998,29.73,29.84,27.374899,51600,0.0,1.0
2014-06-24,29.91,29.91,29.639999,29.67,27.218943,95300,0.0,1.0
2014-06-25,29.57,29.66,29.52,29.65,27.200591999999997,34000,0.0,1.0
2014-06-26,29.67,29.67,29.459999,29.66,27.209768,24600,0.0,1.0
2014-06-27,29.610001,29.690001000000002,29.540001,29.68,27.228116999999997,18700,0.0,1.0
2014-06-30,29.700001,29.719998999999998,29.610001,29.700001,27.246465999999998,22700,0.0,1.0
2014-07-01,29.860001,30.0,29.860001,29.950001,27.475813,40100,0.0,1.0
2014-07-02,30.02,30.02,29.889999,29.98,27.503334000000002,28300,0.0,1.0
2014-07-03,30.07,30.08,30.0,30.07,27.585896999999996,15100,0.0,1.0
2014-07-07,29.93,29.93,29.74,29.75,27.292334000000004,21900,0.0,1.0
2014-07-08,29.66,29.66,29.379998999999998,29.469998999999998,27.035463,33200,0.0,1.0
2014-07-09,29.42,29.610001,29.42,29.57,27.127203,54900,0.0,1.0
2014-07-10,29.15,29.25,29.01,29.24,26.824467,25800,0.0,1.0
2014-07-11,29.24,29.26,29.18,29.25,26.833639,19100,0.0,1.0
2014-07-14,29.549999,29.549999,29.43,29.450001,27.017120000000002,30900,0.0,1.0
2014-07-15,29.549999,29.549999,29.209999,29.360001,26.934555,22600,0.0,1.0
2014-07-16,29.59,29.620001000000002,29.540001,29.59,27.145552000000002,21800,0.0,1.0
2014-07-17,29.459999,29.48,29.200001,29.209999,26.796944,11100,0.0,1.0
2014-07-18,29.24,29.459999,29.24,29.450001,27.017120000000002,61800,0.0,1.0
2014-07-21,29.200001,29.33,29.190001000000002,29.32,26.897856,20400,0.0,1.0
2014-07-22,29.41,29.49,29.41,29.459999,27.026290999999997,16900,0.0,1.0
2014-07-23,29.559998999999998,29.559998999999998,29.48,29.49,27.053814000000003,26500,0.0,1.0
2014-07-24,29.620001000000002,29.620001000000002,29.540001,29.59,27.145552000000002,19900,0.0,1.0
2014-07-25,29.6,29.6,29.41,29.48,27.044638,20800,0.0,1.0
2014-07-28,29.49,29.52,29.309998999999998,29.48,27.044638,13900,0.0,1.0
2014-07-29,29.620001000000002,29.620001000000002,29.370001000000002,29.389999,26.962071999999996,47300,0.0,1.0
2014-07-30,29.41,29.440001000000002,29.200001,29.33,26.90703,30200,0.0,1.0
2014-07-31,29.110001,29.110001,28.84,28.85,26.466682000000002,55000,0.0,1.0
2014-08-01,28.76,28.809998999999998,28.58,28.65,26.283205,46600,0.0,1.0
2014-08-04,28.799999,28.82,28.620001000000002,28.799999,26.420813,23400,0.0,1.0
2014-08-05,28.68,28.68,28.33,28.389999,26.044685,23200,0.0,1.0
2014-08-06,28.219998999999998,28.379998999999998,28.129998999999998,28.32,25.980467,28600,0.0,1.0
2014-08-07,28.41,28.41,27.98,28.040001,25.723598000000003,18900,0.0,1.0
2014-08-08,28.08,28.25,27.99,28.25,25.91625,27200,0.0,1.0
2014-08-11,28.41,28.41,28.280001000000002,28.32,25.980467,53500,0.0,1.0
2014-08-12,28.25,28.280001000000002,28.23,28.27,25.934597,35500,0.0,1.0
2014-08-13,28.4,28.42,28.34,28.4,26.05386,24000,0.0,1.0
2014-08-14,28.610001,28.610001,28.459999,28.52,26.163946,24800,0.0,1.0
2014-08-15,28.68,28.709999,28.34,28.540001,26.182295,37400,0.0,1.0
2014-08-18,28.629998999999998,28.719998999999998,28.629998999999998,28.690001000000002,26.319902000000003,37200,0.0,1.0
2014-08-19,28.780001000000002,28.780001000000002,28.700001,28.77,26.393293,20000,0.0,1.0
2014-08-20,28.700001,28.709999,28.59,28.68,26.310728000000005,45900,0.0,1.0
2014-08-21,28.84,28.860001,28.76,28.83,26.448335999999998,30200,0.0,1.0
2014-08-22,28.860001,28.860001,28.6,28.66,26.292378999999997,37500,0.0,1.0
2014-08-25,28.84,28.92,28.75,28.860001,26.475859000000003,102000,0.0,1.0
2014-08-26,28.99,29.01,28.9,28.950001,26.558424,148400,0.0,1.0
2014-08-27,29.08,29.08,28.959999,28.98,26.585943,20400,0.0,1.0
2014-08-28,28.879998999999998,28.879998999999998,28.76,28.860001,26.475859000000003,20700,0.0,1.0
2014-08-29,28.870001000000002,28.870001000000002,28.719998999999998,28.809998999999998,26.429989000000003,24100,0.0,1.0
2014-09-02,28.940001000000002,28.940001000000002,28.76,28.83,26.448335999999998,33500,0.0,1.0
2014-09-03,29.139999,29.139999,29.02,29.040001,26.640987,39000,0.0,1.0
2014-09-04,29.040001,29.1,28.85,28.889999,26.503378,14100,0.0,1.0
2014-09-05,28.91,28.93,28.82,28.93,26.540073,10400,0.0,1.0
2014-09-08,28.82,28.85,28.58,28.629998999999998,26.264858,28300,0.0,1.0
2014-09-09,28.629998999999998,28.629998999999998,28.48,28.52,26.163946,19500,0.0,1.0
2014-09-10,28.620001000000002,28.709999,28.5,28.700001,26.329077,23700,0.0,1.0
2014-09-11,28.58,28.58,28.48,28.52,26.163946,33700,0.0,1.0
2014-09-12,28.52,28.52,28.440001000000002,28.469998999999998,26.118073000000003,12400,0.0,1.0
2014-09-15,28.51,28.51,28.389999,28.43,26.081381,19700,0.0,1.0
2014-09-16,28.34,28.6,28.33,28.58,26.218988,13700,0.0,1.0
2014-09-17,28.559998999999998,28.559998999999998,28.379998999999998,28.379998999999998,26.035509,15200,0.0,1.0
2014-09-18,28.57,28.639999,28.540001,28.6,26.237337,16400,0.0,1.0
2014-09-19,28.65,28.65,28.43,28.469998999999998,26.118073000000003,16500,0.0,1.0
2014-09-22,28.48,28.48,28.27,28.33,25.989641,27500,0.0,1.0
2014-09-23,28.200001,28.200001,28.059998999999998,28.1,25.778643,26000,0.0,1.0
2014-09-24,28.1,28.25,28.040001,28.25,25.91625,44800,0.0,1.0
2014-09-25,28.129998999999998,28.129998999999998,27.790001,27.84,25.540121,29300,0.0,1.0
2014-09-26,27.84,27.969998999999998,27.780001000000002,27.92,25.61351,13700,0.0,1.0
2014-09-29,27.709999,27.74,27.57,27.709999,25.420858,20400,0.0,1.0
2014-09-30,27.690001000000002,27.719998999999998,27.530001000000002,27.620001000000002,25.338295000000002,54700,0.0,1.0
2014-10-01,27.51,27.51,27.25,27.32,25.063078,39300,0.0,1.0
2014-10-02,27.24,27.24,26.73,26.98,24.751163000000002,60000,0.0,1.0
2014-10-03,27.030001000000002,27.030001000000002,26.809998999999998,26.959999,24.732819,39400,0.0,1.0
2014-10-06,27.030001000000002,27.129998999999998,26.940001000000002,27.07,24.833729,24200,0.0,1.0
2014-10-07,27.0,27.0,26.66,26.66,24.457601999999998,569200,0.0,1.0
2014-10-08,26.73,27.09,26.58,27.08,24.842903,27800,0.0,1.0
2014-10-09,26.84,26.84,26.200001,26.299999,24.12734,68900,0.0,1.0
2014-10-10,26.18,26.209999,25.9,25.9,23.760384,58500,0.0,1.0
2014-10-13,26.040001,26.17,25.82,25.82,23.686993,50200,0.0,1.0
2014-10-14,25.969998999999998,26.07,25.780001000000002,25.85,23.714516,102700,0.0,1.0
2014-10-15,25.690001000000002,25.709999,25.209999,25.66,23.540213,82100,0.0,1.0
2014-10-16,25.09,25.639999,25.09,25.440001000000002,23.338387,89000,0.0,1.0
2014-10-17,25.889999,25.959999,25.790001,25.9,23.760384,69600,0.0,1.0
2014-10-20,25.799999,26.120001000000002,25.799999,26.09,23.934689000000002,68500,0.0,1.0
2014-10-21,26.15,26.43,26.15,26.389999,24.209904,113300,0.0,1.0
2014-10-22,26.43,26.440001000000002,26.139999,26.139999,23.980558,59300,0.0,1.0
2014-10-23,26.34,26.58,26.34,26.469998999999998,24.283297,54900,0.0,1.0
2014-10-24,26.549999,26.58,26.469998999999998,26.559998999999998,24.365862,51500,0.0,1.0
2014-10-27,26.43,26.559998999999998,26.299999,26.49,24.301643,50100,0.0,1.0
2014-10-28,26.620001000000002,26.85,26.620001000000002,26.85,24.631907,38300,0.0,1.0
2014-10-29,26.959999,27.0,26.6,26.709999,24.503469,57200,0.0,1.0
2014-10-30,26.57,26.879998999999998,26.549999,26.799999,24.586035,14000,0.0,1.0
2014-10-31,27.290001,27.299999,27.129998999999998,27.290001,25.035557,73600,0.0,1.0
2014-11-03,27.209999,27.209999,26.99,27.07,24.833729,127800,0.0,1.0
2014-11-04,26.84,26.84,26.6,26.790001,24.576862,71400,0.0,1.0
2014-11-05,26.92,26.950001,26.809998999999998,26.889999,24.668598,67600,0.0,1.0
2014-11-06,26.92,26.93,26.700001,26.77,24.558516,44300,0.0,1.0
2014-11-07,26.74,26.83,26.629998999999998,26.83,24.613557999999998,53100,0.0,1.0
2014-11-10,26.98,26.98,26.870001000000002,26.93,24.705296,37000,0.0,1.0
2014-11-11,27.0,27.110001,26.940001000000002,27.08,24.842903,34900,0.0,1.0
2014-11-12,26.870001000000002,26.959999,26.82,26.889999,24.668598,35100,0.0,1.0
2014-11-13,26.92,26.98,26.83,26.92,24.696120999999998,36100,0.0,1.0
2014-11-14,26.809998999999998,27.0,26.799999,27.0,24.769514,49000,0.0,1.0
2014-11-17,26.889999,26.98,26.82,26.93,24.705296,81900,0.0,1.0
2014-11-18,27.15,27.299999,27.139999,27.27,25.017208,85300,0.0,1.0
2014-11-19,27.24,27.26,27.08,27.200001,24.952991,27400,0.0,1.0
2014-11-20,27.049999,27.09,26.93,27.030001000000002,24.797035,118500,0.0,1.0
2014-11-21,27.459999,27.459999,27.26,27.34,25.081429,84700,0.0,1.0
2014-11-24,27.43,27.440001000000002,27.360001,27.43,25.163992,39200,0.0,1.0
2014-11-25,27.49,27.52,27.42,27.49,25.219034,62300,0.0,1.0
2014-11-26,27.51,27.559998999999998,27.5,27.559998999999998,25.283251,38200,0.0,1.0
2014-11-28,27.370001000000002,27.370001000000002,27.23,27.23,24.980513000000002,84500,0.0,1.0
2014-12-01,27.27,27.290001,27.139999,27.190001000000002,24.943817000000003,559900,0.0,1.0
2014-12-02,27.290001,27.290001,27.190001000000002,27.280001000000002,25.026382,37700,0.0,1.0
2014-12-03,27.190001000000002,27.299999,27.190001000000002,27.25,24.998860999999998,128200,0.0,1.0
2014-12-04,27.209999,27.23,27.040001,27.15,24.907122,51300,0.0,1.0
2014-12-05,27.16,27.280001000000002,27.139999,27.200001,24.952991,70900,0.0,1.0
2014-12-08,27.1,27.1,26.870001000000002,26.9,24.677773000000002,52000,0.0,1.0
2014-12-09,26.75,26.77,26.57,26.709999,24.503469,64800,0.0,1.0
2014-12-10,26.690001000000002,26.690001000000002,26.299999,26.360001,24.182382999999998,109700,0.0,1.0
2014-12-11,26.459999,26.52,26.309998999999998,26.33,24.154863,129600,0.0,1.0
2014-12-12,26.26,26.26,25.780001000000002,25.780001000000002,23.650299,185000,0.0,1.0
2014-12-15,25.9,25.9,25.32,25.360001,23.264996,104500,0.0,1.0
2014-12-16,25.440001000000002,25.879998999999998,25.41,25.65,23.531038,435500,0.0,1.0
2014-12-17,25.709999,26.09,25.65,25.93,23.787907,225700,0.0,1.0
2014-12-18,26.41,26.450001,26.18,26.42,24.237429000000002,136700,0.0,1.0
2014-12-19,26.309998999999998,26.540001,26.26,26.459999,24.274122,110700,0.0,1.0
2014-12-22,26.18,26.18,25.959999,26.030001000000002,24.312607,269400,0.4712,1.0
2014-12-23,26.02,26.139999,25.98,26.049999,24.331285,143500,0.0,1.0
2014-12-24,26.030001000000002,26.24,26.01,26.190001000000002,24.462049,160500,0.0,1.0
2014-12-26,26.27,26.290001,26.219998999999998,26.24,24.508748999999998,69400,0.0,1.0
2014-12-29,26.059998999999998,26.139999,26.030001000000002,26.07,24.349964,160000,0.0,1.0
2014-12-30,25.99,25.99,25.83,25.85,24.144482,116100,0.0,1.0
2014-12-31,25.860001,25.9,25.66,25.67,23.976357999999998,73600,0.0,1.0
2015-01-02,25.68,25.780001000000002,25.57,25.629998999999998,23.938995000000002,30200,0.0,1.0
2015-01-05,25.23,25.23,24.82,24.91,23.2665,152700,0.0,1.0
2015-01-06,24.879998999999998,24.98,24.559998999999998,24.639999,23.014313,136100,0.0,1.0
2015-01-07,24.889999,24.940001000000002,24.690001000000002,24.84,23.20112,227700,0.0,1.0
2015-01-08,25.09,25.299999,25.040001,25.219998999999998,23.556046,81300,0.0,1.0
2015-01-09,25.25,25.25,24.92,25.01,23.359903,61300,0.0,1.0
2015-01-12,25.110001,25.110001,24.82,24.959999,23.313198,76400,0.0,1.0
2015-01-13,25.23,25.280001000000002,24.870001000000002,25.049999,23.397261,121800,0.0,1.0
2015-01-14,24.93,24.959999,24.73,24.950001,23.30386,1775300,0.0,1.0
2015-01-15,25.16,25.190001000000002,24.969998999999998,25.040001,23.387922,163300,0.0,1.0
2015-01-16,25.01,25.42,25.01,25.389999,23.71483,115000,0.0,1.0
2015-01-20,25.639999,25.639999,25.41,25.52,23.836254,84300,0.0,1.0
2015-01-21,25.59,25.73,25.49,25.73,24.032396,55200,0.0,1.0
2015-01-22,25.799999,25.940001000000002,25.68,25.9,24.191181,88900,0.0,1.0
2015-01-23,25.870001000000002,25.889999,25.709999,25.709999,24.013716,80200,0.0,1.0
2015-01-26,25.940001000000002,26.110001,25.85,26.08,24.359306,47400,0.0,1.0
2015-01-27,26.01,26.16,25.98,26.1,24.377987,51900,0.0,1.0
2015-01-28,26.15,26.25,25.68,25.68,23.985699,52400,0.0,1.0
2015-01-29,25.76,26.01,25.76,25.969998999999998,24.256560999999998,65900,0.0,1.0
2015-01-30,25.75,25.82,25.610001,25.610001,23.920315,66700,0.0,1.0
2015-02-02,25.860001,25.99,25.77,25.93,24.219204,86500,0.0,1.0
2015-02-03,26.190001000000002,26.52,26.190001000000002,26.5,24.751596,47300,0.0,1.0
2015-02-04,26.41,26.41,26.25,26.389999,24.648851,35600,0.0,1.0
2015-02-05,26.43,26.58,26.379998999999998,26.58,24.826319,49600,0.0,1.0
2015-02-06,26.370001000000002,26.4,26.139999,26.139999,24.415346,64300,0.0,1.0
2015-02-09,26.15,26.23,26.0,26.15,24.424685999999998,41600,0.0,1.0
2015-02-10,26.360001,26.370001000000002,26.18,26.35,24.611492000000002,69800,0.0,1.0
2015-02-11,26.24,26.25,26.09,26.209999,24.480728,39200,0.0,1.0
2015-02-12,26.49,26.639999,26.469998999999998,26.639999,24.882357,24200,0.0,1.0
2015-02-13,26.83,26.879998999999998,26.790001,26.879998999999998,25.106524,58700,0.0,1.0
2015-02-17,26.889999,27.0,26.75,26.940001000000002,25.162565,94200,0.0,1.0
2015-02-18,27.059998999999998,27.110001,26.93,27.040001,25.255968,62500,0.0,1.0
2015-02-19,27.07,27.120001000000002,26.950001,27.040001,25.255968,48500,0.0,1.0
2015-02-20,27.030001000000002,27.370001000000002,26.92,27.290001,25.489473,53700,0.0,1.0
2015-02-23,27.209999,27.209999,27.059998999999998,27.139999,25.349369,86000,0.0,1.0
2015-02-24,27.23,27.360001,27.17,27.32,25.517492,64300,0.0,1.0
2015-02-25,27.35,27.360001,27.27,27.360001,25.554855,77600,0.0,1.0
2015-02-26,27.34,27.34,27.219998999999998,27.27,25.470793,57900,0.0,1.0
2015-02-27,27.309998999999998,27.370001000000002,27.27,27.27,25.470793,64600,0.0,1.0
2015-03-02,27.33,27.33,27.190001000000002,27.27,25.470793,61700,0.0,1.0
2015-03-03,27.23,27.23,27.049999,27.07,25.283987,47700,0.0,1.0
2015-03-04,27.02,27.02,26.84,26.99,25.209267,243000,0.0,1.0
2015-03-05,27.120001000000002,27.139999,27.02,27.059998999999998,25.274647,133600,0.0,1.0
2015-03-06,26.950001,26.950001,26.610001,26.639999,24.882357,120200,0.0,1.0
2015-03-09,26.75,26.75,26.620001000000002,26.690001000000002,24.929062,85800,0.0,1.0
2015-03-10,26.370001000000002,26.370001000000002,26.02,26.08,24.359306,205100,0.0,1.0
2015-03-11,26.209999,26.209999,25.98,26.07,24.349964,275600,0.0,1.0
2015-03-12,26.43,26.43,26.299999,26.34,24.602152,183600,0.0,1.0
2015-03-13,26.190001000000002,26.190001000000002,25.99,26.16,24.434029000000002,252100,0.0,1.0
2015-03-16,26.33,26.43,26.309998999999998,26.4,24.658192,268800,0.0,1.0
2015-03-17,26.32,26.4,26.23,26.379998999999998,24.639511,299400,0.0,1.0
2015-03-18,26.440001000000002,26.959999,26.35,26.92,25.143885,405100,0.0,1.0
2015-03-19,26.67,26.67,26.52,26.58,24.826319,238000,0.0,1.0
2015-03-20,26.98,27.27,26.959999,27.200001,25.405410999999997,856000,0.0,1.0
2015-03-23,27.25,27.389999,27.25,27.360001,25.554855,240100,0.0,1.0
2015-03-24,27.469998999999998,27.469998999999998,27.35,27.360001,25.554855,220200,0.0,1.0
2015-03-25,27.5,27.5,27.23,27.24,25.442774,230200,0.0,1.0
2015-03-26,27.120001000000002,27.120001000000002,26.870001000000002,27.01,25.227947,200300,0.0,1.0
2015-03-27,27.01,27.01,26.889999,26.98,25.199924,204200,0.0,1.0
2015-03-30,27.049999,27.059998999999998,26.98,26.99,25.209267,162100,0.0,1.0
2015-03-31,26.6,26.709999,26.58,26.6,24.844998999999998,221500,0.0,1.0
2015-04-01,26.76,26.790001,26.65,26.790001,25.022461,261200,0.0,1.0
2015-04-02,26.959999,27.059998999999998,26.93,27.040001,25.255968,228800,0.0,1.0
2015-04-06,27.24,27.48,27.139999,27.33,25.526834,318700,0.0,1.0
2015-04-07,27.469998999999998,27.540001,27.379998999999998,27.389999,25.582874,247200,0.0,1.0
2015-04-08,27.629998999999998,27.629998999999998,27.34,27.41,25.601557,219500,0.0,1.0
2015-04-09,27.41,27.41,27.290001,27.4,25.592215,331200,0.0,1.0
2015-04-10,27.4,27.459999,27.34,27.459999,25.648254,236900,0.0,1.0
2015-04-13,27.35,27.43,27.25,27.309998999999998,25.508152,221200,0.0,1.0
2015-04-14,27.540001,27.559998999999998,27.48,27.559998999999998,25.741657,249500,0.0,1.0
2015-04-15,27.700001,27.799999,27.6,27.77,25.937804999999997,265300,0.0,1.0
2015-04-16,27.85,27.9,27.67,27.790001,25.956485999999998,210800,0.0,1.0
2015-04-17,27.559998999999998,27.559998999999998,27.4,27.51,25.694960000000002,189400,0.0,1.0
2015-04-20,27.559998999999998,27.639999,27.51,27.57,25.750998000000003,232300,0.0,1.0
2015-04-21,27.780001000000002,27.780001000000002,27.67,27.719998999999998,25.8911,220100,0.0,1.0
2015-04-22,27.700001,27.75,27.57,27.719998999999998,25.8911,175000,0.0,1.0
2015-04-23,27.629998999999998,27.91,27.6,27.860001,26.021866,142000,0.0,1.0
2015-04-24,28.02,28.09,27.879998999999998,28.02,26.171310000000002,177700,0.0,1.0
2015-04-27,28.26,28.309998999999998,28.17,28.200001,26.339434000000004,208500,0.0,1.0
2015-04-28,28.17,28.27,28.1,28.219998999999998,26.358112,192800,0.0,1.0
2015-04-29,28.1,28.120001000000002,27.950001,28.059998999999998,26.20867,210900,0.0,1.0
2015-04-30,27.889999,27.91,27.73,27.77,25.937804999999997,179900,0.0,1.0
2015-05-01,27.959999,28.01,27.780001000000002,28.01,26.16197,183300,0.0,1.0
2015-05-04,28.0,28.059998999999998,27.790001,28.030001000000002,26.180651,260900,0.0,1.0
2015-05-05,27.98,27.98,27.58,27.620001000000002,25.797701,381600,0.0,1.0
2015-05-06,27.700001,27.84,27.57,27.73,25.900442,168200,0.0,1.0
2015-05-07,27.639999,27.639999,27.450001,27.610001,25.788363,179600,0.0,1.0
2015-05-08,28.08,28.24,28.040001,28.219998999999998,26.358112,165300,0.0,1.0
2015-05-11,28.07,28.129998999999998,27.969998999999998,27.99,26.143288000000002,283700,0.0,1.0
2015-05-12,28.02,28.059998999999998,27.91,28.0,26.15263,155200,0.0,1.0
2015-05-13,28.24,28.33,28.129998999999998,28.17,26.311415000000004,263700,0.0,1.0
2015-05-14,28.450001,28.48,28.35,28.469998999999998,26.591618,177000,0.0,1.0
2015-05-15,28.379998999999998,28.52,28.299999,28.459999,26.582277,225200,0.0,1.0
2015-05-18,28.389999,28.41,28.23,28.370001000000002,26.498216999999997,275400,0.0,1.0
2015-05-19,28.17,28.309998999999998,28.16,28.209999,26.348771999999997,171200,0.0,1.0
2015-05-20,28.25,28.370001000000002,28.129998999999998,28.26,26.395477000000003,335100,0.0,1.0
2015-05-21,28.25,28.469998999999998,28.25,28.379998999999998,26.507555,341100,0.0,1.0
2015-05-22,28.33,28.33,28.139999,28.200001,26.339434000000004,309300,0.0,1.0
2015-05-26,27.99,27.99,27.610001,27.73,25.900442,199500,0.0,1.0
2015-05-27,27.75,27.950001,27.719998999999998,27.93,26.087248000000002,578300,0.0,1.0
2015-05-28,27.809998999999998,27.91,27.639999,27.879998999999998,26.040546,175800,0.0,1.0
2015-05-29,27.809998999999998,27.809998999999998,27.450001,27.629998999999998,25.807039000000003,311800,0.0,1.0
2015-06-01,27.629998999999998,27.629998999999998,27.370001000000002,27.51,25.694960000000002,262300,0.0,1.0
2015-06-02,27.629998999999998,27.879998999999998,27.629998999999998,27.74,25.909784,176700,0.0,1.0
2015-06-03,27.879998999999998,28.040001,27.870001000000002,27.93,26.087248000000002,146500,0.0,1.0
2015-06-04,27.73,27.879998999999998,27.469998999999998,27.57,25.750998000000003,181100,0.0,1.0
2015-06-05,27.120001000000002,27.389999,27.09,27.23,25.433432,280400,0.0,1.0
2015-06-08,27.139999,27.209999,27.059998999999998,27.190001000000002,25.39607,163000,0.0,1.0
2015-06-09,27.120001000000002,27.139999,26.950001,27.08,25.293329,152600,0.0,1.0
2015-06-10,27.43,27.709999,27.43,27.65,25.82572,153300,0.0,1.0
2015-06-11,27.77,27.780001000000002,27.57,27.709999,25.881762,135100,0.0,1.0
2015-06-12,27.389999,27.52,27.34,27.48,25.666937,137400,0.0,1.0
2015-06-15,27.1,27.299999,27.1,27.27,25.470793,199100,0.0,1.0
2015-06-16,27.15,27.299999,27.1,27.290001,25.489473,246000,0.0,1.0
2015-06-17,27.17,27.290001,26.959999,27.200001,25.405410999999997,147400,0.0,1.0
2015-06-18,27.35,27.690001000000002,27.280001000000002,27.440001000000002,25.629576,165700,0.0,1.0
2015-06-19,27.469998999999998,27.469998999999998,27.32,27.379998999999998,25.573534,125100,0.0,1.0
2015-06-22,27.790001,28.040001,27.790001,27.85,26.012526,161000,0.0,1.0
2015-06-23,27.93,27.99,27.9,27.959999,26.115267000000003,219500,0.0,1.0
2015-06-24,27.809998999999998,27.889999,27.73,27.73,25.900442,150700,0.0,1.0
2015-06-25,27.92,27.92,27.73,27.73,25.900442,164300,0.0,1.0
2015-06-26,27.809998999999998,27.84,27.610001,27.709999,25.881762,287500,0.0,1.0
2015-06-29,27.24,27.290001,26.83,26.83,25.059824,234100,0.0,1.0
2015-06-30,27.09,27.09,26.67,26.75,24.985101999999998,201800,0.0,1.0
2015-07-01,27.08,27.08,26.76,26.860001,25.087845,285600,0.0,1.0
2015-07-02,26.950001,26.959999,26.85,26.950001,25.171907,128400,0.0,1.0
2015-07-06,26.42,26.559998999999998,26.26,26.32,24.583471,443100,0.0,1.0
2015-07-07,26.15,26.360001,25.76,26.290001,24.555452,742600,0.0,1.0
2015-07-08,25.9,25.959999,25.629998999999998,25.68,23.985699,430100,0.0,1.0
2015-07-09,26.16,26.24,25.98,26.01,24.293924,208900,0.0,1.0
2015-07-10,26.879998999999998,26.889999,26.690001000000002,26.84,25.069164,153700,0.0,1.0
2015-07-13,27.02,27.02,26.889999,26.93,25.153225,160100,0.0,1.0
2015-07-14,27.040001,27.209999,26.959999,27.209999,25.414751000000003,639900,0.0,1.0
2015-07-15,27.190001000000002,27.190001000000002,27.01,27.059998999999998,25.274647,198300,0.0,1.0
2015-07-16,27.360001,27.360001,27.24,27.290001,25.489473,232500,0.0,1.0
2015-07-17,27.309998999999998,27.309998999999998,27.15,27.219998999999998,25.424091,183500,0.0,1.0
2015-07-20,27.34,27.34,27.18,27.25,25.452114,313800,0.0,1.0
2015-07-21,27.190001000000002,27.24,27.139999,27.18,25.38673,295400,0.0,1.0
2015-07-22,26.9,27.0,26.83,26.969998999999998,25.190586,196900,0.0,1.0
2015-07-23,26.959999,27.01,26.85,26.879998999999998,25.106524,168800,0.0,1.0
2015-07-24,26.870001000000002,26.870001000000002,26.51,26.58,24.826319,169800,0.0,1.0
2015-07-27,26.450001,26.530001000000002,26.34,26.4,24.658192,249300,0.0,1.0
2015-07-28,26.629998999999998,26.690001000000002,26.450001,26.68,24.919722,169100,0.0,1.0
2015-07-29,26.719998999999998,26.889999,26.66,26.82,25.050482000000002,160100,0.0,1.0
2015-07-30,26.860001,26.860001,26.67,26.83,25.059824,197800,0.0,1.0
2015-07-31,27.129998999999998,27.129998999999998,26.940001000000002,26.99,25.209267,159100,0.0,1.0
2015-08-03,26.91,27.01,26.809998999999998,26.93,25.153225,139600,0.0,1.0
2015-08-04,27.02,27.040001,26.85,26.93,25.153225,144000,0.0,1.0
2015-08-05,27.049999,27.200001,27.049999,27.08,25.293329,181200,0.0,1.0
2015-08-06,27.09,27.09,26.959999,27.030001000000002,25.246628,133800,0.0,1.0
2015-08-07,26.940001000000002,27.01,26.9,27.01,25.227947,138100,0.0,1.0
2015-08-10,27.08,27.360001,27.030001000000002,27.309998999999998,25.508152,120200,0.0,1.0
2015-08-11,27.030001000000002,27.030001000000002,26.82,26.91,25.134544,169900,0.0,1.0
2015-08-12,26.68,26.85,26.52,26.83,25.059824,153500,0.0,1.0
2015-08-13,26.719998999999998,26.809998999999998,26.68,26.709999,24.947739000000002,134800,0.0,1.0
2015-08-14,26.66,26.75,26.610001,26.700001,24.9384,120200,0.0,1.0
2015-08-17,26.57,26.690001000000002,26.5,26.66,24.901039,252200,0.0,1.0
2015-08-18,26.469998999999998,26.540001,26.41,26.459999,24.714233,143300,0.0,1.0
2015-08-19,26.190001000000002,26.35,26.07,26.27,24.53677,223300,0.0,1.0
2015-08-20,26.0,26.0,25.639999,25.639999,23.948335999999998,274100,0.0,1.0
2015-08-21,25.58,25.68,24.860001,25.02,23.369244000000002,731600,0.0,1.0
2015-08-24,24.52,24.629998999999998,23.620001000000002,24.040001,22.453899,2330000,0.0,1.0
2015-08-25,25.120001000000002,25.129998999999998,24.25,24.26,22.659385999999998,309600,0.0,1.0
2015-08-26,24.77,24.85,24.25,24.85,23.210461,225700,0.0,1.0
2015-08-27,24.9,25.280001000000002,24.9,25.219998999999998,23.556046,160900,0.0,1.0
2015-08-28,25.129998999999998,25.280001000000002,25.1,25.219998999999998,23.556046,216000,0.0,1.0
2015-08-31,25.07,25.129998999999998,24.940001000000002,25.08,23.425283,226600,0.0,1.0
2015-09-01,24.58,24.58,24.18,24.24,22.640703,238500,0.0,1.0
2015-09-02,24.530001000000002,24.610001,24.26,24.549999,22.93025,201800,0.0,1.0
2015-09-03,24.59,24.799999,24.549999,24.610001,22.986294,145000,0.0,1.0
2015-09-04,24.16,24.17,23.950001,24.040001,22.453899,288700,0.0,1.0
2015-09-08,24.540001,24.77,24.540001,24.709999,23.079695,127500,0.0,1.0
2015-09-09,25.02,25.15,24.620001000000002,24.66,23.032992999999998,104400,0.0,1.0
2015-09-10,24.6,24.870001000000002,24.6,24.780001000000002,23.145077,126700,0.0,1.0
2015-09-11,24.549999,24.709999,24.5,24.709999,23.079695,121300,0.0,1.0
2015-09-14,24.51,24.57,24.41,24.52,22.902231,256800,0.0,1.0
2015-09-15,24.530001000000002,24.74,24.52,24.719998999999998,23.089035,134700,0.0,1.0
2015-09-16,24.860001,25.1,24.799999,25.1,23.443966,128800,0.0,1.0
2015-09-17,25.040001,25.43,24.950001,25.15,23.490664000000002,135500,0.0,1.0
2015-09-18,24.66,24.709999,24.43,24.48,22.86487,138500,0.0,1.0
2015-09-21,24.530001000000002,24.530001000000002,24.309998999999998,24.440001000000002,22.827510999999998,313400,0.0,1.0
2015-09-22,23.84,23.92,23.67,23.809998999999998,22.239075,509400,0.0,1.0
2015-09-23,23.809998999999998,23.860001,23.58,23.67,22.108313,207500,0.0,1.0
2015-09-24,23.43,23.690001000000002,23.34,23.59,22.03359,770000,0.0,1.0
2015-09-25,23.940001000000002,23.99,23.719998999999998,23.780001000000002,22.211056,169100,0.0,1.0
2015-09-28,23.58,23.58,23.24,23.309998999999998,21.772062,558400,0.0,1.0
2015-09-29,23.280001000000002,23.360001,23.200001,23.309998999999998,21.772062,305000,0.0,1.0
2015-09-30,23.629998999999998,23.77,23.51,23.74,22.173693,171300,0.0,1.0
2015-10-01,23.92,24.01,23.66,23.85,22.276436,135800,0.0,1.0
2015-10-02,23.76,24.27,23.700001,24.27,22.668726,178600,0.0,1.0
2015-10-05,24.65,24.84,24.65,24.799999,23.163755,175800,0.0,1.0
2015-10-06,24.780001000000002,25.030001000000002,24.780001000000002,24.950001,23.30386,181500,0.0,1.0
2015-10-07,25.4,25.5,25.200001,25.4,23.724171,150200,0.0,1.0
2015-10-08,25.290001,25.65,25.25,25.620001000000002,23.929655,136800,0.0,1.0
2015-10-09,25.73,25.82,25.67,25.780001000000002,24.0791,97100,0.0,1.0
2015-10-12,25.73,25.73,25.639999,25.68,23.985699,118800,0.0,1.0
2015-10-13,25.25,25.51,25.25,25.299999,23.630768,139100,0.0,1.0
2015-10-14,25.389999,25.51,25.32,25.440001000000002,23.761532,141300,0.0,1.0
2015-10-15,25.57,25.809998999999998,25.57,25.780001000000002,24.0791,137800,0.0,1.0
2015-10-16,25.719998999999998,25.790001,25.67,25.780001000000002,24.0791,111700,0.0,1.0
2015-10-19,25.6,25.629998999999998,25.530001000000002,25.549999,23.864273,125900,0.0,1.0
2015-10-20,25.5,25.58,25.440001000000002,25.549999,23.864273,126500,0.0,1.0
2015-10-21,25.73,25.73,25.51,25.51,23.826914000000002,239400,0.0,1.0
2015-10-22,25.68,25.93,25.67,25.82,24.116459,138500,0.0,1.0
2015-10-23,26.030001000000002,26.059998999999998,25.9,26.02,24.303267,147700,0.0,1.0
2015-10-26,25.99,25.99,25.83,25.91,24.200523,152700,0.0,1.0
2015-10-27,25.67,25.67,25.52,25.549999,23.864273,112000,0.0,1.0
2015-10-28,25.610001,25.9,25.540001,25.75,24.051079,131500,0.0,1.0
2015-10-29,25.5,25.58,25.42,25.559998999999998,23.873613,168000,0.0,1.0
2015-10-30,25.6,25.700001,25.49,25.51,23.826914000000002,171800,0.0,1.0
2015-11-02,25.59,25.76,25.530001000000002,25.76,24.060420999999998,160600,0.0,1.0
2015-11-03,25.65,25.870001000000002,25.620001000000002,25.83,24.125801,216400,0.0,1.0
2015-11-04,25.83,25.83,25.57,25.629998999999998,23.938995000000002,145100,0.0,1.0
2015-11-05,25.66,25.690001000000002,25.51,25.58,23.892295999999998,176600,0.0,1.0
2015-11-06,25.440001000000002,25.459999,25.280001000000002,25.440001000000002,23.761532,238400,0.0,1.0
2015-11-09,25.299999,25.34,25.049999,25.17,23.509346,205600,0.0,1.0
2015-11-10,25.08,25.15,25.0,25.120001000000002,23.462646,163100,0.0,1.0
2015-11-11,25.34,25.34,25.129998999999998,25.16,23.500006,141700,0.0,1.0
2015-11-12,24.940001000000002,24.959999,24.780001000000002,24.799999,23.163755,201000,0.0,1.0
2015-11-13,24.68,24.68,24.5,24.549999,22.93025,257000,0.0,1.0
2015-11-16,24.620001000000002,24.91,24.620001000000002,24.91,23.2665,132800,0.0,1.0
2015-11-17,24.99,25.1,24.92,25.0,23.350563,157800,0.0,1.0
2015-11-18,25.049999,25.209999,25.02,25.17,23.509346,173300,0.0,1.0
2015-11-19,25.290001,25.41,25.290001,25.35,23.677469,838700,0.0,1.0
2015-11-20,25.370001000000002,25.41,25.17,25.23,23.565386,143800,0.0,1.0
2015-11-23,25.09,25.200001,25.01,25.059998999999998,23.406601000000002,183700,0.0,1.0
2015-11-24,24.9,25.17,24.83,25.110001,23.453306,191400,0.0,1.0
2015-11-25,25.129998999999998,25.209999,25.040001,25.16,23.500006,149300,0.0,1.0
2015-11-27,25.110001,25.190001000000002,25.110001,25.16,23.500006,69400,0.0,1.0
2015-11-30,25.16,25.200001,25.08,25.129998999999998,23.471985,125900,0.0,1.0
2015-12-01,25.299999,25.370001000000002,25.24,25.370001000000002,23.696151999999998,176300,0.0,1.0
2015-12-02,25.23,25.299999,25.040001,25.110001,23.453306,281800,0.0,1.0
2015-12-03,25.24,25.24,24.82,24.940001000000002,23.294521,210200,0.0,1.0
2015-12-04,24.809998999999998,25.110001,24.809998999999998,25.08,23.425283,210600,0.0,1.0
2015-12-07,24.870001000000002,24.870001000000002,24.709999,24.799999,23.163755,198000,0.0,1.0
2015-12-08,24.4,24.49,24.299999,24.41,22.799488,263200,0.0,1.0
2015-12-09,24.41,24.709999,24.25,24.4,22.790146,278000,0.0,1.0
2015-12-10,24.450001,24.530001000000002,24.370001000000002,24.370001000000002,22.762129,173500,0.0,1.0
2015-12-11,24.02,24.07,23.85,23.9,22.323135,367000,0.0,1.0
2015-12-14,23.9,23.969998999999998,23.639999,23.9,22.323135,538300,0.0,1.0
2015-12-15,23.98,24.110001,23.950001,24.040001,22.453899,654600,0.0,1.0
2015-12-16,24.290001,24.549999,24.17,24.5,22.883551,225600,0.0,1.0
2015-12-17,24.42,24.450001,24.120001000000002,24.17,22.575323,210800,0.0,1.0
2015-12-18,24.01,24.09,23.91,23.93,22.35116,295800,0.0,1.0
2015-12-21,23.690001000000002,23.719998999999998,23.379998999999998,23.49,22.403517,467700,0.4949,1.0
2015-12-22,23.530001000000002,23.74,23.52,23.719998999999998,22.622879,346200,0.0,1.0
2015-12-23,23.98,24.190001000000002,23.98,24.18,23.061604,279500,0.0,1.0
2015-12-24,24.110001,24.24,24.110001,24.200001,23.080681,150500,0.0,1.0
2015-12-28,24.049999,24.17,24.0,24.049999,22.937614,323200,0.0,1.0
2015-12-29,24.190001000000002,24.360001,24.18,24.27,23.147442,623900,0.0,1.0
2015-12-30,24.200001,24.219998999999998,24.1,24.110001,22.994843,320100,0.0,1.0
2015-12-31,23.969998999999998,24.0,23.82,23.82,22.718254,246200,0.0,1.0
2016-01-04,23.459999,23.49,23.23,23.459999,22.374905,682400,0.0,1.0
2016-01-05,23.440001000000002,23.440001000000002,23.26,23.389999,22.308142,317900,0.0,1.0
2016-01-06,22.92,23.030001000000002,22.85,22.98,21.917107,869400,0.0,1.0
2016-01-07,22.540001,22.75,22.459999,22.459999,21.421158,1485500,0.0,1.0
2016-01-08,22.65,22.65,22.190001000000002,22.200001,21.173185,992100,0.0,1.0
2016-01-11,22.5,22.51,22.07,22.25,21.220873,822300,0.0,1.0
2016-01-12,22.43,22.469998999999998,22.110001,22.35,21.316248,347300,0.0,1.0
2016-01-13,22.469998999999998,22.559998999999998,21.940001000000002,21.99,20.972898,299400,0.0,1.0
2016-01-14,22.129998999999998,22.440001000000002,21.950001,22.309998999999998,21.278095,853500,0.0,1.0
2016-01-15,21.559998999999998,21.719998999999998,21.389999,21.540001,20.543711,888000,0.0,1.0
2016-01-19,21.84,21.860001,21.52,21.65,20.648623,413300,0.0,1.0
2016-01-20,21.15,21.24,20.719998999999998,21.120001000000002,20.143139,671800,0.0,1.0
2016-01-21,21.02,21.5,20.92,21.379998999999998,20.391111,311000,0.0,1.0
2016-01-22,21.99,22.120001000000002,21.9,22.08,21.058735000000002,278700,0.0,1.0
2016-01-25,21.889999,21.91,21.65,21.65,20.648623,209800,0.0,1.0
2016-01-26,21.879998999999998,22.15,21.84,22.15,21.125498,170400,0.0,1.0
2016-01-27,22.09,22.360001,21.969998999999998,22.049999,21.030120999999998,199100,0.0,1.0
2016-01-28,22.299999,22.309998999999998,22.059998999999998,22.219998999999998,21.192259,242700,0.0,1.0
2016-01-29,22.290001,22.59,22.290001,22.59,21.545145,250500,0.0,1.0
2016-02-01,22.379998999999998,22.6,22.27,22.51,21.468847,271500,0.0,1.0
2016-02-02,22.09,22.09,21.83,21.9,20.88706,204600,0.0,1.0
2016-02-03,22.08,22.18,21.67,22.18,21.154107999999997,224000,0.0,1.0
2016-02-04,22.15,22.43,22.15,22.370001000000002,21.335321,146600,0.0,1.0
2016-02-05,22.26,22.309998999999998,22.0,22.040001,21.020585999999998,574600,0.0,1.0
2016-02-08,21.73,21.780001000000002,21.52,21.690001000000002,20.686775,935400,0.0,1.0
2016-02-09,21.200001,21.469998999999998,21.190001000000002,21.360001,20.372035999999998,471900,0.0,1.0
2016-02-10,21.379998999999998,21.52,21.200001,21.23,20.248048999999998,735900,0.0,1.0
2016-02-11,20.959999,21.0,20.77,20.950001,19.981001000000003,1339200,0.0,1.0
2016-02-12,21.07,21.41,20.99,21.4,20.410187,1172800,0.0,1.0
2016-02-16,21.75,21.85,21.57,21.790001,20.78215,570300,0.0,1.0
2016-02-17,21.969998999999998,22.32,21.93,22.290001,21.259022,250700,0.0,1.0
2016-02-18,22.370001000000002,22.440001000000002,22.17,22.209999,21.18272,136700,0.0,1.0
2016-02-19,21.98,22.110001,21.91,22.08,21.058735000000002,135500,0.0,1.0
2016-02-22,22.290001,22.440001000000002,22.290001,22.389999,21.354395,356900,0.0,1.0
2016-02-23,22.23,22.26,21.93,21.950001,20.934748000000003,284500,0.0,1.0
2016-02-24,21.58,21.9,21.459999,21.9,20.88706,380300,0.0,1.0
2016-02-25,22.01,22.15,21.889999,22.15,21.125498,126200,0.0,1.0
2016-02-26,22.280001000000002,22.290001,22.08,22.139999,21.115959,119300,0.0,1.0
2016-02-29,22.120001000000002,22.23,21.98,21.98,20.96336,203500,0.0,1.0
2016-03-01,22.389999,22.639999,22.32,22.610001,21.564222,338900,0.0,1.0
2016-03-02,22.59,22.82,22.530001000000002,22.809998999999998,21.754970999999998,158400,0.0,1.0
2016-03-03,22.9,23.129998999999998,22.9,23.129998999999998,22.060167,176800,0.0,1.0
2016-03-04,23.27,23.48,23.27,23.379998999999998,22.298605,166600,0.0,1.0
2016-03-07,23.120001000000002,23.440001000000002,23.120001000000002,23.379998999999998,22.298605,145400,0.0,1.0
2016-03-08,23.27,23.27,23.02,23.08,22.012482000000002,271100,0.0,1.0
2016-03-09,23.16,23.23,23.08,23.15,22.079245,118900,0.0,1.0
2016-03-10,23.309998999999998,23.469998999999998,22.879998999999998,23.1,22.031557,198100,0.0,1.0
2016-03-11,23.52,23.73,23.52,23.719998999999998,22.622879,116600,0.0,1.0
2016-03-14,23.67,23.700001,23.58,23.66,22.565655,202700,0.0,1.0
2016-03-15,23.370001000000002,23.4,23.290001,23.370001000000002,22.289070000000002,203000,0.0,1.0
2016-03-16,23.27,23.68,23.27,23.66,22.565655,156000,0.0,1.0
2016-03-17,23.719998999999998,23.98,23.67,23.969998999999998,22.861317,144700,0.0,1.0
2016-03-18,23.92,24.02,23.85,23.870001000000002,22.765942000000003,143700,0.0,1.0
2016-03-21,23.82,23.85,23.709999,23.83,22.727793,330900,0.0,1.0
2016-03-22,23.6,23.799999,23.6,23.74,22.641956,126100,0.0,1.0
2016-03-23,23.67,23.67,23.4,23.440001000000002,22.355831,119400,0.0,1.0
2016-03-24,23.08,23.26,23.08,23.26,22.184156,159900,0.0,1.0
2016-03-28,23.41,23.5,23.34,23.41,22.327217,124600,0.0,1.0
2016-03-29,23.290001,23.629998999999998,23.190001000000002,23.59,22.498892,143400,0.0,1.0
2016-03-30,23.84,23.99,23.809998999999998,23.82,22.718254,163900,0.0,1.0
2016-03-31,23.77,23.809998999999998,23.65,23.66,22.565655,193000,0.0,1.0
2016-04-01,23.110001,23.35,23.09,23.33,22.250919,150200,0.0,1.0
2016-04-04,23.379998999999998,23.379998999999998,23.200001,23.25,22.17462,132500,0.0,1.0
2016-04-05,22.77,22.82,22.700001,22.73,21.678670999999998,192900,0.0,1.0
2016-04-06,22.780001000000002,23.07,22.76,23.059998999999998,21.993406,366400,0.0,1.0
2016-04-07,22.870001000000002,22.93,22.66,22.74,21.688208,174900,0.0,1.0
2016-04-08,23.24,23.34,23.209999,23.26,22.184156,167100,0.0,1.0
2016-04-11,23.48,23.6,23.35,23.35,22.269995,142600,0.0,1.0
2016-04-12,23.549999,23.809998999999998,23.42,23.75,22.651491,173700,0.0,1.0
2016-04-13,24.1,24.200001,24.030001000000002,24.139999,23.023453,171200,0.0,1.0
2016-04-14,24.25,24.299999,24.18,24.190001000000002,23.071142000000002,159300,0.0,1.0
2016-04-15,24.219998999999998,24.23,24.129998999999998,24.16,23.042528,146600,0.0,1.0
2016-04-18,24.1,24.389999,24.07,24.379998999999998,23.252354,173100,0.0,1.0
2016-04-19,24.709999,24.879998999999998,24.709999,24.82,23.672001,188700,0.0,1.0
2016-04-20,24.84,25.040001,24.83,24.91,23.757839,198600,0.0,1.0
2016-04-21,24.93,24.969998999999998,24.75,24.809998999999998,23.662464,105700,0.0,1.0
2016-04-22,24.75,24.870001000000002,24.719998999999998,24.809998999999998,23.662464,186300,0.0,1.0
2016-04-25,24.690001000000002,24.690001000000002,24.540001,24.639999,23.500326,214200,0.0,1.0
2016-04-26,24.790001,24.809998999999998,24.700001,24.75,23.60524,135300,0.0,1.0
2016-04-27,24.700001,24.92,24.700001,24.860001,23.710151999999997,206500,0.0,1.0
2016-04-28,24.620001000000002,24.83,24.59,24.6,23.462177,145100,0.0,1.0
2016-04-29,24.6,24.639999,24.41,24.51,23.376339,127800,0.0,1.0
2016-05-02,24.639999,24.700001,24.549999,24.67,23.528938,126900,0.0,1.0
2016-05-03,24.41,24.41,24.139999,24.16,23.042528,144800,0.0,1.0
2016-05-04,23.959999,23.959999,23.75,23.82,22.718254,161100,0.0,1.0
2016-05-05,23.83,23.92,23.719998999999998,23.799999,22.699179,212300,0.0,1.0
2016-05-06,23.620001000000002,23.889999,23.620001000000002,23.85,22.746866,152900,0.0,1.0
2016-05-09,23.809998999999998,23.82,23.65,23.67,22.575191,114100,0.0,1.0
2016-05-10,23.83,24.049999,23.83,24.030001000000002,22.918541,134800,0.0,1.0
2016-05-11,23.870001000000002,24.02,23.85,23.860001,22.756404999999997,184000,0.0,1.0
2016-05-12,24.15,24.15,23.75,23.870001000000002,22.765942000000003,112700,0.0,1.0
2016-05-13,23.65,23.790001,23.549999,23.6,22.50843,109200,0.0,1.0
2016-05-16,23.75,23.940001000000002,23.75,23.92,22.813631,210200,0.0,1.0
2016-05-17,23.92,23.99,23.77,23.799999,22.699179,133500,0.0,1.0
2016-05-18,23.82,24.02,23.719998999999998,23.790001,22.689644,139800,0.0,1.0
2016-05-19,23.610001,23.620001000000002,23.459999,23.57,22.479816,140300,0.0,1.0
2016-05-20,23.790001,23.799999,23.690001000000002,23.76,22.66103,112700,0.0,1.0
2016-05-23,23.65,23.719998999999998,23.58,23.629998999999998,22.537043,112400,0.0,1.0
2016-05-24,23.83,23.99,23.790001,23.969998999999998,22.861317,152800,0.0,1.0
2016-05-25,24.18,24.32,24.16,24.280001000000002,23.156979,160300,0.0,1.0
2016-05-26,24.42,24.43,24.280001000000002,24.35,23.223742,128300,0.0,1.0
2016-05-27,24.309998999999998,24.309998999999998,24.219998999999998,24.26,23.137903,116800,0.0,1.0
2016-05-31,24.309998999999998,24.4,24.07,24.15,23.032991,236400,0.0,1.0
2016-06-01,23.959999,24.1,23.889999,24.08,22.966228,196600,0.0,1.0
2016-06-02,23.969998999999998,24.08,23.91,24.07,22.956692,139300,0.0,1.0
2016-06-03,24.209999,24.26,24.09,24.23,23.109289,181000,0.0,1.0
2016-06-06,24.360001,24.51,24.360001,24.459999,23.328651,108300,0.0,1.0
2016-06-07,24.639999,24.75,24.639999,24.700001,23.557551999999998,151800,0.0,1.0
2016-06-08,24.85,24.9,24.790001,24.82,23.672001,136300,0.0,1.0
2016-06-09,24.49,24.549999,24.379998999999998,24.48,23.347729,120900,0.0,1.0
2016-06-10,23.98,23.99,23.690001000000002,23.77,22.670567000000002,123200,0.0,1.0
2016-06-13,23.450001,23.66,23.370001000000002,23.4,22.31768,151500,0.0,1.0
2016-06-14,23.16,23.24,22.93,23.07,22.002945,265000,0.0,1.0
2016-06-15,23.209999,23.35,23.18,23.219998999999998,22.146006,137500,0.0,1.0
2016-06-16,22.889999,23.27,22.73,23.27,22.193695,330100,0.0,1.0
2016-06-17,23.41,23.59,23.33,23.57,22.479816,123400,0.0,1.0
2016-06-20,24.26,24.290001,24.129998999999998,24.129998999999998,23.013914,121400,0.0,1.0
2016-06-21,24.299999,24.5,24.200001,24.309998999999998,23.185589,126200,0.0,1.0
2016-06-22,24.450001,24.48,24.280001000000002,24.299999,23.176054,135300,0.0,1.0
2016-06-23,24.799999,25.0,24.68,25.0,23.843676000000002,88700,0.0,1.0
2016-06-24,22.790001,23.35,22.76,22.790001,21.735897,611600,0.0,1.0
2016-06-27,22.459999,22.5,22.040001,22.34,21.306708999999998,917600,0.0,1.0
2016-06-28,22.809998999999998,22.91,22.65,22.889999,21.83127,353000,0.0,1.0
2016-06-29,23.299999,23.469998999999998,23.24,23.4,22.31768,226500,0.0,1.0
2016-06-30,23.459999,23.76,23.360001,23.74,22.641956,614700,0.0,1.0
2016-07-01,23.790001,23.860001,23.75,23.799999,22.699179,202500,0.0,1.0
2016-07-05,23.559998999999998,23.559998999999998,23.280001000000002,23.360001,22.279531,172100,0.0,1.0
2016-07-06,23.09,23.290001,22.9,23.280001000000002,22.203232,220300,0.0,1.0
2016-07-07,23.34,23.440001000000002,23.08,23.17,22.09832,147300,0.0,1.0
2016-07-08,23.469998999999998,23.57,23.41,23.549999,22.460743,136700,0.0,1.0
2016-07-11,23.870001000000002,23.969998999999998,23.83,23.879998999999998,22.775478,133200,0.0,1.0
2016-07-12,24.25,24.370001000000002,24.23,24.26,23.137903,156400,0.0,1.0
2016-07-13,24.389999,24.42,24.23,24.26,23.137903,147900,0.0,1.0
2016-07-14,24.49,24.559998999999998,24.450001,24.48,23.347729,122300,0.0,1.0
2016-07-15,24.4,24.469998999999998,24.290001,24.34,23.214203,152500,0.0,1.0
2016-07-18,24.280001000000002,24.43,24.24,24.34,23.214203,156900,0.0,1.0
2016-07-19,24.139999,24.18,24.07,24.129998999999998,23.013914,189700,0.0,1.0
2016-07-20,24.209999,24.299999,24.139999,24.27,23.147442,160100,0.0,1.0
2016-07-21,24.209999,24.360001,24.17,24.219998999999998,23.099752,599800,0.0,1.0
2016-07-22,24.309998999999998,24.309998999999998,24.200001,24.24,23.118828,664900,0.0,1.0
2016-07-25,24.23,24.24,24.1,24.15,23.032991,329700,0.0,1.0
2016-07-26,24.18,24.290001,24.139999,24.209999,23.090214000000003,166200,0.0,1.0
2016-07-27,24.389999,24.440001000000002,24.200001,24.34,23.214203,130600,0.0,1.0
2016-07-28,24.290001,24.370001000000002,24.209999,24.309998999999998,23.185589,271000,0.0,1.0
2016-07-29,24.459999,24.610001,24.42,24.57,23.433564999999998,137400,0.0,1.0
2016-08-01,24.48,24.48,24.290001,24.299999,23.176054,184700,0.0,1.0
2016-08-02,24.26,24.299999,24.059998999999998,24.16,23.042528,197400,0.0,1.0
2016-08-03,24.0,24.139999,23.98,24.139999,23.023453,134000,0.0,1.0
2016-08-04,24.23,24.32,24.23,24.299999,23.176054,177800,0.0,1.0
2016-08-05,24.299999,24.459999,24.299999,24.42,23.290503,184900,0.0,1.0
2016-08-08,24.51,24.59,24.51,24.559998999999998,23.424028,147900,0.0,1.0
2016-08-09,24.68,24.84,24.68,24.76,23.614779000000002,184400,0.0,1.0
2016-08-10,24.92,24.92,24.790001,24.799999,23.652925,139900,0.0,1.0
2016-08-11,24.91,25.08,24.91,25.030001000000002,23.87229,222200,0.0,1.0
2016-08-12,25.07,25.07,24.92,24.940001000000002,23.786453,367900,0.0,1.0
2016-08-15,25.049999,25.1,25.030001000000002,25.049999,23.891361,172400,0.0,1.0
2016-08-16,25.049999,25.110001,25.030001000000002,25.049999,23.891361,201000,0.0,1.0
2016-08-17,24.969998999999998,25.110001,24.870001000000002,25.07,23.910439,154900,0.0,1.0
2016-08-18,25.059998999999998,25.190001000000002,25.040001,25.190001000000002,24.024889,164300,0.0,1.0
2016-08-19,24.93,25.030001000000002,24.879998999999998,25.02,23.862753,138800,0.0,1.0
2016-08-22,24.879998999999998,25.02,24.85,25.0,23.843676000000002,177000,0.0,1.0
2016-08-23,25.15,25.23,25.120001000000002,25.139999,23.9772,281800,0.0,1.0
2016-08-24,25.17,25.17,25.040001,25.040001,23.881826,164500,0.0,1.0
2016-08-25,24.969998999999998,25.030001000000002,24.93,24.969998999999998,23.815063000000002,206100,0.0,1.0
2016-08-26,25.059998999999998,25.25,24.74,24.809998999999998,23.662464,184100,0.0,1.0
2016-08-29,24.790001,24.93,24.790001,24.92,23.767376000000002,218500,0.0,1.0
2016-08-30,24.940001000000002,24.99,24.83,24.889999,23.738764,190200,0.0,1.0
2016-08-31,24.85,24.889999,24.700001,24.809998999999998,23.662464,139000,0.0,1.0
2016-09-01,24.870001000000002,24.959999,24.790001,24.959999,23.805525,158700,0.0,1.0
2016-09-02,25.190001000000002,25.299999,25.17,25.27,24.101189,153100,0.0,1.0
2016-09-06,25.360001,25.5,25.33,25.459999,24.282398,167000,0.0,1.0
2016-09-07,25.58,25.59,25.459999,25.5,24.320549,191600,0.0,1.0
2016-09-08,25.5,25.57,25.440001000000002,25.49,24.311011999999998,186700,0.0,1.0
2016-09-09,25.25,25.25,24.940001000000002,24.940001000000002,23.786453,167600,0.0,1.0
2016-09-12,24.75,25.139999,24.690001000000002,25.139999,23.9772,251000,0.0,1.0
2016-09-13,24.780001000000002,24.780001000000002,24.440001000000002,24.52,23.385877999999998,242900,0.0,1.0
2016-09-14,24.459999,24.59,24.42,24.49,23.357264,118400,0.0,1.0
2016-09-15,24.459999,24.75,24.42,24.709999,23.567089000000003,117900,0.0,1.0
2016-09-16,24.41,24.41,24.26,24.32,23.195127,152700,0.0,1.0
2016-09-19,24.629998999999998,24.639999,24.459999,24.49,23.357264,147500,0.0,1.0
2016-09-20,24.709999,24.709999,24.57,24.6,23.462177,204800,0.0,1.0
2016-09-21,24.84,25.1,24.77,25.07,23.910439,156800,0.0,1.0
2016-09-22,25.459999,25.540001,25.34,25.370001000000002,24.196564000000002,239200,0.0,1.0
2016-09-23,25.18,25.24,25.129998999999998,25.139999,23.9772,148700,0.0,1.0
2016-09-26,24.940001000000002,24.969998999999998,24.860001,24.889999,23.738764,137900,0.0,1.0
2016-09-27,24.790001,24.969998999999998,24.75,24.940001000000002,23.786453,229400,0.0,1.0
2016-09-28,25.07,25.23,24.93,25.219998999999998,24.053501,174100,0.0,1.0
2016-09-29,25.27,25.33,24.959999,25.059998999999998,23.9009,123400,0.0,1.0
2016-09-30,25.120001000000002,25.280001000000002,25.040001,25.209999,24.043962,146600,0.0,1.0
2016-10-03,25.190001000000002,25.209999,25.08,25.16,23.996275,163700,0.0,1.0
2016-10-04,25.27,25.32,25.059998999999998,25.129998999999998,23.967663,197500,0.0,1.0
2016-10-05,25.299999,25.370001000000002,25.26,25.32,24.148874,177100,0.0,1.0
2016-10-06,25.24,25.24,25.139999,25.219998999999998,24.053501,141900,0.0,1.0
2016-10-07,25.17,25.17,24.92,25.09,23.929514,154200,0.0,1.0
2016-10-10,25.200001,25.299999,25.200001,25.24,24.072575,148900,0.0,1.0
2016-10-11,25.17,25.17,24.83,24.9,23.748301,167100,0.0,1.0
2016-10-12,24.870001000000002,24.92,24.799999,24.870001000000002,23.719688,176700,0.0,1.0
2016-10-13,24.549999,24.799999,24.5,24.75,23.60524,188200,0.0,1.0
2016-10-14,24.98,25.040001,24.809998999999998,24.84,23.691078,146400,0.0,1.0
2016-10-17,24.780001000000002,24.85,24.73,24.76,23.614779000000002,144900,0.0,1.0
2016-10-18,25.1,25.110001,25.0,25.07,23.910439,215100,0.0,1.0
2016-10-19,25.120001000000002,25.209999,25.08,25.16,23.996275,180500,0.0,1.0
2016-10-20,25.139999,25.24,25.09,25.200001,24.034428,181200,0.0,1.0
2016-10-21,25.040001,25.16,25.0,25.16,23.996275,127200,0.0,1.0
2016-10-24,25.25,25.280001000000002,25.09,25.18,24.01535,338400,0.0,1.0
2016-10-25,25.18,25.219998999999998,25.110001,25.18,24.01535,402600,0.0,1.0
2016-10-26,25.059998999999998,25.139999,25.02,25.08,23.919975,163600,0.0,1.0
2016-10-27,25.16,25.17,25.030001000000002,25.07,23.910439,171000,0.0,1.0
2016-10-28,25.07,25.16,25.030001000000002,25.09,23.929514,170300,0.0,1.0
2016-10-31,25.09,25.120001000000002,24.98,25.09,23.929514,505500,0.0,1.0
2016-11-01,25.200001,25.200001,24.860001,24.969998999999998,23.815063000000002,310100,0.0,1.0
2016-11-02,24.92,24.940001000000002,24.73,24.76,23.614779000000002,336100,0.0,1.0
2016-11-03,24.85,24.870001000000002,24.73,24.77,23.624313,194900,0.0,1.0
2016-11-04,24.58,24.639999,24.48,24.49,23.357264,226300,0.0,1.0
2016-11-07,24.77,24.879998999999998,24.77,24.879998999999998,23.729225,557200,0.0,1.0
2016-11-08,24.790001,25.059998999999998,24.790001,24.99,23.834139,193900,0.0,1.0
2016-11-09,24.719998999999998,25.1,24.719998999999998,25.02,23.862753,355400,0.0,1.0
2016-11-10,25.059998999999998,25.129998999999998,24.889999,24.98,23.8246,230800,0.0,1.0
2016-11-11,24.9,24.9,24.690001000000002,24.799999,23.652925,172700,0.0,1.0
2016-11-14,24.620001000000002,24.709999,24.57,24.690001000000002,23.548014000000002,189100,0.0,1.0
2016-11-15,24.67,24.870001000000002,24.629998999999998,24.860001,23.710151999999997,271000,0.0,1.0
2016-11-16,24.6,24.700001,24.58,24.610001,23.471716,212000,0.0,1.0
2016-11-17,24.700001,24.790001,24.68,24.75,23.60524,384100,0.0,1.0
2016-11-18,24.540001,24.549999,24.41,24.469998999999998,23.33819,261000,0.0,1.0
2016-11-21,24.65,24.76,24.629998999999998,24.76,23.614779000000002,372800,0.0,1.0
2016-11-22,24.799999,24.879998999999998,24.77,24.879998999999998,23.729225,256100,0.0,1.0
2016-11-23,24.59,24.809998999999998,24.58,24.790001,23.643391,211700,0.0,1.0
2016-11-25,24.879998999999998,24.879998999999998,24.799999,24.83,23.68154,137100,0.0,1.0
2016-11-28,24.780001000000002,24.790001,24.68,24.68,23.538477,276200,0.0,1.0
2016-11-29,24.67,24.860001,24.629998999999998,24.809998999999998,23.662464,248000,0.0,1.0
2016-11-30,24.91,24.93,24.83,24.860001,23.710151999999997,187600,0.0,1.0
2016-12-01,24.93,24.99,24.860001,24.879998999999998,23.729225,300400,0.0,1.0
2016-12-02,24.860001,25.01,24.84,24.950001,23.795988,255600,0.0,1.0
2016-12-05,25.129998999999998,25.280001000000002,25.09,25.23,24.063036,222400,0.0,1.0
2016-12-06,25.309998999999998,25.48,25.27,25.469998999999998,24.291937,365400,0.0,1.0
2016-12-07,25.549999,25.91,25.549999,25.860001,24.6639,384600,0.0,1.0
2016-12-08,25.91,25.959999,25.84,25.91,24.711585999999997,500500,0.0,1.0
2016-12-09,25.93,25.969998999999998,25.870001000000002,25.950001,24.749737,342000,0.0,1.0
2016-12-12,25.950001,26.049999,25.889999,25.92,24.721123000000002,277100,0.0,1.0
2016-12-13,26.1,26.23,26.09,26.16,24.950022,283200,0.0,1.0
2016-12-14,26.129998999999998,26.129998999999998,25.690001000000002,25.74,24.549448,238700,0.0,1.0
2016-12-15,25.65,25.719998999999998,25.59,25.700001,24.511298999999998,391800,0.0,1.0
2016-12-16,25.709999,25.790001,25.66,25.67,24.482687,303400,0.0,1.0
2016-12-19,25.110001,25.129998999999998,25.01,25.030001000000002,24.451818,358000,0.6084,1.0
2016-12-20,25.110001,25.16,25.059998999999998,25.16,24.578814,427300,0.0,1.0
2016-12-21,25.16,25.16,25.1,25.139999,24.559275,378500,0.0,1.0
2016-12-22,25.15,25.15,25.059998999999998,25.08,24.500662,700800,0.0,1.0
2016-12-23,25.110001,25.120001000000002,25.049999,25.110001,24.529970000000002,366900,0.0,1.0
2016-12-27,25.120001000000002,25.120001000000002,25.059998999999998,25.08,24.500662,730500,0.0,1.0
2016-12-28,25.09,25.09,24.93,24.98,24.402971,392900,0.0,1.0
2016-12-29,25.040001,25.08,25.0,25.040001,24.461585999999997,379900,0.0,1.0
2016-12-30,25.23,25.23,25.040001,25.1,24.520201,456200,0.0,1.0
2017-01-03,25.26,25.299999,25.200001,25.290001,24.705811999999998,487100,0.0,1.0
2017-01-04,25.43,25.6,25.42,25.6,25.00865,299200,0.0,1.0
2017-01-05,25.67,25.82,25.67,25.799999,25.204029000000002,364200,0.0,1.0
2017-01-06,25.690001000000002,25.719998999999998,25.629998999999998,25.68,25.086803,306800,0.0,1.0
2017-01-09,25.59,25.620001000000002,25.5,25.610001,25.018419,497800,0.0,1.0
2017-01-10,25.66,25.700001,25.6,25.629998999999998,25.037956,599100,0.0,1.0
2017-01-11,25.65,25.85,25.59,25.84,25.243107000000002,346600,0.0,1.0
2017-01-12,25.940001000000002,25.940001000000002,25.76,25.879998999999998,25.282181,311200,0.0,1.0
2017-01-13,25.940001000000002,25.98,25.870001000000002,25.98,25.379870999999998,286000,0.0,1.0
2017-01-17,25.950001,25.959999,25.860001,25.9,25.30172,837600,0.0,1.0
2017-01-18,25.85,25.879998999999998,25.74,25.799999,25.204029000000002,438300,0.0,1.0
2017-01-19,25.809998999999998,25.809998999999998,25.67,25.76,25.164955,591300,0.0,1.0
2017-01-20,25.860001,25.91,25.82,25.91,25.311489,320600,0.0,1.0
2017-01-23,25.870001000000002,25.950001,25.799999,25.950001,25.350567,281900,0.0,1.0
2017-01-24,25.93,26.1,25.93,26.08,25.477562,327200,0.0,1.0
2017-01-25,26.26,26.379998999999998,26.24,26.379998999999998,25.770632,310200,0.0,1.0
2017-01-26,26.25,26.290001,26.17,26.219998999999998,25.614328,419800,0.0,1.0
2017-01-27,26.200001,26.200001,26.1,26.129998999999998,25.526407,446000,0.0,1.0
2017-01-30,25.91,25.91,25.77,25.91,25.311489,401000,0.0,1.0
2017-01-31,25.93,25.959999,25.799999,25.93,25.331028,387300,0.0,1.0
2017-02-01,26.049999,26.08,25.93,26.030001000000002,25.428719,340200,0.0,1.0
2017-02-02,26.040001,26.07,25.950001,26.040001,25.438488,562800,0.0,1.0
2017-02-03,26.049999,26.120001000000002,26.0,26.09,25.487331,337500,0.0,1.0
2017-02-06,25.84,25.870001000000002,25.77,25.860001,25.262646,421400,0.0,1.0
2017-02-07,25.799999,25.809998999999998,25.75,25.790001,25.194262,482600,0.0,1.0
2017-02-08,25.77,25.85,25.68,25.84,25.243107000000002,406400,0.0,1.0
2017-02-09,25.9,25.959999,25.83,25.93,25.331028,301900,0.0,1.0
2017-02-10,25.959999,26.059998999999998,25.959999,26.040001,25.438488,266700,0.0,1.0
2017-02-13,26.23,26.24,26.139999,26.209999,25.604559,318800,0.0,1.0
2017-02-14,26.18,26.200001,26.02,26.200001,25.594791,332600,0.0,1.0
2017-02-15,26.1,26.27,26.08,26.26,25.653404000000002,341200,0.0,1.0
2017-02-16,26.299999,26.32,26.23,26.32,25.712019,316900,0.0,1.0
2017-02-17,26.1,26.17,26.049999,26.15,25.545944,417200,0.0,1.0
2017-02-21,26.200001,26.299999,26.15,26.26,25.653404000000002,374000,0.0,1.0
2017-02-22,26.16,26.27,26.110001,26.26,25.653404000000002,360800,0.0,1.0
2017-02-23,26.379998999999998,26.379998999999998,26.219998999999998,26.26,25.653404000000002,257700,0.0,1.0
2017-02-24,25.98,26.049999,25.940001000000002,26.040001,25.438488,340300,0.0,1.0
2017-02-27,25.98,26.049999,25.93,26.040001,25.438488,449300,0.0,1.0
2017-02-28,26.030001000000002,26.08,25.950001,26.01,25.40918,312700,0.0,1.0
2017-03-01,26.200001,26.35,26.200001,26.299999,25.69248,434800,0.0,1.0
2017-03-02,26.23,26.24,26.1,26.120001000000002,25.51664,480700,0.0,1.0
2017-03-03,26.209999,26.34,26.139999,26.309998999999998,25.70225,264400,0.0,1.0
2017-03-06,26.219998999999998,26.219998999999998,26.120001000000002,26.200001,25.594791,318000,0.0,1.0
2017-03-07,26.09,26.15,26.049999,26.110001,25.506870000000003,289400,0.0,1.0
2017-03-08,26.09,26.120001000000002,25.959999,25.959999,25.360333999999998,256500,0.0,1.0
2017-03-09,26.030001000000002,26.07,25.969998999999998,26.059998999999998,25.458023,421300,0.0,1.0
2017-03-10,26.26,26.280001000000002,26.18,26.26,25.653404000000002,304400,0.0,1.0
2017-03-13,26.33,26.379998999999998,26.299999,26.370001000000002,25.760864,363300,0.0,1.0
2017-03-14,26.209999,26.209999,26.08,26.139999,25.536177,546400,0.0,1.0
2017-03-15,26.190001000000002,26.549999,26.190001000000002,26.530001000000002,25.917168,337800,0.0,1.0
2017-03-16,26.719998999999998,26.74,26.66,26.709999,26.093007999999998,277500,0.0,1.0
2017-03-17,26.77,26.780001000000002,26.67,26.73,26.112547,250800,0.0,1.0
2017-03-20,26.719998999999998,26.75,26.610001,26.67,26.053933999999998,273200,0.0,1.0
2017-03-21,26.879998999999998,26.91,26.5,26.5,25.887860999999997,357400,0.0,1.0
2017-03-22,26.4,26.530001000000002,26.389999,26.51,25.897631,316300,0.0,1.0
2017-03-23,26.48,26.65,26.469998999999998,26.57,25.956244,397900,0.0,1.0
2017-03-24,26.629998999999998,26.68,26.58,26.66,26.044165,457000,0.0,1.0
2017-03-27,26.620001000000002,26.74,26.549999,26.709999,26.093007999999998,386000,0.0,1.0
2017-03-28,26.780001000000002,26.889999,26.75,26.879998999999998,26.259083,247800,0.0,1.0
2017-03-29,26.73,26.889999,26.73,26.870001000000002,26.249315000000003,219700,0.0,1.0
2017-03-30,26.85,26.92,26.809998999999998,26.83,26.210238,228900,0.0,1.0
2017-03-31,26.709999,26.83,26.690001000000002,26.799999,26.180929000000003,252700,0.0,1.0
2017-04-03,26.76,26.77,26.48,26.67,26.053933999999998,497000,0.0,1.0
2017-04-04,26.57,26.67,26.5,26.67,26.053933999999998,496200,0.0,1.0
2017-04-05,26.690001000000002,26.73,26.51,26.51,25.897631,453700,0.0,1.0
2017-04-06,26.559998999999998,26.6,26.51,26.57,25.956244,357200,0.0,1.0
2017-04-07,26.51,26.559998999999998,26.51,26.52,25.907398,460400,0.0,1.0
2017-04-10,26.5,26.549999,26.469998999999998,26.530001000000002,25.917168,243300,0.0,1.0
2017-04-11,26.639999,26.65,26.42,26.65,26.034395,451200,0.0,1.0
2017-04-12,26.57,26.58,26.469998999999998,26.57,25.956244,257600,0.0,1.0
2017-04-13,26.41,26.42,26.299999,26.299999,25.69248,256600,0.0,1.0
2017-04-17,26.459999,26.549999,26.42,26.549999,25.936705,342800,0.0,1.0
2017-04-18,26.290001,26.34,26.190001000000002,26.32,25.712019,426200,0.0,1.0
2017-04-19,26.370001000000002,26.389999,26.209999,26.23,25.624098,333400,0.0,1.0
2017-04-20,26.42,26.48,26.41,26.41,25.79994,261800,0.0,1.0
2017-04-21,26.43,26.450001,26.35,26.450001,25.839016,408200,0.0,1.0
2017-04-24,27.09,27.15,27.049999,27.129998999999998,26.503307,365900,0.0,1.0
2017-04-25,27.24,27.33,27.219998999999998,27.290001,26.659613,333500,0.0,1.0
2017-04-26,27.219998999999998,27.309998999999998,27.209999,27.219998999999998,26.591228000000005,420700,0.0,1.0
2017-04-27,27.200001,27.200001,27.059998999999998,27.120001000000002,26.493540000000003,338400,0.0,1.0
2017-04-28,27.129998999999998,27.16,27.1,27.110001,26.48377,256100,0.0,1.0
2017-05-01,27.24,27.26,27.16,27.25,26.620537,286100,0.0,1.0
2017-05-02,27.280001000000002,27.35,27.24,27.33,26.698689,400700,0.0,1.0
2017-05-03,27.219998999999998,27.26,27.17,27.24,26.610767,299100,0.0,1.0
2017-05-04,27.33,27.43,27.27,27.42,26.786609999999996,241800,0.0,1.0
2017-05-05,27.51,27.809998999999998,27.5,27.809998999999998,27.167599,325100,0.0,1.0
2017-05-08,27.620001000000002,27.620001000000002,27.530001000000002,27.6,26.962452000000003,272500,0.0,1.0
2017-05-09,27.57,27.58,27.450001,27.52,26.8843,868000,0.0,1.0
2017-05-10,27.58,27.6,27.530001000000002,27.6,26.962452000000003,1819900,0.0,1.0
2017-05-11,27.469998999999998,27.5,27.379998999999998,27.5,26.864760999999998,555900,0.0,1.0
2017-05-12,27.48,27.6,27.48,27.59,26.952682,344900,0.0,1.0
2017-05-15,27.76,27.809998999999998,27.73,27.809998999999998,27.167599,538200,0.0,1.0
2017-05-16,28.0,28.02,27.959999,28.0,27.353209999999997,460100,0.0,1.0
2017-05-17,27.870001000000002,27.870001000000002,27.639999,27.67,27.030834000000002,340400,0.0,1.0
2017-05-18,27.540001,27.709999,27.51,27.67,27.030834000000002,270200,0.0,1.0
2017-05-19,27.9,28.059998999999998,27.9,28.040001,27.392288,223800,0.0,1.0
2017-05-22,28.129998999999998,28.15,28.059998999999998,28.120001000000002,27.470440000000004,252400,0.0,1.0
2017-05-23,28.18,28.18,28.059998999999998,28.08,27.431364000000002,270100,0.0,1.0
2017-05-24,28.030001000000002,28.110001,27.98,28.09,27.441132,219700,0.0,1.0
2017-05-25,28.120001000000002,28.139999,28.01,28.059998999999998,27.411825,256700,0.0,1.0
2017-05-26,27.889999,27.969998999999998,27.879998999999998,27.969998999999998,27.323904,306600,0.0,1.0
2017-05-30,27.870001000000002,27.93,27.870001000000002,27.9,27.25552,246100,0.0,1.0
2017-05-31,28.040001,28.049999,27.9,27.940001000000002,27.294597999999997,373000,0.0,1.0
2017-06-01,28.0,28.110001,27.969998999999998,28.08,27.431364000000002,382200,0.0,1.0
2017-06-02,28.290001,28.35,28.200001,28.34,27.685358,284100,0.0,1.0
2017-06-05,28.209999,28.209999,28.120001000000002,28.200001,27.548592,224400,0.0,1.0
2017-06-06,28.07,28.139999,28.049999,28.139999,27.489977000000003,279300,0.0,1.0
2017-06-07,28.17,28.23,28.01,28.08,27.431364000000002,248500,0.0,1.0
2017-06-08,28.040001,28.120001000000002,28.0,28.120001000000002,27.470440000000004,254000,0.0,1.0
2017-06-09,27.959999,28.110001,27.92,28.030001000000002,27.382519,252100,0.0,1.0
2017-06-12,28.01,28.040001,27.9,28.01,27.36298,230800,0.0,1.0
2017-06-13,28.190001000000002,28.209999,28.120001000000002,28.209999,27.558359000000003,263400,0.0,1.0
2017-06-14,28.35,28.35,28.01,28.1,27.450901,265300,0.0,1.0
2017-06-15,27.65,27.780001000000002,27.6,27.780001000000002,27.138294000000002,905900,0.0,1.0
2017-06-16,27.9,28.0,27.82,28.0,27.353209999999997,212800,0.0,1.0
2017-06-19,28.08,28.15,28.059998999999998,28.120001000000002,27.470440000000004,220500,0.0,1.0
2017-06-20,27.99,27.99,27.74,27.799999,27.157830999999998,371500,0.0,1.0
2017-06-21,27.780001000000002,27.809998999999998,27.73,27.809998999999998,27.167599,256500,0.0,1.0
2017-06-22,27.77,27.84,27.719998999999998,27.780001000000002,27.138294000000002,254400,0.0,1.0
2017-06-23,27.780001000000002,27.870001000000002,27.73,27.85,27.206676,189600,0.0,1.0
2017-06-26,28.040001,28.040001,27.870001000000002,27.9,27.25552,441200,0.0,1.0
2017-06-27,27.92,28.01,27.870001000000002,27.940001000000002,27.294597999999997,230600,0.0,1.0
2017-06-28,28.040001,28.26,28.040001,28.209999,27.558359000000003,266200,0.0,1.0
2017-06-29,28.16,28.16,27.889999,27.99,27.343441,253600,0.0,1.0
2017-06-30,28.07,28.07,27.860001,28.01,27.36298,203300,0.0,1.0
2017-07-03,28.030001000000002,28.110001,28.030001000000002,28.09,27.441132,210100,0.0,1.0
2017-07-05,28.01,28.049999,27.9,28.049999,27.402055999999998,248000,0.0,1.0
2017-07-06,27.9,27.98,27.860001,27.959999,27.314134999999997,345500,0.0,1.0
2017-07-07,27.870001000000002,27.959999,27.809998999999998,27.92,27.275059000000002,194500,0.0,1.0
2017-07-10,27.9,28.02,27.889999,28.02,27.372749,185400,0.0,1.0
2017-07-11,27.969998999999998,28.1,27.9,28.1,27.450901,224500,0.0,1.0
2017-07-12,28.24,28.360001,28.24,28.299999,27.646279999999997,256100,0.0,1.0
2017-07-13,28.360001,28.42,28.32,28.41,27.753740000000004,293600,0.0,1.0
2017-07-14,28.51,28.620001000000002,28.48,28.620001000000002,27.958890999999998,219900,0.0,1.0
2017-07-17,28.58,28.59,28.51,28.57,27.910044,257300,0.0,1.0
2017-07-18,28.540001,28.57,28.5,28.549999,27.890504999999997,254400,0.0,1.0
2017-07-19,28.620001000000002,28.709999,28.6,28.68,28.017504,216300,0.0,1.0
2017-07-20,28.790001,28.82,28.709999,28.82,28.154268,201400,0.0,1.0
2017-07-21,28.67,28.74,28.530001000000002,28.74,28.076117,249300,0.0,1.0
2017-07-24,28.59,28.6,28.469998999999998,28.6,27.939352000000003,413400,0.0,1.0
2017-07-25,28.780001000000002,28.780001000000002,28.66,28.690001000000002,28.027272999999997,206100,0.0,1.0
2017-07-26,28.74,28.9,28.73,28.84,28.173807,435800,0.0,1.0
2017-07-27,28.91,28.91,28.67,28.780001000000002,28.115194,249200,0.0,1.0
2017-07-28,28.74,28.84,28.709999,28.83,28.164038,214500,0.0,1.0
2017-07-31,28.92,28.969998999999998,28.83,28.959999,28.291034999999997,204500,0.0,1.0
2017-08-01,29.129998999999998,29.200001,29.09,29.09,28.418034000000002,348000,0.0,1.0
2017-08-02,29.120001000000002,29.139999,29.030001000000002,29.129998999999998,28.457108,310100,0.0,1.0
2017-08-03,29.120001000000002,29.18,29.09,29.139999,28.466877,308100,0.0,1.0
2017-08-04,29.16,29.200001,29.07,29.15,28.476646000000002,282400,0.0,1.0
2017-08-07,29.16,29.219998999999998,29.129998999999998,29.219998999999998,28.545029,264100,0.0,1.0
2017-08-08,29.18,29.190001000000002,29.049999,29.09,28.418034000000002,270200,0.0,1.0
2017-08-09,28.93,29.02,28.870001000000002,29.01,28.339879999999997,268600,0.0,1.0
2017-08-10,28.860001,28.860001,28.57,28.610001,27.949121,269900,0.0,1.0
2017-08-11,28.57,28.620001000000002,28.5,28.57,27.910044,233200,0.0,1.0
2017-08-14,28.719998999999998,28.83,28.719998999999998,28.74,28.076117,250300,0.0,1.0
2017-08-15,28.67,28.719998999999998,28.610001,28.719998999999998,28.05658,253800,0.0,1.0
2017-08-16,28.82,28.92,28.809998999999998,28.870001000000002,28.203115000000004,310300,0.0,1.0
2017-08-17,28.790001,28.799999,28.57,28.57,27.910044,279500,0.0,1.0
2017-08-18,28.57,28.700001,28.549999,28.629998999999998,27.968658,469700,0.0,1.0
2017-08-21,28.629998999999998,28.67,28.57,28.620001000000002,27.958890999999998,212000,0.0,1.0
2017-08-22,28.709999,28.799999,28.709999,28.799999,28.134731,508000,0.0,1.0
2017-08-23,28.719998999999998,28.82,28.709999,28.809998999999998,28.144501,186400,0.0,1.0
2017-08-24,28.84,28.870001000000002,28.75,28.76,28.095654999999997,198400,0.0,1.0
2017-08-25,28.889999,29.0,28.85,28.950001,28.281267,230100,0.0,1.0
2017-08-28,29.01,29.01,28.91,28.940001000000002,28.271497999999998,228500,0.0,1.0
2017-08-29,28.75,28.860001,28.719998999999998,28.83,28.164038,431800,0.0,1.0
2017-08-30,28.77,28.799999,28.73,28.780001000000002,28.115194,224100,0.0,1.0
2017-08-31,28.860001,29.02,28.860001,28.98,28.310574,213200,0.0,1.0
2017-09-01,29.129998999999998,29.129998999999998,29.030001000000002,29.08,28.408264000000003,205100,0.0,1.0
2017-09-05,29.030001000000002,29.040001,28.790001,28.9,28.232421999999996,240700,0.0,1.0
2017-09-06,29.01,29.16,29.01,29.120001000000002,28.447340000000004,252400,0.0,1.0
2017-09-07,29.360001,29.360001,29.27,29.34,28.662258,181300,0.0,1.0
2017-09-08,29.35,29.389999,29.290001,29.309998999999998,28.63295,265600,0.0,1.0
2017-09-11,29.49,29.58,29.469998999999998,29.530001000000002,28.84787,223600,0.0,1.0
2017-09-12,29.629998999999998,29.65,29.59,29.639999,28.955328,246500,0.0,1.0
2017-09-13,29.58,29.59,29.459999,29.5,28.818562,260400,0.0,1.0
2017-09-14,29.440001000000002,29.559998999999998,29.440001000000002,29.559998999999998,28.877174,191500,0.0,1.0
2017-09-15,29.59,29.59,29.49,29.58,28.896713000000002,269200,0.0,1.0
2017-09-18,29.65,29.68,29.549999,29.620001000000002,28.935791,249500,0.0,1.0
2017-09-19,29.75,29.780001000000002,29.68,29.780001000000002,29.092094,236100,0.0,1.0
2017-09-20,29.809998999999998,29.879998999999998,29.610001,29.77,29.082325,359400,0.0,1.0
2017-09-21,29.700001,29.76,29.65,29.73,29.043249,258800,0.0,1.0
2017-09-22,29.809998999999998,29.860001,29.780001000000002,29.82,29.13117,232400,0.0,1.0
2017-09-25,29.74,29.780001000000002,29.6,29.690001000000002,29.004172999999998,281600,0.0,1.0
2017-09-26,29.639999,29.65,29.540001,29.620001000000002,28.935791,248700,0.0,1.0
2017-09-27,29.559998999999998,29.690001000000002,29.559998999999998,29.620001000000002,28.935791,334100,0.0,1.0
2017-09-28,29.620001000000002,29.75,29.620001000000002,29.719998999999998,29.033479999999997,215900,0.0,1.0
2017-09-29,29.780001000000002,29.889999,29.74,29.870001000000002,29.180016,317200,0.0,1.0
2017-10-02,29.76,29.85,29.74,29.84,29.150707,284600,0.0,1.0
2017-10-03,29.85,29.93,29.84,29.93,29.238628000000002,303400,0.0,1.0
2017-10-04,29.84,29.85,29.799999,29.83,29.140940000000004,515200,0.0,1.0
2017-10-05,29.799999,29.85,29.790001,29.84,29.150707,204200,0.0,1.0
2017-10-06,29.719998999999998,29.799999,29.68,29.799999,29.111631,384100,0.0,1.0
2017-10-09,29.85,29.85,29.76,29.77,29.082325,241800,0.0,1.0
2017-10-10,29.959999,30.040001,29.92,30.030001000000002,29.336319,188200,0.0,1.0
2017-10-11,30.09,30.15,30.049999,30.15,29.453546999999997,233000,0.0,1.0
2017-10-12,30.07,30.15,30.040001,30.07,29.375395,240000,0.0,1.0
2017-10-13,30.280001000000002,30.299999,30.23,30.25,29.551237,264500,0.0,1.0
2017-10-16,30.280001000000002,30.280001000000002,30.209999,30.25,29.551237,251100,0.0,1.0
2017-10-17,30.18,30.190001000000002,30.110001,30.190001000000002,29.492624,418900,0.0,1.0
2017-10-18,30.219998999999998,30.27,30.18,30.25,29.551237,283500,0.0,1.0
2017-10-19,30.110001,30.219998999999998,30.110001,30.209999,29.512159000000004,197000,0.0,1.0
2017-10-20,30.209999,30.219998999999998,30.15,30.200001,29.502394,225600,0.0,1.0
2017-10-23,30.209999,30.23,30.110001,30.129998999999998,29.434008000000002,338800,0.0,1.0
2017-10-24,30.200001,30.27,30.15,30.219998999999998,29.521928999999997,294500,0.0,1.0
2017-10-25,30.209999,30.209999,29.959999,30.08,29.385164000000003,416000,0.0,1.0
2017-10-26,30.15,30.15,30.059998999999998,30.059998999999998,29.365625,233800,0.0,1.0
2017-10-27,30.02,30.1,29.92,30.1,29.404703,427900,0.0,1.0
2017-10-30,30.02,30.219998999999998,30.02,30.219998999999998,29.521928999999997,323600,0.0,1.0
2017-10-31,30.280001000000002,30.35,30.209999,30.280001000000002,29.580545,333600,0.0,1.0
2017-11-01,30.49,30.530001000000002,30.389999,30.43,29.727078999999996,361900,0.0,1.0
2017-11-02,30.42,30.530001000000002,30.389999,30.530001000000002,29.82477,258500,0.0,1.0
2017-11-03,30.48,30.48,30.32,30.459999,29.756386,516800,0.0,1.0
2017-11-06,30.389999,30.540001,30.389999,30.530001000000002,29.82477,249100,0.0,1.0
2017-11-07,30.49,30.52,30.360001,30.459999,29.756386,355700,0.0,1.0
2017-11-08,30.5,30.57,30.440001000000002,30.559998999999998,29.854076,264100,0.0,1.0
2017-11-09,30.309998999999998,30.389999,30.190001000000002,30.389999,29.688002,248200,0.0,1.0
2017-11-10,30.24,30.280001000000002,30.17,30.23,29.531698,242500,0.0,1.0
2017-11-13,29.959999,30.110001,29.93,30.1,29.404703,324800,0.0,1.0
2017-11-14,30.02,30.07,29.940001000000002,30.040001,29.346088,312700,0.0,1.0
2017-11-15,29.74,29.92,29.73,29.860001,29.170246000000002,342900,0.0,1.0
2017-11-16,30.040001,30.1,30.0,30.08,29.385164000000003,274300,0.0,1.0
2017-11-17,29.969998999999998,30.01,29.92,29.98,29.287474,389800,0.0,1.0
2017-11-20,30.059998999999998,30.09,30.01,30.030001000000002,29.336319,269700,0.0,1.0
2017-11-21,30.23,30.27,30.200001,30.24,29.541468,306300,0.0,1.0
2017-11-22,30.360001,30.4,30.25,30.33,29.629389,281100,0.0,1.0
2017-11-24,30.559998999999998,30.610001,30.540001,30.58,29.873613,293900,0.0,1.0
2017-11-27,30.549999,30.549999,30.379998999999998,30.4,29.697771000000003,274200,0.0,1.0
2017-11-28,30.48,30.549999,30.42,30.549999,29.844307,384700,0.0,1.0
2017-11-29,30.6,30.629998999999998,30.450001,30.52,29.815001000000002,258900,0.0,1.0
2017-11-30,30.65,30.690001000000002,30.530001000000002,30.559998999999998,29.854076,208800,0.0,1.0
2017-12-01,30.5,30.549999,30.35,30.52,29.815001000000002,670600,0.0,1.0
2017-12-04,30.58,30.58,30.4,30.4,29.697771000000003,335600,0.0,1.0
2017-12-05,30.440001000000002,30.459999,30.33,30.35,29.648928,287600,0.0,1.0
2017-12-06,30.25,30.32,30.200001,30.26,29.561007,462800,0.0,1.0
2017-12-07,30.25,30.389999,30.219998999999998,30.309998999999998,29.60985,283900,0.0,1.0
2017-12-08,30.469998999999998,30.49,30.389999,30.49,29.785691999999997,259400,0.0,1.0
2017-12-11,30.530001000000002,30.57,30.5,30.559998999999998,29.854076,298900,0.0,1.0
2017-12-12,30.57,30.67,30.540001,30.639999,29.932228000000002,520300,0.0,1.0
2017-12-13,30.67,30.75,30.610001,30.690001000000002,29.981073,278800,0.0,1.0
2017-12-14,30.68,30.690001000000002,30.530001000000002,30.559998999999998,29.854076,221200,0.0,1.0
2017-12-15,30.52,30.549999,30.450001,30.52,29.815001000000002,284200,0.0,1.0
2017-12-18,30.110001,30.209999,30.01,30.15,30.15,381600,0.705,1.0
2017-12-19,30.08,30.1,29.99,30.040001,30.040001,343900,0.0,1.0
2017-12-20,30.110001,30.110001,30.01,30.059998999999998,30.059998999999998,349500,0.0,1.0
2017-12-21,30.1,30.25,30.09,30.17,30.17,264800,0.0,1.0
2017-12-22,30.190001000000002,30.26,30.15,30.25,30.25,428200,0.0,1.0
2017-12-26,30.209999,30.290001,30.209999,30.27,30.27,567900,0.0,1.0
2017-12-27,30.32,30.370001000000002,30.290001,30.32,30.32,310200,0.0,1.0
2017-12-28,30.41,30.440001000000002,30.34,30.379998999999998,30.379998999999998,287100,0.0,1.0
2017-12-29,30.52,30.52,30.360001,30.4,30.4,326000,0.0,1.0
2018-01-02,30.51,30.65,30.450001,30.65,30.65,398800,0.0,1.0
2018-01-03,30.66,30.83,30.66,30.83,30.83,484600,0.0,1.0
2018-01-04,31.1,31.190001000000002,31.08,31.139999,31.139999,500900,0.0,1.0
2018-01-05,31.27,31.34,31.209999,31.33,31.33,439900,0.0,1.0
2018-01-08,31.299999,31.309998999999998,31.26,31.309998999999998,31.309998999999998,440500,0.0,1.0
2018-01-09,31.34,31.360001,31.25,31.35,31.35,471600,0.0,1.0
2018-01-10,31.379998999999998,31.4,31.280001000000002,31.32,31.32,437700,0.0,1.0
2018-01-11,31.4,31.549999,31.4,31.549999,31.549999,486700,0.0,1.0
2018-01-12,31.700001,31.889999,31.67,31.879998999999998,31.879998999999998,453500,0.0,1.0
2018-01-16,31.98,32.0,31.780001000000002,31.809998999999998,31.809998999999998,513500,0.0,1.0
2018-01-17,31.85,32.060001,31.780001000000002,31.93,31.93,703400,0.0,1.0
2018-01-18,31.83,31.92,31.780001000000002,31.870001000000002,31.870001000000002,500000,0.0,1.0
2018-01-19,32.0,32.02,31.91,32.0,32.0,429500,0.0,1.0
2018-01-22,32.07,32.23,32.029999,32.23,32.23,403900,0.0,1.0
2018-01-23,32.220001,32.290001000000004,32.169998,32.279999,32.279999,461500,0.0,1.0
2018-01-24,32.48,32.5,32.259997999999996,32.389998999999996,32.389998999999996,521300,0.0,1.0
2018-01-25,32.540001000000004,32.540001000000004,32.189999,32.27,32.27,498700,0.0,1.0
2018-01-26,32.400002,32.509997999999996,32.369999,32.48,32.48,425000,0.0,1.0
2018-01-29,32.259997999999996,32.279999,32.150002,32.209998999999996,32.209998999999996,496400,0.0,1.0
2018-01-30,32.080002,32.080002,31.879998999999998,31.879998999999998,31.879998999999998,465300,0.0,1.0
2018-01-31,32.0,32.0,31.790001,31.870001000000002,31.870001000000002,397000,0.0,1.0
2018-02-01,31.799999,31.969998999999998,31.780001000000002,31.950001,31.950001,370900,0.0,1.0
2018-02-02,31.620001000000002,31.620001000000002,31.200001,31.23,31.23,534100,0.0,1.0
2018-02-05,30.870001000000002,30.969998999999998,29.85,29.950001,29.950001,722400,0.0,1.0
2018-02-06,29.870001000000002,30.610001,29.83,30.559998999999998,30.559998999999998,1145500,0.0,1.0
2018-02-07,30.27,30.5,30.129998999999998,30.18,30.18,523800,0.0,1.0
2018-02-08,30.26,30.26,29.42,29.43,29.43,473500,0.0,1.0
2018-02-09,29.620001000000002,29.66,28.790001,29.530001000000002,29.530001000000002,1373100,0.0,1.0
2018-02-12,29.74,30.01,29.66,29.98,29.98,613400,0.0,1.0
2018-02-13,29.75,29.92,29.73,29.889999,29.889999,415500,0.0,1.0
2018-02-14,29.690001000000002,30.440001000000002,29.639999,30.43,30.43,362400,0.0,1.0
2018-02-15,30.59,30.610001,30.299999,30.6,30.6,312900,0.0,1.0
2018-02-16,30.58,30.799999,30.58,30.67,30.67,310500,0.0,1.0
2018-02-20,30.48,30.58,30.32,30.42,30.42,365700,0.0,1.0
2018-02-21,30.459999,30.639999,30.25,30.26,30.26,384100,0.0,1.0
2018-02-22,30.370001000000002,30.549999,30.299999,30.379998999999998,30.379998999999998,371100,0.0,1.0
2018-02-23,30.540001,30.709999,30.469998999999998,30.709999,30.709999,294500,0.0,1.0
2018-02-26,30.83,30.959999,30.68,30.950001,30.950001,283700,0.0,1.0
2018-02-27,30.790001,30.809998999999998,30.51,30.51,30.51,336800,0.0,1.0
2018-02-28,30.58,30.58,30.18,30.190001000000002,30.190001000000002,287700,0.0,1.0
2018-03-01,29.969998999999998,30.09,29.540001,29.75,29.75,365600,0.0,1.0
2018-03-02,29.58,29.809998999999998,29.43,29.809998999999998,29.809998999999998,416200,0.0,1.0
2018-03-05,29.549999,29.99,29.549999,29.93,29.93,424900,0.0,1.0
2018-03-06,30.219998999999998,30.24,30.059998999999998,30.15,30.15,278500,0.0,1.0
2018-03-07,29.969998999999998,30.139999,29.9,30.129998999999998,30.129998999999998,249300,0.0,1.0
2018-03-08,30.17,30.200001,30.049999,30.110001,30.110001,278100,0.0,1.0
2018-03-09,30.15,30.34,30.120001000000002,30.34,30.34,297900,0.0,1.0
2018-03-12,30.370001000000002,30.459999,30.33,30.370001000000002,30.370001000000002,472300,0.0,1.0
2018-03-13,30.49,30.5,30.129998999999998,30.190001000000002,30.190001000000002,306000,0.0,1.0
2018-03-14,30.389999,30.389999,30.15,30.25,30.25,217400,0.0,1.0
2018-03-15,30.24,30.32,30.17,30.200001,30.200001,202600,0.0,1.0
2018-03-16,30.16,30.280001000000002,30.16,30.190001000000002,30.190001000000002,289000,0.0,1.0
2018-03-19,30.09,30.129998999999998,29.809998999999998,29.92,29.92,266400,0.0,1.0
2018-03-20,29.92,30.030001000000002,29.91,29.959999,29.959999,426300,0.0,1.0
2018-03-21,29.950001,30.16,29.93,30.08,30.08,242100,0.0,1.0
2018-03-22,29.76,29.780001000000002,29.5,29.5,29.5,349400,0.0,1.0
2018-03-23,29.58,29.58,29.17,29.17,29.17,420400,0.0,1.0
2018-03-26,29.639999,29.719998999999998,29.35,29.719998999999998,29.719998999999998,415900,0.0,1.0
2018-03-27,29.84,29.889999,29.4,29.450001,29.450001,308200,0.0,1.0
2018-03-28,29.65,29.85,29.549999,29.68,29.68,286700,0.0,1.0
2018-03-29,29.870001000000002,30.059998999999998,29.790001,29.98,29.98,290600,0.0,1.0
2018-04-02,29.84,29.91,29.33,29.530001000000002,29.530001000000002,477500,0.0,1.0
2018-04-03,29.690001000000002,29.780001000000002,29.530001000000002,29.719998999999998,29.719998999999998,420900,0.0,1.0
2018-04-04,29.389999,29.870001000000002,29.379998999999998,29.870001000000002,29.870001000000002,258700,0.0,1.0
2018-04-05,30.0,30.18,29.92,30.120001000000002,30.120001000000002,283600,0.0,1.0
2018-04-06,30.059998999999998,30.18,29.799999,29.870001000000002,29.870001000000002,261000,0.0,1.0
2018-04-09,30.15,30.290001,30.040001,30.120001000000002,30.120001000000002,230000,0.0,1.0
2018-04-10,30.42,30.540001,30.389999,30.459999,30.459999,659500,0.0,1.0
2018-04-11,30.43,30.58,30.43,30.450001,30.450001,233300,0.0,1.0
2018-04-12,30.450001,30.549999,30.43,30.5,30.5,213200,0.0,1.0
2018-04-13,30.629998999999998,30.68,30.469998999999998,30.540001,30.540001,280800,0.0,1.0
2018-04-16,30.66,30.68,30.559998999999998,30.65,30.65,239500,0.0,1.0
2018-04-17,30.709999,30.82,30.690001000000002,30.76,30.76,325900,0.0,1.0
2018-04-18,30.92,31.0,30.84,30.98,30.98,260700,0.0,1.0
2018-04-19,30.99,31.030001000000002,30.83,30.9,30.9,250900,0.0,1.0
2018-04-20,30.83,30.879998999999998,30.75,30.799999,30.799999,289700,0.0,1.0
2018-04-23,30.799999,30.860001,30.74,30.83,30.83,267300,0.0,1.0
2018-04-24,30.879998999999998,30.93,30.620001000000002,30.66,30.66,292800,0.0,1.0
2018-04-25,30.559998999999998,30.690001000000002,30.5,30.66,30.66,332500,0.0,1.0
2018-04-26,30.809998999999998,30.85,30.700001,30.77,30.77,205500,0.0,1.0
2018-04-27,30.780001000000002,30.83,30.639999,30.780001000000002,30.780001000000002,250000,0.0,1.0
2018-04-30,30.73,30.85,30.68,30.690001000000002,30.690001000000002,193700,0.0,1.0
2018-05-01,30.66,30.77,30.450001,30.559998999999998,30.559998999999998,282400,0.0,1.0
2018-05-02,30.690001000000002,30.780001000000002,30.559998999999998,30.58,30.58,237300,0.0,1.0
2018-05-03,30.629998999999998,30.700001,30.4,30.65,30.65,551500,0.0,1.0
2018-05-04,30.42,30.790001,30.42,30.73,30.73,310000,0.0,1.0
2018-05-07,30.790001,30.889999,30.74,30.799999,30.799999,251400,0.0,1.0
2018-05-08,30.629998999999998,30.74,30.57,30.74,30.74,284100,0.0,1.0
2018-05-09,30.719998999999998,30.9,30.690001000000002,30.85,30.85,222500,0.0,1.0
2018-05-10,30.969998999999998,31.08,30.9,31.049999,31.049999,209700,0.0,1.0
2018-05-11,31.16,31.209999,31.120001000000002,31.15,31.15,315200,0.0,1.0
2018-05-14,31.280001000000002,31.290001,31.18,31.219998999999998,31.219998999999998,265200,0.0,1.0
2018-05-15,30.959999,31.07,30.889999,30.99,30.99,260700,0.0,1.0
2018-05-16,31.0,31.09,30.950001,31.049999,31.049999,305900,0.0,1.0
2018-05-17,31.08,31.190001000000002,31.049999,31.110001,31.110001,233800,0.0,1.0
2018-05-18,31.01,31.040001,30.969998999999998,30.99,30.99,199800,0.0,1.0
2018-05-21,31.120001000000002,31.17,31.09,31.139999,31.139999,204800,0.0,1.0
2018-05-22,31.24,31.25,31.09,31.1,31.1,375700,0.0,1.0
2018-05-23,30.709999,30.780001000000002,30.6,30.780001000000002,30.780001000000002,279400,0.0,1.0
2018-05-24,30.639999,30.639999,30.450001,30.559998999999998,30.559998999999998,253500,0.0,1.0
2018-05-25,30.299999,30.35,30.219998999999998,30.32,30.32,226800,0.0,1.0
2018-05-29,29.780001000000002,29.889999,29.549999,29.68,29.68,460900,0.0,1.0
2018-05-30,29.98,30.17,29.860001,30.15,30.15,400100,0.0,1.0
2018-05-31,30.030001000000002,30.07,29.870001000000002,29.969998999999998,29.969998999999998,328600,0.0,1.0
2018-06-01,30.25,30.25,30.15,30.18,30.18,226300,0.0,1.0
2018-06-04,30.389999,30.469998999999998,30.280001000000002,30.280001000000002,30.280001000000002,311200,0.0,1.0
2018-06-05,30.26,30.27,30.18,30.26,30.26,311600,0.0,1.0
2018-06-06,30.379998999999998,30.530001000000002,30.309998999999998,30.5,30.5,244900,0.0,1.0
2018-06-07,30.58,30.629998999999998,30.370001000000002,30.389999,30.389999,314300,0.0,1.0
2018-06-08,30.4,30.450001,30.309998999999998,30.450001,30.450001,280700,0.0,1.0
2018-06-11,30.5,30.690001000000002,30.5,30.629998999999998,30.629998999999998,228600,0.0,1.0
2018-06-12,30.549999,30.59,30.379998999999998,30.450001,30.450001,353700,0.0,1.0
2018-06-13,30.52,30.540001,30.370001000000002,30.5,30.5,357900,0.0,1.0
2018-06-14,30.48,30.559998999999998,30.43,30.43,30.43,282800,0.0,1.0
2018-06-15,30.27,30.27,30.09,30.23,30.23,274500,0.0,1.0
2018-06-18,29.889999,30.01,29.860001,29.99,29.99,349900,0.0,1.0
2018-06-19,29.6,29.780001000000002,29.57,29.780001000000002,29.780001000000002,415800,0.0,1.0
2018-06-20,29.84,29.84,29.700001,29.74,29.74,278600,0.0,1.0
2018-06-21,29.65,29.65,29.48,29.52,29.52,284000,0.0,1.0
2018-06-22,29.91,30.0,29.809998999999998,29.860001,29.860001,401000,0.0,1.0
2018-06-25,29.66,29.68,29.370001000000002,29.42,29.42,360300,0.0,1.0
2018-06-26,29.530001000000002,29.59,29.42,29.48,29.48,574200,0.0,1.0
2018-06-27,29.549999,29.67,29.26,29.26,29.26,615200,0.0,1.0
2018-06-28,29.280001000000002,29.43,29.25,29.42,29.42,788200,0.0,1.0
2018-06-29,29.59,29.700001,29.530001000000002,29.540001,29.540001,396700,0.0,1.0
2018-07-02,29.16,29.290001,29.139999,29.27,29.27,484700,0.0,1.0
2018-07-03,29.540001,29.610001,29.360001,29.360001,29.360001,258600,0.0,1.0
2018-07-05,29.700001,29.74,29.629998999999998,29.719998999999998,29.719998999999998,209400,0.0,1.0
2018-07-06,29.75,29.93,29.719998999999998,29.889999,29.889999,286300,0.0,1.0
2018-07-09,30.07,30.129998999999998,30.02,30.110001,30.110001,253200,0.0,1.0
2018-07-10,30.08,30.18,30.08,30.129998999999998,30.129998999999998,292100,0.0,1.0
2018-07-11,29.790001,29.85,29.52,29.559998999999998,29.559998999999998,274300,0.0,1.0
2018-07-12,29.700001,29.82,29.67,29.77,29.77,197800,0.0,1.0
2018-07-13,29.77,29.870001000000002,29.700001,29.870001000000002,29.870001000000002,214700,0.0,1.0
2018-07-16,29.83,29.85,29.75,29.780001000000002,29.780001000000002,237800,0.0,1.0
2018-07-17,29.74,29.870001000000002,29.719998999999998,29.85,29.85,319500,0.0,1.0
2018-07-18,29.84,29.93,29.790001,29.91,29.91,208800,0.0,1.0
2018-07-19,29.709999,29.879998999999998,29.700001,29.77,29.77,275500,0.0,1.0
2018-07-20,29.780001000000002,29.940001000000002,29.780001000000002,29.889999,29.889999,630300,0.0,1.0
2018-07-23,29.91,29.940001000000002,29.860001,29.91,29.91,219200,0.0,1.0
2018-07-24,30.15,30.24,30.040001,30.049999,30.049999,295500,0.0,1.0
2018-07-25,30.059998999999998,30.34,29.950001,30.34,30.34,328700,0.0,1.0
2018-07-26,30.209999,30.299999,30.16,30.219998999999998,30.219998999999998,350000,0.0,1.0
2018-07-27,30.33,30.41,30.24,30.24,30.24,303700,0.0,1.0
2018-07-30,30.389999,30.440001000000002,30.309998999999998,30.35,30.35,340800,0.0,1.0
2018-07-31,30.459999,30.49,30.370001000000002,30.41,30.41,274900,0.0,1.0
2018-08-01,30.360001,30.360001,30.200001,30.25,30.25,378300,0.0,1.0
2018-08-02,29.879998999999998,30.01,29.84,30.01,30.01,379400,0.0,1.0
2018-08-03,29.879998999999998,30.030001000000002,29.84,30.01,30.01,239600,0.0,1.0
2018-08-06,29.84,29.959999,29.780001000000002,29.93,29.93,239900,0.0,1.0
2018-08-07,30.209999,30.25,30.110001,30.120001000000002,30.120001000000002,330300,0.0,1.0
2018-08-08,30.09,30.18,30.030001000000002,30.139999,30.139999,558300,0.0,1.0
2018-08-09,30.08,30.15,30.0,30.0,30.0,291700,0.0,1.0
2018-08-10,29.469998999999998,29.57,29.35,29.459999,29.459999,379200,0.0,1.0
2018-08-13,29.360001,29.43,29.209999,29.26,29.26,345100,0.0,1.0
2018-08-14,29.299999,29.360001,29.24,29.280001000000002,29.280001000000002,308900,0.0,1.0
2018-08-15,28.92,28.92,28.65,28.84,28.84,1634200,0.0,1.0
2018-08-16,29.040001,29.129998999999998,29.02,29.049999,29.049999,275300,0.0,1.0
2018-08-17,29.01,29.299999,29.0,29.190001000000002,29.190001000000002,265100,0.0,1.0
2018-08-20,29.309998999999998,29.389999,29.26,29.33,29.33,569100,0.0,1.0
2018-08-21,29.549999,29.629998999999998,29.469998999999998,29.51,29.51,278100,0.0,1.0
2018-08-22,29.700001,29.73,29.65,29.67,29.67,268200,0.0,1.0
2018-08-23,29.530001000000002,29.57,29.41,29.450001,29.450001,474700,0.0,1.0
2018-08-24,29.58,29.68,29.549999,29.66,29.66,229400,0.0,1.0
2018-08-27,29.84,30.030001000000002,29.82,29.969998999999998,29.969998999999998,291600,0.0,1.0
2018-08-28,30.08,30.1,29.940001000000002,29.950001,29.950001,334100,0.0,1.0
2018-08-29,29.950001,30.09,29.9,30.049999,30.049999,273500,0.0,1.0
2018-08-30,29.84,29.85,29.74,29.82,29.82,285400,0.0,1.0
2018-08-31,29.57,29.66,29.42,29.49,29.49,291700,0.0,1.0
2018-09-04,29.129998999999998,29.209999,29.07,29.200001,29.200001,320000,0.0,1.0
2018-09-05,29.09,29.09,28.92,29.02,29.02,3308300,0.0,1.0
2018-09-06,28.98,29.059998999999998,28.83,28.93,28.93,510900,0.0,1.0
2018-09-07,28.690001000000002,28.790001,28.639999,28.719998999999998,28.719998999999998,1391400,0.0,1.0
2018-09-10,28.959999,28.969998999999998,28.870001000000002,28.889999,28.889999,346700,0.0,1.0
2018-09-11,28.75,28.940001000000002,28.73,28.93,28.93,375500,0.0,1.0
2018-09-12,28.950001,29.110001,28.950001,29.030001000000002,29.030001000000002,325100,0.0,1.0
2018-09-13,29.32,29.35,29.209999,29.24,29.24,255900,0.0,1.0
2018-09-14,29.309998999999998,29.370001000000002,29.23,29.27,29.27,4304400,0.0,1.0
2018-09-17,29.469998999999998,29.540001,29.360001,29.360001,29.360001,288800,0.0,1.0
2018-09-18,29.610001,29.76,29.610001,29.75,29.75,469000,0.0,1.0
2018-09-19,29.790001,29.9,29.780001000000002,29.85,29.85,299100,0.0,1.0
2018-09-20,30.16,30.23,30.07,30.23,30.23,285800,0.0,1.0
2018-09-21,30.209999,30.299999,30.17,30.219998999999998,30.219998999999998,332178,0.0,1.0
