date,Open,High,Low,Close,Adj Close,Volume,Dividends,Stock Splits
2013-10-24,25.49,25.49,24.98,25.059998999999998,23.721554,17700,0.0,1.0
2013-10-25,25.280001000000002,25.290001,25.059998999999998,25.129998999999998,23.787817,41700,0.0,1.0
2013-10-28,25.16,25.190001000000002,25.049999,25.15,23.806751000000002,50600,0.0,1.0
2013-10-29,25.43,25.43,25.15,25.27,23.92034,44800,0.0,1.0
2013-10-30,25.42,25.42,25.1,25.15,23.806751000000002,186500,0.0,1.0
2013-10-31,25.1,25.59,25.059998999999998,25.200001,23.854082000000002,14400,0.0,1.0
2013-11-01,25.26,25.26,25.02,25.139999,23.797285000000002,20600,0.0,1.0
2013-11-04,25.24,25.24,25.110001,25.209999,23.863544,44100,0.0,1.0
2013-11-05,25.18,25.280001000000002,25.1,25.23,23.882475,32500,0.0,1.0
2013-11-06,25.49,25.49,25.299999,25.4,24.043394,96600,0.0,1.0
2013-11-07,25.469998999999998,25.49,25.059998999999998,25.07,23.731022,49000,0.0,1.0
2013-11-08,25.209999,25.33,25.09,25.33,23.977135,13700,0.0,1.0
2013-11-11,25.370001000000002,25.4,25.25,25.370001000000002,24.015001,67400,0.0,1.0
2013-11-12,25.35,25.5,25.309998999999998,25.459999,24.100197,220600,0.0,1.0
2013-11-13,25.4,25.719998999999998,25.379998999999998,25.719998999999998,24.346306,21200,0.0,1.0
2013-11-14,25.66,25.66,25.52,25.639999,24.27058,24400,0.0,1.0
2013-11-15,25.73,25.74,25.629998999999998,25.74,24.365238,27900,0.0,1.0
2013-11-18,25.809998999999998,25.809998999999998,25.49,25.5,24.138056,56200,0.0,1.0
2013-11-19,25.58,25.58,25.389999,25.389999,24.033928,24400,0.0,1.0
2013-11-20,25.530001000000002,25.549999,25.32,25.370001000000002,24.015001,27800,0.0,1.0
2013-11-21,25.5,25.610001,25.440001000000002,25.610001,24.242186,43100,0.0,1.0
2013-11-22,25.67,25.67,25.549999,25.57,24.204317,27100,0.0,1.0
2013-11-25,25.690001000000002,25.690001000000002,25.469998999999998,25.530001000000002,24.166452,42600,0.0,1.0
2013-11-26,25.6,25.74,25.540001,25.68,24.308447,36900,0.0,1.0
2013-11-27,25.780001000000002,25.9,25.74,25.9,24.516693,29300,0.0,1.0
2013-11-29,26.01,26.08,25.98,25.99,24.601881,43500,0.0,1.0
2013-12-02,26.07,26.07,25.860001,25.870001000000002,24.488297,43700,0.0,1.0
2013-12-03,25.860001,25.98,25.83,25.92,24.535625,34800,0.0,1.0
2013-12-04,25.92,26.059998999999998,25.84,26.0,24.611349,60400,0.0,1.0
2013-12-05,26.129998999999998,26.129998999999998,25.959999,26.0,24.611349,25500,0.0,1.0
2013-12-06,26.18,26.209999,26.08,26.16,24.76281,47200,0.0,1.0
2013-12-09,26.299999,26.299999,26.200001,26.23,24.829067000000002,63200,0.0,1.0
2013-12-10,26.23,26.25,26.15,26.219998999999998,24.819601000000002,41500,0.0,1.0
2013-12-11,26.280001000000002,26.280001000000002,25.9,25.92,24.535625,57900,0.0,1.0
2013-12-12,25.98,25.98,25.799999,25.799999,24.422033,32600,0.0,1.0
2013-12-13,25.82,25.9,25.77,25.82,24.440966,27300,0.0,1.0
2013-12-16,25.940001000000002,26.08,25.889999,26.040001,24.649216,79800,0.0,1.0
2013-12-17,26.1,26.129998999999998,26.02,26.08,24.687078,39100,0.0,1.0
2013-12-18,26.1,26.27,25.75,26.27,24.866936,83500,0.0,1.0
2013-12-19,26.290001,26.32,26.200001,26.299999,24.895326999999998,57600,0.0,1.0
2013-12-20,26.34,26.610001,26.309998999999998,26.610001,25.235792,66500,0.049,1.0
2013-12-23,26.780001000000002,27.23,26.700001,26.870001000000002,25.482363,106700,0.0,1.0
2013-12-24,26.93,26.940001000000002,26.870001000000002,26.91,25.520298,38100,0.0,1.0
2013-12-26,27.02,27.02,26.950001,26.99,25.596167,73800,0.0,1.0
2013-12-27,27.139999,27.139999,26.940001000000002,26.940001000000002,25.548748,59400,0.0,1.0
2013-12-30,26.959999,26.959999,26.83,26.92,25.529783,67600,0.0,1.0
2013-12-31,27.01,27.110001,26.940001000000002,27.09,25.691001999999997,73700,0.0,1.0
2014-01-02,27.049999,27.049999,26.77,26.82,25.434944,62900,0.0,1.0
2014-01-03,26.92,26.92,26.690001000000002,26.76,25.378044,71300,0.0,1.0
2014-01-06,26.809998999999998,26.809998999999998,26.610001,26.690001000000002,25.311660999999997,86600,0.0,1.0
2014-01-07,26.84,26.969998999999998,26.75,26.93,25.539263000000002,60500,0.0,1.0
2014-01-08,26.959999,27.01,26.9,26.959999,25.567711,72700,0.0,1.0
2014-01-09,27.09,27.09,26.76,26.84,25.453915,76500,0.0,1.0
2014-01-10,26.950001,26.969998999999998,26.76,26.9,25.510813,41900,0.0,1.0
2014-01-13,26.92,27.0,26.5,26.57,25.197853,132800,0.0,1.0
2014-01-14,26.68,27.120001000000002,26.68,27.09,25.691001999999997,63500,0.0,1.0
2014-01-15,27.24,27.450001,27.15,27.4,25.984993,119100,0.0,1.0
2014-01-16,27.49,27.49,27.35,27.41,25.994474,241300,0.0,1.0
2014-01-17,27.389999,27.389999,27.200001,27.24,25.833254,140900,0.0,1.0
2014-01-21,27.440001000000002,27.440001000000002,27.200001,27.35,25.937573999999998,76000,0.0,1.0
2014-01-22,27.389999,27.42,27.32,27.42,26.003957999999997,54400,0.0,1.0
2014-01-23,27.370001000000002,27.370001000000002,27.120001000000002,27.27,25.861705999999998,78300,0.0,1.0
2014-01-24,27.24,27.24,26.700001,26.709999,25.330624,113400,0.0,1.0
2014-01-27,26.790001,26.790001,26.25,26.41,25.046118,96300,0.0,1.0
2014-01-28,26.23,26.33,26.1,26.299999,24.941801,88900,0.0,1.0
2014-01-29,26.219998999999998,26.26,26.01,26.059998999999998,24.714192999999998,68700,0.0,1.0
2014-01-30,26.6,26.6,26.299999,26.5,25.131467999999998,58400,0.0,1.0
2014-01-31,26.299999,26.559998999999998,26.26,26.48,25.112497,44800,0.0,1.0
2014-02-03,26.379998999999998,26.5,25.83,25.879998999999998,24.543488,263400,0.0,1.0
2014-02-04,26.040001,26.1,25.879998999999998,26.030001000000002,24.685741,94200,0.0,1.0
2014-02-05,26.02,26.09,25.73,26.01,24.666775,83200,0.0,1.0
2014-02-06,26.09,26.34,26.09,26.32,24.960764,26000,0.0,1.0
2014-02-07,26.540001,26.73,26.43,26.719998999999998,25.340107,87400,0.0,1.0
2014-02-10,26.76,26.809998999999998,26.719998999999998,26.809998999999998,25.425461,45200,0.0,1.0
2014-02-11,26.84,27.15,26.84,27.1,25.700487,111100,0.0,1.0
2014-02-12,27.18,27.26,27.120001000000002,27.200001,25.795324,96100,0.0,1.0
2014-02-13,27.1,27.450001,27.040001,27.450001,26.032408,70000,0.0,1.0
2014-02-14,27.450001,27.559998999999998,27.370001000000002,27.52,26.098795000000003,46100,0.0,1.0
2014-02-18,27.57,27.66,27.49,27.610001,26.184148999999998,99700,0.0,1.0
2014-02-19,27.620001000000002,27.68,27.440001000000002,27.459999,26.041892999999998,86800,0.0,1.0
2014-02-20,27.41,27.620001000000002,27.389999,27.6,26.174664,87000,0.0,1.0
2014-02-21,27.719998999999998,27.73,27.530001000000002,27.549999,26.127243,103500,0.0,1.0
2014-02-24,27.6,27.799999,27.52,27.709999,26.278982,97600,0.0,1.0
2014-02-25,27.75,27.75,27.51,27.59,26.16518,52400,0.0,1.0
2014-02-26,27.73,27.790001,27.59,27.67,26.241047,50200,0.0,1.0
2014-02-27,27.709999,27.889999,27.67,27.860001,26.421234000000002,43500,0.0,1.0
2014-02-28,27.92,27.99,27.559998999999998,27.77,26.335886,49300,0.0,1.0
2014-03-03,27.6,27.639999,27.32,27.559998999999998,26.136726,93300,0.0,1.0
2014-03-04,27.92,28.059998999999998,27.9,28.030001000000002,26.582453000000005,51700,0.0,1.0
2014-03-05,28.1,28.110001,28.0,28.07,26.620390000000004,43200,0.0,1.0
2014-03-06,28.17,28.17,28.030001000000002,28.059998999999998,26.610903000000004,44100,0.0,1.0
2014-03-07,28.190001000000002,28.190001000000002,27.870001000000002,27.93,26.487616999999997,34700,0.0,1.0
2014-03-10,28.040001,28.040001,27.809998999999998,27.879998999999998,26.440207,73300,0.0,1.0
2014-03-11,27.98,28.030001000000002,27.719998999999998,27.790001,26.354848999999998,22700,0.0,1.0
2014-03-12,27.73,27.870001000000002,27.549999,27.870001000000002,26.430725,37100,0.0,1.0
2014-03-13,28.030001000000002,28.030001000000002,27.379998999999998,27.440001000000002,26.022926000000002,58300,0.0,1.0
2014-03-14,27.450001,27.5,27.280001000000002,27.299999,25.890154000000003,51700,0.0,1.0
2014-03-17,27.42,27.690001000000002,27.42,27.610001,26.184148999999998,43000,0.0,1.0
2014-03-18,27.719998999999998,28.049999,27.690001000000002,28.030001000000002,26.582453000000005,33500,0.0,1.0
2014-03-19,28.09,28.09,27.809998999999998,27.889999,26.449684,47400,0.0,1.0
2014-03-20,27.91,28.129998999999998,27.799999,28.059998999999998,26.610903000000004,53100,0.0,1.0
2014-03-21,28.120001000000002,28.15,27.77,27.809998999999998,26.446392,43600,0.077,1.0
2014-03-24,27.93,27.959999,27.450001,27.68,26.322765000000004,63900,0.0,1.0
2014-03-25,27.83,27.969998999999998,27.610001,27.83,26.465408,27200,0.0,1.0
2014-03-26,28.0,28.01,27.43,27.43,26.085026,65000,0.0,1.0
2014-03-27,27.450001,27.450001,27.16,27.26,25.923353,63700,0.0,1.0
2014-03-28,27.360001,27.6,27.299999,27.370001000000002,26.027966,31900,0.0,1.0
2014-03-31,27.59,27.74,27.540001,27.65,26.294231,55700,0.0,1.0
2014-04-01,27.77,28.02,27.73,28.02,26.646095000000003,47700,0.0,1.0
2014-04-02,28.15,28.15,27.93,28.040001,26.665113,31200,0.0,1.0
2014-04-03,28.16,28.16,27.73,27.809998999999998,26.446392,129800,0.0,1.0
2014-04-04,27.98,27.98,27.09,27.15,25.81875,76300,0.0,1.0
2014-04-07,26.98,27.18,26.75,26.91,25.590521,127000,0.0,1.0
2014-04-08,26.84,27.18,26.84,27.139999,25.809244,39900,0.0,1.0
2014-04-09,27.17,27.6,27.17,27.58,26.227669,46500,0.0,1.0
2014-04-10,27.610001,27.620001000000002,26.799999,26.870001000000002,25.552481,62600,0.0,1.0
2014-04-11,26.690001000000002,26.860001,26.440001000000002,26.5,25.200623999999998,90800,0.0,1.0
2014-04-14,26.66,26.85,26.540001,26.700001,25.390821,50100,0.0,1.0
2014-04-15,26.860001,26.940001000000002,26.360001,26.860001,25.542973,208700,0.0,1.0
2014-04-16,27.01,27.15,26.860001,27.139999,25.809244,26700,0.0,1.0
2014-04-17,27.040001,27.24,26.92,27.139999,25.809244,98000,0.0,1.0
2014-04-21,27.200001,27.27,27.110001,27.25,25.913849,28100,0.0,1.0
2014-04-22,27.33,27.469998999999998,27.209999,27.4,26.056494,48400,0.0,1.0
2014-04-23,27.32,27.32,27.16,27.17,25.837774,28300,0.0,1.0
2014-04-24,27.629998999999998,27.629998999999998,27.25,27.379998999999998,26.037474,38400,0.0,1.0
2014-04-25,27.280001000000002,27.290001,26.9,26.92,25.600035000000002,54000,0.0,1.0
2014-04-28,27.059998999999998,27.25,26.73,27.07,25.742672,32100,0.0,1.0
2014-04-29,27.209999,27.35,27.120001000000002,27.32,25.980417000000003,110500,0.0,1.0
2014-04-30,27.25,27.440001000000002,27.18,27.389999,26.046984,1278900,0.0,1.0
2014-05-01,27.360001,27.59,27.32,27.41,26.066001999999997,46200,0.0,1.0
2014-05-02,27.43,27.49,27.34,27.379998999999998,26.037474,32300,0.0,1.0
2014-05-05,27.18,27.450001,27.15,27.440001000000002,26.094532,32900,0.0,1.0
2014-05-06,27.360001,27.4,27.129998999999998,27.139999,25.809244,30500,0.0,1.0
2014-05-07,27.129998999999998,27.17,26.73,27.040001,25.714146,44800,0.0,1.0
2014-05-08,27.0,27.360001,26.92,27.030001000000002,25.704639,32000,0.0,1.0
2014-05-09,27.049999,27.120001000000002,26.879998999999998,27.120001000000002,25.790222,32100,0.0,1.0
2014-05-12,27.209999,27.59,27.209999,27.549999,26.199135000000002,68700,0.0,1.0
2014-05-13,27.58,27.68,27.51,27.57,26.218159000000004,93800,0.0,1.0
2014-05-14,27.549999,27.549999,27.360001,27.379998999999998,26.037474,165400,0.0,1.0
2014-05-15,27.389999,27.43,27.030001000000002,27.200001,25.866304,44300,0.0,1.0
2014-05-16,27.25,27.360001,27.049999,27.360001,26.018459,24900,0.0,1.0
2014-05-19,27.360001,27.639999,27.360001,27.620001000000002,26.265707,23500,0.0,1.0
2014-05-20,27.639999,27.639999,27.34,27.42,26.075514000000002,22300,0.0,1.0
2014-05-21,27.48,27.66,27.48,27.66,26.303745000000003,35500,0.0,1.0
2014-05-22,27.66,27.82,27.620001000000002,27.73,26.370314,38700,0.0,1.0
2014-05-23,27.719998999999998,27.99,27.719998999999998,27.99,26.617565000000003,34700,0.0,1.0
2014-05-27,28.1,28.280001000000002,28.08,28.280001000000002,26.893345,59100,0.0,1.0
2014-05-28,28.24,28.309998999999998,28.17,28.23,26.845795000000003,1182300,0.0,1.0
2014-05-29,28.34,28.379998999999998,28.27,28.379998999999998,26.988440999999998,45400,0.0,1.0
2014-05-30,28.42,28.42,28.209999,28.360001,26.969425,119400,0.0,1.0
2014-06-02,28.450001,28.450001,28.17,28.290001,26.902857,42700,0.0,1.0
2014-06-03,28.219998999999998,28.32,28.139999,28.280001000000002,26.893345,153500,0.0,1.0
2014-06-04,28.26,28.379998999999998,28.16,28.34,26.950403,43800,0.0,1.0
2014-06-05,28.459999,28.620001000000002,28.290001,28.6,27.197659,54500,0.0,1.0
2014-06-06,28.709999,28.790001,28.67,28.75,27.340302,54700,0.0,1.0
2014-06-09,28.790001,28.92,28.76,28.860001,27.444903999999998,72900,0.0,1.0
2014-06-10,28.959999,28.959999,28.82,28.9,27.482944,51100,0.0,1.0
2014-06-11,28.799999,28.93,28.77,28.870001000000002,27.454418,131700,0.0,1.0
2014-06-12,29.299999,29.299999,28.530001000000002,28.620001000000002,27.216669,46900,0.0,1.0
2014-06-13,28.85,28.85,28.65,28.799999,27.387847999999998,87200,0.0,1.0
2014-06-16,28.76,28.889999,28.700001,28.84,27.425890000000003,36700,0.0,1.0
2014-06-17,28.879998999999998,29.01,28.799999,28.950001,27.530493,74500,0.0,1.0
2014-06-18,29.030001000000002,29.09,28.83,29.09,27.663628000000003,55400,0.0,1.0
2014-06-19,29.15,29.15,28.889999,28.99,27.568531,35200,0.0,1.0
2014-06-20,28.959999,28.959999,28.82,28.870001000000002,27.520871999999997,43800,0.07,1.0
2014-06-23,28.85,28.98,28.84,28.98,27.625727,207100,0.0,1.0
2014-06-24,29.030001000000002,29.15,28.76,28.809998999999998,27.463672999999996,59400,0.0,1.0
2014-06-25,28.75,29.0,28.75,28.98,27.625727,709500,0.0,1.0
2014-06-26,29.07,29.07,28.75,28.940001000000002,27.587601,21100,0.0,1.0
2014-06-27,28.91,29.09,28.91,29.09,27.730590999999997,34300,0.0,1.0
2014-06-30,29.190001000000002,29.25,29.1,29.17,27.806852000000003,50200,0.0,1.0
2014-07-01,29.209999,29.6,29.18,29.51,28.130964000000002,59500,0.0,1.0
2014-07-02,29.540001,29.549999,29.440001000000002,29.450001,28.073767,81600,0.0,1.0
2014-07-03,29.559998999999998,29.620001000000002,29.469998999999998,29.6,28.216755,28500,0.0,1.0
2014-07-07,29.6,29.620001000000002,29.469998999999998,29.559998999999998,28.178625,52500,0.0,1.0
2014-07-08,29.52,29.52,29.030001000000002,29.200001,27.835449,84800,0.0,1.0
2014-07-09,29.290001,29.34,29.16,29.290001,27.921242,28000,0.0,1.0
2014-07-10,29.030001000000002,29.34,28.82,29.219998999999998,27.854515000000003,36000,0.0,1.0
2014-07-11,29.27,29.33,29.18,29.299999,27.930771000000004,32900,0.0,1.0
2014-07-14,29.540001,29.610001,29.450001,29.540001,28.159559,59500,0.0,1.0
2014-07-15,29.719998999999998,29.719998999999998,29.27,29.450001,28.073767,53900,0.0,1.0
2014-07-16,29.75,29.77,29.610001,29.68,28.293020000000002,65300,0.0,1.0
2014-07-17,29.700001,29.709999,29.209999,29.299999,27.930771000000004,68700,0.0,1.0
2014-07-18,29.690001000000002,29.709999,29.440001000000002,29.68,28.293020000000002,48300,0.0,1.0
2014-07-21,29.610001,29.74,29.530001000000002,29.690001000000002,28.302549,47800,0.0,1.0
2014-07-22,29.879998999999998,29.959999,29.799999,29.93,28.531328000000002,188800,0.0,1.0
2014-07-23,30.049999,30.059998999999998,29.879998999999998,29.959999,28.559928999999997,62600,0.0,1.0
2014-07-24,30.07,30.07,29.92,30.0,28.598060999999998,74600,0.0,1.0
2014-07-25,29.99,29.99,29.75,29.860001,28.464605,52400,0.0,1.0
2014-07-28,29.9,29.98,29.66,29.92,28.521798999999998,254600,0.0,1.0
2014-07-29,30.059998999999998,30.059998999999998,29.799999,29.799999,28.40741,148700,0.0,1.0
2014-07-30,29.93,29.99,29.799999,29.91,28.512265999999997,84000,0.0,1.0
2014-07-31,29.790001,29.790001,29.309998999999998,29.33,27.959367999999998,78800,0.0,1.0
2014-08-01,29.33,29.4,29.0,29.200001,27.835449,113400,0.0,1.0
2014-08-04,29.25,29.48,29.139999,29.389999,28.016571000000003,139500,0.0,1.0
2014-08-05,29.290001,29.34,29.040001,29.17,27.806852000000003,54300,0.0,1.0
2014-08-06,29.0,29.280001000000002,28.92,29.120001000000002,27.759190000000004,425500,0.0,1.0
2014-08-07,29.290001,29.309998999999998,28.92,29.01,27.654327000000002,58600,0.0,1.0
2014-08-08,29.030001000000002,29.209999,28.92,29.209999,27.84498,104900,0.0,1.0
2014-08-11,29.309998999999998,29.48,29.27,29.42,28.045168,90200,0.0,1.0
2014-08-12,29.389999,29.440001000000002,29.209999,29.32,27.949841999999997,48500,0.0,1.0
2014-08-13,29.440001000000002,29.67,29.41,29.67,28.283482,77400,0.0,1.0
2014-08-14,29.709999,29.709999,29.620001000000002,29.709999,28.321617,70100,0.0,1.0
2014-08-15,29.879998999999998,29.879998999999998,29.530001000000002,29.73,28.340678999999998,51700,0.0,1.0
2014-08-18,29.93,30.059998999999998,29.860001,30.049999,28.645722999999997,129100,0.0,1.0
2014-08-19,30.23,30.280001000000002,30.1,30.27,28.855448,75000,0.0,1.0
2014-08-20,30.35,30.35,30.200001,30.27,28.855448,112200,0.0,1.0
2014-08-21,30.41,30.450001,30.280001000000002,30.42,28.998432,65900,0.0,1.0
2014-08-22,30.48,30.51,30.35,30.450001,29.027029,66100,0.0,1.0
2014-08-25,30.68,30.68,30.379998999999998,30.43,29.007971,363200,0.0,1.0
2014-08-26,30.49,30.540001,30.440001000000002,30.51,29.084228999999997,109400,0.0,1.0
2014-08-27,30.530001000000002,30.530001000000002,30.370001000000002,30.450001,29.027029,56800,0.0,1.0
2014-08-28,30.309998999999998,30.440001000000002,30.27,30.379998999999998,28.960303999999997,71200,0.0,1.0
2014-08-29,30.49,30.57,30.4,30.559998999999998,29.131889,119600,0.0,1.0
2014-09-02,30.700001,30.700001,30.5,30.639999,29.208157,284700,0.0,1.0
2014-09-03,30.809998999999998,30.809998999999998,30.370001000000002,30.41,28.988903000000004,111600,0.0,1.0
2014-09-04,30.49,30.629998999999998,30.299999,30.379998999999998,28.960303999999997,77900,0.0,1.0
2014-09-05,30.450001,30.559998999999998,30.370001000000002,30.540001,29.112831,44200,0.0,1.0
2014-09-08,30.58,30.73,30.51,30.629998999999998,29.198620000000002,61700,0.0,1.0
2014-09-09,30.66,30.790001,30.35,30.389999,28.969837,80900,0.0,1.0
2014-09-10,30.440001000000002,30.67,30.379998999999998,30.629998999999998,29.198620000000002,435600,0.0,1.0
2014-09-11,30.540001,30.700001,30.469998999999998,30.68,29.246285999999998,36100,0.0,1.0
2014-09-12,30.709999,30.709999,30.5,30.57,29.141424,36400,0.0,1.0
2014-09-15,30.629998999999998,30.629998999999998,30.219998999999998,30.290001,28.874514,223700,0.0,1.0
2014-09-16,30.23,30.540001,30.07,30.52,29.093763,57400,0.0,1.0
2014-09-17,30.530001000000002,30.67,30.389999,30.540001,29.112831,52800,0.0,1.0
2014-09-18,30.65,30.76,30.639999,30.75,29.313013,50000,0.0,1.0
2014-09-19,30.77,30.77,30.42,30.530001000000002,29.188726000000003,56600,0.09,1.0
2014-09-22,30.5,30.51,30.18,30.25,28.921026,83200,0.0,1.0
2014-09-23,30.15,30.299999,30.08,30.15,28.82542,68400,0.0,1.0
2014-09-24,30.15,30.389999,30.040001,30.379998999999998,29.045316999999997,38900,0.0,1.0
2014-09-25,30.32,30.32,29.709999,29.719998999999998,28.414309999999997,121300,0.0,1.0
2014-09-26,29.76,30.09,29.76,30.059998999999998,28.739376,63400,0.0,1.0
2014-09-29,29.790001,30.1,29.700001,30.040001,28.720253000000003,314100,0.0,1.0
2014-09-30,30.15,30.219998999999998,29.98,30.09,28.768061,90000,0.0,1.0
2014-10-01,30.030001000000002,30.030001000000002,29.5,29.57,28.270901000000002,261000,0.0,1.0
2014-10-02,29.57,29.690001000000002,29.219998999999998,29.620001000000002,28.318708,162600,0.0,1.0
2014-10-03,29.799999,29.93,29.700001,29.879998999999998,28.567284,130500,0.0,1.0
2014-10-06,30.059998999999998,30.059998999999998,29.76,29.82,28.509915999999997,67800,0.0,1.0
2014-10-07,29.73,29.73,29.33,29.35,28.060565999999998,120200,0.0,1.0
2014-10-08,29.41,29.9,29.1,29.879998999999998,28.567284,52700,0.0,1.0
2014-10-09,29.9,29.9,29.32,29.379998999999998,28.089249,77500,0.0,1.0
2014-10-10,29.200001,29.219998999999998,28.469998999999998,28.48,27.228792,157300,0.0,1.0
2014-10-13,28.450001,28.700001,28.1,28.120001000000002,26.884605,161400,0.0,1.0
2014-10-14,28.299999,28.559998999999998,28.17,28.23,26.989766999999997,75600,0.0,1.0
2014-10-15,27.91,28.200001,27.42,28.08,26.846359000000003,154200,0.0,1.0
2014-10-16,27.68,28.120001000000002,27.5,27.98,26.750754999999998,79100,0.0,1.0
2014-10-17,28.450001,28.540001,28.18,28.34,27.094935999999997,77800,0.0,1.0
2014-10-20,28.219998999999998,28.51,28.02,28.5,27.247911,668700,0.0,1.0
2014-10-21,28.809998999999998,29.120001000000002,28.77,29.120001000000002,27.840673,255800,0.0,1.0
2014-10-22,29.26,29.309998999999998,28.9,28.91,27.639894,91900,0.0,1.0
2014-10-23,29.25,29.52,29.17,29.370001000000002,28.079687,132400,0.0,1.0
2014-10-24,29.42,29.610001,29.35,29.6,28.299582,173400,0.0,1.0
2014-10-27,29.59,29.639999,29.41,29.59,28.290026,107800,0.0,1.0
2014-10-28,29.77,30.059998999999998,29.719998999999998,30.059998999999998,28.739376,117900,0.0,1.0
2014-10-29,30.129998999999998,30.129998999999998,29.82,29.99,28.672449,68800,0.0,1.0
2014-10-30,29.969998999999998,30.16,29.85,30.110001,28.787178000000004,386500,0.0,1.0
2014-10-31,30.549999,30.67,30.5,30.67,29.322571000000003,150100,0.0,1.0
2014-11-03,30.77,30.860001,30.639999,30.77,29.41818,210800,0.0,1.0
2014-11-04,30.780001000000002,30.879998999999998,30.59,30.790001,29.437307,103300,0.0,1.0
2014-11-05,31.049999,31.059998999999998,30.74,30.84,29.485102,131500,0.0,1.0
2014-11-06,30.940001000000002,30.940001000000002,30.709999,30.889999,29.532907,148000,0.0,1.0
2014-11-07,30.950001,30.950001,30.73,30.889999,29.532907,72200,0.0,1.0
2014-11-10,30.92,31.030001000000002,30.84,30.98,29.618956,80600,0.0,1.0
2014-11-11,31.049999,31.049999,30.9,31.030001000000002,29.666759000000003,94300,0.0,1.0
2014-11-12,30.99,31.129998999999998,30.92,31.1,29.733683000000003,93300,0.0,1.0
2014-11-13,31.17,31.32,31.1,31.190001000000002,29.819731,110400,0.0,1.0
2014-11-14,31.25,31.41,31.200001,31.389999,30.010942,73400,0.0,1.0
2014-11-17,31.389999,31.440001000000002,31.18,31.309998999999998,29.934456,92600,0.0,1.0
2014-11-18,31.42,31.540001,31.379998999999998,31.5,30.116108,125200,0.0,1.0
2014-11-19,31.52,31.52,31.110001,31.25,29.877091999999998,185500,0.0,1.0
2014-11-20,31.190001000000002,31.469998999999998,31.08,31.450001,30.068309999999997,94300,0.0,1.0
2014-11-21,31.790001,31.799999,31.459999,31.52,30.135234999999998,116500,0.0,1.0
2014-11-24,31.67,31.790001,31.6,31.780001000000002,30.383812,100400,0.0,1.0
2014-11-25,31.84,31.950001,31.799999,31.83,30.431614,178800,0.0,1.0
2014-11-26,31.879998999999998,32.099998,31.84,32.099998,30.689753000000003,79400,0.0,1.0
2014-11-28,32.200001,32.27,32.060001,32.150002,30.737553000000002,65800,0.0,1.0
2014-12-01,32.099998,32.130001,31.66,31.780001000000002,30.383812,200800,0.0,1.0
2014-12-02,31.809998999999998,31.93,31.700001,31.860001,30.460293,480300,0.0,1.0
2014-12-03,31.93,32.119999,31.870001000000002,32.040001000000004,30.632386999999998,440000,0.0,1.0
2014-12-04,32.110001000000004,32.150002,31.969998999999998,32.07,30.661065999999998,146600,0.0,1.0
2014-12-05,32.200001,32.220001,32.02,32.09,30.680187,76100,0.0,1.0
2014-12-08,32.02,32.060001,31.530001000000002,31.67,30.278639000000002,144600,0.0,1.0
2014-12-09,31.34,31.870001000000002,31.200001,31.860001,30.460293,131300,0.0,1.0
2014-12-10,31.82,31.870001000000002,31.280001000000002,31.34,29.963139,131200,0.0,1.0
2014-12-11,31.459999,31.83,31.41,31.49,30.10655,66100,0.0,1.0
2014-12-12,31.27,31.42,31.0,31.02,29.657203999999997,140600,0.0,1.0
2014-12-15,31.209999,31.370001000000002,30.700001,30.83,29.475548,114000,0.0,1.0
2014-12-16,30.58,31.110001,30.389999,30.389999,29.054873999999998,462100,0.0,1.0
2014-12-17,30.43,31.030001000000002,30.43,31.01,29.647638,112400,0.0,1.0
2014-12-18,31.59,31.9,31.469998999999998,31.9,30.498537,153400,0.0,1.0
2014-12-19,31.950001,32.0,31.790001,31.870001000000002,30.575287,78100,0.11,1.0
2014-12-22,31.969998999999998,32.189999,31.969998999999998,32.189999,30.882282,260500,0.0,1.0
2014-12-23,32.32,32.400002,32.25,32.310001,30.99741,359800,0.0,1.0
2014-12-24,32.419998,32.419998,32.290001000000004,32.299999,30.987816,172100,0.0,1.0
2014-12-26,32.439999,32.470001,32.32,32.41,31.093351000000002,71000,0.0,1.0
2014-12-29,32.439999,32.439999,32.209998999999996,32.240002000000004,30.930256,178400,0.0,1.0
2014-12-30,32.209998999999996,32.220001,31.959999,32.02,30.719191,131300,0.0,1.0
2014-12-31,32.139998999999996,32.16,31.690001000000002,31.690001000000002,30.402599,103600,0.0,1.0
2015-01-02,31.9,31.950001,31.360001,31.540001,30.258694000000002,212600,0.0,1.0
2015-01-05,31.48,31.48,30.959999,31.02,29.759819,143600,0.0,1.0
2015-01-06,31.139999,31.15,30.469998999999998,30.620001000000002,29.376065999999998,298900,0.0,1.0
2015-01-07,30.84,30.969998999999998,30.73,30.91,29.654282000000002,159500,0.0,1.0
2015-01-08,31.219998999999998,31.690001000000002,31.200001,31.610001,30.32585,147500,0.0,1.0
2015-01-09,31.75,31.77,31.299999,31.530001000000002,30.2491,109700,0.0,1.0
2015-01-12,31.59,31.59,31.01,31.129998999999998,29.865351,133300,0.0,1.0
2015-01-13,31.42,31.799999,30.879998999999998,31.110001,29.846165000000003,120600,0.0,1.0
2015-01-14,30.84,31.07,30.639999,30.92,29.663877000000003,162600,0.0,1.0
2015-01-15,31.1,31.1,30.43,30.469998999999998,29.232159000000003,195000,0.0,1.0
2015-01-16,30.370001000000002,30.790001,30.299999,30.780001000000002,29.52957,168100,0.0,1.0
2015-01-20,30.940001000000002,31.07,30.610001,30.98,29.721443,1072200,0.0,1.0
2015-01-21,30.950001,31.17,30.75,31.059998999999998,29.798192999999998,293500,0.0,1.0
2015-01-22,31.120001000000002,31.65,30.889999,31.610001,30.32585,84600,0.0,1.0
2015-01-23,31.690001000000002,31.84,31.59,31.74,30.450563,77800,0.0,1.0
2015-01-26,31.77,31.77,31.5,31.65,30.364225,120400,0.0,1.0
2015-01-27,31.15,31.17,30.58,30.74,29.491194,150500,0.0,1.0
2015-01-28,31.35,31.35,30.690001000000002,30.700001,29.452811999999998,111500,0.0,1.0
2015-01-29,30.809998999999998,31.02,30.4,30.99,29.731037,154200,0.0,1.0
2015-01-30,30.950001,31.08,30.5,30.559998999999998,29.318501,66900,0.0,1.0
2015-02-02,30.66,30.860001,30.110001,30.82,29.567940000000004,2469400,0.0,1.0
2015-02-03,30.92,31.209999,30.870001000000002,31.18,29.913315,133100,0.0,1.0
2015-02-04,31.190001000000002,31.450001,31.190001000000002,31.24,29.970881,93500,0.0,1.0
2015-02-05,31.389999,31.559998999999998,31.299999,31.540001,30.258694000000002,64100,0.0,1.0
2015-02-06,31.610001,31.74,31.33,31.4,30.124376,366600,0.0,1.0
2015-02-09,31.360001,31.51,31.290001,31.360001,30.086006,66300,0.0,1.0
2015-02-10,31.639999,31.860001,31.43,31.83,30.536911,144500,0.0,1.0
2015-02-11,31.83,32.029999,31.809998999999998,31.969998999999998,30.671222999999998,65800,0.0,1.0
2015-02-12,32.240002000000004,32.490002000000004,32.240002000000004,32.490002000000004,31.170101000000003,113400,0.0,1.0
2015-02-13,32.599998,32.740002000000004,32.5,32.709998999999996,31.381153,102000,0.0,1.0
2015-02-17,32.779999,32.779999,32.630001,32.73,31.400349,124200,0.0,1.0
2015-02-18,32.790001000000004,32.82,32.68,32.799999,31.467508000000002,138200,0.0,1.0
2015-02-19,32.759997999999996,32.959998999999996,32.709998999999996,32.919998,31.582626,75200,0.0,1.0
2015-02-20,32.959998999999996,33.150002,32.77,33.139998999999996,31.793694,94000,0.0,1.0
2015-02-23,33.220001,33.220001,32.970001,33.150002,31.803289000000003,103500,0.0,1.0
2015-02-24,33.119999,33.279999,32.990002000000004,33.23,31.880033,83700,0.0,1.0
2015-02-25,33.200001,33.200001,32.970001,33.060001,31.716946000000004,111700,0.0,1.0
2015-02-26,33.139998999999996,33.279999,33.07,33.25,31.89922,68900,0.0,1.0
2015-02-27,33.25,33.279999,33.049999,33.09,31.745721999999997,115500,0.0,1.0
2015-03-02,33.130001,33.419998,33.110001000000004,33.41,32.052719,313100,0.0,1.0
2015-03-03,33.41,33.419998,33.009997999999996,33.150002,31.803289000000003,248600,0.0,1.0
2015-03-04,33.09,33.09,32.830002,33.02,31.678571999999996,171800,0.0,1.0
2015-03-05,33.16,33.16,32.900002,33.029999,31.688156,177300,0.0,1.0
2015-03-06,33.139998999999996,33.139998999999996,32.580002,32.650002,31.323603000000002,159100,0.0,1.0
2015-03-09,32.810001,32.919998,32.630001,32.799999,31.467508000000002,119600,0.0,1.0
2015-03-10,32.599998,32.599998,32.119999,32.130001,30.824726000000002,133400,0.0,1.0
2015-03-11,32.150002,32.200001,31.940001000000002,31.959999,30.661627000000003,93100,0.0,1.0
2015-03-12,31.889999,32.169998,31.82,32.169998,30.863091999999998,128500,0.0,1.0
2015-03-13,32.119999,32.18,31.780001000000002,31.99,30.690416,256500,0.0,1.0
2015-03-16,32.119999,32.380001,32.07,32.380001,31.064569,77400,0.0,1.0
2015-03-17,32.330002,32.450001,32.240002000000004,32.400002,31.083759000000004,49900,0.0,1.0
2015-03-18,32.349998,32.91,32.220001,32.799999,31.467508000000002,91100,0.0,1.0
2015-03-19,32.75,32.889998999999996,32.720001,32.759997999999996,31.429127,102100,0.0,1.0
2015-03-20,32.939999,33.0,32.810001,32.82,31.582132,101300,0.099,1.0
2015-03-23,32.950001,33.009997999999996,32.860001000000004,32.860001000000004,31.620625,55400,0.0,1.0
2015-03-24,32.91,32.970001,32.759997999999996,32.759997999999996,31.524390999999998,74800,0.0,1.0
2015-03-25,32.810001,32.810001,31.870001000000002,31.879998999999998,30.677584000000003,160500,0.0,1.0
2015-03-26,31.709999,32.02,31.549999,31.9,30.696828999999997,108400,0.0,1.0
2015-03-27,31.92,32.049999,31.75,31.99,30.783438,444500,0.0,1.0
2015-03-30,32.139998999999996,32.349998,32.139998999999996,32.330002,31.110613,103100,0.0,1.0
2015-03-31,32.23,32.299999,32.07,32.080002,30.870045,91500,0.0,1.0
2015-04-01,32.049999,32.049999,31.74,31.92,30.716074,332200,0.0,1.0
2015-04-02,31.92,32.060001,31.860001,31.9,30.696828999999997,93800,0.0,1.0
2015-04-06,31.690001000000002,32.25,31.68,32.209998999999996,30.995140000000003,138700,0.0,1.0
2015-04-07,32.209998999999996,32.419998,32.18,32.189999,30.975889000000002,80700,0.0,1.0
2015-04-08,32.209998999999996,32.369999,32.150002,32.279999,31.062497999999998,71500,0.0,1.0
2015-04-09,32.279999,32.43,32.130001,32.419998,31.197215999999997,100200,0.0,1.0
2015-04-10,32.419998,32.560001,32.360001000000004,32.560001,31.331940000000003,51000,0.0,1.0
2015-04-13,32.599998,32.720001,32.41,32.419998,31.197215999999997,100900,0.0,1.0
2015-04-14,32.43,32.490002000000004,32.16,32.330002,31.110613,57300,0.0,1.0
2015-04-15,32.439999,32.68,32.419998,32.610001000000004,31.380053000000004,95100,0.0,1.0
2015-04-16,32.549999,32.619999,32.470001,32.549999,31.322319,52500,0.0,1.0
2015-04-17,32.330002,32.330002,31.92,32.02,30.812309000000003,91200,0.0,1.0
2015-04-20,32.27,32.610001000000004,32.240002000000004,32.57,31.341559999999998,78100,0.0,1.0
2015-04-21,32.740002000000004,32.779999,32.560001,32.580002,31.351189,47100,0.0,1.0
2015-04-22,32.709998999999996,32.950001,32.529999,32.900002,31.659115000000003,52000,0.0,1.0
2015-04-23,32.849998,33.099998,32.740002000000004,32.98,31.736095000000002,105800,0.0,1.0
2015-04-24,33.330002,33.330002,33.029999,33.169998,31.918926000000003,73100,0.0,1.0
2015-04-27,33.32,33.419998,33.169998,33.23,31.976665,121400,0.0,1.0
2015-04-28,33.299999,33.419998,32.959998999999996,33.27,32.015159999999995,90600,0.0,1.0
2015-04-29,33.130001,33.279999,32.900002,33.130001,31.880442,52900,0.0,1.0
2015-04-30,32.970001,32.970001,32.450001,32.57,31.341559999999998,338100,0.0,1.0
2015-05-01,32.700001,32.990002000000004,32.68,32.990002000000004,31.745721999999997,88400,0.0,1.0
2015-05-04,33.099998,33.189999,33.0,33.029999,31.784212,98100,0.0,1.0
2015-05-05,32.98,32.98,32.470001,32.5,31.274208,87100,0.0,1.0
2015-05-06,32.68,32.709998999999996,32.09,32.310001,31.09137,114300,0.0,1.0
2015-05-07,32.290001000000004,32.650002,32.290001000000004,32.57,31.341559999999998,73000,0.0,1.0
2015-05-08,32.98,33.040001000000004,32.900002,33.009997999999996,31.764971000000003,87500,0.0,1.0
2015-05-11,33.009997999999996,33.040001000000004,32.880001,32.889998999999996,31.649488,128200,0.0,1.0
2015-05-12,32.75,32.830002,32.450001,32.709998999999996,31.476278000000004,117500,0.0,1.0
2015-05-13,32.900002,33.049999,32.82,32.860001000000004,31.620625,128200,0.0,1.0
2015-05-14,33.200001,33.400002,33.07,33.400002,32.140259,96500,0.0,1.0
2015-05-15,33.48,33.490002000000004,33.220001,33.299999,32.044025,77400,0.0,1.0
2015-05-18,33.369999,33.52,33.209998999999996,33.490002000000004,32.226871,68600,0.0,1.0
2015-05-19,33.549999,33.57,33.400002,33.43,32.169128,253600,0.0,1.0
2015-05-20,33.43,33.580002,33.299999,33.43,32.169128,87400,0.0,1.0
2015-05-21,33.32,33.57,33.32,33.529999,32.26535,92600,0.0,1.0
2015-05-22,33.52,33.619999,33.509997999999996,33.549999,32.284595,87700,0.0,1.0
2015-05-26,33.459998999999996,33.48,32.959998999999996,33.09,31.841948,114100,0.0,1.0
2015-05-27,33.220001,33.669998,33.169998,33.650002,32.380825,87500,0.0,1.0
2015-05-28,33.529999,33.669998,33.52,33.619999,32.351959,43100,0.0,1.0
2015-05-29,33.560001,33.599998,33.299999,33.400002,32.140259,71900,0.0,1.0
2015-06-01,33.560001,33.59,33.27,33.48,32.217239,44000,0.0,1.0
2015-06-02,33.41,33.560001,33.200001,33.419998,32.159504,61400,0.0,1.0
2015-06-03,33.619999,33.68,33.470001,33.549999,32.284595,80700,0.0,1.0
2015-06-04,33.419998,33.470001,33.130001,33.200001,31.947803000000004,122800,0.0,1.0
2015-06-05,33.200001,33.259997999999996,32.970001,33.220001,31.967043,80900,0.0,1.0
2015-06-08,33.259997999999996,33.259997999999996,32.73,32.810001,31.572515000000003,109800,0.0,1.0
2015-06-09,32.790001000000004,32.84,32.470001,32.75,31.514765,118400,0.0,1.0
2015-06-10,32.98,33.310001,32.889998999999996,33.259997999999996,32.005534999999995,115700,0.0,1.0
2015-06-11,33.43,33.43,33.200001,33.25,31.995914000000003,65800,0.0,1.0
2015-06-12,33.169998,33.169998,32.950001,32.990002000000004,31.745721999999997,46300,0.0,1.0
2015-06-15,32.869999,32.869999,32.529999,32.799999,31.562881,49500,0.0,1.0
2015-06-16,32.75,33.080002,32.75,33.0,31.755340999999998,28900,0.0,1.0
2015-06-17,33.099998,33.189999,32.919998,33.09,31.841948,64200,0.0,1.0
2015-06-18,33.07,33.389998999999996,33.07,33.34,32.082522999999995,59900,0.0,1.0
2015-06-19,33.259997999999996,33.259997999999996,33.02,33.029999,31.872162,58300,0.092,1.0
2015-06-22,33.279999,33.32,33.189999,33.259997999999996,32.094097,41800,0.0,1.0
2015-06-23,33.380001,33.380001,33.139998999999996,33.259997999999996,32.094097,56300,0.0,1.0
2015-06-24,33.200001,33.32,33.060001,33.080002,31.920409999999997,60600,0.0,1.0
2015-06-25,33.23,33.23,32.939999,32.990002000000004,31.833569,54300,0.0,1.0
2015-06-26,32.959998999999996,32.959998999999996,32.580002,32.66,31.515133000000002,81700,0.0,1.0
2015-06-29,32.279999,32.450001,31.9,31.93,30.810722,147100,0.0,1.0
2015-06-30,32.189999,32.189999,31.9,32.009997999999996,30.887916999999998,626500,0.0,1.0
2015-07-01,32.450001,32.450001,32.029999,32.18,31.051956,219500,0.0,1.0
2015-07-02,32.23,32.290001000000004,32.049999,32.209998999999996,31.080906,120200,0.0,1.0
2015-07-06,31.940001000000002,32.189999,31.85,32.060001,30.936166999999998,1166800,0.0,1.0
2015-07-07,32.09,32.099998,31.440001000000002,32.080002,30.955465000000004,130700,0.0,1.0
2015-07-08,31.809998999999998,31.83,31.51,31.540001,30.434395000000002,95000,0.0,1.0
2015-07-09,31.870001000000002,31.98,31.450001,31.450001,30.347549,88600,0.0,1.0
2015-07-10,31.860001,32.029999,31.74,31.940001000000002,30.820368,93900,0.0,1.0
2015-07-13,32.189999,32.41,32.139998999999996,32.389998999999996,31.254601,201700,0.0,1.0
2015-07-14,32.459998999999996,32.639998999999996,32.459998999999996,32.57,31.428284,63400,0.0,1.0
2015-07-15,32.540001000000004,32.66,32.450001,32.5,31.360739000000002,59000,0.0,1.0
2015-07-16,32.759997999999996,32.93,32.709998999999996,32.93,31.775665000000004,89400,0.0,1.0
2015-07-17,33.290001000000004,33.380001,33.200001,33.369999,32.200245,87600,0.0,1.0
2015-07-20,33.5,33.639998999999996,33.400002,33.5,32.32568,896100,0.0,1.0
2015-07-21,33.5,33.560001,33.32,33.369999,32.200245,76200,0.0,1.0
2015-07-22,32.73,33.029999,32.709998999999996,32.860001000000004,31.708126,102800,0.0,1.0
2015-07-23,32.990002000000004,33.150002,32.75,32.799999,31.650222999999997,59600,0.0,1.0
2015-07-24,33.009997999999996,33.009997999999996,32.57,32.630001,31.486187,79400,0.0,1.0
2015-07-27,32.419998,32.490002000000004,32.25,32.299999,31.167753,122400,0.0,1.0
2015-07-28,32.450001,32.669998,32.18,32.599998,31.457233000000002,61400,0.0,1.0
2015-07-29,32.599998,32.810001,32.450001,32.799999,31.650222999999997,50000,0.0,1.0
2015-07-30,32.77,32.91,32.5,32.869999,31.717768,209300,0.0,1.0
2015-07-31,32.93,32.939999,32.68,32.720001,31.573025,90900,0.0,1.0
2015-08-03,32.700001,32.799999,32.310001,32.5,31.360739000000002,490800,0.0,1.0
2015-08-04,32.470001,32.490002000000004,32.23,32.330002,31.196701,71300,0.0,1.0
2015-08-05,32.509997999999996,32.889998999999996,32.400002,32.650002,31.505482,69200,0.0,1.0
2015-08-06,32.720001,32.720001,32.200001,32.279999,31.148455,105800,0.0,1.0
2015-08-07,32.23,32.34,32.110001000000004,32.32,31.18705,75500,0.0,1.0
2015-08-10,32.57,32.869999,32.57,32.790001000000004,31.640575,66900,0.0,1.0
2015-08-11,32.68,32.709998999999996,32.18,32.290001000000004,31.158103999999998,70000,0.0,1.0
2015-08-12,32.099998,32.48,31.74,32.41,31.273895,104900,0.0,1.0
2015-08-13,32.509997999999996,32.59,32.32,32.369999,31.235294,27800,0.0,1.0
2015-08-14,32.290001000000004,32.540001000000004,32.279999,32.52,31.380036999999998,175200,0.0,1.0
2015-08-17,32.41,32.720001,32.279999,32.700001,31.553734000000002,64800,0.0,1.0
2015-08-18,32.650002,32.68,32.490002000000004,32.5,31.360739000000002,226900,0.0,1.0
2015-08-19,32.41,32.529999,32.099998,32.32,31.18705,45900,0.0,1.0
2015-08-20,32.02,32.02,31.450001,31.450001,30.347549,122500,0.0,1.0
2015-08-21,31.02,31.299999,30.24,30.24,29.179964000000002,847800,0.0,1.0
2015-08-24,26.74,30.26,25.0,29.18,28.157124,671700,0.0,1.0
2015-08-25,30.290001,30.370001000000002,28.860001,28.860001,27.848335,315000,0.0,1.0
2015-08-26,29.43,30.33,29.200001,30.25,29.189615000000003,168700,0.0,1.0
2015-08-27,30.620001000000002,31.0,30.35,30.99,29.903669,333000,0.0,1.0
2015-08-28,30.860001,31.139999,30.84,31.07,29.980864,63800,0.0,1.0
2015-08-31,30.950001,31.17,30.74,30.83,29.749275,395000,0.0,1.0
2015-09-01,30.219998999999998,30.41,29.68,29.82,28.774681,1274100,0.0,1.0
2015-09-02,30.280001000000002,30.549999,29.969998999999998,30.549999,29.479095,339500,0.0,1.0
2015-09-03,30.66,30.91,30.459999,30.57,29.498394,112200,0.0,1.0
2015-09-04,30.18,30.299999,30.0,30.15,29.093119,51100,0.0,1.0
2015-09-08,30.66,30.99,30.639999,30.969998999999998,29.884372999999997,673400,0.0,1.0
2015-09-09,31.26,31.32,30.530001000000002,30.549999,29.479095,88700,0.0,1.0
2015-09-10,30.559998999999998,31.08,30.559998999999998,30.879998999999998,29.797528999999997,38400,0.0,1.0
2015-09-11,30.73,31.01,30.700001,31.01,29.922971999999998,50400,0.0,1.0
2015-09-14,31.219998999999998,31.219998999999998,30.889999,30.959999,29.874722,367600,0.0,1.0
2015-09-15,31.09,31.440001000000002,31.08,31.370001000000002,30.270353000000004,468100,0.0,1.0
2015-09-16,31.4,31.540001,31.299999,31.530001000000002,30.424746999999996,88400,0.0,1.0
2015-09-17,31.43,31.790001,31.27,31.35,30.251053000000002,130500,0.0,1.0
2015-09-18,30.82,31.1,30.76,30.809998999999998,29.850908,52200,0.127,1.0
2015-09-21,30.969998999999998,31.219998999999998,30.85,31.07,30.102812,42600,0.0,1.0
2015-09-22,30.620001000000002,30.690001000000002,30.41,30.549999,29.599001,59300,0.0,1.0
2015-09-23,30.639999,30.74,30.48,30.639999,29.686199,217300,0.0,1.0
2015-09-24,30.360001,30.66,30.110001,30.59,29.637758,68300,0.0,1.0
2015-09-25,30.9,30.93,30.389999,30.540001,29.589312,64500,0.0,1.0
2015-09-28,30.379998999999998,30.440001000000002,29.790001,29.85,28.920795000000002,72100,0.0,1.0
2015-09-29,29.860001,30.049999,29.450001,29.690001000000002,28.765776000000002,52100,0.0,1.0
2015-09-30,30.02,30.290001,29.940001000000002,30.26,29.318029,78400,0.0,1.0
2015-10-01,30.309998999999998,30.309998999999998,29.92,30.299999,29.356783,125400,0.0,1.0
2015-10-02,29.92,30.77,29.84,30.77,29.812153000000002,63900,0.0,1.0
2015-10-05,30.959999,31.459999,30.959999,31.370001000000002,30.393478,99500,0.0,1.0
2015-10-06,31.34,31.5,31.26,31.43,30.451609,42100,0.0,1.0
2015-10-07,31.639999,31.690001000000002,31.219998999999998,31.610001,30.626007,57400,0.0,1.0
2015-10-08,31.559998999999998,31.82,31.379998999999998,31.77,30.781027,45400,0.0,1.0
2015-10-09,31.82,31.959999,31.74,31.92,30.926353000000002,227900,0.0,1.0
2015-10-12,31.959999,31.98,31.83,31.92,30.926353000000002,47200,0.0,1.0
2015-10-13,31.77,32.060001,31.77,31.809998999999998,30.819777000000002,65600,0.0,1.0
2015-10-14,31.790001,31.969998999999998,31.65,31.76,30.771338,741700,0.0,1.0
2015-10-15,31.93,32.16,31.9,32.16,31.15888,65300,0.0,1.0
2015-10-16,32.259997999999996,32.259997999999996,32.049999,32.240002000000004,31.236401,50300,0.0,1.0
2015-10-19,32.189999,32.369999,32.18,32.369999,31.362345,237400,0.0,1.0
2015-10-20,32.27,32.330002,32.139998999999996,32.240002000000004,31.236401,335900,0.0,1.0
2015-10-21,32.34,32.360001000000004,31.92,31.92,30.926353000000002,91100,0.0,1.0
2015-10-22,32.200001,32.740002000000004,32.16,32.689999,31.672386,51000,0.0,1.0
2015-10-23,33.470001,33.689999,33.32,33.549999,32.505619,384000,0.0,1.0
2015-10-26,33.529999,33.529999,33.310001,33.419998,32.379661999999996,235600,0.0,1.0
2015-10-27,33.290001000000004,33.419998,33.16,33.189999,32.156822,42800,0.0,1.0
2015-10-28,33.310001,33.82,33.310001,33.799999,32.747828999999996,542200,0.0,1.0
2015-10-29,33.580002,33.669998,33.490002000000004,33.619999,32.573437,84400,0.0,1.0
2015-10-30,33.790001000000004,33.790001000000004,33.470001,33.509997999999996,32.466858,89700,0.0,1.0
2015-11-02,33.639998999999996,33.810001,33.450001,33.759997999999996,32.70908,620300,0.0,1.0
2015-11-03,33.759997999999996,34.150002,33.720001,33.990002000000004,32.931915000000004,668300,0.0,1.0
2015-11-04,34.130001,34.150002,33.98,34.080002,33.019112,92800,0.0,1.0
2015-11-05,34.220001,34.240002000000004,33.900002,33.93,32.873787,48600,0.0,1.0
2015-11-06,33.919998,34.16,33.810001,34.150002,33.086940999999996,71300,0.0,1.0
2015-11-09,34.139998999999996,34.139998999999996,33.639998999999996,33.849998,32.796271999999995,517300,0.0,1.0
2015-11-10,33.639998999999996,33.639998999999996,33.43,33.560001,32.515305,1045200,0.0,1.0
2015-11-11,33.75,33.810001,33.540001000000004,33.57,32.524994,50900,0.0,1.0
2015-11-12,33.439999,33.549999,33.220001,33.23,32.195572,111200,0.0,1.0
2015-11-13,33.18,33.18,32.580002,32.59,31.5755,110800,0.0,1.0
2015-11-16,32.509997999999996,33.040001000000004,32.509997999999996,33.040001000000004,32.01149,329100,0.0,1.0
2015-11-17,33.110001000000004,33.299999,32.98,33.029999,32.001801,203100,0.0,1.0
2015-11-18,33.220001,33.59,33.189999,33.540001000000004,32.49593,103800,0.0,1.0
2015-11-19,33.57,33.880001,33.57,33.709998999999996,32.660629,499700,0.0,1.0
2015-11-20,33.889998999999996,33.990002000000004,33.849998,33.939999,32.883472,61700,0.0,1.0
2015-11-23,34.0,34.0,33.68,33.810001,32.757519,85100,0.0,1.0
2015-11-24,33.639998999999996,33.880001,33.470001,33.830002,32.776897,63500,0.0,1.0
2015-11-25,33.860001000000004,33.860001000000004,33.740002000000004,33.77,32.718773,77900,0.0,1.0
2015-11-27,33.84,33.900002,33.740002000000004,33.849998,32.796271999999995,42200,0.0,1.0
2015-11-30,33.939999,33.959998999999996,33.759997999999996,33.860001000000004,32.805962,674900,0.0,1.0
2015-12-01,34.0,34.18,33.93,34.16,33.09663,112400,0.0,1.0
2015-12-02,34.169998,34.330002,33.93,33.98,32.92223,158300,0.0,1.0
2015-12-03,34.099998,34.119999,33.34,33.5,32.457169,79700,0.0,1.0
2015-12-04,33.580002,34.299999,33.540001000000004,34.259997999999996,33.193512,67800,0.0,1.0
2015-12-07,34.259997999999996,34.259997999999996,33.880001,34.0,32.941604999999996,68000,0.0,1.0
2015-12-08,33.740002000000004,34.009997999999996,33.59,33.93,32.873787,93300,0.0,1.0
2015-12-09,33.830002,34.009997999999996,33.259997999999996,33.400002,32.360287,604200,0.0,1.0
2015-12-10,33.52,33.75,33.419998,33.540001000000004,32.49593,70500,0.0,1.0
2015-12-11,33.18,33.18,32.779999,32.830002,31.808028999999998,97000,0.0,1.0
2015-12-14,32.84,32.98,32.419998,32.970001,31.943678000000002,95600,0.0,1.0
2015-12-15,33.189999,33.380001,33.119999,33.16,32.127753999999996,113000,0.0,1.0
2015-12-16,33.389998999999996,33.619999,33.099998,33.580002,32.534679,68100,0.0,1.0
2015-12-17,33.740002000000004,33.740002000000004,33.049999,33.049999,32.021179,84000,0.0,1.0
2015-12-18,32.889998999999996,32.91,32.330002,32.349998,31.436186,89000,0.098,1.0
2015-12-21,32.57,32.709998999999996,32.349998,32.650002,31.727715000000003,236800,0.0,1.0
2015-12-22,32.740002000000004,32.900002,32.610001000000004,32.830002,31.902628000000004,331000,0.0,1.0
2015-12-23,33.0,33.150002,32.990002000000004,33.150002,32.213584999999995,68700,0.0,1.0
2015-12-24,33.130001,33.220001,33.110001000000004,33.130001,32.194145,23700,0.0,1.0
2015-12-28,33.040001000000004,33.110001000000004,32.82,33.099998,32.165001000000004,46500,0.0,1.0
2015-12-29,33.299999,33.630001,33.299999,33.540001000000004,32.592566999999995,55100,0.0,1.0
2015-12-30,33.52,33.540001000000004,33.27,33.27,32.330193,521700,0.0,1.0
2015-12-31,33.200001,33.200001,32.84,32.84,31.912342,92700,0.0,1.0
2016-01-04,32.18,32.240002000000004,31.82,32.23,31.319578000000003,557200,0.0,1.0
2016-01-05,32.419998,32.470001,32.049999,32.16,31.251551,69800,0.0,1.0
2016-01-06,31.68,31.91,31.5,31.68,30.785109999999996,106500,0.0,1.0
2016-01-07,31.049999,31.42,30.690001000000002,30.73,29.861944,147800,0.0,1.0
2016-01-08,30.93,31.01,30.389999,30.4,29.541266999999998,251300,0.0,1.0
2016-01-11,30.639999,30.719998999999998,30.18,30.59,29.725901,490500,0.0,1.0
2016-01-12,30.870001000000002,31.049999,30.559998999999998,30.98,30.104883,99000,0.0,1.0
2016-01-13,31.139999,31.18,30.0,30.059998999999998,29.210875,139500,0.0,1.0
2016-01-14,30.190001000000002,30.84,29.76,30.610001,29.745333000000002,739800,0.0,1.0
2016-01-15,29.66,29.92,29.309998999999998,29.74,28.89991,161900,0.0,1.0
2016-01-19,30.049999,30.08,29.370001000000002,29.639999,28.802736,401500,0.0,1.0
2016-01-20,29.16,29.77,28.59,29.51,28.676409000000003,234500,0.0,1.0
2016-01-21,29.65,30.01,29.26,29.59,28.754146999999996,190200,0.0,1.0
2016-01-22,30.17,30.41,30.1,30.41,29.550984999999997,119200,0.0,1.0
2016-01-25,30.360001,30.4,29.91,29.98,29.133131,339800,0.0,1.0
2016-01-26,30.1,30.34,29.870001000000002,30.27,29.414942,110300,0.0,1.0
2016-01-27,30.030001000000002,30.120001000000002,29.42,29.540001,28.705563,72300,0.0,1.0
2016-01-28,29.950001,29.959999,29.530001000000002,29.85,29.006805,103100,0.0,1.0
2016-01-29,30.110001,30.91,30.110001,30.91,30.036861,120300,0.0,1.0
2016-02-01,30.790001,31.1,30.68,30.99,30.114601,547300,0.0,1.0
2016-02-02,30.870001000000002,30.879998999999998,30.219998999999998,30.35,29.492682000000002,1247500,0.0,1.0
2016-02-03,30.530001000000002,30.530001000000002,29.790001,30.290001,29.434376,108200,0.0,1.0
2016-02-04,30.200001,30.540001,30.0,30.370001000000002,29.512114,192800,0.0,1.0
2016-02-05,30.15,30.15,29.120001000000002,29.24,28.414034,1015700,0.0,1.0
2016-02-08,28.719998999999998,28.76,28.17,28.709999,27.899003999999998,140300,0.0,1.0
2016-02-09,28.34,28.969998999999998,28.299999,28.549999,27.743523,97500,0.0,1.0
2016-02-10,28.870001000000002,29.200001,28.66,28.690001000000002,27.879571999999996,66100,0.0,1.0
2016-02-11,28.290001,28.780001000000002,28.24,28.59,27.782394,63600,0.0,1.0
2016-02-12,28.870001000000002,29.02,28.67,28.99,28.171096999999996,78100,0.0,1.0
2016-02-16,29.370001000000002,29.66,29.280001000000002,29.620001000000002,28.7833,230200,0.0,1.0
2016-02-17,29.82,30.389999,29.82,30.33,29.473247999999998,219800,0.0,1.0
2016-02-18,30.48,30.48,30.129998999999998,30.139999,29.288612,65400,0.0,1.0
2016-02-19,30.07,30.299999,29.969998999999998,30.26,29.405222,43900,0.0,1.0
2016-02-22,30.540001,30.719998999999998,30.540001,30.68,29.813356,80900,0.0,1.0
2016-02-23,30.57,30.610001,30.15,30.17,29.317766,139500,0.0,1.0
2016-02-24,29.889999,30.49,29.709999,30.459999,29.599571,73700,0.0,1.0
2016-02-25,30.57,30.84,30.26,30.84,29.968840000000004,23900,0.0,1.0
2016-02-26,31.0,31.07,30.73,30.799999,29.929965999999997,46300,0.0,1.0
2016-02-29,30.780001000000002,31.02,30.6,30.6,29.735619,62000,0.0,1.0
2016-03-01,30.889999,31.5,30.860001,31.5,30.610196999999996,162900,0.0,1.0
2016-03-02,31.49,31.610001,31.379998999999998,31.610001,30.717089,39600,0.0,1.0
2016-03-03,31.620001000000002,31.629998999999998,31.370001000000002,31.629998999999998,30.736521000000003,42900,0.0,1.0
2016-03-04,31.74,31.9,31.540001,31.719998999999998,30.82398,97200,0.0,1.0
2016-03-07,31.559998999999998,31.65,31.309998999999998,31.540001,30.649065000000004,1295400,0.0,1.0
2016-03-08,31.35,31.5,31.18,31.219998999999998,30.3381,54300,0.0,1.0
2016-03-09,31.389999,31.540001,31.32,31.530001000000002,30.639349,58900,0.0,1.0
2016-03-10,31.700001,31.790001,31.08,31.459999,30.571323,38200,0.0,1.0
2016-03-11,31.75,32.0,31.690001000000002,32.0,31.096069,54100,0.0,1.0
2016-03-14,31.91,32.110001000000004,31.73,32.049999,31.144659000000004,115600,0.0,1.0
2016-03-15,31.93,32.130001,31.860001,32.060001,31.154379,53400,0.0,1.0
2016-03-16,32.060001,32.5,32.060001,32.459998999999996,31.543083000000003,51100,0.0,1.0
2016-03-17,32.400002,32.709998999999996,32.389998999999996,32.599998,31.679122999999997,93000,0.0,1.0
2016-03-18,32.66,32.669998,32.459998999999996,32.610001000000004,31.807879999999997,87100,0.122,1.0
2016-03-21,32.57,32.73,32.5,32.709998999999996,31.905413,59800,0.0,1.0
2016-03-22,32.52,32.860001000000004,32.52,32.740002000000004,31.934679,67800,0.0,1.0
2016-03-23,32.720001,32.740002000000004,32.43,32.48,31.681074,46700,0.0,1.0
2016-03-24,32.299999,32.560001,32.279999,32.560001,31.759106,120500,0.0,1.0
2016-03-28,32.630001,32.630001,32.419998,32.450001,31.651815000000003,203800,0.0,1.0
2016-03-29,32.389998999999996,33.049999,32.389998999999996,33.009997999999996,32.198032,47100,0.0,1.0
2016-03-30,33.23,33.43,33.150002,33.25,32.432133,114300,0.0,1.0
2016-03-31,33.23,33.349998,33.150002,33.200001,32.383365999999995,49700,0.0,1.0
2016-04-01,33.040001000000004,33.470001,32.970001,33.470001,32.646721,169800,0.0,1.0
2016-04-04,33.459998999999996,33.490002000000004,33.25,33.299999,32.4809,288200,0.0,1.0
2016-04-05,33.060001,33.18,32.91,32.91,32.100497999999995,49300,0.0,1.0
2016-04-06,32.98,33.290001000000004,32.880001,33.279999,32.461391,46900,0.0,1.0
2016-04-07,33.130001,33.130001,32.73,32.799999,31.993204,71600,0.0,1.0
2016-04-08,33.040001000000004,33.16,32.740002000000004,32.82,32.012714,59200,0.0,1.0
2016-04-11,33.009997999999996,33.220001,32.75,32.759997999999996,31.954187,243700,0.0,1.0
2016-04-12,32.82,32.950001,32.540001000000004,32.919998,32.110248999999996,49600,0.0,1.0
2016-04-13,33.130001,33.459998999999996,33.130001,33.439999,32.617458,65900,0.0,1.0
2016-04-14,33.400002,33.48,33.259997999999996,33.400002,32.578445,41800,0.0,1.0
2016-04-15,33.349998,33.41,33.200001,33.23,32.412624,44400,0.0,1.0
2016-04-18,33.18,33.41,33.16,33.369999,32.549178999999995,68500,0.0,1.0
2016-04-19,33.450001,33.450001,33.0,33.18,32.363853000000006,740800,0.0,1.0
2016-04-20,33.169998,33.43,33.130001,33.259997999999996,32.441887,318600,0.0,1.0
2016-04-21,33.330002,33.369999,33.200001,33.259997999999996,32.441887,58500,0.0,1.0
2016-04-22,32.779999,32.93,32.549999,32.740002000000004,31.934679,132200,0.0,1.0
2016-04-25,32.610001000000004,32.740002000000004,32.560001,32.650002,31.846892999999998,297200,0.0,1.0
2016-04-26,32.709998999999996,32.810001,32.5,32.59,31.788365999999996,119900,0.0,1.0
2016-04-27,32.150002,32.419998,32.040001000000004,32.369999,31.573776000000002,103100,0.0,1.0
2016-04-28,32.419998,32.580002,31.860001,31.889999,31.105583000000003,63600,0.0,1.0
2016-04-29,31.790001,31.85,31.379998999999998,31.639999,30.861735999999997,99400,0.0,1.0
2016-05-02,31.700001,31.9,31.530001000000002,31.84,31.056815999999998,153500,0.0,1.0
2016-05-03,31.68,31.73,31.450001,31.57,30.793459000000002,399700,0.0,1.0
2016-05-04,31.440001000000002,31.58,31.309998999999998,31.41,30.637394,75000,0.0,1.0
2016-05-05,31.549999,31.57,31.370001000000002,31.42,30.647147999999998,67200,0.0,1.0
2016-05-06,31.41,31.65,31.26,31.65,30.871487,34700,0.0,1.0
2016-05-09,31.67,31.790001,31.620001000000002,31.620001000000002,30.842228000000002,99400,0.0,1.0
2016-05-10,31.709999,32.060001,31.709999,32.060001,31.271403999999997,107100,0.0,1.0
2016-05-11,32.009997999999996,32.189999,31.85,31.85,31.066571999999997,58500,0.0,1.0
2016-05-12,31.92,31.93,31.469998999999998,31.690001000000002,30.910509,94500,0.0,1.0
2016-05-13,31.67,31.889999,31.549999,31.6,30.822721,50700,0.0,1.0
2016-05-16,31.68,32.150002,31.68,32.02,31.232389,70000,0.0,1.0
2016-05-17,32.009997999999996,32.119999,31.610001,31.67,30.890999,47500,0.0,1.0
2016-05-18,31.66,32.060001,31.65,31.879998999999998,31.095833000000002,44400,0.0,1.0
2016-05-19,31.809998999999998,31.870001000000002,31.49,31.68,30.900751,59600,0.0,1.0
2016-05-20,31.889999,32.200001,31.889999,32.099998,31.310416999999998,38400,0.0,1.0
2016-05-23,32.110001000000004,32.259997999999996,32.080002,32.080002,31.290915000000002,60100,0.0,1.0
2016-05-24,32.240002000000004,32.82,32.240002000000004,32.799999,31.993204,109700,0.0,1.0
2016-05-25,32.98,33.099998,32.900002,33.049999,32.237057,94000,0.0,1.0
2016-05-26,33.07,33.150002,32.950001,33.09,32.276070000000004,42700,0.0,1.0
2016-05-27,33.080002,33.299999,33.080002,33.279999,32.461391,43400,0.0,1.0
2016-05-31,33.310001,33.380001,33.139998999999996,33.380001,32.558941,48700,0.0,1.0
2016-06-01,33.23,33.389998999999996,33.16,33.299999,32.4809,104200,0.0,1.0
2016-06-02,33.25,33.330002,33.09,33.299999,32.4809,34200,0.0,1.0
2016-06-03,33.279999,33.330002,33.049999,33.220001,32.402874,51500,0.0,1.0
2016-06-06,33.25,33.43,33.25,33.380001,32.558941,24800,0.0,1.0
2016-06-07,33.43,33.529999,33.400002,33.400002,32.578445,143100,0.0,1.0
2016-06-08,33.450001,33.540001000000004,33.360001000000004,33.509997999999996,32.685734000000004,48100,0.0,1.0
2016-06-09,33.400002,33.5,33.299999,33.5,32.675987,52200,0.0,1.0
2016-06-10,33.189999,33.27,33.0,33.110001000000004,32.295578000000006,39200,0.0,1.0
2016-06-13,32.919998,33.07,32.639998999999996,32.810001,32.002964,45800,0.0,1.0
2016-06-14,32.700001,32.919998,32.630001,32.810001,32.002964,36300,0.0,1.0
2016-06-15,32.880001,32.970001,32.75,32.790001000000004,31.983452000000003,41000,0.0,1.0
2016-06-16,32.610001000000004,32.869999,32.360001000000004,32.830002,32.022469,128600,0.0,1.0
2016-06-17,32.709998999999996,32.709998999999996,32.32,32.400002,31.716079999999998,48900,0.11699999999999999,1.0
2016-06-20,32.720001,32.900002,32.610001000000004,32.630001,31.941219,36100,0.0,1.0
2016-06-21,32.689999,32.869999,32.68,32.810001,32.117424,50800,0.0,1.0
2016-06-22,32.810001,32.93,32.610001000000004,32.669998,31.980372999999997,113600,0.0,1.0
2016-06-23,32.900002,33.169998,32.779999,33.16,32.460026,96000,0.0,1.0
2016-06-24,31.92,32.400002,31.639999,31.75,31.079791999999998,179500,0.0,1.0
2016-06-27,31.469998999999998,31.58,30.76,30.92,30.267313,201200,0.0,1.0
2016-06-28,31.24,31.530001000000002,31.200001,31.49,30.825283000000002,111800,0.0,1.0
2016-06-29,31.780001000000002,32.130001,31.75,32.049999,31.373459000000004,191200,0.0,1.0
2016-06-30,32.119999,32.41,32.049999,32.380001,31.696493,70000,0.0,1.0
2016-07-01,32.439999,32.610001000000004,32.439999,32.490002000000004,31.804173,47200,0.0,1.0
2016-07-05,32.299999,32.34,32.080002,32.200001,31.520297999999997,120300,0.0,1.0
2016-07-06,32.060001,32.400002,31.950001,32.389998999999996,31.706284999999998,45900,0.0,1.0
2016-07-07,32.439999,32.630001,32.369999,32.490002000000004,31.804173,212000,0.0,1.0
2016-07-08,32.73,33.099998,32.619999,33.060001,32.362148,103900,0.0,1.0
2016-07-11,33.209998999999996,33.400002,33.200001,33.290001000000004,32.587288,95700,0.0,1.0
2016-07-12,33.459998999999996,33.650002,33.459998999999996,33.650002,32.939682,194900,0.0,1.0
2016-07-13,33.700001,33.75,33.580002,33.599998,32.890739,94400,0.0,1.0
2016-07-14,33.790001000000004,33.889998999999996,33.75,33.849998,33.135459999999995,60400,0.0,1.0
2016-07-15,33.900002,33.939999,33.700001,33.790001000000004,33.076733000000004,53400,0.0,1.0
2016-07-18,33.830002,34.049999,33.830002,34.0,33.282299,65800,0.0,1.0
2016-07-19,33.970001,34.029999,33.91,33.950001,33.233356,44600,0.0,1.0
2016-07-20,34.220001,34.5,34.16,34.43,33.70322,443900,0.0,1.0
2016-07-21,34.439999,34.5,34.150002,34.220001,33.497658,48800,0.0,1.0
2016-07-22,34.25,34.43,34.09,34.43,33.70322,50200,0.0,1.0
2016-07-25,34.41,34.439999,34.290001000000004,34.389998999999996,33.664066,167700,0.0,1.0
2016-07-26,34.419998,34.630001,34.34,34.540001000000004,33.810898,50100,0.0,1.0
2016-07-27,34.939999,34.950001,34.66,34.810001,34.075203,102100,0.0,1.0
2016-07-28,34.900002,34.970001,34.75,34.91,34.173088,50300,0.0,1.0
2016-07-29,35.0,35.029999,34.84,34.950001,34.21225,75400,0.0,1.0
2016-08-01,34.950001,35.139998999999996,34.91,35.07,34.329708000000004,86900,0.0,1.0
2016-08-02,35.029999,35.09,34.599998,34.73,33.996895,119800,0.0,1.0
2016-08-03,34.68,34.880001,34.68,34.880001,34.143719,38200,0.0,1.0
2016-08-04,34.93,35.139998999999996,34.82,35.09,34.349292999999996,102200,0.0,1.0
2016-08-05,35.240002000000004,35.509997999999996,35.200001,35.490002000000004,34.740849,124500,0.0,1.0
2016-08-08,35.549999,35.599998,35.400002,35.529999,34.780003,54600,0.0,1.0
2016-08-09,35.529999,35.669998,35.470001,35.560001,34.809368,169300,0.0,1.0
2016-08-10,35.57,35.580002,35.389998999999996,35.459998999999996,34.711479,121200,0.0,1.0
2016-08-11,35.59,35.66,35.52,35.59,34.83873,75400,0.0,1.0
2016-08-12,35.52,35.580002,35.48,35.57,34.819153,73800,0.0,1.0
2016-08-15,35.619999,35.849998,35.619999,35.77,35.014934999999994,97200,0.0,1.0
2016-08-16,35.700001,35.700001,35.580002,35.580002,34.828945000000004,190500,0.0,1.0
2016-08-17,35.599998,35.639998999999996,35.34,35.52,34.770214,69700,0.0,1.0
2016-08-18,35.529999,35.610001000000004,35.470001,35.599998,34.848518,45600,0.0,1.0
2016-08-19,35.560001,35.700001,35.459998999999996,35.669998,34.917049,64500,0.0,1.0
2016-08-22,35.630001,35.709998999999996,35.509997999999996,35.66,34.907257,178100,0.0,1.0
2016-08-23,35.790001000000004,35.91,35.790001000000004,35.830002,35.073669,67400,0.0,1.0
2016-08-24,35.799999,35.82,35.57,35.639998999999996,34.887679999999996,47200,0.0,1.0
2016-08-25,35.560001,35.73,35.5,35.700001,34.946419,50400,0.0,1.0
2016-08-26,35.73,35.970001,35.57,35.740002000000004,34.985569,84200,0.0,1.0
2016-08-29,35.77,35.939999,35.75,35.830002,35.073669,72100,0.0,1.0
2016-08-30,35.790001000000004,35.880001,35.669998,35.77,35.014934999999994,39800,0.0,1.0
2016-08-31,35.740002000000004,35.759997999999996,35.59,35.709998999999996,34.9562,72800,0.0,1.0
2016-09-01,35.689999,35.860001000000004,35.59,35.849998,35.093239000000004,89200,0.0,1.0
2016-09-02,36.0,36.099998,35.869999,36.029999,35.269444,70100,0.0,1.0
2016-09-06,36.07,36.169998,35.990002000000004,36.169998,35.406490000000005,87600,0.0,1.0
2016-09-07,36.18,36.279999,36.099998,36.25,35.484806,121200,0.0,1.0
2016-09-08,36.139998999999996,36.139998999999996,35.880001,35.959998999999996,35.20092,84600,0.0,1.0
2016-09-09,35.709998999999996,35.759997999999996,35.119999,35.119999,34.378654,128900,0.0,1.0
2016-09-12,34.950001,35.68,34.759997999999996,35.669998,34.917049,138500,0.0,1.0
2016-09-13,35.509997999999996,35.639998999999996,35.290001000000004,35.400002,34.652747999999995,85000,0.0,1.0
2016-09-14,35.43,35.779999,35.43,35.599998,34.848518,77700,0.0,1.0
2016-09-15,35.66,36.240002000000004,35.610001000000004,36.169998,35.406490000000005,87000,0.0,1.0
2016-09-16,36.110001000000004,36.110001000000004,35.799999,35.950001,35.296528,82100,0.10800000000000001,1.0
2016-09-19,36.07,36.279999,35.869999,35.900002,35.247437,139900,0.0,1.0
2016-09-20,36.049999,36.080002,35.869999,35.950001,35.296528,76800,0.0,1.0
2016-09-21,36.07,36.330002,35.919998,36.290001000000004,35.630340999999994,93100,0.0,1.0
2016-09-22,36.509997999999996,36.59,36.48,36.560001,35.895439,156600,0.0,1.0
2016-09-23,36.5,36.5,36.18,36.240002000000004,35.581257,75100,0.0,1.0
2016-09-26,36.049999,36.119999,35.91,36.02,35.365253,86600,0.0,1.0
2016-09-27,36.0,36.41,36.0,36.400002,35.738346,71900,0.0,1.0
2016-09-28,36.459998999999996,36.549999,36.310001,36.529999,35.865990000000004,99700,0.0,1.0
2016-09-29,36.52,36.560001,36.200001,36.299999,35.640163,300000,0.0,1.0
2016-09-30,36.389998999999996,36.619999,36.330002,36.549999,35.885616,106500,0.0,1.0
2016-10-03,36.490002000000004,36.509997999999996,36.32,36.419998,35.757979999999996,268400,0.0,1.0
2016-10-04,36.509997999999996,36.599998,36.220001,36.349998,35.689251,89100,0.0,1.0
2016-10-05,36.419998,36.619999,36.369999,36.529999,35.865990000000004,191000,0.0,1.0
2016-10-06,36.529999,36.599998,36.360001000000004,36.580002,35.915081,205700,0.0,1.0
2016-10-07,36.599998,36.66,36.27,36.459998999999996,35.797253000000005,67900,0.0,1.0
2016-10-10,36.669998,36.82,36.669998,36.700001,36.032894,106600,0.0,1.0
2016-10-11,36.700001,36.700001,36.049999,36.200001,35.541981,280200,0.0,1.0
2016-10-12,36.23,36.32,36.02,36.23,35.571438,84200,0.0,1.0
2016-10-13,36.0,36.080002,35.66,35.990002000000004,35.335796,186600,0.0,1.0
2016-10-14,36.139998999999996,36.349998,36.049999,36.099998,35.443798,127700,0.0,1.0
2016-10-17,36.110001000000004,36.169998,35.990002000000004,36.02,35.365253,57800,0.0,1.0
2016-10-18,36.299999,36.380001,36.18,36.220001,35.561619,86600,0.0,1.0
2016-10-19,36.220001,36.330002,36.18,36.279999,35.620529,212600,0.0,1.0
2016-10-20,36.25,36.25,36.02,36.220001,35.561619,116600,0.0,1.0
2016-10-21,36.310001,36.380001,36.16,36.369999,35.708889,85500,0.0,1.0
2016-10-24,36.560001,36.830002,36.560001,36.82,36.150715000000005,107300,0.0,1.0
2016-10-25,36.830002,36.830002,36.580002,36.669998,36.003440999999995,133500,0.0,1.0
2016-10-26,36.450001,36.66,36.360001000000004,36.459998999999996,35.797253000000005,102600,0.0,1.0
2016-10-27,36.619999,36.669998,36.27,36.290001000000004,35.630340999999994,76600,0.0,1.0
2016-10-28,36.360001000000004,36.66,36.220001,36.299999,35.640163,155100,0.0,1.0
2016-10-31,36.470001,36.470001,36.290001000000004,36.290001000000004,35.630340999999994,172700,0.0,1.0
2016-11-01,36.34,36.349998,35.75,36.0,35.345619,183400,0.0,1.0
2016-11-02,35.98,36.07,35.650002,35.75,35.100163,86600,0.0,1.0
2016-11-03,35.639998999999996,35.740002000000004,35.41,35.48,34.835072,95000,0.0,1.0
2016-11-04,35.360001000000004,35.689999,35.279999,35.349998,34.707432,126100,0.0,1.0
2016-11-07,35.880001,36.18,35.869999,36.18,35.522339,119400,0.0,1.0
2016-11-08,36.130001,36.5,36.029999,36.310001,35.649982,113100,0.0,1.0
2016-11-09,35.610001000000004,36.380001,35.5,36.279999,35.620529,191400,0.0,1.0
2016-11-10,36.5,36.59,35.32,35.77,35.119797,270600,0.0,1.0
2016-11-11,35.709998999999996,36.060001,35.580002,36.049999,35.394707000000004,119400,0.0,1.0
2016-11-14,36.099998,36.099998,35.330002,35.5,34.85471,706800,0.0,1.0
2016-11-15,35.740002000000004,36.139998999999996,35.740002000000004,36.0,35.345619,277700,0.0,1.0
2016-11-16,35.869999,36.330002,35.869999,36.27,35.610706,192900,0.0,1.0
2016-11-17,36.41,36.59,36.299999,36.59,35.924896000000004,298600,0.0,1.0
2016-11-18,36.610001000000004,36.740002000000004,36.48,36.540001000000004,35.875801,189600,0.0,1.0
2016-11-21,36.75,36.900002,36.59,36.860001000000004,36.189991,350900,0.0,1.0
2016-11-22,37.09,37.09,36.830002,36.900002,36.229267,231000,0.0,1.0
2016-11-23,36.860001000000004,36.860001000000004,36.639998999999996,36.779999,36.111439000000004,195200,0.0,1.0
2016-11-25,36.849998,36.91,36.779999,36.91,36.239075,250200,0.0,1.0
2016-11-28,36.900002,37.060001,36.830002,36.860001000000004,36.189991,213400,0.0,1.0
2016-11-29,36.869999,37.080002,36.77,36.91,36.239075,271000,0.0,1.0
2016-11-30,36.98,36.990002000000004,36.48,36.509997999999996,35.846344,225000,0.0,1.0
2016-12-01,36.509997999999996,36.52,35.5,35.619999,34.972519,228900,0.0,1.0
2016-12-02,35.52,35.849998,35.459998999999996,35.77,35.119797,261900,0.0,1.0
2016-12-05,35.970001,36.259997999999996,35.860001000000004,36.139998999999996,35.483074,100200,0.0,1.0
2016-12-06,36.259997999999996,36.32,36.09,36.259997999999996,35.600887,86800,0.0,1.0
2016-12-07,36.240002000000004,36.959998999999996,36.240002000000004,36.900002,36.229267,144800,0.0,1.0
2016-12-08,36.970001,37.23,36.900002,37.099998,36.425621,121800,0.0,1.0
2016-12-09,37.25,37.32,37.18,37.299999,36.621986,115800,0.0,1.0
2016-12-12,37.189999,37.23,36.970001,37.130001,36.455073999999996,113800,0.0,1.0
2016-12-13,37.27,37.77,37.240002000000004,37.57,36.887077000000005,163100,0.0,1.0
2016-12-14,37.619999,37.720001,37.380001,37.450001,36.769259999999996,157600,0.0,1.0
2016-12-15,37.580002,37.810001,37.5,37.599998,36.916534000000006,175800,0.0,1.0
2016-12-16,37.59,37.59,37.16,37.240002000000004,36.674274,135500,0.114,1.0
2016-12-19,37.290001000000004,37.59,37.220001,37.43,36.861382,115400,0.0,1.0
2016-12-20,37.560001,37.630001,37.450001,37.529999,36.959862,152800,0.0,1.0
2016-12-21,37.57,37.57,37.400002,37.5,36.930325,107700,0.0,1.0
2016-12-22,37.529999,37.529999,37.209998999999996,37.310001,36.74321,105400,0.0,1.0
2016-12-23,37.279999,37.389998999999996,37.220001,37.380001,36.812141,86800,0.0,1.0
2016-12-27,37.450001,37.709998999999996,37.450001,37.549999,36.979561,149800,0.0,1.0
2016-12-28,37.639998999999996,37.639998999999996,37.150002,37.189999,36.626979999999996,114900,0.002,1.0
2016-12-29,37.139998999999996,37.259997999999996,37.060001,37.200001,36.636833,114200,0.0,1.0
2016-12-30,37.209998999999996,37.240002000000004,36.77,36.91,36.351223,141600,0.0,1.0
2017-01-03,37.099998,37.330002,36.900002,37.16,36.597435,626200,0.0,1.0
2017-01-04,37.220001,37.41,37.220001,37.380001,36.814106,126800,0.0,1.0
2017-01-05,37.349998,37.529999,37.279999,37.41,36.843651,154500,0.0,1.0
2017-01-06,37.549999,37.810001,37.349998,37.709998999999996,37.139114,244500,0.0,1.0
2017-01-09,37.779999,37.91,37.779999,37.810001,37.237598,148000,0.0,1.0
2017-01-10,37.84,37.959998999999996,37.73,37.810001,37.237598,249100,0.0,1.0
2017-01-11,37.830002,38.040001000000004,37.77,38.02,37.444416,165900,0.0,1.0
2017-01-12,37.93,37.950001,37.509997999999996,37.939999,37.365623,126300,0.0,1.0
2017-01-13,37.98,38.130001,37.98,38.060001,37.483814,175500,0.0,1.0
2017-01-17,38.009997999999996,38.009997999999996,37.759997999999996,37.860001000000004,37.286842,154700,0.0,1.0
2017-01-18,37.970001,38.02,37.849998,38.009997999999996,37.434566,115700,0.0,1.0
2017-01-19,37.990002000000004,38.119999,37.860001000000004,37.93,37.355782,86500,0.0,1.0
2017-01-20,38.080002,38.18,38.0,38.080002,37.50351,110800,0.0,1.0
2017-01-23,38.060001,38.16,37.889998999999996,38.119999,37.5429,116500,0.0,1.0
2017-01-24,38.200001,38.599998,38.169998,38.540001000000004,37.956547,189100,0.0,1.0
2017-01-25,38.82,38.959998999999996,38.77,38.939999,38.350487,292500,0.0,1.0
2017-01-26,39.0,39.049999,38.73,38.860001000000004,38.271698,186800,0.0,1.0
2017-01-27,38.98,39.029999,38.880001,38.939999,38.350487,219600,0.0,1.0
2017-01-30,38.849998,38.849998,38.400002,38.66,38.074729999999995,292800,0.0,1.0
2017-01-31,38.490002000000004,38.529999,38.25,38.450001,37.867908,171600,0.0,1.0
2017-02-01,38.830002,38.900002,38.52,38.740002000000004,38.153519,333200,0.0,1.0
2017-02-02,38.68,38.849998,38.540001000000004,38.75,38.163371999999995,362300,0.0,1.0
2017-02-03,38.990002000000004,39.099998,38.91,39.080002,38.488365,343900,0.0,1.0
2017-02-06,39.02,39.110001000000004,38.93,39.09,38.498219,178700,0.0,1.0
2017-02-07,39.200001,39.349998,39.150002,39.259997999999996,38.665642,211900,0.0,1.0
2017-02-08,39.279999,39.389998999999996,39.119999,39.32,38.724734999999995,364800,0.0,1.0
2017-02-09,39.389998999999996,39.59,39.330002,39.509997999999996,38.911861,196400,0.0,1.0
2017-02-10,39.639998999999996,39.68,39.459998999999996,39.599998,39.0005,237100,0.0,1.0
2017-02-13,39.740002000000004,39.889998999999996,39.73,39.810001,39.207316999999996,231500,0.0,1.0
2017-02-14,39.84,39.970001,39.700001,39.970001,39.364895000000004,294400,0.0,1.0
2017-02-15,39.990002000000004,40.169998,39.91,40.130001,39.522476,326400,0.0,1.0
2017-02-16,40.200001,40.299999,40.09,40.189999,39.581565999999995,207900,0.0,1.0
2017-02-17,40.139998999999996,40.32,40.07,40.32,39.709599,174500,0.0,1.0
2017-02-21,40.450001,40.549999,40.369999,40.540001000000004,39.926272999999995,536700,0.0,1.0
2017-02-22,40.509997999999996,40.599998,40.41,40.599998,39.985355,167300,0.0,1.0
2017-02-23,40.68,40.68,40.299999,40.5,39.886875,207100,0.0,1.0
2017-02-24,40.439999,40.57,40.150002,40.57,39.955814000000004,213000,0.0,1.0
2017-02-27,40.57,40.599998,40.450001,40.580002,39.965668,224900,0.0,1.0
2017-02-28,40.619999,40.619999,40.299999,40.360001000000004,39.748993,771100,0.0,1.0
2017-03-01,40.630001,40.970001,40.540001000000004,40.919998,40.300509999999996,465500,0.0,1.0
2017-03-02,40.919998,40.93,40.599998,40.630001,40.014908,388700,0.0,1.0
2017-03-03,40.630001,40.68,40.5,40.68,40.064147999999996,163000,0.0,1.0
2017-03-06,40.549999,40.66,40.43,40.599998,39.985355,160700,0.0,1.0
2017-03-07,40.610001000000004,40.779999,40.560001,40.639998999999996,40.024753999999994,194800,0.0,1.0
2017-03-08,40.68,40.810001,40.630001,40.66,40.044449,127900,0.0,1.0
2017-03-09,40.66,40.720001,40.450001,40.669998,40.054302,167400,0.0,1.0
2017-03-10,40.869999,40.93,40.68,40.84,40.221722,253800,0.0,1.0
2017-03-13,40.869999,40.950001,40.849998,40.93,40.310359999999996,156300,0.0,1.0
2017-03-14,40.900002,40.900002,40.650002,40.799999,40.182331,203100,0.0,1.0
2017-03-15,40.900002,41.150002,40.759997999999996,41.060001,40.438396000000004,139000,0.0,1.0
2017-03-16,41.27,41.279999,41.099998,41.189999,40.566425,153600,0.0,1.0
2017-03-17,41.290001000000004,41.299999,41.080002,41.119999,40.597034,216000,0.10099999999999999,1.0
2017-03-20,41.130001,41.25,41.040001000000004,41.119999,40.597034,146900,0.0,1.0
2017-03-21,41.310001,41.349998,40.43,40.450001,39.935558,294500,0.0,1.0
2017-03-22,40.450001,40.810001,40.43,40.790001000000004,40.271229,258100,0.0,1.0
2017-03-23,40.700001,40.830002,40.59,40.68,40.162636,107400,0.0,1.0
2017-03-24,40.849998,40.98,40.540001000000004,40.720001,40.202121999999996,158700,0.0,1.0
2017-03-27,40.459998999999996,40.82,40.259997999999996,40.75,40.231743,172000,0.0,1.0
2017-03-28,40.709998999999996,41.139998999999996,40.650002,41.029999,40.508179,156900,0.0,1.0
2017-03-29,41.02,41.150002,40.93,41.130001,40.606907,121300,0.0,1.0
2017-03-30,41.16,41.25,41.080002,41.18,40.656273,163100,0.0,1.0
2017-03-31,41.139998999999996,41.27,41.080002,41.150002,40.626656,178700,0.0,1.0
2017-04-03,41.18,41.25,40.790001000000004,41.040001000000004,40.518051,1045400,0.0,1.0
2017-04-04,40.91,41.060001,40.880001,41.0,40.478558,110100,0.0,1.0
2017-04-05,41.119999,41.349998,40.84,40.869999,40.350208,238700,0.0,1.0
2017-04-06,40.900002,40.98,40.73,40.889998999999996,40.369957,154800,0.0,1.0
2017-04-07,40.880001,40.959998999999996,40.709998999999996,40.880001,40.360085,103100,0.0,1.0
2017-04-10,40.91,41.009997999999996,40.720001,40.779999,40.261359999999996,210900,0.0,1.0
2017-04-11,40.759997999999996,40.759997999999996,40.330002,40.66,40.142883000000005,280000,0.0,1.0
2017-04-12,40.689999,40.689999,40.400002,40.459998999999996,39.945423,155300,0.0,1.0
2017-04-13,40.439999,40.689999,40.299999,40.299999,39.787459999999996,169500,0.0,1.0
2017-04-17,40.41,40.709998999999996,40.41,40.669998,40.152756,105000,0.0,1.0
2017-04-18,40.59,40.77,40.59,40.709998999999996,40.192249,94800,0.0,1.0
2017-04-19,40.82,40.919998,40.639998999999996,40.68,40.162636,153900,0.0,1.0
2017-04-20,40.869999,41.18,40.779999,41.110001000000004,40.587162,117600,0.0,1.0
2017-04-21,41.16,41.16,41.0,41.09,40.567413,121500,0.0,1.0
2017-04-24,41.540001000000004,41.650002,41.470001,41.639998999999996,41.11042,173500,0.0,1.0
2017-04-25,41.810001,41.959998999999996,41.75,41.900002,41.367115000000005,244600,0.0,1.0
2017-04-26,41.889998999999996,41.939999,41.75,41.790001000000004,41.258514,183900,0.0,1.0
2017-04-27,41.950001,42.07,41.880001,42.07,41.53495,184400,0.0,1.0
2017-04-28,42.240002000000004,42.240002000000004,42.009997999999996,42.080002,41.544823,401900,0.0,1.0
2017-05-01,42.27,42.529999,42.189999,42.490002000000004,41.949612,298400,0.0,1.0
2017-05-02,42.619999,42.630001,42.41,42.560001,42.018723,465000,0.0,1.0
2017-05-03,42.490002000000004,42.52,42.299999,42.5,41.959488,176700,0.0,1.0
2017-05-04,42.549999,42.610001000000004,42.419998,42.540001000000004,41.998974,140900,0.0,1.0
2017-05-05,42.650002,42.75,42.509997999999996,42.75,42.206303000000005,120800,0.0,1.0
2017-05-08,42.77,42.919998,42.700001,42.91,42.364269,207100,0.0,1.0
2017-05-09,42.98,43.099998,42.900002,42.990002000000004,42.443253000000006,214300,0.0,1.0
2017-05-10,43.060001,43.18,42.950001,43.150002,42.601219,173800,0.0,1.0
2017-05-11,43.040001000000004,43.119999,42.84,43.09,42.541977,152500,0.0,1.0
2017-05-12,43.139998999999996,43.23,43.07,43.189999,42.640701,156100,0.0,1.0
2017-05-15,43.299999,43.509997999999996,43.259997999999996,43.509997999999996,42.956638,198600,0.0,1.0
2017-05-16,43.639998999999996,43.75,43.450001,43.75,43.193581,233200,0.0,1.0
2017-05-17,43.400002,43.419998,42.450001,42.450001,41.910126,460700,0.0,1.0
2017-05-18,42.34,42.830002,42.25,42.720001,42.176685,247300,0.0,1.0
2017-05-19,42.91,43.099998,42.91,42.950001,42.403763,228300,0.0,1.0
2017-05-22,43.09,43.400002,43.09,43.380001,42.828293,180700,0.0,1.0
2017-05-23,43.549999,43.560001,43.299999,43.419998,42.867783,206200,0.0,1.0
2017-05-24,43.560001,43.66,43.459998999999996,43.639998999999996,43.084984000000006,120000,0.0,1.0
2017-05-25,43.82,44.080002,43.720001,43.990002000000004,43.430534,241700,0.0,1.0
2017-05-26,43.990002000000004,44.009997999999996,43.849998,44.0,43.440403,227500,0.0,1.0
2017-05-30,43.98,44.130001,43.91,44.099998,43.539131,198900,0.0,1.0
2017-05-31,44.25,44.299999,43.82,44.0,43.440403,276700,0.0,1.0
2017-06-01,44.119999,44.18,43.869999,44.18,43.618118,194600,0.0,1.0
2017-06-02,44.34,44.630001,44.200001,44.59,44.022903,172800,0.0,1.0
2017-06-05,44.59,44.779999,44.560001,44.610001000000004,44.042645,313700,0.0,1.0
2017-06-06,44.580002,44.779999,44.509997999999996,44.580002,44.013027,213300,0.0,1.0
2017-06-07,44.700001,44.759997999999996,44.490002000000004,44.669998,44.101883,150900,0.0,1.0
2017-06-08,44.779999,44.880001,44.560001,44.82,44.249981,158400,0.0,1.0
2017-06-09,44.939999,45.0,42.959998999999996,43.610001000000004,43.055367,602900,0.0,1.0
2017-06-12,43.139998999999996,43.369999,42.459998999999996,43.259997999999996,42.709816,796500,0.0,1.0
2017-06-13,43.509997999999996,43.779999,43.299999,43.66,43.104729,399600,0.0,1.0
2017-06-14,43.82,43.82,43.029999,43.369999,42.81842,152100,0.0,1.0
2017-06-15,42.91,43.25,42.66,43.200001,42.650578,186500,0.0,1.0
2017-06-16,43.02,43.099998,42.799999,42.98,42.553554999999996,132800,0.122,1.0
2017-06-19,43.349998,43.709998999999996,43.240002000000004,43.700001,43.266411,203200,0.0,1.0
2017-06-20,43.700001,43.709998999999996,43.310001,43.310001,42.88028,116300,0.0,1.0
2017-06-21,43.470001,43.630001,43.400002,43.630001,43.197105,140100,0.0,1.0
2017-06-22,43.799999,43.810001,43.5,43.689999,43.256508000000004,99400,0.0,1.0
2017-06-23,43.669998,44.119999,43.580002,44.029999,43.593132000000004,147100,0.0,1.0
2017-06-26,44.25,44.360001000000004,43.700001,43.75,43.315909999999995,252600,0.0,1.0
2017-06-27,43.540001000000004,43.630001,43.009997999999996,43.02,42.593154999999996,177100,0.0,1.0
2017-06-28,43.150002,43.630001,42.900002,43.57,43.137699,113400,0.0,1.0
2017-06-29,43.400002,43.400002,42.400002,42.810001,42.385242,268100,0.0,1.0
2017-06-30,42.959998999999996,43.02,42.709998999999996,42.720001,42.296135,292000,0.0,1.0
2017-07-03,42.950001,42.970001,42.34,42.400002,41.979313,177900,0.0,1.0
2017-07-05,42.509997999999996,42.900002,42.439999,42.830002,42.405045,341500,0.0,1.0
2017-07-06,42.529999,42.66,42.32,42.450001,42.028816,203700,0.0,1.0
2017-07-07,42.560001,43.119999,42.560001,42.990002000000004,42.563454,156700,0.0,1.0
2017-07-10,43.040001000000004,43.419998,42.950001,43.32,42.890178999999996,180700,0.0,1.0
2017-07-11,43.290001000000004,43.529999,43.119999,43.509997999999996,43.078293,117500,0.0,1.0
2017-07-12,43.849998,44.099998,43.75,44.09,43.652538,282100,0.0,1.0
2017-07-13,44.16,44.310001,44.049999,44.189999,43.751549,124000,0.0,1.0
2017-07-14,44.32,44.599998,44.27,44.52,44.07827,133000,0.0,1.0
2017-07-17,44.610001000000004,44.68,44.470001,44.560001,44.117874,212500,0.0,1.0
2017-07-18,44.509997999999996,44.77,44.349998,44.77,44.325794,130500,0.0,1.0
2017-07-19,44.869999,45.099998,44.810001,45.060001,44.612915,208800,0.0,1.0
2017-07-20,45.169998,45.169998,44.849998,45.09,44.642616,173300,0.0,1.0
2017-07-21,44.93,45.040001000000004,44.849998,44.98,44.533707,97000,0.0,1.0
2017-07-24,45.040001000000004,45.220001,44.93,45.169998,44.721821000000006,180900,0.0,1.0
2017-07-25,45.080002,45.200001,44.900002,45.139998999999996,44.692116,193000,0.0,1.0
2017-07-26,45.27,45.5,45.07,45.200001,44.751526,106000,0.0,1.0
2017-07-27,45.470001,45.470001,44.25,44.810001,44.365395,342200,0.0,1.0
2017-07-28,44.549999,44.830002,44.509997999999996,44.720001,44.276291,132100,0.0,1.0
2017-07-31,44.84,44.880001,44.439999,44.490002000000004,44.048569,271800,0.0,1.0
2017-08-01,44.66,44.75,44.560001,44.709998999999996,44.266384,105800,0.0,1.0
2017-08-02,45.189999,45.189999,44.470001,44.82,44.375298,168900,0.0,1.0
2017-08-03,44.82,44.849998,44.59,44.689999,44.246582000000004,111400,0.0,1.0
2017-08-04,44.790001000000004,44.900002,44.650002,44.75,44.305991999999996,98200,0.0,1.0
2017-08-07,44.849998,45.029999,44.790001000000004,44.900002,44.454502000000005,154100,0.0,1.0
2017-08-08,44.950001,45.330002,44.84,44.98,44.533707,184700,0.0,1.0
2017-08-09,44.669998,44.939999,44.599998,44.939999,44.494102000000005,172300,0.0,1.0
2017-08-10,44.689999,44.740002000000004,43.93,43.970001,43.53373,283200,0.0,1.0
2017-08-11,44.009997999999996,44.41,43.98,44.310001,43.870360999999995,178700,0.0,1.0
2017-08-14,44.740002000000004,45.07,44.700001,45.0,44.553505,138100,0.0,1.0
2017-08-15,45.139998999999996,45.189999,44.98,45.119999,44.672314,167900,0.0,1.0
2017-08-16,45.23,45.450001,45.119999,45.279999,44.830729999999996,126000,0.0,1.0
2017-08-17,45.119999,45.18,44.380001,44.380001,43.939659000000006,210900,0.0,1.0
2017-08-18,44.400002,44.639998999999996,44.18,44.360001000000004,43.919861,225000,0.0,1.0
2017-08-21,44.349998,44.400002,44.02,44.34,43.900059000000006,111300,0.0,1.0
2017-08-22,44.549999,45.0,44.549999,44.98,44.533707,159700,0.0,1.0
2017-08-23,44.740002000000004,44.959998999999996,44.700001,44.860001000000004,44.414902000000005,81800,0.0,1.0
2017-08-24,45.009997999999996,45.040001000000004,44.669998,44.880001,44.4347,77800,0.0,1.0
2017-08-25,45.029999,45.150002,44.779999,44.84,44.3951,114600,0.0,1.0
2017-08-28,44.939999,45.009997999999996,44.779999,44.950001,44.504002,76500,0.0,1.0
2017-08-29,44.59,45.209998999999996,44.5,45.16,44.711921999999994,97900,0.0,1.0
2017-08-30,45.200001,45.580002,45.130001,45.52,45.068348,118100,0.0,1.0
2017-08-31,45.66,45.950001,45.639998999999996,45.860001000000004,45.404976,253900,0.0,1.0
2017-09-01,46.009997999999996,46.040001000000004,45.799999,45.880001,45.424778,158000,0.0,1.0
2017-09-05,45.740002000000004,45.830002,45.150002,45.490002000000004,45.038651,249500,0.0,1.0
2017-09-06,45.639998999999996,45.639998999999996,45.290001000000004,45.540001000000004,45.08815,146600,0.0,1.0
2017-09-07,45.650002,45.810001,45.52,45.77,45.315868,105300,0.0,1.0
2017-09-08,45.720001,45.720001,45.349998,45.380001,44.929741,213500,0.0,1.0
2017-09-11,45.759997999999996,46.09,45.740002000000004,46.07,45.612891999999995,114700,0.0,1.0
2017-09-12,46.220001,46.240002000000004,45.950001,46.139998999999996,45.682194,202900,0.0,1.0
2017-09-13,46.09,46.09,45.919998,46.09,45.632694,135500,0.0,1.0
2017-09-14,45.919998,46.119999,45.779999,45.950001,45.494083,118600,0.0,1.0
2017-09-15,45.82,46.02,45.689999,45.950001,45.616192,136700,0.12300000000000001,1.0
2017-09-18,46.02,46.200001,45.880001,46.009997999999996,45.675755,164700,0.0,1.0
2017-09-19,46.110001000000004,46.240002000000004,45.970001,46.150002,45.814739,217400,0.0,1.0
2017-09-20,46.169998,46.169998,45.599998,45.93,45.596340000000005,161000,0.0,1.0
2017-09-21,45.93,45.93,45.509997999999996,45.689999,45.358078000000006,85700,0.0,1.0
2017-09-22,45.540001000000004,45.75,45.490002000000004,45.740002000000004,45.407719,108200,0.0,1.0
2017-09-25,45.580002,45.580002,44.869999,45.09,44.762440000000005,228200,0.0,1.0
2017-09-26,45.330002,45.450001,45.110001000000004,45.25,44.921276,125100,0.0,1.0
2017-09-27,45.48,45.93,45.48,45.75,45.417645,123600,0.0,1.0
2017-09-28,45.709998999999996,45.860001000000004,45.610001000000004,45.860001000000004,45.526848,90700,0.0,1.0
2017-09-29,45.93,46.18,45.889998999999996,46.16,45.824665,249500,0.0,1.0
2017-10-02,46.25,46.400002,46.029999,46.279999,45.943794,198200,0.0,1.0
2017-10-03,46.330002,46.41,46.279999,46.400002,46.062927,150500,0.0,1.0
2017-10-04,46.32,46.419998,46.189999,46.369999,46.033138,107200,0.0,1.0
2017-10-05,46.560001,46.82,46.459998999999996,46.810001,46.469944,154300,0.0,1.0
2017-10-06,46.709998999999996,46.950001,46.639998999999996,46.919998,46.579144,164600,0.0,1.0
2017-10-09,47.040001000000004,47.16,46.98,47.060001,46.718128,171100,0.0,1.0
2017-10-10,47.200001,47.240002000000004,46.860001000000004,47.049999,46.708202,166600,0.0,1.0
2017-10-11,47.049999,47.279999,47.02,47.279999,46.936527000000005,120300,0.0,1.0
2017-10-12,47.240002000000004,47.459998999999996,47.200001,47.299999,46.956383,219200,0.0,1.0
2017-10-13,47.509997999999996,47.610001000000004,47.48,47.529999,47.184711,150600,0.0,1.0
2017-10-16,47.68,47.68,47.490002000000004,47.650002,47.303844,177800,0.0,1.0
2017-10-17,47.68,47.68,47.509997999999996,47.630001,47.283989,166100,0.0,1.0
2017-10-18,47.790001000000004,47.880001,47.619999,47.790001000000004,47.442828999999996,182800,0.0,1.0
2017-10-19,47.540001000000004,47.630001,47.23,47.630001,47.283989,204600,0.0,1.0
2017-10-20,47.91,48.040001000000004,47.849998,47.939999,47.591732,150900,0.0,1.0
2017-10-23,48.099998,48.099998,47.720001,47.77,47.422973999999996,213500,0.0,1.0
2017-10-24,47.84,47.990002000000004,47.720001,47.939999,47.591732,166700,0.0,1.0
2017-10-25,47.880001,48.029999,47.41,47.759997999999996,47.413044,178400,0.0,1.0
2017-10-26,48.009997999999996,48.110001000000004,47.880001,47.959998999999996,47.611588,130600,0.0,1.0
2017-10-27,48.77,49.310001,48.68,49.189999,48.832648999999996,321100,0.0,1.0
2017-10-30,48.77,49.470001,48.77,49.34,48.981564,280800,0.0,1.0
2017-10-31,49.509997999999996,49.68,49.330002,49.59,49.229748,411200,0.0,1.0
2017-11-01,49.799999,49.82,49.27,49.52,49.160259,375000,0.0,1.0
2017-11-02,49.5,49.599998,49.18,49.57,49.209896,218600,0.0,1.0
2017-11-03,49.869999,49.990002000000004,49.52,49.98,49.616913000000004,240200,0.0,1.0
2017-11-06,50.040001000000004,50.200001,49.990002000000004,50.189999,49.825390000000006,260800,0.0,1.0
2017-11-07,50.25,50.25,49.970001,50.169998,49.805534,232500,0.0,1.0
2017-11-08,50.18,50.459998999999996,50.029999,50.419998,50.053715000000004,166300,0.0,1.0
2017-11-09,50.080002,50.099998,49.490002000000004,50.0,49.636768,316100,0.0,1.0
2017-11-10,49.959998999999996,50.07,49.82,50.040001000000004,49.676483000000005,212900,0.0,1.0
2017-11-13,49.869999,50.049999,49.799999,50.02,49.656628000000005,157500,0.0,1.0
2017-11-14,49.91,50.0,49.66,49.919998,49.55735,194200,0.0,1.0
2017-11-15,49.689999,49.740002000000004,49.349998,49.540001000000004,49.180111,272300,0.0,1.0
2017-11-16,49.860001000000004,50.330002,49.84,50.220001,49.855171,186900,0.0,1.0
2017-11-17,50.200001,50.200001,49.939999,49.98,49.616913000000004,151400,0.0,1.0
2017-11-20,50.099998,50.209998999999996,50.0,50.18,49.815464,191200,0.0,1.0
2017-11-21,50.43,50.790001000000004,50.330002,50.779999,50.411106,250100,0.0,1.0
2017-11-22,50.82,50.82,50.599998,50.66,50.291977,190600,0.0,1.0
2017-11-24,50.709998999999996,50.959998999999996,50.709998999999996,50.919998,50.550083,80300,0.0,1.0
2017-11-27,50.900002,50.990002000000004,50.759997999999996,50.880001,50.51038,185800,0.0,1.0
2017-11-28,50.98,51.07,50.709998999999996,50.990002000000004,50.619578999999995,229800,0.0,1.0
2017-11-29,50.970001,50.970001,49.32,49.689999,49.329021000000004,585300,0.0,1.0
2017-11-30,49.93,50.209998999999996,49.689999,50.049999,49.686405,281500,0.0,1.0
2017-12-01,49.810001,50.049999,49.009997999999996,49.830002,49.468006,378700,0.0,1.0
2017-12-04,50.119999,50.119999,48.790001000000004,48.810001,48.455418,512700,0.0,1.0
2017-12-05,48.759997999999996,49.509997999999996,48.560001,48.939999,48.584469,481700,0.0,1.0
2017-12-06,48.740002000000004,49.349998,48.610001000000004,49.259997999999996,48.902142,177200,0.0,1.0
2017-12-07,49.330002,49.700001,49.330002,49.630001,49.269455,199900,0.0,1.0
2017-12-08,50.009997999999996,50.119999,49.73,49.810001,49.448151,146200,0.0,1.0
2017-12-11,49.82,50.220001,49.810001,50.209998999999996,49.845242,174000,0.0,1.0
2017-12-12,50.169998,50.310001,49.939999,50.07,49.706261,153900,0.0,1.0
2017-12-13,50.23,50.349998,50.07,50.130001,49.765827,243600,0.0,1.0
2017-12-14,50.240002000000004,50.389998999999996,50.060001,50.060001,49.696335,213600,0.0,1.0
2017-12-15,50.130001,50.610001000000004,49.959998999999996,50.540001000000004,50.30751,160300,0.134,1.0
2017-12-18,50.889998999999996,51.02,50.799999,51.009997999999996,50.775345,230800,0.0,1.0
2017-12-19,50.93,50.93,50.580002,50.709998999999996,50.476727000000004,233100,0.0,1.0
2017-12-20,50.919998,50.93,50.43,50.68,50.446865,194700,0.0,1.0
2017-12-21,50.75,50.849998,50.509997999999996,50.52,50.287601,172000,0.0,1.0
2017-12-22,50.509997999999996,50.52,50.360001000000004,50.450001,50.217921999999994,219300,0.0,1.0
2017-12-26,50.16,50.18,49.91,50.139998999999996,49.909348,209500,0.0,1.0
2017-12-27,50.119999,50.279999,50.110001000000004,50.209998999999996,49.979027,166900,0.0,1.0
2017-12-28,50.360001000000004,50.360001000000004,50.189999,50.27,50.03875,240000,0.0,1.0
2017-12-29,50.34,50.34,49.970001,49.970001,49.740131,259500,0.0,1.0
2018-01-02,50.209998999999996,50.669998,50.110001000000004,50.669998,50.436909,375500,0.0,1.0
2018-01-03,50.799999,51.259997999999996,50.790001000000004,51.23,50.994335,645500,0.0,1.0
2018-01-04,51.450001,51.66,51.369999,51.52,51.283001,498900,0.0,1.0
2018-01-05,51.779999,52.099998,51.689999,52.02,51.780704,390100,0.0,1.0
2018-01-08,52.09,52.360001000000004,52.0,52.310001,52.06937,357800,0.0,1.0
2018-01-09,52.419998,52.43,52.060001,52.150002,51.910107,325000,0.0,1.0
2018-01-10,51.919998,52.0,51.720001,52.0,51.760796,268200,0.0,1.0
2018-01-11,52.150002,52.34,52.029999,52.34,52.099228000000004,217000,0.0,1.0
2018-01-12,52.279999,52.689999,52.220001,52.639998999999996,52.39785,246600,0.0,1.0
2018-01-16,52.970001,53.150002,52.240002000000004,52.419998,52.17886,564500,0.0,1.0
2018-01-17,52.709998999999996,53.240002000000004,52.540001000000004,53.220001,52.975182,3723000,0.0,1.0
2018-01-18,53.220001,53.450001,53.099998,53.310001,53.064769999999996,260400,0.0,1.0
2018-01-19,53.419998,53.5,53.189999,53.439999,53.194168000000005,226000,0.0,1.0
2018-01-22,53.400002,53.849998,53.27,53.849998,53.60228299999999,316700,0.0,1.0
2018-01-23,53.970001,54.220001,53.93,54.16,53.910858,436400,0.0,1.0
2018-01-24,54.27,54.34,53.459998999999996,53.68,53.433064,468000,0.0,1.0
2018-01-25,54.0,54.029999,53.419998,53.529999,53.283752,331800,0.0,1.0
2018-01-26,53.919998,54.400002,53.799999,54.389998999999996,54.139796999999994,302400,0.0,1.0
2018-01-29,54.32,54.330002,53.84,53.950001,53.701824,355000,0.0,1.0
2018-01-30,53.490002000000004,53.68,53.240002000000004,53.419998,53.174259,437100,0.0,1.0
2018-01-31,53.709998999999996,53.869999,53.439999,53.740002000000004,53.49279,336000,0.0,1.0
2018-02-01,53.540001000000004,54.119999,53.5,53.709998999999996,53.462925,319500,0.0,1.0
2018-02-02,53.16,53.220001,52.18,52.240002000000004,51.999691,834900,0.0,1.0
2018-02-05,51.619999,52.610001000000004,50.130001,50.150002,49.919304,1536500,0.0,1.0
2018-02-06,49.5,51.529999,48.630001,51.48,51.243187,1402700,0.0,1.0
2018-02-07,51.349998,51.84,50.84,50.849998,50.616081,855300,0.0,1.0
2018-02-08,51.009997999999996,51.200001,48.790001000000004,48.790001000000004,48.565559,837400,0.0,1.0
2018-02-09,49.470001,50.25,47.939999,49.869999,49.640591,1218300,0.0,1.0
2018-02-12,50.450001,51.130001,50.07,50.830002,50.596176,784400,0.0,1.0
2018-02-13,50.560001,51.09,50.450001,51.0,50.765392,494000,0.0,1.0
2018-02-14,50.73,52.099998,50.57,52.049999,51.810562,568400,0.0,1.0
2018-02-15,52.52,53.040001000000004,51.919998,53.040001000000004,52.796009,743100,0.0,1.0
2018-02-16,52.869999,53.43,52.66,52.889998999999996,52.646698,609700,0.0,1.0
2018-02-20,52.619999,53.450001,52.450001,53.009997999999996,52.766144,540400,0.0,1.0
2018-02-21,53.23,53.720001,52.759997999999996,52.77,52.527252000000004,900900,0.0,1.0
2018-02-22,52.939999,53.259997999999996,52.639998999999996,52.810001,52.567066000000004,616800,0.0,1.0
2018-02-23,53.189999,53.880001,53.099998,53.880001,53.632144999999994,294000,0.0,1.0
2018-02-26,54.099998,54.669998,54.0,54.66,54.408554,505300,0.0,1.0
2018-02-27,54.709998999999996,54.939999,54.169998,54.169998,53.920806999999996,493300,0.0,1.0
2018-02-28,54.419998,54.700001,53.82,53.830002,53.582378000000006,483500,0.0,1.0
2018-03-01,53.919998,54.119999,52.5,52.98,52.736286,847500,0.0,1.0
2018-03-02,52.380001,53.639998999999996,52.169998,53.549999,53.303661,628000,0.0,1.0
2018-03-05,53.27,54.27,53.16,54.09,53.841179000000004,605000,0.0,1.0
2018-03-06,54.380001,54.490002000000004,54.0,54.299999,54.050213,339200,0.0,1.0
2018-03-07,53.900002,54.68,53.68,54.630001,54.378696,446000,0.0,1.0
2018-03-08,54.799999,54.93,54.529999,54.830002,54.577778,358700,0.0,1.0
2018-03-09,55.23,55.91,55.16,55.91,55.65280500000001,496100,0.0,1.0
2018-03-12,56.099998,56.32,55.91,56.119999,55.861839,538900,0.0,1.0
2018-03-13,56.369999,56.549999,55.25,55.419998,55.165057999999995,537400,0.0,1.0
2018-03-14,55.709998999999996,55.75,55.150002,55.459998999999996,55.204876,365600,0.0,1.0
2018-03-15,55.470001,55.779999,55.220001,55.459998999999996,55.204876,204200,0.0,1.0
2018-03-16,55.459998999999996,55.610001000000004,55.220001,55.290001000000004,55.154003,174200,0.11900000000000001,1.0
2018-03-19,54.810001,55.02,53.689999,54.169998,54.03675500000001,575000,0.0,1.0
2018-03-20,54.029999,54.400002,53.919998,54.259997999999996,54.126534,278000,0.0,1.0
2018-03-21,54.18,54.68,53.849998,54.009997999999996,53.877151,289400,0.0,1.0
2018-03-22,53.380001,53.66,52.540001000000004,52.540001000000004,52.410767,460400,0.0,1.0
2018-03-23,52.549999,52.57,51.130001,51.150002,51.024189,551400,0.0,1.0
2018-03-26,52.18,53.130001,51.470001,53.09,52.959415,527300,0.0,1.0
2018-03-27,53.470001,53.470001,50.880001,51.299999,51.173817,498900,0.0,1.0
2018-03-28,51.139998999999996,51.580002,50.48,50.759997999999996,50.635143,573500,0.0,1.0
2018-03-29,51.150002,52.389998999999996,50.77,51.869999,51.742413,301000,0.0,1.0
2018-04-02,51.639998999999996,51.84,50.040001000000004,50.57,50.445614,1039900,0.0,1.0
2018-04-03,51.02,51.200001,50.290001000000004,51.060001,50.93441,370900,0.0,1.0
2018-04-04,50.029999,51.900002,50.0,51.759997999999996,51.632683,587500,0.0,1.0
2018-04-05,52.220001,52.349998,51.630001,52.009997999999996,51.882069,259000,0.0,1.0
2018-04-06,51.439999,51.91,50.48,50.720001,50.595245,593600,0.0,1.0
2018-04-09,51.130001,52.060001,51.029999,51.060001,50.93441,669200,0.0,1.0
2018-04-10,51.900002,52.540001000000004,51.639998999999996,52.34,52.211258,571700,0.0,1.0
2018-04-11,52.02,52.580002,51.98,52.119999,51.991797999999996,435200,0.0,1.0
2018-04-12,52.470001,52.990002000000004,52.380001,52.779999,52.650177,283000,0.0,1.0
2018-04-13,53.119999,53.150002,52.310001,52.560001,52.430717,527500,0.0,1.0
2018-04-16,52.900002,53.130001,52.580002,52.900002,52.769881999999996,548700,0.0,1.0
2018-04-17,53.369999,54.169998,53.220001,54.009997999999996,53.877151,739300,0.0,1.0
2018-04-18,53.950001,54.099998,53.52,53.93,53.797348,473800,0.0,1.0
2018-04-19,53.59,53.59,53.09,53.310001,53.178875,583400,0.0,1.0
2018-04-20,53.18,53.18,52.349998,52.540001000000004,52.410767,646600,0.0,1.0
2018-04-23,52.740002000000004,52.900002,52.080002,52.310001,52.181335,340400,0.0,1.0
2018-04-24,52.580002,52.709998999999996,50.950001,51.310001,51.183792,496900,0.0,1.0
2018-04-25,51.389998999999996,51.450001,50.59,51.209998999999996,51.084038,488900,0.0,1.0
2018-04-26,51.919998,52.490002000000004,51.77,52.299999,52.171356,559800,0.0,1.0
2018-04-27,52.810001,52.810001,51.799999,52.09,51.961876000000004,302800,0.0,1.0
2018-04-30,52.240002000000004,52.59,51.73,51.880001,51.752392,558500,0.0,1.0
2018-05-01,51.740002000000004,52.549999,51.610001000000004,52.529999,52.400791,389200,0.0,1.0
2018-05-02,52.82,53.099998,52.459998999999996,52.540001000000004,52.410767,412900,0.0,1.0
2018-05-03,52.349998,52.860001000000004,51.82,52.669998,52.540447,510400,0.0,1.0
2018-05-04,52.470001,53.759997999999996,52.389998999999996,53.66,53.528011,579800,0.0,1.0
2018-05-07,53.900002,54.360001000000004,53.830002,54.130001,53.99685699999999,539000,0.0,1.0
2018-05-08,54.09,54.34,53.84,54.310001,54.176414,626500,0.0,1.0
2018-05-09,54.470001,55.060001,54.330002,55.049999,54.914593,680800,0.0,1.0
2018-05-10,55.279999,55.740002000000004,55.220001,55.720001,55.582947,632200,0.0,1.0
2018-05-11,55.619999,55.779999,55.369999,55.57,55.433315,416900,0.0,1.0
2018-05-14,55.779999,55.98,55.43,55.52,55.383438,552300,0.0,1.0
2018-05-15,55.150002,55.18,54.720001,54.990002000000004,54.854744,576400,0.0,1.0
2018-05-16,55.07,55.389998999999996,54.959998999999996,55.27,55.134052000000004,280900,0.0,1.0
2018-05-17,55.07,55.450001,54.759997999999996,55.02,54.884666,228700,0.0,1.0
2018-05-18,54.869999,55.110001000000004,54.759997999999996,54.82,54.685157999999994,214000,0.0,1.0
2018-05-21,55.299999,55.57,54.970001,55.23,55.094151000000004,271000,0.0,1.0
2018-05-22,55.490002000000004,55.549999,55.0,55.080002,54.944523,308900,0.0,1.0
2018-05-23,54.709998999999996,55.529999,54.66,55.529999,55.393409999999996,372900,0.0,1.0
2018-05-24,55.540001000000004,55.580002,54.900002,55.48,55.343536,337500,0.0,1.0
2018-05-25,55.459998999999996,55.66,55.330002,55.470001,55.333560999999996,301900,0.0,1.0
2018-05-29,55.25,55.48,54.799999,55.16,55.024322999999995,856100,0.0,1.0
2018-05-30,55.450001,55.669998,55.32,55.580002,55.443291,389300,0.0,1.0
2018-05-31,55.57,55.990002000000004,55.5,55.540001000000004,55.403389000000004,573100,0.0,1.0
2018-06-01,55.919998,56.57,55.889998999999996,56.57,56.43085500000001,442600,0.0,1.0
2018-06-04,56.75,57.110001000000004,56.669998,57.080002,56.939602,504200,0.0,1.0
2018-06-05,57.23,57.419998,57.110001000000004,57.360001000000004,57.21891,458100,0.0,1.0
2018-06-06,57.419998,57.68,57.150002,57.68,57.538123999999996,470000,0.0,1.0
2018-06-07,57.709998999999996,57.709998999999996,56.639998999999996,56.990002000000004,56.849823,446000,0.0,1.0
2018-06-08,56.689999,57.099998,56.540001000000004,57.040001000000004,56.8997,268200,0.0,1.0
2018-06-11,57.040001000000004,57.25,56.889998999999996,57.080002,56.939602,346100,0.0,1.0
2018-06-12,57.16,57.48,57.110001000000004,57.43,57.288738,237000,0.0,1.0
2018-06-13,57.52,57.84,57.27,57.349998,57.208935,417900,0.0,1.0
2018-06-14,57.580002,57.889998999999996,57.529999,57.73,57.588001,320300,0.0,1.0
2018-06-15,57.41,57.419998,56.959998999999996,57.380001,57.380001,364700,0.142,1.0
2018-06-18,57.0,57.529999,56.779999,57.509997999999996,57.509997999999996,329900,0.0,1.0
2018-06-19,56.77,57.130001,56.349998,57.130001,57.130001,407800,0.0,1.0
2018-06-20,57.259997999999996,57.59,57.25,57.32,57.32,310600,0.0,1.0
2018-06-21,57.48,57.5,56.669998,56.830002,56.830002,340300,0.0,1.0
2018-06-22,56.939999,56.950001,56.32,56.52,56.52,246600,0.0,1.0
2018-06-25,56.080002,56.080002,54.720001,55.209998999999996,55.209998999999996,839400,0.0,1.0
2018-06-26,55.419998,55.849998,55.25,55.470001,55.470001,326000,0.0,1.0
2018-06-27,55.66,55.889998999999996,54.619999,54.639998999999996,54.639998999999996,586100,0.0,1.0
2018-06-28,54.529999,55.43,54.52,55.23,55.23,403800,0.0,1.0
2018-06-29,55.48,55.75,55.259997999999996,55.27,55.27,632400,0.0,1.0
2018-07-02,54.84,55.84,54.639998999999996,55.84,55.84,725200,0.0,1.0
2018-07-03,56.02,56.040001000000004,55.110001000000004,55.169998,55.169998,386000,0.0,1.0
2018-07-05,55.48,55.990002000000004,55.330002,55.98,55.98,415200,0.0,1.0
2018-07-06,56.040001000000004,56.740002000000004,55.869999,56.68,56.68,417600,0.0,1.0
2018-07-09,56.98,57.130001,56.650002,57.130001,57.130001,357100,0.0,1.0
2018-07-10,57.220001,57.400002,57.09,57.240002000000004,57.240002000000004,339400,0.0,1.0
2018-07-11,56.779999,57.23,56.549999,56.959998999999996,56.959998999999996,585700,0.0,1.0
2018-07-12,57.240002000000004,58.0,57.220001,57.990002000000004,57.990002000000004,431900,0.0,1.0
2018-07-13,57.990002000000004,58.060001,57.720001,57.919998,57.919998,410400,0.0,1.0
2018-07-16,57.939999,58.040001000000004,57.630001,57.73,57.73,383500,0.0,1.0
2018-07-17,57.34,58.310001,57.110001000000004,58.23,58.23,421600,0.0,1.0
2018-07-18,58.23,58.25,57.939999,58.200001,58.200001,299300,0.0,1.0
2018-07-19,58.049999,58.259997999999996,57.91,58.040001000000004,58.040001000000004,305500,0.0,1.0
2018-07-20,58.23,58.349998,57.959998999999996,58.040001000000004,58.040001000000004,294300,0.0,1.0
2018-07-23,57.98,58.32,57.619999,58.299999,58.299999,381900,0.0,1.0
2018-07-24,58.830002,59.049999,58.18,58.419998,58.419998,483400,0.0,1.0
2018-07-25,58.5,59.279999,58.439999,59.279999,59.279999,511600,0.0,1.0
2018-07-26,58.380001,58.650002,58.200001,58.48,58.48,672500,0.0,1.0
2018-07-27,58.560001,58.57,56.900002,57.25,57.25,772800,0.0,1.0
2018-07-30,57.27,57.419998,55.82,56.189999,56.189999,769600,0.0,1.0
2018-07-31,56.349998,56.740002000000004,55.959998999999996,56.369999,56.369999,689500,0.0,1.0
2018-08-01,56.75,57.09,56.59,56.919998,56.919998,438900,0.0,1.0
2018-08-02,56.470001,57.799999,56.400002,57.720001,57.720001,578500,0.0,1.0
2018-08-03,57.830002,57.860001000000004,57.439999,57.860001000000004,57.860001000000004,360000,0.0,1.0
2018-08-06,57.860001000000004,58.279999,57.75,58.279999,58.279999,413100,0.0,1.0
2018-08-07,58.48,58.740002000000004,58.23,58.5,58.5,311100,0.0,1.0
2018-08-08,58.470001,58.75,58.299999,58.630001,58.630001,298500,0.0,1.0
2018-08-09,58.720001,58.939999,58.630001,58.700001,58.700001,230600,0.0,1.0
2018-08-10,58.259997999999996,58.549999,58.099998,58.299999,58.299999,325100,0.0,1.0
2018-08-13,58.369999,58.810001,58.150002,58.189999,58.189999,304300,0.0,1.0
2018-08-14,58.389998999999996,58.610001000000004,58.029999,58.529999,58.529999,261400,0.0,1.0
2018-08-15,58.150002,58.380001,57.450001,57.939999,57.939999,422400,0.0,1.0
2018-08-16,58.389998999999996,58.48,58.0,58.09,58.09,232300,0.0,1.0
2018-08-17,57.91,58.32,57.709998999999996,58.200001,58.200001,259200,0.0,1.0
2018-08-20,58.369999,58.369999,57.869999,58.169998,58.169998,251000,0.0,1.0
2018-08-21,58.32,58.639998999999996,58.220001,58.259997999999996,58.259997999999996,260600,0.0,1.0
2018-08-22,58.119999,58.68,58.07,58.599998,58.599998,273000,0.0,1.0
2018-08-23,58.540001000000004,59.060001,58.509997999999996,58.720001,58.720001,255100,0.0,1.0
2018-08-24,58.91,59.400002,58.91,59.400002,59.400002,658200,0.0,1.0
2018-08-27,59.709998999999996,59.98,59.549999,59.91,59.91,652600,0.0,1.0
2018-08-28,60.080002,60.18,59.889998999999996,60.09,60.09,277600,0.0,1.0
2018-08-29,60.139998999999996,60.689999,60.139998999999996,60.66,60.66,290200,0.0,1.0
2018-08-30,60.540001000000004,60.900002,60.34,60.5,60.5,333300,0.0,1.0
2018-08-31,60.43,60.720001,60.389998999999996,60.560001,60.560001,329900,0.0,1.0
2018-09-04,60.41,60.490002000000004,59.959998999999996,60.470001,60.470001,342400,0.0,1.0
2018-09-05,60.380001,60.380001,59.189999,59.529999,59.529999,457100,0.0,1.0
2018-09-06,59.48,59.59,58.650002,59.09,59.09,383100,0.0,1.0
2018-09-07,58.720001,59.43,58.450001,58.900002,58.900002,257100,0.0,1.0
2018-09-10,59.16,59.189999,58.759997999999996,59.099998,59.099998,251800,0.0,1.0
2018-09-11,58.919998,59.720001,58.799999,59.580002,59.580002,236000,0.0,1.0
2018-09-12,59.470001,59.470001,58.740002000000004,59.330002,59.330002,268500,0.0,1.0
2018-09-13,59.66,60.18,59.509997999999996,59.939999,59.939999,252000,0.0,1.0
2018-09-14,60.040001000000004,60.27,59.73,60.0,60.0,259400,0.0,1.0
2018-09-17,59.889998999999996,60.0,59.029999,59.09,59.09,321000,0.0,1.0
2018-09-18,59.060001,59.759997999999996,59.040001000000004,59.450001,59.450001,216500,0.0,1.0
2018-09-19,59.450001,59.68,58.959998999999996,59.299999,59.299999,223600,0.0,1.0
2018-09-20,59.650002,60.080002,59.5,60.009997999999996,60.009997999999996,302800,0.0,1.0
2018-09-21,60.080002,60.1367,59.530102,59.59,59.59,237195,0.0,1.0
