date,Open,High,Low,Close,Adj Close,Volume,Dividends,Stock Splits
2017-05-18,25.200001,25.200001,24.969998999999998,25.09,24.537733,1900,0.0,1.0
2017-05-19,25.219998999999998,25.389999,25.219998999999998,25.309998999999998,24.75289,2600,0.0,1.0
2017-05-22,25.309998999999998,25.309998999999998,25.309998999999998,25.309998999999998,24.75289,0,0.0,1.0
2017-05-23,25.309998999999998,25.440001000000002,25.309998999999998,25.440001000000002,24.880029999999998,400,0.0,1.0
2017-05-24,25.49,25.49,25.49,25.49,24.928928,200,0.0,1.0
2017-05-25,25.52,25.530001000000002,25.52,25.530001000000002,24.968048,400,0.0,1.0
2017-05-26,25.459999,25.5,25.459999,25.478001000000003,24.917192,1300,0.0,1.0
2017-05-30,25.17,25.469,25.15,25.469,24.90839,6400,0.0,1.0
2017-05-31,25.5,25.5,25.4,25.4,24.84091,1400,0.0,1.0
2017-06-01,25.4,25.4,25.4,25.4,24.84091,0,0.0,1.0
2017-06-02,25.801001,25.801001,25.801001,25.801001,25.233083999999998,100,0.0,1.0
2017-06-05,25.719,25.790001,25.719,25.76,25.192987,700,0.0,1.0
2017-06-06,25.629,25.629,25.6,25.6,25.036509,500,0.0,1.0
2017-06-07,25.6,25.6,25.6,25.6,25.036509,0,0.0,1.0
2017-06-08,25.6,25.6,25.6,25.6,25.036509,0,0.0,1.0
2017-06-09,25.6,25.6,25.6,25.6,25.036509,100,0.0,1.0
2017-06-12,25.6,25.6,25.6,25.6,25.036509,0,0.0,1.0
2017-06-13,25.799999,25.84,25.65,25.84,25.271227,700,0.0,1.0
2017-06-14,25.84,25.84,25.690001000000002,25.761999,25.194942,1400,0.0,1.0
2017-06-15,25.620001000000002,25.620001000000002,25.450001,25.551001,24.988585999999998,500,0.0,1.0
2017-06-16,25.551001,25.551001,25.551001,25.551001,24.988585999999998,100,0.0,1.0
2017-06-19,25.742001000000002,25.771998999999997,25.742001000000002,25.771998999999997,25.204720000000002,600,0.0,1.0
2017-06-20,25.77,25.77,25.700001,25.700001,25.134307999999997,300,0.0,1.0
2017-06-21,25.639999,25.690001000000002,25.549999,25.549999,24.987606,2800,0.0,1.0
2017-06-22,25.6,25.65,25.6,25.65,25.085407,300,0.0,1.0
2017-06-23,25.6,25.6,25.6,25.6,25.036509,200,0.0,1.0
2017-06-26,25.74,25.76,25.629998999999998,25.629998999999998,25.065847,1900,0.0,1.0
2017-06-27,25.73,25.73,25.73,25.73,25.163645000000002,400,0.0,1.0
2017-06-28,25.576,25.805,25.576,25.805,25.236995999999998,3700,0.0,1.0
2017-06-29,25.799999,25.799999,25.440001000000002,25.440001000000002,24.880029999999998,1100,0.0,1.0
2017-06-30,25.528,25.528,25.528,25.528,24.966091,200,0.0,1.0
2017-07-03,25.528,25.528,25.528,25.528,24.966091,0,0.0,1.0
2017-07-05,25.528,25.528,25.528,25.528,24.966091,0,0.0,1.0
2017-07-06,25.459999,25.49,25.23,25.4,24.84091,3100,0.0,1.0
2017-07-07,25.389999,25.389999,25.363001,25.363001,24.804726000000002,1100,0.0,1.0
2017-07-10,25.370001000000002,25.4,25.35,25.35,24.792009,2700,0.0,1.0
2017-07-11,25.291,25.291,25.291,25.291,24.73431,400,0.0,1.0
2017-07-12,25.5,25.5,25.5,25.5,24.938709,1000,0.0,1.0
2017-07-13,25.450001,25.459999,25.450001,25.459999,24.899588,600,0.0,1.0
2017-07-14,25.809998999999998,25.82,25.809998999999998,25.82,25.251667,1000,0.0,1.0
2017-07-17,25.780001000000002,25.780001000000002,25.780001000000002,25.780001000000002,25.212547,100,0.0,1.0
2017-07-18,25.780001000000002,25.780001000000002,25.75,25.76,25.192987,600,0.0,1.0
2017-07-19,25.76,26.040001,25.76,26.040001,25.466825,800,0.0,1.0
2017-07-20,26.121,26.121,26.121,26.121,25.546039999999998,300,0.0,1.0
2017-07-21,25.922001,25.922001,25.910999,25.910999,25.34066,600,0.0,1.0
2017-07-24,25.910999,25.910999,25.910999,25.910999,25.34066,0,0.0,1.0
2017-07-25,25.910999,25.910999,25.910999,25.910999,25.34066,0,0.0,1.0
2017-07-26,26.09,26.110001,26.09,26.1,25.525503,500,0.0,1.0
2017-07-27,26.054001,26.054001,25.84,25.84,25.271227,800,0.0,1.0
2017-07-28,25.84,25.84,25.84,25.84,25.271227,200,0.0,1.0
2017-07-31,25.962,25.962,25.962,25.962,25.390541,400,0.0,1.0
2017-08-01,25.962,25.962,25.962,25.962,25.390541,0,0.0,1.0
2017-08-02,26.135,26.135,26.135,26.135,25.559731,300,0.0,1.0
2017-08-03,26.135,26.135,26.135,26.135,25.559731,0,0.0,1.0
2017-08-04,26.135,26.135,26.135,26.135,25.559731,0,0.0,1.0
2017-08-07,26.26,26.26,26.26,26.26,25.681982,300,0.0,1.0
2017-08-08,26.200001,26.200001,26.139999,26.139999,25.564621,1200,0.0,1.0
2017-08-09,26.139999,26.139999,26.139999,26.139999,25.564621,0,0.0,1.0
2017-08-10,25.753,25.76,25.74,25.74,25.173428,1000,0.0,1.0
2017-08-11,25.74,25.74,25.74,25.74,25.173428,0,0.0,1.0
2017-08-14,25.957001,25.957001,25.957001,25.957001,25.385651,200,0.0,1.0
2017-08-15,25.957001,25.957001,25.957001,25.957001,25.385651,0,0.0,1.0
2017-08-16,25.9,25.9,25.9,25.9,25.329905,300,0.0,1.0
2017-08-17,25.9,25.9,25.9,25.9,25.329905,0,0.0,1.0
2017-08-18,25.690001000000002,25.690001000000002,25.690001000000002,25.690001000000002,25.124527,100,0.0,1.0
2017-08-21,25.84,25.84,25.84,25.84,25.271227,200,0.0,1.0
2017-08-22,25.74,26.02,25.74,26.02,25.447266,600,0.0,1.0
2017-08-23,25.914,25.914,25.914,25.914,25.343595999999998,100,0.0,1.0
2017-08-24,25.914,25.914,25.914,25.914,25.343595999999998,100,0.0,1.0
2017-08-25,26.040001,26.040001,26.040001,26.040001,25.466825,100,0.0,1.0
2017-08-28,26.02,26.02,26.02,26.02,25.447266,1000,0.0,1.0
2017-08-29,26.120001000000002,26.120001000000002,26.09,26.120001000000002,25.545063,500,0.0,1.0
2017-08-30,26.110001,26.120001000000002,26.110001,26.120001000000002,25.545063,200,0.0,1.0
2017-08-31,26.142,26.142,26.142,26.142,25.566578,800,0.0,1.0
2017-09-01,26.23,26.23,26.23,26.23,25.652637,100,0.0,1.0
2017-09-05,26.23,26.23,26.23,26.23,25.652637,0,0.0,1.0
2017-09-06,26.1,26.1,26.1,26.1,25.525503,100,0.0,1.0
2017-09-07,26.1,26.1,26.1,26.1,25.525503,0,0.0,1.0
2017-09-08,26.450001,26.450001,26.41,26.43,25.848236,900,0.0,1.0
2017-09-11,26.587999,26.587999,26.587999,26.587999,26.002758,1700,0.0,1.0
2017-09-12,26.667999,26.667999,26.667999,26.667999,26.080999,200,0.0,1.0
2017-09-13,26.667999,26.667999,26.667999,26.667999,26.080999,100,0.0,1.0
2017-09-14,26.799999,26.83,26.799999,26.83,26.239433000000002,700,0.0,1.0
2017-09-15,26.700001,26.700001,26.700001,26.700001,26.112297,1300,0.0,1.0
2017-09-18,26.940001000000002,26.940001000000002,26.860001,26.888,26.296159999999997,500,0.0,1.0
2017-09-19,26.888,26.888,26.888,26.888,26.296159999999997,100,0.0,1.0
2017-09-20,26.888,26.888,26.888,26.888,26.296159999999997,100,0.0,1.0
2017-09-21,26.85,26.85,26.84,26.85,26.258993,700,0.0,1.0
2017-09-22,26.85,26.85,26.85,26.85,26.258993,0,0.0,1.0
2017-09-25,26.85,26.85,26.85,26.85,26.258993,0,0.0,1.0
2017-09-26,26.85,26.85,26.85,26.85,26.258993,100,0.0,1.0
2017-09-27,26.809998999999998,26.91,26.809998999999998,26.91,26.317673,200,0.0,1.0
2017-09-28,26.91,26.91,26.91,26.91,26.317673,0,0.0,1.0
2017-09-29,27.07,27.07,27.002001,27.037001,26.441877,1700,0.0,1.0
2017-10-02,26.879998999999998,26.879998999999998,26.827999,26.827999,26.237476,300,0.0,1.0
2017-10-03,26.827999,26.827999,26.827999,26.827999,26.237476,100,0.0,1.0
2017-10-04,26.827999,26.827999,26.827999,26.827999,26.237476,0,0.0,1.0
2017-10-05,26.93,27.02,26.93,27.02,26.425251,900,0.0,1.0
2017-10-06,26.879998999999998,26.879998999999998,26.879998999999998,26.879998999999998,26.28833,300,0.0,1.0
2017-10-09,26.879998999999998,26.879998999999998,26.879998999999998,26.879998999999998,26.28833,100,0.0,1.0
2017-10-10,26.879998999999998,26.879998999999998,26.879998999999998,26.879998999999998,26.28833,0,0.0,1.0
2017-10-11,27.056,27.056,27.056,27.056,26.460459000000004,500,0.0,1.0
2017-10-12,27.056,27.056,27.056,27.056,26.460459000000004,0,0.0,1.0
2017-10-13,26.931998999999998,27.290001,26.931998999999998,27.290001,26.68931,600,0.0,1.0
2017-10-16,27.059998999999998,27.059998999999998,27.059998999999998,27.059998999999998,26.464369,100,0.0,1.0
2017-10-17,27.110001,27.110001,27.110001,27.110001,26.513271000000003,400,0.0,1.0
2017-10-18,27.110001,27.110001,27.110001,27.110001,26.513271000000003,100,0.0,1.0
2017-10-19,27.219998999999998,27.219998999999998,27.219998999999998,27.219998999999998,26.620848,400,0.0,1.0
2017-10-20,27.219998999999998,27.219998999999998,27.219998999999998,27.219998999999998,26.620848,0,0.0,1.0
2017-10-23,27.219998999999998,27.219998999999998,27.219998999999998,27.219998999999998,26.620848,0,0.0,1.0
2017-10-24,27.219998999999998,27.219998999999998,27.219998999999998,27.219998999999998,26.620848,0,0.0,1.0
2017-10-25,26.913,26.913,26.913,26.913,26.320606,200,0.0,1.0
2017-10-26,26.913,26.913,26.913,26.913,26.320606,0,0.0,1.0
2017-10-27,26.913,26.913,26.913,26.913,26.320606,0,0.0,1.0
2017-10-30,26.913,26.913,26.913,26.913,26.320606,0,0.0,1.0
2017-10-31,26.913,26.913,26.913,26.913,26.320606,200,0.0,1.0
2017-11-01,26.913,26.913,26.913,26.913,26.320606,0,0.0,1.0
2017-11-02,26.913,26.913,26.913,26.913,26.320606,0,0.0,1.0
2017-11-03,26.913,26.913,26.913,26.913,26.320606,0,0.0,1.0
2017-11-06,26.913,26.913,26.913,26.913,26.320606,0,0.0,1.0
2017-11-07,26.913,26.913,26.913,26.913,26.320606,100,0.0,1.0
2017-11-08,26.75,26.76,26.75,26.75,26.161194000000002,18800,0.0,1.0
2017-11-09,26.75,26.75,26.75,26.75,26.161194000000002,1400100,0.0,1.0
2017-11-10,26.75,26.75,26.75,26.75,26.161194000000002,0,0.0,1.0
2017-11-13,26.690001000000002,26.690001000000002,26.690001000000002,26.690001000000002,26.102516,100,0.0,1.0
2017-11-14,26.690001000000002,26.690001000000002,26.690001000000002,26.690001000000002,26.102516,100,0.0,1.0
2017-11-15,26.561001,26.561001,26.561001,26.561001,25.976357,100,0.0,1.0
2017-11-16,26.561001,26.561001,26.561001,26.561001,25.976357,1400000,0.0,1.0
2017-11-17,26.561001,26.561001,26.561001,26.561001,25.976357,0,0.0,1.0
2017-11-20,26.860001,26.860001,26.85,26.85,26.258993,1000,0.0,1.0
2017-11-21,27.01,27.014999,27.01,27.01,26.415470000000003,5300,0.0,1.0
2017-11-22,27.01,27.01,27.01,27.01,26.415470000000003,0,0.0,1.0
2017-11-24,27.01,27.01,27.01,27.01,26.415470000000003,0,0.0,1.0
2017-11-27,27.01,27.01,27.01,27.01,26.415470000000003,0,0.0,1.0
2017-11-28,27.01,27.01,27.01,27.01,26.415470000000003,0,0.0,1.0
2017-11-29,27.382998999999998,27.400999,27.382998999999998,27.400999,26.797863,600,0.0,1.0
2017-11-30,27.400999,27.400999,27.400999,27.400999,26.797863,0,0.0,1.0
2017-12-01,27.299999,27.299999,27.299999,27.299999,26.699087,300,0.0,1.0
2017-12-04,27.299999,27.299999,27.299999,27.299999,26.699087,100,0.0,1.0
2017-12-05,27.5,27.52,27.4,27.4,26.796888,400,0.0,1.0
2017-12-06,27.35,27.35,27.35,27.35,26.74799,1000,0.0,1.0
2017-12-07,27.34,27.34,27.34,27.34,26.738209,1400100,0.0,1.0
2017-12-08,27.07,27.07,27.07,27.07,26.47415,100,0.0,1.0
2017-12-11,27.07,27.07,27.07,27.07,26.47415,100,0.0,1.0
2017-12-12,27.07,27.07,27.07,27.07,26.47415,0,0.0,1.0
2017-12-13,27.07,27.07,27.07,27.07,26.47415,100,0.0,1.0
2017-12-14,27.07,27.07,27.07,27.07,26.47415,1400000,0.0,1.0
2017-12-15,27.48,27.549999,27.48,27.549999,27.071592,800,0.128,1.0
2017-12-18,27.549999,27.549999,27.549999,27.549999,27.071592,0,0.0,1.0
2017-12-19,27.76,27.76,27.76,27.76,27.277948,100,0.0,1.0
2017-12-20,27.76,27.76,27.76,27.76,27.277948,0,0.0,1.0
2017-12-21,27.834999,27.834999,27.82,27.82,27.336904999999998,500,0.0,1.0
2017-12-22,27.878,27.878,27.878,27.878,27.393897999999997,300,0.0,1.0
2017-12-26,27.878,27.878,27.878,27.878,27.393897999999997,0,0.0,1.0
2017-12-27,27.878,27.878,27.878,27.878,27.503407,0,0.111,1.0
2017-12-28,27.878,27.878,27.878,27.878,27.503407,0,0.0,1.0
2017-12-29,28.0,28.0,28.0,28.0,27.623768,1000,0.0,1.0
2018-01-02,28.0,28.0,28.0,28.0,27.623768,100,0.0,1.0
2018-01-03,28.120001000000002,28.120001000000002,28.120001000000002,28.120001000000002,27.742155,100,0.0,1.0
2018-01-04,28.332001,28.332001,28.332001,28.332001,27.951307,300,0.0,1.0
2018-01-05,28.4,28.448999,28.4,28.448999,28.066732000000002,1100,0.0,1.0
2018-01-08,28.549999,28.579,28.549999,28.579,28.194988000000002,1100,0.0,1.0
2018-01-09,28.48,28.552999,28.48,28.48,28.097316999999997,4600,0.0,1.0
2018-01-10,28.48,28.48,28.48,28.48,28.097316999999997,0,0.0,1.0
2018-01-11,28.48,28.48,28.48,28.48,28.097316999999997,700000,0.0,1.0
2018-01-12,28.745001000000002,28.745001000000002,28.74,28.74,28.353823,700,0.0,1.0
2018-01-16,28.895,28.917999,28.75,28.75,28.363689,2400,0.0,1.0
2018-01-17,28.978001000000003,28.978001000000003,28.978001000000003,28.978001000000003,28.588625,100,0.0,1.0
2018-01-18,28.978001000000003,28.978001000000003,28.978001000000003,28.978001000000003,28.588625,0,0.0,1.0
2018-01-19,28.978001000000003,28.978001000000003,28.978001000000003,28.978001000000003,28.588625,100,0.0,1.0
2018-01-22,29.24,29.280001000000002,29.212,29.274,28.880647999999997,4200,0.0,1.0
2018-01-23,29.299,29.360001,29.299,29.360001,28.965494,500,0.0,1.0
2018-01-24,29.360001,29.360001,29.360001,29.360001,28.965494,0,0.0,1.0
2018-01-25,29.360001,29.360001,29.360001,29.360001,28.965494,700000,0.0,1.0
2018-01-26,29.52,29.52,29.52,29.52,29.123344,200,0.0,1.0
2018-01-29,29.52,29.52,29.52,29.52,29.123344,0,0.0,1.0
2018-01-30,29.09,29.139999,29.09,29.139999,28.748449,500,0.0,1.0
2018-01-31,29.139999,29.139999,29.139999,29.139999,28.748449,400,0.0,1.0
2018-02-01,29.120001000000002,29.120001000000002,29.120001000000002,29.120001000000002,28.728720000000003,8600,0.0,1.0
2018-02-02,28.764999,28.764999,28.73,28.73,28.343958,200,0.0,1.0
2018-02-05,28.34,28.35,28.34,28.35,27.969065000000004,200,0.0,1.0
2018-02-06,27.459999,27.459999,27.459999,27.459999,27.091022,400,0.0,1.0
2018-02-07,27.823,27.823,27.823,27.823,27.449144,200,0.0,1.0
2018-02-08,27.52,27.52,27.415001,27.485001,27.115686,700600,0.0,1.0
2018-02-09,26.795,27.194,26.795,27.194,26.828598,500,0.0,1.0
2018-02-12,27.59,27.59,27.59,27.59,27.219276,400,0.0,1.0
2018-02-13,27.465,27.465,27.465,27.465,27.095955,200,0.0,1.0
2018-02-14,27.465,27.465,27.465,27.465,27.095955,0,0.0,1.0
2018-02-15,27.465,27.465,27.465,27.465,27.095955,650000,0.0,1.0
2018-02-16,28.23,28.237,28.23,28.237,27.857582,300,0.0,1.0
2018-02-20,28.219998999999998,28.219998999999998,28.219998999999998,28.219998999999998,27.840811,300,0.0,1.0
2018-02-21,28.190001000000002,28.190001000000002,28.190001000000002,28.190001000000002,27.811214,500,0.0,1.0
2018-02-22,28.094998999999998,28.159,28.094998999999998,28.159,27.78063,600,0.0,1.0
2018-02-23,28.200001,28.200001,28.200001,28.200001,27.821081,200,0.0,1.0
2018-02-26,28.459999,28.459999,28.459999,28.459999,28.077585,600,0.0,1.0
2018-02-27,28.459999,28.459999,28.459999,28.459999,28.077585,100,0.0,1.0
2018-02-28,28.299999,28.299999,28.299999,28.299999,27.919735,100,0.0,1.0
2018-03-01,28.299999,28.299999,28.299999,28.299999,27.919735,0,0.0,1.0
2018-03-02,27.514999,27.514999,27.514999,27.514999,27.145283000000003,400,0.0,1.0
2018-03-05,27.514999,27.514999,27.514999,27.514999,27.145283000000003,0,0.0,1.0
2018-03-06,28.15,28.15,28.15,28.15,27.771751000000002,200,0.0,1.0
2018-03-07,28.0,28.0,28.0,28.0,27.623768,100,0.0,1.0
2018-03-08,28.0,28.0,28.0,28.0,27.623768,100,0.0,1.0
2018-03-09,28.0,28.0,28.0,28.0,27.623768,0,0.0,1.0
2018-03-12,28.0,28.0,28.0,28.0,27.623768,0,0.0,1.0
2018-03-13,28.0,28.0,28.0,28.0,27.623768,0,0.0,1.0
2018-03-14,28.280001000000002,28.280001000000002,28.275999,28.275999,27.896057,300,0.0,1.0
2018-03-15,28.290001,28.5,28.118999,28.118999,27.741166999999997,356000,0.0,1.0
2018-03-16,28.118999,28.118999,28.118999,28.118999,27.741166999999997,0,0.0,1.0
2018-03-19,28.118999,28.118999,28.118999,28.118999,27.741166999999997,0,0.0,1.0
2018-03-20,28.118999,28.118999,28.118999,28.118999,27.741166999999997,100,0.0,1.0
2018-03-21,28.156,28.156,28.094998999999998,28.094998999999998,27.717489,1600,0.0,1.0
2018-03-22,27.690001000000002,27.690001000000002,27.629998999999998,27.629998999999998,27.258738,600,0.0,1.0
2018-03-23,27.209999,27.209999,27.209999,27.209999,26.844381,100,0.0,1.0
2018-03-26,27.51,27.555,27.5,27.555,27.184748,1200,0.0,1.0
2018-03-27,27.555,27.555,27.555,27.555,27.184748,0,0.0,1.0
2018-03-28,27.525999,27.674999,27.525999,27.674999,27.303133000000003,700,0.0,1.0
2018-03-29,27.674999,27.674999,27.674999,27.674999,27.303133000000003,0,0.0,1.0
2018-04-02,27.09,27.09,27.09,27.09,26.858954999999998,200,0.13699999999999998,1.0
2018-04-03,27.41,27.59,27.4,27.59,27.354691,2100,0.0,1.0
2018-04-04,27.620001000000002,27.76,27.620001000000002,27.74,27.503412,4000,0.0,1.0
2018-04-05,27.74,27.74,27.74,27.74,27.503412,0,0.0,1.0
2018-04-06,27.790001,27.790001,27.790001,27.790001,27.552985999999997,100,0.0,1.0
2018-04-09,27.784,27.82,27.719998999999998,27.82,27.582728999999997,4500,0.0,1.0
2018-04-10,27.988001,27.988001,27.988001,27.988001,27.749298,1200,0.0,1.0
2018-04-11,28.087,28.087,28.087,28.087,27.847452,200,0.0,1.0
2018-04-12,28.08,28.08,28.000999,28.000999,27.762186,300,0.0,1.0
2018-04-13,28.035999,28.040001,28.035999,28.040001,27.800853999999998,2000,0.0,1.0
2018-04-16,28.040001,28.040001,28.040001,28.040001,27.800853999999998,0,0.0,1.0
2018-04-17,28.299999,28.299999,28.299999,28.299999,28.058636,200,0.0,1.0
2018-04-18,28.513,28.629998999999998,28.513,28.629998999999998,28.385820000000002,200,0.0,1.0
2018-04-19,28.42,28.42,28.113001,28.113001,27.873232,4700,0.0,1.0
2018-04-20,28.113001,28.113001,28.113001,28.113001,27.873232,0,0.0,1.0
2018-04-23,27.940001000000002,27.941,27.870001000000002,27.941,27.702697999999998,1900,0.0,1.0
2018-04-24,27.681998999999998,27.681998999999998,27.681998999999998,27.681998999999998,27.445906,300,0.0,1.0
2018-04-25,27.693001000000002,27.84,27.693001000000002,27.84,27.602559999999997,700,0.0,1.0
2018-04-26,27.731001000000003,27.731001000000003,27.731001000000003,27.731001000000003,27.494490000000003,300,0.0,1.0
2018-04-27,27.731001000000003,27.731001000000003,27.731001000000003,27.731001000000003,27.494490000000003,0,0.0,1.0
2018-04-30,27.731001000000003,27.731001000000003,27.731001000000003,27.731001000000003,27.494490000000003,200,0.0,1.0
2018-05-01,27.778999,27.778999,27.778999,27.778999,27.542078000000004,300,0.0,1.0
2018-05-02,27.780001000000002,27.780001000000002,27.709999,27.709999,27.473667,700,0.0,1.0
2018-05-03,27.610001,27.615,27.610001,27.615,27.379478000000002,400,0.0,1.0
2018-05-04,27.615,27.615,27.615,27.615,27.379478000000002,0,0.0,1.0
2018-05-07,27.84,28.040001,27.84,28.040001,27.800853999999998,800,0.0,1.0
2018-05-08,27.98,27.99,27.98,27.99,27.751279999999998,400,0.0,1.0
2018-05-09,27.99,27.99,27.99,27.99,27.751279999999998,0,0.0,1.0
2018-05-10,27.99,27.99,27.99,27.99,27.751279999999998,0,0.0,1.0
2018-05-11,28.4,28.4,28.4,28.4,28.157784000000003,800,0.0,1.0
2018-05-14,28.4,28.4,28.4,28.4,28.157784000000003,100,0.0,1.0
2018-05-15,28.08,28.08,28.08,28.08,27.840511,300,0.0,1.0
2018-05-16,28.08,28.08,28.08,28.08,27.840511,100,0.0,1.0
2018-05-17,28.316999,28.35,28.316999,28.35,28.108209999999996,500,0.0,1.0
2018-05-18,28.35,28.35,28.35,28.35,28.108209999999996,0,0.0,1.0
2018-05-21,28.49,28.57,28.479,28.479,28.236109000000003,500,0.0,1.0
2018-05-22,28.479,28.479,28.479,28.479,28.236109000000003,0,0.0,1.0
2018-05-23,28.360001,28.360001,28.360001,28.360001,28.118123999999998,100,0.0,1.0
2018-05-24,28.360001,28.360001,28.360001,28.360001,28.118123999999998,0,0.0,1.0
2018-05-25,28.360001,28.360001,28.360001,28.360001,28.118123999999998,0,0.0,1.0
2018-05-29,27.879998999999998,27.879998999999998,27.879998999999998,27.879998999999998,27.642218,200,0.0,1.0
2018-05-30,27.879998999999998,27.879998999999998,27.879998999999998,27.879998999999998,27.642218,0,0.0,1.0
2018-05-31,27.879998999999998,27.879998999999998,27.879998999999998,27.879998999999998,27.642218,0,0.0,1.0
2018-06-01,27.879998999999998,27.879998999999998,27.879998999999998,27.879998999999998,27.642218,0,0.0,1.0
2018-06-04,27.879998999999998,27.879998999999998,27.879998999999998,27.879998999999998,27.642218,0,0.0,1.0
2018-06-05,28.209999,28.209999,28.181998999999998,28.181998999999998,27.941640999999997,3600,0.0,1.0
2018-06-06,28.530001000000002,28.530001000000002,28.52,28.530001000000002,28.286673999999998,3000,0.0,1.0
2018-06-07,28.358,28.358,28.358,28.358,28.11614,200,0.0,1.0
2018-06-08,28.358,28.49,28.358,28.49,28.247015,200,0.0,1.0
2018-06-11,28.5,28.5,28.365,28.365,28.123081,800,0.0,1.0
2018-06-12,28.365,28.365,28.365,28.365,28.123081,100,0.0,1.0
2018-06-13,28.365,28.365,28.365,28.365,28.123081,100,0.0,1.0
2018-06-14,28.365,28.365,28.365,28.365,28.123081,100,0.0,1.0
2018-06-15,28.299999,28.299999,28.299999,28.299999,28.058636,200,0.0,1.0
2018-06-18,28.040001,28.040001,28.040001,28.040001,27.800853999999998,2000,0.0,1.0
2018-06-19,28.040001,28.040001,28.040001,28.040001,27.800853999999998,0,0.0,1.0
2018-06-20,28.040001,28.040001,28.040001,28.040001,27.800853999999998,100,0.0,1.0
2018-06-21,27.969998999999998,27.969998999999998,27.969998999999998,27.969998999999998,27.731448999999998,100,0.0,1.0
2018-06-22,28.139999,28.139999,28.139999,28.139999,27.9,100,0.0,1.0
2018-06-25,28.139999,28.139999,28.139999,28.139999,27.9,100,0.0,1.0
2018-06-26,28.139999,28.139999,28.139999,28.139999,27.9,0,0.0,1.0
2018-06-27,28.139999,28.139999,28.139999,28.139999,27.9,0,0.0,1.0
2018-06-28,28.139999,28.139999,28.139999,28.139999,27.9,0,0.0,1.0
2018-06-29,28.139999,28.139999,28.139999,28.139999,27.9,100,0.0,1.0
2018-07-02,27.0,27.0,26.982,26.982,26.982,200,0.24,1.0
2018-07-03,26.982,26.982,26.982,26.982,26.982,0,0.0,1.0
2018-07-05,27.497999,27.497999,27.497999,27.497999,27.497999,200,0.0,1.0
2018-07-06,27.497999,27.497999,27.497999,27.497999,27.497999,0,0.0,1.0
2018-07-09,27.497999,27.497999,27.497999,27.497999,27.497999,100,0.0,1.0
2018-07-10,27.781,27.781,27.781,27.781,27.781,600,0.0,1.0
2018-07-11,27.725,27.725,27.725,27.725,27.725,200,0.0,1.0
2018-07-12,27.76,27.76,27.76,27.76,27.76,350000,0.0,1.0
2018-07-13,27.881001,27.881001,27.881001,27.881001,27.881001,100,0.0,1.0
2018-07-16,27.881001,27.881001,27.881001,27.881001,27.881001,0,0.0,1.0
2018-07-17,27.881001,27.881001,27.881001,27.881001,27.881001,0,0.0,1.0
2018-07-18,27.790001,27.790001,27.75,27.75,27.75,500,0.0,1.0
2018-07-19,27.75,27.75,27.75,27.75,27.75,100,0.0,1.0
2018-07-20,27.77,27.909,27.77,27.813999,27.813999,1300,0.0,1.0
2018-07-23,28.101999,28.101999,28.101999,28.101999,28.101999,500,0.0,1.0
2018-07-24,28.101999,28.101999,28.101999,28.101999,28.101999,100,0.0,1.0
2018-07-25,28.101999,28.101999,28.101999,28.101999,28.101999,0,0.0,1.0
2018-07-26,28.110001,28.110001,28.030001000000002,28.030001000000002,28.030001000000002,1900,0.0,1.0
2018-07-27,28.379998999999998,28.379998999999998,28.129998999999998,28.139999,28.139999,2200,0.0,1.0
2018-07-30,28.139999,28.139999,28.139999,28.139999,28.139999,100,0.0,1.0
2018-07-31,28.139999,28.139999,28.139999,28.139999,28.139999,0,0.0,1.0
2018-08-01,28.209,28.209,28.209,28.209,28.209,200,0.0,1.0
2018-08-02,28.209,28.209,28.209,28.209,28.209,0,0.0,1.0
2018-08-03,28.209,28.209,28.209,28.209,28.209,0,0.0,1.0
2018-08-06,28.049999,28.049999,28.049999,28.049999,28.049999,100,0.0,1.0
2018-08-07,28.049999,28.049999,28.049999,28.049999,28.049999,0,0.0,1.0
2018-08-08,28.27,28.27,28.27,28.27,28.27,0,0.0,1.0
2018-08-09,28.27,28.27,28.27,28.27,28.27,0,0.0,1.0
2018-08-10,27.775,27.775,27.775,27.775,27.775,400,0.0,1.0
2018-08-13,27.806998999999998,27.806998999999998,27.740999,27.740999,27.740999,400,0.0,1.0
2018-08-14,27.73,27.73,27.73,27.73,27.73,100,0.0,1.0
2018-08-15,27.73,27.73,27.73,27.73,27.73,100,0.0,1.0
2018-08-16,27.73,27.73,27.73,27.73,27.73,0,0.0,1.0
2018-08-17,27.73,27.73,27.73,27.73,27.73,0,0.0,1.0
2018-08-20,27.73,27.73,27.73,27.73,27.73,0,0.0,1.0
2018-08-21,27.73,27.73,27.73,27.73,27.73,0,0.0,1.0
2018-08-22,27.73,27.73,27.73,27.73,27.73,0,0.0,1.0
2018-08-23,27.940001000000002,27.940001000000002,27.93,27.93,27.93,800,0.0,1.0
2018-08-24,27.93,27.93,27.93,27.93,27.93,100,0.0,1.0
2018-08-27,27.93,27.93,27.93,27.93,27.93,100,0.0,1.0
2018-08-28,28.4,28.499001,28.4,28.499001,28.499001,500,0.0,1.0
2018-08-29,28.499001,28.499001,28.499001,28.499001,28.499001,0,0.0,1.0
2018-08-30,28.320999,28.320999,28.320999,28.320999,28.320999,200,0.0,1.0
2018-08-31,28.320999,28.320999,28.320999,28.320999,28.320999,0,0.0,1.0
2018-09-04,28.320999,28.320999,28.320999,28.320999,28.320999,0,0.0,1.0
2018-09-05,28.320999,28.320999,28.320999,28.320999,28.320999,0,0.0,1.0
2018-09-06,27.927,27.927,27.927,27.927,27.927,500,0.0,1.0
2018-09-07,27.700001,27.700001,27.450001,27.450001,27.450001,3400,0.0,1.0
2018-09-10,27.450001,27.450001,27.450001,27.450001,27.450001,0,0.0,1.0
2018-09-11,27.450001,27.450001,27.450001,27.450001,27.450001,100,0.0,1.0
2018-09-12,27.450001,27.450001,27.450001,27.450001,27.450001,0,0.0,1.0
2018-09-13,27.450001,27.450001,27.450001,27.450001,27.450001,0,0.0,1.0
2018-09-14,28.139999,28.139999,28.139999,28.139999,28.139999,200,0.0,1.0
2018-09-17,28.139999,28.139999,28.139999,28.139999,28.139999,0,0.0,1.0
2018-09-18,28.139999,28.139999,28.139999,28.139999,28.139999,0,0.0,1.0
2018-09-19,28.139999,28.139999,28.139999,28.139999,28.139999,600000,0.0,1.0
2018-09-20,28.139999,28.139999,28.139999,28.139999,28.139999,0,0.0,1.0
2018-09-21,28.678301,28.620001000000002,28.620001000000002,28.620001000000002,28.620001000000002,2605,0.0,1.0
