date,Open,High,Low,Close,Adj Close,Volume,Dividends,Stock Splits
2017-07-05,19.91,19.91,19.91,19.91,19.232653,0,0.0,1.0
2017-07-06,19.91,19.91,19.91,19.91,19.232653,0,0.0,1.0
2017-07-07,19.91,19.91,19.91,19.91,19.232653,0,0.0,1.0
2017-07-10,19.82,19.82,19.82,19.82,19.145714,100,0.0,1.0
2017-07-11,19.82,19.82,19.82,19.82,19.145714,100,0.0,1.0
2017-07-12,19.82,19.82,19.82,19.82,19.145714,0,0.0,1.0
2017-07-17,49.91,49.970001,49.91,49.959998999999996,48.260342,1400,0.0,1.0
2017-07-18,50.040001000000004,50.110001000000004,50.040001000000004,50.110001000000004,48.405235,8600,0.0,1.0
2017-07-19,50.110001000000004,50.16,50.09,50.110001000000004,48.405235,4900,0.0,1.0
2017-07-20,50.189999,50.25,50.167,50.169998,48.463192,2900,0.0,1.0
2017-07-21,50.279999,50.299999,50.27,50.279999,48.56945,900,0.0,1.0
2017-07-24,50.279999,50.279999,50.279999,50.279999,48.56945,0,0.0,1.0
2017-07-25,50.060001,50.07,49.990002000000004,49.990002000000004,48.289322,10200,0.0,1.0
2017-07-26,50.029999,50.169998,50.029999,50.169998,48.463192,4400,0.0,1.0
2017-07-27,50.02,50.067001,50.02,50.064999,48.361767,781400,0.0,1.0
2017-07-28,50.099998,50.169998,50.099998,50.139998999999996,48.434227,303100,0.0,1.0
2017-07-31,50.130001,50.169998,50.130001,50.169998,48.463192,22900,0.0,1.0
2017-08-01,50.099998,50.189999,50.099998,50.189999,48.602646,579100,0.124,1.0
2017-08-02,50.209998999999996,50.209998999999996,50.150002,50.150002,48.563919,170000,0.0,1.0
2017-08-03,50.16,50.200001,50.16,50.200001,48.612328000000005,502200,0.0,1.0
2017-08-04,50.080002,50.080002,49.98,50.02,48.438023,11700,0.0,1.0
2017-08-07,50.049999,50.080002,50.02,50.049999,48.46706,85200,0.0,1.0
2017-08-08,50.007999,50.007999,49.849998,49.880001,48.302448,12100,0.0,1.0
2017-08-09,49.959998999999996,49.98,49.896999,49.896999,48.318913,4400,0.0,1.0
2017-08-10,49.91,49.939999,49.849998,49.93,48.350861,9000,0.0,1.0
2017-08-11,49.82,49.939999,49.82,49.939999,48.36055,9000,0.0,1.0
2017-08-14,49.91,49.970001,49.869999,49.93,48.350861,14600,0.0,1.0
2017-08-15,49.872002,49.872002,49.872002,49.872002,48.294701,300,0.0,1.0
2017-08-16,49.889998999999996,50.080002,49.889998999999996,50.029999,48.447701,16800,0.0,1.0
2017-08-17,49.990002000000004,50.09,49.990002000000004,50.080002,48.496128000000006,13600,0.0,1.0
2017-08-18,50.119999,50.139998999999996,50.029999,50.047001,48.464161,16900,0.0,1.0
2017-08-21,50.049999,50.110001000000004,50.049999,50.099998,48.515488,3800,0.0,1.0
2017-08-22,50.049999,50.09,50.026001,50.049999,48.46706,9300,0.0,1.0
2017-08-23,50.139998999999996,50.169998,50.099998,50.150002,48.563919,1017800,0.0,1.0
2017-08-24,50.099998,50.150002,50.099998,50.105,48.520325,25800,0.0,1.0
2017-08-25,50.119999,50.220001,50.110001000000004,50.16,48.573593,83500,0.0,1.0
2017-08-28,50.174999,50.200001,50.16,50.200001,48.612328000000005,19700,0.0,1.0
2017-08-29,50.290001000000004,50.299999,50.16,50.189999,48.602646,20700,0.0,1.0
2017-08-30,50.189999,50.189999,50.189999,50.189999,48.602646,400,0.0,1.0
2017-08-31,50.240002000000004,50.240002000000004,50.200001,50.240002000000004,48.651061999999996,21700,0.0,1.0
2017-09-01,50.16,50.16,50.09,50.09,48.577358000000004,1200,0.07400000000000001,1.0
2017-09-05,50.16,50.282001,50.150002,50.256001,48.73835,20600,0.0,1.0
2017-09-06,50.27,50.299999,50.189999,50.189999,48.674335,2300,0.0,1.0
2017-09-07,50.23,50.439999,50.23,50.439999,48.916786,41000,0.0,1.0
2017-09-08,50.23,50.290001000000004,50.23,50.290001000000004,48.77132,6000,0.0,1.0
2017-09-11,50.099998,50.099998,50.099998,50.099998,48.587051,200,0.0,1.0
2017-09-12,50.099998,50.099998,50.040001000000004,50.040001000000004,48.52887,2200,0.0,1.0
2017-09-13,50.110001000000004,50.110001000000004,50.02,50.035,48.524021000000005,6300,0.0,1.0
2017-09-14,50.029999,50.110001000000004,50.02,50.099998,48.587051,12300,0.0,1.0
2017-09-15,50.07,50.110001000000004,50.062,50.110001000000004,48.596748,28700,0.0,1.0
2017-09-18,50.099998,50.099998,50.099998,50.099998,48.587051,1300,0.0,1.0
2017-09-19,50.119999,50.119999,50.119999,50.119999,48.606457,1000,0.0,1.0
2017-09-20,50.110001000000004,50.110001000000004,49.959998999999996,50.080002,48.567661,17700,0.0,1.0
2017-09-21,50.080002,50.16,50.040001000000004,50.049999,48.538563,35800,0.0,1.0
2017-09-22,50.139998999999996,50.139998999999996,50.029999,50.119999,48.606457,30900,0.0,1.0
2017-09-25,50.150002,50.27,50.150002,50.25,48.732525,27000,0.0,1.0
2017-09-26,50.200001,50.220001,50.200001,50.220001,48.703434,4000,0.0,1.0
2017-09-27,49.990002000000004,49.990002000000004,49.98,49.98,48.47068,300,0.0,1.0
2017-09-28,50.0,50.119999,49.970001,50.110001000000004,48.596748,13700,0.0,1.0
2017-09-29,50.189999,50.209998999999996,50.07,50.18,48.664639,61800,0.0,1.0
2017-10-02,50.008998999999996,50.008998999999996,50.008998999999996,50.008998999999996,48.614098,100,0.11900000000000001,1.0
2017-10-03,50.009997999999996,50.09,50.009997999999996,50.09,48.692837,6500,0.0,1.0
2017-10-04,50.080002,50.169998,50.080002,50.16,48.76088,8700,0.0,1.0
2017-10-05,50.080002,50.110001000000004,50.080002,50.110001000000004,48.712269,2100,0.0,1.0
2017-10-06,50.049999,50.049999,50.040001000000004,50.040001000000004,48.644238,2100,0.0,1.0
2017-10-09,50.040001000000004,50.110001000000004,50.029999,50.099998,48.702549,2300,0.0,1.0
2017-10-10,50.080002,50.209998999999996,50.080002,50.110001000000004,48.712269,24800,0.0,1.0
2017-10-11,50.150002,50.150002,50.110001000000004,50.110001000000004,48.712269,2100,0.0,1.0
2017-10-12,50.029999,50.139998999999996,50.029999,50.119999,48.721992,53400,0.0,1.0
2017-10-13,50.150002,50.251999,50.150002,50.169998,48.770596000000005,1000,0.0,1.0
2017-10-16,50.25,50.25,50.193001,50.193001,48.792961,1300,0.0,1.0
2017-10-17,50.169998,50.259997999999996,50.16,50.25,48.848372999999995,7900,0.0,1.0
2017-10-18,50.09,50.150002,50.09,50.146999,48.748238,4800,0.0,1.0
2017-10-19,50.195,50.27,50.150002,50.200001,48.799766999999996,44300,0.0,1.0
2017-10-20,50.080002,50.084998999999996,50.07,50.084998999999996,48.687969,4400,0.0,1.0
2017-10-23,50.136002000000005,50.136002000000005,50.136002000000005,50.136002000000005,48.737541,400,0.0,1.0
2017-10-24,50.060001,50.09,50.060001,50.07,48.673389,13800,0.0,1.0
2017-10-25,49.93,49.976002,49.91,49.976002,48.58202,15800,0.0,1.0
2017-10-26,49.91,50.009997999999996,49.91,50.005001,48.610207,1000,0.0,1.0
2017-10-27,50.080002,50.099998,50.080002,50.099998,48.702549,2200,0.0,1.0
2017-10-30,50.185001,50.185001,50.185001,50.185001,48.785183,300,0.0,1.0
2017-10-31,50.145,50.145,50.132,50.132,48.733662,500,0.0,1.0
2017-11-01,50.0,50.07,50.0,50.029999,48.7551,3500,0.124,1.0
2017-11-02,50.064999,50.080002,50.064999,50.080002,48.803829,600,0.0,1.0
2017-11-03,50.099998,50.099998,50.099998,50.099998,48.823311,900,0.0,1.0
2017-11-06,50.095001,50.205002,50.095001,50.194,48.914921,14200,0.0,1.0
2017-11-07,50.049999,50.125999,50.049999,50.09,48.813576,3000,0.0,1.0
2017-11-08,50.09,50.09,50.049999,50.049999,48.77459,1500,0.0,1.0
2017-11-09,49.939999,49.988997999999995,49.915001000000004,49.988997999999995,48.715145,2000,0.0,1.0
2017-11-10,49.790001000000004,49.790001000000004,49.709998999999996,49.720001,48.452999,1300,0.0,1.0
2017-11-13,49.75,49.75,49.700001,49.715,48.448128000000004,2500,0.0,1.0
2017-11-14,49.639998999999996,49.700001,49.639998999999996,49.700001,48.43351,5500,0.0,1.0
2017-11-15,49.759997999999996,49.858002,49.683997999999995,49.858002,48.587482,2000,0.0,1.0
2017-11-16,49.889998999999996,49.893002,49.849998,49.849998,48.579681,2200,0.0,1.0
2017-11-17,49.919998,49.919998,49.919998,49.919998,48.6479,200,0.0,1.0
2017-11-20,49.919998,49.929001,49.889998999999996,49.929001,48.656677,1600,0.0,1.0
2017-11-21,50.049999,50.060001,50.049999,50.049999,48.77459,3500,0.0,1.0
2017-11-22,50.200001,50.209998999999996,50.200001,50.209998999999996,48.930510999999996,300,0.0,1.0
2017-11-24,50.189999,50.189999,50.189999,50.189999,48.911021999999996,700,0.0,1.0
2017-11-27,50.139998999999996,50.169998,50.110001000000004,50.169998,48.891525,6900,0.0,1.0
2017-11-28,50.189999,50.189999,50.189999,50.189999,48.911021999999996,300,0.0,1.0
2017-11-29,50.02,50.02,49.93,50.0,48.725868,3000,0.0,1.0
2017-11-30,49.900002,49.970001,49.900002,49.959998999999996,48.686886,3200,0.0,1.0
2017-12-01,49.869999,50.110001000000004,49.869999,50.049999,48.892029,6200,0.12,1.0
2017-12-04,49.93,50.049999,49.93,50.0,48.843182,2100,0.0,1.0
2017-12-05,49.98,50.113997999999995,49.98,50.113997999999995,48.954544,1700,0.0,1.0
2017-12-06,50.278999,50.278999,50.220001,50.220001,49.058094,1000,0.0,1.0
2017-12-07,50.071999,50.071999,50.071999,50.071999,48.913517,500,0.0,1.0
2017-12-08,50.09,50.09,50.041,50.044998,48.887138,5300,0.0,1.0
2017-12-11,50.139998999999996,50.139998999999996,50.049999,50.049999,48.892029,2700,0.0,1.0
2017-12-12,49.969002,49.969002,49.963001,49.963001,48.807041,600,0.0,1.0
2017-12-13,50.080002,50.080002,50.02,50.02,48.86272,600,0.0,1.0
2017-12-14,50.195,50.196999,50.189999,50.196999,49.035629,1200,0.0,1.0
2017-12-15,50.240002000000004,50.25,50.240002000000004,50.25,49.087402000000004,21900,0.0,1.0
2017-12-18,50.299999,50.299999,50.16,50.16,48.999477,1800,0.0,1.0
2017-12-19,50.060001,50.060001,50.009997999999996,50.009997999999996,48.852947,1000,0.0,1.0
2017-12-20,49.889998999999996,49.911999,49.889998999999996,49.900002,48.745499,1200,0.0,1.0
2017-12-21,49.950001,49.950001,49.945999,49.945999,48.790440000000004,700,0.0,1.0
2017-12-22,49.999001,49.999001,49.987999,49.987999,48.831466999999996,400,0.0,1.0
2017-12-26,50.040001000000004,50.040001000000004,50.029999,50.029999,48.872486,1100,0.0,1.0
2017-12-27,50.07,50.07,50.07,50.07,49.037022,300,0.128,1.0
2017-12-28,50.080002,50.139998999999996,50.080002,50.119999,49.085991,1200,0.0,1.0
2017-12-29,50.09,50.220001,50.07,50.220001,49.183926,50500,0.0,1.0
2018-01-02,50.099998,50.099998,49.959998999999996,50.025002,48.992958,42900,0.0,1.0
2018-01-03,50.049999,50.095001,50.049999,50.07,49.037022,12900,0.0,1.0
2018-01-04,50.040001000000004,50.040001000000004,50.040001000000004,50.040001000000004,49.007652,800,0.0,1.0
2018-01-05,50.02,50.02,50.002998,50.004002,48.972384999999996,2600,0.0,1.0
2018-01-08,50.049999,50.060001,50.049999,50.055,49.022327000000004,1500,0.0,1.0
2018-01-09,49.950001,49.950001,49.889998999999996,49.93,48.89991,2200,0.0,1.0
2018-01-10,49.810001,49.959998999999996,49.810001,49.959998999999996,48.929295,2100,0.0,1.0
2018-01-11,49.903999,50.060001,49.903999,50.049999,49.017437,2800,0.0,1.0
2018-01-12,49.959998999999996,50.07,49.959998999999996,50.07,49.037022,600,0.0,1.0
2018-01-16,50.07,50.07,50.07,50.07,49.037022,0,0.0,1.0
2018-01-17,50.080002,50.09,49.938,49.938,48.907745,2800,0.0,1.0
2018-01-18,49.849998,49.860001000000004,49.849998,49.860001000000004,48.83136,400,0.0,1.0
2018-01-19,49.77,49.77,49.709998999999996,49.709998999999996,48.684447999999996,144800,0.0,1.0
2018-01-22,49.77,49.77,49.669998,49.669998,48.645271,14300,0.0,1.0
2018-01-23,49.790001000000004,49.790001000000004,49.75,49.77,48.743214,4800,0.0,1.0
2018-01-24,49.757,49.779999,49.737999,49.775002,48.748112,10300,0.0,1.0
2018-01-25,49.734001,49.959998999999996,49.734001,49.959998999999996,48.929295,11000,0.0,1.0
2018-01-26,49.799999,49.889998999999996,49.799999,49.889998999999996,48.860737,3700,0.0,1.0
2018-01-29,49.75,49.779999,49.740002000000004,49.779999,48.753006,2000,0.0,1.0
2018-01-30,49.740002000000004,49.740002000000004,49.650002,49.669998,48.645271,2500,0.0,1.0
2018-01-31,49.740002000000004,49.77,49.66,49.759997999999996,48.733418,10400,0.0,1.0
2018-02-01,49.689999,49.689999,49.599998,49.599998,48.691208,2600,0.11699999999999999,1.0
2018-02-02,49.349998,49.355,49.275002,49.275002,48.372166,5900,0.0,1.0
2018-02-05,49.189999,49.490002000000004,49.189999,49.490002000000004,48.583228999999996,4500,0.0,1.0
2018-02-06,49.27,49.34,49.259997999999996,49.279999,48.377068,5300,0.0,1.0
2018-02-07,49.380001,49.380001,49.080002,49.139998999999996,48.239635,4600,0.0,1.0
2018-02-08,49.005001,49.105,48.970001,48.970001,48.072753999999996,2000,0.0,1.0
2018-02-09,48.860001000000004,48.880001,48.790001000000004,48.790001000000004,47.896046000000005,182100,0.0,1.0
2018-02-12,48.830002,48.845001,48.759997999999996,48.799999,47.905865000000006,17000,0.0,1.0
2018-02-13,48.68,48.709998999999996,48.580002,48.630001,47.738979,479100,0.0,1.0
2018-02-14,48.630001,48.630001,48.5,48.560001,47.670265,6600,0.0,1.0
2018-02-15,48.669998,48.799999,48.669998,48.790001000000004,47.896046000000005,260700,0.0,1.0
2018-02-16,48.794998,48.93,48.759997999999996,48.759997999999996,47.8666,385500,0.0,1.0
2018-02-20,48.77,48.779999,48.59,48.630001,47.738979,77500,0.0,1.0
2018-02-21,48.66,48.699001,48.457001,48.500999,47.612343,5300,0.0,1.0
2018-02-22,48.580002,48.636002000000005,48.580002,48.598,47.707565,3800,0.0,1.0
2018-02-23,48.650002,48.740002000000004,48.650002,48.720001,47.827335,6600,0.0,1.0
2018-02-26,48.790001000000004,48.900002,48.790001000000004,48.790001000000004,47.896046000000005,2100,0.0,1.0
2018-02-27,48.740002000000004,48.740002000000004,48.509997999999996,48.509997999999996,47.621181,700,0.0,1.0
2018-02-28,48.580002,48.669998,48.580002,48.639998999999996,47.748795,3300,0.0,1.0
2018-03-01,48.415001000000004,48.540001000000004,48.415001000000004,48.540001000000004,47.779305,3500,0.131,1.0
2018-03-02,48.43,48.43,48.34,48.349998,47.592285,1400,0.0,1.0
2018-03-05,48.490002000000004,48.490002000000004,48.330002,48.375999,47.617878000000005,12000,0.0,1.0
2018-03-06,48.459998999999996,48.560001,48.459998999999996,48.463001,47.703514,2000,0.0,1.0
2018-03-07,48.41,48.439999,48.41,48.437,47.677925,500,0.0,1.0
2018-03-08,48.560001,48.57,48.490002000000004,48.5,47.739937,11100,0.0,1.0
2018-03-09,48.389998999999996,48.389998999999996,48.362999,48.366001000000004,47.608036,5700,0.0,1.0
2018-03-12,48.41,48.439999,48.400002,48.41,47.651344,2700,0.0,1.0
2018-03-13,48.389998999999996,48.43,48.389998999999996,48.41,47.651344,5100,0.0,1.0
2018-03-14,48.34,48.540001000000004,48.34,48.521999,47.761593,13900,0.0,1.0
2018-03-15,48.493999,48.493999,48.491001000000004,48.491001000000004,47.731075,1200,0.0,1.0
2018-03-16,48.48,48.569,48.48,48.569,47.807858,96700,0.0,1.0
2018-03-19,48.485001000000004,48.52,48.474998,48.476002,47.716316,2600,0.0,1.0
2018-03-20,48.308997999999995,48.400002,48.308997999999995,48.389998999999996,47.631657000000004,42400,0.0,1.0
2018-03-21,48.216,48.287997999999995,48.16,48.287997999999995,47.531258,1000,0.0,1.0
2018-03-22,48.389998999999996,48.400002,48.389998999999996,48.389998999999996,47.631657000000004,3600,0.0,1.0
2018-03-23,48.349998,48.380001,48.341,48.380001,47.621815000000005,4400,0.0,1.0
2018-03-26,48.349998,48.409,48.349998,48.373001,47.614929,12200,0.0,1.0
2018-03-27,48.439999,48.59,48.389998999999996,48.59,47.828526000000004,4000,0.0,1.0
2018-03-28,48.543999,48.543999,48.459998999999996,48.5,47.739937,2000,0.0,1.0
2018-03-29,48.650002,48.759997999999996,48.650002,48.759997999999996,47.995865,1600,0.0,1.0
2018-04-02,48.52,48.700001,48.52,48.698002,48.059021,49700,0.126,1.0
2018-04-03,48.568001,48.580002,48.5,48.558997999999995,47.921844,4500,0.0,1.0
2018-04-04,48.619999,48.619999,48.490002000000004,48.556,47.91888,3400,0.0,1.0
2018-04-05,48.549999,48.549999,48.490002000000004,48.52,47.883358,9800,0.0,1.0
2018-04-06,48.657001,48.66,48.630001,48.643002,48.004745,2400,0.0,1.0
2018-04-09,48.659,48.695,48.659,48.695,48.056065000000004,514500,0.0,1.0
2018-04-10,48.741001000000004,48.77,48.720001,48.747002,48.107388,6900,0.0,1.0
2018-04-11,48.808997999999995,48.808997999999995,48.771,48.771,48.131062,1700,0.0,1.0
2018-04-12,48.703998999999996,48.720001,48.66,48.694,48.055073,3400,0.0,1.0
2018-04-13,48.68,48.691002000000005,48.630001,48.630001,47.991917,2100,0.0,1.0
2018-04-16,48.619999,48.73,48.619999,48.73,48.090603,1800,0.0,1.0
2018-04-17,48.669998,48.735001000000004,48.669998,48.715,48.075798,3100,0.0,1.0
2018-04-18,48.689999,48.689999,48.583,48.583,47.945534,2200,0.0,1.0
2018-04-19,48.439999,48.439999,48.297001,48.389998999999996,47.755066,113700,0.0,1.0
2018-04-20,48.32,48.349998,48.299999,48.299999,47.666245,10200,0.0,1.0
2018-04-23,48.290001000000004,48.290001000000004,48.195,48.23,47.597164,4300,0.0,1.0
2018-04-24,48.240002000000004,48.240002000000004,48.110001000000004,48.125999,47.494526,32300,0.0,1.0
2018-04-25,48.053001,48.053001,47.966,47.966,47.336628000000005,900,0.0,1.0
2018-04-26,48.029999,48.146,48.029999,48.07,47.439259,2300,0.0,1.0
2018-04-27,48.130001,48.23,48.130001,48.150002,47.518215000000005,6500,0.0,1.0
2018-04-30,48.206001,48.25,48.18,48.23,47.597164,2200,0.0,1.0
2018-05-01,47.970001,47.98,47.880001,47.929001,47.41317,1700,0.115,1.0
2018-05-02,48.029999,48.029999,47.988997999999995,48.009997999999996,47.49329,2900,0.0,1.0
2018-05-03,48.07,48.077999,47.970001,48.040001000000004,47.522971999999996,2300,0.0,1.0
2018-05-04,48.028999,48.028999,47.974998,48.02,47.503189,1800,0.0,1.0
2018-05-07,47.939999,48.0,47.939999,47.953998999999996,47.437901000000004,22400,0.0,1.0
2018-05-08,47.939999,47.959998999999996,47.91,47.959998999999996,47.443829,14700,0.0,1.0
2018-05-09,47.921001000000004,47.932999,47.869999,47.889998999999996,47.374588,2700,0.0,1.0
2018-05-10,48.0,48.064999,48.0,48.064999,47.547703000000006,1600,0.0,1.0
2018-05-11,48.039001,48.09,48.0,48.09,47.57243,2700,0.0,1.0
2018-05-14,48.028999,48.060001,48.022999,48.060001,47.542759000000004,2300,0.0,1.0
2018-05-15,47.800999,47.860001000000004,47.726002,47.77,47.255878,2400,0.0,1.0
2018-05-16,47.889,47.889998999999996,47.810001,47.810001,47.295448,4600,0.0,1.0
2018-05-17,47.755001,47.790001000000004,47.745998,47.75,47.236088,2700,0.0,1.0
2018-05-18,47.75,47.800999,47.75,47.800999,47.286545000000004,2200,0.0,1.0
2018-05-21,47.75,47.84,47.75,47.811001,47.296436,4100,0.0,1.0
2018-05-22,47.849998,47.849998,47.75,47.75,47.236088,5300,0.0,1.0
2018-05-23,47.919998,47.970001,47.919998,47.970001,47.453728000000005,21900,0.0,1.0
2018-05-24,48.110001000000004,48.119999,48.080002,48.099998,47.582325,29100,0.0,1.0
2018-05-25,48.201,48.201,48.186001,48.199001,47.68026,1600,0.0,1.0
2018-05-29,48.244999,48.451,48.244999,48.451,47.929546,2900,0.0,1.0
2018-05-30,48.310001,49.316002000000005,48.209998999999996,48.244999,47.725765,951100,0.0,1.0
2018-05-31,48.34,48.360001000000004,48.259997999999996,48.34,47.819744,12000,0.0,1.0
2018-06-01,48.068001,48.139998999999996,48.040001000000004,48.040001000000004,47.618522999999996,4100,0.09699999999999999,1.0
2018-06-04,48.009997999999996,48.029999,47.950001,48.009997999999996,47.588783,4000,0.0,1.0
2018-06-05,48.02,48.118999,48.009997999999996,48.009997999999996,47.588783,7300,0.0,1.0
2018-06-06,47.844002,47.844002,47.830002,47.834,47.41433,3500,0.0,1.0
2018-06-07,47.91,48.049999,47.896999,47.990002000000004,47.568965999999996,2800,0.0,1.0
2018-06-08,47.955002,47.988997999999995,47.950001,47.950001,47.529312,4600,0.0,1.0
2018-06-11,47.849998,47.908001,47.849998,47.887001,47.466865999999996,5100,0.0,1.0
2018-06-12,47.894001,47.939999,47.882999,47.939999,47.519397999999995,1700,0.0,1.0
2018-06-13,47.938,47.941002000000005,47.810001,47.865002000000004,47.445060999999995,16900,0.0,1.0
2018-06-14,47.950001,48.055,47.950001,47.990002000000004,47.568965999999996,3600,0.0,1.0
2018-06-15,48.155998,48.18,48.029999,48.049999,47.628429,3000,0.0,1.0
2018-06-18,47.972,48.0,47.900002,47.900002,47.479752000000005,17100,0.0,1.0
2018-06-19,48.0,48.02,47.93,47.93,47.509491,15000,0.0,1.0
2018-06-20,48.029999,48.029999,47.77,47.77,47.350891,5500,0.0,1.0
2018-06-21,47.785,47.810001,47.77,47.810001,47.390541,1800,0.0,1.0
2018-06-22,47.709998999999996,47.810001,47.709998999999996,47.740002000000004,47.321156,4200,0.0,1.0
2018-06-25,47.787997999999995,47.787997999999995,47.759997999999996,47.764998999999996,47.345936,3500,0.0,1.0
2018-06-26,47.82,47.869999,47.790001000000004,47.790001000000004,47.370715999999994,7200,0.0,1.0
2018-06-27,47.945,47.972,47.889998999999996,47.972,47.551117,1900,0.0,1.0
2018-06-28,47.950001,47.950001,47.912997999999995,47.912997999999995,47.492638,1900,0.0,1.0
2018-06-29,48.006001,48.037997999999995,47.900002,47.900002,47.479752000000005,4900,0.0,1.0
2018-07-02,47.810001,47.82,47.77,47.779999,47.497643,4600,0.138,1.0
2018-07-03,47.895,47.939999,47.869999,47.869999,47.587109000000005,10300,0.0,1.0
2018-07-05,47.960999,48.049999,47.959998999999996,48.029999,47.746165999999995,2800,0.0,1.0
2018-07-06,48.152,48.18,48.060001,48.09,47.805809,5400,0.0,1.0
2018-07-09,48.029999,48.16,48.029999,48.16,47.875397,2900,0.0,1.0
2018-07-10,48.153,48.16,48.118999,48.119999,47.835632000000004,3000,0.0,1.0
2018-07-11,48.162997999999995,48.220001,48.099998,48.162997999999995,47.87838,13800,0.0,1.0
2018-07-12,48.25,48.25,48.200001,48.200001,47.915161,800,0.0,1.0
2018-07-13,48.209998999999996,48.310001,48.209998999999996,48.23,47.944984000000005,8000,0.0,1.0
2018-07-16,48.16,48.25,48.150002,48.169998,47.885334,7600,0.0,1.0
2018-07-17,48.208,48.231998,48.16,48.220001,47.935047,4200,0.0,1.0
2018-07-18,48.254002,48.255001,48.176998,48.195,47.910191,13200,0.0,1.0
2018-07-19,48.280998,48.310001,48.240002000000004,48.263,47.977790999999996,4300,0.0,1.0
2018-07-20,48.25,48.25,48.099998,48.099998,47.815754,11100,0.0,1.0
2018-07-23,48.021,48.096001,47.939999,47.950001,47.666641,17900,0.0,1.0
2018-07-24,48.09,48.169998,48.037997999999995,48.09,47.805809,8500,0.0,1.0
2018-07-25,48.181,48.219002,48.181,48.183997999999995,47.899254,1400,0.0,1.0
2018-07-26,48.189999,48.259997999999996,48.189999,48.259997999999996,47.974808,2200,0.0,1.0
2018-07-27,48.308997999999995,48.310001,48.209998999999996,48.209998999999996,47.925102,23500,0.0,1.0
2018-07-30,48.23,48.23,48.139998999999996,48.139998999999996,47.855518,3100,0.0,1.0
2018-07-31,48.330002,48.34,48.240002000000004,48.34,48.054333,15100,0.0,1.0
2018-08-01,48.080002,48.080002,48.056999,48.056999,47.914749,4800,0.14300000000000002,1.0
2018-08-02,47.98,48.110001000000004,47.98,48.07,47.927710999999995,5300,0.0,1.0
2018-08-03,48.18,48.259997999999996,48.150002,48.186001,48.043369,4300,0.0,1.0
2018-08-06,48.330002,48.330002,48.27,48.279999,48.137089,2700,0.0,1.0
2018-08-07,48.240002000000004,48.279999,48.169998,48.169998,48.027412,7900,0.0,1.0
2018-08-08,48.189999,48.189999,48.080002,48.080002,47.937683,1200,0.0,1.0
2018-08-09,48.209998999999996,48.209998999999996,48.119999,48.189999,48.047356,1500,0.0,1.0
2018-08-10,48.109001,48.259997999999996,48.109001,48.18,48.037388,3600,0.0,1.0
2018-08-13,48.169998,48.200001,48.099998,48.099998,47.957623,4400,0.0,1.0
2018-08-14,48.215,48.215,48.119999,48.178001,48.035393,1500,0.0,1.0
2018-08-15,48.264998999999996,48.282001,48.235001000000004,48.279999,48.137089,2900,0.0,1.0
2018-08-16,48.367001,48.367001,48.280998,48.285,48.142075,2800,0.0,1.0
2018-08-17,48.408001,48.424999,48.32,48.32,48.176971,2200,0.0,1.0
2018-08-20,48.529999,48.540001000000004,48.450001,48.529999,48.386348999999996,3300,0.0,1.0
2018-08-21,48.424,48.470001,48.380001,48.400002,48.256737,7800,0.0,1.0
2018-08-22,48.549999,48.549999,48.389998999999996,48.469002,48.325531,4900,0.0,1.0
2018-08-23,48.52,48.529999,48.451,48.451,48.307583,2700,0.0,1.0
2018-08-24,48.432999,48.52,48.432999,48.439999,48.296616,3600,0.0,1.0
2018-08-27,48.380001,48.470001,48.369999,48.369999,48.226822,5600,0.0,1.0
2018-08-28,48.34,48.373001,48.279999,48.369999,48.226822,14100,0.0,1.0
2018-08-29,48.380001,48.380001,48.27,48.27,48.127121,10500,0.0,1.0
2018-08-30,48.396999,48.396999,48.290001000000004,48.290001000000004,48.147059999999996,2900,0.0,1.0
2018-08-31,48.43,48.43,48.259997999999996,48.310001,48.167004,4500,0.0,1.0
2018-09-04,48.043999,48.043999,47.959998999999996,47.999001,47.999001,3600,0.14300000000000002,1.0
2018-09-05,47.950001,48.029999,47.950001,48.001999,48.001999,5100,0.0,1.0
2018-09-06,48.110001000000004,48.138,48.089001,48.09,48.09,5700,0.0,1.0
2018-09-07,47.929001,48.0,47.919998,47.919998,47.919998,2200,0.0,1.0
2018-09-10,47.98,48.080002,47.98,48.080002,48.080002,1400,0.0,1.0
2018-09-11,47.937,47.990002000000004,47.91,47.990002000000004,47.990002000000004,4200,0.0,1.0
2018-09-12,48.099998,48.099998,48.033001,48.080002,48.080002,20400,0.0,1.0
2018-09-13,48.09,48.119999,48.049999,48.119999,48.119999,2000,0.0,1.0
2018-09-14,48.029999,48.110001000000004,48.029999,48.040001000000004,48.040001000000004,4600,0.0,1.0
2018-09-17,48.07,48.130001,48.046001000000004,48.109001,48.109001,1576900,0.0,1.0
2018-09-18,48.0,48.009997999999996,47.849998,47.888,47.888,23400,0.0,1.0
2018-09-19,47.851002,47.851002,47.722,47.790001000000004,47.790001000000004,6300,0.0,1.0
2018-09-20,47.810001,47.990002000000004,47.810001,47.990002000000004,47.990002000000004,22400,0.0,1.0
2018-09-21,47.973,48.02,47.919998,48.0,48.0,24400,0.0,1.0
2018-09-24,47.919998,47.98,47.877998,47.919998,47.919998,13000,0.0,1.0
2018-09-25,47.869999,47.880001,47.779999,47.862,47.862,33100,0.0,1.0
2018-09-26,47.950001,48.019901000000004,47.8801,47.984299,47.984299,7819,0.0,1.0
