date,Open,High,Low,Close,Adj Close,Volume,Dividends,Stock Splits
2018-01-16,23.49,23.540001,23.23,23.23,22.117767,271800,0.0,1.0
2018-01-17,23.309998999999998,23.35,22.940001000000002,22.959999,21.860695,334500,0.0,1.0
2018-01-18,22.959999,22.959999,22.77,22.870001000000002,21.775005,300200,0.0,1.0
2018-01-19,22.809998999999998,22.98,22.74,22.969998999999998,21.870214,208500,0.0,1.0
2018-01-22,23.02,23.040001,22.77,22.790001,21.698837,179000,0.0,1.0
2018-01-23,22.92,23.1,22.889999,23.01,21.908304,154500,0.0,1.0
2018-01-24,22.99,23.059998999999998,22.93,23.0,21.898782999999998,114500,0.0,1.0
2018-01-25,23.030001000000002,23.190001000000002,22.99,23.18,22.07016,115900,0.0,1.0
2018-01-26,23.120001000000002,23.18,23.040001,23.08,21.974951,137300,0.0,1.0
2018-01-29,23.0,23.059998999999998,22.75,22.76,21.670273,170500,0.0,1.0
2018-01-30,22.639999,22.719998999999998,22.200001,22.52,21.441765,230100,0.0,1.0
2018-01-31,22.59,22.75,22.59,22.73,21.641706,142700,0.0,1.0
2018-02-01,22.700001,22.799999,22.5,22.530001000000002,21.451286,128300,0.0,1.0
2018-02-02,22.48,22.48,22.299999,22.35,21.279903,102400,0.0,1.0
2018-02-05,22.25,22.27,21.25,21.280001000000002,20.261135,277900,0.0,1.0
2018-02-06,21.059998999999998,21.75,21.059998999999998,21.690001000000002,20.651502999999998,229100,0.0,1.0
2018-02-07,21.74,21.959999,21.690001000000002,21.690001000000002,20.651502999999998,138200,0.0,1.0
2018-02-08,21.790001,21.809998999999998,21.4,21.4,20.375389000000002,177300,0.0,1.0
2018-02-09,21.459999,21.459999,21.0,21.360001,20.469303,186500,0.138,1.0
2018-02-12,21.450001,21.77,21.360001,21.58,20.680126,143100,0.0,1.0
2018-02-13,21.610001,21.799999,21.459999,21.799999,20.890953,107900,0.0,1.0
2018-02-14,21.459999,21.83,21.459999,21.77,20.862206,147200,0.0,1.0
2018-02-15,21.82,22.09,21.719998999999998,22.02,21.101779999999998,138300,0.0,1.0
2018-02-16,22.01,22.209999,21.940001000000002,22.209999,21.283855,89600,0.0,1.0
2018-02-20,22.190001000000002,22.190001000000002,21.91,21.940001000000002,21.025118,83200,0.0,1.0
2018-02-21,22.040001,22.139999,21.860001,21.879998999999998,20.967615,140000,0.0,1.0
2018-02-22,21.950001,21.98,21.620001000000002,21.639999,20.737623000000003,127300,0.0,1.0
2018-02-23,21.719998999999998,21.93,21.719998999999998,21.9,20.986786,123600,0.0,1.0
2018-02-26,22.040001,22.1,21.98,22.08,21.159277,96200,0.0,1.0
2018-02-27,22.09,22.1,21.790001,21.84,20.929287,81900,0.0,1.0
2018-02-28,21.85,21.940001000000002,21.67,21.690001000000002,20.785542,113700,0.0,1.0
2018-03-01,21.73,21.879998999999998,21.66,21.67,20.766376,92500,0.0,1.0
2018-03-02,21.65,21.690001000000002,21.530001000000002,21.65,20.747207999999997,55600,0.0,1.0
2018-03-05,21.629998999999998,21.940001000000002,21.629998999999998,21.93,21.015532999999998,33900,0.0,1.0
2018-03-06,22.030001000000002,22.030001000000002,21.809998999999998,21.879998999999998,20.967615,64400,0.0,1.0
2018-03-07,21.879998999999998,21.879998999999998,21.700001,21.76,20.852621,91000,0.0,1.0
2018-03-08,21.76,21.85,21.719998999999998,21.74,20.833454,103100,0.0,1.0
2018-03-09,21.66,21.74,21.629998999999998,21.700001,20.927969,69400,0.138,1.0
2018-03-12,21.700001,21.950001,21.690001000000002,21.92,21.140142,118800,0.0,1.0
2018-03-13,21.959999,21.98,21.73,21.75,20.976191,61800,0.0,1.0
2018-03-14,21.790001,21.92,21.690001000000002,21.719998999999998,20.947256,111900,0.0,1.0
2018-03-15,21.74,21.9,21.620001000000002,21.690001000000002,20.918329,143800,0.0,1.0
2018-03-16,21.67,21.870001000000002,21.67,21.799999,21.024411999999998,83400,0.0,1.0
2018-03-19,21.780001000000002,21.84,21.629998999999998,21.75,20.976191,55000,0.0,1.0
2018-03-20,21.74,21.82,21.48,21.49,20.725443,99700,0.0,1.0
2018-03-21,21.469998999999998,21.6,21.389999,21.41,20.648291,99900,0.0,1.0
2018-03-22,21.35,21.620001000000002,21.32,21.48,20.715795999999997,93800,0.0,1.0
2018-03-23,21.49,21.629998999999998,21.32,21.32,20.561489,75800,0.0,1.0
2018-03-26,21.43,21.469998999999998,21.190001000000002,21.26,20.503626,131100,0.0,1.0
2018-03-27,21.27,21.639999,21.27,21.440001000000002,20.677221,90100,0.0,1.0
2018-03-28,21.459999,21.58,21.440001000000002,21.58,20.812239,70300,0.0,1.0
2018-03-29,21.629998999999998,21.75,21.57,21.690001000000002,20.918329,87500,0.0,1.0
2018-04-02,21.65,21.74,21.5,21.59,20.821884,132300,0.0,1.0
2018-04-03,21.68,21.690001000000002,21.450001,21.52,20.754375,85000,0.0,1.0
2018-04-04,21.450001,21.73,21.450001,21.719998999999998,20.947256,87900,0.0,1.0
2018-04-05,21.74,21.879998999999998,21.620001000000002,21.870001000000002,21.091923,91400,0.0,1.0
2018-04-06,21.85,21.92,21.700001,21.75,20.976191,66000,0.0,1.0
2018-04-09,21.92,21.950001,21.75,21.780001000000002,21.005121,65500,0.0,1.0
2018-04-10,21.879998999999998,22.0,21.809998999999998,21.950001,21.169076999999998,150400,0.0,1.0
2018-04-11,21.73,21.91,21.73,21.85,21.205957,88200,0.138,1.0
2018-04-12,21.860001,21.9,21.65,21.67,21.031260999999997,66800,0.0,1.0
2018-04-13,21.620001000000002,21.690001000000002,21.5,21.5,20.866272,57100,0.0,1.0
2018-04-16,21.469998999999998,21.700001,21.469998999999998,21.66,21.021557,80900,0.0,1.0
2018-04-17,21.799999,21.799999,21.690001000000002,21.73,21.089493,63700,0.0,1.0
2018-04-18,21.76,21.860001,21.66,21.68,21.040966,76100,0.0,1.0
2018-04-19,21.68,21.84,21.65,21.84,21.196253,48300,0.0,1.0
2018-04-20,21.84,21.91,21.73,21.91,21.264189000000002,100900,0.0,1.0
2018-04-23,21.92,21.969998999999998,21.809998999999998,21.860001,21.215664,92200,0.0,1.0
2018-04-24,21.969998999999998,22.07,21.9,22.0,21.351536,97700,0.0,1.0
2018-04-25,21.85,21.9,21.700001,21.77,21.128315,100700,0.0,1.0
2018-04-26,21.84,21.959999,21.799999,21.940001000000002,21.293304,77200,0.0,1.0
2018-04-27,22.02,22.200001,22.0,22.08,21.429178,67200,0.0,1.0
2018-04-30,22.15,22.26,22.1,22.16,21.506819,104400,0.0,1.0
2018-05-01,22.290001,22.290001,22.129998999999998,22.200001,21.545641,84700,0.0,1.0
2018-05-02,22.219998999999998,22.360001,22.17,22.280001000000002,21.623281,52800,0.0,1.0
2018-05-03,22.370001000000002,22.440001000000002,22.139999,22.42,21.759155,86700,0.0,1.0
2018-05-04,22.440001000000002,22.620001000000002,22.35,22.6,21.933849,84300,0.0,1.0
2018-05-07,22.549999,22.66,22.549999,22.610001,21.943556,76500,0.0,1.0
2018-05-08,22.700001,22.700001,22.290001,22.35,21.691219,88900,0.0,1.0
2018-05-09,22.34,22.42,22.219998999999998,22.389999,21.73004,119400,0.0,1.0
2018-05-10,22.290001,22.389999,22.219998999999998,22.24,21.718321,74900,0.138,1.0
2018-05-11,22.34,22.440001000000002,22.33,22.35,21.825743,62700,0.0,1.0
2018-05-14,22.4,22.5,22.360001,22.41,21.884335,48100,0.0,1.0
2018-05-15,22.379998999999998,22.379998999999998,22.129998999999998,22.27,21.747616,61300,0.0,1.0
2018-05-16,22.33,22.33,22.139999,22.280001000000002,21.757382999999997,72300,0.0,1.0
2018-05-17,22.34,22.34,22.209999,22.27,21.747616,88000,0.0,1.0
2018-05-18,22.27,22.32,22.24,22.32,21.796444,123600,0.0,1.0
2018-05-21,22.4,22.450001,22.27,22.370001000000002,21.845272,65000,0.0,1.0
2018-05-22,22.49,22.49,22.33,22.4,21.874567000000003,52200,0.0,1.0
2018-05-23,22.4,22.530001000000002,22.379998999999998,22.52,21.991753,55900,0.0,1.0
2018-05-24,22.450001,22.66,22.450001,22.66,22.128467999999998,101300,0.0,1.0
2018-05-25,22.65,22.700001,22.6,22.65,22.118704,59200,0.0,1.0
2018-05-29,22.65,22.75,22.59,22.700001,22.16753,109800,0.0,1.0
2018-05-30,22.65,22.870001000000002,22.65,22.82,22.284716,107500,0.0,1.0
2018-05-31,22.870001000000002,22.950001,22.799999,22.83,22.294481,87200,0.0,1.0
2018-06-01,22.860001,22.950001,22.719998999999998,22.889999,22.353075,149200,0.0,1.0
2018-06-04,22.82,22.879998999999998,22.690001000000002,22.709999,22.177296,73100,0.0,1.0
2018-06-05,22.709999,22.709999,22.540001,22.549999,22.021048999999998,98300,0.0,1.0
2018-06-06,22.48,22.57,22.33,22.41,21.884335,74300,0.0,1.0
2018-06-07,22.459999,22.620001000000002,22.41,22.620001000000002,22.089407,89000,0.0,1.0
2018-06-08,22.41,22.459999,22.32,22.4,22.008839000000002,81100,0.138,1.0
2018-06-11,22.469998999999998,22.5,22.379998999999998,22.450001,22.057966,84800,0.0,1.0
2018-06-12,22.440001000000002,22.52,22.389999,22.5,22.107092,68100,0.0,1.0
2018-06-13,22.58,22.59,22.42,22.440001000000002,22.048141,51900,0.0,1.0
2018-06-14,22.620001000000002,22.639999,22.51,22.6,22.205347,73200,0.0,1.0
2018-06-15,22.719998999999998,22.719998999999998,22.52,22.6,22.205347,61500,0.0,1.0
2018-06-18,22.6,22.65,22.559998999999998,22.620001000000002,22.224998,42000,0.0,1.0
2018-06-19,22.620001000000002,22.84,22.549999,22.84,22.441156,115100,0.0,1.0
2018-06-20,22.92,22.950001,22.790001,22.950001,22.549234,80800,0.0,1.0
2018-06-21,23.120001000000002,23.190001000000002,22.85,22.92,22.51976,94800,0.0,1.0
2018-06-22,23.030001000000002,23.08,22.92,23.0,22.598361999999998,72700,0.0,1.0
2018-06-25,23.059998999999998,23.1,22.98,23.059998999999998,22.657314000000003,71000,0.0,1.0
2018-06-26,23.059998999999998,23.24,23.01,23.219998999999998,22.814518,42500,0.0,1.0
2018-06-27,23.26,23.309998999999998,23.120001000000002,23.139999,22.735917999999998,61100,0.0,1.0
2018-06-28,23.09,23.24,23.09,23.18,22.775217,61400,0.0,1.0
2018-06-29,23.27,23.43,23.24,23.370001000000002,22.961903,47200,0.0,1.0
2018-07-02,23.459999,23.469998999999998,23.209999,23.469998999999998,23.060154,85100,0.0,1.0
2018-07-03,23.32,23.59,23.32,23.51,23.099455,45700,0.0,1.0
2018-07-05,23.51,23.639999,23.51,23.639999,23.227182,72300,0.0,1.0
2018-07-06,23.66,23.790001,23.639999,23.76,23.345091,46200,0.0,1.0
2018-07-09,23.75,23.76,23.5,23.549999,23.138756,115800,0.0,1.0
2018-07-10,23.52,23.59,23.389999,23.43,23.020853,103500,0.0,1.0
2018-07-11,23.33,23.4,23.190001000000002,23.35,23.078178,66700,0.138,1.0
2018-07-12,23.27,23.4,23.25,23.32,23.048527,57400,0.0,1.0
2018-07-13,23.280001000000002,23.32,23.049999,23.059998999999998,22.791553,95600,0.0,1.0
2018-07-16,23.139999,23.139999,22.92,23.02,22.75202,60800,0.0,1.0
2018-07-17,23.0,23.15,22.84,23.040001,22.771788,70000,0.0,1.0
2018-07-18,22.950001,23.139999,22.879998999999998,23.1,22.831089000000002,150400,0.0,1.0
2018-07-19,23.1,23.23,23.08,23.219998999999998,22.94969,61600,0.0,1.0
2018-07-20,23.209999,23.27,23.110001,23.16,22.890388,61600,0.0,1.0
2018-07-23,23.209999,23.23,23.08,23.1,22.831089000000002,76400,0.0,1.0
2018-07-24,23.209999,23.209999,23.01,23.17,22.900272,64100,0.0,1.0
2018-07-25,23.23,23.23,23.110001,23.15,22.880505,45300,0.0,1.0
2018-07-26,23.15,23.219998999999998,23.139999,23.16,22.890388,44200,0.0,1.0
2018-07-27,23.280001000000002,23.280001000000002,23.1,23.120001000000002,22.850857,46900,0.0,1.0
2018-07-30,23.16,23.16,22.99,23.030001000000002,22.761904,61000,0.0,1.0
2018-07-31,23.18,23.389999,23.1,23.389999,23.117712,69800,0.0,1.0
2018-08-01,23.370001000000002,23.379998999999998,23.26,23.370001000000002,23.097946,37900,0.0,1.0
2018-08-02,23.209999,23.4,23.17,23.370001000000002,23.097946,91600,0.0,1.0
2018-08-03,23.4,23.6,23.4,23.42,23.147362,57700,0.0,1.0
2018-08-06,23.620001000000002,23.700001,23.540001,23.610001,23.335151999999997,98700,0.0,1.0
2018-08-07,23.620001000000002,23.73,23.620001000000002,23.65,23.374685,64400,0.0,1.0
2018-08-08,23.639999,23.66,23.469998999999998,23.52,23.246199,48000,0.0,1.0
2018-08-09,23.48,23.780001000000002,23.48,23.73,23.453753,58400,0.0,1.0
2018-08-10,23.59,23.639999,23.51,23.540001,23.402060000000002,61800,0.138,1.0
2018-08-13,23.530001000000002,23.620001000000002,23.51,23.57,23.431883,49300,0.0,1.0
2018-08-14,23.67,23.690001000000002,23.5,23.52,23.382177,75400,0.0,1.0
2018-08-15,23.48,23.65,23.360001,23.48,23.342411,58300,0.0,1.0
2018-08-16,23.48,23.6,23.4,23.540001,23.402060000000002,35000,0.0,1.0
2018-08-17,23.5,23.68,23.5,23.68,23.541239,50900,0.0,1.0
2018-08-20,23.719998999999998,23.83,23.700001,23.77,23.630713,48500,0.0,1.0
2018-08-21,23.77,23.82,23.709999,23.75,23.610828,59200,0.0,1.0
2018-08-22,23.75,23.809998999999998,23.639999,23.67,23.531298,48900,0.0,1.0
2018-08-23,23.639999,23.68,23.190001000000002,23.309998999999998,23.173407,207200,0.0,1.0
2018-08-24,23.379998999999998,23.43,23.299999,23.34,23.203232,74900,0.0,1.0
2018-08-27,23.48,23.52,23.309998999999998,23.33,23.193289,58100,0.0,1.0
2018-08-28,23.35,23.35,23.209999,23.23,23.093876,66100,0.0,1.0
2018-08-29,23.309998999999998,23.360001,23.280001000000002,23.360001,23.223114000000002,51700,0.0,1.0
2018-08-30,23.379998999999998,23.469998999999998,23.34,23.469998999999998,23.332468,41600,0.0,1.0
2018-08-31,23.540001,23.59,23.379998999999998,23.379998999999998,23.242995999999998,53500,0.0,1.0
2018-09-04,23.33,23.66,23.209999,23.52,23.382177,79600,0.0,1.0
2018-09-05,23.51,23.629998999999998,23.200001,23.24,23.103817000000003,128800,0.0,1.0
2018-09-06,23.290001,23.4,23.25,23.33,23.193289,68400,0.0,1.0
2018-09-07,23.370001000000002,23.4,23.110001,23.290001,23.153523999999997,83400,0.0,1.0
2018-09-10,23.299999,23.42,23.299999,23.379998999999998,23.242995999999998,51400,0.0,1.0
2018-09-11,23.25,23.48,23.25,23.389999,23.252937,65100,0.0,1.0
2018-09-12,23.48,23.549999,23.43,23.549999,23.412001,76600,0.0,1.0
2018-09-13,23.379998999999998,23.450001,23.299999,23.379998999999998,23.379998999999998,63500,0.138,1.0
2018-09-14,23.379998999999998,23.42,23.25,23.35,23.35,77300,0.0,1.0
2018-09-17,23.280001000000002,23.35,23.200001,23.25,23.25,53500,0.0,1.0
2018-09-18,23.290001,23.4,23.280001000000002,23.34,23.34,54825,0.0,1.0
