date,Open,High,Low,Close,Adj Close,Volume,Dividends,Stock Splits
2014-05-30,25.075001,25.075001,25.075001,25.075001,22.594042,800,0.0,1.0
2014-06-02,25.047501,25.047501,25.047501,25.047501,22.569275,400,0.0,1.0
2014-06-03,25.047501,25.047501,25.047501,25.047501,22.569275,0,0.0,1.0
2014-06-04,25.047501,25.047501,25.047501,25.047501,22.569275,0,0.0,1.0
2014-06-05,24.9825,24.99,24.9825,24.99,22.517457999999998,800,0.0,1.0
2014-06-06,24.9925,25.067498999999998,24.9925,25.067498999999998,22.58729,2400,0.0,1.0
2014-06-09,25.067498999999998,25.067498999999998,25.067498999999998,25.067498999999998,22.58729,0,0.0,1.0
2014-06-10,25.067498999999998,25.067498999999998,25.067498999999998,25.067498999999998,22.58729,0,0.0,1.0
2014-06-11,25.067498999999998,25.067498999999998,25.067498999999998,25.067498999999998,22.58729,0,0.0,1.0
2014-06-12,24.985001,24.985001,24.985001,24.985001,22.512954999999998,2000,0.0,1.0
2014-06-13,24.997498999999998,24.997498999999998,24.997498999999998,24.997498999999998,22.52421,2000,0.0,1.0
2014-06-16,24.997498999999998,24.997498999999998,24.997498999999998,24.997498999999998,22.52421,0,0.0,1.0
2014-06-17,24.997498999999998,24.997498999999998,24.997498999999998,24.997498999999998,22.52421,0,0.0,1.0
2014-06-18,24.997498999999998,24.997498999999998,24.997498999999998,24.997498999999998,22.52421,0,0.0,1.0
2014-06-19,24.997498999999998,24.997498999999998,24.997498999999998,24.997498999999998,22.52421,0,0.0,1.0
2014-06-20,24.995001000000002,24.995001000000002,24.995001000000002,24.995001000000002,22.521963,800,0.0,1.0
2014-06-23,24.995001000000002,24.995001000000002,24.995001000000002,24.995001000000002,22.521963,800,0.0,1.0
2014-06-24,24.995001000000002,24.995001000000002,24.995001000000002,24.995001000000002,22.521963,0,0.0,1.0
2014-06-25,24.995001000000002,24.995001000000002,24.995001000000002,24.995001000000002,22.521963,0,0.0,1.0
2014-06-26,24.995001000000002,24.995001000000002,24.995001000000002,24.995001000000002,22.521963,0,0.0,1.0
2014-06-27,24.995001000000002,24.995001000000002,24.995001000000002,24.995001000000002,22.521963,0,0.0,1.0
2014-06-30,24.995001000000002,24.995001000000002,24.995001000000002,24.995001000000002,22.521963,0,0.0,1.0
2014-07-01,25.012501,25.012501,25.012501,25.012501,22.636742,800,0.109325,1.0
2014-07-02,25.012501,25.012501,25.012501,25.012501,22.636742,0,0.0,1.0
2014-07-03,25.012501,25.012501,25.012501,25.012501,22.636742,0,0.0,1.0
2014-07-07,24.942498999999998,24.942498999999998,24.942498999999998,24.942498999999998,22.573389000000002,800,0.0,1.0
2014-07-08,24.985001,24.985001,24.985001,24.985001,22.611856,800,0.0,1.0
2014-07-09,24.955,24.985001,24.955,24.985001,22.611856,18400,0.0,1.0
2014-07-10,24.985001,24.985001,24.985001,24.985001,22.611856,0,0.0,1.0
2014-07-11,24.985001,24.985001,24.985001,24.985001,22.611856,0,0.0,1.0
2014-07-14,24.985001,24.985001,24.985001,24.985001,22.611856,0,0.0,1.0
2014-07-15,24.985001,24.985001,24.985001,24.985001,22.611856,0,0.0,1.0
2014-07-16,24.985001,24.985001,24.985001,24.985001,22.611856,0,0.0,1.0
2014-07-17,24.985001,24.985001,24.985001,24.985001,22.611856,0,0.0,1.0
2014-07-18,24.985001,24.985001,24.985001,24.985001,22.611856,0,0.0,1.0
2014-07-21,24.985001,24.985001,24.985001,24.985001,22.611856,0,0.0,1.0
2014-07-22,24.985001,24.985001,24.985001,24.985001,22.611856,0,0.0,1.0
2014-07-23,24.985001,24.985001,24.985001,24.985001,22.611856,0,0.0,1.0
2014-07-24,24.985001,24.985001,24.985001,24.985001,22.611856,0,0.0,1.0
2014-07-25,24.985001,24.985001,24.985001,24.985001,22.611856,0,0.0,1.0
2014-07-28,24.985001,24.985001,24.985001,24.985001,22.611856,0,0.0,1.0
2014-07-29,24.985001,24.985001,24.985001,24.985001,22.611856,0,0.0,1.0
2014-07-30,24.985001,24.985001,24.985001,24.985001,22.611856,0,0.0,1.0
2014-07-31,24.985001,24.985001,24.985001,24.985001,22.611856,0,0.0,1.0
2014-08-01,24.985001,24.985001,24.985001,24.985001,22.720910999999997,0,0.11991900000000001,1.0
2014-08-04,24.985001,24.985001,24.985001,24.985001,22.720910999999997,0,0.0,1.0
2014-08-05,25.0075,25.0075,25.0075,25.0075,22.741369,3600,0.0,1.0
2014-08-06,25.0075,25.0075,25.0075,25.0075,22.741369,0,0.0,1.0
2014-08-07,25.0075,25.0075,25.0075,25.0075,22.741369,0,0.0,1.0
2014-08-08,25.0075,25.0075,25.0075,25.0075,22.741369,0,0.0,1.0
2014-08-11,25.0075,25.0075,25.0075,25.0075,22.741369,0,0.0,1.0
2014-08-12,25.0075,25.0075,25.0075,25.0075,22.741369,0,0.0,1.0
2014-08-13,25.0075,25.0075,25.0075,25.0075,22.741369,0,0.0,1.0
2014-08-14,25.0075,25.0075,25.0075,25.0075,22.741369,0,0.0,1.0
2014-08-15,25.075001,25.075001,25.075001,25.075001,22.80275,400,0.0,1.0
2014-08-18,25.075001,25.075001,25.075001,25.075001,22.80275,0,0.0,1.0
2014-08-19,25.075001,25.075001,25.075001,25.075001,22.80275,0,0.0,1.0
2014-08-20,25.063499,25.063499,25.063499,25.063499,22.792289999999998,800,0.0,1.0
2014-08-21,25.034,25.034,25.034,25.034,22.765465,400,0.0,1.0
2014-08-22,25.034,25.034,25.034,25.034,22.765465,0,0.0,1.0
2014-08-25,25.034,25.034,25.034,25.034,22.765465,0,0.0,1.0
2014-08-26,25.022499,25.022499,25.022499,25.022499,22.755007,4000,0.0,1.0
2014-08-27,25.022499,25.022499,25.022499,25.022499,22.755007,0,0.0,1.0
2014-08-28,25.057501000000002,25.057501000000002,25.057501000000002,25.057501000000002,22.786839,800,0.0,1.0
2014-08-29,25.055,25.0725,25.055,25.0725,22.800478,1600,0.0,1.0
2014-09-02,25.0725,25.0725,25.0725,25.0725,22.918535000000002,0,0.129155,1.0
2014-09-03,25.0725,25.0725,25.0725,25.0725,22.918535000000002,0,0.0,1.0
2014-09-04,25.0725,25.0725,25.0725,25.0725,22.918535000000002,0,0.0,1.0
2014-09-05,25.0725,25.0725,25.0725,25.0725,22.918535000000002,0,0.0,1.0
2014-09-08,24.995001000000002,24.997498999999998,24.995001000000002,24.995001000000002,22.847694,6000,0.0,1.0
2014-09-09,24.995001000000002,24.995001000000002,24.995001000000002,24.995001000000002,22.847694,0,0.0,1.0
2014-09-10,24.995001000000002,24.995001000000002,24.995001000000002,24.995001000000002,22.847694,0,0.0,1.0
2014-09-11,24.913,24.913,24.912001,24.912001,22.771832,4000,0.0,1.0
2014-09-12,24.882998999999998,24.882998999999998,24.882998999999998,24.882998999999998,22.745316,400,0.0,1.0
2014-09-15,24.882998999999998,24.882998999999998,24.882998999999998,24.882998999999998,22.745316,0,0.0,1.0
2014-09-16,24.905001000000002,24.945,24.905001000000002,24.945,22.801998,31600,0.0,1.0
2014-09-17,24.915001,24.9175,24.915001,24.9175,22.776851999999998,2000,0.0,1.0
2014-09-18,24.8825,24.8825,24.8575,24.8575,22.72201,4000,0.0,1.0
2014-09-19,24.8575,24.8575,24.8575,24.8575,22.72201,0,0.0,1.0
2014-09-22,24.9025,24.922501,24.887501,24.917,22.776398,6000,0.0,1.0
2014-09-23,24.93,24.93,24.93,24.93,22.788276999999997,1200,0.0,1.0
2014-09-24,24.942498999999998,24.955,24.93675,24.950001,22.806562,11200,0.0,1.0
2014-09-25,24.950001,24.950001,24.950001,24.950001,22.806562,0,0.0,1.0
2014-09-26,24.9025,24.9025,24.9,24.9,22.760853,3200,0.0,1.0
2014-09-29,24.905001000000002,24.90675,24.905001000000002,24.90675,22.767023000000002,1200,0.0,1.0
2014-09-30,24.924999,24.924999,24.924999,24.924999,22.783712,3600,0.0,1.0
2014-10-01,24.8925,24.955,24.8925,24.9175,22.905502,33600,0.139992,1.0
2014-10-02,24.9725,25.002501000000002,24.9475,24.9475,22.933075,10400,0.0,1.0
2014-10-03,24.934998999999998,24.945,24.897499,24.945,22.930792,12000,0.0,1.0
2014-10-06,24.934998999999998,24.965,24.934998999999998,24.965,22.949175,8000,0.0,1.0
2014-10-07,24.9825,24.9825,24.9825,24.9825,22.965256,800,0.0,1.0
2014-10-08,25.014999,25.075001,25.014999,25.075001,23.050283,6800,0.0,1.0
2014-10-09,25.075001,25.102501,25.075001,25.1,23.073271,5200,0.0,1.0
2014-10-10,25.1,25.1,25.065001000000002,25.0725,23.047987,5200,0.0,1.0
2014-10-13,25.0725,25.0725,25.0725,25.0725,23.047987,0,0.0,1.0
2014-10-14,25.0725,25.0725,25.0725,25.0725,23.047987,0,0.0,1.0
2014-10-15,25.0725,25.0725,25.0725,25.0725,23.047987,0,0.0,1.0
2014-10-16,25.215,25.215,25.1675,25.1675,23.135315,2000,0.0,1.0
2014-10-17,25.125,25.125,25.09,25.09,23.064073999999998,800,0.0,1.0
2014-10-20,25.1525,25.1625,25.1525,25.1625,23.130722,2400,0.0,1.0
2014-10-21,25.1625,25.1625,25.1625,25.1625,23.130722,0,0.0,1.0
2014-10-22,25.135,25.135,25.135,25.135,23.105439999999998,800,0.0,1.0
2014-10-23,25.110001,25.115,25.0975,25.115,23.087053,4400,0.0,1.0
2014-10-24,25.147499,25.147499,25.137251000000003,25.137251000000003,23.10751,1200,0.0,1.0
2014-10-27,25.120001000000002,25.122498999999998,25.1,25.1,23.073271,2800,0.0,1.0
2014-10-28,25.115,25.115,25.115,25.115,23.087053,400,0.0,1.0
2014-10-29,25.0875,25.0875,25.057501000000002,25.0625,23.038795,13200,0.0,1.0
2014-10-30,25.030001000000002,25.07,25.030001000000002,25.067498999999998,23.043385999999998,7200,0.0,1.0
2014-10-31,25.0175,25.0175,25.0175,25.0175,22.997423,5600,0.0,1.0
2014-11-03,24.9625,24.9625,24.9625,24.9625,23.063425,1200,0.126434,1.0
2014-11-04,24.9625,24.9625,24.9625,24.9625,23.063425,0,0.0,1.0
2014-11-05,25.057501000000002,25.059998999999998,25.040501000000003,25.040501000000003,23.135492000000003,3200,0.0,1.0
2014-11-06,24.9615,24.9615,24.9615,24.9615,23.062506,1600,0.0,1.0
2014-11-07,24.9615,24.9615,24.9615,24.9615,23.062506,0,0.0,1.0
2014-11-10,24.9575,24.9575,24.9575,24.9575,23.058811,800,0.0,1.0
2014-11-11,24.9575,24.9575,24.9575,24.9575,23.058811,0,0.0,1.0
2014-11-12,24.997498999999998,24.997498999999998,24.997498999999998,24.997498999999998,23.095764000000003,800,0.0,1.0
2014-11-13,25.065001000000002,25.065001000000002,25.065001000000002,25.065001000000002,23.158123,6800,0.0,1.0
2014-11-14,25.0,25.035,25.0,25.035,23.130405,1600,0.0,1.0
2014-11-17,25.035,25.035,25.035,25.035,23.130405,0,0.0,1.0
2014-11-18,25.035,25.035,25.035,25.035,23.130405,0,0.0,1.0
2014-11-19,24.9625,24.9625,24.9625,24.9625,23.063425,3600,0.0,1.0
2014-11-20,25.0,25.0,25.0,25.0,23.098076000000002,1600,0.0,1.0
2014-11-21,25.004998999999998,25.0075,25.004998999999998,25.005501000000002,23.103157,4400,0.0,1.0
2014-11-24,24.997498999999998,25.02,24.997498999999998,25.02,23.116549,6000,0.0,1.0
2014-11-25,25.040001,25.040001,25.040001,25.040001,23.135038,800,0.0,1.0
2014-11-26,25.067498999999998,25.075001,25.067498999999998,25.075001,23.167370000000002,2000,0.0,1.0
2014-11-28,25.075001,25.075001,25.075001,25.075001,23.167370000000002,0,0.0,1.0
2014-12-01,25.0875,25.115,25.0825,25.1075,23.319614,6000,0.13141,1.0
2014-12-02,25.094998999999998,25.094998999999998,25.06625,25.0875,23.301031,3200,0.0,1.0
2014-12-03,25.040001,25.040001,25.02,25.0275,23.245298000000002,3200,0.0,1.0
2014-12-04,25.0275,25.0275,25.0275,25.0275,23.245298000000002,0,0.0,1.0
2014-12-05,24.985001,24.985001,24.985001,24.985001,23.205833,400,0.0,1.0
2014-12-08,24.955,24.965,24.9,24.940001000000002,23.164038,23200,0.0,1.0
2014-12-09,25.004998999999998,25.030001000000002,25.004998999999998,25.004998999999998,23.224404999999997,5200,0.0,1.0
2014-12-10,25.0,25.0525,25.0,25.0525,23.268520000000002,7600,0.0,1.0
2014-12-11,25.0,25.047501,24.983749,25.0425,23.259235,9200,0.0,1.0
2014-12-12,25.09025,25.09025,25.088751000000002,25.088751000000002,23.302195,6400,0.0,1.0
2014-12-15,25.060249,25.060249,25.045,25.045,23.261554999999998,2800,0.0,1.0
2014-12-16,25.094998999999998,25.094998999999998,25.041,25.041,23.257847,2000,0.0,1.0
2014-12-17,25.04525,25.04525,25.02,25.024,23.242054,2400,0.0,1.0
2014-12-18,24.9475,24.959999,24.9475,24.959999,23.182610999999998,800,0.0,1.0
2014-12-19,24.987499,24.995001000000002,24.987499,24.995001000000002,23.215118,4000,0.0,1.0
2014-12-22,24.9825,24.98975,24.969998999999998,24.98975,23.210243,4800,0.0,1.0
2014-12-23,24.9725,24.9725,24.9725,24.9725,23.194225,2000,0.0,1.0
2014-12-24,24.9,24.9,24.9,24.9,23.254351,800,0.13688,1.0
2014-12-26,24.91,24.91,24.91,24.91,23.263685,1200,0.0,1.0
2014-12-29,24.877501000000002,24.877501000000002,24.877501000000002,24.877501000000002,23.233335,400,0.0,1.0
2014-12-30,24.965,24.969998999999998,24.965,24.969998999999998,23.319717,2400,0.0,1.0
2014-12-31,24.975,24.975,24.975,24.975,23.324389,400,0.0,1.0
2015-01-02,25.009251000000003,25.025,24.952499,25.014999,23.361752,40600,0.0,1.0
2015-01-05,25.035,25.035,25.035,25.035,23.380421,600,0.0,1.0
2015-01-06,25.065001000000002,25.1,25.061251000000002,25.1,23.441132999999997,1000,0.0,1.0
2015-01-07,25.0875,25.0875,25.0875,25.0875,23.429454999999997,100,0.0,1.0
2015-01-08,25.0875,25.0875,25.0875,25.0875,23.429454999999997,0,0.0,1.0
2015-01-09,25.1075,25.1625,25.1075,25.1625,23.499493,1000,0.0,1.0
2015-01-12,25.135,25.155001000000002,25.135,25.155001000000002,23.492493,1700,0.0,1.0
2015-01-13,25.15,25.219998999999998,25.110001,25.219998999999998,23.55319,1300,0.0,1.0
2015-01-14,25.245001000000002,25.245001000000002,25.245001000000002,25.245001000000002,23.576544000000002,200,0.0,1.0
2015-01-15,25.245001000000002,25.245001000000002,25.245001000000002,25.245001000000002,23.576544000000002,500,0.0,1.0
2015-01-16,25.24,25.24,25.24,25.24,23.571877999999998,200,0.0,1.0
2015-01-20,25.219998999999998,25.219998999999998,25.219998999999998,25.219998999999998,23.55319,200,0.0,1.0
2015-01-21,25.194,25.206498999999997,25.194,25.206498999999997,23.540594,700,0.0,1.0
2015-01-22,25.2075,25.2075,25.125,25.2075,23.541521,700,0.0,1.0
2015-01-23,25.2075,25.2075,25.2075,25.2075,23.541521,0,0.0,1.0
2015-01-26,25.122498999999998,25.122498999999998,25.122498999999998,25.122498999999998,23.462149,0,0.0,1.0
2015-01-27,25.225,25.25,25.2125,25.2425,23.574211,10800,0.0,1.0
2015-01-28,25.2425,25.2425,25.2425,25.2425,23.574211,0,0.0,1.0
2015-01-29,25.16,25.16,25.16,25.16,23.49716,300,0.0,1.0
2015-01-30,25.31875,25.31875,25.31875,25.31875,23.645428,400,0.0,1.0
2015-02-02,25.31875,25.31875,25.31875,25.31875,23.763929,0,0.12626199999999999,1.0
2015-02-03,25.23975,25.247498999999998,25.2355,25.2355,23.685793,131800,0.0,1.0
2015-02-04,25.133499,25.157249,25.133499,25.157249,23.61235,500,0.0,1.0
2015-02-05,25.264999,25.2675,25.1775,25.26,23.708786,1600,0.0,1.0
2015-02-06,25.2325,25.2325,25.08,25.1775,23.631351000000002,400,0.0,1.0
2015-02-09,25.16,25.16,25.16,25.16,23.614926999999998,600,0.0,1.0
2015-02-10,25.155001000000002,25.155001000000002,25.155001000000002,25.155001000000002,23.610231,300,0.0,1.0
2015-02-11,25.136749,25.136749,25.136749,25.136749,23.593110999999997,100,0.0,1.0
2015-02-12,25.174999,25.174999,25.157,25.157,23.612114000000002,300,0.0,1.0
2015-02-13,25.195,25.200001,25.195,25.195,23.647772,2100,0.0,1.0
2015-02-17,25.1625,25.1625,25.15,25.15,23.605539,1100,0.0,1.0
2015-02-18,25.1075,25.165001,25.1075,25.165001,23.619625,700,0.0,1.0
2015-02-19,25.137501,25.137501,25.137501,25.137501,23.593805,1600,0.0,1.0
2015-02-20,25.132,25.132,25.132,25.132,23.58865,800,0.0,1.0
2015-02-23,25.151501,25.151501,25.105,25.146998999999997,23.602726,800,0.0,1.0
2015-02-24,25.215,25.235001,25.189501,25.235001,23.68532,900,0.0,1.0
2015-02-25,25.2775,25.2775,25.206249,25.206249,23.658337,800,0.0,1.0
2015-02-26,25.192498999999998,25.1975,25.192498999999998,25.1975,23.650122,2500,0.0,1.0
2015-02-27,25.1975,25.1975,25.16375,25.16375,23.618444,600,0.0,1.0
2015-03-02,25.145,25.184998999999998,25.138,25.182501000000002,23.759604,1300,0.13086099999999998,1.0
2015-03-03,25.182501000000002,25.182501000000002,25.182501000000002,25.182501000000002,23.759604,0,0.0,1.0
2015-03-04,25.182501000000002,25.182501000000002,25.18,25.18,23.757246,400,0.0,1.0
2015-03-05,25.202499,25.237499,25.190001000000002,25.237499,23.811498999999998,3200,0.0,1.0
2015-03-06,25.1425,25.147499,25.022499,25.1325,23.712431,2700,0.0,1.0
2015-03-09,25.1325,25.1325,25.1325,25.1325,23.712431,0,0.0,1.0
2015-03-10,25.17,25.17,25.151251000000002,25.167999,23.745924,600,0.0,1.0
2015-03-11,25.16025,25.1775,25.16025,25.1775,23.754889000000002,4400,0.0,1.0
2015-03-12,25.1775,25.1775,25.1775,25.1775,23.754889000000002,0,0.0,1.0
2015-03-13,25.150499,25.1875,25.1425,25.18425,23.761260999999998,600,0.0,1.0
2015-03-16,25.195,25.195,25.182501000000002,25.182751,23.759844,800,0.0,1.0
2015-03-17,25.16,25.2225,25.16,25.2225,23.79734,1600,0.0,1.0
2015-03-18,25.1675,25.172501,25.1675,25.172501,23.750168,900,0.0,1.0
2015-03-19,25.135,25.2575,25.135,25.23,23.804417,13600,0.0,1.0
2015-03-20,25.237499,25.309998999999998,25.237499,25.262501,23.835081,4300,0.0,1.0
2015-03-23,25.27,25.272499,25.25,25.26,23.832727,1900,0.0,1.0
2015-03-24,25.264999,25.295,25.264999,25.295,23.865748999999997,800,0.0,1.0
2015-03-25,25.2775,25.280001000000002,25.2775,25.280001000000002,23.851597,300,0.0,1.0
2015-03-26,25.280001000000002,25.280001000000002,25.280001000000002,25.280001000000002,23.851597,0,0.0,1.0
2015-03-27,25.283001000000002,25.283001000000002,25.2775,25.2775,23.849234,800,0.0,1.0
2015-03-30,25.3025,25.3025,25.298,25.298,23.868572,700,0.0,1.0
2015-03-31,25.3125,25.3925,25.3125,25.3225,23.891691,1400,0.0,1.0
2015-04-01,25.304251,25.3225,25.24,25.3225,24.015553,900,0.130604,1.0
2015-04-02,25.32,25.32,25.32,25.32,24.013192999999998,400,0.0,1.0
2015-04-06,25.28875,25.28875,25.28875,25.28875,23.983551000000002,200,0.0,1.0
2015-04-07,25.334999,25.377501000000002,25.245001000000002,25.245001000000002,23.942062,1700,0.0,1.0
2015-04-08,25.34,25.4175,25.334999,25.38125,24.071279999999998,1400,0.0,1.0
2015-04-09,25.3575,25.389999,25.3575,25.389999,24.079569,1100,0.0,1.0
2015-04-10,25.432501000000002,25.432501000000002,25.241501,25.241501,23.938738,1800,0.0,1.0
2015-04-13,25.4,25.407498999999998,25.4,25.407498999999998,24.096178,1700,0.0,1.0
2015-04-14,25.4475,25.4475,25.4475,25.4475,24.134104,300,0.0,1.0
2015-04-15,25.455,25.4625,25.38825,25.4625,24.148335,4000,0.0,1.0
2015-04-16,25.356001000000003,25.477501,25.356001000000003,25.477501,24.162556,5200,0.0,1.0
2015-04-17,25.487499,25.487499,25.48625,25.48625,24.170856,500,0.0,1.0
2015-04-20,25.647499,25.651251000000002,25.545,25.545,24.226576,2200,0.0,1.0
2015-04-21,25.488001,25.5175,25.275,25.397499,24.086679,22400,0.0,1.0
2015-04-22,25.5,25.5,25.5,25.5,24.183899,9200,0.0,1.0
2015-04-23,25.5,25.5,25.5,25.5,24.183899,2000,0.0,1.0
2015-04-24,25.42,25.42,25.387501,25.387501,24.077206,1200,0.0,1.0
2015-04-27,25.545,25.545,25.342501000000002,25.342501000000002,24.034525,600,0.0,1.0
2015-04-28,25.342501000000002,25.342501000000002,25.342501000000002,25.342501000000002,24.034525,0,0.0,1.0
2015-04-29,25.255251,25.33,25.255251,25.255251,23.951782,2700,0.0,1.0
2015-04-30,25.405001000000002,25.485001,25.405001000000002,25.485001,24.169667999999998,800,0.0,1.0
2015-05-01,25.413,25.4375,25.34,25.4375,24.156166,500,0.0332755,1.0
2015-05-04,25.4375,25.4375,25.4375,25.4375,24.156166,0,0.0,1.0
2015-05-05,25.304001,25.309998999999998,25.304001,25.309998999999998,24.035088000000002,400,0.0,1.0
2015-05-06,25.3855,25.397499,25.385,25.397499,24.118181,500,0.0,1.0
2015-05-07,25.4,25.4,25.181499,25.181499,23.913059,500,0.0,1.0
2015-05-08,25.327499,25.3325,25.317498999999998,25.317498999999998,24.042208,2400,0.0,1.0
2015-05-11,25.3325,25.452499,25.3025,25.3025,24.027967,1900,0.0,1.0
2015-05-12,25.3125,25.4175,25.300751,25.4175,24.137175,1900,0.0,1.0
2015-05-13,25.4625,25.4625,25.44725,25.44725,24.165419,700,0.0,1.0
2015-05-14,25.502501000000002,25.502501000000002,25.305,25.305,24.030334,2200,0.0,1.0
2015-05-15,25.522499,25.522499,25.452999,25.52,24.234505,2300,0.0,1.0
2015-05-18,25.305,25.450001,25.297501,25.450001,24.168032,1600,0.0,1.0
2015-05-19,25.415001,25.42,25.39625,25.39625,24.116989,4400,0.0,1.0
2015-05-20,25.445,25.4725,25.43,25.43,24.149048,3500,0.0,1.0
2015-05-21,25.469998999999998,25.469998999999998,25.24,25.360001,24.082565,2100,0.0,0.25
2015-05-22,25.18,25.33,25.17,25.280001000000002,24.006598999999998,3200,0.0,1.0
2015-05-26,25.299999,25.549999,25.16,25.337,24.06072,7500,0.0,1.0
2015-05-27,25.469998999999998,25.469998999999998,25.385,25.434998999999998,24.153786,10200,0.0,1.0
2015-05-28,25.360001,25.549999,25.360001,25.49,24.206026,7200,0.0,1.0
2015-05-29,25.516001,25.516001,25.32,25.379,24.100607,2100,0.0,1.0
2015-06-01,25.5,25.5,25.448999,25.450001,24.197601000000002,3600,0.031006,1.0
2015-06-02,25.43,25.48,25.295,25.295,24.050224,16200,0.0,1.0
2015-06-03,25.384001,25.384001,25.254,25.379,24.130093,4400,0.0,1.0
2015-06-04,25.389999,25.389999,25.25,25.25,24.007442,14000,0.0,1.0
2015-06-05,25.33,25.372999,25.33,25.372999,24.124384,2900,0.0,1.0
2015-06-08,25.23,25.41,25.23,25.322001,24.075895000000003,15100,0.0,1.0
2015-06-09,25.315001000000002,25.43,25.200001,25.200001,23.959904,8100,0.0,1.0
2015-06-10,25.290001,25.290001,25.200001,25.200001,23.959904,2400,0.0,1.0
2015-06-11,25.299999,25.309998999999998,25.235001,25.309998999999998,24.064487,5300,0.0,1.0
2015-06-12,25.280001000000002,25.280001000000002,25.18,25.18,23.940886,4400,0.0,1.0
2015-06-15,25.32,25.33,25.32,25.33,24.083502,300,0.0,1.0
2015-06-16,25.264,25.309,25.190001000000002,25.309,24.06353,2300,0.0,1.0
2015-06-17,25.225,25.299999,25.16,25.25,24.007442,3400,0.0,1.0
2015-06-18,25.360001,25.360001,25.16,25.17,23.931373999999998,15600,0.0,1.0
2015-06-19,25.219998999999998,25.299999,25.219998999999998,25.25,24.007442,4600,0.0,1.0
2015-06-22,25.23,25.24,25.218,25.24,23.997931,2600,0.0,1.0
2015-06-23,25.131001,25.24,25.131001,25.209999,23.969407999999998,10800,0.0,1.0
2015-06-24,25.209999,25.219998999999998,25.15,25.18,23.940886,23900,0.0,1.0
2015-06-25,25.200001,25.202,25.129998999999998,25.202,23.961798,7900,0.0,1.0
2015-06-26,25.15,25.16,25.139999,25.139999,23.902849,4500,0.0,1.0
2015-06-29,25.172001,25.24,25.172001,25.24,23.997931,1800,0.0,1.0
2015-06-30,25.219998999999998,25.25,25.16,25.24,23.997931,5400,0.0,1.0
2015-07-01,25.17,25.268998999999997,25.08,25.17,23.961914,14100,0.032172000000000006,1.0
2015-07-02,25.209999,25.35,25.17,25.200001,23.990488,30300,0.0,1.0
2015-07-06,25.299999,25.299999,25.15,25.256001,24.043793,16500,0.0,1.0
2015-07-07,25.35,25.434998999999998,25.27,25.27,24.057125,5700,0.0,1.0
2015-07-08,25.32,25.4,25.26,25.4,24.180876,7200,0.0,1.0
2015-07-09,25.26,25.389999,25.23,25.27,24.057125,35400,0.0,1.0
2015-07-10,25.370001000000002,25.370001000000002,25.212,25.215,24.004766,4700,0.0,1.0
2015-07-13,25.33,25.33,25.129998999999998,25.139999,23.933353,11900,0.0,1.0
2015-07-14,25.16,25.219998999999998,25.16,25.174999,23.966675,4200,0.0,1.0
2015-07-15,25.15,25.209999,25.15,25.200001,23.990488,11900,0.0,1.0
2015-07-16,25.18,25.197001,25.1,25.190001000000002,23.980960999999997,23600,0.0,1.0
2015-07-17,25.18,25.190001000000002,25.117001000000002,25.16,23.952396,19000,0.0,1.0
2015-07-20,25.096001,25.16,25.096001,25.16,23.952396,10500,0.0,1.0
2015-07-21,25.120001000000002,25.32,25.120001000000002,25.18,23.971439,5500,0.0,1.0
2015-07-22,25.139999,25.18,25.139999,25.18,23.971439,3800,0.0,1.0
2015-07-23,25.139999,25.190001000000002,25.139999,25.190001000000002,23.980960999999997,14900,0.0,1.0
2015-07-24,25.17,25.18,25.158001000000002,25.158001000000002,23.950492999999998,700,0.0,1.0
2015-07-27,25.120001000000002,25.219998999999998,25.120001000000002,25.219998999999998,24.009518,7300,0.0,1.0
2015-07-28,25.209999,25.209999,25.16,25.190001000000002,23.980960999999997,7100,0.0,1.0
2015-07-29,25.15,25.190001000000002,25.15,25.18,23.971439,19800,0.0,1.0
2015-07-30,25.17,25.27,25.15,25.18,23.971439,14000,0.0,1.0
2015-07-31,25.209999,25.209999,25.16,25.17,23.961914,3200,0.0,1.0
2015-08-03,25.18,25.200001,25.139999,25.139999,23.963839,3700,0.032016,1.0
2015-08-04,25.139999,25.200001,25.1,25.15,23.973370000000003,10200,0.0,1.0
2015-08-05,25.15,25.165001,25.08,25.110001,23.935246,22600,0.0,1.0
2015-08-06,25.110001,25.17,25.07,25.115,23.940006,2000,0.0,1.0
2015-08-07,25.15,25.16,25.09,25.129998999999998,23.954304,12200,0.0,1.0
2015-08-10,25.09,25.17,25.09,25.105,23.930477,13400,0.0,1.0
2015-08-11,25.1,25.27,25.09,25.09,23.916178,3900,0.0,1.0
2015-08-12,25.15,25.205,25.134001,25.190001000000002,24.011501000000003,8100,0.0,1.0
2015-08-13,25.15,25.15,25.09,25.129998999999998,23.954304,16400,0.0,1.0
2015-08-14,25.059998999999998,25.059998999999998,25.042999,25.049999,23.878045999999998,5300,0.0,1.0
2015-08-17,25.040001,25.08,25.040001,25.07,23.897112,6300,0.0,1.0
2015-08-18,25.07,25.08,25.040001,25.08,23.906648999999998,7500,0.0,1.0
2015-08-19,25.059998999999998,25.27,25.040001,25.110001,23.935246,32100,0.0,1.0
2015-08-20,25.118999,25.129998999999998,25.101,25.129998999999998,23.954304,11600,0.0,1.0
2015-08-21,25.110001,25.18,25.07,25.110001,23.935246,44900,0.0,1.0
2015-08-24,25.120001000000002,25.120001000000002,25.059998999999998,25.059998999999998,23.887579000000002,154600,0.0,1.0
2015-08-25,25.07,25.15,25.040001,25.049999,23.878045999999998,11300,0.0,1.0
2015-08-26,25.049999,25.07,25.01,25.059998999999998,23.887579000000002,8600,0.0,1.0
2015-08-27,25.040001,25.15,25.01,25.110001,23.935246,23000,0.0,1.0
2015-08-28,25.09,25.09,25.038,25.07,23.897112,4700,0.0,1.0
2015-08-31,24.981001000000003,25.059998999999998,24.981001000000003,25.02,23.849457,4400,0.0,1.0
2015-09-01,25.030001000000002,25.1,24.950001,25.056998999999998,23.915735,3900,0.032451999999999995,1.0
2015-09-02,25.040001,25.08,24.98,25.08,23.937693,5000,0.0,1.0
2015-09-03,24.981001000000003,25.09,24.981001000000003,25.084,23.941513,3800,0.0,1.0
2015-09-04,25.052999,25.129998999999998,25.052999,25.1,23.956782999999998,5900,0.0,1.0
2015-09-08,25.09,25.120001000000002,25.087999,25.1,23.956782999999998,6400,0.0,1.0
2015-09-09,25.07,25.195,25.0,25.18,24.033142,31200,0.0,1.0
2015-09-10,25.1,25.120001000000002,25.091998999999998,25.110001,23.966328,4800,0.0,1.0
2015-09-11,25.129998999999998,25.129998999999998,25.09,25.120001000000002,23.975872,4900,0.0,1.0
2015-09-14,25.120001000000002,25.129998999999998,25.09,25.129998999999998,23.985413,6500,0.0,1.0
2015-09-15,25.091998999999998,25.129998999999998,25.02,25.120001000000002,23.975872,15300,0.0,1.0
2015-09-16,25.021,25.120001000000002,25.02,25.120001000000002,23.975872,4800,0.0,1.0
2015-09-17,25.087,25.209999,25.084999,25.197001,24.049367999999998,5700,0.0,1.0
2015-09-18,25.190001000000002,25.290001,25.120001000000002,25.219998999999998,24.07132,34600,0.0,1.0
2015-09-21,25.07,25.219998999999998,25.040001,25.209999,24.061773000000002,31700,0.0,1.0
2015-09-22,25.190001000000002,25.23,25.18,25.200001,24.052231,16900,0.0,1.0
2015-09-23,25.25,25.25,25.17,25.24,24.090410000000002,23600,0.0,1.0
2015-09-24,25.27,25.27,25.194,25.194,24.046507000000002,11300,0.0,1.0
2015-09-25,25.16,25.25,25.153999,25.225,24.076097,24900,0.0,1.0
2015-09-28,25.143,25.24,25.143,25.23,24.08086,8000,0.0,1.0
2015-09-29,25.164,25.24,25.164,25.24,24.090410000000002,4700,0.0,1.0
2015-09-30,25.17,25.24,25.17,25.200001,24.052231,40600,0.0,1.0
2015-10-01,25.24,25.243999,25.17,25.23,24.110796,18700,0.03128,1.0
2015-10-02,25.23,25.23,25.200001,25.219998999999998,24.101231,12000,0.0,1.0
2015-10-05,25.25,25.25,25.200001,25.219998999999998,24.101231,16600,0.0,1.0
2015-10-06,25.190001000000002,25.209999,25.07,25.200001,24.082123,10100,0.0,1.0
2015-10-07,25.18,25.225,25.087999,25.190001000000002,24.072565,22000,0.0,1.0
2015-10-08,25.200001,25.24,25.129998999999998,25.18,24.063005,8800,0.0,1.0
2015-10-09,25.17,25.200001,25.139999,25.200001,24.082123,26500,0.0,1.0
2015-10-12,25.190001000000002,25.219998999999998,25.16,25.219998999999998,24.101231,21800,0.0,1.0
2015-10-13,25.209999,25.23,25.15,25.209999,24.091677,20800,0.0,1.0
2015-10-14,25.209999,25.209999,25.184998999999998,25.205999,24.087857999999997,11200,0.0,1.0
2015-10-15,25.24,25.249001,25.198999,25.23,24.110796,17700,0.0,1.0
2015-10-16,25.219998999999998,25.219998999999998,25.15,25.219998999999998,24.101231,5100,0.0,1.0
2015-10-19,25.190001000000002,25.25,25.184,25.25,24.12991,10500,0.0,1.0
2015-10-20,25.23,25.23,25.200001,25.204,24.085949,4300,0.0,1.0
2015-10-21,25.200001,25.200001,25.16,25.200001,24.082123,12300,0.0,1.0
2015-10-22,25.209999,25.24,25.18,25.24,24.12035,9700,0.0,1.0
2015-10-23,25.219998999999998,25.23,25.18,25.23,24.110796,9700,0.0,1.0
2015-10-26,25.25,25.26,25.17,25.23,24.110796,22600,0.0,1.0
2015-10-27,25.219998999999998,25.280001000000002,25.219998999999998,25.26,24.139461999999998,23300,0.0,1.0
2015-10-28,25.263,25.27,25.17,25.219998999999998,24.101231,20900,0.0,1.0
2015-10-29,25.17,25.200001,25.15,25.190001000000002,24.072565,9000,0.0,1.0
2015-10-30,25.190001000000002,25.190001000000002,25.139999,25.190001000000002,24.072565,12000,0.0,1.0
2015-11-02,25.200001,25.200001,25.124001,25.139999,24.056269,12700,0.03297,1.0
2015-11-03,25.17,25.17,25.077999,25.15,24.065844,14100,0.0,1.0
2015-11-04,25.129998999999998,25.129998999999998,25.105,25.110001,24.027565,10800,0.0,1.0
2015-11-05,25.059998999999998,25.120001000000002,25.059998999999998,25.120001000000002,24.03714,8200,0.0,1.0
2015-11-06,25.09,25.09,25.055,25.09,24.008423,3800,0.0,1.0
2015-11-09,25.09,25.139999,25.042,25.108,24.025644,19600,0.0,1.0
2015-11-10,25.08,25.129998999999998,25.049999,25.084,24.002684,25800,0.0,1.0
2015-11-11,25.16,25.16,25.045,25.07,23.989285,5200,0.0,1.0
2015-11-12,25.129998999999998,25.129998999999998,25.08,25.120001000000002,24.03714,24200,0.0,1.0
2015-11-13,25.1,25.16,25.055,25.120001000000002,24.03714,8700,0.0,1.0
2015-11-16,25.129998999999998,25.15,25.08,25.135,24.051486999999998,8700,0.0,1.0
2015-11-17,25.120001000000002,25.120001000000002,25.084,25.101,24.018957,33100,0.0,1.0
2015-11-18,25.129998999999998,25.129998999999998,25.084999,25.110001,24.027565,12100,0.0,1.0
2015-11-19,25.120001000000002,25.129998999999998,25.073,25.129998999999998,24.0467,11400,0.0,1.0
2015-11-20,25.124001,25.16,25.096001,25.096001,24.014166,4100,0.0,1.0
2015-11-23,25.139999,25.139999,25.048,25.120001000000002,24.03714,1800,0.0,1.0
2015-11-24,25.108999,25.120001000000002,25.099001,25.120001000000002,24.03714,20700,0.0,1.0
2015-11-25,25.110001,25.129998999999998,25.059998999999998,25.120001000000002,24.03714,7700,0.0,1.0
2015-11-27,25.09,25.139999,25.09,25.110001,24.027565,10000,0.0,1.0
2015-11-30,25.103001000000003,25.15,25.08,25.09,24.008423,7600,0.0,1.0
2015-12-01,25.049999,25.120001000000002,25.049999,25.118999,24.068213,2800,0.0334,1.0
2015-12-02,25.08,25.120001000000002,25.077,25.120001000000002,24.069172000000002,12400,0.0,1.0
2015-12-03,25.08,25.129998999999998,25.030001000000002,25.1,24.050010999999998,18700,0.0,1.0
2015-12-04,25.049999,25.120001000000002,25.049999,25.084999,24.035639,8800,0.0,1.0
2015-12-07,25.120001000000002,25.120001000000002,25.059998999999998,25.105,24.054798,4100,0.0,1.0
2015-12-08,25.096001,25.139999,25.02,25.049999,24.002104,17900,0.0,1.0
2015-12-09,25.01,25.120001000000002,25.01,25.049999,24.002104,4300,0.0,1.0
2015-12-10,25.129998999999998,25.129998999999998,25.049999,25.08,24.030846,6900,0.0,1.0
2015-12-11,25.049999,25.049999,25.044001,25.049999,24.002104,10000,0.0,1.0
2015-12-14,25.004,25.09,25.004,25.08,24.030846,354800,0.0,1.0
2015-12-15,25.049999,25.07,24.996,25.02,23.973356,13200,0.0,1.0
2015-12-16,24.99,25.059998999999998,24.9,24.98,23.935032,52100,0.0,1.0
2015-12-17,24.98,25.030001000000002,24.969998999999998,25.02,23.973356,44700,0.0,1.0
2015-12-18,25.1,25.1,25.0,25.014,23.967606,22000,0.0,1.0
2015-12-21,25.059998999999998,25.059998999999998,25.030001000000002,25.049999,24.002104,30200,0.0,1.0
2015-12-22,25.01,25.040001,25.01,25.02,23.973356,25100,0.0,1.0
2015-12-23,25.059998999999998,25.059998999999998,25.01,25.030001000000002,23.982941,27800,0.0,1.0
2015-12-24,25.01,25.02,25.0,25.0,23.978033,8200,0.024884,1.0
2015-12-28,25.02,25.02,24.92,25.02,23.997211,8100,0.0,1.0
2015-12-29,25.02,25.02,24.690001000000002,24.93,23.910891,26100,0.0,1.0
2015-12-30,24.976999,25.030001000000002,24.809998999999998,25.02,23.997211,38200,0.0,1.0
2015-12-31,24.879998999999998,25.0,24.879998999999998,24.98,23.958847,4000,0.0,1.0
2016-01-04,25.0,25.07,24.875,24.950001,23.930073,20500,0.0,1.0
2016-01-05,25.0,25.167999,24.934,24.99,23.968441000000002,31900,0.0,1.0
2016-01-06,25.07,25.1,24.940001000000002,25.059998999999998,24.035583,7200,0.0,1.0
2016-01-07,25.059998999999998,25.1,24.98,25.049999,24.025991,6700,0.0,1.0
2016-01-08,25.09,26.195,25.0,25.040001,24.016396,108400,0.0,1.0
2016-01-11,25.01,25.09,25.01,25.08,24.05476,12000,0.0,1.0
2016-01-12,25.07,25.15,25.049999,25.09,24.064356,31700,0.0,1.0
2016-01-13,25.063999,25.23,25.030001000000002,25.1,24.073944,35000,0.0,1.0
2016-01-14,25.08,25.120001000000002,25.07,25.1,24.073944,11100,0.0,1.0
2016-01-15,25.15,25.15,25.1,25.139999,24.112309,110600,0.0,1.0
2016-01-19,25.01,25.190001000000002,24.98,25.09,24.064356,45000,0.0,1.0
2016-01-20,25.089001,25.15,25.02,25.08,24.05476,46200,0.0,1.0
2016-01-21,25.139999,25.139999,25.021,25.120001000000002,24.093128,28700,0.0,1.0
2016-01-22,25.059998999999998,25.09,25.038,25.09,24.064356,24400,0.0,1.0
2016-01-25,25.030001000000002,25.15,25.030001000000002,25.110001,24.083534,31800,0.0,1.0
2016-01-26,25.073999,25.1,25.038,25.059998999999998,24.035583,53800,0.0,1.0
2016-01-27,25.07,25.07,25.01,25.049999,24.025991,27300,0.0,1.0
2016-01-28,25.059998999999998,25.09,24.99,25.09,24.064356,16300,0.0,1.0
2016-01-29,25.09,25.16,25.01,25.1,24.073944,39200,0.0,1.0
2016-02-01,25.26,25.26,25.049999,25.07,24.078072,44500,0.034303,1.0
2016-02-02,25.040001,25.08,25.040001,25.059998999999998,24.068472,28500,0.0,1.0
2016-02-03,25.08,25.120001000000002,25.059998999999998,25.105,24.111691,26800,0.0,1.0
2016-02-04,25.1,25.1,24.969998999999998,25.01,24.020449,50400,0.0,1.0
2016-02-05,25.0,25.030001000000002,25.0,25.030001000000002,24.039656,42100,0.0,1.0
2016-02-08,25.02,25.049999,25.014999,25.030001000000002,24.039656,22300,0.0,1.0
2016-02-09,25.02,25.049999,25.01,25.040001,24.049260999999998,8700,0.0,1.0
2016-02-10,25.040001,25.040001,24.969998999999998,25.0,24.010842999999998,9600,0.0,1.0
2016-02-11,25.01,25.049999,25.0,25.049999,24.058870000000002,28600,0.0,1.0
2016-02-12,25.01,25.040001,24.950001,25.030001000000002,24.039656,22000,0.0,1.0
2016-02-16,24.889999,25.004,24.870001000000002,24.959999,23.972425,63900,0.0,1.0
2016-02-17,25.02,25.02,24.968,25.01,24.020449,39300,0.0,1.0
2016-02-18,25.014,25.049999,24.959999,25.040001,24.049260999999998,36600,0.0,1.0
2016-02-19,25.02,25.030001000000002,24.965,24.966,23.978189,40700,0.0,1.0
2016-02-22,25.049999,25.059998999999998,24.93,24.98,23.991634,52500,0.0,1.0
2016-02-23,24.947001,25.02,24.940001000000002,25.006001,24.016607,29000,0.0,1.0
2016-02-24,24.959999,25.09,24.959999,25.07,24.078072,23100,0.0,1.0
2016-02-25,24.98,25.059998999999998,24.98,25.059998999999998,24.068472,12000,0.0,1.0
2016-02-26,25.059998999999998,25.1,24.98,25.1,24.10689,33100,0.0,1.0
2016-02-29,25.030001000000002,25.059998999999998,24.99,25.059998999999998,24.068472,13600,0.0,1.0
2016-03-01,25.049999,25.07,24.99,24.99,24.036333,29900,0.036588,1.0
2016-03-02,24.99,25.02,24.99,25.02,24.065186999999998,23600,0.0,1.0
2016-03-03,25.004998999999998,25.110001,24.981001000000003,25.040001,24.084423,43500,0.0,1.0
2016-03-04,25.02,25.120001000000002,25.02,25.049999,24.094044,24100,0.0,1.0
2016-03-07,25.030001000000002,25.030001000000002,25.0,25.030001000000002,24.074804,27700,0.0,1.0
2016-03-08,25.02,25.049999,25.0,25.040001,24.084423,25900,0.0,1.0
2016-03-09,25.09,25.09,25.030001000000002,25.07,24.113277,68500,0.0,1.0
2016-03-10,25.02,25.120001000000002,25.01,25.1,24.142135999999997,20200,0.0,1.0
2016-03-11,25.059998999999998,25.110001,25.02,25.110001,24.151754,31100,0.0,1.0
2016-03-14,25.02,25.138,25.02,25.040001,24.084423,26300,0.0,1.0
2016-03-15,25.040001,25.1,25.040001,25.049999,24.094044,30400,0.0,1.0
2016-03-16,25.08,25.18,25.049999,25.18,24.219079999999998,46900,0.0,1.0
2016-03-17,25.219998999999998,25.228001000000003,25.139999,25.17,24.209463,31700,0.0,1.0
2016-03-18,25.198,25.198,25.132998999999998,25.190001000000002,24.228701,23900,0.0,1.0
2016-03-21,25.15,25.219998999999998,25.15,25.219998999999998,24.257563,15800,0.0,1.0
2016-03-22,25.15,25.200001,25.15,25.200001,24.238319,30600,0.0,1.0
2016-03-23,25.179001,25.200001,25.15,25.200001,24.238319,30400,0.0,1.0
2016-03-24,25.174999,25.200001,25.16,25.200001,24.238319,33600,0.0,1.0
2016-03-28,25.18,25.219998999999998,25.17,25.18,24.219079999999998,31300,0.0,1.0
2016-03-29,25.207001,25.25,25.15,25.209999,24.247938,111700,0.0,1.0
2016-03-30,25.200001,25.26,25.17,25.26,24.296028,44100,0.0,1.0
2016-03-31,25.26,25.280001000000002,25.214001,25.27,24.305647,39700,0.0,1.0
2016-04-01,25.23,25.24,25.177999,25.237,24.307369,23300,0.034789,1.0
2016-04-04,25.219998999999998,25.309998999999998,25.129998999999998,25.23,24.300629,46800,0.0,1.0
2016-04-05,25.24,25.299999,25.23,25.26,24.329523000000002,24300,0.0,1.0
2016-04-06,25.209999,25.27,25.190001000000002,25.190001000000002,24.262104,60600,0.0,1.0
2016-04-07,25.254,25.280001000000002,25.23,25.26,24.329523000000002,28900,0.0,1.0
2016-04-08,25.309998999999998,25.370001000000002,25.216,25.26,24.329523000000002,31200,0.0,1.0
2016-04-11,25.280001000000002,25.34,25.25,25.25,24.319897,33800,0.0,1.0
2016-04-12,25.23,25.299999,25.23,25.261999,24.33145,117500,0.0,1.0
2016-04-13,25.280001000000002,25.299999,25.209999,25.24,24.310263,33500,0.0,1.0
2016-04-14,25.209999,25.27,25.190001000000002,25.24,24.310263,41400,0.0,1.0
2016-04-15,25.24,25.280001000000002,25.228001000000003,25.25,24.319897,36000,0.0,1.0
2016-04-18,25.27,25.299999,25.23,25.290001,24.358418,25600,0.0,1.0
2016-04-19,25.247999,25.32,25.23,25.290001,24.358418,45100,0.0,1.0
2016-04-20,25.280001000000002,25.299999,25.23,25.299999,24.368057,55900,0.0,1.0
2016-04-21,25.290001,25.290001,25.26,25.280001000000002,24.348786999999998,34700,0.0,1.0
2016-04-22,25.299999,25.299999,25.245001000000002,25.280001000000002,24.348786999999998,23400,0.0,1.0
2016-04-25,25.280001000000002,25.290001,25.219998999999998,25.290001,24.358418,20500,0.0,1.0
2016-04-26,25.209999,25.24,25.200001,25.24,24.310263,22600,0.0,1.0
2016-04-27,25.25,25.309998999999998,25.200001,25.259001,24.328566,20300,0.0,1.0
2016-04-28,25.26,25.309998999999998,25.219998999999998,25.309998999999998,24.377685999999997,37100,0.0,1.0
2016-04-29,25.190001000000002,25.309998999999998,25.190001000000002,25.285,24.353601,26100,0.0,1.0
2016-05-02,25.379998999999998,25.379998999999998,25.24,25.280001000000002,24.380569,41900,0.032962,1.0
2016-05-03,25.299999,25.299999,25.26,25.299999,24.399866,36300,0.0,1.0
2016-05-04,25.290001,25.299999,25.250999,25.285,24.385393,21200,0.0,1.0
2016-05-05,25.285999,25.309998999999998,25.280001000000002,25.295,24.395041,21900,0.0,1.0
2016-05-06,25.360001,25.360001,25.200001,25.299999,24.399866,97000,0.0,1.0
2016-05-09,25.200001,25.32,25.200001,25.26,24.361279999999997,11600,0.0,1.0
2016-05-10,25.26,25.33,25.250999,25.33,24.428793,56300,0.0,1.0
2016-05-11,25.290001,25.32,25.26,25.290001,24.390213,18200,0.0,1.0
2016-05-12,25.290001,25.309998999999998,25.204,25.285999,24.386356,39200,0.0,1.0
2016-05-13,25.32,25.32,25.165001,25.27,24.370924,70400,0.0,1.0
2016-05-16,25.27,25.280001000000002,25.16,25.27,24.370924,43900,0.0,1.0
2016-05-17,25.15,25.26,25.09,25.245001000000002,24.346817,22800,0.0,1.0
2016-05-18,25.177999,25.24,25.177999,25.190001000000002,24.293776,33700,0.0,1.0
2016-05-19,25.35,25.35,25.120001000000002,25.219998999999998,24.322708,63600,0.0,1.0
2016-05-20,25.219998999999998,25.278999,25.139999,25.23,24.332348,28500,0.0,1.0
2016-05-23,25.219998999999998,25.225,25.129998999999998,25.139999,24.245552,41100,0.0,1.0
2016-05-24,25.209999,25.24,25.164,25.219998999999998,24.322708,31700,0.0,1.0
2016-05-25,25.34,25.34,25.15,25.235001,24.337172,54300,0.0,1.0
2016-05-26,25.34,25.34,25.15,25.24,24.341995,20800,0.0,1.0
2016-05-27,25.25,25.252001,25.17,25.24,24.341995,18500,0.0,1.0
2016-05-31,25.49,25.49,25.200001,25.25,24.351643,29900,0.0,1.0
2016-06-01,25.15,25.209999,25.110001,25.209999,24.346779,32900,0.03497,1.0
2016-06-02,25.120001000000002,25.23,25.120001000000002,25.219998999999998,24.356438,34700,0.0,1.0
2016-06-03,25.27,25.27,25.214001,25.26,24.395070999999998,17600,0.0,1.0
2016-06-06,25.27,25.280001000000002,25.249001,25.26,24.395070999999998,9800,0.0,1.0
2016-06-07,25.200001,25.280001000000002,25.200001,25.27,24.404726,14700,0.0,1.0
2016-06-08,25.209999,25.341,25.190001000000002,25.280001000000002,24.414381,40600,0.0,1.0
2016-06-09,25.309998999999998,25.309998999999998,25.23,25.25,24.385412,37200,0.0,1.0
2016-06-10,25.290001,25.299999,25.23,25.280001000000002,24.414381,27500,0.0,1.0
2016-06-13,25.309998999999998,25.309998999999998,25.219998999999998,25.26,24.395070999999998,188100,0.0,1.0
2016-06-14,25.212999,25.290001,25.209999,25.27,24.404726,45600,0.0,1.0
2016-06-15,25.235001,25.32,25.23,25.25,24.385412,17700,0.0,1.0
2016-06-16,25.296,25.313,25.219998999999998,25.313,24.446254999999997,15400,0.0,1.0
2016-06-17,25.280001000000002,25.33,25.209999,25.219998999999998,24.356438,83800,0.0,1.0
2016-06-20,25.209999,25.299,25.209999,25.27,24.404726,43800,0.0,1.0
2016-06-21,25.298,25.298,25.200001,25.25,24.385412,57100,0.0,1.0
2016-06-22,25.247,25.306998999999998,25.24,25.280001000000002,24.414381,34100,0.0,1.0
2016-06-23,25.280001000000002,25.309998999999998,25.245001000000002,25.275999,24.410519,40500,0.0,1.0
2016-06-24,25.34,25.34,25.24,25.299999,24.433697,62600,0.0,1.0
2016-06-27,25.290001,25.440001000000002,25.26,25.313999,24.447218,62700,0.0,1.0
2016-06-28,25.309998999999998,25.33,25.27,25.309998999999998,24.443356,59500,0.0,1.0
2016-06-29,25.35,25.35,25.280001000000002,25.32,24.453016,15900,0.0,1.0
2016-06-30,25.360001,25.389999,25.309998999999998,25.365,24.496475,24300,0.0,1.0
2016-07-01,25.27,25.35,25.25,25.309998999999998,24.477028,41600,0.034893,1.0
2016-07-05,25.278,25.33,25.27,25.309998999999998,24.477028,15000,0.0,1.0
2016-07-06,25.360001,25.360001,25.295,25.299999,24.467354,112900,0.0,1.0
2016-07-07,25.33,25.34,25.26,25.33,24.496370000000002,20500,0.0,1.0
2016-07-08,25.32,25.33,25.280001000000002,25.290001,24.457689000000002,65200,0.0,1.0
2016-07-11,25.309998999999998,25.309998999999998,25.26,25.280001000000002,24.448013,69300,0.0,1.0
2016-07-12,25.309998999999998,25.32,25.25,25.299999,24.467354,22100,0.0,1.0
2016-07-13,25.26,25.326,25.219998999999998,25.309998999999998,24.477028,20400,0.0,1.0
2016-07-14,25.32,25.33,25.26,25.329,24.495403,15400,0.0,1.0
2016-07-15,25.312,25.33,25.266001,25.271,24.439314000000003,43800,0.0,1.0
2016-07-18,25.32,25.35,25.290001,25.309998999999998,24.477028,26800,0.0,1.0
2016-07-19,25.326,25.360001,25.308001,25.33,24.496370000000002,23200,0.0,1.0
2016-07-20,25.33,25.35,25.33,25.33,24.496370000000002,14900,0.0,1.0
2016-07-21,25.32,25.35,25.299999,25.309998999999998,24.477028,29000,0.0,1.0
2016-07-22,25.34,25.360001,25.301001,25.33,24.496370000000002,22600,0.0,1.0
2016-07-25,25.450001,25.450001,25.309998999999998,25.32,24.4867,27200,0.0,1.0
2016-07-26,25.4,25.4,25.290001,25.318001000000002,24.484762,38300,0.0,1.0
2016-07-27,25.32,25.34,25.290001,25.34,24.506041,41500,0.0,1.0
2016-07-28,25.290001,25.35,25.290001,25.348,24.513776999999997,18800,0.0,1.0
2016-07-29,25.379998999999998,25.389999,25.344998999999998,25.379998999999998,24.544724,16200,0.0,1.0
2016-08-01,25.34,25.360001,25.309998999999998,25.35,24.548538,30300,0.033934,1.0
2016-08-02,25.316999,25.360001,25.290001,25.35,24.548538,12200,0.0,1.0
2016-08-03,25.292999,25.370001000000002,25.292999,25.360001,24.558222,52200,0.0,1.0
2016-08-04,25.360001,25.389999,25.319,25.34,24.538849,12100,0.0,1.0
2016-08-05,25.35,25.35,25.309998999999998,25.309998999999998,24.509798,18600,0.0,1.0
2016-08-08,25.290001,25.34,25.280001000000002,25.33,24.529163,23600,0.0,1.0
2016-08-09,25.355,25.355,25.315001000000002,25.32,24.519484,11600,0.0,1.0
2016-08-10,25.33,25.360001,25.309998999999998,25.34,24.538849,26300,0.0,1.0
2016-08-11,25.370001000000002,25.370001000000002,25.32,25.32,24.519484,32200,0.0,1.0
2016-08-12,25.35,25.360001,25.302,25.33,24.529163,16500,0.0,1.0
2016-08-15,25.34,25.344,25.290001,25.33,24.529163,202700,0.0,1.0
2016-08-16,25.295,25.34,25.290001,25.309998999999998,24.509798,17900,0.0,1.0
2016-08-17,25.35,25.370001000000002,25.296,25.370001000000002,24.567904000000002,84100,0.0,1.0
2016-08-18,25.35,25.41,25.306998999999998,25.389999,24.587270999999998,37200,0.0,1.0
2016-08-19,25.370001000000002,25.4,25.290001,25.370001000000002,24.567904000000002,34600,0.0,1.0
2016-08-22,25.389999,25.41,25.32,25.360001,24.558222,29700,0.0,1.0
2016-08-23,25.33,25.415001,25.309998999999998,25.34,24.538849,25000,0.0,1.0
2016-08-24,25.4,25.41,25.309998999999998,25.34,24.538849,32000,0.0,1.0
2016-08-25,25.35,25.360001,25.32,25.33,24.529163,40400,0.0,1.0
2016-08-26,25.332001,25.384001,25.309998999999998,25.309998999999998,24.509798,23600,0.0,1.0
2016-08-29,25.348,25.379998999999998,25.290001,25.290001,24.490437,21100,0.0,1.0
2016-08-30,25.370001000000002,25.370001000000002,25.290001,25.32,24.519484,38700,0.0,1.0
2016-08-31,25.334999,25.349001,25.313999,25.33,24.529163,23800,0.0,1.0
2016-09-01,25.290001,25.319,25.26,25.299,24.531746,11400,0.033658999999999994,1.0
2016-09-02,25.32,25.32,25.25,25.27,24.503632,42100,0.0,1.0
2016-09-06,25.280001000000002,25.299999,25.26,25.280001000000002,24.513320999999998,49900,0.0,1.0
2016-09-07,25.32,25.32,25.26,25.290001,24.523020000000002,18400,0.0,1.0
2016-09-08,25.25,25.32,25.25,25.27,24.503632,27600,0.0,1.0
2016-09-09,25.23,25.280001000000002,25.23,25.26,24.493931,28700,0.0,1.0
2016-09-12,25.309998999999998,25.32,25.26,25.280001000000002,24.513320999999998,11700,0.0,1.0
2016-09-13,25.290001,25.309998999999998,25.219998999999998,25.250999,24.485201,33800,0.0,1.0
2016-09-14,25.219998999999998,25.299999,25.219998999999998,25.26,24.493931,19000,0.0,1.0
2016-09-15,25.299999,25.311001,25.271,25.309998999999998,24.542408,21000,0.0,1.0
2016-09-16,25.309998999999998,25.32,25.275,25.299999,24.532715,41200,0.0,1.0
2016-09-19,25.280001000000002,25.309998999999998,25.280001000000002,25.283001000000002,24.516226,26200,0.0,1.0
2016-09-20,25.280001000000002,25.305,25.23,25.27,24.503632,27400,0.0,1.0
2016-09-21,25.290001,25.299999,25.257998999999998,25.287001,24.520107,22800,0.0,1.0
2016-09-22,25.290001,25.305,25.26,25.290001,24.523020000000002,17000,0.0,1.0
2016-09-23,25.264,25.302,25.264,25.280001000000002,24.513320999999998,4200,0.0,1.0
2016-09-26,25.290001,25.290001,25.26,25.280001000000002,24.513320999999998,26700,0.0,1.0
2016-09-27,25.299999,25.32,25.256001,25.290001,24.523020000000002,30700,0.0,1.0
2016-09-28,25.290001,25.290001,25.27,25.290001,24.523020000000002,27700,0.0,1.0
2016-09-29,25.311001,25.33,25.290001,25.305,24.53756,16700,0.0,1.0
2016-09-30,25.280001000000002,25.309998999999998,25.26,25.26,24.493931,39600,0.0,1.0
2016-10-03,25.27,25.27,25.23,25.24,24.507488000000002,22200,0.033964999999999995,1.0
2016-10-04,25.235001,25.27,25.200001,25.24,24.507488000000002,76900,0.0,1.0
2016-10-05,25.27,25.280001000000002,25.200001,25.200001,24.468649,35100,0.0,1.0
2016-10-06,25.23,25.290001,25.205999,25.23,24.49778,32800,0.0,1.0
2016-10-07,25.24,25.264999,25.211,25.23,24.49778,17400,0.0,1.0
2016-10-10,25.24,25.33,25.24,25.26,24.526911,31500,0.0,1.0
2016-10-11,25.23,25.289,25.226,25.24,24.507488000000002,38600,0.0,1.0
2016-10-12,25.23,25.280001000000002,25.23,25.235001,24.502634,18300,0.0,1.0
2016-10-13,25.25,25.25,25.190001000000002,25.24,24.507488000000002,28700,0.0,1.0
2016-10-14,25.24,25.273001,25.200001,25.25,24.517191,90100,0.0,1.0
2016-10-17,25.243999,25.290001,25.219998999999998,25.23,24.49778,32300,0.0,1.0
2016-10-18,25.299999,25.33,25.219998999999998,25.23,24.49778,15200,0.0,1.0
2016-10-19,25.267,25.27,25.229,25.25,24.517191,27400,0.0,1.0
2016-10-20,25.280001000000002,25.319,25.219998999999998,25.25,24.517191,20100,0.0,1.0
2016-10-21,25.26,25.348,25.25,25.26,24.526911,14700,0.0,1.0
2016-10-24,25.27,25.349001,25.25,25.25,24.517191,17600,0.0,1.0
2016-10-25,25.25,25.284,25.219998999999998,25.23,24.49778,62700,0.0,1.0
2016-10-26,25.219998999999998,25.306998999999998,25.209999,25.25,24.517191,58600,0.0,1.0
2016-10-27,25.26,25.301001,25.235001,25.25,24.517191,16700,0.0,1.0
2016-10-28,25.26,25.280001000000002,25.200001,25.232,24.499716,26500,0.0,1.0
2016-10-31,25.27,25.280001000000002,25.202,25.26,24.526911,16800,0.0,1.0
2016-11-01,25.23,25.268998999999997,25.18,25.25,24.548851000000003,18900,0.032576,1.0
2016-11-02,25.26,25.280001000000002,25.18,25.200001,24.500246,15700,0.0,1.0
2016-11-03,25.290001,25.290001,25.209999,25.24,24.539133,46700,0.0,1.0
2016-11-04,25.200001,25.290001,25.190001000000002,25.254998999999998,24.553715,20100,0.0,1.0
2016-11-07,25.25,25.290001,25.209,25.24,24.539133,21400,0.0,1.0
2016-11-08,25.24,25.299999,25.18,25.190001000000002,24.490522,42000,0.0,1.0
2016-11-09,25.226,25.249001,25.190001000000002,25.24,24.539133,18400,0.0,1.0
2016-11-10,25.25,25.25,25.195,25.200001,24.500246,32400,0.0,1.0
2016-11-11,25.238001,25.25,25.18,25.25,24.548851000000003,28400,0.0,1.0
2016-11-14,25.200001,25.245001000000002,25.18,25.18,24.480801,36000,0.0,1.0
2016-11-15,25.200001,25.27,25.18,25.219998999999998,24.519688000000002,63400,0.0,1.0
2016-11-16,25.23,25.24,25.18,25.190001000000002,24.490522,35600,0.0,1.0
2016-11-17,25.209999,25.23,25.190001000000002,25.190001000000002,24.490522,67000,0.0,1.0
2016-11-18,25.209999,25.24,25.176001,25.18,24.480801,37600,0.0,1.0
2016-11-21,25.16,25.205,25.1,25.120001000000002,24.422468,46200,0.0,1.0
2016-11-22,25.18,25.202999,25.07,25.16,24.461354999999998,72100,0.0,1.0
2016-11-23,25.17,25.17,25.117001000000002,25.15,24.451628,41800,0.0,1.0
2016-11-25,25.16,25.163,25.110001,25.146,24.447744,6100,0.0,1.0
2016-11-28,25.18,25.18,25.059998999999998,25.15,24.451628,62900,0.0,1.0
2016-11-29,25.18,25.18,25.129998999999998,25.15,24.451628,32000,0.0,1.0
2016-11-30,25.17,25.17,25.09,25.16,24.461354999999998,77400,0.0,1.0
2016-12-01,25.110001,25.110001,25.063999,25.110001,24.444862,37500,0.033056999999999996,1.0
2016-12-02,25.139999,25.15,25.040001,25.08,24.415657,114600,0.0,1.0
2016-12-05,25.059998999999998,25.120001000000002,25.049999,25.120001000000002,24.454596,146200,0.0,1.0
2016-12-06,25.096001,25.15,25.093,25.129998999999998,24.464329,49700,0.0,1.0
2016-12-07,25.139999,25.15,25.1,25.120001000000002,24.454596,53400,0.0,1.0
2016-12-08,25.15,25.15,25.1,25.129998999999998,24.464329,63000,0.0,1.0
2016-12-09,25.16,25.16,25.1,25.129998999999998,24.464329,92300,0.0,1.0
2016-12-12,25.15,25.15,25.120001000000002,25.132998999999998,24.467251,35200,0.0,1.0
2016-12-13,25.139999,25.15,25.111,25.122999,24.457516000000002,71000,0.0,1.0
2016-12-14,25.139999,25.139999,25.1,25.108,24.442911,53800,0.0,1.0
2016-12-15,25.129998999999998,25.129998999999998,25.049999,25.1,24.435125,233000,0.0,1.0
2016-12-16,25.129998999999998,25.129998999999998,25.042,25.1,24.435125,74100,0.0,1.0
2016-12-19,25.120001000000002,25.139999,25.09,25.09,24.425392000000002,68600,0.0,1.0
2016-12-20,25.129998999999998,25.129998999999998,25.09,25.120001000000002,24.454596,75800,0.0,1.0
2016-12-21,25.120001000000002,25.129998999999998,25.09,25.129998999999998,24.464329,62700,0.0,1.0
2016-12-22,25.129998999999998,25.129998999999998,25.07,25.110001,24.46785,86600,0.023609,1.0
2016-12-23,25.120001000000002,25.120001000000002,25.08,25.110001,24.46785,48900,0.0,1.0
2016-12-27,25.120001000000002,25.120001000000002,25.072001,25.110001,24.46785,97000,0.0,1.0
2016-12-28,25.09,25.110001,25.09,25.110001,24.46785,74700,0.0,1.0
2016-12-29,25.110001,25.129998999999998,25.1,25.129998999999998,24.487333,55300,0.0,1.0
2016-12-30,25.129998999999998,25.15,25.101999,25.129998999999998,24.487333,115100,0.0,1.0
2017-01-03,25.139999,25.16,25.129998999999998,25.15,24.506823999999998,157000,0.0,1.0
2017-01-04,25.139999,25.139999,25.1,25.129998999999998,24.487333,109600,0.0,1.0
2017-01-05,25.129998999999998,25.160999,25.1,25.139999,24.497086,63600,0.0,1.0
2017-01-06,25.139999,25.139999,25.120001000000002,25.139999,24.497086,45000,0.0,1.0
2017-01-09,25.139999,25.139999,25.129998999999998,25.139999,24.497086,54200,0.0,1.0
2017-01-10,25.139999,25.16,25.120001000000002,25.15,24.506823999999998,79600,0.0,1.0
2017-01-11,25.16,25.169001,25.139999,25.16,24.516569,57800,0.0,1.0
2017-01-12,25.15,25.17,25.15,25.16,24.516569,218800,0.0,1.0
2017-01-13,25.23,25.23,25.120001000000002,25.16,24.516569,122600,0.0,1.0
2017-01-17,25.17,25.198999,25.145,25.17,24.526318,69800,0.0,1.0
2017-01-18,25.17,25.18,25.15,25.16,24.516569,83200,0.0,1.0
2017-01-19,25.17,25.17,25.15,25.16,24.516569,35900,0.0,1.0
2017-01-20,25.17,25.18,25.150999,25.17,24.526318,66200,0.0,1.0
2017-01-23,25.190001000000002,25.190001000000002,25.16,25.18,24.536057,131700,0.0,1.0
2017-01-24,25.18,25.23,25.16,25.190001000000002,24.545799,271700,0.0,1.0
2017-01-25,25.16,25.190001000000002,25.15,25.18,24.536057,107000,0.0,1.0
2017-01-26,25.18,25.18,25.17,25.18,24.536057,20500,0.0,1.0
2017-01-27,25.17,25.190001000000002,25.16,25.18,24.536057,103600,0.0,1.0
2017-01-30,25.16,25.18,25.16,25.18,24.536057,54400,0.0,1.0
2017-01-31,25.17,25.23,25.17,25.190001000000002,24.545799,107300,0.0,1.0
2017-02-01,25.16,25.16,25.120001000000002,25.15,24.538406,57300,0.032417,1.0
2017-02-02,25.15,25.16,25.15,25.16,24.548159,47900,0.0,1.0
2017-02-03,25.16,25.17,25.15,25.17,24.557919000000002,27600,0.0,1.0
2017-02-06,25.17,25.18,25.17,25.18,24.567671,51800,0.0,1.0
2017-02-07,25.18,25.190001000000002,25.16,25.17,24.557919000000002,426800,0.0,1.0
2017-02-08,25.18,25.18,25.17,25.18,24.567671,43200,0.0,1.0
2017-02-09,25.18,25.215,25.17,25.190001000000002,24.577429000000002,79400,0.0,1.0
2017-02-10,25.200001,25.24,25.16,25.17,24.557919000000002,58500,0.0,1.0
2017-02-13,25.190001000000002,25.190001000000002,25.16,25.18,24.567671,51900,0.0,1.0
2017-02-14,25.18,25.200001,25.143998999999997,25.17,24.557919000000002,57900,0.0,1.0
2017-02-15,25.18,25.18,25.129998999999998,25.17,24.557919000000002,45600,0.0,1.0
2017-02-16,25.15,25.190001000000002,25.15,25.17,24.557919000000002,78900,0.0,1.0
2017-02-17,25.18,25.190001000000002,25.17,25.177,24.564745000000002,55300,0.0,1.0
2017-02-21,25.18,25.200001,25.17,25.18,24.567671,47400,0.0,1.0
2017-02-22,25.18,25.209999,25.17,25.184998999999998,24.572554,56300,0.0,1.0
2017-02-23,25.24,25.24,25.16,25.190001000000002,24.577429000000002,49400,0.0,1.0
2017-02-24,25.24,25.26,25.183001,25.219998999999998,24.606699,284100,0.0,1.0
2017-02-27,25.219998999999998,25.257998999999998,25.190001000000002,25.190001000000002,24.577429000000002,98700,0.0,1.0
2017-02-28,25.219998999999998,25.23,25.18,25.200001,24.587191,89900,0.0,1.0
2017-03-01,25.209999,25.209999,25.15,25.17,24.592075,84200,0.035,1.0
2017-03-02,25.17,25.17,25.139999,25.16,24.5823,36900,0.0,1.0
2017-03-03,25.16,25.200001,25.120001000000002,25.15,24.572535000000002,111200,0.0,1.0
2017-03-06,25.16,25.16,25.139999,25.16,24.5823,148700,0.0,1.0
2017-03-07,25.16,25.18,25.139999,25.16,24.5823,29100,0.0,1.0
2017-03-08,25.16,25.16,25.129998999999998,25.15,24.572535000000002,113000,0.0,1.0
2017-03-09,25.15,25.17,25.129998999999998,25.15,24.572535000000002,45000,0.0,1.0
2017-03-10,25.15,25.153999,25.129998999999998,25.139999,24.562765,78200,0.0,1.0
2017-03-13,25.139999,25.141001,25.129998999999998,25.139999,24.562765,70000,0.0,1.0
2017-03-14,25.139999,25.139999,25.110001,25.129998999999998,24.552985999999997,69200,0.0,1.0
2017-03-15,25.129998999999998,25.17,25.120001000000002,25.16,24.5823,75800,0.0,1.0
2017-03-16,25.146998999999997,25.15,25.129998999999998,25.15,24.572535000000002,86800,0.0,1.0
2017-03-17,25.15,25.169001,25.132998999999998,25.15,24.572535000000002,53100,0.0,1.0
2017-03-20,25.139999,25.17,25.139999,25.139999,24.562765,68600,0.0,1.0
2017-03-21,25.16,25.17,25.139999,25.16,24.5823,53300,0.0,1.0
2017-03-22,25.16,25.18,25.15,25.17,24.592075,43200,0.0,1.0
2017-03-23,25.16,25.190001000000002,25.15,25.17,24.592075,28000,0.0,1.0
2017-03-24,25.17,25.190001000000002,25.16,25.16,24.5823,33400,0.0,1.0
2017-03-27,25.18,25.200001,25.16,25.18,24.601845,68300,0.0,1.0
2017-03-28,25.190001000000002,25.200001,25.15,25.17,24.592075,54800,0.0,1.0
2017-03-29,25.18,25.18,25.15,25.17,24.592075,37600,0.0,1.0
2017-03-30,25.16,25.18,25.15,25.16,24.5823,35400,0.0,1.0
2017-03-31,25.17,25.17,25.110001,25.17,24.592075,83300,0.0,1.0
2017-04-03,25.15,25.15,25.129998999999998,25.15,24.603813,67100,0.032,1.0
2017-04-04,25.15,25.15,25.129998999999998,25.15,24.603813,40000,0.0,1.0
2017-04-05,25.15,25.15,25.129998999999998,25.15,24.603813,31600,0.0,1.0
2017-04-06,25.15,25.15,25.129998999999998,25.15,24.603813,58900,0.0,1.0
2017-04-07,25.139999,25.18,25.129998999999998,25.139999,24.594028,41600,0.0,1.0
2017-04-10,25.15,25.17,25.136999,25.16,24.6136,104800,0.0,1.0
2017-04-11,25.16,25.17,25.15,25.15,24.603813,47200,0.0,1.0
2017-04-12,25.17,25.17,25.139999,25.16,24.6136,246500,0.0,1.0
2017-04-13,25.16,25.17,25.146998999999997,25.16,24.6136,90000,0.0,1.0
2017-04-17,25.16,25.190001000000002,25.15,25.160999,24.614573,26400,0.0,1.0
2017-04-18,25.16,25.219998999999998,25.15,25.17,24.623381,38100,0.0,1.0
2017-04-19,25.16,25.17,25.15,25.17,24.623381,25900,0.0,1.0
2017-04-20,25.16,25.200001,25.16,25.17,24.623381,158300,0.0,1.0
2017-04-21,25.190001000000002,25.209999,25.165001,25.190001000000002,24.642946,73500,0.0,1.0
2017-04-24,25.209999,25.209999,25.17,25.190001000000002,24.642946,49600,0.0,1.0
2017-04-25,25.23,25.23,25.16,25.17,24.623381,50200,0.0,1.0
2017-04-26,25.18,25.200001,25.165001,25.18,24.633163,46900,0.0,1.0
2017-04-27,25.188999,25.200001,25.16,25.18,24.633163,119400,0.0,1.0
2017-04-28,25.18,25.190001000000002,25.17,25.184998999999998,24.638056,52000,0.0,1.0
2017-05-01,25.18,25.18,25.129998999999998,25.139999,24.626297,37300,0.033,1.0
2017-05-02,25.15,25.18,25.129998999999998,25.164,24.649804999999997,92900,0.0,1.0
2017-05-03,25.16,25.18,25.139999,25.15,24.636095,48100,0.0,1.0
2017-05-04,25.129998999999998,25.172001,25.129998999999998,25.15,24.636095,55700,0.0,1.0
2017-05-05,25.15,25.16,25.139999,25.16,24.645893,27300,0.0,1.0
2017-05-08,25.162001,25.17,25.139999,25.15,24.636095,40600,0.0,1.0
2017-05-09,25.15,25.18,25.139999,25.15,24.636095,36800,0.0,1.0
2017-05-10,25.16,25.16,25.139999,25.146,24.632177,33900,0.0,1.0
2017-05-11,25.139999,25.15,25.139999,25.15,24.636095,36000,0.0,1.0
2017-05-12,25.16,25.16,25.139999,25.16,24.645893,26900,0.0,1.0
2017-05-15,25.17,25.17,25.15,25.16,24.645893,25900,0.0,1.0
2017-05-16,25.17,25.190001000000002,25.15,25.18,24.665482,39900,0.0,1.0
2017-05-17,25.18,25.290001,25.17,25.17,24.655687,151200,0.0,1.0
2017-05-18,25.200001,25.209999,25.18,25.190001000000002,24.675276,39300,0.0,1.0
2017-05-19,25.23,25.23,25.18,25.190001000000002,24.675276,18800,0.0,1.0
2017-05-22,25.209999,25.209999,25.18,25.190001000000002,24.675276,48100,0.0,1.0
2017-05-23,25.190001000000002,25.209999,25.16,25.18,24.665482,83700,0.0,1.0
2017-05-24,25.18,25.219998999999998,25.17,25.18,24.665482,69300,0.0,1.0
2017-05-25,25.209999,25.23,25.18,25.200001,24.685072,22900,0.0,1.0
2017-05-26,25.198,25.209999,25.17,25.190001000000002,24.675276,27700,0.0,1.0
2017-05-30,25.200001,25.25,25.17,25.200001,24.685072,84100,0.0,1.0
2017-05-31,25.5,25.5,25.18,25.18,24.665482,70500,0.0,1.0
2017-06-01,25.139999,25.16,25.139999,25.15,24.667442,39200,0.032,1.0
2017-06-02,25.16,25.209999,25.15,25.16,24.677254,37500,0.0,1.0
2017-06-05,25.17,25.18,25.15,25.17,24.687059,29700,0.0,1.0
2017-06-06,25.17,25.190001000000002,25.16,25.16,24.677254,42500,0.0,1.0
2017-06-07,25.163,25.18,25.139999,25.17,24.687059,75000,0.0,1.0
2017-06-08,25.16,25.18,25.15,25.17,24.687059,59800,0.0,1.0
2017-06-09,25.16,25.16,25.15,25.16,24.677254,34600,0.0,1.0
2017-06-12,25.16,25.172001,25.15,25.17,24.687059,31500,0.0,1.0
2017-06-13,25.16,25.17,25.15,25.16,24.677254,33100,0.0,1.0
2017-06-14,25.17,25.17,25.15,25.17,24.687059,24000,0.0,1.0
2017-06-15,25.17,25.209,25.15,25.16,24.677254,86200,0.0,1.0
2017-06-16,25.15,25.17,25.15,25.17,24.687059,47300,0.0,1.0
2017-06-19,25.17,25.209999,25.16,25.16,24.677254,58500,0.0,1.0
2017-06-20,25.17,25.190001000000002,25.16,25.17,24.687059,27000,0.0,1.0
2017-06-21,25.200001,25.200001,25.16,25.17,24.687059,40900,0.0,1.0
2017-06-22,25.16,25.209999,25.15,25.16,24.677254,69600,0.0,1.0
2017-06-23,25.17,25.209999,25.16,25.17,24.687059,53700,0.0,1.0
2017-06-26,25.167999,25.190001000000002,25.15,25.190001000000002,24.706676,50300,0.0,1.0
2017-06-27,25.177,25.190001000000002,25.15,25.17,24.687059,138600,0.0,1.0
2017-06-28,25.219998999999998,25.219998999999998,25.16,25.190001000000002,24.706676,42300,0.0,1.0
2017-06-29,25.200001,25.209999,25.16,25.186001,24.702751,34200,0.0,1.0
2017-06-30,25.200001,25.218,25.16,25.190001000000002,24.706676,34000,0.0,1.0
2017-07-03,25.15,25.209999,25.120001000000002,25.139999,24.690962,11900,0.034,1.0
2017-07-05,25.139999,25.18,25.125,25.16,24.710606,48400,0.0,1.0
2017-07-06,25.17,25.17,25.139999,25.143,24.693907,36500,0.0,1.0
2017-07-07,25.200001,25.200001,25.15,25.16,24.710606,31800,0.0,1.0
2017-07-10,25.139999,25.17,25.139999,25.155001000000002,24.705692000000003,44400,0.0,1.0
2017-07-11,25.155001000000002,25.16,25.139999,25.16,24.710606,22600,0.0,1.0
2017-07-12,25.17,25.17,25.16,25.17,24.720423,14200,0.0,1.0
2017-07-13,25.16,25.173,25.16,25.16,24.710606,21500,0.0,1.0
2017-07-14,25.165001,25.17,25.16,25.17,24.720423,11000,0.0,1.0
2017-07-17,25.16,25.17,25.16,25.16,24.710606,102800,0.0,1.0
2017-07-18,25.17,25.190001000000002,25.153,25.174999,24.725336,46500,0.0,1.0
2017-07-19,25.190001000000002,25.190001000000002,25.16,25.16,24.710606,70700,0.0,1.0
2017-07-20,25.18,25.18,25.16,25.17,24.720423,22300,0.0,1.0
2017-07-21,25.18,25.219998999999998,25.15,25.184998999999998,24.735155,44700,0.0,1.0
2017-07-24,25.17,25.190001000000002,25.16,25.16,24.710606,68300,0.0,1.0
2017-07-25,25.17,25.200001,25.16,25.18,24.730244,53400,0.0,1.0
2017-07-26,25.209999,25.209999,25.177999,25.190001000000002,24.740068,27000,0.0,1.0
2017-07-27,25.18,25.195,25.17,25.17,24.720423,42400,0.0,1.0
2017-07-28,25.18,25.209999,25.17,25.18,24.730244,24500,0.0,1.0
2017-07-31,25.17,25.219998999999998,25.17,25.200001,24.749891,55000,0.0,1.0
2017-08-01,25.17,25.17,25.15,25.17,24.752838,58700,0.033,1.0
2017-08-02,25.17,25.17,25.139999,25.17,24.752838,174700,0.0,1.0
2017-08-03,25.17,25.200001,25.15,25.17,24.752838,35700,0.0,1.0
2017-08-04,25.17,25.200001,25.143,25.16,24.743006,54300,0.0,1.0
2017-08-07,25.18,25.18,25.139999,25.16,24.743006,64300,0.0,1.0
2017-08-08,25.15,25.171,25.139999,25.17,24.752838,24500,0.0,1.0
2017-08-09,25.17,25.18,25.15,25.16,24.743006,24900,0.0,1.0
2017-08-10,25.17,25.18,25.129998999999998,25.16,24.743006,92000,0.0,1.0
2017-08-11,25.16,25.18,25.159,25.16,24.743006,38900,0.0,1.0
2017-08-14,25.16,25.17,25.139999,25.17,24.752838,98000,0.0,1.0
2017-08-15,25.156,25.17,25.155001000000002,25.17,24.752838,56000,0.0,1.0
2017-08-16,25.17,25.18,25.15,25.16,24.743006,40500,0.0,1.0
2017-08-17,25.17,25.18,25.15,25.17,24.752838,88500,0.0,1.0
2017-08-18,25.190001000000002,25.209999,25.15,25.200001,24.782345,39700,0.0,1.0
2017-08-21,25.17,25.200001,25.16,25.16,24.743006,46200,0.0,1.0
2017-08-22,25.200001,25.200001,25.15,25.17,24.752838,75700,0.0,1.0
2017-08-23,25.17,25.200001,25.16,25.17,24.752838,58700,0.0,1.0
2017-08-24,25.190001000000002,25.190001000000002,25.15,25.17,24.752838,62800,0.0,1.0
2017-08-25,25.17,25.176001,25.15,25.17,24.752838,48900,0.0,1.0
2017-08-28,25.16,25.190001000000002,25.139999,25.17,24.752838,82400,0.0,1.0
2017-08-29,25.17,25.190001000000002,25.15,25.18,24.762674,56500,0.0,1.0
2017-08-30,25.18,25.200001,25.17,25.200001,24.782345,36900,0.0,1.0
2017-08-31,25.200001,25.200001,25.165001,25.190001000000002,24.772509,74100,0.0,1.0
2017-09-01,25.18,25.18,25.15,25.16,24.775465,23600,0.033,1.0
2017-09-05,25.190001000000002,25.190001000000002,25.15,25.16,24.775465,49700,0.0,1.0
2017-09-06,25.17,25.200001,25.15,25.173,24.788261,81100,0.0,1.0
2017-09-07,25.15,25.17,25.15,25.17,24.785308999999998,38500,0.0,1.0
2017-09-08,25.17,25.188999,25.15,25.18,24.795156,17000,0.0,1.0
2017-09-11,25.174999,25.200001,25.15,25.17,24.785308999999998,35800,0.0,1.0
2017-09-12,25.190001000000002,25.190001000000002,25.120001000000002,25.16,24.775465,161300,0.0,1.0
2017-09-13,25.120001000000002,25.167999,25.120001000000002,25.16,24.775465,43900,0.0,1.0
2017-09-14,25.16,25.169001,25.120001000000002,25.16,24.775465,45100,0.0,1.0
2017-09-15,25.16,25.16,25.139999,25.15,24.765615,30800,0.0,1.0
2017-09-18,25.17,25.190001000000002,25.139999,25.17,24.785308999999998,48100,0.0,1.0
2017-09-19,25.18,25.18,25.143,25.18,24.795156,136500,0.0,1.0
2017-09-20,25.18,25.200001,25.15,25.16,24.775465,92900,0.0,1.0
2017-09-21,25.17,25.200001,25.169001,25.190001000000002,24.805004,31400,0.0,1.0
2017-09-22,25.190001000000002,25.200001,25.16,25.190001000000002,24.805004,38400,0.0,1.0
2017-09-25,25.16,25.200001,25.16,25.17,24.785308999999998,57600,0.0,1.0
2017-09-26,25.190001000000002,25.200001,25.17,25.193001000000002,24.807955,34500,0.0,1.0
2017-09-27,25.200001,25.219998999999998,25.17,25.200001,24.814854,40800,0.0,1.0
2017-09-28,25.219998999999998,25.219998999999998,25.17,25.209999,24.824697,33200,0.0,1.0
2017-09-29,25.209999,25.209999,25.18,25.190001000000002,24.805004,63500,0.0,1.0
2017-10-02,25.18,25.18,25.15,25.17,24.81782,17600,0.033,1.0
2017-10-03,25.15,25.18,25.15,25.15,24.7981,29300,0.0,1.0
2017-10-04,25.17,25.17,25.15,25.17,24.81782,56100,0.0,1.0
2017-10-05,25.17,25.17,25.129998999999998,25.164,24.811905,108900,0.0,1.0
2017-10-06,25.139999,25.16,25.139999,25.155001000000002,24.80303,29600,0.0,1.0
2017-10-09,25.16,25.17,25.15,25.17,24.81782,33700,0.0,1.0
2017-10-10,25.169001,25.17,25.15,25.169001,24.816835,40100,0.0,1.0
2017-10-11,25.17,25.17,25.139999,25.17,24.81782,53300,0.0,1.0
2017-10-12,25.18,25.18,25.16,25.17,24.81782,47000,0.0,1.0
2017-10-13,25.18,25.18,25.139999,25.17,24.81782,63700,0.0,1.0
2017-10-16,25.18,25.18,25.166,25.18,24.827681,60900,0.0,1.0
2017-10-17,25.17,25.18,25.16,25.18,24.827681,47000,0.0,1.0
2017-10-18,25.219998999999998,25.219998999999998,25.15,25.190001000000002,24.83754,73200,0.0,1.0
2017-10-19,25.190001000000002,25.190001000000002,25.171,25.18,24.827681,36700,0.0,1.0
2017-10-20,25.219998999999998,25.219998999999998,25.16,25.174,24.821768,27000,0.0,1.0
2017-10-23,25.190001000000002,25.197001,25.16,25.18,24.827681,58600,0.0,1.0
2017-10-24,25.200001,25.200001,25.16,25.190001000000002,24.83754,22900,0.0,1.0
2017-10-25,25.15,25.190001000000002,25.15,25.16,24.807959,264700,0.0,1.0
2017-10-26,25.16,25.190001000000002,25.16,25.17,24.81782,21500,0.0,1.0
2017-10-27,25.184998999999998,25.191999,25.16,25.16,24.807959,31000,0.0,1.0
2017-10-30,25.184998999999998,25.200001,25.17,25.18,24.827681,27700,0.0,1.0
2017-10-31,25.16,25.198999,25.16,25.18,24.827681,50800,0.0,1.0
2017-11-01,25.15,25.16,25.139999,25.15,24.829655,29500,0.032,1.0
2017-11-02,25.139999,25.157,25.129998999999998,25.139999,24.819782,134400,0.0,1.0
2017-11-03,25.139999,25.169001,25.129998999999998,25.15,24.829655,27600,0.0,1.0
2017-11-06,25.129998999999998,25.17,25.129998999999998,25.15,24.829655,46200,0.0,1.0
2017-11-07,25.15,25.17,25.139999,25.15,24.829655,38200,0.0,1.0
2017-11-08,25.16,25.16,25.129998999999998,25.15,24.829655,46100,0.0,1.0
2017-11-09,25.129998999999998,25.16,25.129998999999998,25.15,24.829655,38700,0.0,1.0
2017-11-10,25.139999,25.15,25.129998999999998,25.139999,24.819782,35900,0.0,1.0
2017-11-13,25.15,25.169001,25.149,25.15,24.829655,34300,0.0,1.0
2017-11-14,25.139999,25.16,25.129998999999998,25.139999,24.819782,81200,0.0,1.0
2017-11-15,25.15,25.16,25.129998999999998,25.16,24.839529000000002,115700,0.0,1.0
2017-11-16,25.139999,25.15,25.139999,25.15,24.829655,71500,0.0,1.0
2017-11-17,25.145,25.15,25.136999,25.15,24.829655,34700,0.0,1.0
2017-11-20,25.129998999999998,25.16,25.129998999999998,25.139999,24.819782,87400,0.0,1.0
2017-11-21,25.15,25.15,25.129998999999998,25.15,24.829655,33800,0.0,1.0
2017-11-22,25.139999,25.15,25.139999,25.139999,24.819782,47400,0.0,1.0
2017-11-24,25.139999,25.16,25.139999,25.16,24.839529000000002,25900,0.0,1.0
2017-11-27,25.16,25.17,25.15,25.16,24.839529000000002,32700,0.0,1.0
2017-11-28,25.15,25.16,25.139999,25.139999,24.819782,40700,0.0,1.0
2017-11-29,25.139999,25.16,25.139999,25.139999,24.819782,20500,0.0,1.0
2017-11-30,25.139999,25.150999,25.139999,25.146998999999997,24.826693,14400,0.0,1.0
2017-12-01,25.110001,25.15,25.110001,25.120001000000002,24.832626,35500,0.033,1.0
2017-12-04,25.129998999999998,25.15,25.1,25.120001000000002,24.832626,47400,0.0,1.0
2017-12-05,25.110001,25.139999,25.1,25.120001000000002,24.832626,65300,0.0,1.0
2017-12-06,25.120001000000002,25.139999,25.120001000000002,25.120001000000002,24.832626,39700,0.0,1.0
2017-12-07,25.129998999999998,25.146998999999997,25.110001,25.139999,24.852396,86600,0.0,1.0
2017-12-08,25.120001000000002,25.15,25.110001,25.120001000000002,24.832626,44900,0.0,1.0
2017-12-11,25.129998999999998,25.139999,25.110001,25.110001,24.822737,25600,0.0,1.0
2017-12-12,25.110001,25.139999,25.1,25.120001000000002,24.832626,57000,0.0,1.0
2017-12-13,25.110001,25.129998999999998,25.110001,25.129998999999998,24.84251,61300,0.0,1.0
2017-12-14,25.110001,25.129998999999998,25.110001,25.120001000000002,24.832626,32100,0.0,1.0
2017-12-15,25.139999,25.139999,25.110001,25.129998999999998,24.84251,46400,0.0,1.0
2017-12-18,25.129998999999998,25.129998999999998,25.110001,25.129998999999998,24.84251,19700,0.0,1.0
2017-12-19,25.125999,25.139999,25.1,25.110001,24.822737,61200,0.0,1.0
2017-12-20,25.139999,25.142,25.110001,25.110001,24.822737,77200,0.0,1.0
2017-12-21,25.120001000000002,25.127001,25.1,25.1,24.812853,237900,0.0,1.0
2017-12-22,25.1,25.118999,25.08,25.09,24.802967000000002,114800,0.0,1.0
2017-12-26,25.110001,25.110001,25.09,25.110001,24.822737,48600,0.0,1.0
2017-12-27,25.120001000000002,25.120001000000002,25.08,25.105,24.817795,122500,0.0,1.0
2017-12-28,25.1,25.129998999999998,25.1,25.122,24.834599,36900,0.0,1.0
2017-12-29,25.139999,25.15,25.101,25.129998999999998,24.84251,73900,0.0,1.0
2018-01-02,25.136999,25.16,25.1,25.129,24.841524,63700,0.0,1.0
2018-01-03,25.129998999999998,25.17,25.111,25.15,24.862282,107400,0.0,1.0
2018-01-04,25.120001000000002,25.18,25.120001000000002,25.153,24.865246,46000,0.0,1.0
2018-01-05,25.120001000000002,25.17,25.110001,25.15,24.862282,36900,0.0,1.0
2018-01-08,25.120001000000002,25.17,25.120001000000002,25.120001000000002,24.832626,40500,0.0,1.0
2018-01-09,25.110001,25.149,25.110001,25.120001000000002,24.832626,85800,0.0,1.0
2018-01-10,25.17,25.17,25.120001000000002,25.139999,24.852396,71000,0.0,1.0
2018-01-11,25.17,25.17,25.129998999999998,25.139999,24.852396,115800,0.0,1.0
2018-01-12,25.18,25.18,25.129998999999998,25.16,24.872168,99000,0.0,1.0
2018-01-16,25.18,25.18,25.139999,25.16,24.872168,57700,0.0,1.0
2018-01-17,25.139999,25.16,25.139999,25.15,24.862282,62700,0.0,1.0
2018-01-18,25.129998999999998,25.16,25.129998999999998,25.145,24.85734,177400,0.0,1.0
2018-01-19,25.190001000000002,25.190001000000002,25.129998999999998,25.18,24.891939,59700,0.0,1.0
2018-01-22,25.16,25.16,25.139999,25.15,24.862282,44900,0.0,1.0
2018-01-23,25.139999,25.15,25.129998999999998,25.139999,24.852396,61500,0.0,1.0
2018-01-24,25.129998999999998,25.15,25.129998999999998,25.145,24.85734,58700,0.0,1.0
2018-01-25,25.139999,25.17,25.129998999999998,25.160999,24.873154,155400,0.0,1.0
2018-01-26,25.139999,25.17,25.139999,25.17,24.882053,101800,0.0,1.0
2018-01-29,25.15,25.190001000000002,25.139999,25.15,24.862282,68400,0.0,1.0
2018-01-30,25.190001000000002,25.190001000000002,25.15,25.167999,24.880075,83900,0.0,1.0
2018-01-31,25.190001000000002,25.190001000000002,25.139999,25.155001000000002,24.867226000000002,73400,0.0,1.0
2018-02-01,25.129998999999998,25.16,25.125,25.139999,24.884048,274000,0.032,1.0
2018-02-02,25.129998999999998,25.139999,25.07,25.110001,24.854357,897400,0.0,1.0
2018-02-05,25.120001000000002,25.120001000000002,25.1,25.120001000000002,24.864256,57200,0.0,1.0
2018-02-06,25.1,25.129998999999998,25.09,25.110001,24.854357,60900,0.0,1.0
2018-02-07,25.1,25.120001000000002,25.09,25.108,24.852379,29900,0.0,1.0
2018-02-08,25.110001,25.120001000000002,25.09,25.120001000000002,24.864256,36000,0.0,1.0
2018-02-09,25.1,25.110001,25.09,25.110001,24.854357,55400,0.0,1.0
2018-02-12,25.110001,25.120001000000002,25.1,25.105,24.849407,170300,0.0,1.0
2018-02-13,25.110001,25.120001000000002,25.1,25.120001000000002,24.864256,29200,0.0,1.0
2018-02-14,25.120001000000002,25.120001000000002,25.08,25.110001,24.854357,142300,0.0,1.0
2018-02-15,25.129998999999998,25.129998999999998,25.1,25.128,24.872175,52200,0.0,1.0
2018-02-16,25.122999,25.139999,25.108,25.125999,24.87019,59100,0.0,1.0
2018-02-20,25.1,25.15,25.1,25.120001000000002,24.864256,51800,0.0,1.0
2018-02-21,25.120001000000002,25.139999,25.1,25.110001,24.854357,80100,0.0,1.0
2018-02-22,25.105,25.129998999999998,25.105,25.129998999999998,24.874149,9800,0.0,1.0
2018-02-23,25.135,25.141001,25.110001,25.128,24.872175,23800,0.0,1.0
2018-02-26,25.129998999999998,25.129998999999998,25.110001,25.115999,24.860294,42900,0.0,1.0
2018-02-27,25.129998999999998,25.129998999999998,25.110001,25.120001000000002,24.864256,45300,0.0,1.0
2018-02-28,25.110001,25.129998999999998,25.110001,25.120001000000002,24.864256,40700,0.0,1.0
2018-03-01,25.09,25.110001,25.08,25.09,24.868219,24400,0.034,1.0
2018-03-02,25.09,25.1,25.07,25.09,24.868219,85100,0.0,1.0
2018-03-05,25.1,25.111,25.08,25.09,24.868219,78000,0.0,1.0
2018-03-06,25.08,25.110001,25.07,25.09,24.868219,146900,0.0,1.0
2018-03-07,25.1,25.1,25.09,25.1,24.878132,42000,0.0,1.0
2018-03-08,25.094,25.1,25.09,25.1,24.878132,58700,0.0,1.0
2018-03-09,25.1,25.110001,25.08,25.1,24.878132,109900,0.0,1.0
2018-03-12,25.110001,25.110001,25.09,25.1,24.878132,39000,0.0,1.0
2018-03-13,25.120001000000002,25.120001000000002,25.091,25.1,24.878132,55600,0.0,1.0
2018-03-14,25.110001,25.110001,25.09,25.110001,24.888044,41900,0.0,1.0
2018-03-15,25.110001,25.120001000000002,25.1,25.110001,24.888044,45300,0.0,1.0
2018-03-16,25.108999,25.120001000000002,25.09,25.1,24.878132,30200,0.0,1.0
2018-03-19,25.110001,25.110001,25.09,25.110001,24.888044,52400,0.0,1.0
2018-03-20,25.09,25.110001,25.09,25.110001,24.888044,73000,0.0,1.0
2018-03-21,25.110001,25.110001,25.07,25.110001,24.888044,41500,0.0,1.0
2018-03-22,25.09,25.110001,25.09,25.1,24.878132,31400,0.0,1.0
2018-03-23,25.09,25.120001000000002,25.09,25.120001000000002,24.897957,53200,0.0,1.0
2018-03-26,25.104,25.120001000000002,25.101,25.110001,24.888044,20200,0.0,1.0
2018-03-27,25.110001,25.120001000000002,25.1,25.110001,24.888044,67700,0.0,1.0
2018-03-28,25.110001,25.129998999999998,25.1,25.129998999999998,24.907864,347500,0.0,1.0
2018-03-29,25.1,25.139999,25.1,25.139999,24.917776,57700,0.0,1.0
2018-04-02,25.110001,25.120001000000002,25.08,25.1,24.911823000000002,77300,0.034,1.0
2018-04-03,25.1,25.120001000000002,25.08,25.1,24.911823000000002,228600,0.0,1.0
2018-04-04,25.1,25.110001,25.09,25.110001,24.921747,41400,0.0,1.0
2018-04-05,25.110001,25.110001,25.08,25.1,24.911823000000002,51200,0.0,1.0
2018-04-06,25.1,25.120001000000002,25.08,25.110001,24.921747,84800,0.0,1.0
2018-04-09,25.129998999999998,25.129998999999998,25.09,25.09,24.901899,81900,0.0,1.0
2018-04-10,25.129998999999998,25.129998999999998,25.09,25.1,24.911823000000002,34300,0.0,1.0
2018-04-11,25.1,25.110001,25.09,25.110001,24.921747,29400,0.0,1.0
2018-04-12,25.15,25.15,25.09,25.120001000000002,24.931673,116700,0.0,1.0
2018-04-13,25.08,25.110001,25.08,25.110001,24.921747,60500,0.0,1.0
2018-04-16,25.110001,25.110001,25.09,25.105,24.916788,54100,0.0,1.0
2018-04-17,25.1,25.110001,25.1,25.110001,24.921747,40300,0.0,1.0
2018-04-18,25.110001,25.110001,25.1,25.110001,24.921747,36200,0.0,1.0
2018-04-19,25.110001,25.120001000000002,25.1,25.113001,24.924726,17800,0.0,1.0
2018-04-20,25.1,25.120001000000002,25.1,25.115,24.926707999999998,21700,0.0,1.0
2018-04-23,25.120001000000002,25.129998999999998,25.1,25.129998999999998,24.941595,59800,0.0,1.0
2018-04-24,25.120001000000002,25.120001000000002,25.101,25.120001000000002,24.931673,253600,0.0,1.0
2018-04-25,25.129998999999998,25.139999,25.110001,25.139999,24.951523,71300,0.0,1.0
2018-04-26,25.16,25.166,25.124001,25.139999,24.951523,27400,0.0,1.0
2018-04-27,25.132998999999998,25.141001,25.120001000000002,25.129998999999998,24.941595,52300,0.0,1.0
2018-04-30,25.138,25.139999,25.129998999999998,25.131001,24.942589,27800,0.0,1.0
2018-05-01,25.120001000000002,25.120001000000002,25.08,25.091,24.938614,60400,0.036000000000000004,1.0
2018-05-02,25.120001000000002,25.120001000000002,25.09,25.1,24.947559,61800,0.0,1.0
2018-05-03,25.1,25.120001000000002,25.09,25.120001000000002,24.967438,65900,0.0,1.0
2018-05-04,25.09,25.118999,25.09,25.1,24.947559,59100,0.0,1.0
2018-05-07,25.120001000000002,25.120001000000002,25.1,25.110001,24.957499,23300,0.0,1.0
2018-05-08,25.120001000000002,25.120001000000002,25.110001,25.117001000000002,24.964458,22700,0.0,1.0
2018-05-09,25.15,25.15,25.101,25.120001000000002,24.967438,87800,0.0,1.0
2018-05-10,25.129998999999998,25.129998999999998,25.09,25.107,24.954519,160200,0.0,1.0
2018-05-11,25.117001000000002,25.118999,25.110001,25.115,24.962467,41800,0.0,1.0
2018-05-14,25.129998999999998,25.129998999999998,25.110001,25.129998999999998,24.977375,42000,0.0,1.0
2018-05-15,25.1,25.120001000000002,25.1,25.113001,24.960482,42800,0.0,1.0
2018-05-16,25.139999,25.139999,25.110001,25.127001,24.9744,26500,0.0,1.0
2018-05-17,25.139999,25.139999,25.120001000000002,25.127001,24.9744,25100,0.0,1.0
2018-05-18,25.139999,25.139999,25.110001,25.120001000000002,24.967438,37700,0.0,1.0
2018-05-21,25.129998999999998,25.139999,25.120001000000002,25.125,24.972406,18200,0.0,1.0
2018-05-22,25.129998999999998,25.139999,25.1,25.120001000000002,24.967438,52300,0.0,1.0
2018-05-23,25.129998999999998,25.139999,25.110001,25.125,24.972406,39000,0.0,1.0
2018-05-24,25.129998999999998,25.138,25.120001000000002,25.129998999999998,24.977375,29300,0.0,1.0
2018-05-25,25.110001,25.139999,25.110001,25.134001,24.981354,33100,0.0,1.0
2018-05-29,25.16,25.16,25.120001000000002,25.143998999999997,24.991291,23900,0.0,1.0
2018-05-30,25.15,25.15,25.120001000000002,25.135,24.982346,25100,0.0,1.0
2018-05-31,25.120001000000002,25.15,25.120001000000002,25.139999,24.987316,17300,0.0,1.0
2018-06-01,25.09,25.110001,25.08,25.084999,24.970394,99400,0.038,1.0
2018-06-04,25.1,25.110001,25.09,25.103001000000003,24.988312,18600,0.0,1.0
2018-06-05,25.08,25.129,25.08,25.1,24.985326999999998,34200,0.0,1.0
2018-06-06,25.09,25.110001,25.09,25.098,24.983334,56000,0.0,1.0
2018-06-07,25.120001000000002,25.120001000000002,25.091,25.120001000000002,25.005233999999998,23500,0.0,1.0
2018-06-08,25.1,25.120001000000002,25.1,25.113001,24.998266,18300,0.0,1.0
2018-06-11,25.129998999999998,25.129998999999998,25.110001,25.129998999999998,25.015186,24000,0.0,1.0
2018-06-12,25.129998999999998,25.129998999999998,25.110001,25.129998999999998,25.015186,30200,0.0,1.0
2018-06-13,25.110001,25.129998999999998,25.09,25.09,24.975372,68700,0.0,1.0
2018-06-14,25.1,25.139999,25.1,25.136,25.021160000000002,141500,0.0,1.0
2018-06-15,25.120001000000002,25.139,25.110001,25.129998999999998,25.015186,20400,0.0,1.0
2018-06-18,25.120001000000002,25.139999,25.110001,25.110001,24.995281,18200,0.0,1.0
2018-06-19,25.139999,25.15,25.110001,25.110001,24.995281,43700,0.0,1.0
2018-06-20,25.15,25.15,25.110001,25.129998999999998,25.015186,61500,0.0,1.0
2018-06-21,25.110001,25.15,25.110001,25.120001000000002,25.005233999999998,25000,0.0,1.0
2018-06-22,25.128,25.135,25.110001,25.129,25.014193,22900,0.0,1.0
2018-06-25,25.120001000000002,25.15,25.120001000000002,25.135,25.020164,20500,0.0,1.0
2018-06-26,25.16,25.16,25.120001000000002,25.120001000000002,25.005233999999998,41300,0.0,1.0
2018-06-27,25.120001000000002,25.17,25.120001000000002,25.15,25.035097,17700,0.0,1.0
2018-06-28,25.17,25.17,25.110001,25.15,25.035097,66200,0.0,1.0
2018-06-29,25.15,25.15,25.120001000000002,25.129998999999998,25.015186,20400,0.0,1.0
2018-07-02,25.1,25.120001000000002,25.09,25.09,25.012199,33800,0.037000000000000005,1.0
2018-07-03,25.09,25.111,25.09,25.09,25.012199,24500,0.0,1.0
2018-07-05,25.09,25.110001,25.09,25.108999,25.031137,52200,0.0,1.0
2018-07-06,25.101999,25.110001,25.094998999999998,25.1,25.022169,21600,0.0,1.0
2018-07-09,25.15,25.15,25.1,25.113001,25.035128,73100,0.0,1.0
2018-07-10,25.15,25.15,25.1,25.115,25.037119,76700,0.0,1.0
2018-07-11,25.110001,25.139,25.110001,25.125999,25.048085999999998,24200,0.0,1.0
2018-07-12,25.16,25.16,25.1,25.115,25.037119,43000,0.0,1.0
2018-07-13,25.15,25.15,25.110001,25.110001,25.032137,65600,0.0,1.0
2018-07-16,25.110001,25.120001000000002,25.110001,25.120001000000002,25.042105,33700,0.0,1.0
2018-07-17,25.16,25.16,25.110001,25.129998999999998,25.052073,32800,0.0,1.0
2018-07-18,25.120001000000002,25.159,25.120001000000002,25.129998999999998,25.052073,41000,0.0,1.0
2018-07-19,25.129998999999998,25.16,25.120001000000002,25.129998999999998,25.052073,17400,0.0,1.0
2018-07-20,25.129998999999998,25.136,25.120001000000002,25.125,25.047089,18400,0.0,1.0
2018-07-23,25.120001000000002,25.129998999999998,25.120001000000002,25.129998999999998,25.052073,23600,0.0,1.0
2018-07-24,25.129998999999998,25.16,25.120001000000002,25.120001000000002,25.042105,57600,0.0,1.0
2018-07-25,25.129998999999998,25.153,25.120001000000002,25.129998999999998,25.052073,62000,0.0,1.0
2018-07-26,25.129998999999998,25.139999,25.120001000000002,25.139999,25.062042,43300,0.0,1.0
2018-07-27,25.16,25.17,25.120001000000002,25.153999,25.076,30500,0.0,1.0
2018-07-30,25.129998999999998,25.169001,25.120001000000002,25.139999,25.062042,22200,0.0,1.0
2018-07-31,25.15,25.16,25.129998999999998,25.145,25.067028,13300,0.0,1.0
2018-08-01,25.120001000000002,25.139999,25.1,25.118999,25.080008,27700,0.039,1.0
2018-08-02,25.120001000000002,25.15,25.1,25.15,25.110960000000002,43800,0.0,1.0
2018-08-03,25.127001,25.139999,25.08,25.1,25.061039,110100,0.0,1.0
2018-08-06,25.120001000000002,25.120001000000002,25.1,25.110001,25.071022,21500,0.0,1.0
2018-08-07,25.120001000000002,25.139999,25.1,25.120001000000002,25.081007,17900,0.0,1.0
2018-08-08,25.1,25.139999,25.1,25.101,25.062037,24300,0.0,1.0
2018-08-09,25.1,25.139999,25.1,25.115,25.076014,51700,0.0,1.0
2018-08-10,25.139999,25.139999,25.1,25.120001000000002,25.081007,63900,0.0,1.0
2018-08-13,25.110001,25.139999,25.1,25.110001,25.071022,85800,0.0,1.0
2018-08-14,25.120001000000002,25.139999,25.1,25.120001000000002,25.081007,113200,0.0,1.0
2018-08-15,25.120001000000002,25.129998999999998,25.1,25.120001000000002,25.081007,44000,0.0,1.0
2018-08-16,25.120001000000002,25.120001000000002,25.1,25.120001000000002,25.081007,77600,0.0,1.0
2018-08-17,25.125,25.125,25.101,25.115999,25.077013,37300,0.0,1.0
2018-08-20,25.1,25.129998999999998,25.1,25.129998999999998,25.090989999999998,39400,0.0,1.0
2018-08-21,25.110001,25.129998999999998,25.110001,25.120001000000002,25.081007,46200,0.0,1.0
2018-08-22,25.120001000000002,25.129998999999998,25.110001,25.129,25.089993,24300,0.0,1.0
2018-08-23,25.129998999999998,25.129998999999998,25.110001,25.120001000000002,25.081007,47300,0.0,1.0
2018-08-24,25.129998999999998,25.129998999999998,25.110001,25.129,25.089993,51200,0.0,1.0
2018-08-27,25.120001000000002,25.139999,25.1,25.129998999999998,25.090989999999998,87200,0.0,1.0
2018-08-28,25.1,25.135,25.1,25.120001000000002,25.081007,34300,0.0,1.0
2018-08-29,25.110001,25.139999,25.110001,25.129998999999998,25.090989999999998,36900,0.0,1.0
2018-08-30,25.139999,25.139999,25.110001,25.110001,25.071022,21900,0.0,1.0
2018-08-31,25.110001,25.152,25.110001,25.124001,25.085001000000002,45800,0.0,1.0
2018-09-04,25.115,25.148001,25.08,25.1,25.1,29300,0.039,1.0
2018-09-05,25.139999,25.139999,25.08,25.09,25.09,23100,0.0,1.0
2018-09-06,25.1,25.103001000000003,25.09,25.094998999999998,25.094998999999998,34600,0.0,1.0
2018-09-07,25.08,25.139,25.08,25.09,25.09,23200,0.0,1.0
2018-09-10,25.09,25.129998999999998,25.09,25.09,25.09,31900,0.0,1.0
2018-09-11,25.110001,25.129998999999998,25.080999,25.108999,25.108999,96600,0.0,1.0
2018-09-12,25.129998999999998,25.129998999999998,25.09,25.104,25.104,27500,0.0,1.0
2018-09-13,25.09,25.120001000000002,25.08,25.101,25.101,19400,0.0,1.0
2018-09-14,25.129998999999998,25.129998999999998,25.09,25.118999,25.118999,35300,0.0,1.0
2018-09-17,25.129998999999998,25.129998999999998,25.09,25.117001000000002,25.117001000000002,29400,0.0,1.0
2018-09-18,25.101,25.129998999999998,25.1,25.120001000000002,25.120001000000002,52000,0.0,1.0
2018-09-19,25.1,25.120001000000002,25.09,25.097,25.097,20800,0.0,1.0
2018-09-20,25.110001,25.129998999999998,25.09,25.120001000000002,25.120001000000002,41200,0.0,1.0
2018-09-21,25.1,25.129998999999998,25.08,25.111,25.111,51100,0.0,1.0
2018-09-24,25.110001,25.129998999999998,25.09,25.120001000000002,25.120001000000002,45500,0.0,1.0
2018-09-25,25.127001,25.129998999999998,25.120001000000002,25.120001000000002,25.120001000000002,24900,0.0,1.0
2018-09-26,25.129998999999998,25.129998999999998,25.1101,25.1259,25.1259,11477,0.0,1.0
