date,Open,High,Low,Close,Adj Close,Volume,Dividends,Stock Splits
2018-01-16,17.52,17.52,16.9,16.940001000000002,16.306698,114000,0.0,1.0
2018-01-17,17.049999,17.08,16.870001000000002,16.940001000000002,16.306698,143800,0.0,1.0
2018-01-18,17.0,17.0,16.809998999999998,16.83,16.200810999999998,91100,0.0,1.0
2018-01-19,16.92,16.950001,16.870001000000002,16.92,16.287447,79800,0.0,1.0
2018-01-22,16.92,16.969998999999998,16.83,16.940001000000002,16.306698,87000,0.0,1.0
2018-01-23,16.92,16.959999,16.809998999999998,16.84,16.210438,61800,0.0,1.0
2018-01-24,16.92,16.950001,16.84,16.860001,16.229691,44500,0.0,1.0
2018-01-25,16.9,17.059998999999998,16.68,16.719998999999998,16.094923,42000,0.0,1.0
2018-01-26,16.809998999999998,17.040001,16.809998999999998,17.040001,16.402962,49800,0.0,1.0
2018-01-29,17.01,17.059998999999998,16.879998999999998,16.98,16.345201,58400,0.0,1.0
2018-01-30,16.870001000000002,16.889999,16.75,16.870001000000002,16.239317,59300,0.0,1.0
2018-01-31,16.969998999999998,16.969998999999998,16.83,16.959999,16.325951,88200,0.0,1.0
2018-02-01,16.879998999999998,17.0,16.85,16.92,16.287447,50600,0.0,1.0
2018-02-02,16.77,16.77,16.48,16.49,15.873520999999998,60200,0.0,1.0
2018-02-05,16.370001000000002,16.43,14.7,15.26,14.689506,247800,0.0,1.0
2018-02-06,14.8,15.75,14.75,15.74,15.15156,137100,0.0,1.0
2018-02-07,15.7,15.98,15.7,15.76,15.170813,65900,0.0,1.0
2018-02-08,15.7,15.75,15.29,15.29,14.718384,74100,0.0,1.0
2018-02-09,15.35,15.39,14.94,15.21,14.641375,107300,0.0,1.0
2018-02-12,15.54,15.61,15.32,15.52,14.939785999999998,69800,0.0,1.0
2018-02-13,15.46,15.76,15.44,15.72,15.132309,78000,0.0,1.0
2018-02-14,15.57,15.96,15.54,15.93,15.334457999999998,69900,0.0,1.0
2018-02-15,16.1,16.18,15.61,16.01,15.411467000000002,38600,0.0,1.0
2018-02-16,16.0,16.219998999999998,16.0,16.16,15.555859,47800,0.0,1.0
2018-02-20,16.1,16.1,15.9,15.93,15.334457999999998,57500,0.0,1.0
2018-02-21,15.99,16.02,15.78,15.81,15.218945000000001,55600,0.0,1.0
2018-02-22,15.89,15.95,15.76,15.95,15.353710000000001,117300,0.0,1.0
2018-02-23,16.0,16.27,15.94,16.16,15.555859,88100,0.0,1.0
2018-02-26,16.25,16.34,16.129998999999998,16.139999,15.536605999999999,56500,0.0,1.0
2018-02-27,16.1,16.1,15.91,15.96,15.363335999999999,62500,0.0,1.0
2018-02-28,16.0,16.0,15.58,15.6,15.016795000000002,105000,0.0,1.0
2018-03-01,15.53,15.66,15.45,15.46,14.882029000000001,133900,0.0,1.0
2018-03-02,15.38,15.4,15.22,15.39,14.814646,56100,0.0,1.0
2018-03-05,15.31,15.45,15.27,15.35,14.776141,93300,0.0,1.0
2018-03-06,15.45,15.5,15.37,15.48,14.901279999999998,59200,0.0,1.0
2018-03-07,15.33,15.55,15.33,15.53,14.949410999999998,65400,0.0,1.0
2018-03-08,15.5,15.58,15.47,15.49,14.910907,42900,0.0,1.0
2018-03-09,15.61,15.73,15.6,15.68,15.093804,25200,0.0,1.0
2018-03-12,15.69,15.74,15.58,15.6,15.016795000000002,47800,0.0,1.0
2018-03-13,15.61,15.73,15.39,15.41,14.833898000000001,108400,0.0,1.0
2018-03-14,15.56,15.56,15.35,15.36,14.785767000000002,57300,0.0,1.0
2018-03-15,15.37,15.46,15.34,15.35,14.776141,51200,0.0,1.0
2018-03-16,15.38,15.41,15.38,15.4,14.824271,37400,0.0,1.0
2018-03-19,15.37,15.38,15.22,15.27,14.699132,41100,0.0,1.0
2018-03-20,15.36,15.39,15.29,15.32,14.747262,43100,0.0,1.0
2018-03-21,15.33,15.43,15.33,15.35,14.776141,23700,0.0,1.0
2018-03-22,15.24,15.31,15.05,15.06,14.496982999999998,44500,0.0,1.0
2018-03-23,15.12,15.12,14.93,14.95,14.391094,59600,0.0,1.0
2018-03-26,15.08,15.15,15.01,15.11,14.545113,55100,0.0,1.0
2018-03-27,15.23,15.28,15.04,15.07,14.506609,54500,0.0,1.0
2018-03-28,15.14,15.14,14.93,14.94,14.381469000000001,77500,0.0,1.0
2018-03-29,15.0,15.21,15.0,15.19,14.622122000000001,36900,0.0,1.0
2018-04-02,14.97,15.0,14.57,15.0,14.720257,56000,0.29,1.0
2018-04-03,15.0,15.0,14.74,15.0,14.720257,105900,0.0,1.0
2018-04-04,14.73,14.86,14.6,14.81,14.533801,96800,0.0,1.0
2018-04-05,14.94,14.96,14.88,14.96,14.681004000000001,66400,0.0,1.0
2018-04-06,14.93,14.95,14.73,14.81,14.533801,67000,0.0,1.0
2018-04-09,14.87,15.1,14.76,14.76,14.484734,75800,0.0,1.0
2018-04-10,14.87,15.01,14.87,14.92,14.641748999999999,70400,0.0,1.0
2018-04-11,14.92,14.98,14.84,14.9,14.622122000000001,51300,0.0,1.0
2018-04-12,14.94,15.0,14.92,15.0,14.720257,51900,0.0,1.0
2018-04-13,15.01,15.08,14.94,14.99,14.710443,60200,0.0,1.0
2018-04-16,15.12,15.16,15.02,15.1,14.818392999999999,86000,0.0,1.0
2018-04-17,15.17,15.25,15.11,15.18,14.8969,65800,0.0,1.0
2018-04-18,15.23,15.28,15.19,15.19,14.906713,46000,0.0,1.0
2018-04-19,15.17,15.22,15.08,15.1,14.818392999999999,60200,0.0,1.0
2018-04-20,15.16,15.16,15.06,15.14,14.857647,75900,0.0,1.0
2018-04-23,15.18,15.24,15.16,15.21,14.926341,83400,0.0,1.0
2018-04-24,15.35,15.35,15.01,15.16,14.877274,98200,0.0,1.0
2018-04-25,15.14,15.21,15.0,15.09,14.808578,93700,0.0,1.0
2018-04-26,15.1,15.29,15.1,15.26,14.975408999999999,54200,0.0,1.0
2018-04-27,15.35,15.42,15.23,15.42,15.132423999999999,71700,0.0,1.0
2018-04-30,15.35,15.45,15.28,15.31,15.024476000000002,83200,0.0,1.0
2018-05-01,15.22,15.22,15.03,15.16,14.877274,78400,0.0,1.0
2018-05-02,15.13,15.25,15.13,15.16,14.877274,45200,0.0,1.0
2018-05-03,15.17,15.18,15.05,15.17,14.887087,66900,0.0,1.0
2018-05-04,15.15,15.32,15.08,15.29,15.004848,33000,0.0,1.0
2018-05-07,15.29,15.5,15.17,15.5,15.210932999999999,35600,0.0,1.0
2018-05-08,15.41,15.41,15.14,15.17,14.887087,78800,0.0,1.0
2018-05-09,15.19,15.24,15.1,15.23,14.945967999999999,61500,0.0,1.0
2018-05-10,15.27,15.34,15.25,15.33,15.044103,55700,0.0,1.0
2018-05-11,15.33,15.37,15.28,15.35,15.06373,36100,0.0,1.0
2018-05-14,15.44,15.44,15.34,15.36,15.073542999999999,49100,0.0,1.0
2018-05-15,15.36,15.36,15.22,15.34,15.053917000000002,62500,0.0,1.0
2018-05-16,15.36,15.42,15.21,15.42,15.132423999999999,39600,0.0,1.0
2018-05-17,15.5,15.5,15.31,15.37,15.083357000000001,52700,0.0,1.0
2018-05-18,15.37,15.37,15.22,15.33,15.044103,41900,0.0,1.0
2018-05-21,15.44,15.48,15.39,15.47,15.181492,64200,0.0,1.0
2018-05-22,15.56,15.56,15.32,15.35,15.06373,57300,0.0,1.0
2018-05-23,15.35,15.35,15.18,15.33,15.044103,48400,0.0,1.0
2018-05-24,15.41,15.41,15.2,15.38,15.09317,98000,0.0,1.0
2018-05-25,15.31,15.31,15.16,15.2,14.916526999999999,45900,0.0,1.0
2018-05-29,15.15,15.16,14.94,15.07,14.788951999999998,64100,0.0,1.0
2018-05-30,15.1,15.38,15.1,15.38,15.09317,55600,0.0,1.0
2018-05-31,15.31,15.35,15.06,15.06,14.779139,76600,0.0,1.0
2018-06-01,15.18,15.26,15.13,15.22,14.936154,41900,0.0,1.0
2018-06-04,15.31,15.35,15.17,15.3,15.014663,50100,0.0,1.0
2018-06-05,15.33,15.44,15.25,15.42,15.132423999999999,43500,0.0,1.0
2018-06-06,15.47,15.61,15.43,15.55,15.26,68600,0.0,1.0
2018-06-07,15.6,15.72,15.6,15.67,15.377761999999999,48800,0.0,1.0
2018-06-08,15.67,15.73,15.61,15.66,15.367949,37900,0.0,1.0
2018-06-11,15.75,15.76,15.7,15.75,15.456270000000002,40300,0.0,1.0
2018-06-12,15.72,15.75,15.69,15.7,15.407202999999999,35200,0.0,1.0
2018-06-13,15.75,15.75,15.63,15.63,15.338509,51300,0.0,1.0
2018-06-14,15.74,15.74,15.67,15.7,15.407202999999999,50700,0.0,1.0
2018-06-15,15.72,15.77,15.6,15.77,15.475898,53200,0.0,1.0
2018-06-18,15.67,15.67,15.57,15.65,15.358134,43900,0.0,1.0
2018-06-19,15.75,15.76,15.42,15.47,15.181492,62700,0.0,1.0
2018-06-20,15.51,15.58,15.47,15.55,15.26,41400,0.0,1.0
2018-06-21,15.61,15.61,15.45,15.51,15.220745999999998,41700,0.0,1.0
2018-06-22,15.58,15.64,15.48,15.59,15.299254000000001,58600,0.0,1.0
2018-06-25,15.57,15.57,15.39,15.51,15.220745999999998,52200,0.0,1.0
2018-06-26,15.6,15.69,15.46,15.66,15.367949,39200,0.0,1.0
2018-06-27,15.66,15.69,15.5,15.54,15.250187,44200,0.0,1.0
2018-06-28,15.52,15.65,15.37,15.5,15.210932999999999,38200,0.0,1.0
2018-06-29,15.55,15.66,15.53,15.55,15.26,40400,0.0,1.0
2018-07-02,15.15,15.19,14.91,14.91,14.91,64200,0.29,1.0
2018-07-03,14.95,15.05,14.9,14.9,14.9,34300,0.0,1.0
2018-07-05,15.03,15.06,14.92,14.92,14.92,54900,0.0,1.0
2018-07-06,14.99,15.03,14.86,14.86,14.86,65400,0.0,1.0
2018-07-09,14.98,15.04,14.89,14.89,14.89,70300,0.0,1.0
2018-07-10,14.98,14.99,14.78,14.78,14.78,71900,0.0,1.0
2018-07-11,14.71,14.76,14.45,14.45,14.45,92800,0.0,1.0
2018-07-12,14.61,14.66,14.49,14.49,14.49,67800,0.0,1.0
2018-07-13,14.51,14.67,14.25,14.38,14.38,100700,0.0,1.0
2018-07-16,14.39,14.63,14.39,14.59,14.59,88400,0.0,1.0
2018-07-17,14.64,14.82,14.55,14.81,14.81,72300,0.0,1.0
2018-07-18,14.83,14.93,14.8,14.92,14.92,40500,0.0,1.0
2018-07-19,14.92,15.08,14.89,15.04,15.04,45700,0.0,1.0
2018-07-20,15.0,15.09,14.88,15.07,15.07,81400,0.0,1.0
2018-07-23,15.09,15.12,14.98,15.1,15.1,61100,0.0,1.0
2018-07-24,15.13,15.38,15.12,15.32,15.32,63100,0.0,1.0
2018-07-25,15.33,15.33,15.15,15.29,15.29,103800,0.0,1.0
2018-07-26,15.28,15.31,15.22,15.22,15.22,61800,0.0,1.0
2018-07-27,15.26,15.29,15.0,15.0,15.0,53100,0.0,1.0
2018-07-30,15.04,15.1,14.67,14.75,14.75,100100,0.0,1.0
2018-07-31,14.77,15.0,14.77,14.94,14.94,73100,0.0,1.0
2018-08-01,14.9,14.97,14.8,14.83,14.83,47800,0.0,1.0
2018-08-02,14.81,14.81,14.65,14.65,14.65,64100,0.0,1.0
2018-08-03,14.81,14.81,14.6,14.62,14.62,45900,0.0,1.0
2018-08-06,14.64,14.75,14.63,14.73,14.73,56000,0.0,1.0
2018-08-07,14.81,14.89,14.79,14.89,14.89,54700,0.0,1.0
2018-08-08,14.95,14.99,14.86,14.91,14.91,64300,0.0,1.0
2018-08-09,14.92,15.07,14.91,15.02,15.02,69000,0.0,1.0
2018-08-10,14.84,14.99,14.79,14.89,14.89,36500,0.0,1.0
2018-08-13,14.9,14.94,14.85,14.89,14.89,45000,0.0,1.0
2018-08-14,14.83,15.08,14.83,14.96,14.96,65100,0.0,1.0
2018-08-15,14.88,14.92,14.78,14.79,14.79,41600,0.0,1.0
2018-08-16,14.86,14.93,14.78,14.79,14.79,43100,0.0,1.0
2018-08-17,14.85,14.88,14.72,14.72,14.72,57900,0.0,1.0
2018-08-20,14.8,14.85,14.78,14.8,14.8,41000,0.0,1.0
2018-08-21,14.89,14.92,14.85,14.88,14.88,39100,0.0,1.0
2018-08-22,14.92,15.04,14.9,15.0,15.0,37800,0.0,1.0
2018-08-23,15.01,15.04,14.95,14.95,14.95,49700,0.0,1.0
2018-08-24,15.04,15.14,15.02,15.14,15.14,35000,0.0,1.0
2018-08-27,15.15,15.36,15.15,15.28,15.28,70300,0.0,1.0
2018-08-28,15.34,15.35,15.24,15.26,15.26,34100,0.0,1.0
2018-08-29,15.32,15.39,15.27,15.35,15.35,42300,0.0,1.0
2018-08-30,15.4,15.4,15.26,15.31,15.31,48000,0.0,1.0
2018-08-31,15.3,15.35,15.25,15.3,15.3,36700,0.0,1.0
2018-09-04,15.28,15.28,15.14,15.15,15.15,29400,0.0,1.0
2018-09-05,15.2,15.22,15.1,15.13,15.13,22300,0.0,1.0
2018-09-06,15.17,15.35,15.17,15.28,15.28,84800,0.0,1.0
2018-09-07,15.21,15.26,15.13,15.17,15.17,19100,0.0,1.0
2018-09-10,15.17,15.21,15.17,15.2,15.2,27600,0.0,1.0
2018-09-11,15.2,15.38,15.17,15.36,15.36,72400,0.0,1.0
2018-09-12,15.39,15.69,15.3,15.47,15.47,83800,0.0,1.0
2018-09-13,15.56,15.61,15.54,15.57,15.57,25700,0.0,1.0
2018-09-14,15.6,15.61,15.27,15.42,15.42,59400,0.0,1.0
2018-09-17,15.47,15.51,15.38,15.44,15.44,31200,0.0,1.0
2018-09-18,15.45,15.5845,15.45,15.51,15.51,31010,0.0,1.0
