date,Open,High,Low,Close,Adj Close,Volume,Dividends,Stock Splits
2017-08-07,11.13,11.13,11.13,11.13,10.987991000000001,0,0.0,1.0
2017-08-08,11.1,11.1,11.1,11.1,10.958375,0,0.0,1.0
2017-08-22,11.1,11.1,11.1,11.1,10.958375,0,0.0,1.0
2017-09-07,25.23,25.23,25.205999,25.205999,24.884398,1400,0.0,1.0
2017-09-08,25.044001,25.044001,25.044001,25.044001,24.724464,400,0.0,1.0
2017-09-11,25.209999,25.33,25.209999,25.299999,24.977196,1700,0.0,1.0
2017-09-12,25.290001,25.290001,25.25,25.25,24.927835,1700,0.0,1.0
2017-09-13,25.25,25.25,25.084,25.15,24.829110999999997,4300,0.0,1.0
2017-09-14,25.01,25.120001000000002,25.0,25.120001000000002,24.799494,3900,0.0,1.0
2017-09-15,25.139999,25.139999,25.110001,25.110001,24.789621,200,0.0,1.0
2017-09-18,25.27,25.290001,25.27,25.290001,24.967325,2100,0.0,1.0
2017-09-19,25.23,25.274,25.200001,25.27,24.94758,4200,0.0,1.0
2017-09-20,25.190001000000002,25.219998999999998,24.98,25.09,24.769878,2900,0.0,1.0
2017-09-21,25.120001000000002,25.139999,25.120001000000002,25.139999,24.819239000000003,9800,0.0,1.0
2017-09-22,25.0,25.0,24.924,24.924,24.605992999999998,700,0.0,1.0
2017-09-25,24.48,24.48,24.471001,24.471001,24.158775,400,0.0,1.0
2017-09-26,24.51,24.57,24.469998999999998,24.506001,24.193331,9900,0.0,1.0
2017-09-27,24.33,24.33,24.299,24.299,23.988968,700,0.0,1.0
2017-09-28,24.34,24.399,24.34,24.399,24.087694,400,0.0,1.0
2017-09-29,24.399,24.399,24.399,24.399,24.087694,0,0.0,1.0
2017-10-02,24.620001000000002,24.655001000000002,24.620001000000002,24.655001000000002,24.340427,600,0.0,1.0
2017-10-03,24.700001,24.77,24.700001,24.77,24.453959,300,0.0,1.0
2017-10-04,24.93,24.93,24.91,24.91,24.592173000000003,600,0.0,1.0
2017-10-05,24.91,24.91,24.91,24.91,24.592173000000003,0,0.0,1.0
2017-10-06,24.889999,24.940001000000002,24.83,24.940001000000002,24.62179,2900,0.0,1.0
2017-10-09,24.85,24.85,24.85,24.85,24.53294,2500,0.0,1.0
2017-10-10,25.08,25.08,25.08,25.08,24.760006,200,0.0,1.0
2017-10-11,25.190001000000002,25.190001000000002,25.190001000000002,25.190001000000002,24.868601,300,0.0,1.0
2017-10-12,25.23,25.23,25.218,25.218,24.896244,400,0.0,1.0
2017-10-13,25.218,25.218,25.218,25.218,24.896244,0,0.0,1.0
2017-10-16,25.5,25.5,25.469998999999998,25.469998999999998,25.145027,700,0.0,1.0
2017-10-17,25.41,25.41,25.33,25.358999,25.035444000000002,600,0.0,1.0
2017-10-18,25.370001000000002,25.42,25.370001000000002,25.389,25.065063000000002,1300,0.0,1.0
2017-10-19,25.219998999999998,25.27,25.190001000000002,25.27,24.94758,5400,0.0,1.0
2017-10-20,25.368999,25.370001000000002,25.35,25.360001,25.036432,1100,0.0,1.0
2017-10-23,25.209999,25.209999,25.169001,25.169001,24.84787,6500,0.0,1.0
2017-10-24,25.239,25.26,25.23,25.26,24.93771,2800,0.0,1.0
2017-10-25,25.120001000000002,25.120001000000002,25.120001000000002,25.120001000000002,24.799494,200,0.0,1.0
2017-10-26,25.18,25.219998999999998,25.059998999999998,25.059998999999998,24.740257,3300,0.0,1.0
2017-10-27,25.1,25.159,25.02,25.159,24.837997,700,0.0,1.0
2017-10-30,25.200001,25.200001,25.059998999999998,25.08,24.760006,984600,0.0,1.0
2017-10-31,25.139999,25.299999,25.139999,25.26,24.93771,50100,0.0,1.0
2017-11-01,25.495001000000002,25.535,25.370001000000002,25.370001000000002,25.046307000000002,56400,0.0,1.0
2017-11-02,25.33,25.434998999999998,25.32,25.434998999999998,25.110472,10700,0.0,1.0
2017-11-03,25.35,25.370001000000002,25.25,25.309998999999998,24.987068,11400,0.0,1.0
2017-11-06,25.33,25.52,25.33,25.518998999999997,25.193403,7900,0.0,1.0
2017-11-07,25.469998999999998,25.48,25.406,25.406,25.081844,4000,0.0,1.0
2017-11-08,25.370001000000002,25.485001,25.370001000000002,25.48,25.1549,8400,0.0,1.0
2017-11-09,25.26,25.290001,25.219998999999998,25.290001,24.967325,4000,0.0,1.0
2017-11-10,25.18,25.194,25.18,25.194,24.872549,1000,0.0,1.0
2017-11-13,25.02,25.110001,25.02,25.110001,24.789621,10800,0.0,1.0
2017-11-14,25.02,25.02,24.915001,24.940001000000002,24.62179,10200,0.0,1.0
2017-11-15,24.816,24.83,24.768,24.77,24.453959,3100,0.0,1.0
2017-11-16,25.09,25.16,24.950001,25.0,24.681025,1203600,0.0,1.0
2017-11-17,25.0,25.0,25.0,25.0,24.681025,0,0.0,1.0
2017-11-20,25.171,25.268998999999997,25.171,25.268998999999997,24.946592000000003,4300,0.0,1.0
2017-11-21,25.52,25.597,25.52,25.540001,25.214136,4400,0.0,1.0
2017-11-22,25.610001,25.687,25.59,25.68,25.35235,3800,0.0,1.0
2017-11-24,25.705999,25.705999,25.705999,25.705999,25.378017,300,0.0,1.0
2017-11-27,25.469,25.469998999999998,25.389999,25.405001000000002,25.080858,1100,0.0,1.0
2017-11-28,25.57,25.66,25.555,25.65,25.322731,52100,0.0,1.0
2017-11-29,25.49,25.49,25.17,25.17,24.848856,1734900,0.0,1.0
2017-11-30,25.15,25.15,25.0,25.049999,24.730385000000002,38200,0.0,1.0
2017-12-01,24.938999,25.0,24.740999,24.82,24.503323,38000,0.0,1.0
2017-12-04,25.200001,25.200001,25.087999,25.106001000000003,24.785675,2900,0.0,1.0
2017-12-05,25.16,25.190001000000002,25.030001000000002,25.041,24.721501999999997,2500,0.0,1.0
2017-12-06,24.746,24.84,24.695,24.82,24.503323,12100,0.0,1.0
2017-12-07,24.77,24.790001,24.745001000000002,24.76,24.444086,4000,0.0,1.0
2017-12-08,24.889999,24.964001,24.870001000000002,24.950001,24.631662,9500,0.0,1.0
2017-12-11,25.120001000000002,25.125,25.09,25.1,24.779751,3000,0.0,1.0
2017-12-12,24.92,24.940001000000002,24.9,24.927,24.608954999999998,2500,0.0,1.0
2017-12-13,25.177999,25.311001,25.177999,25.299999,24.977196,900,0.0,1.0
2017-12-14,25.315001000000002,25.315001000000002,25.24,25.24,24.917963,8300,0.0,1.0
2017-12-15,25.309998999999998,25.389,25.309998999999998,25.389,25.065063000000002,2300,0.0,1.0
2017-12-18,25.597,25.6,25.555,25.563999,25.237829,1600,0.0,1.0
2017-12-19,25.49,25.49,25.450001,25.450001,25.125284,1300,0.0,1.0
2017-12-20,25.57,25.6,25.549999,25.559998999999998,25.233881,5000,0.0,1.0
2017-12-21,25.67,25.690001000000002,25.65,25.690001000000002,25.362223,2300,0.0,1.0
2017-12-22,25.75,25.809998999999998,25.74,25.809998999999998,25.480692,5700,0.0,1.0
2017-12-26,25.799999,25.85,25.799999,25.825001,25.495499,1900,0.0,1.0
2017-12-27,25.879998999999998,25.879998999999998,25.83,25.860001,25.530054,5000,0.0,1.0
2017-12-28,26.025,26.040001,25.985001,25.99,25.712086,6100,0.054000000000000006,1.0
2017-12-29,26.16,26.25,26.159,26.17,25.890162,13000,0.0,1.0
2018-01-02,26.51,26.57,26.49,26.559998999999998,26.275990000000004,10400,0.0,1.0
2018-01-03,26.709999,26.799999,26.709999,26.792,26.505508000000003,3400,0.0,1.0
2018-01-04,26.82,26.860001,26.790001,26.799999,26.513424,5500,0.0,1.0
2018-01-05,26.940001000000002,27.035,26.940001000000002,27.030001000000002,26.740963,11000,0.0,1.0
2018-01-08,27.0,27.049999,26.979,27.040001,26.750858,17200,0.0,1.0
2018-01-09,26.98,27.049999,26.98,27.01,26.721178000000002,8100,0.0,1.0
2018-01-10,26.965,27.025,26.959999,27.009001,26.720190000000002,2800,0.0,1.0
2018-01-11,27.049999,27.165001,27.049999,27.16,26.869574,3500,0.0,1.0
2018-01-12,27.35,27.43,27.32,27.41,27.116901000000002,5200,0.0,1.0
2018-01-16,27.5,27.5,27.297001,27.32,27.027864,31200,0.0,1.0
2018-01-17,27.459999,27.639999,27.459999,27.58,27.285084,55900,0.0,1.0
2018-01-18,27.48,27.51,27.42,27.423,27.129763,24100,0.0,1.0
2018-01-19,27.700001,27.819,27.6,27.819,27.521528000000004,2600,0.0,1.0
2018-01-22,27.780001000000002,27.915001,27.76,27.915001,27.616503,16800,0.0,1.0
2018-01-23,27.950001,27.989,27.902,27.975,27.675859000000003,4700,0.0,1.0
2018-01-24,28.129998999999998,28.23,27.620001000000002,27.879998999999998,27.581875,2631200,0.0,1.0
2018-01-25,28.17,28.27,28.070999,28.09,27.789628999999998,7600,0.0,1.0
2018-01-26,28.209,28.32,28.209,28.32,28.01717,2500,0.0,1.0
2018-01-29,27.99,28.16,27.98,28.09,27.789628999999998,8200,0.0,1.0
2018-01-30,27.799999,27.856001000000003,27.709999,27.790001,27.492838,2639700,0.0,1.0
2018-01-31,28.059998999999998,28.09,27.879998999999998,27.92,27.621446999999996,31200,0.0,1.0
2018-02-01,27.73,27.9,27.549999,27.799999,27.502729,8900,0.0,1.0
2018-02-02,27.42,27.42,27.079,27.079,26.789441999999998,22800,0.0,1.0
2018-02-05,27.0,27.24,26.290001,26.290001,26.008879,6900,0.0,1.0
2018-02-06,26.59,26.947001,26.379998999999998,26.879998999999998,26.592567,14300,0.0,1.0
2018-02-07,26.6,26.66,26.25,26.35,26.068235,9200,0.0,1.0
2018-02-08,26.17,26.17,25.419001,25.419001,25.147192,9100,0.0,1.0
2018-02-09,25.733,25.879998999999998,25.108999,25.733999,25.458822,10200,0.0,1.0
2018-02-12,26.02,26.219998999999998,25.83,26.049999,25.771444,6000,0.0,1.0
2018-02-13,26.120001000000002,26.280001000000002,26.1,26.27,25.989092000000003,11100,0.0,1.0
2018-02-14,26.198999,26.76,26.198999,26.76,26.473852,5800,0.0,1.0
2018-02-15,27.120001000000002,27.27,27.049,27.200001,26.909145000000002,5200,0.0,1.0
2018-02-16,27.18,27.33,27.040001,27.139999,26.849789,7700,0.0,1.0
2018-02-20,26.67,26.889999,26.67,26.76,26.473852,22400,0.0,1.0
2018-02-21,27.0,27.232,26.870001000000002,26.870001000000002,26.582676,8500,0.0,1.0
2018-02-22,26.9,27.040001,26.84,26.9,26.612352,10400,0.0,1.0
2018-02-23,27.120001000000002,27.26,27.09,27.245001000000002,26.953665,4900,0.0,1.0
2018-02-26,27.360001,27.51,27.35,27.495001000000002,27.200993,6100,0.0,1.0
2018-02-27,27.219998999999998,27.299999,26.875,26.875,26.587621999999996,21400,0.0,1.0
2018-02-28,26.889999,26.93,26.528,26.539,26.255217,48700,0.0,1.0
2018-03-01,26.709999,26.85,26.33,26.540001,26.256204999999998,10300,0.0,1.0
2018-03-02,26.27,26.610001,26.219998999999998,26.610001,26.325457,4300,0.0,1.0
2018-03-05,26.360001,26.66,26.33,26.639999,26.355134999999997,3400,0.0,1.0
2018-03-06,27.040001,27.040001,26.77,26.85,26.562889000000002,182200,0.0,1.0
2018-03-07,26.6,26.700001,26.58,26.690001000000002,26.4046,8700,0.0,1.0
2018-03-08,26.68,26.759001,26.629998999999998,26.73,26.444172,14500,0.0,1.0
2018-03-09,26.940001000000002,27.23,26.940001000000002,27.23,26.938828000000004,11800,0.0,1.0
2018-03-12,27.299999,27.32,27.26,27.309998999999998,27.017971000000003,7700,0.0,1.0
2018-03-13,27.33,27.391001,27.051001,27.051001,26.761740000000003,8500,0.0,1.0
2018-03-14,27.219998999999998,27.219998999999998,27.030001000000002,27.09,26.800323,2200,0.0,1.0
2018-03-15,27.120001000000002,27.120001000000002,26.995001000000002,27.0,26.711284999999997,2700,0.0,1.0
2018-03-16,26.99,27.059998999999998,26.99,27.049999,26.76075,8600,0.0,1.0
2018-03-19,26.719998999999998,26.735001,26.575001,26.645,26.360083000000003,1500,0.0,1.0
2018-03-20,26.860001,26.91,26.809998999999998,26.870001000000002,26.582676,3500,0.0,1.0
2018-03-21,26.84,27.049999,26.84,27.02,26.731071000000004,8700,0.0,1.0
2018-03-22,26.5,26.6,26.299999,26.309998999999998,26.028662,11000,0.0,1.0
2018-03-23,26.35,26.370001000000002,25.83,25.83,25.553797,4100,0.0,1.0
2018-03-26,26.459999,26.59,26.35,26.57,26.285881,8800,0.0,1.0
2018-03-27,26.52,26.6,26.129998999999998,26.139999,25.860481,21900,0.0,1.0
2018-03-28,26.049999,26.24,25.969998999999998,26.129998999999998,25.850588000000002,21300,0.0,1.0
2018-03-29,26.25,26.58,26.25,26.5,26.216633,8900,0.0,1.0
2018-04-02,26.290001,26.290001,25.903999,25.93,25.667254999999997,14900,0.015,1.0
2018-04-03,26.389,26.389,26.125,26.32,26.053304999999998,15500,0.0,1.0
2018-04-04,25.709999,26.34,25.700001,26.309998999999998,26.043404000000002,10800,0.0,1.0
2018-04-05,26.42,26.5,26.360001,26.360001,26.092899,9300,0.0,1.0
2018-04-06,26.219998999999998,26.25,25.893,25.92,25.657358,8200,0.0,1.0
2018-04-09,25.92,26.08,25.84,25.84,25.578169,4500,0.0,1.0
2018-04-10,26.305,26.33,26.305,26.33,26.063204000000002,1300,0.0,1.0
2018-04-11,26.15,26.344998999999998,26.15,26.32,26.053304999999998,7100,0.0,1.0
2018-04-12,26.360001,26.372,26.32,26.329,26.062214,9000,0.0,1.0
2018-04-13,26.26,26.26,25.975,26.07,25.805838,4500,0.0,1.0
2018-04-16,26.0,26.09,25.91,26.09,25.825636,2600,0.0,1.0
2018-04-17,26.01,26.16,26.0,26.120001000000002,25.855331,11500,0.0,1.0
2018-04-18,26.33,26.440001000000002,26.285,26.389999,26.122595,6000,0.0,1.0
2018-04-19,26.35,26.370001000000002,26.145,26.219998999999998,25.954317,29400,0.0,1.0
2018-04-20,26.040001,26.049999,25.940001000000002,25.99,25.726648,5300,0.0,1.0
2018-04-23,25.945,26.0,25.83,25.83,25.568270000000002,3900,0.0,1.0
2018-04-24,25.959999,25.971001,25.65,25.747,25.486110999999998,6900,0.0,1.0
2018-04-25,25.459999,25.59,25.459999,25.57,25.310904,8000,0.0,1.0
2018-04-26,25.74,25.834999,25.73,25.829,25.56728,6000,0.0,1.0
2018-04-27,25.93,26.059998999999998,25.91,26.059998999999998,25.795938,3600,0.0,1.0
2018-04-30,26.1,26.129998999999998,25.889999,25.889999,25.627661,11200,0.0,1.0
2018-05-01,25.75,25.75,25.479,25.74,25.479181,6900,0.0,1.0
2018-05-02,25.809998999999998,25.809998999999998,25.59,25.59,25.3307,5500,0.0,1.0
2018-05-03,25.59,25.59,25.267,25.52,25.261412,20800,0.0,1.0
2018-05-04,25.34,25.709999,25.34,25.639999,25.380194,4300,0.0,1.0
2018-05-07,25.540001,25.559998999999998,25.48,25.48,25.221815,4800,0.0,1.0
2018-05-08,25.48,25.49,25.35,25.48,25.221815,4200,0.0,1.0
2018-05-09,25.610001,25.639999,25.565001000000002,25.59,25.3307,3800,0.0,1.0
2018-05-10,25.860001,26.1,25.860001,26.1,25.835532999999998,4400,0.0,1.0
2018-05-11,26.15,26.16,26.040001,26.07,25.805838,4500,0.0,1.0
2018-05-14,26.23,26.35,26.110001,26.110001,25.845432000000002,4700,0.0,1.0
2018-05-15,25.66,25.735001,25.65,25.67,25.409891000000002,3600,0.0,1.0
2018-05-16,25.92,26.02,25.889999,26.01,25.746447,4600,0.0,1.0
2018-05-17,25.790001,25.84,25.66,25.68,25.419788,4000,0.0,1.0
2018-05-18,25.49,25.51,25.42,25.51,25.251513,3500,0.0,1.0
2018-05-21,25.700001,25.75,25.59,25.629998999999998,25.370295000000002,5700,0.0,1.0
2018-05-22,25.809998999999998,25.860001,25.780001000000002,25.780001000000002,25.518778,11000,0.0,1.0
2018-05-23,25.459999,25.67,25.43,25.65,25.390093,12200,0.0,1.0
2018-05-24,25.459999,25.49,25.25,25.469998999999998,25.211916,6100,0.0,1.0
2018-05-25,25.360001,25.402,25.34,25.360001,25.103033,3800,0.0,1.0
2018-05-29,25.08,25.117001000000002,24.82,24.91,24.657593,5300,0.0,1.0
2018-05-30,24.92,25.139,24.91,25.120001000000002,24.865465,8900,0.0,1.0
2018-05-31,25.02,25.08,25.018998999999997,25.08,24.825869,3500,0.0,1.0
2018-06-01,25.299999,25.450001,25.299999,25.450001,25.192122,4300,0.0,1.0
2018-06-04,25.610001,25.649,25.610001,25.649,25.389104999999997,1000,0.0,1.0
2018-06-05,25.603001000000003,25.603001000000003,25.52,25.530001000000002,25.271310999999997,3400,0.0,1.0
2018-06-06,25.669001,25.780001000000002,25.648001,25.77,25.508877,1400,0.0,1.0
2018-06-07,25.74,25.780001000000002,25.690001000000002,25.690001000000002,25.429689,3000,0.0,1.0
2018-06-08,25.43,25.531,25.327999,25.531,25.272299,3400,0.0,1.0
2018-06-11,25.549,25.559998999999998,25.51,25.51,25.251513,9700,0.0,1.0
2018-06-12,25.485001,25.52,25.398001,25.431998999999998,25.174301,22900,0.0,1.0
2018-06-13,25.482,25.49,25.18,25.280001000000002,25.023844,1300,0.0,1.0
2018-06-14,25.280001000000002,25.280001000000002,25.129998999999998,25.129998999999998,24.87536,4600,0.0,1.0
2018-06-15,24.85,24.92,24.809998999999998,24.9,24.647694,3600,0.0,1.0
2018-06-18,24.589001,24.68,24.559998999999998,24.67,24.420023,4900,0.0,1.0
2018-06-19,24.25,24.379998999999998,24.16,24.379998999999998,24.132960999999998,6100,0.0,1.0
2018-06-20,24.6,24.6,24.48,24.504998999999998,24.256695,8300,0.0,1.0
2018-06-21,24.259001,24.26,24.120001000000002,24.122,23.877577,7200,0.0,1.0
2018-06-22,24.49,24.49,24.34,24.389999,24.14286,9800,0.0,1.0
2018-06-25,24.105,24.16,23.993,24.145,23.900345,5900,0.0,1.0
2018-06-26,23.950001,24.049999,23.936001,24.0,23.756813,7100,0.0,1.0
2018-06-27,23.759001,23.780001000000002,23.485001,23.57,23.331169,10900,0.0,1.0
2018-06-28,23.66,23.700001,23.636999,23.67,23.430157,21500,0.0,1.0
2018-06-29,23.98,24.059998999999998,23.93,23.98,23.737015,9200,0.0,1.0
2018-07-02,23.681998999999998,23.77,23.629998999999998,23.76,23.637531,6300,0.12,1.0
2018-07-03,23.870001000000002,23.870001000000002,23.74,23.785999,23.663397,4100,0.0,1.0
2018-07-05,23.780001000000002,23.780001000000002,23.620001000000002,23.659,23.537052,28900,0.0,1.0
2018-07-06,23.82,24.059998999999998,23.82,24.059998999999998,23.935984,8500,0.0,1.0
2018-07-09,24.277,24.4,24.26,24.330999,24.205587,11400,0.0,1.0
2018-07-10,24.302999,24.355,24.25,24.355,24.229464,3600,0.0,1.0
2018-07-11,24.129998999999998,24.129998999999998,23.903,23.92,23.796705,4200,0.0,1.0
2018-07-12,24.209999,24.24,24.18,24.24,24.115057,3200,0.0,1.0
2018-07-13,24.290001,24.290001,24.219998999999998,24.26,24.134954,4000,0.0,1.0
2018-07-16,24.24,24.24,24.16,24.194,24.069294,3900,0.0,1.0
2018-07-17,24.25,24.41,24.25,24.392,24.266273,11600,0.0,1.0
2018-07-18,24.17,24.32,24.17,24.299999,24.174747,7100,0.0,1.0
2018-07-19,23.940001000000002,24.049999,23.940001000000002,24.01,23.886242000000003,12800,0.0,1.0
2018-07-20,24.23,24.360001,24.23,24.25,24.125006,10600,0.0,1.0
2018-07-23,24.24,24.259001,24.209999,24.23,24.105107999999998,6900,0.0,1.0
2018-07-24,24.58,24.695,24.559998999999998,24.562,24.435396,11500,0.0,1.0
2018-07-25,24.73,24.860001,24.67,24.860001,24.731861,4200,0.0,1.0
2018-07-26,24.790001,24.790001,24.68,24.694,24.566717,7700,0.0,1.0
2018-07-27,24.937,24.937,24.749001,24.808001,24.68013,4000,0.0,1.0
2018-07-30,24.91,24.91,24.816999,24.827999,24.700026,9100,0.0,1.0
2018-07-31,24.83,24.965,24.83,24.950001,24.821398000000002,13000,0.0,1.0
2018-08-01,24.799999,24.889999,24.690001000000002,24.75,24.622427,2400,0.0,1.0
2018-08-02,24.389999,24.485001,24.368999,24.485001,24.358795,3700,0.0,1.0
2018-08-03,24.697001,24.709999,24.66,24.68,24.552789999999998,3500,0.0,1.0
2018-08-06,24.540001,24.57,24.509001,24.52,24.393614000000003,7800,0.0,1.0
2018-08-07,24.799999,24.799999,24.690001000000002,24.709999,24.582634,5000,0.0,1.0
2018-08-08,24.635,24.660999,24.615,24.632998999999998,24.506031,5600,0.0,1.0
2018-08-09,24.615,24.615,24.485001,24.485001,24.358795,10400,0.0,1.0
2018-08-10,23.971001,24.145,23.940001000000002,24.02,23.896191,14000,0.0,1.0
2018-08-13,23.799,23.860001,23.620001000000002,23.620001000000002,23.498253,52500,0.0,1.0
2018-08-14,23.796,23.919001,23.796,23.9,23.776808,6200,0.0,1.0
2018-08-15,23.360001,23.360001,23.08,23.322001,23.201788,16700,0.0,1.0
2018-08-16,23.577,23.620001000000002,23.48,23.487,23.365938,3200,0.0,1.0
2018-08-17,23.379998999999998,23.66,23.360001,23.66,23.538045999999998,11600,0.0,1.0
2018-08-20,23.65,23.775,23.639999,23.723,23.600721,2800,0.0,1.0
2018-08-21,23.919001,23.969998999999998,23.91,23.91,23.786757,5700,0.0,1.0
2018-08-22,23.940001000000002,24.040001,23.860001,24.040001,23.916088000000002,17100,0.0,1.0
2018-08-23,23.940001000000002,23.950001,23.719998999999998,23.724001,23.601717,12100,0.0,1.0
2018-08-24,24.058001,24.073,23.989,24.065001000000002,23.94096,4400,0.0,1.0
2018-08-27,24.280001000000002,24.438,24.280001000000002,24.431,24.305073,2400,0.0,1.0
2018-08-28,24.440001000000002,24.440001000000002,24.302,24.309998999999998,24.184696,10400,0.0,1.0
2018-08-29,24.26,24.43,24.26,24.43,24.304077,4600,0.0,1.0
2018-08-30,24.01,24.01,23.795,23.816999,23.694237,3300,0.0,1.0
2018-08-31,24.07,24.07,23.940001000000002,24.068001000000002,23.943943,8200,0.0,1.0
2018-09-04,23.639999,23.639999,23.559998999999998,23.573999,23.452488,14800,0.0,1.0
2018-09-05,23.33,23.412001,23.33,23.360001,23.239594,5800,0.0,1.0
2018-09-06,23.440001000000002,23.440001000000002,23.171,23.440001000000002,23.319181,7200,0.0,1.0
2018-09-07,23.423,23.469998999999998,23.32,23.35,23.229645,7400,0.0,1.0
2018-09-10,23.25,23.278,23.169001,23.207001,23.087381,13800,0.0,1.0
2018-09-11,23.046,23.16,23.014999,23.139999,23.020725,5900,0.0,1.0
2018-09-12,23.219998999999998,23.415001,23.139999,23.410999,23.290329,2100,0.0,1.0
2018-09-13,23.656,23.662001,23.52,23.58,23.458458,13800,0.0,1.0
2018-09-14,23.611,23.66,23.57,23.608999,23.487309,8600,0.0,1.0
2018-09-17,23.49,23.551001,23.469998999999998,23.49,23.368921,7700,0.0,1.0
2018-09-18,23.690001000000002,24.599001,23.639999,23.736,23.613654999999998,10600,0.0,1.0
2018-09-19,23.9,24.83,23.870001000000002,23.950001,23.826551000000002,32200,0.0,1.0
2018-09-20,24.120001000000002,24.16,24.01,24.15,24.02552,18500,0.0,1.0
2018-09-21,24.18,24.294001,24.18,24.26,24.134954,4400,0.0,1.0
2018-09-24,24.09,24.110001,24.07,24.08,23.955881,4800,0.0,1.0
2018-09-25,24.129998999999998,24.24,24.127001,24.24,24.115057,7100,0.0,1.0
2018-09-26,24.219998999999998,24.41,24.219998999999998,24.290001,24.164801,7700,0.0,1.0
2018-09-27,24.379998999999998,24.469998999999998,24.379998999999998,24.42,24.294128,5900,0.0,1.0
2018-09-28,24.378,24.426001,24.250999,24.250999,24.125999,6300,0.0,1.0
2018-10-01,24.309998999999998,24.332001,24.219998999999998,24.219998999999998,24.219998999999998,8500,0.125,1.0
2018-10-02,24.059998999999998,24.110001,24.040001,24.07,24.07,1700,0.0,1.0
2018-10-03,24.191999,24.215,23.889999,23.913,23.913,4900,0.0,1.0
2018-10-04,23.620001000000002,23.620001000000002,23.25,23.280001000000002,23.280001000000002,19500,0.0,1.0
2018-10-05,23.364,23.364,23.177,23.306,23.306,6300,0.0,1.0
2018-10-08,23.242001000000002,23.375999,23.171,23.375999,23.375999,5100,0.0,1.0
2018-10-09,23.197001,23.384001,23.197001,23.35,23.35,4700,0.0,1.0
2018-10-10,22.974001,22.974001,22.74,22.752001,22.752001,2700,0.0,1.0
2018-10-11,22.548,22.559998999999998,22.370001000000002,22.540001,22.540001,5700,0.0,1.0
