date,Open,High,Low,Close,Adj Close,Volume,Dividends,Stock Splits
2018-01-16,18.190001000000002,18.34,18.190001000000002,18.209999,16.86342,84800,0.15,1.0
2018-01-17,18.219998999999998,18.59,18.219998999999998,18.440001000000002,17.076412,163600,0.0,1.0
2018-01-18,18.48,18.48,18.167,18.17,16.826373999999998,121600,0.0,1.0
2018-01-19,18.17,18.190001000000002,18.059998999999998,18.129998999999998,16.789333,72300,0.0,1.0
2018-01-22,18.190001000000002,18.190001000000002,18.059998999999998,18.09,16.752295,77100,0.0,1.0
2018-01-23,18.139999,18.17,18.082001,18.129998999999998,16.789333,71300,0.0,1.0
2018-01-24,18.18,18.18,18.1,18.110001,16.770813,64500,0.0,1.0
2018-01-25,18.280001000000002,18.280001000000002,18.110001,18.139999,16.798592000000003,38000,0.0,1.0
2018-01-26,18.110001,18.17,18.059998999999998,18.16,16.817116,60500,0.0,1.0
2018-01-29,17.82,18.059998999999998,17.82,17.92,16.594862,136700,0.0,1.0
2018-01-30,17.9,18.049999,17.801001,17.860001,16.539301000000002,200500,0.0,1.0
2018-01-31,18.0,18.280001000000002,17.9,18.15,16.807856,129000,0.0,1.0
2018-02-01,17.99,18.200001,17.99,18.16,16.817116,58600,0.0,1.0
2018-02-02,18.08,18.200001,18.049999,18.059998999999998,16.724510000000002,109200,0.0,1.0
2018-02-05,18.049999,18.049999,17.790001,17.790001,16.474478,115600,0.0,1.0
2018-02-06,17.83,18.15,17.75,18.120001000000002,16.780077,82300,0.0,1.0
2018-02-07,18.15,18.15,18.0,18.030001000000002,16.69673,24800,0.0,1.0
2018-02-08,18.15,18.15,18.01,18.049999,16.71525,40100,0.0,1.0
2018-02-09,18.1,18.18,17.85,17.959999,16.631905,105100,0.0,1.0
2018-02-12,18.02,18.190001000000002,18.0,18.08,16.743031,42300,0.0,1.0
2018-02-13,18.1,18.174999,18.01,18.08,16.743031,35000,0.0,1.0
2018-02-14,17.9,17.98,17.85,17.91,16.724356,42500,0.15,1.0
2018-02-15,17.91,17.940001000000002,17.799999,17.940001000000002,16.752369,43600,0.0,1.0
2018-02-16,18.049999,18.120001000000002,17.959999,18.07,16.873764,36100,0.0,1.0
2018-02-20,18.049999,18.09,17.940001000000002,17.940001000000002,16.752369,27100,0.0,1.0
2018-02-21,17.997999,18.040001,17.93,17.93,16.743032,52000,0.0,1.0
2018-02-22,17.983999,18.09,17.889999,17.969998999999998,16.780382,57200,0.0,1.0
2018-02-23,18.0,18.25,18.0,18.200001,16.995157,114800,0.0,1.0
2018-02-26,18.200001,18.200001,18.02,18.02,16.827074,34800,0.0,1.0
2018-02-27,18.16,18.16,17.889999,17.93,16.743032,43300,0.0,1.0
2018-02-28,18.049999,18.1,18.0,18.02,16.827074,59600,0.0,1.0
2018-03-01,18.0,18.200001,18.0,18.02,16.827074,68400,0.0,1.0
2018-03-02,18.025999,18.1,18.0,18.0,16.808398999999998,40900,0.0,1.0
2018-03-05,18.02,18.110001,18.0,18.040001,16.845751,29800,0.0,1.0
2018-03-06,18.15,18.16,18.073,18.110001,16.911116,28600,0.0,1.0
2018-03-07,18.120001000000002,18.120001000000002,18.0,18.040001,16.845751,25500,0.0,1.0
2018-03-08,18.02,18.1,18.02,18.049999,16.855089000000003,27400,0.0,1.0
2018-03-09,18.0,18.08,18.0,18.049999,16.855089000000003,30900,0.0,1.0
2018-03-12,18.0,18.1,18.0,18.049999,16.855089000000003,20700,0.0,1.0
2018-03-13,18.0,18.139999,17.91,17.93,16.743032,39700,0.0,1.0
2018-03-14,17.809998999999998,17.950001,17.700001,17.790001,16.752451,77600,0.15,1.0
2018-03-15,17.77,17.857,17.719998999999998,17.77,16.733616,44000,0.0,1.0
2018-03-16,17.799999,17.889999,17.74,17.879,16.836256,32100,0.0,1.0
2018-03-19,17.76,17.799999,17.620001000000002,17.73,16.69595,85500,0.0,1.0
2018-03-20,17.809998999999998,17.870001000000002,17.74,17.799999,16.761866,53100,0.0,1.0
2018-03-21,17.799999,17.83,17.620001000000002,17.732,16.69783,69300,0.0,1.0
2018-03-22,17.780001000000002,17.780001000000002,17.610001,17.636999,16.60837,44600,0.0,1.0
2018-03-23,17.719998999999998,17.73,17.6,17.65,16.620613,23300,0.0,1.0
2018-03-26,17.68,17.780001000000002,17.610001,17.66,16.630032,47200,0.0,1.0
2018-03-27,17.75,17.85,17.67,17.690001000000002,16.658281,72200,0.0,1.0
2018-03-28,17.700001,17.780001000000002,17.6,17.780001000000002,16.743031,34700,0.0,1.0
2018-03-29,17.790001,17.93,17.709999,17.809998999999998,16.771278,42600,0.0,1.0
2018-04-02,17.809998999999998,17.82,17.629998999999998,17.629998999999998,16.601778,40500,0.0,1.0
2018-04-03,17.68,17.73,17.6,17.610001,16.582947,53000,0.0,1.0
2018-04-04,17.6,17.662001,17.469998999999998,17.5,16.479362,44500,0.0,1.0
2018-04-05,17.57,17.65,17.559998999999998,17.610001,16.582947,18300,0.0,1.0
2018-04-06,17.6,17.75,17.594998999999998,17.639999,16.611195000000002,44400,0.0,1.0
2018-04-09,17.75,17.75,17.58,17.620001000000002,16.592365,33500,0.0,1.0
2018-04-10,17.629998999999998,17.799999,17.610001,17.77,16.733616,37800,0.0,1.0
2018-04-11,17.780001000000002,17.874001,17.620001000000002,17.65,16.620613,67700,0.0,1.0
2018-04-12,17.540001,17.825001,17.540001,17.77,16.733616,53900,0.0,1.0
2018-04-13,17.84,17.84,17.761999,17.77,16.733616,38400,0.0,1.0
2018-04-16,17.82,17.870001000000002,17.799999,17.84,16.799529999999997,32300,0.0,1.0
2018-04-17,17.84,17.950001,17.84,17.879998999999998,16.8372,61400,0.0,1.0
2018-04-18,17.93,17.93,17.884001,17.889999,16.846615,48600,0.0,1.0
2018-04-19,17.76,17.76,17.58,17.610001,16.723166,29800,0.15,1.0
2018-04-20,17.610001,17.629998999999998,17.57,17.57,16.685177,18600,0.0,1.0
2018-04-23,17.690001000000002,17.695,17.586,17.59,16.70417,35000,0.0,1.0
2018-04-24,17.59,17.643998999999997,17.559998999999998,17.559998999999998,16.67568,38900,0.0,1.0
2018-04-25,17.65,17.65,17.58,17.584999,16.699419,29900,0.0,1.0
2018-04-26,17.57,17.83,17.559998999999998,17.83,16.932083,65500,0.0,1.0
2018-04-27,17.879998999999998,17.879998999999998,17.700001,17.82,16.922586,47100,0.0,1.0
2018-04-30,17.85,17.85,17.75,17.85,16.951076999999998,29100,0.0,1.0
2018-05-01,17.799999,17.85,17.719998999999998,17.719998999999998,16.827621,35700,0.0,1.0
2018-05-02,17.9,17.9,17.74,17.77,16.875104999999998,36900,0.0,1.0
2018-05-03,17.85,17.85,17.5,17.67,16.78014,45600,0.0,1.0
2018-05-04,17.719998999999998,17.732,17.635,17.700001,16.808632,30700,0.0,1.0
2018-05-07,17.77,17.780001000000002,17.629998999999998,17.73,16.837118,51300,0.0,1.0
2018-05-08,17.84,17.84,17.684998999999998,17.719998999999998,16.827621,18500,0.0,1.0
2018-05-09,17.68,17.809998999999998,17.68,17.75,16.856113,22200,0.0,1.0
2018-05-10,17.67,17.673,17.559998999999998,17.603001000000003,16.858985999999998,22000,0.15,1.0
2018-05-11,17.73,17.73,17.58,17.58,16.836956,49900,0.0,1.0
2018-05-14,17.559998999999998,17.67,17.555,17.57,16.827379,23900,0.0,1.0
2018-05-15,17.530001000000002,17.6,17.5,17.51,16.769917,29200,0.0,1.0
2018-05-16,17.52,17.629998999999998,17.450001,17.549999,16.808226,50500,0.0,1.0
2018-05-17,17.49,17.57,17.4,17.43,16.693298000000002,56200,0.0,1.0
2018-05-18,17.43,17.57,17.4,17.459999,16.722031,36300,0.0,1.0
2018-05-21,17.58,17.58,17.42,17.43,16.693298000000002,40800,0.0,1.0
2018-05-22,17.450001,17.6,17.299999,17.35,16.61668,53500,0.0,1.0
2018-05-23,17.33,17.469998999999998,17.25,17.25,16.520906,33700,0.0,1.0
2018-05-24,17.25,17.33,17.120001000000002,17.27,16.540062,47100,0.0,1.0
2018-05-25,17.23,17.379998999999998,17.23,17.370001000000002,16.635835999999998,11300,0.0,1.0
2018-05-29,17.450001,17.450001,17.35,17.41,16.674143,36500,0.0,1.0
2018-05-30,17.4,17.469998999999998,17.370001000000002,17.43,16.693298000000002,40000,0.0,1.0
2018-05-31,17.5,17.549999,17.24,17.379998999999998,16.645411,65100,0.0,1.0
2018-06-01,17.450001,17.450001,17.280001000000002,17.440001000000002,16.702876999999997,69300,0.0,1.0
2018-06-04,17.530001000000002,17.530001000000002,17.33,17.469998999999998,16.731609,41400,0.0,1.0
2018-06-05,17.530001000000002,17.58,17.469998999999998,17.57,16.827379,55500,0.0,1.0
2018-06-06,17.57,17.690001000000002,17.549999,17.6,16.856112,39900,0.0,1.0
2018-06-07,17.709999,17.709999,17.6,17.67,16.923151,38800,0.0,1.0
2018-06-08,17.68,17.698999,17.629998999999998,17.68,16.932732,37800,0.0,1.0
2018-06-11,17.667999,17.75,17.650999,17.67,16.923151,36800,0.0,1.0
2018-06-12,17.65,17.73,17.641001,17.68,16.932732,36600,0.0,1.0
2018-06-13,17.84,17.84,17.709999,17.780001000000002,17.028505,50700,0.0,1.0
2018-06-14,17.530001000000002,17.59,17.4,17.4,16.806351,45200,0.15,1.0
2018-06-15,17.309998999999998,17.57,17.309998999999998,17.459999,16.864304999999998,21800,0.0,1.0
2018-06-18,17.549999,17.549999,17.42,17.459999,16.864304999999998,20200,0.0,1.0
2018-06-19,17.485001,17.549999,17.48,17.530001000000002,16.931915,13400,0.0,1.0
2018-06-20,17.629998999999998,17.65,17.51,17.59,16.98987,14600,0.0,1.0
2018-06-21,17.57,17.639999,17.549999,17.559998999999998,16.960892,16400,0.0,1.0
2018-06-22,17.6,17.6,17.34,17.360001,16.767717,61600,0.0,1.0
2018-06-25,17.379998999999998,17.459999,17.25,17.450001,16.854647,67500,0.0,1.0
2018-06-26,17.447001,17.5,17.360001,17.5,16.902939,28600,0.0,1.0
2018-06-27,17.5,17.620001000000002,17.482,17.555,16.956064,31700,0.0,1.0
2018-06-28,17.639999,17.76,17.542999,17.629998999999998,17.028503,71300,0.0,1.0
2018-06-29,17.76,17.76,17.52,17.690001000000002,17.086458,49500,0.0,1.0
2018-07-02,17.82,17.82,17.681,17.76,17.15407,30200,0.0,1.0
2018-07-03,17.768998999999997,17.771,17.700001,17.719998999999998,17.115435,27900,0.0,1.0
2018-07-05,17.700001,17.797001,17.700001,17.780001000000002,17.173385999999997,20000,0.0,1.0
2018-07-06,17.799999,17.966998999999998,17.76,17.959999,17.347246,33000,0.0,1.0
2018-07-09,17.93,17.938999,17.77,17.860001,17.250657999999998,35700,0.0,1.0
2018-07-10,17.85,17.889999,17.780001000000002,17.889999,17.279633999999998,17300,0.0,1.0
2018-07-11,17.879998999999998,17.879998999999998,17.709999,17.799999,17.192703,31700,0.0,1.0
2018-07-12,17.68,17.860001,17.68,17.76,17.299854,52600,0.15,1.0
2018-07-13,17.620001000000002,17.76,17.5,17.52,17.066072,52300,0.0,1.0
2018-07-16,17.549999,17.549999,17.395,17.459999,17.007627,43900,0.0,1.0
2018-07-17,17.540001,17.540001,17.42,17.459999,17.007627,35400,0.0,1.0
2018-07-18,17.6,17.6,17.35,17.370001000000002,16.91996,61000,0.0,1.0
2018-07-19,17.48,17.48,17.299999,17.33,16.880997,41600,0.0,1.0
2018-07-20,17.43,17.43,17.27,17.4,16.949181,42100,0.0,1.0
2018-07-23,17.42,17.530001000000002,17.27,17.379998999999998,16.929701,55800,0.0,1.0
2018-07-24,17.370001000000002,17.52,17.34,17.379998999999998,16.929701,53900,0.0,1.0
2018-07-25,17.370001000000002,17.379998999999998,17.26,17.379998999999998,16.929701,60000,0.0,1.0
2018-07-26,17.309998999999998,17.43,17.200001,17.33,16.880997,104500,0.0,1.0
2018-07-27,17.27,17.43,17.27,17.290001,16.842031,37400,0.0,1.0
2018-07-30,17.360001,17.379998999999998,17.25,17.379998999999998,16.929701,47500,0.0,1.0
2018-07-31,17.389999,17.49,17.309998999999998,17.49,17.036852,40800,0.0,1.0
2018-08-01,17.49,17.52,17.368999,17.5,17.046591,59700,0.0,1.0
2018-08-02,17.389999,17.51,17.299999,17.440001000000002,16.988146,33400,0.0,1.0
2018-08-03,17.450001,17.540001,17.389999,17.530001000000002,17.075813,52100,0.0,1.0
2018-08-06,17.540001,17.67,17.5,17.65,17.192703,37700,0.0,1.0
2018-08-07,17.521,17.639999,17.445,17.459999,17.007627,24800,0.0,1.0
2018-08-08,17.466998999999998,17.58,17.4,17.58,17.124517,19200,0.0,1.0
2018-08-09,17.57,17.65,17.511,17.6,17.143998999999997,17200,0.0,1.0
2018-08-10,17.67,17.67,17.459999,17.57,17.114779000000002,28200,0.0,1.0
2018-08-13,17.65,17.65,17.41,17.459999,17.007627,21600,0.0,1.0
2018-08-14,17.41,17.52,17.4,17.41,16.958923000000002,22100,0.0,1.0
2018-08-15,17.42,17.440001000000002,17.4,17.41,16.958923000000002,40700,0.0,1.0
2018-08-16,17.389999,17.445999,17.299999,17.4,17.096479000000002,38900,0.15,1.0
2018-08-17,17.450001,17.48,17.43,17.43,17.125957,32900,0.0,1.0
2018-08-20,17.440001000000002,17.549,17.41,17.48,17.175085,19800,0.0,1.0
2018-08-21,17.48,17.68,17.48,17.68,17.371595000000003,40200,0.0,1.0
2018-08-22,17.66,17.68,17.6,17.620001000000002,17.312645,40900,0.0,1.0
2018-08-23,17.639999,17.65,17.625999,17.65,17.342119,22700,0.0,1.0
2018-08-24,17.65,17.65,17.544001,17.620001000000002,17.312645,28700,0.0,1.0
2018-08-27,17.65,17.65,17.57,17.587,17.280217999999998,38800,0.0,1.0
2018-08-28,17.58,17.610001,17.52,17.549999,17.243862,62200,0.0,1.0
2018-08-29,17.639999,17.65,17.48,17.48,17.175085,79700,0.0,1.0
2018-08-30,17.610001,17.620001000000002,17.459999,17.51,17.204563,43500,0.0,1.0
2018-08-31,17.65,17.68,17.450001,17.450001,17.145609,49500,0.0,1.0
2018-09-04,17.43,17.59,17.43,17.57,17.263514999999998,17500,0.0,1.0
2018-09-05,17.59,17.65,17.521,17.559998999999998,17.253689,43500,0.0,1.0
2018-09-06,17.587999,17.6,17.530001000000002,17.58,17.27334,17300,0.0,1.0
2018-09-07,17.530001000000002,17.6,17.530001000000002,17.559,17.252708,18600,0.0,1.0
2018-09-10,17.68,17.68,17.51,17.530001000000002,17.224213,15900,0.0,1.0
2018-09-11,17.5,17.65,17.5,17.65,17.342119,28000,0.0,1.0
2018-09-12,17.629998999999998,17.68,17.540001,17.68,17.371595000000003,46100,0.0,1.0
2018-09-13,17.549999,17.58,17.450001,17.549999,17.391415,36800,0.15,1.0
2018-09-14,17.440001000000002,17.549999,17.427999,17.43,17.272501000000002,27800,0.0,1.0
2018-09-17,17.530001000000002,17.530001000000002,17.309998999999998,17.379998999999998,17.222952,17600,0.0,1.0
2018-09-18,17.389999,17.43,17.309998999999998,17.43,17.272501000000002,54600,0.0,1.0
2018-09-19,17.389999,17.389999,17.33,17.34,17.183313000000002,16500,0.0,1.0
2018-09-20,17.299999,17.379998999999998,17.290001,17.299999,17.143675,34600,0.0,1.0
2018-09-21,17.34,17.34,17.280001000000002,17.305,17.148629999999997,15500,0.0,1.0
2018-09-24,17.27,17.316999,17.077999,17.139999,16.985121,46200,0.0,1.0
2018-09-25,17.110001,17.139999,16.969998999999998,17.040001,16.886024,75600,0.0,1.0
2018-09-26,17.0,17.07,16.98,17.0,16.846386,39100,0.0,1.0
2018-09-27,16.969998999999998,17.030001000000002,16.93,16.940001000000002,16.786928,26100,0.0,1.0
2018-09-28,17.049999,17.049999,16.83,16.950001,16.796839000000002,27900,0.0,1.0
2018-10-01,16.950001,17.4,16.950001,17.309998999999998,17.153584,55700,0.0,1.0
2018-10-02,17.280001000000002,17.370001000000002,17.26,17.329,17.172413,28100,0.0,1.0
2018-10-03,17.280001000000002,17.389999,17.18,17.26,17.104035999999997,31500,0.0,1.0
2018-10-04,17.290001,17.299999,16.870001000000002,16.870001000000002,16.717562,66300,0.0,1.0
2018-10-05,16.9,17.030001000000002,16.85,16.864,16.711615,47200,0.0,1.0
2018-10-08,16.799999,16.969998999999998,16.68,16.809998999999998,16.658102,35400,0.0,1.0
2018-10-09,16.67,16.799999,16.629998999999998,16.629998999999998,16.479729000000003,52000,0.0,1.0
2018-10-10,16.74,16.75,16.49,16.6,16.450001,77900,0.0,1.0
2018-10-11,16.43,16.549999,16.35,16.389999,16.389999,48200,0.15,1.0
