date,Open,High,Low,Close,Adj Close,Volume,Dividends,Stock Splits
2014-05-16,12.91,12.95,12.91,12.94,12.94,60500,0.0,1.0
2014-05-19,13.02,13.03,12.94,12.95,12.95,75000,0.0,1.0
2014-05-20,12.9,12.97,12.9,12.95,12.95,55600,0.0,1.0
2014-05-21,12.91,12.92,12.84,12.92,12.92,3152600,0.0,1.0
2014-05-22,13.01,13.01,12.95,12.95,12.95,22200,0.0,1.0
2014-05-23,12.94,12.95,12.9,12.93,12.93,48400,0.0,1.0
2014-05-27,12.78,12.78,12.65,12.67,12.67,38300,0.0,1.0
2014-05-28,12.62,12.63,12.57,12.589,12.589,23900,0.0,1.0
2014-05-29,12.55,12.6,12.55,12.56,12.56,26300,0.0,1.0
2014-05-30,12.55,12.55,12.43,12.5,12.5,98500,0.0,1.0
2014-06-02,12.46,12.5,12.42,12.43,12.43,106000,0.0,1.0
2014-06-03,12.44,12.48,12.42,12.47,12.47,35900,0.0,1.0
2014-06-04,12.47,12.47,12.44,12.44,12.44,19900,0.0,1.0
2014-06-05,12.52,12.55,12.518,12.53,12.53,44800,0.0,1.0
2014-06-06,12.54,12.54,12.46,12.53,12.53,39000,0.0,1.0
2014-06-09,12.532,12.55,12.522,12.54,12.54,18500,0.0,1.0
2014-06-10,12.6,12.62,12.6,12.62,12.62,28100,0.0,1.0
2014-06-11,12.62,12.63,12.59,12.61,12.61,29000,0.0,1.0
2014-06-12,12.66,12.75,12.657,12.73,12.73,61600,0.0,1.0
2014-06-13,12.73,12.77,12.73,12.77,12.77,48300,0.0,1.0
2014-06-16,12.77,12.77,12.71,12.71,12.71,28000,0.0,1.0
2014-06-17,12.66,12.72,12.66,12.7,12.7,24300,0.0,1.0
2014-06-18,12.7,12.75,12.69,12.74,12.74,35800,0.0,1.0
2014-06-19,12.91,13.21,12.91,13.16,13.16,126000,0.0,1.0
2014-06-20,13.12,13.2,13.11,13.14,13.14,163200,0.0,1.0
2014-06-23,13.15,13.18,13.13,13.16,13.16,38000,0.0,1.0
2014-06-24,13.22,13.22,13.17,13.19,13.19,140400,0.0,1.0
2014-06-25,13.17,13.24,13.17,13.19,13.19,51600,0.0,1.0
2014-06-26,13.15,13.17,13.14,13.157,13.157,25400,0.0,1.0
2014-06-27,13.166,13.2,13.16,13.16,13.16,27400,0.0,1.0
2014-06-30,13.14,13.28,13.14,13.257,13.257,125400,0.0,1.0
2014-07-01,13.29,13.3,13.25,13.27,13.27,73300,0.0,1.0
2014-07-02,13.27,13.32,13.26,13.26,13.26,61700,0.0,1.0
2014-07-03,13.18,13.215,13.14,13.19,13.19,39200,0.0,1.0
2014-07-07,13.15,13.183,13.12,13.18,13.18,32300,0.0,1.0
2014-07-08,13.22,13.24,13.14,13.2,13.2,62300,0.0,1.0
2014-07-09,13.245,13.31,13.21,13.27,13.27,61300,0.0,1.0
2014-07-10,13.42,13.42,13.35,13.36,13.36,56500,0.0,1.0
2014-07-11,13.34,13.37,13.34,13.37,13.37,59000,0.0,1.0
2014-07-14,13.04,13.09,13.04,13.06,13.06,71400,0.0,1.0
2014-07-15,13.07,13.11,12.92,12.95,12.95,90800,0.0,1.0
2014-07-16,12.995,13.03,12.97,12.97,12.97,56300,0.0,1.0
2014-07-17,13.04,13.23,13.02,13.18,13.18,91300,0.0,1.0
2014-07-18,13.06,13.1,13.05,13.1,13.1,41700,0.0,1.0
2014-07-21,13.14,13.15,13.11,13.13,13.13,43300,0.0,1.0
2014-07-22,13.13,13.13,13.04,13.05,13.05,26800,0.0,1.0
2014-07-23,13.05,13.09,13.036,13.047,13.047,40800,0.0,1.0
2014-07-24,12.97,12.97,12.88,12.92,12.92,64900,0.0,1.0
2014-07-25,12.95,13.07,12.935,13.069,13.069,70900,0.0,1.0
2014-07-28,13.03,13.05,13.02,13.04,13.04,89000,0.0,1.0
2014-07-29,13.06,13.07,12.96,13.01,13.01,44900,0.0,1.0
2014-07-30,12.97,12.97,12.93,12.96,12.96,49200,0.0,1.0
2014-07-31,12.86,12.87,12.8,12.84,12.84,57900,0.0,1.0
2014-08-01,12.94,12.95,12.91,12.93,12.93,35600,0.0,1.0
2014-08-04,12.92,12.92,12.86,12.88,12.88,28700,0.0,1.0
2014-08-05,12.86,12.92,12.82,12.87,12.87,50300,0.0,1.0
2014-08-06,13.06,13.08,13.05,13.05,13.05,23400,0.0,1.0
2014-08-07,13.029,13.13,13.029,13.11,13.11,17400,0.0,1.0
2014-08-08,13.1,13.12,13.09,13.11,13.11,13100,0.0,1.0
2014-08-11,13.08,13.09,13.07,13.076,13.076,20300,0.0,1.0
2014-08-12,13.13,13.16,13.073,13.093,13.093,57200,0.0,1.0
2014-08-13,13.12,13.14,13.08,13.11,13.11,37900,0.0,1.0
2014-08-14,13.12,13.14,13.106,13.12,13.12,39800,0.0,1.0
2014-08-15,12.93,13.07,12.92,13.05,13.05,136100,0.0,1.0
2014-08-18,12.96,12.99,12.96,12.98,12.98,25200,0.0,1.0
2014-08-19,12.98,12.98,12.93,12.95,12.95,67600,0.0,1.0
2014-08-20,12.96,12.96,12.87,12.89,12.89,22500,0.0,1.0
2014-08-21,12.75,12.799,12.72,12.77,12.77,28300,0.0,1.0
2014-08-22,12.78,12.81,12.74,12.8,12.8,29800,0.0,1.0
2014-08-25,12.77,12.778,12.75,12.76,12.76,38900,0.0,1.0
2014-08-26,12.87,12.87,12.81,12.83,12.83,25000,0.0,1.0
2014-08-27,12.84,12.84,12.813,12.82,12.82,11600,0.0,1.0
2014-08-28,12.9,12.915,12.87,12.89,12.89,22800,0.0,1.0
2014-08-29,12.86,12.88,12.85,12.86,12.86,20400,0.0,1.0
2014-09-02,12.67,12.67,12.62,12.64,12.64,71200,0.0,1.0
2014-09-03,12.65,12.69,12.64,12.68,12.68,26400,0.0,1.0
2014-09-04,12.72,12.74,12.59,12.61,12.61,52100,0.0,1.0
2014-09-05,12.65,12.67,12.64,12.665,12.665,43400,0.0,1.0
2014-09-08,12.62,12.62,12.502,12.55,12.55,83100,0.0,1.0
2014-09-09,12.55,12.55,12.47,12.55,12.55,42600,0.0,1.0
2014-09-10,12.48,12.51,12.43,12.49,12.49,49100,0.0,1.0
2014-09-11,12.43,12.43,12.34,12.4,12.4,41300,0.0,1.0
2014-09-12,12.32,12.34,12.27,12.29,12.29,32000,0.0,1.0
2014-09-15,12.34,12.34,12.31,12.324,12.324,36700,0.0,1.0
2014-09-16,12.35,12.407,12.304,12.35,12.35,36400,0.0,1.0
2014-09-17,12.36,12.36,12.217,12.217,12.217,32200,0.0,1.0
2014-09-18,12.19,12.26,12.17,12.24,12.24,57500,0.0,1.0
2014-09-19,12.21,12.21,12.124,12.16,12.16,53300,0.0,1.0
2014-09-22,12.13,12.187,12.11,12.13,12.13,39000,0.0,1.0
2014-09-23,12.26,12.26,12.19,12.21,12.21,32100,0.0,1.0
2014-09-24,12.17,12.22,12.15,12.159,12.159,74600,0.0,1.0
2014-09-25,12.09,12.22,12.08,12.2,12.2,33200,0.0,1.0
2014-09-26,12.16,12.16,12.12,12.16,12.16,34900,0.0,1.0
2014-09-29,12.19,12.195,12.147,12.147,12.147,50900,0.0,1.0
2014-09-30,12.11,12.185,12.04,12.08,12.08,31200,0.0,1.0
2014-10-01,12.12,12.17,12.12,12.139,12.139,44400,0.0,1.0
2014-10-02,12.14,12.17,12.1,12.11,12.11,37100,0.0,1.0
2014-10-03,11.96,11.99,11.9,11.9,11.9,90400,0.0,1.0
2014-10-06,11.96,12.06,11.94,12.06,12.06,40100,0.0,1.0
2014-10-07,12.08,12.11,12.06,12.08,12.08,52600,0.0,1.0
2014-10-08,12.15,12.21,12.035,12.21,12.21,25900,0.0,1.0
2014-10-09,12.25,12.27,12.22,12.22,12.22,77900,0.0,1.0
2014-10-10,12.23,12.23,12.177,12.22,12.22,84800,0.0,1.0
2014-10-13,12.28,12.32,12.26,12.31,12.31,19400,0.0,1.0
2014-10-14,12.32,12.34,12.3,12.31,12.31,58600,0.0,1.0
2014-10-15,12.39,12.46,12.34,12.36,12.36,94200,0.0,1.0
2014-10-16,12.359,12.427,12.359,12.38,12.38,15500,0.0,1.0
2014-10-17,12.37,12.38,12.3,12.369,12.369,46500,0.0,1.0
2014-10-20,12.43,12.45,12.42,12.44,12.44,40000,0.0,1.0
2014-10-21,12.5,12.51,12.46,12.46,12.46,17200,0.0,1.0
2014-10-22,12.43,12.439,12.39,12.4,12.4,14300,0.0,1.0
2014-10-23,12.323,12.33,12.25,12.31,12.31,103500,0.0,1.0
2014-10-24,12.32,12.32,12.27,12.29,12.29,16400,0.0,1.0
2014-10-27,12.28,12.29,12.21,12.269,12.269,16400,0.0,1.0
2014-10-28,12.31,12.31,12.26,12.27,12.27,14500,0.0,1.0
2014-10-29,12.22,12.237,12.022,12.08,12.08,17500,0.0,1.0
2014-10-30,12.03,12.04,11.94,11.97,11.97,58300,0.0,1.0
2014-10-31,11.62,11.704,11.61,11.704,11.704,41900,0.0,1.0
2014-11-03,11.68,11.704,11.65,11.652,11.652,35900,0.0,1.0
2014-11-04,11.64,11.69,11.64,11.65,11.65,18400,0.0,1.0
2014-11-05,11.42,11.48,11.4,11.4,11.4,45300,0.0,1.0
2014-11-06,11.42,11.47,11.401,11.41,11.41,39500,0.0,1.0
2014-11-07,11.5,11.74,11.5,11.74,11.74,53100,0.0,1.0
2014-11-10,11.66,11.66,11.469,11.47,11.47,12100,0.0,1.0
2014-11-11,11.54,11.71,11.53,11.68,11.68,28500,0.0,1.0
2014-11-12,11.65,11.65,11.566,11.57,11.57,14700,0.0,1.0
2014-11-13,11.62,11.65,11.57,11.6,11.6,5900,0.0,1.0
2014-11-14,11.51,11.91,11.51,11.89,11.89,24500,0.0,1.0
2014-11-17,11.84,11.86,11.8,11.84,11.84,26700,0.0,1.0
2014-11-18,11.94,11.95,11.9,11.93,11.93,15400,0.0,1.0
2014-11-19,11.94,11.97,11.75,11.81,11.81,29400,0.0,1.0
2014-11-20,11.91,11.94,11.87,11.93,11.93,30700,0.0,1.0
2014-11-21,12.01,12.04,11.904,11.99,11.99,28300,0.0,1.0
2014-11-24,11.97,11.977,11.93,11.967,11.967,9500,0.0,1.0
2014-11-25,11.96,11.99,11.94,11.98,11.98,16300,0.0,1.0
2014-11-26,11.98,11.98,11.95,11.97,11.97,45800,0.0,1.0
2014-11-28,11.79,11.81,11.64,11.656,11.656,15500,0.0,1.0
2014-12-01,11.82,12.18,11.82,12.1,12.1,27300,0.0,1.0
2014-12-02,11.96,12.01,11.93,11.971,11.971,10000,0.0,1.0
2014-12-03,12.02,12.1,12.02,12.08,12.08,20400,0.0,1.0
2014-12-04,12.057,12.07,12.04,12.04,12.04,6300,0.0,1.0
2014-12-05,11.96,11.96,11.88,11.89,11.89,18700,0.0,1.0
2014-12-08,11.92,12.03,11.89,12.03,12.03,15700,0.0,1.0
2014-12-09,12.15,12.3,12.15,12.27,12.27,14200,0.0,1.0
2014-12-10,12.28,12.28,12.24,12.259,12.259,8700,0.0,1.0
2014-12-11,12.15,12.27,12.15,12.23,12.23,37300,0.0,1.0
2014-12-12,12.2,12.22,12.14,12.206,12.206,10300,0.0,1.0
2014-12-15,12.08,12.145,11.912,11.912,11.912,9100,0.0,1.0
2014-12-16,12.07,12.1,11.88,11.916,11.916,24500,0.0,1.0
2014-12-17,11.96,11.96,11.59,11.86,11.86,9100,0.0,1.0
2014-12-18,12.01,12.01,11.91,11.92,11.92,20200,0.0,1.0
2014-12-19,11.95,11.97,11.93,11.93,11.93,33200,0.0,1.0
2014-12-22,11.93,11.94,11.69,11.69,11.69,16700,0.0,1.0
2014-12-23,11.735,11.77,11.7,11.71,11.71,20700,0.0,1.0
2014-12-24,11.72,11.73,11.707,11.719,11.719,6200,0.0,1.0
2014-12-26,11.9,11.94,11.9,11.92,11.92,8300,0.0,1.0
2014-12-29,11.88,11.88,11.78,11.82,11.82,8600,0.0,1.0
2014-12-30,11.95,12.05,11.947,11.97,11.97,32900,0.0,1.0
2014-12-31,11.94,11.946,11.78,11.81,11.81,111600,0.0,1.0
2015-01-02,11.69,11.879,11.69,11.84,11.84,9600,0.0,1.0
2015-01-05,11.92,12.04,11.92,12.03,12.03,47000,0.0,1.0
2015-01-06,12.08,12.173,12.04,12.16,12.16,28700,0.0,1.0
2015-01-07,12.1,12.13,12.0,12.11,12.11,42600,0.0,1.0
2015-01-08,12.09,12.13,12.04,12.04,12.04,14900,0.0,1.0
2015-01-09,12.11,12.17,12.11,12.17,12.17,21600,0.0,1.0
2015-01-12,12.21,12.32,12.19,12.303,12.303,59500,0.0,1.0
2015-01-13,12.36,12.36,12.25,12.28,12.28,26900,0.0,1.0
2015-01-14,12.36,12.38,12.27,12.27,12.27,51000,0.0,1.0
2015-01-15,12.51,12.631,12.51,12.55,12.55,29400,0.0,1.0
2015-01-16,12.65,12.76,12.642,12.723,12.723,35000,0.0,1.0
2015-01-20,12.84,12.94,12.83,12.909,12.909,239800,0.0,1.0
2015-01-21,13.01,13.015,12.82,12.91,12.91,37800,0.0,1.0
2015-01-22,12.96,13.01,12.91,13.0,13.0,24200,0.0,1.0
2015-01-23,12.93,12.93,12.85,12.9,12.9,28700,0.0,1.0
2015-01-26,12.81,12.81,12.74,12.777,12.777,64600,0.0,1.0
2015-01-27,12.84,12.94,12.84,12.92,12.92,77700,0.0,1.0
2015-01-28,12.83,12.86,12.79,12.83,12.83,55000,0.0,1.0
2015-01-29,12.67,12.69,12.5,12.547,12.547,51400,0.0,1.0
2015-01-30,12.6,12.8,12.57,12.79,12.79,47800,0.0,1.0
2015-02-02,12.75,12.79,12.55,12.72,12.72,25800,0.0,1.0
2015-02-03,12.65,12.65,12.54,12.57,12.57,127200,0.0,1.0
2015-02-04,12.64,12.649,12.57,12.63,12.63,12900,0.0,1.0
2015-02-05,12.57,12.62,12.55,12.62,12.62,50800,0.0,1.0
2015-02-06,12.38,12.4,12.25,12.32,12.32,37000,0.0,1.0
2015-02-09,12.35,12.39,12.345,12.38,12.38,33700,0.0,1.0
2015-02-10,12.33,12.35,12.29,12.31,12.31,41100,0.0,1.0
2015-02-11,12.3,12.31,12.16,12.16,12.16,30100,0.0,1.0
2015-02-12,12.23,12.23,12.17,12.2,12.2,40600,0.0,1.0
2015-02-13,12.26,12.32,12.24,12.256,12.256,15300,0.0,1.0
2015-02-17,12.1,12.1,12.01,12.06,12.06,121700,0.0,1.0
2015-02-18,12.04,12.09,11.85,12.08,12.08,42100,0.0,1.0
2015-02-19,12.09,12.1,12.04,12.05,12.05,124100,0.0,1.0
2015-02-20,12.08,12.08,11.95,11.98,11.98,29500,0.0,1.0
2015-02-23,11.96,12.05,11.96,11.99,11.99,13300,0.0,1.0
2015-02-24,11.95,11.98,11.87,11.97,11.97,17300,0.0,1.0
2015-02-25,12.03,12.03,11.99,12.009,12.009,9000,0.0,1.0
2015-02-26,12.11,12.11,12.03,12.05,12.05,47400,0.0,1.0
2015-02-27,12.13,12.15,12.08,12.08,12.08,31000,0.0,1.0
2015-03-02,12.11,12.11,12.02,12.02,12.02,11400,0.0,1.0
2015-03-03,12.09,12.09,11.99,12.0,12.0,25200,0.0,1.0
2015-03-04,12.02,12.02,11.95,11.96,11.96,9500,0.0,1.0
2015-03-05,11.99,12.04,11.94,11.95,11.95,68400,0.0,1.0
2015-03-06,11.76,11.76,11.6,11.62,11.62,43500,0.0,1.0
2015-03-09,11.67,11.69,11.63,11.63,11.63,26500,0.0,1.0
2015-03-10,11.667,11.667,11.566,11.57,11.57,17900,0.0,1.0
2015-03-11,11.55,11.553,11.44,11.509,11.509,160700,0.0,1.0
2015-03-12,11.519,11.52,11.46,11.5,11.5,17600,0.0,1.0
2015-03-13,11.55,11.55,11.48,11.515,11.515,13500,0.0,1.0
2015-03-16,11.53,11.53,11.47,11.52,11.52,47400,0.0,1.0
2015-03-17,11.42,11.53,11.409,11.45,11.45,15300,0.0,1.0
2015-03-18,11.46,11.66,11.44,11.65,11.65,13300,0.0,1.0
2015-03-19,11.6,11.674,11.6,11.67,11.67,15800,0.0,1.0
2015-03-20,11.71,11.84,11.71,11.79,11.79,16300,0.0,1.0
2015-03-23,11.91,12.146,11.8,11.87,11.87,32000,0.0,1.0
2015-03-24,11.88,11.9,11.84,11.9,11.9,147700,0.0,1.0
2015-03-25,11.95,11.95,11.91,11.91,11.91,34200,0.0,1.0
2015-03-26,12.03,12.03,11.98,11.998,11.998,10700,0.0,1.0
2015-03-27,11.96,11.97,11.89,11.96,11.96,11700,0.0,1.0
2015-03-30,11.83,11.84,11.81,11.81,11.81,10300,0.0,1.0
2015-03-31,11.835,11.84,11.79,11.791,11.791,18900,0.0,1.0
2015-04-01,11.9,12.04,11.9,12.0,12.0,17500,0.0,1.0
2015-04-02,11.96,11.98,11.92,11.97,11.97,22600,0.0,1.0
2015-04-06,12.18,12.188,12.115,12.115,12.115,6100,0.0,1.0
2015-04-07,12.08,12.1,12.051,12.06,12.06,12300,0.0,1.0
2015-04-08,12.05,12.054,11.95,11.98,11.98,12300,0.0,1.0
2015-04-09,11.92,11.92,11.89,11.9,11.9,16800,0.0,1.0
2015-04-10,12.05,12.06,12.0,12.04,12.04,13800,0.0,1.0
2015-04-13,11.99,11.99,11.94,11.95,11.95,29400,0.0,1.0
2015-04-14,11.93,11.94,11.89,11.89,11.89,1900,0.0,1.0
2015-04-15,11.93,12.001,11.9,11.99,11.99,40900,0.0,1.0
2015-04-16,12.0,12.01,11.91,11.95,11.95,27200,0.0,1.0
2015-04-17,11.99,12.01,11.98,12.004,12.004,5400,0.0,1.0
2015-04-20,11.93,11.93,11.88,11.92,11.92,23300,0.0,1.0
2015-04-21,11.94,12.0,11.93,11.99,11.99,8500,0.0,1.0
2015-04-22,11.93,11.93,11.83,11.84,11.84,8100,0.0,1.0
2015-04-23,11.83,11.92,11.83,11.91,11.91,6100,0.0,1.0
2015-04-24,11.75,11.75,11.718,11.74,11.74,49700,0.0,1.0
2015-04-27,11.83,12.035,11.78,11.99,11.99,17300,0.0,1.0
2015-04-28,12.0,12.105,12.0,12.08,12.08,36100,0.0,1.0
2015-04-29,12.06,12.08,11.99,12.0,12.0,8400,0.0,1.0
2015-04-30,11.82,11.83,11.74,11.8,11.8,41500,0.0,1.0
2015-05-01,11.68,11.75,11.67,11.722,11.722,42700,0.0,1.0
2015-05-04,11.86,11.87,11.83,11.87,11.87,28400,0.0,1.0
2015-05-05,11.94,11.95,11.896,11.896,11.896,5100,0.0,1.0
2015-05-06,11.92,11.92,11.85,11.87,11.87,17800,0.0,1.0
2015-05-07,11.83,11.84,11.77,11.783,11.783,18300,0.0,1.0
2015-05-08,11.868,11.868,11.81,11.833,11.833,11200,0.0,1.0
2015-05-11,11.86,11.864,11.85,11.85,11.85,6400,0.0,1.0
2015-05-12,11.88,11.9,11.85,11.9,11.9,6000,0.0,1.0
2015-05-13,12.03,12.14,12.03,12.11,12.11,19600,0.0,1.0
2015-05-14,12.18,12.22,12.16,12.17,12.17,12100,0.0,1.0
2015-05-15,12.14,12.214,12.13,12.21,12.21,14000,0.0,1.0
2015-05-18,12.24,12.24,12.21,12.23,12.23,5900,0.0,1.0
2015-05-19,12.11,12.12,12.02,12.04,12.04,26200,0.0,1.0
2015-05-20,12.06,12.08,12.05,12.063,12.063,9400,0.0,1.0
2015-05-21,12.0,12.02,11.995,12.02,12.02,116600,0.0,1.0
2015-05-22,12.0,12.02,11.99,12.01,12.01,11900,0.0,1.0
2015-05-26,11.83,11.85,11.82,11.83,11.83,25500,0.0,1.0
2015-05-27,11.83,11.835,11.814,11.83,11.83,31200,0.0,1.0
2015-05-28,11.83,11.847,11.789,11.847,11.847,18000,0.0,1.0
2015-05-29,11.86,11.88,11.855,11.865,11.865,4200,0.0,1.0
2015-06-01,11.94,11.99,11.84,11.843,11.843,13100,0.0,1.0
2015-06-02,11.89,11.89,11.87,11.89,11.89,13200,0.0,1.0
2015-06-03,11.86,11.87,11.75,11.825,11.825,8900,0.0,1.0
2015-06-04,11.72,11.73,11.7,11.71,11.71,9600,0.0,1.0
2015-06-05,11.6,11.67,11.595,11.67,11.67,30200,0.0,1.0
2015-06-08,11.68,11.7,11.65,11.695,11.695,12600,0.0,1.0
2015-06-09,11.76,11.76,11.72,11.73,11.73,16700,0.0,1.0
2015-06-10,11.85,11.85,11.813,11.83,11.83,26700,0.0,1.0
2015-06-11,11.77,11.78,11.75,11.78,11.78,5900,0.0,1.0
2015-06-12,11.78,11.78,11.76,11.76,11.76,4600,0.0,1.0
2015-06-15,11.77,11.85,11.77,11.83,11.83,12800,0.0,1.0
2015-06-16,11.73,11.78,11.73,11.78,11.78,12500,0.0,1.0
2015-06-17,11.75,11.82,11.704,11.82,11.82,41000,0.0,1.0
2015-06-18,11.97,11.984,11.95,11.97,11.97,15900,0.0,1.0
2015-06-19,11.98,11.99,11.95,11.959,11.959,17800,0.0,1.0
2015-06-22,11.83,11.83,11.78,11.79,11.79,23000,0.0,1.0
2015-06-23,11.73,11.75,11.72,11.729,11.729,46400,0.0,1.0
2015-06-24,11.69,11.71,11.67,11.7,11.7,14400,0.0,1.0
2015-06-25,11.7,11.7,11.68,11.684,11.684,6600,0.0,1.0
2015-06-26,11.665,11.71,11.65,11.71,11.71,21200,0.0,1.0
2015-06-29,11.72,11.756,11.7,11.756,11.756,11500,0.0,1.0
2015-06-30,11.66,11.778,11.62,11.68,11.68,44500,0.0,1.0
2015-07-01,11.65,11.68,11.635,11.64,11.64,94900,0.0,1.0
2015-07-02,11.59,11.61,11.58,11.597,11.597,67800,0.0,1.0
2015-07-06,11.6,11.68,11.6,11.64,11.64,126700,0.0,1.0
2015-07-07,11.55,11.55,11.45,11.52,11.52,72400,0.0,1.0
2015-07-08,11.57,11.58,11.55,11.55,11.55,53200,0.0,1.0
2015-07-09,11.62,11.62,11.56,11.56,11.56,40500,0.0,1.0
2015-07-10,11.55,11.6,11.55,11.585,11.585,53100,0.0,1.0
2015-07-13,11.47,11.54,11.46,11.53,11.53,41700,0.0,1.0
2015-07-14,11.54,11.54,11.49,11.5,11.5,51200,0.0,1.0
2015-07-15,11.43,11.45,11.4,11.437,11.437,24500,0.0,1.0
2015-07-16,11.39,11.415,11.39,11.407,11.407,61200,0.0,1.0
2015-07-17,11.33,11.34,11.26,11.28,11.28,53700,0.0,1.0
2015-07-20,11.08,11.08,10.98,10.98,10.98,108500,0.0,1.0
2015-07-21,10.99,11.03,10.93,10.94,10.94,25300,0.0,1.0
2015-07-22,10.85,10.91,10.83,10.89,10.89,199100,0.0,1.0
2015-07-23,10.93,10.93,10.82,10.84,10.84,18000,0.0,1.0
2015-07-24,10.77,10.955,10.75,10.949,10.949,31500,0.0,1.0
2015-07-27,10.91,10.958,10.89,10.9,10.9,21000,0.0,1.0
2015-07-28,10.92,10.93,10.899,10.908,10.908,13700,0.0,1.0
2015-07-29,10.9,10.95,10.87,10.93,10.93,45200,0.0,1.0
2015-07-30,10.81,10.9,10.8,10.82,10.82,17300,0.0,1.0
2015-07-31,10.96,10.96,10.89,10.9,10.9,44100,0.0,1.0
2015-08-03,10.87,10.88,10.812,10.82,10.82,59900,0.0,1.0
2015-08-04,10.867,10.88,10.817,10.83,10.83,54000,0.0,1.0
2015-08-05,10.84,10.84,10.79,10.79,10.79,21700,0.0,1.0
2015-08-06,10.82,10.886,10.82,10.86,10.86,122300,0.0,1.0
2015-08-07,10.87,10.94,10.87,10.876,10.876,27200,0.0,1.0
2015-08-10,10.92,11.03,10.91,10.989,10.989,16100,0.0,1.0
2015-08-11,11.065,11.065,11.03,11.03,11.03,98300,0.0,1.0
2015-08-12,11.12,11.2,11.117,11.18,11.18,68300,0.0,1.0
2015-08-13,11.11,11.12,11.09,11.1,11.1,66300,0.0,1.0
2015-08-14,11.13,11.15,11.08,11.1,11.1,48000,0.0,1.0
2015-08-17,11.16,11.17,11.12,11.12,11.12,315500,0.0,1.0
2015-08-18,11.09,11.13,11.06,11.13,11.13,130900,0.0,1.0
2015-08-19,11.18,11.28,11.18,11.28,11.28,65000,0.0,1.0
2015-08-20,11.41,11.53,11.36,11.53,11.53,61400,0.0,1.0
2015-08-21,11.53,11.55,11.457,11.54,11.54,111300,0.0,1.0
2015-08-24,11.59,11.61,11.45,11.48,11.48,310100,0.0,1.0
2015-08-25,11.4,11.41,11.3,11.34,11.34,128700,0.0,1.0
2015-08-26,11.2,11.22,11.13,11.18,11.18,77300,0.0,1.0
2015-08-27,11.16,11.21,11.14,11.19,11.19,82200,0.0,1.0
2015-08-28,11.24,11.35,11.24,11.29,11.29,105000,0.0,1.0
2015-08-31,11.25,11.31,11.24,11.3,11.3,55600,0.0,1.0
2015-09-01,11.39,11.4,11.33,11.35,11.35,68800,0.0,1.0
2015-09-02,11.34,11.34,11.27,11.29,11.29,51500,0.0,1.0
2015-09-03,11.2,11.275,11.17,11.2,11.2,46200,0.0,1.0
2015-09-04,11.14,11.175,11.12,11.17,11.17,79900,0.0,1.0
2015-09-08,11.17,11.21,11.15,11.174,11.174,43700,0.0,1.0
2015-09-09,11.08,11.08,10.96,11.03,11.03,18000,0.0,1.0
2015-09-10,11.06,11.08,11.03,11.06,11.06,30300,0.0,1.0
2015-09-11,10.98,11.034,10.946,11.03,11.03,39700,0.0,1.0
2015-09-14,11.0,11.044,10.99,11.035,11.035,30600,0.0,1.0
2015-09-15,11.0,11.01,10.98,11.0,11.0,60500,0.0,1.0
2015-09-16,11.1,11.18,11.1,11.139,11.139,18300,0.0,1.0
2015-09-17,11.11,11.27,11.11,11.259,11.259,44700,0.0,1.0
2015-09-18,11.34,11.35,11.31,11.34,11.34,38600,0.0,1.0
2015-09-21,11.26,11.28,11.26,11.28,11.28,28100,0.0,1.0
2015-09-22,11.17,11.214,11.17,11.19,11.19,13500,0.0,1.0
2015-09-23,11.28,11.28,11.24,11.24,11.24,32500,0.0,1.0
2015-09-24,11.46,11.5,11.46,11.471,11.471,30200,0.0,1.0
2015-09-25,11.41,11.429,11.38,11.429,11.429,133300,0.0,1.0
2015-09-28,11.26,11.29,11.25,11.26,11.26,19200,0.0,1.0
2015-09-29,11.25,11.28,11.22,11.22,11.22,9000,0.0,1.0
2015-09-30,11.1,11.11,11.076,11.094,11.094,131800,0.0,1.0
2015-10-01,11.12,11.121,11.08,11.089,11.089,7900,0.0,1.0
2015-10-02,11.337,11.39,11.3,11.31,11.31,9500,0.0,1.0
2015-10-05,11.34,11.34,11.29,11.29,11.29,28600,0.0,1.0
2015-10-06,11.4,11.45,11.39,11.4,11.4,10200,0.0,1.0
2015-10-07,11.4,11.43,11.374,11.39,11.39,24100,0.0,1.0
2015-10-08,11.38,11.389,11.35,11.35,11.35,9900,0.0,1.0
2015-10-09,11.486,11.53,11.47,11.52,11.52,13700,0.0,1.0
2015-10-12,11.6,11.6,11.55,11.56,11.56,101900,0.0,1.0
2015-10-13,11.57,11.609,11.57,11.609,11.609,14700,0.0,1.0
2015-10-14,11.7,11.837,11.66,11.82,11.82,15600,0.0,1.0
2015-10-15,11.76,11.82,11.75,11.757,11.757,22200,0.0,1.0
2015-10-16,11.76,11.77,11.74,11.743,11.743,14500,0.0,1.0
2015-10-19,11.71,11.71,11.63,11.63,11.63,8100,0.0,1.0
2015-10-20,11.68,11.71,11.68,11.71,11.71,4600,0.0,1.0
2015-10-21,11.67,11.67,11.6,11.6,11.6,27100,0.0,1.0
2015-10-22,11.59,11.646,11.59,11.59,11.59,5700,0.0,1.0
2015-10-23,11.57,11.594,11.54,11.57,11.57,34500,0.0,1.0
2015-10-26,11.61,11.63,11.57,11.57,11.57,130000,0.0,1.0
2015-10-27,11.56,11.62,11.56,11.59,11.59,22100,0.0,1.0
2015-10-28,11.72,11.76,11.48,11.5,11.5,14200,0.0,1.0
2015-10-29,11.46,11.48,11.39,11.39,11.39,27600,0.0,1.0
2015-10-30,11.38,11.38,11.34,11.35,11.35,10900,0.0,1.0
2015-11-02,11.29,11.31,11.27,11.28,11.28,93000,0.0,1.0
2015-11-03,11.18,11.18,11.1,11.107,11.107,37100,0.0,1.0
2015-11-04,11.1,11.114,11.0,11.03,11.03,16200,0.0,1.0
2015-11-05,11.02,11.02,10.98,10.98,10.98,7000,0.0,1.0
2015-11-06,10.83,10.85,10.81,10.82,10.82,56100,0.0,1.0
2015-11-09,10.83,10.86,10.83,10.86,10.86,26900,0.0,1.0
2015-11-10,10.8,10.85,10.8,10.82,10.82,42600,0.0,1.0
2015-11-11,10.81,10.82,10.77,10.79,10.79,75000,0.0,1.0
2015-11-12,10.71,10.81,10.71,10.77,10.77,26800,0.0,1.0
2015-11-13,10.76,10.77,10.75,10.769,10.769,15400,0.0,1.0
2015-11-16,10.799,10.799,10.77,10.77,10.77,600,0.0,1.0
2015-11-17,10.74,10.74,10.59,10.64,10.64,108000,0.0,1.0
2015-11-18,10.64,10.669,10.615,10.64,10.64,59100,0.0,1.0
2015-11-19,10.72,10.763,10.72,10.76,10.76,19100,0.0,1.0
2015-11-20,10.75,10.76,10.69,10.71,10.71,17000,0.0,1.0
2015-11-23,10.64,10.67,10.61,10.61,10.61,10700,0.0,1.0
2015-11-24,10.72,10.72,10.68,10.69,10.69,39200,0.0,1.0
2015-11-25,10.65,10.67,10.63,10.65,10.65,13800,0.0,1.0
2015-11-27,10.5,10.55,10.5,10.523,10.523,19300,0.0,1.0
2015-11-30,10.55,10.63,10.55,10.6,10.6,8700,0.0,1.0
2015-12-01,10.59,10.63,10.58,10.63,10.63,13800,0.0,1.0
2015-12-02,10.53,10.53,10.45,10.47,10.47,7400,0.0,1.0
2015-12-03,10.48,10.59,10.48,10.566,10.566,10500,0.0,1.0
2015-12-04,10.68,10.82,10.67,10.8,10.8,12900,0.0,1.0
2015-12-07,10.74,10.74,10.66,10.669,10.669,53400,0.0,1.0
2015-12-08,10.71,10.71,10.66,10.68,10.68,26400,0.0,1.0
2015-12-09,10.741,10.743,10.64,10.66,10.66,13200,0.0,1.0
2015-12-10,10.65,10.671,10.65,10.66,10.66,7000,0.0,1.0
2015-12-11,10.66,10.72,10.66,10.7,10.7,15100,0.0,1.0
2015-12-14,10.66,10.66,10.57,10.57,10.57,13500,0.0,1.0
2015-12-15,10.56,10.578,10.54,10.54,10.54,95100,0.0,1.0
2015-12-16,10.69,10.7,10.63,10.665,10.665,14600,0.0,1.0
2015-12-17,10.48,10.49,10.43,10.46,10.46,32300,0.0,1.0
2015-12-18,10.52,10.59,10.52,10.59,10.59,7400,0.0,1.0
2015-12-21,10.69,10.74,10.69,10.72,10.72,28700,0.0,1.0
2015-12-22,10.72,10.72,10.66,10.66,10.66,16800,0.0,1.0
2015-12-23,10.62,10.635,10.62,10.633,10.633,73000,0.0,1.0
2015-12-24,10.69,10.7,10.68,10.7,10.7,11700,0.0,1.0
2015-12-28,10.64,10.65,10.6,10.62,10.62,41200,0.0,1.0
2015-12-29,10.65,10.65,10.61,10.619,10.619,50500,0.0,1.0
2015-12-30,10.55,10.55,10.54,10.54,10.54,11800,0.0,1.0
2015-12-31,10.54,10.56,10.52,10.52,10.52,26400,0.0,1.0
2016-01-04,10.71,10.74,10.65,10.68,10.68,27600,0.0,1.0
2016-01-05,10.71,10.73,10.7,10.72,10.72,11800,0.0,1.0
2016-01-06,10.85,10.976,10.8,10.86,10.86,112700,0.0,1.0
2016-01-07,10.989,11.03,10.94,11.02,11.02,62400,0.0,1.0
2016-01-08,10.95,10.97,10.92,10.96,10.96,52000,0.0,1.0
2016-01-11,10.96,10.96,10.88,10.88,10.88,26700,0.0,1.0
2016-01-12,10.82,10.84,10.78,10.84,10.84,10100,0.0,1.0
2016-01-13,10.78,10.886,10.78,10.879,10.879,19700,0.0,1.0
2016-01-14,10.78,10.824,10.69,10.71,10.71,135400,0.0,1.0
2016-01-15,10.88,10.88,10.82,10.82,10.82,59300,0.0,1.0
2016-01-19,10.82,10.85,10.79,10.82,10.82,29400,0.0,1.0
2016-01-20,10.93,11.0,10.91,10.93,10.93,51400,0.0,1.0
2016-01-21,10.91,10.95,10.87,10.95,10.95,17800,0.0,1.0
2016-01-22,10.89,10.94,10.89,10.91,10.91,44500,0.0,1.0
2016-01-25,10.99,11.035,10.973,11.01,11.01,141700,0.0,1.0
2016-01-26,11.04,11.16,11.04,11.15,11.15,46300,0.0,1.0
2016-01-27,11.1,11.21,11.09,11.19,11.19,37500,0.0,1.0
2016-01-28,11.07,11.1,11.06,11.07,11.07,58800,0.0,1.0
2016-01-29,11.08,11.11,11.046,11.1,11.1,9000,0.0,1.0
2016-02-01,11.16,11.23,11.16,11.23,11.23,13900,0.0,1.0
2016-02-02,11.21,11.22,11.16,11.21,11.21,29300,0.0,1.0
2016-02-03,11.21,11.36,11.21,11.34,11.34,45500,0.0,1.0
2016-02-04,11.475,11.49,11.427,11.485,11.485,24200,0.0,1.0
2016-02-05,11.41,11.669,11.4,11.669,11.669,16700,0.0,1.0
2016-02-08,11.81,11.91,11.786,11.82,11.82,70700,0.0,1.0
2016-02-09,11.89,11.91,11.795,11.84,11.84,257900,0.0,1.0
2016-02-10,11.84,11.89,11.76,11.89,11.89,52200,0.0,1.0
2016-02-11,12.32,12.51,12.26,12.35,12.35,370500,0.0,1.0
2016-02-12,12.26,12.33,12.25,12.31,12.31,57700,0.0,1.0
2016-02-16,12.04,12.07,11.93,11.93,11.93,53700,0.0,1.0
2016-02-17,12.0,12.05,11.94,11.99,11.99,62000,0.0,1.0
2016-02-18,11.98,12.31,11.98,12.28,12.28,68500,0.0,1.0
2016-02-19,12.18,12.25,12.18,12.21,12.21,48300,0.0,1.0
2016-02-22,11.99,12.05,11.99,11.99,11.99,60800,0.0,1.0
2016-02-23,12.14,12.189,12.13,12.17,12.17,25200,0.0,1.0
2016-02-24,12.36,12.42,12.2,12.206,12.206,25100,0.0,1.0
2016-02-25,12.21,12.33,12.21,12.268,12.268,154500,0.0,1.0
2016-02-26,12.19,12.2,12.035,12.16,12.16,33000,0.0,1.0
2016-02-29,12.21,12.321,12.21,12.321,12.321,20200,0.0,1.0
2016-03-01,12.34,12.34,12.208,12.24,12.24,28900,0.0,1.0
2016-03-02,12.28,12.33,12.27,12.33,12.33,42700,0.0,1.0
2016-03-03,12.38,12.58,12.38,12.54,12.54,26800,0.0,1.0
2016-03-04,12.58,12.71,12.5,12.53,12.53,50700,0.0,1.0
2016-03-07,12.57,12.61,12.52,12.58,12.58,38500,0.0,1.0
2016-03-08,12.65,12.65,12.51,12.52,12.52,19800,0.0,1.0
2016-03-09,12.38,12.49,12.354,12.42,12.42,42200,0.0,1.0
2016-03-10,12.51,12.63,12.51,12.62,12.62,11700,0.0,1.0
2016-03-11,12.58,12.6,12.4,12.4,12.4,93300,0.0,1.0
2016-03-14,12.5,12.5,12.21,12.24,12.24,100500,0.0,1.0
2016-03-15,12.24,12.254,12.2,12.25,12.25,6800,0.0,1.0
2016-03-16,12.2,12.53,12.19,12.52,12.52,84600,0.0,1.0
2016-03-17,12.569,12.58,12.47,12.47,12.47,25400,0.0,1.0
2016-03-18,12.44,12.48,12.42,12.45,12.45,33800,0.0,1.0
2016-03-21,12.37,12.397,12.34,12.35,12.35,36800,0.0,1.0
2016-03-22,12.44,12.479,12.37,12.39,12.39,20300,0.0,1.0
2016-03-23,12.13,12.16,12.08,12.11,12.11,71900,0.0,1.0
2016-03-24,12.12,12.13,12.08,12.08,12.08,14600,0.0,1.0
2016-03-28,12.12,12.12,12.1,12.119,12.119,18700,0.0,1.0
2016-03-29,12.19,12.3,12.166,12.298,12.298,41900,0.0,1.0
2016-03-30,12.25,12.27,12.153,12.17,12.17,19400,0.0,1.0
2016-03-31,12.29,12.29,12.22,12.22,12.22,21900,0.0,1.0
2016-04-01,12.06,12.15,12.005,12.15,12.15,27600,0.0,1.0
2016-04-04,12.11,12.12,12.06,12.066,12.066,25800,0.0,1.0
2016-04-05,12.239,12.24,12.185,12.22,12.22,17700,0.0,1.0
2016-04-06,12.13,12.189,12.08,12.15,12.15,13800,0.0,1.0
2016-04-07,12.32,12.34,12.267,12.32,12.32,122200,0.0,1.0
2016-04-08,12.27,12.339,12.264,12.31,12.31,46500,0.0,1.0
2016-04-11,12.41,12.491,12.41,12.47,12.47,30200,0.0,1.0
2016-04-12,12.48,12.5,12.43,12.48,12.48,95600,0.0,1.0
2016-04-13,12.4,12.4,12.329,12.34,12.34,708600,0.0,1.0
2016-04-14,12.26,12.26,12.15,12.16,12.16,34200,0.0,1.0
2016-04-15,12.19,12.265,12.18,12.25,12.25,89100,0.0,1.0
2016-04-18,12.32,12.32,12.22,12.23,12.23,35700,0.0,1.0
2016-04-19,12.45,12.47,12.41,12.42,12.42,40200,0.0,1.0
2016-04-20,12.44,12.46,12.34,12.34,12.34,55000,0.0,1.0
2016-04-21,12.43,12.5,12.394,12.41,12.41,15100,0.0,1.0
2016-04-22,12.33,12.35,12.19,12.249,12.249,58500,0.0,1.0
2016-04-25,12.28,12.329,12.28,12.29,12.29,11900,0.0,1.0
2016-04-26,12.34,12.35,12.31,12.339,12.339,13100,0.0,1.0
2016-04-27,12.36,12.42,12.33,12.367,12.367,76400,0.0,1.0
2016-04-28,12.46,12.609,12.45,12.596,12.596,57100,0.0,1.0
2016-04-29,12.72,12.87,12.71,12.84,12.84,44300,0.0,1.0
2016-05-02,12.86,12.87,12.79,12.81,12.81,36800,0.0,1.0
2016-05-03,12.83,12.849,12.735,12.77,12.77,58100,0.0,1.0
2016-05-04,12.77,12.78,12.63,12.7,12.7,40300,0.0,1.0
2016-05-05,12.7,12.72,12.6,12.67,12.67,10000,0.0,1.0
2016-05-06,12.75,12.859,12.75,12.79,12.79,51600,0.0,1.0
2016-05-09,12.59,12.59,12.53,12.53,12.53,49300,0.0,1.0
2016-05-10,12.54,12.6,12.489,12.568,12.568,44900,0.0,1.0
2016-05-11,12.69,12.69,12.63,12.69,12.69,58600,0.0,1.0
2016-05-12,12.68,12.7,12.57,12.58,12.58,14300,0.0,1.0
2016-05-13,12.58,12.645,12.566,12.636,12.636,36700,0.0,1.0
2016-05-16,12.77,12.77,12.62,12.65,12.65,38100,0.0,1.0
2016-05-17,12.63,12.72,12.63,12.69,12.69,62400,0.0,1.0
2016-05-18,12.59,12.655,12.46,12.476,12.476,196300,0.0,1.0
2016-05-19,12.37,12.46,12.36,12.45,12.45,42800,0.0,1.0
2016-05-20,12.484,12.484,12.4,12.43,12.43,57400,0.0,1.0
2016-05-23,12.35,12.415,12.34,12.4,12.4,37800,0.0,1.0
2016-05-24,12.28,12.28,12.18,12.19,12.19,2303700,0.0,1.0
2016-05-25,12.12,12.159,12.087,12.15,12.15,49400,0.0,1.0
2016-05-26,12.22,12.22,12.1,12.101,12.101,20900,0.0,1.0
2016-05-27,12.08,12.08,11.98,12.015,12.015,146900,0.0,1.0
2016-05-31,12.03,12.09,12.01,12.08,12.08,66100,0.0,1.0
2016-06-01,12.055,12.06,11.98,12.05,12.05,103200,0.0,1.0
2016-06-02,12.03,12.04,12.01,12.02,12.02,31100,0.0,1.0
2016-06-03,12.29,12.343,12.285,12.343,12.343,46800,0.0,1.0
2016-06-06,12.35,12.37,12.33,12.35,12.35,24500,0.0,1.0
2016-06-07,12.3,12.35,12.3,12.34,12.34,17500,0.0,1.0
2016-06-08,12.5,12.54,12.49,12.52,12.52,48200,0.0,1.0
2016-06-09,12.53,12.61,12.524,12.6,12.6,63200,0.0,1.0
2016-06-10,12.63,12.674,12.58,12.65,12.65,47400,0.0,1.0
2016-06-13,12.76,12.76,12.69,12.746,12.746,74000,0.0,1.0
2016-06-14,12.77,12.77,12.71,12.76,12.76,34200,0.0,1.0
2016-06-15,12.73,12.86,12.72,12.84,12.84,43800,0.0,1.0
2016-06-16,13.0,13.04,12.7,12.7,12.7,470900,0.0,1.0
2016-06-17,12.81,12.885,12.779,12.87,12.87,31500,0.0,1.0
2016-06-20,12.69,12.799,12.69,12.799,12.799,196700,0.0,1.0
2016-06-21,12.63,12.65,12.55,12.55,12.55,12700,0.0,1.0
2016-06-22,12.55,12.59,12.54,12.55,12.55,22600,0.0,1.0
2016-06-23,12.52,12.554,12.5,12.5,12.5,35300,0.0,1.0
2016-06-24,13.15,13.15,12.99,13.09,13.09,95000,0.0,1.0
2016-06-27,13.14,13.19,13.08,13.15,13.15,175000,0.0,1.0
2016-06-28,13.05,13.08,13.0,13.05,13.05,50000,0.0,1.0
2016-06-29,13.07,13.15,13.07,13.07,13.07,63200,0.0,1.0
2016-06-30,13.09,13.126,13.044,13.126,13.126,37600,0.0,1.0
2016-07-01,13.25,13.33,13.24,13.326,13.326,79400,0.0,1.0
2016-07-05,13.37,13.46,13.33,13.44,13.44,219600,0.0,1.0
2016-07-06,13.56,13.61,13.5,13.53,13.53,138700,0.0,1.0
2016-07-07,13.49,13.5,13.4,13.47,13.47,90900,0.0,1.0
2016-07-08,13.49,13.54,13.41,13.54,13.54,55700,0.0,1.0
2016-07-11,13.46,13.48,13.421,13.429,13.429,83600,0.0,1.0
2016-07-12,13.34,13.34,13.21,13.22,13.22,56000,0.0,1.0
2016-07-13,13.29,13.33,13.26,13.33,13.33,141500,0.0,1.0
2016-07-14,13.12,13.23,13.1,13.23,13.23,30600,0.0,1.0
2016-07-15,13.139,13.19,13.139,13.15,13.15,8700,0.0,1.0
2016-07-18,13.19,13.24,13.159,13.19,13.19,69000,0.0,1.0
2016-07-19,13.18,13.226,13.18,13.22,13.22,53600,0.0,1.0
2016-07-20,13.04,13.09,13.02,13.027,13.027,67500,0.0,1.0
2016-07-21,13.06,13.23,13.06,13.22,13.22,51800,0.0,1.0
2016-07-22,13.14,13.14,13.09,13.12,13.12,30400,0.0,1.0
2016-07-25,13.04,13.099,13.01,13.04,13.04,18800,0.0,1.0
2016-07-26,13.1,13.1,13.07,13.09,13.09,22900,0.0,1.0
2016-07-27,13.18,13.29,13.13,13.29,13.29,39400,0.0,1.0
2016-07-28,13.31,13.31,13.22,13.25,13.25,55900,0.0,1.0
2016-07-29,13.34,13.44,13.3,13.42,13.42,36200,0.0,1.0
2016-08-01,13.36,13.43,13.36,13.42,13.42,90800,0.0,1.0
2016-08-02,13.5,13.556,13.5,13.53,13.53,44400,0.0,1.0
2016-08-03,13.49,13.49,13.44,13.47,13.47,28800,0.0,1.0
2016-08-04,13.51,13.529,13.489,13.49,13.49,57700,0.0,1.0
2016-08-05,13.35,13.35,13.24,13.25,13.25,78200,0.0,1.0
2016-08-08,13.23,13.269,13.229,13.25,13.25,51100,0.0,1.0
2016-08-09,13.28,13.3,13.276,13.28,13.28,32200,0.0,1.0
2016-08-10,13.42,13.42,13.32,13.35,13.35,160400,0.0,1.0
2016-08-11,13.36,13.4,13.25,13.25,13.25,32600,0.0,1.0
2016-08-12,13.42,13.42,13.22,13.24,13.24,40300,0.0,1.0
2016-08-15,13.25,13.31,13.25,13.28,13.28,62000,0.0,1.0
2016-08-16,13.3,13.4,13.3,13.35,13.35,266200,0.0,1.0
2016-08-17,13.31,13.38,13.29,13.34,13.34,130900,0.0,1.0
2016-08-18,13.39,13.42,13.36,13.42,13.42,24900,0.0,1.0
2016-08-19,13.31,13.366,13.28,13.29,13.29,86400,0.0,1.0
2016-08-22,13.25,13.28,13.24,13.25,13.25,66900,0.0,1.0
2016-08-23,13.31,13.31,13.259,13.27,13.27,37000,0.0,1.0
2016-08-24,13.18,13.18,13.12,13.12,13.12,54300,0.0,1.0
2016-08-25,13.08,13.12,13.08,13.106,13.106,43800,0.0,1.0
2016-08-26,13.18,13.29,13.08,13.099,13.099,57100,0.0,1.0
2016-08-29,13.08,13.13,13.08,13.11,13.11,22000,0.0,1.0
2016-08-30,13.05,13.079,12.98,12.99,12.99,57000,0.0,1.0
2016-08-31,12.96,12.99,12.957,12.96,12.96,89000,0.0,1.0
2016-09-01,12.95,13.03,12.95,13.02,13.02,35400,0.0,1.0
2016-09-02,13.11,13.137,13.05,13.125,13.125,64700,0.0,1.0
2016-09-06,13.21,13.414,13.21,13.372,13.372,60700,0.0,1.0
2016-09-07,13.38,13.38,13.307,13.326,13.326,55800,0.0,1.0
2016-09-08,13.31,13.34,13.24,13.24,13.24,12200,0.0,1.0
2016-09-09,13.22,13.22,13.16,13.16,13.16,36900,0.0,1.0
2016-09-12,13.12,13.17,13.09,13.16,13.16,21600,0.0,1.0
2016-09-13,13.14,13.14,13.041,13.06,13.06,30000,0.0,1.0
2016-09-14,13.1,13.13,13.09,13.13,13.13,18700,0.0,1.0
2016-09-15,13.01,13.08,12.99,13.02,13.02,37900,0.0,1.0
2016-09-16,12.97,13.0,12.949,12.98,12.98,37100,0.0,1.0
2016-09-19,13.04,13.05,13.005,13.01,13.01,35400,0.0,1.0
2016-09-20,13.006,13.04,13.006,13.02,13.02,31700,0.0,1.0
2016-09-21,13.12,13.24,13.12,13.21,13.21,175100,0.0,1.0
2016-09-22,13.25,13.31,13.25,13.25,13.25,44200,0.0,1.0
2016-09-23,13.26,13.28,13.23,13.26,13.26,32600,0.0,1.0
2016-09-26,13.29,13.29,13.23,13.24,13.24,22500,0.0,1.0
2016-09-27,13.18,13.18,13.13,13.15,13.15,25400,0.0,1.0
2016-09-28,13.1,13.127,13.073,13.107,13.107,26400,0.0,1.0
2016-09-29,13.07,13.12,13.04,13.09,13.09,68500,0.0,1.0
2016-09-30,13.14,13.14,13.015,13.05,13.05,60300,0.0,1.0
2016-10-03,13.02,13.02,12.97,13.011,13.011,23100,0.0,1.0
2016-10-04,12.79,12.79,12.56,12.566,12.566,162900,0.0,1.0
2016-10-05,12.61,12.63,12.503,12.55,12.55,52100,0.0,1.0
2016-10-06,12.44,12.46,12.381,12.415,12.415,62200,0.0,1.0
2016-10-07,12.5,12.517,12.3,12.44,12.44,74300,0.0,1.0
2016-10-10,12.48,12.49,12.46,12.475,12.475,12500,0.0,1.0
2016-10-11,12.46,12.479,12.42,12.42,12.42,33500,0.0,1.0
2016-10-12,12.43,12.46,12.395,12.439,12.439,32300,0.0,1.0
2016-10-13,12.46,12.49,12.44,12.46,12.46,130300,0.0,1.0
2016-10-14,12.41,12.45,12.391,12.391,12.391,24300,0.0,1.0
2016-10-17,12.44,12.45,12.42,12.429,12.429,70100,0.0,1.0
2016-10-18,12.5,12.52,12.45,12.505,12.505,56100,0.0,1.0
2016-10-19,12.58,12.62,12.551,12.57,12.57,100800,0.0,1.0
2016-10-20,12.61,12.62,12.53,12.54,12.54,59000,0.0,1.0
2016-10-21,12.56,12.56,12.526,12.55,12.55,16900,0.0,1.0
2016-10-24,12.59,12.595,12.49,12.53,12.53,29600,0.0,1.0
2016-10-25,12.57,12.64,12.538,12.624,12.624,38100,0.0,1.0
2016-10-26,12.61,12.61,12.52,12.55,12.55,29100,0.0,1.0
2016-10-27,12.58,12.58,12.55,12.57,12.57,37100,0.0,1.0
2016-10-28,12.59,12.7,12.55,12.63,12.63,27600,0.0,1.0
2016-10-31,12.63,12.66,12.6,12.66,12.66,53600,0.0,1.0
2016-11-01,12.76,12.8,12.73,12.75,12.75,36100,0.0,1.0
2016-11-02,12.86,12.95,12.83,12.831,12.831,41300,0.0,1.0
2016-11-03,12.82,12.91,12.81,12.91,12.91,19800,0.0,1.0
2016-11-04,12.93,12.93,12.884,12.92,12.92,89700,0.0,1.0
2016-11-07,12.74,12.74,12.65,12.69,12.69,79400,0.0,1.0
2016-11-08,12.69,12.74,12.609,12.63,12.63,28600,0.0,1.0
2016-11-09,12.91,12.91,12.58,12.624,12.624,229300,0.0,1.0
2016-11-10,12.62,12.62,12.4,12.43,12.43,238100,0.0,1.0
2016-11-11,12.43,12.43,12.09,12.15,12.15,137900,0.0,1.0
2016-11-14,12.05,12.159,11.998,12.05,12.05,241400,0.0,1.0
2016-11-15,12.09,12.16,12.086,12.15,12.15,20500,0.0,1.0
2016-11-16,12.151,12.159,12.106,12.139,12.139,18700,0.0,1.0
2016-11-17,12.14,12.16,11.99,12.06,12.06,66600,0.0,1.0
2016-11-18,11.99,12.01,11.94,11.96,11.96,78000,0.0,1.0
2016-11-21,12.01,12.03,11.98,12.0,12.0,40700,0.0,1.0
2016-11-22,12.02,12.02,11.96,12.0,12.0,19500,0.0,1.0
2016-11-23,11.82,11.82,11.7,11.75,11.75,127200,0.0,1.0
2016-11-25,11.78,11.78,11.66,11.68,11.68,23800,0.0,1.0
2016-11-28,11.75,11.81,11.748,11.81,11.81,16800,0.0,1.0
2016-11-29,11.71,11.78,11.7,11.77,11.77,2214300,0.0,1.0
2016-11-30,11.71,11.71,11.59,11.61,11.61,134400,0.0,1.0
2016-12-01,11.54,11.621,11.48,11.594,11.594,172400,0.0,1.0
2016-12-02,11.62,11.652,11.609,11.64,11.64,25400,0.0,1.0
2016-12-05,11.55,11.63,11.46,11.58,11.58,76500,0.0,1.0
2016-12-06,11.6,11.62,11.55,11.56,11.56,150600,0.0,1.0
2016-12-07,11.64,11.67,11.6,11.6,11.6,18600,0.0,1.0
2016-12-08,11.6,11.6,11.58,11.59,11.59,210300,0.0,1.0
2016-12-09,11.54,11.54,11.45,11.46,11.46,25200,0.0,1.0
2016-12-12,11.49,11.511,11.46,11.49,11.49,59800,0.0,1.0
2016-12-13,11.48,11.49,11.42,11.46,11.46,46500,0.0,1.0
2016-12-14,11.52,11.528,11.27,11.295,11.295,89400,0.0,1.0
2016-12-15,11.2,11.21,11.12,11.16,11.16,188700,0.0,1.0
2016-12-16,11.22,11.28,11.17,11.21,11.21,51500,0.0,1.0
2016-12-19,11.27,11.3,11.256,11.28,11.28,97600,0.0,1.0
2016-12-20,11.17,11.215,11.143,11.194,11.194,92300,0.0,1.0
2016-12-21,11.24,11.25,11.19,11.2,11.2,107400,0.0,1.0
2016-12-22,11.18,11.22,11.16,11.16,11.16,33400,0.0,1.0
2016-12-23,11.199,11.23,11.195,11.2,11.2,80600,0.0,1.0
2016-12-27,11.22,11.28,11.22,11.27,11.27,49800,0.0,1.0
2016-12-28,11.26,11.31,11.25,11.31,11.31,59700,0.0,1.0
2016-12-29,11.338,11.48,11.336,11.45,11.45,60600,0.0,1.0
2016-12-30,11.46,11.48,11.38,11.39,11.39,110000,0.0,1.0
2017-01-03,11.38,11.51,11.37,11.47,11.47,236500,0.0,1.0
2017-01-04,11.54,11.55,11.49,11.51,11.51,137600,0.0,1.0
2017-01-05,11.66,11.729,11.65,11.7,11.7,56900,0.0,1.0
2017-01-06,11.62,11.67,11.59,11.61,11.61,44200,0.0,1.0
2017-01-09,11.68,11.74,11.66,11.705,11.705,30000,0.0,1.0
2017-01-10,11.75,11.78,11.74,11.76,11.76,15000,0.0,1.0
2017-01-11,11.73,11.85,11.66,11.786,11.786,16100,0.0,1.0
2017-01-12,11.9,11.94,11.84,11.84,11.84,55300,0.0,1.0
2017-01-13,11.8,11.87,11.76,11.86,11.86,30300,0.0,1.0
2017-01-17,12.04,12.04,11.995,12.03,12.03,87700,0.0,1.0
2017-01-18,12.03,12.03,11.9,11.926,11.926,40600,0.0,1.0
2017-01-19,11.88,11.94,11.834,11.924,11.924,118200,0.0,1.0
2017-01-20,11.91,12.02,11.88,11.96,11.96,27300,0.0,1.0
2017-01-23,12.0,12.05,12.0,12.03,12.03,25700,0.0,1.0
2017-01-24,12.01,12.04,11.95,11.97,11.97,45100,0.0,1.0
2017-01-25,11.85,11.88,11.811,11.87,11.87,18800,0.0,1.0
2017-01-26,11.76,11.78,11.724,11.77,11.77,41400,0.0,1.0
2017-01-27,11.72,11.79,11.716,11.79,11.79,20800,0.0,1.0
2017-01-30,11.79,11.86,11.79,11.82,11.82,132900,0.0,1.0
2017-01-31,11.96,12.01,11.956,11.99,11.99,34200,0.0,1.0
2017-02-01,11.91,11.98,11.857,11.95,11.95,50600,0.0,1.0
2017-02-02,12.08,12.1,12.008,12.02,12.02,29300,0.0,1.0
2017-02-03,12.01,12.07,12.01,12.05,12.05,25500,0.0,1.0
2017-02-06,12.15,12.218,12.129,12.218,12.218,50300,0.0,1.0
2017-02-07,12.19,12.22,12.17,12.19,12.19,55300,0.0,1.0
2017-02-08,12.26,12.302,12.23,12.27,12.27,36700,0.0,1.0
2017-02-09,12.29,12.29,12.17,12.18,12.18,29700,0.0,1.0
2017-02-10,12.12,12.226,12.117,12.21,12.21,79500,0.0,1.0
2017-02-13,12.13,12.14,12.07,12.12,12.12,76600,0.0,1.0
2017-02-14,12.21,12.44,12.09,12.15,12.15,27200,0.0,1.0
2017-02-15,12.09,12.2,12.08,12.19,12.19,49700,0.0,1.0
2017-02-16,12.25,12.287,12.25,12.26,12.26,21300,0.0,1.0
2017-02-17,12.28,12.29,12.215,12.23,12.23,22300,0.0,1.0
2017-02-21,12.15,12.25,12.12,12.229,12.229,25400,0.0,1.0
2017-02-22,12.23,12.25,12.17,12.25,12.25,24000,0.0,1.0
2017-02-23,12.34,12.37,12.33,12.35,12.35,39400,0.0,1.0
2017-02-24,12.44,12.447,12.39,12.43,12.43,32200,0.0,1.0
2017-02-27,12.43,12.5,12.37,12.37,12.37,113200,0.0,1.0
2017-02-28,12.426,12.44,12.35,12.38,12.38,75400,0.0,1.0
2017-03-01,12.26,12.37,12.241,12.37,12.37,29000,0.0,1.0
2017-03-02,12.22,12.28,12.18,12.21,12.21,150600,0.0,1.0
2017-03-03,12.14,12.22,12.096,12.2,12.2,57500,0.0,1.0
2017-03-06,12.19,12.19,12.12,12.13,12.13,148100,0.0,1.0
2017-03-07,12.05,12.06,12.0,12.02,12.02,37700,0.0,1.0
2017-03-08,11.95,11.964,11.93,11.95,11.95,106300,0.0,1.0
2017-03-09,11.92,11.94,11.88,11.89,11.89,15600,0.0,1.0
2017-03-10,11.88,11.91,11.86,11.91,11.91,19400,0.0,1.0
2017-03-13,11.9,11.92,11.9,11.91,11.91,29300,0.0,1.0
2017-03-14,11.89,11.93,11.84,11.86,11.86,45100,0.0,1.0
2017-03-15,11.87,12.069,11.85,12.06,12.06,18300,0.0,1.0
2017-03-16,12.18,12.18,12.12,12.12,12.12,51500,0.0,1.0
2017-03-17,12.16,12.17,12.14,12.14,12.14,44800,0.0,1.0
2017-03-20,12.18,12.21,12.18,12.2,12.2,71800,0.0,1.0
2017-03-21,12.25,12.31,12.23,12.3,12.3,52300,0.0,1.0
2017-03-22,12.35,12.364,12.33,12.33,12.33,16100,0.0,1.0
2017-03-23,12.37,12.37,12.29,12.32,12.32,26100,0.0,1.0
2017-03-24,12.29,12.37,12.29,12.336,12.336,16900,0.0,1.0
2017-03-27,12.45,12.46,12.39,12.41,12.41,38900,0.0,1.0
2017-03-28,12.44,12.44,12.338,12.35,12.35,143900,0.0,1.0
2017-03-29,12.39,12.39,12.37,12.39,12.39,13500,0.0,1.0
2017-03-30,12.33,12.355,12.291,12.292,12.292,13700,0.0,1.0
2017-03-31,12.315,12.356,12.29,12.33,12.33,28100,0.0,1.0
2017-04-03,12.32,12.4,12.32,12.4,12.4,67700,0.0,1.0
2017-04-04,12.42,12.43,12.404,12.41,12.41,48000,0.0,1.0
2017-04-05,12.326,12.42,12.31,12.42,12.42,12800,0.0,1.0
2017-04-06,12.37,12.39,12.37,12.37,12.37,23400,0.0,1.0
2017-04-07,12.49,12.529,12.4,12.41,12.41,43100,0.0,1.0
2017-04-10,12.36,12.42,12.34,12.4,12.4,34400,0.0,1.0
2017-04-11,12.49,12.59,12.49,12.58,12.58,33300,0.0,1.0
2017-04-12,12.6,12.686,12.58,12.67,12.67,28300,0.0,1.0
2017-04-13,12.721,12.73,12.68,12.73,12.73,17500,0.0,1.0
2017-04-17,12.73,12.77,12.664,12.69,12.69,48600,0.0,1.0
2017-04-18,12.72,12.765,12.65,12.75,12.75,61500,0.0,1.0
2017-04-19,12.67,12.68,12.58,12.63,12.63,49600,0.0,1.0
2017-04-20,12.65,12.67,12.64,12.657,12.657,5400,0.0,1.0
2017-04-21,12.67,12.717,12.67,12.695,12.695,4600,0.0,1.0
2017-04-24,12.55,12.61,12.53,12.61,12.61,32900,0.0,1.0
2017-04-25,12.52,12.54,12.48,12.48,12.48,45300,0.0,1.0
2017-04-26,12.48,12.55,12.47,12.54,12.54,19700,0.0,1.0
2017-04-27,12.48,12.51,12.47,12.5,12.5,8800,0.0,1.0
2017-04-28,12.5,12.53,12.49,12.53,12.53,22000,0.0,1.0
2017-05-01,12.49,12.53,12.4,12.42,12.42,45600,0.0,1.0
2017-05-02,12.39,12.42,12.385,12.42,12.42,12200,0.0,1.0
2017-05-03,12.37,12.37,12.24,12.26,12.26,27000,0.0,1.0
2017-05-04,12.13,12.17,12.119,12.137,12.137,19700,0.0,1.0
2017-05-05,12.14,12.154,12.12,12.15,12.15,14100,0.0,1.0
2017-05-08,12.16,12.16,12.12,12.125,12.125,21900,0.0,1.0
2017-05-09,12.07,12.07,12.0,12.05,12.05,31400,0.0,1.0
2017-05-10,12.09,12.09,12.03,12.05,12.05,54800,0.0,1.0
2017-05-11,12.09,12.12,12.085,12.1,12.1,23700,0.0,1.0
2017-05-12,12.16,12.16,12.13,12.13,12.13,27500,0.0,1.0
2017-05-15,12.198,12.198,12.15,12.17,12.17,28400,0.0,1.0
2017-05-16,12.19,12.239,12.19,12.21,12.21,15300,0.0,1.0
2017-05-17,12.4,12.45,12.39,12.44,12.44,26800,0.0,1.0
2017-05-18,12.43,12.43,12.313,12.34,12.34,29200,0.0,1.0
2017-05-19,12.389,12.4,12.36,12.4,12.4,22300,0.0,1.0
2017-05-22,12.42,12.47,12.42,12.44,12.44,17800,0.0,1.0
2017-05-23,12.46,12.47,12.36,12.37,12.37,10700,0.0,1.0
2017-05-24,12.38,12.426,12.38,12.42,12.42,68900,0.0,1.0
2017-05-25,12.42,12.42,12.4,12.409,12.409,12900,0.0,1.0
2017-05-26,12.51,12.54,12.502,12.53,12.53,30800,0.0,1.0
2017-05-30,12.49,12.49,12.464,12.474,12.474,8800,0.0,1.0
2017-05-31,12.49,12.576,12.49,12.57,12.57,9200,0.0,1.0
2017-06-01,12.49,12.54,12.47,12.52,12.52,26200,0.0,1.0
2017-06-02,12.59,12.64,12.59,12.63,12.63,4100,0.0,1.0
2017-06-05,12.65,12.65,12.63,12.65,12.65,13400,0.0,1.0
2017-06-06,12.79,12.8,12.743,12.78,12.78,22000,0.0,1.0
2017-06-07,12.75,12.78,12.695,12.7,12.7,7500,0.0,1.0
2017-06-08,12.67,12.67,12.565,12.62,12.62,9600,0.0,1.0
2017-06-09,12.51,12.55,12.51,12.53,12.53,23900,0.0,1.0
2017-06-12,12.5,12.52,12.49,12.502,12.502,20200,0.0,1.0
2017-06-13,12.45,12.53,12.45,12.51,12.51,31400,0.0,1.0
2017-06-14,12.61,12.63,12.41,12.42,12.42,8300,0.0,1.0
2017-06-15,12.38,12.4,12.37,12.39,12.39,23800,0.0,1.0
2017-06-16,12.4,12.405,12.385,12.385,12.385,17300,0.0,1.0
2017-06-19,12.33,12.335,12.28,12.3,12.3,55400,0.0,1.0
2017-06-20,12.29,12.29,12.27,12.27,12.27,12700,0.0,1.0
2017-06-21,12.27,12.313,12.27,12.31,12.31,13400,0.0,1.0
2017-06-22,12.37,12.377,12.32,12.35,12.35,21200,0.0,1.0
2017-06-23,12.43,12.43,12.39,12.4,12.4,17100,0.0,1.0
2017-06-26,12.29,12.305,12.27,12.287,12.287,64600,0.0,1.0
2017-06-27,12.34,12.341,12.3,12.341,12.341,22800,0.0,1.0
2017-06-28,12.36,12.36,12.33,12.35,12.35,99500,0.0,1.0
2017-06-29,12.25,12.32,12.25,12.29,12.29,17300,0.0,1.0
2017-06-30,12.26,12.3,12.206,12.26,12.26,41900,0.0,1.0
2017-07-03,12.11,12.14,12.03,12.06,12.06,36700,0.0,1.0
2017-07-05,12.04,12.1,12.03,12.1,12.1,19600,0.0,1.0
2017-07-06,12.105,12.105,12.08,12.099,12.099,8100,0.0,1.0
2017-07-07,12.03,12.03,11.94,11.98,11.98,49100,0.0,1.0
2017-07-10,11.94,11.99,11.93,11.99,11.99,33200,0.0,1.0
2017-07-11,11.96,12.02,11.93,12.01,12.01,14500,0.0,1.0
2017-07-12,12.08,12.08,12.04,12.05,12.05,81700,0.0,1.0
2017-07-13,12.05,12.05,12.015,12.03,12.03,7200,0.0,1.0
2017-07-14,12.16,12.17,12.111,12.13,12.13,40400,0.0,1.0
2017-07-17,12.2,12.2,12.18,12.18,12.18,40500,0.0,1.0
2017-07-18,12.25,12.28,12.246,12.26,12.26,12600,0.0,1.0
2017-07-19,12.27,12.28,12.25,12.26,12.26,11800,0.0,1.0
2017-07-20,12.24,12.31,12.24,12.28,12.28,48400,0.0,1.0
2017-07-21,12.36,12.4,12.342,12.39,12.39,17100,0.0,1.0
2017-07-24,12.41,12.41,12.38,12.389,12.389,6000,0.0,1.0
2017-07-25,12.36,12.39,12.335,12.34,12.34,64900,0.0,1.0
2017-07-26,12.32,12.46,12.32,12.445,12.445,11300,0.0,1.0
2017-07-27,12.45,12.46,12.392,12.44,12.44,5800,0.0,1.0
2017-07-28,12.48,12.54,12.48,12.53,12.53,25800,0.0,1.0
2017-07-31,12.51,12.53,12.5,12.53,12.53,18800,0.0,1.0
2017-08-01,12.5,12.57,12.5,12.529,12.529,23200,0.0,1.0
2017-08-02,12.52,12.566,12.5,12.5,12.5,9600,0.0,1.0
2017-08-03,12.49,12.535,12.49,12.535,12.535,7600,0.0,1.0
2017-08-04,12.46,12.46,12.394,12.424,12.424,13600,0.0,1.0
2017-08-07,12.41,12.43,12.41,12.42,12.42,14300,0.0,1.0
2017-08-08,12.46,12.46,12.37,12.45,12.45,101600,0.0,1.0
2017-08-09,12.57,12.615,12.545,12.592,12.592,59500,0.0,1.0
2017-08-10,12.68,12.71,12.67,12.69,12.69,192100,0.0,1.0
2017-08-11,12.69,12.75,12.67,12.75,12.75,177500,0.0,1.0
2017-08-14,12.67,12.68,12.645,12.65,12.65,27300,0.0,1.0
2017-08-15,12.52,12.58,12.52,12.56,12.56,196700,0.0,1.0
2017-08-16,12.53,12.66,12.44,12.65,12.65,147800,0.0,1.0
2017-08-17,12.7,12.73,12.65,12.72,12.72,183400,0.0,1.0
2017-08-18,12.81,12.81,12.69,12.69,12.69,143100,0.0,1.0
2017-08-21,12.72,12.76,12.72,12.75,12.75,99200,0.0,1.0
2017-08-22,12.73,12.73,12.66,12.69,12.69,75700,0.0,1.0
2017-08-23,12.72,12.74,12.71,12.73,12.73,27300,0.0,1.0
2017-08-24,12.71,12.72,12.69,12.69,12.69,92900,0.0,1.0
2017-08-25,12.75,12.77,12.6,12.75,12.75,89800,0.0,1.0
2017-08-28,12.8,12.95,12.8,12.94,12.94,73500,0.0,1.0
2017-08-29,13.06,13.06,12.895,12.92,12.92,143800,0.0,1.0
2017-08-30,12.91,12.93,12.89,12.91,12.91,157500,0.0,1.0
2017-08-31,12.93,13.06,12.93,13.06,13.06,119600,0.0,1.0
2017-09-01,13.08,13.09,12.995,13.09,13.09,141400,0.0,1.0
2017-09-05,13.15,13.26,13.14,13.23,13.23,95200,0.0,1.0
2017-09-06,13.22,13.224,13.144,13.17,13.17,78900,0.0,1.0
2017-09-07,13.25,13.32,13.235,13.3,13.3,200400,0.0,1.0
2017-09-08,13.31,13.31,13.25,13.29,13.29,196000,0.0,1.0
2017-09-11,13.16,13.18,13.09,13.1,13.1,150900,0.0,1.0
2017-09-12,13.08,13.14,13.074,13.14,13.14,159700,0.0,1.0
2017-09-13,13.2,13.2,13.04,13.04,13.04,62200,0.0,1.0
2017-09-14,13.05,13.12,13.05,13.1,13.1,139500,0.0,1.0
2017-09-15,13.08,13.08,13.03,13.03,13.03,69000,0.0,1.0
2017-09-18,12.95,12.95,12.88,12.91,12.91,125400,0.0,1.0
2017-09-19,12.92,12.94,12.89,12.94,12.94,129500,0.0,1.0
2017-09-20,12.94,12.98,12.78,12.83,12.83,193300,0.0,1.0
2017-09-21,12.73,12.77,12.72,12.74,12.74,66500,0.0,1.0
2017-09-22,12.77,12.805,12.77,12.78,12.78,130900,0.0,1.0
2017-09-25,12.75,12.93,12.74,12.93,12.93,117000,0.0,1.0
2017-09-26,12.83,12.835,12.78,12.78,12.78,103900,0.0,1.0
2017-09-27,12.67,12.71,12.66,12.67,12.67,139800,0.0,1.0
2017-09-28,12.67,12.71,12.65,12.69,12.69,242000,0.0,1.0
2017-09-29,12.7,12.7,12.63,12.63,12.63,123400,0.0,1.0
2017-10-02,12.58,12.59,12.54,12.54,12.54,166700,0.0,1.0
2017-10-03,12.54,12.57,12.54,12.55,12.55,56900,0.0,1.0
2017-10-04,12.59,12.59,12.55,12.58,12.58,88500,0.0,1.0
2017-10-05,12.57,12.58,12.505,12.51,12.51,198400,0.0,1.0
2017-10-06,12.49,12.58,12.44,12.57,12.57,147000,0.0,1.0
2017-10-09,12.63,12.675,12.624,12.67,12.67,114000,0.0,1.0
2017-10-10,12.73,12.77,12.705,12.71,12.71,138700,0.0,1.0
2017-10-11,12.72,12.76,12.673,12.75,12.75,104600,0.0,1.0
2017-10-12,12.75,12.775,12.75,12.76,12.76,163900,0.0,1.0
2017-10-13,12.84,12.86,12.81,12.86,12.86,200100,0.0,1.0
2017-10-16,12.86,12.866,12.731,12.77,12.77,119500,0.0,1.0
2017-10-17,12.67,12.698,12.65,12.68,12.68,120100,0.0,1.0
2017-10-18,12.63,12.65,12.62,12.63,12.63,61000,0.0,1.0
2017-10-19,12.68,12.71,12.68,12.7,12.7,27200,0.0,1.0
2017-10-20,12.63,12.66,12.605,12.63,12.63,67200,0.0,1.0
2017-10-23,12.56,12.66,12.56,12.65,12.65,120300,0.0,1.0
2017-10-24,12.59,12.605,12.57,12.6,12.6,78200,0.0,1.0
2017-10-25,12.6,12.62,12.56,12.6,12.6,72400,0.0,1.0
2017-10-26,12.58,12.58,12.49,12.5,12.5,157500,0.0,1.0
2017-10-27,12.5,12.56,12.491,12.55,12.55,212000,0.0,1.0
2017-10-30,12.545,12.61,12.54,12.58,12.58,147900,0.0,1.0
2017-10-31,12.55,12.55,12.513,12.53,12.53,117800,0.0,1.0
2017-11-01,12.56,12.62,12.55,12.57,12.57,151000,0.0,1.0
2017-11-02,12.59,12.66,12.58,12.59,12.59,113900,0.0,1.0
2017-11-03,12.6,12.6,12.48,12.53,12.53,138100,0.0,1.0
2017-11-06,12.53,12.64,12.53,12.63,12.63,105100,0.0,1.0
2017-11-07,12.61,12.62,12.555,12.58,12.58,67800,0.0,1.0
2017-11-08,12.66,12.69,12.625,12.63,12.63,222100,0.0,1.0
2017-11-09,12.65,12.697,12.64,12.68,12.68,121900,0.0,1.0
2017-11-10,12.67,12.67,12.571,12.58,12.58,106300,0.0,1.0
2017-11-13,12.61,12.62,12.59,12.59,12.59,112000,0.0,1.0
2017-11-14,12.55,12.656,12.55,12.62,12.62,118900,0.0,1.0
2017-11-15,12.68,12.7,12.59,12.6,12.6,122500,0.0,1.0
2017-11-16,12.61,12.63,12.6,12.6,12.6,129300,0.0,1.0
2017-11-17,12.68,12.771,12.67,12.75,12.75,52800,0.0,1.0
2017-11-20,12.7,12.7,12.575,12.59,12.59,157000,0.0,1.0
2017-11-21,12.63,12.66,12.61,12.61,12.61,149800,0.0,1.0
2017-11-22,12.69,12.76,12.69,12.73,12.73,182500,0.0,1.0
2017-11-24,12.7,12.73,12.698,12.7,12.7,106100,0.0,1.0
2017-11-27,12.8,12.8,12.74,12.76,12.76,97500,0.0,1.0
2017-11-28,12.78,12.78,12.725,12.75,12.75,133500,0.0,1.0
2017-11-29,12.69,12.69,12.65,12.67,12.67,119600,0.0,1.0
2017-11-30,12.61,12.62,12.53,12.56,12.56,162700,0.0,1.0
2017-12-01,12.55,12.707,12.545,12.62,12.62,38500,0.0,1.0
2017-12-04,12.58,12.58,12.55,12.57,12.57,52300,0.0,1.0
2017-12-05,12.5,12.51,12.43,12.49,12.49,81100,0.0,1.0
2017-12-06,12.45,12.5,12.45,12.47,12.47,39000,0.0,1.0
2017-12-07,12.36,12.38,12.26,12.3,12.3,88500,0.0,1.0
2017-12-08,12.317,12.34,12.29,12.31,12.31,43400,0.0,1.0
2017-12-11,12.3,12.301,12.23,12.24,12.24,57600,0.0,1.0
2017-12-12,12.21,12.27,12.19,12.27,12.27,35500,0.0,1.0
2017-12-13,12.27,12.37,12.25,12.37,12.37,29300,0.0,1.0
2017-12-14,12.37,12.375,12.322,12.34,12.34,28500,0.0,1.0
2017-12-15,12.39,12.39,12.36,12.38,12.38,14900,0.0,1.0
2017-12-18,12.45,12.45,12.42,12.44,12.44,59100,0.0,1.0
2017-12-19,12.43,12.44,12.41,12.43,12.43,76400,0.0,1.0
2017-12-20,12.45,12.49,12.448,12.48,12.48,25000,0.0,1.0
2017-12-21,12.47,12.51,12.461,12.49,12.49,31400,0.0,1.0
2017-12-22,12.52,12.58,12.52,12.55,12.55,48600,0.0,1.0
2017-12-26,12.57,12.65,12.429,12.65,12.65,33900,0.0,1.0
2017-12-27,12.66,12.7,12.66,12.7,12.7,37800,0.0,1.0
2017-12-28,12.75,12.76,12.73,12.753,12.753,93200,0.0,1.0
2017-12-29,12.84,12.89,12.82,12.85,12.85,167900,0.0,1.0
2018-01-02,12.93,13.0,12.921,13.0,13.0,55400,0.0,1.0
2018-01-03,12.99,12.99,12.88,12.95,12.95,96700,0.0,1.0
2018-01-04,12.96,13.05,12.96,13.02,13.02,50500,0.0,1.0
2018-01-05,12.96,13.02,12.96,13.01,13.01,84800,0.0,1.0
2018-01-08,12.99,13.01,12.973,13.0,13.0,68200,0.0,1.0
2018-01-09,12.92,12.95,12.9,12.95,12.95,28100,0.0,1.0
2018-01-10,12.99,13.0,12.98,12.99,12.99,62000,0.0,1.0
2018-01-11,13.02,13.047,13.01,13.026,13.026,23700,0.0,1.0
2018-01-12,13.08,13.2,13.075,13.2,13.2,43800,0.0,1.0
2018-01-16,13.15,13.204,13.129,13.19,13.19,67400,0.0,1.0
2018-01-17,13.15,13.2,13.08,13.09,13.09,44100,0.0,1.0
2018-01-18,13.09,13.13,13.06,13.06,13.06,35700,0.0,1.0
2018-01-19,13.13,13.159,13.12,13.12,13.12,42200,0.0,1.0
2018-01-22,13.13,13.155,13.12,13.14,13.14,138400,0.0,1.0
2018-01-23,13.13,13.22,13.129,13.22,13.22,45300,0.0,1.0
2018-01-24,13.34,13.4,13.315,13.37,13.37,61800,0.0,1.0
2018-01-25,13.35,13.44,13.23,13.29,13.29,95800,0.0,1.0
2018-01-26,13.31,13.335,13.291,13.3,13.3,30800,0.0,1.0
2018-01-29,13.24,13.25,13.18,13.23,13.23,93900,0.0,1.0
2018-01-30,13.28,13.28,13.16,13.16,13.16,161300,0.0,1.0
2018-01-31,13.23,13.27,13.13,13.27,13.27,59900,0.0,1.0
2018-02-01,13.21,13.31,13.2,13.31,13.31,31800,0.0,1.0
2018-02-02,13.17,13.17,13.089,13.11,13.11,61300,0.0,1.0
2018-02-05,13.16,13.21,13.141,13.17,13.17,67300,0.0,1.0
2018-02-06,13.14,13.14,13.01,13.01,13.01,37900,0.0,1.0
2018-02-07,13.02,13.058,12.93,12.95,12.95,72800,0.0,1.0
2018-02-08,12.97,13.01,12.93,12.97,12.97,44100,0.0,1.0
2018-02-09,12.95,12.986,12.92,12.95,12.95,35900,0.0,1.0
2018-02-12,12.99,13.06,12.99,13.01,13.01,36300,0.0,1.0
2018-02-13,13.05,13.1,13.04,13.1,13.1,120600,0.0,1.0
2018-02-14,13.121,13.35,13.121,13.32,13.32,56300,0.0,1.0
2018-02-15,13.33,13.349,13.294,13.34,13.34,88500,0.0,1.0
2018-02-16,13.33,13.355,13.26,13.29,13.29,69800,0.0,1.0
2018-02-20,13.22,13.229,13.09,13.1,13.1,26100,0.0,1.0
2018-02-21,13.11,13.15,13.03,13.04,13.04,35900,0.0,1.0
2018-02-22,13.08,13.12,13.07,13.12,13.12,36000,0.0,1.0
2018-02-23,13.09,13.1,13.07,13.1,13.1,36100,0.0,1.0
2018-02-26,13.13,13.145,13.1,13.14,13.14,23000,0.0,1.0
2018-02-27,13.065,13.065,12.94,12.98,12.98,129200,0.0,1.0
2018-02-28,12.98,13.02,12.964,12.98,12.98,52200,0.0,1.0
2018-03-01,12.87,13.0,12.835,12.96,12.96,25100,0.0,1.0
2018-03-02,13.06,13.06,13.0,13.01,13.01,41800,0.0,1.0
2018-03-05,13.01,13.019,12.981,12.995,12.995,53300,0.0,1.0
2018-03-06,13.1,13.19,13.1,13.14,13.14,52000,0.0,1.0
2018-03-07,13.1,13.11,13.033,13.05,13.05,45200,0.0,1.0
2018-03-08,13.06,13.06,13.0,13.02,13.02,31000,0.0,1.0
2018-03-09,12.98,13.05,12.96,13.03,13.03,48300,0.0,1.0
2018-03-12,12.99,13.04,12.97,13.04,13.04,75700,0.0,1.0
2018-03-13,13.05,13.076,13.015,13.07,13.07,41500,0.0,1.0
2018-03-14,13.04,13.06,13.02,13.06,13.06,21800,0.0,1.0
2018-03-15,12.99,12.99,12.956,12.96,12.96,10900,0.0,1.0
2018-03-16,12.96,12.96,12.91,12.93,12.93,47600,0.0,1.0
2018-03-19,12.93,12.99,12.92,12.96,12.96,18100,0.0,1.0
2018-03-20,12.91,12.927,12.881,12.91,12.91,59300,0.0,1.0
2018-03-21,13.02,13.15,12.995,13.14,13.14,79600,0.0,1.0
2018-03-22,13.1,13.115,13.05,13.076,13.076,11700,0.0,1.0
2018-03-23,13.28,13.29,13.25,13.25,13.25,78800,0.0,1.0
2018-03-26,13.29,13.35,13.29,13.31,13.31,43600,0.0,1.0
2018-03-27,13.22,13.25,13.2,13.23,13.23,70100,0.0,1.0
2018-03-28,13.13,13.13,13.03,13.05,13.05,20600,0.0,1.0
2018-03-29,13.01,13.049,13.01,13.049,13.049,43000,0.0,1.0
2018-04-02,13.14,13.23,13.122,13.21,13.21,33100,0.0,1.0
2018-04-03,13.13,13.14,13.095,13.1,13.1,36600,0.0,1.0
2018-04-04,13.24,13.24,13.12,13.13,13.13,16400,0.0,1.0
2018-04-05,13.03,13.06,13.03,13.05,13.05,26600,0.0,1.0
2018-04-06,13.15,13.15,13.109,13.124,13.124,8400,0.0,1.0
2018-04-09,13.13,13.17,13.112,13.17,13.17,47400,0.0,1.0
2018-04-10,13.19,13.21,13.18,13.19,13.19,24900,0.0,1.0
2018-04-11,13.29,13.396,13.287,13.29,13.29,24200,0.0,1.0
2018-04-12,13.22,13.22,13.135,13.14,13.14,47300,0.0,1.0
2018-04-13,13.19,13.26,13.19,13.24,13.24,109200,0.0,1.0
2018-04-16,13.27,13.287,13.25,13.26,13.26,34300,0.0,1.0
2018-04-17,13.2,13.27,13.2,13.27,13.27,48700,0.0,1.0
2018-04-18,13.3,13.32,13.27,13.28,13.28,19000,0.0,1.0
2018-04-19,13.28,13.28,13.205,13.247,13.247,27900,0.0,1.0
2018-04-20,13.16,13.175,13.14,13.14,13.14,65600,0.0,1.0
2018-04-23,13.04,13.05,13.02,13.05,13.05,13600,0.0,1.0
2018-04-24,13.06,13.12,13.05,13.11,13.11,61300,0.0,1.0
2018-04-25,13.01,13.03,12.99,13.01,13.01,148800,0.0,1.0
2018-04-26,13.03,13.03,12.96,12.98,12.98,20100,0.0,1.0
2018-04-27,13.0,13.045,13.0,13.03,13.03,102700,0.0,1.0
2018-04-30,12.92,12.99,12.9,12.94,12.94,29800,0.0,1.0
2018-05-01,12.87,12.87,12.81,12.845,12.845,48400,0.0,1.0
2018-05-02,12.87,12.914,12.83,12.83,12.83,45200,0.0,1.0
2018-05-03,12.95,12.95,12.9,12.9,12.9,88100,0.0,1.0
2018-05-04,12.9,12.94,12.9,12.94,12.94,38700,0.0,1.0
2018-05-07,12.92,12.941,12.91,12.94,12.94,37300,0.0,1.0
2018-05-08,12.89,12.95,12.86,12.94,12.94,75900,0.0,1.0
2018-05-09,12.93,12.957,12.9,12.9,12.9,15600,0.0,1.0
2018-05-10,13.0,13.01,12.948,13.0,13.0,31000,0.0,1.0
2018-05-11,13.02,13.02,12.97,12.99,12.99,26400,0.0,1.0
2018-05-14,12.99,12.99,12.925,12.925,12.925,18000,0.0,1.0
2018-05-15,12.76,12.76,12.688,12.71,12.71,96500,0.0,1.0
2018-05-16,12.7,12.72,12.675,12.69,12.69,81700,0.0,1.0
2018-05-17,12.7,12.71,12.673,12.7,12.7,26200,0.0,1.0
2018-05-18,12.7,12.735,12.68,12.72,12.72,21300,0.0,1.0
2018-05-21,12.68,12.72,12.67,12.71,12.71,24300,0.0,1.0
2018-05-22,12.74,12.74,12.7,12.7,12.7,34400,0.0,1.0
2018-05-23,12.69,12.74,12.68,12.72,12.72,68300,0.0,1.0
2018-05-24,12.79,12.85,12.79,12.84,12.84,12900,0.0,1.0
2018-05-25,12.84,12.84,12.79,12.79,12.79,28000,0.0,1.0
2018-05-29,12.76,12.829,12.735,12.8,12.8,19000,0.0,1.0
2018-05-30,12.794,12.82,12.794,12.82,12.82,18400,0.0,1.0
2018-05-31,12.816,12.839,12.78,12.79,12.79,17300,0.0,1.0
2018-06-01,12.72,12.78,12.719,12.73,12.73,186400,0.0,1.0
2018-06-04,12.76,12.76,12.703,12.703,12.703,125500,0.0,1.0
2018-06-05,12.73,12.782,12.69,12.76,12.76,15900,0.0,1.0
2018-06-06,12.77,12.807,12.75,12.75,12.75,60700,0.0,1.0
2018-06-07,12.76,12.78,12.75,12.76,12.76,27300,0.0,1.0
2018-06-08,12.78,12.78,12.77,12.77,12.77,18000,0.0,1.0
2018-06-11,12.79,12.81,12.77,12.79,12.79,76300,0.0,1.0
2018-06-12,12.77,12.78,12.74,12.74,12.74,16200,0.0,1.0
2018-06-13,12.75,12.79,12.729,12.78,12.78,31200,0.0,1.0
2018-06-14,12.84,12.855,12.813,12.83,12.83,13300,0.0,1.0
2018-06-15,12.68,12.68,12.545,12.6,12.6,75500,0.0,1.0
2018-06-18,12.61,12.61,12.57,12.58,12.58,83800,0.0,1.0
2018-06-19,12.56,12.563,12.54,12.54,12.54,228400,0.0,1.0
2018-06-20,12.533,12.54,12.48,12.48,12.48,616500,0.0,1.0
2018-06-21,12.45,12.49,12.44,12.46,12.46,114600,0.0,1.0
2018-06-22,12.48,12.496,12.475,12.492,12.492,77900,0.0,1.0
2018-06-25,12.467,12.47,12.44,12.44,12.44,20200,0.0,1.0
2018-06-26,12.39,12.394,12.37,12.38,12.38,34600,0.0,1.0
2018-06-27,12.35,12.355,12.31,12.32,12.32,105100,0.0,1.0
2018-06-28,12.317,12.317,12.26,12.279,12.279,78200,0.0,1.0
2018-06-29,12.29,12.34,12.286,12.308,12.308,63200,0.0,1.0
2018-07-02,12.28,12.28,12.19,12.2,12.2,44900,0.0,1.0
2018-07-03,12.29,12.69,12.29,12.69,12.69,32700,0.0,1.0
2018-07-05,12.35,12.38,12.34,12.37,12.37,30500,0.0,1.0
2018-07-06,12.35,12.36,12.33,12.35,12.35,12400,0.0,1.0
2018-07-09,12.42,12.43,12.37,12.38,12.38,12400,0.0,1.0
2018-07-10,12.35,12.356,12.33,12.355,12.355,20600,0.0,1.0
2018-07-11,12.29,12.31,12.21,12.21,12.21,13900,0.0,1.0
2018-07-12,12.25,12.27,12.25,12.27,12.27,19300,0.0,1.0
2018-07-13,12.21,12.22,12.2,12.2,12.2,20500,0.0,1.0
2018-07-16,12.21,12.21,12.18,12.21,12.21,18700,0.0,1.0
2018-07-17,12.12,12.12,12.05,12.08,12.08,33000,0.0,1.0
2018-07-18,12.04,12.08,12.03,12.08,12.08,37000,0.0,1.0
2018-07-19,11.96,12.056,11.95,12.03,12.03,60400,0.0,1.0
2018-07-20,12.088,12.101,12.08,12.09,12.09,24600,0.0,1.0
2018-07-23,12.06,12.07,12.024,12.05,12.05,16800,0.0,1.0
2018-07-24,12.08,12.089,12.032,12.034,12.034,16400,0.0,1.0
2018-07-25,12.125,12.126,12.076,12.12,12.12,19500,0.0,1.0
2018-07-26,12.06,12.09,12.025,12.027,12.027,27200,0.0,1.0
2018-07-27,12.03,12.065,12.021,12.03,12.03,35100,0.0,1.0
2018-07-30,12.02,12.05,12.01,12.01,12.01,20100,0.0,1.0
2018-07-31,12.014,12.05,12.005,12.05,12.05,15100,0.0,1.0
2018-08-01,12.01,12.01,11.95,11.95,11.95,47900,0.0,1.0
2018-08-02,11.95,11.95,11.88,11.88,11.88,51200,0.0,1.0
2018-08-03,11.963,11.99,11.93,11.94,11.94,103500,0.0,1.0
2018-08-06,11.89,11.909,11.87,11.88,11.88,79500,0.0,1.0
2018-08-07,11.89,11.93,11.88,11.89,11.89,11100,0.0,1.0
2018-08-08,11.92,11.93,11.88,11.92,11.92,86600,0.0,1.0
2018-08-09,11.94,11.956,11.91,11.92,11.92,155400,0.0,1.0
2018-08-10,11.92,11.95,11.9,11.9,11.9,18900,0.0,1.0
2018-08-13,11.82,11.82,11.71,11.74,11.74,37300,0.0,1.0
2018-08-14,11.76,11.776,11.73,11.73,11.73,22100,0.0,1.0
2018-08-15,11.64,11.65,11.53,11.55,11.55,62100,0.0,1.0
2018-08-16,11.58,11.61,11.53,11.53,11.53,117100,0.0,1.0
2018-08-17,11.59,11.64,11.57,11.64,11.64,152400,0.0,1.0
2018-08-20,11.67,11.7,11.65,11.69,11.69,29600,0.0,1.0
2018-08-21,11.71,11.815,11.68,11.73,11.73,23100,0.0,1.0
2018-08-22,11.78,11.976,11.747,11.75,11.75,24700,0.0,1.0
2018-08-23,11.71,11.71,11.65,11.66,11.66,18800,0.0,1.0
2018-08-24,11.76,11.879,11.757,11.845,11.845,44600,0.0,1.0
2018-08-27,11.85,11.91,11.85,11.898,11.898,119600,0.0,1.0
2018-08-28,11.92,11.92,11.8,11.81,11.81,54400,0.0,1.0
2018-08-29,11.853,11.86,11.83,11.85,11.85,30500,0.0,1.0
2018-08-30,11.82,11.82,11.771,11.79,11.79,5800,0.0,1.0
2018-08-31,11.81,11.84,11.78,11.78,11.78,26300,0.0,1.0
2018-09-04,11.7,11.73,11.7,11.73,11.73,155500,0.0,1.0
2018-09-05,11.78,11.78,11.751,11.77,11.77,11500,0.0,1.0
2018-09-06,11.82,11.86,11.78,11.78,11.78,243000,0.0,1.0
2018-09-07,11.75,11.78,11.74,11.76,11.76,48000,0.0,1.0
2018-09-10,11.75,11.78,11.743,11.75,11.75,13900,0.0,1.0
2018-09-11,11.7,11.77,11.679,11.76,11.76,12500,0.0,1.0
2018-09-12,11.76,11.87,11.76,11.85,11.85,10100,0.0,1.0
2018-09-13,11.9,11.91,11.79,11.803,11.803,19600,0.0,1.0
2018-09-14,11.81,11.81,11.73,11.75,11.75,11500,0.0,1.0
2018-09-17,11.79,11.838,11.79,11.797,11.797,143400,0.0,1.0
2018-09-18,11.82,11.82,11.77,11.77,11.77,4500,0.0,1.0
2018-09-19,11.82,11.848,11.82,11.82,11.82,12100,0.0,1.0
2018-09-20,11.85,11.87,11.84,11.87,11.87,69600,0.0,1.0
2018-09-21,11.72,11.8,11.72,11.778,11.778,44500,0.0,1.0
2018-09-24,11.8,11.82,11.78,11.79,11.79,14500,0.0,1.0
2018-09-25,11.81,11.82,11.79,11.81,11.81,34700,0.0,1.0
2018-09-26,11.74,11.76,11.71,11.75,11.75,25700,0.0,1.0
2018-09-27,11.64,11.67,11.61,11.64,11.64,18000,0.0,1.0
2018-09-28,11.677,11.72,11.67,11.71,11.71,19600,0.0,1.0
2018-10-01,11.71,11.71,11.65,11.69,11.69,18300,0.0,1.0
2018-10-02,11.8,11.87,11.8,11.826,11.826,22800,0.0,1.0
2018-10-03,11.83,11.83,11.76,11.76,11.76,50000,0.0,1.0
2018-10-04,11.82,11.85,11.766,11.79,11.79,38900,0.0,1.0
2018-10-05,11.82,11.84,11.8,11.82,11.82,13900,0.0,1.0
2018-10-08,11.66,11.68,11.64,11.663,11.663,73300,0.0,1.0
2018-10-09,11.66,11.69,11.64,11.69,11.69,73000,0.0,1.0
2018-10-10,11.68,11.73,11.66,11.72,11.72,112200,0.0,1.0
2018-10-11,11.86,12.048,11.85,12.01,12.01,329200,0.0,1.0
