date,Open,High,Low,Close,Adj Close,Volume,Dividends,Stock Splits
2018-01-16,11.54,11.57,11.4,11.45,10.850530000000001,45000,0.0,1.0
2018-01-17,11.4,11.48,11.4,11.47,10.869483,21800,0.0,1.0
2018-01-18,11.39,11.46,11.31,11.36,10.765242,43700,0.0,1.0
2018-01-19,11.32,11.41,11.31,11.35,10.755766,63500,0.0,1.0
2018-01-22,11.41,11.41,11.25,11.35,10.755766,47100,0.0,1.0
2018-01-23,11.2,11.33,11.2,11.33,10.802485,44900,0.069,1.0
2018-01-24,11.33,11.33,11.25,11.3,10.773878999999999,32700,0.0,1.0
2018-01-25,11.25,11.28,11.08,11.14,10.621332,84600,0.0,1.0
2018-01-26,11.1,11.1,10.95,10.98,10.468781,88500,0.0,1.0
2018-01-29,10.91,10.94,10.81,10.85,10.344831,97900,0.0,1.0
2018-01-30,10.76,10.98,10.75,10.87,10.363901,60400,0.0,1.0
2018-01-31,10.88,10.98,10.86,10.98,10.468781,50300,0.0,1.0
2018-02-01,10.94,11.04,10.87,11.03,10.516452000000001,85100,0.0,1.0
2018-02-02,10.94,11.01,10.91,11.01,10.497384,88500,0.0,1.0
2018-02-05,11.01,11.02,10.85,11.02,10.506917999999999,74300,0.0,1.0
2018-02-06,10.85,11.08,10.85,11.08,10.564124000000001,40500,0.0,1.0
2018-02-07,11.0,11.2,11.0,11.18,10.659469,37900,0.0,1.0
2018-02-08,11.14,11.19,11.07,11.19,10.669003,42400,0.0,1.0
2018-02-09,11.13,11.15,11.06,11.15,10.630864,30900,0.0,1.0
2018-02-12,11.15,11.25,11.1,11.25,10.726208,29900,0.0,1.0
2018-02-13,11.14,11.24,11.12,11.24,10.716675,38600,0.0,1.0
2018-02-14,11.16,11.29,11.13,11.26,10.735744,40700,0.0,1.0
2018-02-15,11.13,11.22,11.13,11.2,10.678537,17400,0.0,1.0
2018-02-16,11.15,11.23,11.1,11.16,10.640399,16800,0.0,1.0
2018-02-20,11.1,11.11,11.0,11.03,10.579016000000001,27900,0.066,1.0
2018-02-21,11.0,11.07,11.0,11.07,10.617381,21800,0.0,1.0
2018-02-22,11.01,11.1,10.98,11.03,10.579016000000001,21700,0.0,1.0
2018-02-23,11.03,11.06,11.01,11.01,10.559834,12400,0.0,1.0
2018-02-26,11.02,11.06,10.98,11.03,10.579016000000001,67200,0.0,1.0
2018-02-27,11.08,11.08,10.98,11.05,10.598199000000001,23200,0.0,1.0
2018-02-28,11.08,11.12,11.03,11.11,10.655745,39700,0.0,1.0
2018-03-01,11.04,11.12,11.03,11.09,10.636563,30500,0.0,1.0
2018-03-02,10.96,11.04,10.96,11.0,10.550243,26700,0.0,1.0
2018-03-05,10.91,10.98,10.86,10.96,10.511878999999999,104700,0.0,1.0
2018-03-06,10.92,11.09,10.9,11.09,10.636563,47900,0.0,1.0
2018-03-07,11.09,11.09,10.98,11.05,10.598199000000001,30200,0.0,1.0
2018-03-08,11.01,11.06,11.0,11.06,10.60779,35700,0.0,1.0
2018-03-09,10.99,11.06,10.99,11.06,10.60779,19000,0.0,1.0
2018-03-12,11.04,11.06,10.99,11.06,10.60779,28800,0.0,1.0
2018-03-13,11.02,11.07,11.01,11.07,10.617381,40800,0.0,1.0
2018-03-14,11.04,11.07,10.97,11.06,10.60779,30500,0.0,1.0
2018-03-15,11.0,11.03,10.97,11.0,10.550243,26300,0.0,1.0
2018-03-16,10.96,11.01,10.95,11.01,10.559834,24200,0.0,1.0
2018-03-19,10.95,10.97,10.86,10.96,10.511878999999999,53000,0.0,1.0
2018-03-20,10.86,10.95,10.82,10.87,10.425557000000001,39000,0.0,1.0
2018-03-21,10.76,10.81,10.74,10.78,10.402398,32200,0.066,1.0
2018-03-22,10.71,10.79,10.71,10.79,10.412048,34500,0.0,1.0
2018-03-23,10.79,10.8,10.71,10.78,10.402398,21400,0.0,1.0
2018-03-26,10.75,10.77,10.69,10.77,10.39275,39800,0.0,1.0
2018-03-27,10.82,10.82,10.68,10.79,10.412048,52700,0.0,1.0
2018-03-28,10.69,10.8,10.69,10.8,10.421698,17300,0.0,1.0
2018-03-29,10.82,10.88,10.74,10.86,10.479596,67000,0.0,1.0
2018-04-02,10.86,10.86,10.75,10.79,10.412048,36700,0.0,1.0
2018-04-03,10.81,10.84,10.75,10.8,10.421698,28700,0.0,1.0
2018-04-04,10.71,10.79,10.71,10.78,10.402398,26500,0.0,1.0
2018-04-05,10.77,10.83,10.75,10.81,10.431349,33200,0.0,1.0
2018-04-06,10.82,10.87,10.79,10.83,10.450646,51000,0.0,1.0
2018-04-09,10.91,10.91,10.8,10.84,10.460297,41000,0.0,1.0
2018-04-10,10.88,10.92,10.82,10.85,10.469946,62500,0.0,1.0
2018-04-11,10.84,10.97,10.84,10.93,10.547145,46100,0.0,1.0
2018-04-12,10.91,10.98,10.83,10.83,10.450646,53700,0.0,1.0
2018-04-13,10.81,10.95,10.81,10.92,10.537494,31600,0.0,1.0
2018-04-16,10.94,10.97,10.9,10.9,10.518194,9500,0.0,1.0
2018-04-17,10.88,10.93,10.88,10.91,10.527845,24800,0.0,1.0
2018-04-18,10.89,10.95,10.83,10.85,10.469946,32500,0.0,1.0
2018-04-19,10.78,10.86,10.78,10.83,10.450646,21600,0.0,1.0
2018-04-20,10.75,10.8,10.73,10.78,10.466182,40300,0.066,1.0
2018-04-23,10.75,10.78,10.7,10.72,10.407928,34400,0.0,1.0
2018-04-24,10.68,10.78,10.68,10.72,10.407928,30200,0.0,1.0
2018-04-25,10.68,10.77,10.68,10.77,10.456472,22200,0.0,1.0
2018-04-26,10.77,10.78,10.73,10.73,10.417636,24100,0.0,1.0
2018-04-27,10.77,10.8,10.75,10.78,10.466182,8800,0.0,1.0
2018-04-30,10.75,10.76,10.69,10.69,10.378801,37300,0.0,1.0
2018-05-01,10.69,10.79,10.69,10.77,10.456472,33300,0.0,1.0
2018-05-02,10.82,10.82,10.74,10.78,10.466182,15500,0.0,1.0
2018-05-03,10.73,10.78,10.73,10.76,10.446764,13700,0.0,1.0
2018-05-04,10.73,10.78,10.73,10.77,10.456472,12800,0.0,1.0
2018-05-07,10.82,10.84,10.78,10.83,10.514725,28300,0.0,1.0
2018-05-08,10.78,10.82,10.78,10.79,10.47589,11400,0.0,1.0
2018-05-09,10.84,10.84,10.8,10.81,10.495308999999999,9400,0.0,1.0
2018-05-10,10.8,10.83,10.77,10.82,10.505017,29700,0.0,1.0
2018-05-11,10.82,10.85,10.81,10.82,10.505017,9100,0.0,1.0
2018-05-14,10.77,10.82,10.77,10.82,10.505017,9900,0.0,1.0
2018-05-15,10.79,10.81,10.75,10.77,10.456472,17000,0.0,1.0
2018-05-16,10.75,10.79,10.75,10.78,10.466182,21700,0.0,1.0
2018-05-17,10.75,10.8,10.75,10.76,10.446764,14400,0.0,1.0
2018-05-18,10.75,10.79,10.75,10.78,10.466182,3700,0.0,1.0
2018-05-21,10.85,10.85,10.74,10.76,10.446764,43900,0.0,1.0
2018-05-22,10.66,10.7,10.66,10.67,10.423319000000001,20200,0.066,1.0
2018-05-23,10.66,10.7,10.65,10.65,10.403781,20600,0.0,1.0
2018-05-24,10.68,10.7,10.67,10.68,10.433086999999999,16200,0.0,1.0
2018-05-25,10.76,10.76,10.68,10.68,10.433086999999999,17100,0.0,1.0
2018-05-29,10.7,10.74,10.69,10.73,10.481932,18100,0.0,1.0
2018-05-30,10.89,10.89,10.73,10.74,10.491699,20500,0.0,1.0
2018-05-31,10.84,10.84,10.75,10.83,10.579619000000001,40800,0.0,1.0
2018-06-01,10.76,10.85,10.76,10.8,10.550314,30600,0.0,1.0
2018-06-04,10.81,10.82,10.77,10.8,10.550314,32300,0.0,1.0
2018-06-05,10.78,10.81,10.76,10.79,10.540544,25000,0.0,1.0
2018-06-06,10.79,10.8,10.75,10.78,10.530775,39000,0.0,1.0
2018-06-07,10.76,10.8,10.76,10.79,10.540544,14100,0.0,1.0
2018-06-08,10.78,10.81,10.78,10.81,10.560081,24100,0.0,1.0
2018-06-11,10.77,10.81,10.75,10.8,10.550314,29300,0.0,1.0
2018-06-12,10.77,10.78,10.7,10.71,10.462394,25500,0.0,1.0
2018-06-13,10.72,10.76,10.71,10.71,10.462394,25400,0.0,1.0
2018-06-14,10.71,10.75,10.68,10.68,10.433086999999999,27300,0.0,1.0
2018-06-15,10.68,10.73,10.67,10.67,10.423319000000001,28700,0.0,1.0
2018-06-18,10.74,10.76,10.68,10.68,10.433086999999999,31900,0.0,1.0
2018-06-19,10.75,10.75,10.66,10.67,10.423319000000001,21000,0.0,1.0
2018-06-20,10.65,10.68,10.64,10.66,10.413548,27200,0.0,1.0
2018-06-21,10.71,10.71,10.61,10.61,10.429277,23500,0.066,1.0
2018-06-22,10.71,10.71,10.6,10.65,10.468596,26300,0.0,1.0
2018-06-25,10.64,10.67,10.61,10.65,10.468596,23900,0.0,1.0
2018-06-26,10.63,10.63,10.6,10.63,10.448936,15800,0.0,1.0
2018-06-27,10.68,10.75,10.68,10.71,10.527574000000001,53400,0.0,1.0
2018-06-28,10.73,10.74,10.7,10.74,10.557062,19400,0.0,1.0
2018-06-29,10.82,10.82,10.74,10.75,10.566892999999999,23600,0.0,1.0
2018-07-02,10.8,10.82,10.74,10.82,10.6357,26600,0.0,1.0
2018-07-03,10.9,10.92,10.81,10.82,10.6357,10800,0.0,1.0
2018-07-05,10.8,10.83,10.8,10.81,10.625871,28900,0.0,1.0
2018-07-06,10.85,10.87,10.81,10.84,10.655358999999999,19900,0.0,1.0
2018-07-09,10.84,10.84,10.81,10.83,10.64553,16000,0.0,1.0
2018-07-10,10.81,10.85,10.81,10.84,10.655358999999999,28600,0.0,1.0
2018-07-11,10.85,10.9,10.85,10.88,10.694678,23000,0.0,1.0
2018-07-12,10.95,10.95,10.9,10.93,10.743827,27600,0.0,1.0
2018-07-13,10.95,10.95,10.91,10.92,10.733997,18900,0.0,1.0
2018-07-16,10.99,10.99,10.9,10.92,10.733997,62900,0.0,1.0
2018-07-17,10.99,10.99,10.89,10.89,10.704508,65000,0.0,1.0
2018-07-18,10.89,10.9,10.84,10.85,10.665189,75100,0.0,1.0
2018-07-19,10.84,10.86,10.83,10.86,10.675019,50200,0.0,1.0
2018-07-20,10.81,10.89,10.81,10.89,10.704508,21400,0.0,1.0
2018-07-23,10.9,10.9,10.82,10.88,10.759889999999999,37900,0.066,1.0
2018-07-24,11.01,11.35,11.0,11.35,11.224701,321000,0.0,1.0
2018-07-25,11.4,11.61,11.23,11.55,11.422494,237600,0.0,1.0
2018-07-26,11.54,11.61,11.47,11.59,11.462052,67900,0.0,1.0
2018-07-27,11.7,11.8,11.6,11.7,11.570837,87800,0.0,1.0
2018-07-30,11.61,11.61,11.51,11.56,11.432383,83300,0.0,1.0
2018-07-31,11.67,11.7,11.6,11.68,11.551058,69800,0.0,1.0
2018-08-01,11.63,11.74,11.58,11.74,11.610394,35700,0.0,1.0
2018-08-02,11.77,11.77,11.7,11.7,11.570837,26300,0.0,1.0
2018-08-03,11.77,11.79,11.61,11.64,11.511499,44900,0.0,1.0
2018-08-06,11.79,11.83,11.63,11.79,11.659842999999999,86000,0.0,1.0
2018-08-07,11.84,11.85,11.8,11.8,11.669734,40600,0.0,1.0
2018-08-08,11.8,11.82,11.6,11.6,11.471941000000001,42000,0.0,1.0
2018-08-09,11.77,11.77,11.63,11.67,11.541167999999999,38100,0.0,1.0
2018-08-10,11.72,11.76,11.68,11.68,11.551058,30300,0.0,1.0
2018-08-13,11.8,11.9,11.75,11.84,11.709292,65100,0.0,1.0
2018-08-14,11.84,11.99,11.84,11.9,11.768628999999999,54900,0.0,1.0
2018-08-15,11.97,11.99,11.9,11.96,11.827967,28300,0.0,1.0
2018-08-16,11.98,11.98,11.78,11.79,11.659842999999999,53600,0.0,1.0
2018-08-17,11.76,11.9,11.76,11.79,11.659842999999999,39400,0.0,1.0
2018-08-20,11.94,11.94,11.8,11.83,11.699402000000001,28200,0.0,1.0
2018-08-21,11.83,12.04,11.83,11.99,11.857635,27400,0.0,1.0
2018-08-22,11.82,12.04,11.82,12.04,11.907084,56200,0.0,1.0
2018-08-23,12.04,12.04,11.97,11.97,11.903107,22100,0.066,1.0
2018-08-24,12.04,12.04,11.93,11.96,11.893162,24100,0.0,1.0
2018-08-27,12.0,12.0,11.93,11.94,11.873273,23200,0.0,1.0
2018-08-28,12.0,12.0,11.93,11.93,11.86333,17300,0.0,1.0
2018-08-29,11.99,11.99,11.93,11.95,11.883218,17500,0.0,1.0
2018-08-30,11.96,12.0,11.94,12.0,11.932939,30800,0.0,1.0
2018-08-31,12.0,12.0,11.95,12.0,11.932939,17000,0.0,1.0
2018-09-04,11.97,12.0,11.95,11.98,11.91305,21300,0.0,1.0
2018-09-05,12.01,12.04,11.97,12.04,11.972714,22900,0.0,1.0
2018-09-06,11.96,11.98,11.94,11.97,11.903107,18700,0.0,1.0
2018-09-07,11.95,11.97,11.93,11.94,11.873273,28600,0.0,1.0
2018-09-10,11.94,11.94,11.89,11.91,11.843441,18400,0.0,1.0
2018-09-11,11.89,11.96,11.89,11.93,11.86333,13800,0.0,1.0
2018-09-12,11.93,11.98,11.93,11.96,11.893162,9900,0.0,1.0
2018-09-13,12.09,12.09,11.98,12.04,11.972714,18100,0.0,1.0
2018-09-14,11.99,12.06,11.99,11.99,11.922994000000001,5500,0.0,1.0
2018-09-17,11.99,12.02,11.85,11.91,11.843441,18800,0.0,1.0
2018-09-18,11.88,11.91,11.88,11.88,11.813609,15400,0.0,1.0
2018-09-19,11.99,11.99,11.81,11.81,11.744,16400,0.0,1.0
2018-09-20,11.79,11.82,11.64,11.64,11.64,57000,0.066,1.0
2018-09-21,11.67,11.67,11.51,11.51,11.51,25900,0.0,1.0
2018-09-24,11.63,11.63,11.5,11.52,11.52,50100,0.0,1.0
2018-09-25,11.68,11.68,11.53,11.57,11.57,12300,0.0,1.0
2018-09-26,11.54,11.57,11.48,11.48,11.48,41500,0.0,1.0
2018-09-27,11.5,11.52,11.48,11.51,11.51,34400,0.0,1.0
2018-09-28,11.68,11.68,11.61,11.64,11.64,21300,0.0,1.0
2018-10-01,11.55,11.6,11.53,11.54,11.54,26600,0.0,1.0
2018-10-02,11.52,11.55,11.52,11.54,11.54,7300,0.0,1.0
2018-10-03,11.53,11.57,11.49,11.51,11.51,15200,0.0,1.0
2018-10-04,11.46,11.54,11.37,11.39,11.39,82100,0.0,1.0
2018-10-05,11.5,11.5,11.36,11.36,11.36,34400,0.0,1.0
2018-10-08,11.36,11.39,11.31,11.39,11.39,22100,0.0,1.0
2018-10-09,11.35,11.44,11.33,11.44,11.44,16600,0.0,1.0
2018-10-10,11.34,11.34,11.11,11.14,11.14,45100,0.0,1.0
2018-10-11,11.1,11.35,11.1,11.35,11.35,24900,0.0,1.0
