date,Open,High,Low,Close,Adj Close,Volume,Dividends,Stock Splits
2015-12-17,25.030001000000002,25.030001000000002,24.98,24.98,24.829367,17100,0.0,1.0
2015-12-18,24.98,24.98,24.98,24.98,24.829367,0,0.0,1.0
2015-12-21,25.01,25.01,25.01,25.01,24.859185999999998,0,0.0,1.0
2015-12-22,25.01,25.01,25.01,25.01,24.859185999999998,0,0.0,1.0
2015-12-23,25.01,25.01,25.01,25.01,24.859185999999998,0,0.0,1.0
2015-12-24,25.01,25.01,25.01,25.01,24.859185999999998,0,0.0,1.0
2015-12-28,25.01,25.01,25.01,25.01,24.859185999999998,0,0.0,1.0
2015-12-29,25.01,25.01,25.01,25.01,24.859185999999998,0,0.0,1.0
2015-12-30,25.030001000000002,25.040001,25.030001000000002,25.030001000000002,24.879066,3500,0.0,1.0
2015-12-31,25.030001000000002,25.030001000000002,25.030001000000002,25.030001000000002,24.879066,0,0.0,1.0
2016-01-04,25.034,25.034,25.034,25.034,24.883041,0,0.0,1.0
2016-01-05,25.030001000000002,25.040001,25.028999,25.028999,24.878071,3900,0.0,1.0
2016-01-06,25.030001000000002,25.040001,25.028999,25.028999,24.878071,10600,0.0,1.0
2016-01-07,25.028999,25.028999,25.028999,25.028999,24.878071,0,0.0,1.0
2016-01-08,25.049999,25.059998999999998,25.049999,25.059998999999998,24.908884,2200,0.0,1.0
2016-01-11,25.030001000000002,25.030001000000002,25.030001000000002,25.030001000000002,24.879066,1800,0.0,1.0
2016-01-12,25.030001000000002,25.030001000000002,25.030001000000002,25.030001000000002,24.879066,0,0.0,1.0
2016-01-13,25.059998999999998,25.059998999999998,25.004998999999998,25.004998999999998,24.854216,700,0.0,1.0
2016-01-14,25.016001,25.016001,25.016001,25.016001,24.86515,1000,0.0,1.0
2016-01-15,25.025999,25.059998999999998,25.025999,25.059998999999998,24.908884,4100,0.0,1.0
2016-01-19,25.059998999999998,25.059998999999998,25.059998999999998,25.059998999999998,24.908884,0,0.0,1.0
2016-01-20,25.02,25.030001000000002,25.02,25.02,24.869125,37800,0.0,1.0
2016-01-21,25.02,25.059998999999998,24.969998999999998,25.059998999999998,24.908884,94200,0.0,1.0
2016-01-22,25.02,27.860001,24.99,25.059998999999998,24.908884,42400,0.0,1.0
2016-01-25,25.02,25.059998999999998,24.988001,25.02,24.869125,28500,0.0,1.0
2016-01-26,25.02,25.059998999999998,25.02,25.02,24.869125,49200,0.0,1.0
2016-01-27,25.02,25.059998999999998,25.02,25.040001,24.889006,12400,0.0,1.0
2016-01-28,25.059998999999998,25.059998999999998,24.985001,25.013,24.862169,24000,0.0,1.0
2016-01-29,25.018,25.059998999999998,24.995001000000002,25.006001,24.855210999999997,27000,0.0,1.0
2016-02-01,25.27,25.27,25.02,25.049999,24.898945,14500,0.0,1.0
2016-02-02,25.059998999999998,25.059998999999998,24.99,25.02,24.869125,65200,0.0,1.0
2016-02-03,25.0,25.049999,24.969998999999998,25.01,24.859185999999998,17200,0.0,1.0
2016-02-04,25.02,25.049999,24.981001000000003,25.02,24.869125,29600,0.0,1.0
2016-02-05,25.017,25.018998999999997,25.007998999999998,25.007998999999998,24.857197,1000,0.0,1.0
2016-02-08,25.120001000000002,25.120001000000002,25.02,25.030001000000002,24.879066,5000,0.0,1.0
2016-02-09,25.049999,25.049999,24.98,25.02,24.869125,8700,0.0,1.0
2016-02-10,25.018,25.018,24.98,24.98,24.829367,800,0.0,1.0
2016-02-11,25.08,25.08,25.02,25.02,24.869125,1200,0.0,1.0
2016-02-12,25.02,25.02,25.02,25.02,24.869125,0,0.0,1.0
2016-02-16,24.993,25.049999,24.98,25.02,24.869125,9100,0.0,1.0
2016-02-17,25.02,25.030001000000002,24.990999,25.02,24.869125,6700,0.0,1.0
2016-02-18,25.034,25.049999,24.969998999999998,25.049999,24.898945,3200,0.0,1.0
2016-02-19,25.018998999999997,25.018998999999997,25.003,25.003,24.852228,400,0.0,1.0
2016-02-22,25.01,25.01,25.007,25.01,24.859185999999998,5500,0.0,1.0
2016-02-23,25.002001,25.01,24.996,24.996,24.845270000000003,2000,0.0,1.0
2016-02-24,25.01,25.01,25.01,25.01,24.859185999999998,200,0.0,1.0
2016-02-25,25.01,25.01,24.997,25.01,24.859185999999998,5000,0.0,1.0
2016-02-26,25.01,25.01,25.0,25.01,24.859185999999998,9000,0.0,1.0
2016-02-29,25.01,25.01,24.969998999999998,25.0,24.849247000000002,2700,0.0,1.0
2016-03-01,25.002001,25.01,24.996,25.01,24.859185999999998,13100,0.0,1.0
2016-03-02,25.01,25.01,25.0,25.01,24.859185999999998,1200,0.0,1.0
2016-03-03,25.01,25.01,25.01,25.01,24.859185999999998,1800,0.0,1.0
2016-03-04,25.01,25.01,25.01,25.01,24.859185999999998,6400,0.0,1.0
2016-03-07,25.0,25.01,24.983999,25.007,24.856205,11500,0.0,1.0
2016-03-08,25.01,25.01,25.0,25.01,24.859185999999998,4000,0.0,1.0
2016-03-09,25.386,25.448999,24.978001000000003,25.01,24.859185999999998,2800,0.0,1.0
2016-03-10,25.006001,25.01,25.002001,25.002001,24.851233999999998,6400,0.0,1.0
2016-03-11,25.01,25.01,25.007,25.01,24.859185999999998,1800,0.0,1.0
2016-03-14,24.969998999999998,25.01,24.969998999999998,25.01,24.859185999999998,300,0.0,1.0
2016-03-15,25.049999,25.049999,24.978001000000003,25.01,24.859185999999998,7000,0.0,1.0
2016-03-16,25.009001,25.01,25.009001,25.01,24.859185999999998,2100,0.0,1.0
2016-03-17,25.01,25.01,25.007,25.01,24.859185999999998,3400,0.0,1.0
2016-03-18,25.01,25.01,25.007,25.01,24.859185999999998,1100,0.0,1.0
2016-03-21,25.0,25.0,25.0,25.0,24.849247000000002,17700,0.0,1.0
2016-03-22,24.709999,25.0,24.709999,24.997999,24.847258,1800,0.0,1.0
2016-03-23,25.0,25.0,24.99,25.0,24.849247000000002,7700,0.0,1.0
2016-03-24,25.0,25.0,24.997,25.0,24.849247000000002,3500,0.0,1.0
2016-03-28,25.0,25.0,25.0,25.0,24.849247000000002,800,0.0,1.0
2016-03-29,24.99,24.99,24.959999,24.99,24.839306,1400,0.0,1.0
2016-03-30,25.0,25.0,24.979,25.0,24.849247000000002,10300,0.0,1.0
2016-03-31,24.996,25.0,24.959999,25.0,24.849247000000002,6000,0.0,1.0
2016-04-01,25.0,25.0,24.959999,25.0,24.849247000000002,4900,0.0,1.0
2016-04-04,25.25,25.459999,24.996,25.0,24.849247000000002,4000,0.0,1.0
2016-04-05,24.987,25.0,24.987,25.0,24.849247000000002,900,0.0,1.0
2016-04-06,25.0,25.0,24.997999,24.997999,24.847258,4300,0.0,1.0
2016-04-07,25.0,25.219998999999998,25.0,25.219998999999998,25.067919,2300,0.0,1.0
2016-04-08,25.0,25.0,24.950001,25.0,24.849247000000002,8900,0.0,1.0
2016-04-11,25.0,25.0,24.959999,24.973,24.822409,3100,0.0,1.0
2016-04-12,25.0,25.0,24.959999,25.0,24.849247000000002,3200,0.0,1.0
2016-04-13,25.0,25.0,24.983999,24.983999,24.833342000000002,14200,0.0,1.0
2016-04-14,25.0,25.0,24.995001000000002,24.995001000000002,24.844278,4400,0.0,1.0
2016-04-15,24.950001,24.996,24.950001,24.950001,24.799549,3400,0.0,1.0
2016-04-18,25.0,25.0,24.93,24.966998999999998,24.816444,17900,0.0,1.0
2016-04-19,25.0,25.0,24.996,24.996,24.845270000000003,2300,0.0,1.0
2016-04-20,24.999001,25.0,24.983999,24.99,24.839306,3600,0.0,1.0
2016-04-21,24.99,25.01,24.99,25.0,24.849247000000002,12100,0.0,1.0
2016-04-22,25.0,25.0,24.990999,24.996,24.845270000000003,4700,0.0,1.0
2016-04-25,24.955,25.0,24.955,25.0,24.849247000000002,15700,0.0,1.0
2016-04-26,25.0,25.0,24.964001,25.0,24.849247000000002,11800,0.0,1.0
2016-04-27,24.950001,24.99,24.950001,24.99,24.839306,3400,0.0,1.0
2016-04-28,25.0,25.0,24.974001,25.0,24.849247000000002,700,0.0,1.0
2016-04-29,25.0,25.0,24.959,25.0,24.849247000000002,4000,0.0,1.0
2016-05-02,24.996,25.0,24.954,25.0,24.849247000000002,4800,0.0,1.0
2016-05-03,24.950001,25.0,24.950001,24.995001000000002,24.844278,4500,0.0,1.0
2016-05-04,24.986,25.0,24.959999,24.959999,24.809486,4400,0.0,1.0
2016-05-05,24.950001,25.0,24.950001,24.995001000000002,24.844278,8700,0.0,1.0
2016-05-06,25.0,25.0,24.969998999999998,24.973,24.822409,2500,0.0,1.0
2016-05-09,24.99,24.99,24.959999,24.99,24.839306,2700,0.0,1.0
2016-05-10,24.99,24.99,24.971001,24.971001,24.820421,1300,0.0,1.0
2016-05-11,24.99,24.99,24.99,24.99,24.839306,300,0.0,1.0
2016-05-12,24.945,24.966,24.945,24.945999,24.79557,600,0.0,1.0
2016-05-13,24.99,24.99,24.969998999999998,24.986,24.835331,1700,0.0,1.0
2016-05-16,24.987,24.99,24.950001,24.99,24.839306,8800,0.0,1.0
2016-05-17,24.99,24.99,24.950001,24.954,24.803524,3600,0.0,1.0
2016-05-18,25.021,25.030001000000002,25.02,25.030001000000002,24.879066,800,0.0,1.0
2016-05-19,24.99,24.99,24.944,24.945,24.794579000000002,6300,0.0,1.0
2016-05-20,24.99,24.99,24.940001000000002,24.986,24.835331,8200,0.0,1.0
2016-05-23,24.99,24.99,24.99,24.99,24.839306,1200,0.0,1.0
2016-05-24,24.98,24.99,24.954,24.988001,24.837320000000002,4600,0.0,1.0
2016-05-25,24.99,24.99,24.983999,24.99,24.839306,1600,0.0,1.0
2016-05-26,24.99,24.99,24.98,24.99,24.839306,7100,0.0,1.0
2016-05-27,24.99,24.99,24.98,24.989,24.838312,1500,0.0,1.0
2016-05-31,24.99,24.99,24.98,24.989,24.838312,8400,0.0,1.0
2016-06-01,24.99,24.99,24.945,24.985001,24.834336999999998,18100,0.0,1.0
2016-06-02,24.99,24.99,24.945,24.99,24.839306,1300,0.0,1.0
2016-06-03,25.299999,25.299999,25.285999,25.285999,25.133522,2100,0.0,1.0
2016-06-06,25.35,25.360001,25.278999,25.295,25.142467,3800,0.0,1.0
2016-06-07,25.611,25.620001000000002,25.52,25.547001,25.392948,31800,0.0,1.0
2016-06-08,25.5,25.6,25.5,25.576,25.421774,2800,0.0,1.0
2016-06-09,24.73,24.790001,24.639999,24.787001,24.637531,3800,0.0,1.0
2016-06-10,24.59,24.59,23.879998999999998,23.9,23.755878,2400,0.0,1.0
2016-06-13,24.280001000000002,24.280001000000002,23.459999,23.48,23.338410999999997,6200,0.0,1.0
2016-06-14,23.09,23.09,23.004,23.01,22.871246,4000,0.0,1.0
2016-06-15,23.18,23.34,23.18,23.254998999999998,23.114769,1000,0.0,1.0
2016-06-16,22.719998999999998,23.17,22.709999,23.129998999999998,22.990522,17900,0.0,1.0
2016-06-17,23.105,23.110001,23.003,23.049999,22.911005,4700,0.0,1.0
2016-06-20,22.82,22.82,22.775,22.813,22.675434,2200,0.0,1.0
2016-06-21,22.4,22.82,22.4,22.794001,22.656549,2600,0.0,1.0
2016-06-22,22.82,22.82,22.809998999999998,22.82,22.682392,12700,0.0,1.0
2016-06-23,22.82,22.82,22.784,22.82,22.682392,9200,0.0,1.0
2016-06-24,22.73,22.82,22.73,22.802,22.664501,6700,0.0,1.0
2016-06-27,22.813,22.813,22.620001000000002,22.799999,22.662512,21200,0.0,1.0
2016-06-28,22.802,22.809998999999998,22.778,22.809998999999998,22.672451000000002,4800,0.0,1.0
2016-06-29,22.790001,22.790001,22.735001,22.745001000000002,22.607845,3000,0.0,1.0
2016-06-30,22.785,22.790001,22.73,22.784,22.64661,10800,0.0,1.0
2016-07-01,22.49,22.74,22.49,22.709999,22.573055,159500,0.0,1.0
2016-07-05,22.77,22.77,22.728001000000003,22.757998999999998,22.620766,59900,0.0,1.0
2016-07-06,23.0,23.0,22.756001,22.76,22.622754999999998,2100,0.0,1.0
2016-07-07,22.746,22.746,22.746,22.746,22.608839,400,0.0,1.0
2016-07-08,22.76,22.76,22.724001,22.724001,22.586971,3500,0.0,1.0
2016-07-11,22.719998999999998,22.76,22.719998999999998,22.76,22.622754999999998,1400,0.0,1.0
2016-07-12,22.724001,22.76,22.724001,22.76,22.622754999999998,3500,0.0,1.0
2016-07-13,22.750999,22.76,22.750999,22.757,22.619772,1700,0.0,1.0
2016-07-14,22.759001,22.76,22.754998999999998,22.76,22.622754999999998,900,0.0,1.0
2016-07-15,22.754,22.756001,22.754,22.756001,22.618778,2600,0.0,1.0
2016-07-18,22.718,22.768998999999997,22.690001000000002,22.76,22.622754999999998,4000,0.0,1.0
2016-07-19,22.76,22.76,22.709999,22.709999,22.573055,33500,0.0,1.0
2016-07-20,22.76,22.76,22.735001,22.76,22.622754999999998,9700,0.0,1.0
2016-07-21,22.73,22.756001,22.728001000000003,22.754998999999998,22.617783,1100,0.0,1.0
2016-07-22,22.750999,22.76,22.715,22.715,22.578026,8400,0.0,1.0
2016-07-25,22.709999,22.76,22.709999,22.76,22.622754999999998,5200,0.0,1.0
2016-07-26,22.768998999999997,22.768998999999997,22.726,22.743999,22.60685,6100,0.0,1.0
2016-07-27,22.76,22.76,22.76,22.76,22.622754999999998,900,0.0,1.0
2016-07-28,23.219998999999998,23.219998999999998,22.709999,22.74,22.602875,18800,0.0,1.0
2016-07-29,22.76,22.76,22.754998999999998,22.76,22.622754999999998,10200,0.0,1.0
2016-08-01,22.709999,22.76,22.709999,22.76,22.622754999999998,4300,0.0,1.0
2016-08-02,22.459999,22.459999,22.41,22.424,22.28878,2000,0.0,1.0
2016-08-03,22.280001000000002,22.290001,22.27,22.290001,22.155588,3500,0.0,1.0
2016-08-04,22.347,22.365,22.347,22.362,22.227154000000002,1100,0.0,1.0
2016-08-05,22.459999,22.459999,22.459999,22.459999,22.324562,500,0.0,1.0
2016-08-08,22.620001000000002,22.66,22.610001,22.66,22.523357,5100,0.0,1.0
2016-08-09,22.719998999999998,23.02,22.719998999999998,23.01,22.871246,4600,0.0,1.0
2016-08-10,23.030001000000002,23.030001000000002,23.030001000000002,23.030001000000002,22.891126999999997,2100,0.0,1.0
2016-08-11,23.370001000000002,23.379998999999998,23.34,23.372999,23.232058,6900,0.0,1.0
2016-08-12,23.459999,23.459999,23.211,23.336,23.195282000000002,3400,0.0,1.0
2016-08-15,23.77,23.77,23.341,23.51,23.368231,10500,0.0,1.0
2016-08-16,23.351999,23.545,23.329,23.5,23.358292000000002,4300,0.0,1.0
2016-08-17,23.032,23.41,23.031,23.354,23.213173,10200,0.0,1.0
2016-08-18,23.15,23.459999,23.15,23.450001,23.308594,4900,0.0,1.0
2016-08-19,23.209999,23.309998999999998,23.120001000000002,23.309998999999998,23.169437,6900,0.0,1.0
2016-08-22,23.16,23.264,23.112,23.246,23.105824,6400,0.0,1.0
2016-08-23,23.483,23.483,23.34,23.34,23.199257,3100,0.0,1.0
2016-08-24,23.4,23.459999,23.309998999999998,23.370001000000002,23.229076,3400,0.0,1.0
2016-08-25,23.549999,23.58,23.200001,23.35,23.209196,19600,0.0,1.0
2016-08-26,23.483,23.483,22.938999,22.999001,22.860313,3000,0.0,1.0
2016-08-29,23.139999,23.209999,23.030001000000002,23.049999,22.911005,57300,0.0,1.0
2016-08-30,23.152,23.309,23.152,23.176001,23.036245,6000,0.0,1.0
2016-08-31,23.18,23.18,23.18,23.18,23.040222,200,0.0,1.0
2016-09-01,23.110001,23.33,23.110001,23.15,23.010403,6700,0.0,1.0
2016-09-02,23.559998999999998,23.559998999999998,23.41,23.41,23.268835,5700,0.0,1.0
2016-09-06,23.688,23.688,23.555,23.625,23.482538,1100,0.0,1.0
2016-09-07,23.98,23.98,23.639999,23.639999,23.497446,3800,0.0,1.0
2016-09-08,23.83,23.84,23.83,23.84,23.696241,2300,0.0,1.0
2016-09-09,23.610001,23.610001,23.275,23.360001,23.219137,6100,0.0,1.0
2016-09-12,23.190001000000002,23.443001000000002,23.171,23.443001000000002,23.301636,2100,0.0,1.0
2016-09-13,23.190001000000002,23.190001000000002,22.92,22.927,22.788748000000002,4500,0.0,1.0
2016-09-14,23.07,23.07,22.905001000000002,22.905001000000002,22.76688,400,0.0,1.0
2016-09-15,22.92,23.128,22.76,23.128,22.988535,3400,0.0,1.0
2016-09-16,22.889999,22.889999,22.684998999999998,22.684998999999998,22.548206,1400,0.0,1.0
2016-09-19,22.98,22.98,22.844998999999998,22.865,22.727121,1500,0.0,1.0
2016-09-20,22.950001,22.965,22.752001,22.940001000000002,22.801668,4900,0.0,1.0
2016-09-21,22.959999,23.594998999999998,22.620001000000002,23.594998999999998,23.452719000000002,4100,0.0,1.0
2016-09-22,23.879998999999998,24.09,23.815001000000002,23.860001,23.716122,5400,0.0,1.0
2016-09-23,23.91,23.91,23.780001000000002,23.83,23.686301999999998,2800,0.0,1.0
2016-09-26,23.639999,23.639999,23.4,23.469998999999998,23.328472,6500,0.0,1.0
2016-09-27,23.440001000000002,23.440001000000002,23.35,23.43,23.288713,5500,0.0,1.0
2016-09-28,23.583,23.719998999999998,23.450001,23.549999,23.407989999999998,28300,0.0,1.0
2016-09-29,23.479,23.48,23.4,23.48,23.338410999999997,2400,0.0,1.0
2016-09-30,23.860001,23.860001,23.559998999999998,23.809998999999998,23.666422,1200,0.0,1.0
2016-10-03,23.698,23.700001,23.68,23.700001,23.557087,1400,0.0,1.0
2016-10-04,23.809998999999998,23.809998999999998,23.702,23.74,23.596844,3700,0.0,1.0
2016-10-05,23.889999,25.440001000000002,23.73,23.879998999999998,23.736,2900,0.0,1.0
2016-10-06,23.796,24.1,23.724001,23.724001,23.580942,5900,0.0,1.0
2016-10-07,23.610001,23.65,23.455,23.639999,23.497446,3800,0.0,1.0
2016-10-10,23.780001000000002,23.780001000000002,23.780001000000002,23.780001000000002,23.636604000000002,2100,0.0,1.0
2016-10-11,23.459999,23.469998999999998,23.4,23.400999,23.259888,8000,0.0,1.0
2016-10-12,23.33,23.379998999999998,23.33,23.34,23.199257,1000,0.0,1.0
2016-10-13,22.59,22.59,22.59,22.59,22.453779,300,0.0,1.0
2016-10-14,23.530001000000002,23.530001000000002,23.257998999999998,23.360001,23.219137,4800,0.0,1.0
2016-10-17,22.983999,23.120001000000002,22.905001000000002,22.943001000000002,22.804651,1100,0.0,1.0
2016-10-18,23.514,23.620001000000002,23.291,23.291,23.150553,900,0.0,1.0
2016-10-19,22.85,23.577,22.85,23.577,23.434828,2600,0.0,1.0
2016-10-20,23.790001,23.790001,23.549999,23.68,23.537207000000002,5100,0.0,1.0
2016-10-21,22.290001,23.51,22.290001,23.51,23.368231,5400,0.0,1.0
2016-10-24,23.639999,23.639999,23.304001,23.639999,23.497446,700,0.0,1.0
2016-10-25,23.360001,23.58,23.200001,23.200001,23.060101,900,0.0,1.0
2016-10-26,23.122999,23.471001,23.122999,23.316,23.175402,600,0.0,1.0
2016-10-27,23.549999,23.59,23.15,23.540001,23.398052,20300,0.0,1.0
2016-10-28,23.212999,23.212999,23.212999,23.212999,23.073021,400,0.0,1.0
2016-10-31,23.549999,23.559998999999998,23.466998999999998,23.549999,23.407989999999998,3000,0.0,1.0
2016-11-01,23.59,23.59,23.429001,23.450001,23.308594,1800,0.0,1.0
2016-11-02,22.83,23.208,22.83,22.951,22.812603,81100,0.0,1.0
2016-11-03,22.854,23.153,22.854,23.009001,22.870252999999998,2000,0.0,1.0
2016-11-04,22.948,22.948,22.695,22.860001,22.722151,4300,0.0,1.0
2016-11-07,23.01,23.24,22.815001000000002,23.24,23.099859,2800,0.0,1.0
2016-11-08,23.200001,23.200001,22.98,23.024,22.885162,900,0.0,1.0
2016-11-09,22.785,23.42,22.785,23.014999,22.876215,3400,0.0,1.0
2016-11-10,23.176001,23.176001,23.091998999999998,23.091998999999998,22.952751,1900,0.0,1.0
2016-11-11,22.966,22.966,22.882998999999998,22.936001,22.797693,400,0.0,1.0
2016-11-14,22.455,22.603001000000003,22.358,22.535,22.399110999999998,16900,0.0,1.0
2016-11-15,22.629,22.790001,22.621,22.777,22.639651999999998,1900,0.0,1.0
2016-11-16,22.57,22.57,22.406,22.52,22.384201,2500,0.0,1.0
2016-11-17,22.525,22.535,22.525,22.535,22.399110999999998,1200,0.0,1.0
2016-11-18,22.073,22.339001,22.003,22.003,21.870319,2500,0.0,1.0
2016-11-21,22.299999,22.530001000000002,22.290001,22.530001000000002,22.394142000000002,1000,0.0,1.0
2016-11-22,22.612,22.612,22.219998999999998,22.280001000000002,22.145649,2800,0.0,1.0
2016-11-23,22.377001,22.377001,22.377001,22.377001,22.242064000000003,100,0.0,1.0
2016-11-25,22.516001,22.516001,22.516001,22.516001,22.380226,200,0.0,1.0
2016-11-28,22.285999,22.334999,22.027,22.055,21.922005,1600,0.0,1.0
2016-11-29,22.65,22.65,22.194,22.26,22.125769000000002,2600,0.0,1.0
2016-11-30,22.461,22.461,22.461,22.461,22.325557999999997,1100,0.0,1.0
2016-12-01,22.424999,22.49,22.424999,22.49,22.354382,2500,0.0,1.0
2016-12-02,22.409,22.409,22.409,22.409,22.273870000000002,100,0.0,1.0
2016-12-05,22.525999,22.934998999999998,22.525999,22.934998999999998,22.796698000000003,2000,0.0,1.0
2016-12-06,23.016001,23.122999,22.995001000000002,22.995001000000002,22.856339000000002,1100,0.0,1.0
2016-12-07,23.43,23.559998999999998,23.305,23.347,23.206215,2400,0.0,1.0
2016-12-08,23.32,23.559998999999998,23.32,23.462999,23.321514,3500,0.0,1.0
2016-12-09,23.459999,23.469998999999998,23.305,23.459999,23.318531,1100,0.0,1.0
2016-12-12,23.478001000000003,23.68,23.459999,23.464001,23.32251,2000,0.0,1.0
2016-12-13,23.799999,23.940001000000002,23.722,23.771,23.627657,16600,0.0,1.0
2016-12-14,23.783001000000002,23.83,23.459999,23.459999,23.318531,4800,0.0,1.0
2016-12-15,23.455,23.461,23.121,23.461,23.319526999999997,2100,0.0,1.0
2016-12-16,23.629998999999998,23.629998999999998,23.530001000000002,23.608999,23.466632999999998,1200,0.0,1.0
2016-12-19,23.690001000000002,23.690001000000002,23.483,23.483,23.341394,700,0.0,1.0
2016-12-20,23.556,23.6,23.549999,23.6,23.457689000000002,5100,0.0,1.0
2016-12-21,23.76,23.783001000000002,23.615999,23.76,23.616723999999998,11000,0.0,1.0
2016-12-22,23.739,23.739,23.434,23.709999,23.567024,2600,0.0,1.0
2016-12-23,23.83,23.83,23.77,23.77,23.626663,2000,0.0,1.0
2016-12-27,23.91,23.91,23.84,23.889999,23.745939,800,0.0,1.0
2016-12-28,23.6,23.6,23.569,23.569,23.426876,1600,0.0,1.0
2016-12-29,23.860001,23.870001000000002,23.780001000000002,23.825001,23.681334,10900,0.0,1.0
2016-12-30,24.01,24.01,23.879998999999998,23.959999,23.815517,3600,0.0,1.0
2017-01-03,24.0,24.0,23.816999,23.978001000000003,23.83341,3100,0.0,1.0
2017-01-04,23.968,24.0,23.926001,24.0,23.855276,1700,0.0,1.0
2017-01-05,24.243999,24.450001,24.209999,24.450001,24.302564999999998,4800,0.0,1.0
2017-01-06,24.51,24.51,24.169001,24.33,24.183287,3900,0.0,1.0
2017-01-09,23.805,24.27,23.805,24.27,24.12365,3500,0.0,1.0
2017-01-10,24.290001,24.290001,24.200001,24.290001,24.143528,6100,0.0,1.0
2017-01-11,24.1,24.191,24.1,24.191,24.045123999999998,2100,0.0,1.0
2017-01-12,24.43,24.43,24.274,24.33,24.183287,1100,0.0,1.0
2017-01-13,24.52,24.52,24.379,24.51,24.362202,5300,0.0,1.0
2017-01-17,24.443001000000002,24.48,24.393998999999997,24.393998999999997,24.246901,5900,0.0,1.0
2017-01-18,24.379998999999998,24.379998999999998,24.308001,24.370001000000002,24.223045000000003,900,0.0,1.0
2017-01-19,24.35,24.379998999999998,24.186001,24.379998999999998,24.232985,4800,0.0,1.0
2017-01-20,24.149,24.6,24.149,24.6,24.451658,3200,0.0,1.0
2017-01-23,24.605,24.629998999999998,24.357,24.610001,24.461599,7000,0.0,1.0
2017-01-24,24.610001,24.719998999999998,24.610001,24.700001,24.551056,39300,0.0,1.0
2017-01-25,24.959999,24.959999,24.775999,24.84,24.690212,5000,0.0,1.0
2017-01-26,24.798,24.799999,24.301001,24.34,24.193226,4300,0.0,1.0
2017-01-27,24.370001000000002,24.709999,24.370001000000002,24.461,24.313498000000003,1300,0.0,1.0
2017-01-30,24.122999,24.41,24.122999,24.202999,24.057051,5600,0.0,1.0
2017-01-31,24.559998999999998,24.57,24.320999,24.57,24.421839000000002,14700,0.0,1.0
2017-02-01,24.57,25.34,24.41,24.549999,24.401958,5500,0.0,1.0
2017-02-02,24.76,24.76,24.429001,24.59,24.441719,1800,0.0,1.0
2017-02-03,24.639999,24.666,24.582001,24.666,24.517262,1100,0.0,1.0
2017-02-06,24.330999,24.35,24.139,24.225,24.07892,2100,0.0,1.0
2017-02-07,24.26,24.27,24.26,24.27,24.12365,3800,0.0,1.0
2017-02-08,25.16,25.16,24.097,24.27,24.12365,5100,0.0,1.0
2017-02-09,24.379998999999998,24.43,24.337,24.389999,24.242924,4200,0.0,1.0
2017-02-10,24.290001,24.43,24.261999,24.4,24.252865,21800,0.0,1.0
2017-02-13,24.879998999999998,24.879998999999998,24.52,24.559998999999998,24.4119,700,0.0,1.0
2017-02-14,24.43,24.540001,24.43,24.521998999999997,24.374128,2000,0.0,1.0
2017-02-15,24.48,24.639999,24.409,24.632,24.483465,5700,0.0,1.0
2017-02-16,24.74,24.76,24.669001,24.750999,24.601748,6100,0.0,1.0
2017-02-17,24.58,24.629998999999998,24.556,24.629998999999998,24.481476,1600,0.0,1.0
2017-02-21,24.34,24.65,24.34,24.65,24.501356,4200,0.0,1.0
2017-02-22,24.51,24.73,24.51,24.73,24.580873,3400,0.0,1.0
2017-02-23,24.85,24.85,24.625,24.700001,24.551056,19900,0.0,1.0
2017-02-24,24.52,24.525,24.351,24.459999,24.312502,8700,0.0,1.0
2017-02-27,24.549999,24.629,24.431,24.57,24.421839000000002,12000,0.0,1.0
2017-02-28,24.74,24.77,24.563,24.57,24.421839000000002,6500,0.0,1.0
2017-03-01,24.92,24.959999,24.889999,24.91,24.759789,11200,0.0,1.0
2017-03-02,24.77,24.85,24.761,24.77,24.620634,8500,0.0,1.0
2017-03-03,24.99,25.129998999999998,24.933001,25.129998999999998,24.978462,5700,0.0,1.0
2017-03-06,25.01,25.02,24.870001000000002,25.01,24.859185999999998,3400,0.0,1.0
2017-03-07,24.84,24.919001,24.832001,24.889999,24.739908,5900,0.0,1.0
2017-03-08,24.93,24.940001000000002,24.799999,24.84,24.690212,13000,0.0,1.0
2017-03-09,25.059998999999998,25.110001,24.98,25.110001,24.958584,5500,0.0,1.0
2017-03-10,25.318001000000002,25.450001,25.273001,25.42,25.266714,12500,0.0,1.0
2017-03-13,25.4,25.41,25.32,25.403999,25.250809,2900,0.0,1.0
2017-03-14,25.219998999999998,25.24,25.174,25.18,25.028162,1700,0.0,1.0
2017-03-15,25.1,25.530001000000002,25.1,25.530001000000002,25.376051,7400,0.0,1.0
2017-03-16,25.613001,25.84,25.613001,25.84,25.684181,6300,0.0,1.0
2017-03-17,25.82,25.889999,25.790001,25.860001,25.704062,10600,0.0,1.0
2017-03-20,25.860001,25.889999,25.728001000000003,25.790001,25.634483,5400,0.0,1.0
2017-03-21,26.02,26.02,25.75,25.75,25.594725,6000,0.0,1.0
2017-03-22,25.709999,25.780001000000002,25.65,25.773001,25.617586,19800,0.0,1.0
2017-03-23,25.77,25.889999,25.77,25.84,25.684181,8400,0.0,1.0
2017-03-24,25.98,25.99,25.9,25.950001,25.793518,7700,0.0,1.0
2017-03-27,25.973,26.08,25.973,26.08,25.922732999999997,1600,0.0,1.0
2017-03-28,25.966,26.18,25.966,26.18,26.022130999999998,1900,0.0,1.0
2017-03-29,26.040001,26.120001000000002,25.99,26.120001000000002,25.962494,5100,0.0,1.0
2017-03-30,26.879998999999998,26.879998999999998,26.0,26.0,25.843216,10900,0.0,1.0
2017-03-31,26.0,26.169001,25.91,26.120001000000002,25.962494,5700,0.0,1.0
2017-04-03,26.0,26.01,25.829,26.01,25.853157,4700,0.0,1.0
2017-04-04,25.91,25.989,25.759001,25.978001000000003,25.82135,2700,0.0,1.0
2017-04-05,26.011,26.011,25.91,25.91,25.753759,4300,0.0,1.0
2017-04-06,25.969998999999998,26.0,25.858999,25.99,25.833277,4000,0.0,1.0
2017-04-07,26.15,26.15,25.958,25.958,25.801470000000002,1700,0.0,1.0
2017-04-10,26.0,26.0,25.790001,25.790001,25.634483,1500,0.0,1.0
2017-04-11,27.23,27.23,25.76,25.889999,25.733879,6900,0.0,1.0
2017-04-12,25.83,25.879998999999998,25.638,25.879998999999998,25.72394,1900,0.0,1.0
2017-04-13,25.622,25.663,25.622,25.663,25.508249,2400,0.0,1.0
2017-04-17,25.799999,25.83,25.73,25.73,25.574844,3700,0.0,1.0
2017-04-18,25.639999,25.681,25.5,25.681,25.526139999999998,6700,0.0,1.0
2017-04-19,25.627001,25.729,25.627001,25.655001000000002,25.500298,1600,0.0,1.0
2017-04-20,26.040001,26.070999,25.940001000000002,25.950001,25.793518,8500,0.0,1.0
2017-04-21,25.860001,25.870001000000002,25.716998999999998,25.767,25.611622,3000,0.0,1.0
2017-04-24,26.940001000000002,27.24,26.940001000000002,27.24,27.075739000000002,5500,0.0,1.0
2017-04-25,27.040001,27.49,27.040001,27.441999,27.27652,5200,0.0,1.0
2017-04-26,27.33,27.33,27.23,27.299999,27.135376,4100,0.0,1.0
2017-04-27,27.23,27.26,27.155001000000002,27.26,27.095619,5100,0.0,1.0
2017-04-28,27.35,27.35,27.209999,27.27,27.105558000000002,3700,0.0,1.0
2017-05-01,27.5,28.389999,27.323,28.285999,28.115431,12900,0.0,1.0
2017-05-02,27.49,27.6,27.417999,27.584999,27.418657,5500,0.0,1.0
2017-05-03,27.540001,27.629998999999998,27.486,27.486,27.320255,23500,0.0,1.0
2017-05-04,27.85,28.115,27.85,28.115,27.945463,6300,0.0,1.0
2017-05-05,28.25,28.549999,28.25,28.549999,28.377838,7900,0.0,1.0
2017-05-08,28.110001,28.139999,28.01,28.139999,27.970312,8000,0.0,1.0
2017-05-09,28.139999,28.139999,27.789,27.959999,27.791396999999996,3800,0.0,1.0
2017-05-10,27.785999,28.01,27.785999,28.0,27.831156,14600,0.0,1.0
2017-05-11,27.969998999999998,27.969998999999998,27.67,27.91,27.741699,8000,0.0,1.0
2017-05-12,28.028999,28.18,28.02,28.18,28.010071000000003,7300,0.0,1.0
2017-05-15,28.278999,28.327999,28.278999,28.327999,28.157177,4300,0.0,1.0
2017-05-16,28.65,28.68,28.573,28.67,28.497116,8100,0.0,1.0
2017-05-17,28.620001000000002,28.620001000000002,28.15,28.225,28.0548,13300,0.0,1.0
2017-05-18,28.08,28.18,28.059998999999998,28.18,28.010071000000003,6400,0.0,1.0
2017-05-19,28.469998999999998,28.59,28.469998999999998,28.540001,28.367901,5200,0.0,1.0
2017-05-22,28.666,28.68,28.535,28.65,28.477235999999998,3700,0.0,1.0
2017-05-23,28.74,28.860001,28.6,28.6,28.427538000000002,5600,0.0,1.0
2017-05-24,28.790001,28.799999,28.559998999999998,28.709999,28.536872999999996,20200,0.0,1.0
2017-05-25,28.700001,28.719998999999998,28.627001,28.684,28.511032,10500,0.0,1.0
2017-05-26,28.51,28.629998999999998,28.51,28.6,28.427538000000002,11900,0.0,1.0
2017-05-30,28.559998999999998,28.59,28.447001,28.49,28.318201000000002,6000,0.0,1.0
2017-05-31,28.75,28.75,28.541,28.629998999999998,28.457355,8000,0.0,1.0
2017-06-01,28.719998999999998,28.82,28.65,28.82,28.646212,3900,0.0,1.0
2017-06-02,29.33,29.34,28.809998999999998,28.958,28.783378999999996,16900,0.0,1.0
2017-06-05,29.0,29.0,28.799999,28.892,28.717777,9800,0.0,1.0
2017-06-06,28.799999,28.799999,28.6,28.709,28.535881,9600,0.0,1.0
2017-06-07,28.85,28.85,28.620001000000002,28.809998999999998,28.636271,20600,0.0,1.0
2017-06-08,28.65,28.75,28.52,28.75,28.576633,12000,0.0,1.0
2017-06-09,28.690001000000002,28.809998999999998,28.690001000000002,28.690001000000002,28.516996000000002,7300,0.0,1.0
2017-06-12,28.58,28.58,28.41,28.507998999999998,28.336091999999997,12600,0.0,1.0
2017-06-13,28.75,28.799999,28.51,28.77,28.596514000000003,6500,0.0,1.0
2017-06-14,28.780001000000002,28.780001000000002,28.540001,28.540001,28.367901,8000,0.0,1.0
2017-06-15,28.209999,28.35,28.17,28.35,28.179046999999997,6700,0.0,1.0
2017-06-16,29.389999,29.389999,28.400999,28.65,28.477235999999998,5700,0.0,1.0
2017-06-19,28.528,28.906,28.52,28.82,28.646212,5600,0.0,1.0
2017-06-20,28.59,28.67,28.42,28.57,28.397717999999998,7600,0.0,1.0
2017-06-21,28.5,28.559998999999998,28.290001,28.559998999999998,28.387779,7200,0.0,1.0
2017-06-22,28.355,28.52,28.355,28.448,28.276455,13500,0.0,1.0
2017-06-23,28.459999,28.559,28.275999,28.559,28.386785999999997,8800,0.0,1.0
2017-06-26,28.83,28.85,28.65,28.68,28.507054999999998,6400,0.0,1.0
2017-06-27,28.68,28.74,28.615,28.67,28.497116,12200,0.0,1.0
2017-06-28,28.99,29.077,28.82,28.879998999999998,28.705849,4500,0.0,1.0
2017-06-29,28.870001000000002,28.870001000000002,28.379998999999998,28.379998999999998,28.208864000000002,18400,0.0,1.0
2017-06-30,28.559998999999998,28.559998999999998,28.280001000000002,28.530001000000002,28.357962,8700,0.0,1.0
2017-07-03,28.57,28.59,28.559998999999998,28.59,28.417599,900,0.0,1.0
2017-07-05,28.379998999999998,28.43,28.379,28.42,28.248623,2000,0.0,1.0
2017-07-06,28.370001000000002,28.49,28.114,28.448,28.276455,4700,0.0,1.0
2017-07-07,28.4,28.58,28.379998999999998,28.552999,28.380821,18600,0.0,1.0
2017-07-10,28.549999,28.700001,28.549999,28.690001000000002,28.516996000000002,13900,0.0,1.0
2017-07-11,28.639999,28.82,28.59,28.809998999999998,28.636271,11700,0.0,1.0
2017-07-12,28.9,29.030001000000002,28.819,29.02,28.845005,5100,0.0,1.0
2017-07-13,28.863001,29.01,28.844,29.01,28.835065999999998,5600,0.0,1.0
2017-07-14,29.120001000000002,29.309998999999998,29.059998999999998,29.198999,29.022924,32200,0.0,1.0
2017-07-17,29.120001000000002,29.209999,29.120001000000002,29.184,29.008017,12700,0.0,1.0
2017-07-18,29.27,29.27,28.98,29.139999,28.964281,21500,0.0,1.0
2017-07-19,29.440001000000002,29.440001000000002,29.061001,29.190001000000002,29.013981,10100,0.0,1.0
2017-07-20,29.290001,29.415001,29.200001,29.4,29.222713,7300,0.0,1.0
2017-07-21,29.139999,29.143998999999997,28.870001000000002,29.117001000000002,28.941421999999996,8100,0.0,1.0
2017-07-24,29.0,29.120001000000002,28.791,29.0,28.825127000000002,12500,0.0,1.0
2017-07-25,29.219998999999998,29.334999,28.93,29.190001000000002,29.013981,11400,0.0,1.0
2017-07-26,29.268,29.51,29.25,29.41,29.232653000000003,11100,0.0,1.0
2017-07-27,29.450001,29.450001,29.25,29.34,29.163076,7200,0.0,1.0
2017-07-28,29.33,29.41,29.25,29.379998999999998,29.202833000000002,4500,0.0,1.0
2017-07-31,29.379998999999998,29.43,29.25,29.416,29.238616999999998,5300,0.0,1.0
2017-08-01,29.549999,29.66,29.530001000000002,29.629998999999998,29.451326,6500,0.0,1.0
2017-08-02,29.67,29.700001,29.450001,29.68,29.501026,11800,0.0,1.0
2017-08-03,29.65,29.788,29.610001,29.74,29.560663,5700,0.0,1.0
2017-08-04,29.85,29.85,29.473,29.77,29.590483000000003,8800,0.0,1.0
2017-08-07,29.83,29.85,29.719998999999998,29.799999,29.6203,9300,0.0,1.0
2017-08-08,29.799999,29.879998999999998,29.65,29.698999,29.519910999999997,8500,0.0,1.0
2017-08-09,29.370001000000002,29.52,29.332001,29.502001,29.3241,38700,0.0,1.0
2017-08-10,29.299999,29.299999,29.017,29.1,28.924521999999996,11300,0.0,1.0
2017-08-11,29.09,29.198999,28.809998999999998,29.120001000000002,28.944403,10700,0.0,1.0
2017-08-14,29.219998999999998,29.459999,29.219998999999998,29.43,29.252533000000003,6600,0.0,1.0
2017-08-15,29.108999,29.549999,29.108999,29.51,29.33205,38300,0.0,1.0
2017-08-16,29.75,29.75,29.379998999999998,29.6,29.421509000000004,10400,0.0,1.0
2017-08-17,29.469998999999998,29.65,29.1,29.43,29.252533000000003,8600,0.0,1.0
2017-08-18,29.32,29.549999,29.15,29.299999,29.123316,9000,0.0,1.0
2017-08-21,29.246,29.368999,29.194,29.25,29.073618,30400,0.0,1.0
2017-08-22,29.440001000000002,29.455,29.370001000000002,29.413,29.235636,6700,0.0,1.0
2017-08-23,29.4,29.457001,29.27,29.457001,29.279371,15000,0.0,1.0
2017-08-24,29.48,29.52,29.280001000000002,29.410999,29.233646000000004,15600,0.0,1.0
2017-08-25,29.65,29.723,29.545,29.690001000000002,29.510965000000002,11800,0.0,1.0
2017-08-28,29.639999,29.74,29.5,29.709999,29.530844000000002,12700,0.0,1.0
2017-08-29,29.360001,29.57,29.360001,29.450001,29.272413,6800,0.0,1.0
2017-08-30,29.469998999999998,29.469998999999998,29.389999,29.41,29.232653000000003,7800,0.0,1.0
2017-08-31,29.41,29.629998999999998,29.41,29.540001,29.36187,12900,0.0,1.0
2017-09-01,29.700001,29.739,29.59,29.73,29.550724,10700,0.0,1.0
2017-09-05,29.57,29.620001000000002,29.370001000000002,29.459999,29.282351000000002,6400,0.0,1.0
2017-09-06,29.629998999999998,29.889999,29.629998999999998,29.809998999999998,29.630240999999998,7900,0.0,1.0
2017-09-07,29.969998999999998,30.110001,29.91,30.110001,29.928432,9900,0.0,1.0
2017-09-08,29.99,30.129998999999998,29.959,30.1,29.918492999999998,13100,0.0,1.0
2017-09-11,30.17,30.43,30.17,30.349001,30.165993,12300,0.0,1.0
2017-09-12,30.469998999999998,30.530001000000002,30.25,30.455,30.271353,21200,0.0,1.0
2017-09-13,30.360001,30.469998999999998,30.08,30.309998999999998,30.127226,11200,0.0,1.0
2017-09-14,30.139999,30.42,30.129998999999998,30.398001,30.214696999999997,16200,0.0,1.0
2017-09-15,31.27,31.27,30.172001,30.35,30.166985999999998,9600,0.0,1.0
2017-09-18,30.6,30.6,30.306,30.370001000000002,30.186865,29500,0.0,1.0
2017-09-19,30.5,30.700001,30.450001,30.690001000000002,30.504935999999997,16100,0.0,1.0
2017-09-20,30.98,30.98,30.360001,30.499001,30.315085999999997,16900,0.0,1.0
2017-09-21,31.33,31.33,30.4,30.534,30.349876000000002,22400,0.0,1.0
2017-09-22,30.57,30.690001000000002,30.43,30.57,30.385658000000003,25500,0.0,1.0
2017-09-25,30.15,30.42,30.07,30.190001000000002,30.00795,15200,0.0,1.0
2017-09-26,30.049999,30.181998999999998,29.938,30.139999,29.95825,12400,0.0,1.0
2017-09-27,30.0,30.299999,30.0,30.209999,30.027828000000003,7100,0.0,1.0
2017-09-28,30.209999,30.389999,30.127001,30.299999,30.117287,16300,0.0,1.0
2017-09-29,30.5,30.676001,30.5,30.620001000000002,30.435358,12700,0.0,1.0
2017-10-02,30.540001,30.549999,30.24,30.49,30.306140999999997,16300,0.0,1.0
2017-10-03,30.33,30.57,30.26,30.57,30.385658000000003,12600,0.0,1.0
2017-10-04,30.43,30.487,30.35,30.4,30.216682000000002,30200,0.0,1.0
2017-10-05,30.4,30.52,30.4,30.469998999999998,30.286261,11500,0.0,1.0
2017-10-06,30.299999,30.469998999999998,30.299999,30.4,30.216682000000002,11800,0.0,1.0
2017-10-09,30.5,30.51,30.33,30.389999,30.206743,11900,0.0,1.0
2017-10-10,30.639999,30.76,30.52,30.719998999999998,30.534754,36100,0.0,1.0
2017-10-11,30.780001000000002,30.913,30.780001000000002,30.799999,30.614271000000002,12000,0.0,1.0
2017-10-12,31.35,31.35,30.719998999999998,30.799999,30.614271000000002,20500,0.0,1.0
2017-10-13,30.860001,30.879998999999998,30.77,30.790001,30.604332,26900,0.0,1.0
2017-10-16,31.030001000000002,31.030001000000002,30.530001000000002,30.74,30.554634000000004,27000,0.0,1.0
2017-10-17,30.51,30.68,30.360001,30.636,30.451259999999998,19400,0.0,1.0
2017-10-18,31.15,31.15,30.709999,30.799999,30.614271000000002,30400,0.0,1.0
2017-10-19,30.639999,30.798,30.591,30.790001,30.604332,18200,0.0,1.0
2017-10-20,30.74,30.889999,30.65,30.684998999999998,30.499964000000002,33300,0.0,1.0
2017-10-23,30.65,30.669001,30.51,30.530001000000002,30.3459,54900,0.0,1.0
2017-10-24,30.610001,30.712999,30.610001,30.65,30.465176,12800,0.0,1.0
2017-10-25,30.68,30.76,30.466,30.59,30.405539,38600,0.0,1.0
2017-10-26,30.620001000000002,30.753,30.620001000000002,30.639999,30.455236,25000,0.0,1.0
2017-10-27,30.58,30.58,30.51,30.559998999999998,30.375719,20600,0.0,1.0
2017-10-30,30.714001,30.790001,30.690001000000002,30.715,30.529784999999997,14200,0.0,1.0
2017-10-31,30.780001000000002,31.0,30.780001000000002,30.91,30.723608000000002,14900,0.0,1.0
2017-11-01,31.030001000000002,31.09,30.82,31.0,30.813066,20000,0.0,1.0
2017-11-02,30.93,31.23,30.92,31.1,30.912461999999998,103700,0.0,1.0
2017-11-03,30.950001,30.99,30.690001000000002,30.945,30.758396,21900,0.0,1.0
2017-11-06,30.74,30.917,30.74,30.91,30.723608000000002,14400,0.0,1.0
2017-11-07,30.99,31.0,30.57,30.639999,30.455236,32400,0.0,1.0
2017-11-08,30.6,30.780001000000002,30.559998999999998,30.735001,30.549664,14800,0.0,1.0
2017-11-09,30.370001000000002,30.542999,30.290001,30.5,30.31608,74600,0.0,1.0
2017-11-10,30.389999,30.73,30.190001000000002,30.375,30.191833000000003,45000,0.0,1.0
2017-11-13,30.139999,30.209999,30.030001000000002,30.169001,29.987078000000004,18700,0.0,1.0
2017-11-14,30.280001000000002,30.4,30.25,30.285,30.102377,26100,0.0,1.0
2017-11-15,30.200001,30.32,30.18,30.235001,30.052678999999998,14600,0.0,1.0
2017-11-16,30.41,30.5,30.4,30.5,30.31608,13700,0.0,1.0
2017-11-17,30.41,30.48,30.25,30.399,30.215690999999996,35100,0.0,1.0
2017-11-20,30.33,30.52,30.25,30.268998999999997,30.086472999999998,34700,0.0,1.0
2017-11-21,30.549999,30.559998999999998,30.459999,30.469998999999998,30.286261,12500,0.0,1.0
2017-11-22,30.530001000000002,30.636,30.5,30.5,30.31608,8800,0.0,1.0
2017-11-24,31.01,31.01,30.870001000000002,30.965,30.778276,14600,0.0,1.0
2017-11-27,30.959999,30.976,30.67,30.799999,30.614271000000002,19100,0.0,1.0
2017-11-28,30.940001000000002,30.959,30.75,30.945,30.758396,14500,0.0,1.0
2017-11-29,30.98,30.99,30.700001,30.879998999999998,30.693789000000002,4000,0.0,1.0
2017-11-30,30.93,31.18,30.799999,30.889,30.702734000000003,17900,0.0,1.0
2017-12-01,30.799999,30.805,30.620001000000002,30.77,30.584453999999997,34700,0.0,1.0
2017-12-04,30.805,30.92,30.780001000000002,30.809998999999998,30.624209999999998,15600,0.0,1.0
2017-12-05,30.65,30.83,30.549999,30.549999,30.365778000000002,9000,0.0,1.0
2017-12-06,30.51,30.68,30.5,30.639999,30.455236,21600,0.0,1.0
2017-12-07,30.67,30.815001000000002,30.52,30.74,30.554634000000004,22700,0.0,1.0
2017-12-08,30.73,30.9,30.639999,30.775,30.589421999999995,37200,0.0,1.0
2017-12-11,30.790001,30.860001,30.709999,30.815001000000002,30.629181,16500,0.0,1.0
2017-12-12,31.74,31.972,30.665001,30.768,30.582464,18600,0.0,1.0
2017-12-13,30.719998999999998,31.01,30.290001,30.68,30.494995,62700,0.0,1.0
2017-12-14,30.719998999999998,30.809998999999998,30.298,30.49,30.306140999999997,30700,0.0,1.0
2017-12-15,30.34,31.549999,30.299999,30.540001,30.355840999999998,17700,0.0,1.0
2017-12-18,30.65,31.079,30.65,31.0,30.813066,20100,0.0,1.0
2017-12-19,31.08,31.08,30.879998999999998,31.0,30.813066,33500,0.0,1.0
2017-12-20,30.969998999999998,31.440001000000002,30.73,30.77,30.584453999999997,44800,0.0,1.0
2017-12-21,30.799999,31.01,30.790001,30.790001,30.604332,31800,0.0,1.0
2017-12-22,30.85,30.868999,30.67,30.868999,30.682856,35300,0.0,1.0
2017-12-26,31.24,31.360001,30.673,30.844998999999998,30.659,39600,0.0,1.0
2017-12-27,30.639999,30.778999,30.57,30.65,30.65,27100,0.18600000000000003,1.0
2017-12-28,30.74,30.889999,30.6,30.698999,30.698999,48900,0.0,1.0
2017-12-29,30.709999,30.825001,30.610001,30.700001,30.700001,18700,0.0,1.0
2018-01-02,30.639999,30.868999,30.639999,30.815001000000002,30.815001000000002,18100,0.0,1.0
2018-01-03,30.85,31.040001,30.799999,30.92,30.92,34900,0.0,1.0
2018-01-04,31.209999,31.579,31.209999,31.35,31.35,112000,0.0,1.0
2018-01-05,31.629998999999998,31.860001,31.545,31.85,31.85,102700,0.0,1.0
2018-01-08,31.73,31.747999,31.5,31.559998999999998,31.559998999999998,58900,0.0,1.0
2018-01-09,31.74,31.780001000000002,31.5,31.610001,31.610001,60100,0.0,1.0
2018-01-10,31.674999,31.856001000000003,31.5,31.52,31.52,43800,0.0,1.0
2018-01-11,31.799999,31.909,31.719998999999998,31.75,31.75,64000,0.0,1.0
2018-01-12,31.950001,32.220001,31.950001,32.220001,32.220001,118300,0.0,1.0
2018-01-16,33.049999,33.355,32.209998999999996,32.299999,32.299999,56300,0.0,1.0
2018-01-17,32.470001,32.599998,32.220001,32.360001000000004,32.360001000000004,57000,0.0,1.0
2018-01-18,32.779999,33.18,32.189999,32.369999,32.369999,88000,0.0,1.0
2018-01-19,32.919998,32.939999,32.529999,32.630001,32.630001,55700,0.0,1.0
2018-01-22,32.700001,33.028999,32.700001,32.986,32.986,110500,0.0,1.0
2018-01-23,33.009997999999996,33.110001000000004,32.77,32.959998999999996,32.959998999999996,65000,0.0,1.0
2018-01-24,33.099998,33.200001,32.84,32.970001,32.970001,103600,0.0,1.0
2018-01-25,33.139998999999996,33.389998999999996,32.700001,32.700001,32.700001,155600,0.0,1.0
2018-01-26,33.009997999999996,33.236,32.98,33.200001,33.200001,87300,0.0,1.0
2018-01-29,32.860001000000004,33.060001,32.73,32.84,32.84,49900,0.0,1.0
2018-01-30,32.77,32.938999,32.529999,32.790001000000004,32.790001000000004,70800,0.0,1.0
2018-01-31,32.970001,32.988997999999995,32.580002,32.599998,32.599998,53000,0.0,1.0
2018-02-01,32.740002000000004,32.950001,32.560001,32.630001,32.630001,180600,0.0,1.0
2018-02-02,32.34,32.417999,31.9,31.9,31.9,85300,0.0,1.0
2018-02-05,31.51,31.889999,30.5,30.559998999999998,30.559998999999998,102000,0.0,1.0
2018-02-06,30.469998999999998,31.57,30.469998999999998,31.525,31.525,123100,0.0,1.0
2018-02-07,31.1,31.360001,30.82,30.82,30.82,90400,0.0,1.0
2018-02-08,31.01,31.01,30.110001,30.18,30.18,55500,0.0,1.0
2018-02-09,30.690001000000002,30.690001000000002,29.407,30.17,30.17,78600,0.0,1.0
2018-02-12,30.42,30.700001,30.4,30.639,30.639,41500,0.0,1.0
2018-02-13,30.48,30.93,30.4,30.52,30.52,50100,0.0,1.0
2018-02-14,30.389999,30.780001000000002,30.200001,30.559998999999998,30.559998999999998,45200,0.0,1.0
2018-02-15,30.860001,31.049999,30.58,30.83,30.83,52600,0.0,1.0
2018-02-16,30.93,31.02,30.76,30.969998999999998,30.969998999999998,61900,0.0,1.0
2018-02-20,30.85,30.898001,30.690001000000002,30.690001000000002,30.690001000000002,37000,0.0,1.0
2018-02-21,30.790001,30.865,30.674999,30.724001,30.724001,44800,0.0,1.0
2018-02-22,30.709999,30.85,30.6,30.809998999999998,30.809998999999998,43900,0.0,1.0
2018-02-23,30.620001000000002,30.92,30.620001000000002,30.82,30.82,42300,0.0,1.0
2018-02-26,30.9,30.950001,30.700001,30.885,30.885,33000,0.0,1.0
2018-02-27,30.690001000000002,30.91,30.545,30.639999,30.639999,45500,0.0,1.0
2018-02-28,30.799999,30.799999,30.469998999999998,30.469998999999998,30.469998999999998,21700,0.0,1.0
2018-03-01,30.290001,30.549999,30.200001,30.417999,30.417999,58000,0.0,1.0
2018-03-02,30.41,30.43,30.059998999999998,30.389999,30.389999,45700,0.0,1.0
2018-03-05,30.129998999999998,30.34,30.09,30.190001000000002,30.190001000000002,34000,0.0,1.0
2018-03-06,30.110001,30.118999,30.07,30.110001,30.110001,47200,0.0,1.0
2018-03-07,30.059998999999998,30.110001,30.059998999999998,30.09,30.09,35800,0.0,1.0
2018-03-08,30.09,30.1,30.056998999999998,30.1,30.1,29400,0.0,1.0
2018-03-09,30.08,30.1,30.072001,30.094998999999998,30.094998999999998,15700,0.0,1.0
2018-03-12,30.073999,30.110001,30.02,30.1,30.1,21000,0.0,1.0
2018-03-13,30.09,30.1,30.040001,30.1,30.1,55200,0.0,1.0
2018-03-14,30.110001,30.110001,30.01,30.1,30.1,19000,0.0,1.0
2018-03-15,30.110001,30.110001,30.049999,30.1,30.1,20400,0.0,1.0
2018-03-16,30.084999,30.110001,30.049999,30.097,30.097,84100,0.0,1.0
2018-03-19,30.110001,30.110001,30.07,30.080999,30.080999,16300,0.0,1.0
2018-03-20,30.08,30.1,30.030001000000002,30.1,30.1,27500,0.0,1.0
2018-03-21,30.049999,30.1,30.030001000000002,30.098,30.098,20600,0.0,1.0
2018-03-22,30.049999,30.110001,30.049999,30.1,30.1,18400,0.0,1.0
2018-03-23,30.110001,30.110001,30.030001000000002,30.08,30.08,48700,0.0,1.0
2018-03-26,30.030001000000002,30.110001,30.030001000000002,30.103001000000003,30.103001000000003,15700,0.0,1.0
2018-03-27,31.040001,32.889998999999996,30.059998999999998,30.1,30.1,22000,0.0,1.0
2018-03-28,30.129998999999998,30.129998999999998,30.07,30.110001,30.110001,37400,0.0,1.0
2018-03-29,30.076,30.110001,30.059998999999998,30.076,30.076,30200,0.0,1.0
2018-04-02,30.120001000000002,31.33,30.049999,30.120001000000002,30.120001000000002,91900,0.0,1.0
2018-04-03,30.08,30.120001000000002,30.049999,30.110001,30.110001,142900,0.0,1.0
2018-04-04,30.110001,30.120001000000002,30.049999,30.120001000000002,30.120001000000002,79200,0.0,1.0
2018-04-05,30.120001000000002,30.129998999999998,30.1,30.120001000000002,30.120001000000002,76700,0.0,1.0
2018-04-06,30.129998999999998,30.129998999999998,30.059998999999998,30.129998999999998,30.129998999999998,86500,0.0,1.0
2018-04-09,30.120001000000002,30.120001000000002,30.049999,30.059998999999998,30.059998999999998,19600,0.0,1.0
2018-04-10,30.139999,30.139999,30.049999,30.09,30.09,27600,0.0,1.0
2018-04-11,30.139999,30.139999,30.049999,30.110001,30.110001,97300,0.0,1.0
2018-04-12,30.07,30.139999,30.059998999999998,30.059998999999998,30.059998999999998,38400,0.0,1.0
2018-04-13,30.101,30.139999,30.07,30.132998999999998,30.132998999999998,71000,0.0,1.0
2018-04-16,30.139999,30.139999,30.07,30.139999,30.139999,40400,0.0,1.0
2018-04-17,30.129998999999998,30.139999,30.07,30.120001000000002,30.120001000000002,34900,0.0,1.0
2018-04-18,30.08,30.139999,30.08,30.106001000000003,30.106001000000003,27300,0.0,1.0
2018-04-19,30.15,30.528,30.059998999999998,30.219998999999998,30.219998999999998,50700,0.0,1.0
2018-04-20,30.32,30.799999,29.9,29.954,29.954,44600,0.0,1.0
2018-04-23,30.01,30.129998999999998,29.882,29.93,29.93,16000,0.0,1.0
2018-04-24,30.35,30.35,29.629998999999998,29.75,29.75,43900,0.0,1.0
2018-04-25,29.690001000000002,29.690001000000002,29.5,29.629998999999998,29.629998999999998,27100,0.0,1.0
2018-04-26,29.639999,29.799999,29.59,29.76,29.76,34500,0.0,1.0
2018-04-27,29.83,29.83,29.641001,29.82,29.82,31300,0.0,1.0
2018-04-30,29.74,29.809998999999998,29.65,29.700001,29.700001,41500,0.0,1.0
2018-05-01,29.799999,29.799999,29.292999,29.57,29.57,18300,0.0,1.0
2018-05-02,29.790001,29.84,29.639999,29.65,29.65,32600,0.0,1.0
2018-05-03,29.75,29.780001000000002,29.48,29.759001,29.759001,93100,0.0,1.0
2018-05-04,29.66,29.924999,29.389999,29.84,29.84,73800,0.0,1.0
2018-05-07,29.75,29.870001000000002,29.75,29.773001,29.773001,21000,0.0,1.0
2018-05-08,29.58,29.709999,29.57,29.652,29.652,81400,0.0,1.0
2018-05-09,29.860001,29.860001,29.58,29.67,29.67,37500,0.0,1.0
2018-05-10,29.9,29.99,29.743999,29.98,29.98,49500,0.0,1.0
2018-05-11,30.030001000000002,30.040001,29.916,30.01,30.01,86500,0.0,1.0
2018-05-14,30.08,30.08,29.882,29.950001,29.950001,37100,0.0,1.0
2018-05-15,29.639999,29.959999,29.639999,29.76,29.76,56500,0.0,1.0
2018-05-16,29.66,29.719998999999998,29.495001000000002,29.549999,29.549999,47300,0.0,1.0
2018-05-17,29.74,29.76,29.610001,29.68,29.68,21000,0.0,1.0
2018-05-18,29.719998999999998,29.75,29.5,29.559998999999998,29.559998999999998,34500,0.0,1.0
2018-05-21,29.690001000000002,29.75,29.615999,29.695999,29.695999,26500,0.0,1.0
2018-05-22,29.809998999999998,29.83,29.719998999999998,29.719998999999998,29.719998999999998,375000,0.0,1.0
2018-05-23,29.275999,29.34,29.129998999999998,29.34,29.34,44100,0.0,1.0
2018-05-24,29.190001000000002,29.49,29.120001000000002,29.280001000000002,29.280001000000002,24800,0.0,1.0
2018-05-25,29.049999,29.049999,28.785999,28.879998999999998,28.879998999999998,62600,0.0,1.0
2018-05-29,28.24,28.43,27.813,27.98,27.98,60100,0.0,1.0
2018-05-30,28.25,28.608,28.23,28.469998999999998,28.469998999999998,122800,0.0,1.0
2018-05-31,28.370001000000002,28.48,28.07,28.23,28.23,110700,0.0,1.0
2018-06-01,28.639999,28.91,28.610001,28.610001,28.610001,52000,0.0,1.0
2018-06-04,28.77,28.92,28.75,28.780001000000002,28.780001000000002,15800,0.0,1.0
2018-06-05,28.76,28.91,28.700001,28.83,28.83,14100,0.0,1.0
2018-06-06,28.93,29.129998999999998,28.52,29.09,29.09,67400,0.0,1.0
2018-06-07,29.030001000000002,29.129998999999998,28.790001,28.82,28.82,35500,0.0,1.0
2018-06-08,28.809998999999998,28.969998999999998,28.719998999999998,28.969998999999998,28.969998999999998,72000,0.0,1.0
2018-06-11,29.129998999999998,29.299999,29.129998999999998,29.235001,29.235001,18300,0.0,1.0
2018-06-12,29.299999,29.299999,28.98,29.055,29.055,24900,0.0,1.0
2018-06-13,29.26,29.26,29.139999,29.200001,29.200001,30000,0.0,1.0
2018-06-14,29.23,29.41,29.1,29.110001,29.110001,24300,0.0,1.0
2018-06-15,29.129998999999998,29.129998999999998,28.889999,28.99,28.99,60000,0.0,1.0
2018-06-18,28.549999,28.74,28.51,28.68,28.68,27300,0.0,1.0
2018-06-19,28.23,28.52,28.23,28.52,28.52,17200,0.0,1.0
2018-06-20,28.5,28.6,28.290001,28.4,28.4,40900,0.0,1.0
2018-06-21,28.299999,28.450001,28.030001000000002,28.1,28.1,24800,0.0,1.0
2018-06-22,28.299999,28.540001,28.299999,28.450001,28.450001,48500,0.0,1.0
2018-06-25,28.34,28.34,27.959999,28.049999,28.049999,43100,0.0,1.0
2018-06-26,28.0,28.059998999999998,27.9,28.0,28.0,22900,0.0,1.0
2018-06-27,27.92,28.110001,27.66,27.66,27.66,28300,0.0,1.0
2018-06-28,27.709999,27.73,27.440001000000002,27.625999,27.625999,103500,0.0,1.0
2018-06-29,28.08,28.194,27.969998999999998,27.969998999999998,27.969998999999998,14200,0.0,1.0
2018-07-02,27.799999,27.940001000000002,27.610001,27.798,27.798,17700,0.0,1.0
2018-07-03,28.09,28.26,27.98,27.99,27.99,8600,0.0,1.0
2018-07-05,27.73,28.143998999999997,27.690001000000002,28.030001000000002,28.030001000000002,17400,0.0,1.0
2018-07-06,28.110001,28.17,28.08,28.120001000000002,28.120001000000002,22200,0.0,1.0
2018-07-09,28.129998999999998,28.305,28.129998999999998,28.305,28.305,67000,0.0,1.0
2018-07-10,28.24,28.280001000000002,28.17,28.26,28.26,32200,0.0,1.0
2018-07-11,28.110001,28.110001,27.93,27.940001000000002,27.940001000000002,43200,0.0,1.0
2018-07-12,27.98,28.15,27.98,28.120001000000002,28.120001000000002,13900,0.0,1.0
2018-07-13,28.000999,28.190001000000002,28.000999,28.190001000000002,28.190001000000002,34900,0.0,1.0
2018-07-16,27.950001,28.219998999999998,27.950001,28.15,28.15,30200,0.0,1.0
2018-07-17,28.049999,28.26,28.040001,28.215,28.215,20500,0.0,1.0
2018-07-18,28.190001000000002,28.370001000000002,28.190001000000002,28.309998999999998,28.309998999999998,29200,0.0,1.0
2018-07-19,28.190001000000002,28.25,27.959999,28.17,28.17,33600,0.0,1.0
2018-07-20,28.16,28.249001,28.061001,28.209999,28.209999,17100,0.0,1.0
2018-07-23,28.15,28.198999,28.09,28.18,28.18,23500,0.0,1.0
2018-07-24,28.309998999999998,28.450001,28.219998999999998,28.34,28.34,32600,0.0,1.0
2018-07-25,28.33,28.66,28.18,28.610001,28.610001,29300,0.0,1.0
2018-07-26,28.59,28.59,28.32,28.389999,28.389999,40300,0.0,1.0
2018-07-27,28.52,28.58,28.370001000000002,28.440001000000002,28.440001000000002,30400,0.0,1.0
2018-07-30,28.690001000000002,28.790001,28.461,28.461,28.461,19800,0.0,1.0
2018-07-31,28.73,28.75,28.5,28.57,28.57,26900,0.0,1.0
2018-08-01,28.629998999999998,28.629998999999998,28.32,28.43,28.43,78100,0.0,1.0
2018-08-02,28.18,28.18,27.947001,28.17,28.17,38300,0.0,1.0
2018-08-03,28.200001,28.200001,28.0,28.110001,28.110001,21200,0.0,1.0
2018-08-06,28.0,28.135,28.0,28.065001000000002,28.065001000000002,19200,0.0,1.0
2018-08-07,28.360001,28.360001,28.219998999999998,28.268998999999997,28.268998999999997,21400,0.0,1.0
2018-08-08,28.33,28.33,27.969998999999998,28.200001,28.200001,15200,0.0,1.0
2018-08-09,28.24,28.24,28.09,28.091,28.091,38900,0.0,1.0
2018-08-10,27.32,27.610001,27.200001,27.33,27.33,28100,0.0,1.0
2018-08-13,27.299999,27.35,27.1,27.188,27.188,17200,0.0,1.0
2018-08-14,27.09,27.219998999999998,27.049999,27.16,27.16,32600,0.0,1.0
2018-08-15,26.68,27.0,26.51,26.684,26.684,47700,0.0,1.0
2018-08-16,26.85,27.01,26.804001,26.846001,26.846001,26200,0.0,1.0
2018-08-17,26.889999,27.1,26.83,27.055,27.055,13300,0.0,1.0
2018-08-20,27.221001,27.280001000000002,27.129998999999998,27.190001000000002,27.190001000000002,18700,0.0,1.0
2018-08-21,27.41,27.709999,27.41,27.559998999999998,27.559998999999998,21700,0.0,1.0
2018-08-22,27.790001,27.790001,27.629998999999998,27.780001000000002,27.780001000000002,40400,0.0,1.0
2018-08-23,27.75,27.85,27.5,27.504998999999998,27.504998999999998,31900,0.0,1.0
2018-08-24,27.799999,27.99,27.5,27.879,27.879,30600,0.0,1.0
2018-08-27,27.940001000000002,28.290001,27.809998999999998,28.237,28.237,30200,0.0,1.0
2018-08-28,28.43,28.43,28.16,28.184998999999998,28.184998999999998,70100,0.0,1.0
2018-08-29,28.08,28.323,28.08,28.24,28.24,41500,0.0,1.0
2018-08-30,28.040001,28.1,27.92,28.028999,28.028999,20500,0.0,1.0
2018-08-31,27.83,27.83,27.5,27.639999,27.639999,20900,0.0,1.0
2018-09-04,27.219998999999998,27.379998999999998,27.18,27.290001,27.290001,23600,0.0,1.0
2018-09-05,27.34,27.34,27.09,27.118,27.118,22500,0.0,1.0
2018-09-06,27.17,27.18,26.860001,27.030001000000002,27.030001000000002,44400,0.0,1.0
2018-09-07,26.74,26.860001,26.66,26.75,26.75,16800,0.0,1.0
2018-09-10,26.879998999999998,27.110001,26.870001000000002,27.08,27.08,26000,0.0,1.0
2018-09-11,27.0,27.065001000000002,26.91,27.0,27.0,164800,0.0,1.0
2018-09-12,26.99,27.030001000000002,26.99,27.023001,27.023001,38200,0.0,1.0
2018-09-13,27.003,27.040001,27.0,27.030001000000002,27.030001000000002,27200,0.0,1.0
2018-09-14,27.059998999999998,27.219998999999998,27.02,27.030001000000002,27.030001000000002,41600,0.0,1.0
2018-09-17,27.01,27.08,26.969998999999998,27.040001,27.040001,32400,0.0,1.0
2018-09-18,27.040001,27.049999,27.01,27.040001,27.040001,36300,0.0,1.0
2018-09-19,27.209999,27.209999,26.99,27.040001,27.040001,37200,0.0,1.0
2018-09-20,27.040001,27.040001,27.01,27.01,27.01,47100,0.0,1.0
2018-09-21,27.01,27.040001,27.01,27.01,27.01,28000,0.0,1.0
2018-09-24,27.01,27.040001,27.01,27.01,27.01,31900,0.0,1.0
2018-09-25,27.040001,27.040001,27.01,27.040001,27.040001,26600,0.0,1.0
2018-09-26,27.049999,27.059998999999998,27.02,27.039,27.039,12900,0.0,1.0
2018-09-27,27.01,27.110001,26.959999,26.985001,26.985001,34100,0.0,1.0
2018-09-28,26.690001000000002,26.969998999999998,25.929001,26.478001000000003,26.478001000000003,102700,0.0,1.0
2018-10-01,26.780001000000002,26.780001000000002,26.41,26.466998999999998,26.466998999999998,69500,0.0,1.0
2018-10-02,26.26,26.35,26.181998999999998,26.25,26.25,32400,0.0,1.0
2018-10-03,26.33,26.84,26.309998999999998,26.32,26.32,23700,0.0,1.0
2018-10-04,26.110001,26.18,25.92,26.030001000000002,26.030001000000002,33500,0.0,1.0
2018-10-05,26.02,26.02,25.698,25.783001000000002,25.783001000000002,21500,0.0,1.0
2018-10-08,25.530001000000002,25.544001,25.129998999999998,25.540001,25.540001,24500,0.0,1.0
2018-10-09,25.280001000000002,25.6,25.280001000000002,25.537001,25.537001,65300,0.0,1.0
2018-10-10,25.450001,25.504998999999998,25.450001,25.450001,25.450001,24700,0.0,1.0
2018-10-11,25.4,25.5,25.4,25.415001,25.415001,64200,0.0,1.0
