date,Open,High,Low,Close,Adj Close,Volume,Dividends,Stock Splits
2014-06-05,60.209998999999996,60.209998999999996,60.209998999999996,60.209998999999996,54.540282999999995,100,0.0,1.0
2014-06-06,60.610001000000004,60.610001000000004,60.610001000000004,60.610001000000004,54.902621999999994,900,0.0,1.0
2014-06-09,60.57,60.57,60.43,60.43,54.739567,500,0.0,1.0
2014-06-10,60.43,60.43,60.43,60.43,54.739567,0,0.0,1.0
2014-06-11,60.43,60.43,60.43,60.43,54.739567,0,0.0,1.0
2014-06-12,60.169998,60.169998,60.169998,60.169998,54.504051000000004,200,0.0,1.0
2014-06-13,60.43,60.459998999999996,60.43,60.459998999999996,54.766743000000005,500,0.0,1.0
2014-06-16,60.900002,64.489998,60.380001,60.389998999999996,54.703339,1700,0.0,1.0
2014-06-17,62.556,62.556,60.314999,60.48,54.784859,4300,0.0,1.0
2014-06-18,60.740002000000004,60.740002000000004,60.5,60.5,54.802979,1400,0.0,1.0
2014-06-19,60.93,61.009997999999996,60.93,61.009997999999996,55.264954,200,0.0,1.0
2014-06-20,61.009997999999996,61.029999,61.009997999999996,61.029999,55.312557,600,0.032527,1.0
2014-06-23,60.529999,60.557999,60.529999,60.557999,54.884777,1200,0.0,1.0
2014-06-24,60.59,60.59,60.59,60.59,54.913784,100,0.0,1.0
2014-06-25,60.59,60.59,60.59,60.59,54.913784,0,0.0,1.0
2014-06-26,60.59,60.59,60.59,60.59,54.913784,0,0.0,1.0
2014-06-27,60.59,60.59,60.59,60.59,54.913784,0,0.0,1.0
2014-06-30,60.830002,60.849998,60.700001,60.849998,55.149421999999994,600,0.0,1.0
2014-07-01,60.849998,60.849998,60.849998,60.849998,55.149421999999994,0,0.0,1.0
2014-07-02,61.349998,61.349998,61.349998,61.349998,55.602577000000004,500,0.0,1.0
2014-07-03,61.349998,61.349998,61.349998,61.349998,55.602577000000004,0,0.0,1.0
2014-07-07,61.349998,61.349998,61.349998,61.349998,55.602577000000004,0,0.0,1.0
2014-07-08,60.68,60.68,60.68,60.68,54.99535,300,0.0,1.0
2014-07-09,60.610001000000004,60.610001000000004,60.610001000000004,60.610001000000004,54.93190799999999,200,0.0,1.0
2014-07-10,60.610001000000004,60.610001000000004,60.610001000000004,60.610001000000004,54.93190799999999,0,0.0,1.0
2014-07-11,60.113997999999995,60.18,60.113997999999995,60.18,54.542191,2800,0.0,1.0
2014-07-14,60.574001,60.574001,60.574001,60.574001,54.899277000000005,500,0.0,1.0
2014-07-15,60.574001,60.574001,60.574001,60.574001,54.899277000000005,0,0.0,1.0
2014-07-16,60.574001,60.574001,60.574001,60.574001,54.899277000000005,0,0.0,1.0
2014-07-17,60.560001,60.560001,60.560001,60.560001,54.886593000000005,500,0.0,1.0
2014-07-18,60.560001,60.560001,60.560001,60.560001,54.886593000000005,0,0.0,1.0
2014-07-21,60.215,60.48,60.213001,60.48,54.814087,700,0.0,1.0
2014-07-22,60.758998999999996,60.758998999999996,60.758998999999996,60.758998999999996,55.066948,200,0.0,1.0
2014-07-23,60.48,60.849998,60.48,60.75,55.0588,2000,0.0,1.0
2014-07-24,60.75,60.799999,60.75,60.799999,55.104115,900,0.0,1.0
2014-07-25,60.349998,60.509997999999996,60.349998,60.509997999999996,54.841269999999994,800,0.0,1.0
2014-07-28,60.43,60.43,60.43,60.43,54.76876800000001,400,0.0,1.0
2014-07-29,60.610001000000004,60.610001000000004,60.240002000000004,60.240002000000004,54.596573,300,0.0,1.0
2014-07-30,60.240002000000004,60.240002000000004,60.240002000000004,60.240002000000004,54.596573,0,0.0,1.0
2014-07-31,60.240002000000004,60.240002000000004,60.119999,60.119999,54.487807999999994,1100,0.0,1.0
2014-08-01,60.119999,60.119999,60.119999,60.119999,54.487807999999994,0,0.0,1.0
2014-08-04,60.119999,60.119999,60.119999,60.119999,54.487807999999994,0,0.0,1.0
2014-08-05,60.119999,60.119999,60.119999,60.119999,54.487807999999994,0,0.0,1.0
2014-08-06,60.119999,60.119999,60.119999,60.119999,54.487807999999994,0,0.0,1.0
2014-08-07,60.119999,60.119999,60.119999,60.119999,54.487807999999994,0,0.0,1.0
2014-08-08,58.139998999999996,58.41,58.139998999999996,58.41,52.938015,1200,0.0,1.0
2014-08-11,58.41,58.41,58.41,58.41,52.938015,0,0.0,1.0
2014-08-12,58.41,58.41,58.41,58.41,52.938015,0,0.0,1.0
2014-08-13,58.41,58.41,58.41,58.41,52.938015,0,0.0,1.0
2014-08-14,59.080002,59.169998,59.080002,59.169998,53.62680400000001,700,0.0,1.0
2014-08-15,59.290001000000004,59.290001000000004,59.290001000000004,59.290001000000004,53.735572999999995,200,0.0,1.0
2014-08-18,59.290001000000004,59.290001000000004,59.290001000000004,59.290001000000004,53.735572999999995,0,0.0,1.0
2014-08-19,59.290001000000004,59.290001000000004,59.290001000000004,59.290001000000004,53.735572999999995,0,0.0,1.0
2014-08-20,60.139998999999996,60.139998999999996,59.349998,59.5,53.925892000000005,500,0.0,1.0
2014-08-21,59.779999,59.779999,59.779999,59.779999,54.17965699999999,1000,0.0,1.0
2014-08-22,59.502998,59.502998,59.502998,59.502998,53.928612,400,0.0,1.0
2014-08-25,59.502998,59.502998,59.502998,59.502998,53.928612,0,0.0,1.0
2014-08-26,59.779999,59.790001000000004,59.66,59.66,54.070904000000006,1900,0.0,1.0
2014-08-27,59.66,59.66,59.66,59.66,54.070904000000006,0,0.0,1.0
2014-08-28,59.68,59.790001000000004,59.68,59.790001000000004,54.188731999999995,800,0.0,1.0
2014-08-29,59.790001000000004,59.790001000000004,59.790001000000004,59.790001000000004,54.188731999999995,0,0.0,1.0
2014-09-02,59.790001000000004,59.790001000000004,59.790001000000004,59.790001000000004,54.188731999999995,0,0.0,1.0
2014-09-03,60.169998,60.169998,60.169998,60.169998,54.533127,300,0.0,1.0
2014-09-04,60.0,60.0,59.549999,59.549999,53.97120699999999,500,0.0,1.0
2014-09-05,59.549999,59.549999,59.549999,59.549999,53.97120699999999,0,0.0,1.0
2014-09-08,59.150002,59.150002,59.150002,59.150002,53.608684999999994,900,0.0,1.0
2014-09-09,59.049999,59.049999,58.830002,58.830002,53.318665,300,0.0,1.0
2014-09-10,58.830002,58.830002,58.830002,58.830002,53.318665,0,0.0,1.0
2014-09-11,58.830002,58.830002,58.830002,58.830002,53.318665,0,0.0,1.0
2014-09-12,58.700001,58.700001,58.68,58.68,53.182713,400,0.0,1.0
2014-09-15,58.650002,58.779999,58.650002,58.740002000000004,53.237095,1100,0.0,1.0
2014-09-16,58.740002000000004,58.740002000000004,58.740002000000004,58.740002000000004,53.237095,0,0.0,1.0
2014-09-17,58.740002000000004,58.740002000000004,58.740002000000004,58.740002000000004,53.237095,0,0.0,1.0
2014-09-18,58.740002000000004,58.740002000000004,58.740002000000004,58.740002000000004,53.237095,0,0.0,1.0
2014-09-19,58.740002000000004,58.740002000000004,58.740002000000004,58.740002000000004,53.237095,0,0.0,1.0
2014-09-22,58.59,58.59,58.59,58.59,53.101147,100,0.0,1.0
2014-09-23,58.59,58.59,58.59,58.59,53.101147,0,0.0,1.0
2014-09-24,58.59,58.59,58.59,58.59,53.101147,0,0.0,1.0
2014-09-25,58.59,58.59,58.59,58.59,53.101147,0,0.0,1.0
2014-09-26,58.59,58.59,58.59,58.59,53.101147,0,0.0,1.0
2014-09-29,58.59,58.59,58.59,58.59,53.101147,0,0.0,1.0
2014-09-30,58.59,58.59,58.59,58.59,53.101147,0,0.0,1.0
2014-10-01,56.591,56.591,56.591,56.591,51.289417,300,0.0,1.0
2014-10-02,56.591,56.591,56.591,56.591,51.289417,0,0.0,1.0
2014-10-03,56.113997999999995,56.113997999999995,56.113997999999995,56.113997999999995,50.857101,400,0.0,1.0
2014-10-06,56.113997999999995,56.113997999999995,56.113997999999995,56.113997999999995,50.857101,0,0.0,1.0
2014-10-07,55.810001,55.810001,55.810001,55.810001,50.581581,200,0.0,1.0
2014-10-08,55.810001,55.810001,55.810001,55.810001,50.581581,0,0.0,1.0
2014-10-09,55.900002,55.900002,55.509997999999996,55.509997999999996,50.309684999999995,700,0.0,1.0
2014-10-10,55.509997999999996,55.509997999999996,55.509997999999996,55.509997999999996,50.309684999999995,0,0.0,1.0
2014-10-13,54.610001000000004,54.880001,54.610001000000004,54.880001,49.738712,1500,0.0,1.0
2014-10-14,54.880001,54.880001,54.880001,54.880001,49.738712,0,0.0,1.0
2014-10-15,54.880001,54.880001,54.880001,54.880001,49.738712,0,0.0,1.0
2014-10-16,53.669998,53.669998,53.669998,53.669998,48.642063,1200,0.0,1.0
2014-10-17,53.669998,53.669998,53.669998,53.669998,48.642063,0,0.0,1.0
2014-10-20,53.669998,53.669998,53.669998,53.669998,48.642063,0,0.0,1.0
2014-10-21,53.669998,53.669998,53.669998,53.669998,48.642063,0,0.0,1.0
2014-10-22,55.389998999999996,55.490002000000004,55.389998999999996,55.490002000000004,50.291565000000006,700,0.0,1.0
2014-10-23,55.830002,55.91,55.759997999999996,55.759997999999996,50.536263,1300,0.0,1.0
2014-10-24,55.869999,56.630001,55.869999,56.48,51.188812,2600,0.0,1.0
2014-10-27,56.009997999999996,56.040001000000004,56.009997999999996,56.02,50.771908,1700,0.0,1.0
2014-10-28,56.02,56.02,56.02,56.02,50.771908,0,0.0,1.0
2014-10-29,56.02,56.02,56.02,56.02,50.771908,0,0.0,1.0
2014-10-30,56.779999,56.779999,56.779999,56.779999,51.460709,200,0.0,1.0
2014-10-31,56.779999,56.779999,56.779999,56.779999,51.460709,0,0.0,1.0
2014-11-03,58.23,58.23,58.23,58.23,52.774868000000005,200,0.0,1.0
2014-11-04,56.779999,56.779999,56.529999,56.726002,51.411762,2100,0.0,1.0
2014-11-05,56.860001000000004,56.889998999999996,56.860001000000004,56.889998999999996,51.560406,900,0.0,1.0
2014-11-06,56.75,56.75,56.75,56.75,51.433516999999995,100,0.0,1.0
2014-11-07,56.75,56.75,56.75,56.75,51.433516999999995,0,0.0,1.0
2014-11-10,56.75,56.75,56.75,56.75,51.433516999999995,0,0.0,1.0
2014-11-11,57.110001000000004,57.154999,57.110001000000004,57.154999,51.800575,300,0.0,1.0
2014-11-12,56.810001,56.880001,56.779999,56.830002,51.506027,1000,0.0,1.0
2014-11-13,56.779999,56.779999,56.77,56.77,51.451648999999996,700,0.0,1.0
2014-11-14,56.77,56.77,56.77,56.77,51.451648999999996,0,0.0,1.0
2014-11-17,57.34,57.34,56.77,56.77,51.451648999999996,1100,0.0,1.0
2014-11-18,56.77,56.77,56.77,56.77,51.451648999999996,0,0.0,1.0
2014-11-19,56.810001,56.810001,56.810001,56.810001,51.4879,200,0.0,1.0
2014-11-20,56.84,57.084998999999996,56.84,57.084998999999996,51.737133,500,0.0,1.0
2014-11-21,57.299999,57.299999,57.299999,57.299999,51.932003,400,0.0,1.0
2014-11-24,57.283001,57.283001,57.283001,57.283001,51.916595,100,0.0,1.0
2014-11-25,57.283001,57.283001,57.283001,57.283001,51.916595,0,0.0,1.0
2014-11-26,57.283001,57.283001,57.283001,57.283001,51.916595,0,0.0,1.0
2014-11-28,57.540001000000004,57.540001000000004,57.540001000000004,57.540001000000004,52.149509,300,0.0,1.0
2014-12-01,57.459998999999996,57.490002000000004,57.459998999999996,57.490002000000004,52.104202,400,0.0,1.0
2014-12-02,57.259997999999996,57.259997999999996,57.259997999999996,57.259997999999996,51.895744,400,0.0,1.0
2014-12-03,57.130001,57.130001,57.130001,57.130001,51.77792,200,0.0,1.0
2014-12-04,57.41,57.41,57.41,57.41,52.031684999999996,300,0.0,1.0
2014-12-05,57.48,57.48,57.389998999999996,57.407001,52.028976,500,0.0,1.0
2014-12-08,56.970001,56.970001,56.689999,56.689999,51.379146999999996,2300,0.0,1.0
2014-12-09,56.689999,56.689999,56.689999,56.689999,51.379146999999996,0,0.0,1.0
2014-12-10,56.349998,56.48,56.164001,56.164001,50.90242,1400,0.0,1.0
2014-12-11,56.150002,56.150002,56.150002,56.150002,50.889732,400,0.0,1.0
2014-12-12,56.150002,56.150002,56.150002,56.150002,50.889732,0,0.0,1.0
2014-12-15,54.650002,54.650002,54.650002,54.650002,49.530254,400,0.0,1.0
2014-12-16,54.650002,54.650002,54.650002,54.650002,49.530254,0,0.0,1.0
2014-12-17,55.139998999999996,55.209998999999996,55.139998999999996,55.209998999999996,50.037791999999996,300,0.0,1.0
2014-12-18,55.209998999999996,55.209998999999996,55.209998999999996,55.209998999999996,50.037791999999996,0,0.0,1.0
2014-12-19,55.950001,55.950001,55.950001,55.950001,51.264091,0,0.59839,1.0
2014-12-22,55.700001,55.700001,55.700001,55.700001,51.03503,600,0.0,1.0
2014-12-23,55.389998999999996,55.389998999999996,55.389998999999996,55.389998999999996,50.750992,0,0.0,1.0
2014-12-24,55.799999,55.799999,55.799999,55.799999,51.126652,500,0.0,1.0
2014-12-26,55.799999,55.799999,55.799999,55.799999,51.126652,0,0.0,1.0
2014-12-29,55.459998999999996,55.689999,55.459998999999996,55.689999,51.025864,500,0.0,1.0
2014-12-30,55.189999,55.775002,55.189999,55.599998,50.943405,4400,0.0,1.0
2014-12-31,55.43,55.43,55.43,55.43,50.787647,100,0.0,1.0
2015-01-02,54.77,54.77,54.77,54.77,50.182915,300,0.0,1.0
2015-01-05,53.700001,53.700001,52.244999,53.0,48.561157,5000,0.0,1.0
2015-01-06,53.450001,53.5,52.93,52.939999,48.506187,2200,0.0,1.0
2015-01-07,53.289001,53.313,53.289001,53.313,48.847941999999996,600,0.0,1.0
2015-01-08,54.509997999999996,54.509997999999996,54.509997999999996,54.509997999999996,49.944691,200,0.0,1.0
2015-01-09,54.689999,54.689999,54.689999,54.689999,50.109619,300,0.0,1.0
2015-01-12,54.689999,54.689999,54.689999,54.689999,50.109619,0,0.0,1.0
2015-01-13,53.369999,53.369999,53.369999,53.369999,48.900169,0,0.0,1.0
2015-01-14,53.688999,53.688999,53.688999,53.688999,49.192451,300,0.0,1.0
2015-01-15,53.688999,53.688999,53.688999,53.688999,49.192451,0,0.0,1.0
2015-01-16,54.220001,54.220001,54.220001,54.220001,49.678982,0,0.0,1.0
2015-01-20,54.84,54.84,54.84,54.84,50.247054999999996,0,0.0,1.0
2015-01-21,54.880001,54.880001,54.880001,54.880001,50.28371,0,0.0,1.0
2015-01-22,55.240002000000004,55.240002000000004,55.240002000000004,55.240002000000004,50.613556,0,0.0,1.0
2015-01-23,55.439999,55.439999,55.400002,55.400002,50.760151,600,0.0,1.0
2015-01-26,55.400002,55.400002,55.400002,55.400002,50.760151,0,0.0,1.0
2015-01-27,55.860001000000004,55.860001000000004,55.860001000000004,55.860001000000004,51.181629,0,0.0,1.0
2015-01-28,56.049999,56.049999,56.049999,56.049999,51.355709000000004,0,0.0,1.0
2015-01-29,56.450001,56.450001,56.450001,56.450001,51.722214,100,0.0,1.0
2015-01-30,56.450001,56.450001,56.450001,56.450001,51.722214,0,0.0,1.0
2015-02-02,55.209998999999996,55.209998999999996,55.209998999999996,55.209998999999996,50.586067,0,0.0,1.0
2015-02-03,57.009997999999996,57.009997999999996,57.009997999999996,57.009997999999996,52.235313,100,0.0,1.0
2015-02-04,56.919998,57.150002,56.91,57.150002,52.36359,1400,0.0,1.0
2015-02-05,57.34,57.349998,57.32,57.32,52.519352000000005,300,0.0,1.0
2015-02-06,57.32,57.32,57.32,57.32,52.519352000000005,0,0.0,1.0
2015-02-09,56.459998999999996,56.459998999999996,56.459998999999996,56.459998999999996,51.731373,0,0.0,1.0
2015-02-10,56.779999,56.779999,56.779999,56.779999,52.024574,200,0.0,1.0
2015-02-11,56.779999,56.779999,56.779999,56.779999,52.024574,0,0.0,1.0
2015-02-12,56.459998999999996,56.459998999999996,56.459998999999996,56.459998999999996,51.731373,0,0.0,1.0
2015-02-13,57.220001,57.220001,57.220001,57.220001,52.427723,0,0.0,1.0
2015-02-17,57.529999,57.540001000000004,57.529999,57.540001000000004,52.720928,600,0.0,1.0
2015-02-18,57.540001000000004,57.540001000000004,57.540001000000004,57.540001000000004,52.720928,0,0.0,1.0
2015-02-19,57.84,57.84,57.84,57.84,52.9958,0,0.0,1.0
2015-02-20,58.099998,58.459998999999996,58.099998,58.459998999999996,53.563877000000005,300,0.0,1.0
2015-02-23,58.43,58.439999,58.43,58.439999,53.545551,700,0.0,1.0
2015-02-24,58.75,58.75,58.419998,58.75,53.82959,1000,0.0,1.0
2015-02-25,58.77,58.77,58.77,58.77,53.847912,100,0.0,1.0
2015-02-26,58.77,58.77,58.77,58.77,53.847912,0,0.0,1.0
2015-02-27,58.439999,58.439999,58.439999,58.439999,53.545551,0,0.0,1.0
2015-03-02,58.5,58.5,58.241001000000004,58.43,53.536384999999996,700,0.0,1.0
2015-03-03,58.419998,58.419998,58.419998,58.419998,53.527218000000005,100,0.0,1.0
2015-03-04,58.02,58.02,58.02,58.02,53.160725,300,0.0,1.0
2015-03-05,58.02,58.02,58.02,58.02,53.160725,0,0.0,1.0
2015-03-06,58.110001000000004,58.110001000000004,58.110001000000004,58.110001000000004,53.243182999999995,0,0.0,1.0
2015-03-09,57.259997999999996,57.259997999999996,57.259997999999996,57.259997999999996,52.464375,0,0.0,1.0
2015-03-10,57.290001000000004,57.290001000000004,57.290001000000004,57.290001000000004,52.491863,0,0.0,1.0
2015-03-11,56.169998,56.169998,56.169998,56.169998,51.465664000000004,0,0.0,1.0
2015-03-12,56.91,56.91,56.91,56.91,52.143692,100,0.0,1.0
2015-03-13,56.290001000000004,56.290001000000004,56.290001000000004,56.290001000000004,51.575615,900,0.0,1.0
2015-03-16,56.290001000000004,56.290001000000004,56.290001000000004,56.290001000000004,51.575615,0,0.0,1.0
2015-03-17,57.060001,57.060001,57.060001,57.060001,52.281132,0,0.0,1.0
2015-03-18,56.919998,56.919998,56.919998,56.919998,52.152843,0,0.0,1.0
2015-03-19,57.700001,57.700001,57.700001,57.700001,52.867527,200,0.0,1.0
2015-03-20,58.73,58.73,58.580002,58.580002,53.673828,400,0.0,1.0
2015-03-23,58.82,58.82,58.82,58.82,53.893726,200,0.0,1.0
2015-03-24,58.82,58.82,58.82,58.82,53.893726,0,0.0,1.0
2015-03-25,58.970001,58.970001,58.970001,58.970001,54.031155000000005,0,0.0,1.0
2015-03-26,58.380001,60.549999,58.380001,60.549999,55.478832,21700,0.0,1.0
2015-03-27,58.860001000000004,59.599998,58.860001000000004,59.599998,54.608394999999994,300,0.0,1.0
2015-03-30,58.990002000000004,59.119999,58.990002000000004,59.119999,54.168597999999996,1200,0.0,1.0
2015-03-31,59.078998999999996,59.078998999999996,59.078998999999996,59.078998999999996,54.131027,100,0.0,1.0
2015-04-01,58.369999,59.099998,58.349998,58.5,53.60052099999999,1200,0.0,1.0
2015-04-02,59.34,60.0,59.34,59.509997999999996,54.525932,1500,0.0,1.0
2015-04-06,59.509997999999996,59.509997999999996,59.509997999999996,59.509997999999996,54.525932,0,0.0,1.0
2015-04-07,60.59,60.599998,60.25,60.25,55.203959999999995,1400,0.0,1.0
2015-04-08,60.470001,60.470001,60.470001,60.470001,55.405533,200,0.0,1.0
2015-04-09,60.470001,60.470001,60.470001,60.470001,55.405533,0,0.0,1.0
2015-04-10,60.470001,60.470001,60.470001,60.470001,55.405533,0,0.0,1.0
2015-04-13,60.470001,60.470001,60.470001,60.470001,55.405533,0,0.0,1.0
2015-04-14,60.470001,60.470001,60.470001,60.470001,55.405533,0,0.0,1.0
2015-04-15,60.832001,60.900002,60.832001,60.900002,55.799521999999996,1000,0.0,1.0
2015-04-16,60.900002,60.900002,60.900002,60.900002,55.799521999999996,0,0.0,1.0
2015-04-17,60.900002,60.900002,60.900002,60.900002,55.799521999999996,0,0.0,1.0
2015-04-20,60.900002,60.900002,60.900002,60.900002,55.799521999999996,0,0.0,1.0
2015-04-21,60.77,60.77,60.759997999999996,60.759997999999996,55.671246,300,0.0,1.0
2015-04-22,61.02,61.02,60.950001,60.950001,55.845333,800,0.0,1.0
2015-04-23,60.611,60.900002,60.611,60.900002,55.799521999999996,900,0.0,1.0
2015-04-24,60.900002,61.189999,60.830002,61.189999,56.065228000000005,1500,0.0,1.0
2015-04-27,61.189999,61.189999,61.189999,61.189999,56.065228000000005,0,0.0,1.0
2015-04-28,61.139998999999996,61.150002,61.139998999999996,61.150002,56.028587,600,0.0,1.0
2015-04-29,60.959998999999996,61.029999,60.959998999999996,61.029999,55.918629,3100,0.0,1.0
2015-04-30,59.759997999999996,60.574001,59.759997999999996,60.574001,55.500828000000006,300,0.0,1.0
2015-05-01,60.560001,60.560001,60.560001,60.560001,55.487999,300,0.0,1.0
2015-05-04,60.560001,60.560001,60.560001,60.560001,55.487999,0,0.0,1.0
2015-05-05,59.950001,59.950001,59.950001,59.950001,54.929085,300,0.0,1.0
2015-05-06,59.950001,59.950001,59.950001,59.950001,54.929085,0,0.0,1.0
2015-05-07,59.91,59.91,59.91,59.91,54.892433,0,0.0,1.0
2015-05-08,61.104,61.16,61.104,61.16,56.037743000000006,600,0.0,1.0
2015-05-11,60.950001,60.950001,60.82,60.82,55.72621899999999,500,0.0,1.0
2015-05-12,60.82,60.82,60.82,60.82,55.72621899999999,0,0.0,1.0
2015-05-13,61.220001,61.220001,61.220001,61.220001,56.092716,200,0.0,1.0
2015-05-14,61.220001,61.220001,61.220001,61.220001,56.092716,0,0.0,1.0
2015-05-15,61.990002000000004,62.0,61.990002000000004,61.990002000000004,56.798229000000006,400,0.0,1.0
2015-05-18,61.349998,61.591999,61.349998,61.591999,56.433558999999995,600,0.0,1.0
2015-05-19,61.400002,61.41,61.400002,61.41,56.266808,500,0.0,1.0
2015-05-20,61.41,61.41,61.41,61.41,56.266808,0,0.0,1.0
2015-05-21,61.630001,61.630001,61.439999,61.439999,56.294292000000006,1800,0.0,1.0
2015-05-22,61.439999,61.439999,61.439999,61.439999,56.294292000000006,0,0.0,1.0
2015-05-26,60.459998999999996,60.459998999999996,60.459998999999996,60.459998999999996,55.39637,100,0.0,1.0
2015-05-27,60.895,60.895,60.895,60.895,55.794937,200,0.0,1.0
2015-05-28,60.82,60.82,60.82,60.82,55.72621899999999,200,0.0,1.0
2015-05-29,59.959998999999996,59.959998999999996,59.959998999999996,59.959998999999996,54.93824,1500,0.0,1.0
2015-06-01,59.959998999999996,59.959998999999996,59.959998999999996,59.959998999999996,54.93824,0,0.0,1.0
2015-06-02,60.419998,60.419998,60.419998,60.419998,55.359715,100,0.0,1.0
2015-06-03,60.419998,60.419998,60.419998,60.419998,55.359715,0,0.0,1.0
2015-06-04,60.419998,60.419998,60.419998,60.419998,55.359715,0,0.0,1.0
2015-06-05,60.419998,60.419998,60.419998,60.419998,55.359715,0,0.0,1.0
2015-06-08,59.16,59.16,59.16,59.16,54.205245999999995,200,0.0,1.0
2015-06-09,59.16,59.16,59.16,59.16,54.205245999999995,0,0.0,1.0
2015-06-10,60.0,60.029999,60.0,60.029999,55.002388,600,0.0,1.0
2015-06-11,60.240002000000004,60.240002000000004,60.240002000000004,60.240002000000004,55.194798,100,0.0,1.0
2015-06-12,59.790001000000004,59.790001000000004,59.790001000000004,59.790001000000004,54.782481999999995,200,0.0,1.0
2015-06-15,59.790001000000004,59.790001000000004,59.790001000000004,59.790001000000004,54.782481999999995,0,0.0,1.0
2015-06-16,59.790001000000004,59.790001000000004,59.790001000000004,59.790001000000004,54.782481999999995,0,0.0,1.0
2015-06-17,59.470001,59.470001,59.470001,59.470001,54.489288,400,0.0,1.0
2015-06-18,59.470001,59.470001,59.470001,59.470001,54.489288,0,0.0,1.0
2015-06-19,56.282001,56.282001,56.282001,56.282001,52.486668,200,1.04057,1.0
2015-06-22,56.282001,56.282001,56.282001,56.282001,52.486668,0,0.0,1.0
2015-06-23,56.282001,56.282001,56.282001,56.282001,52.486668,0,0.0,1.0
2015-06-24,59.209998999999996,59.330002,59.209998999999996,59.25,55.254523999999996,700,0.0,1.0
2015-06-25,59.25,59.25,59.25,59.25,55.254523999999996,0,0.0,1.0
2015-06-26,59.25,59.25,59.25,59.25,55.254523999999996,0,0.0,1.0
2015-06-29,59.25,59.25,57.91,57.91,54.004879,1000,0.0,1.0
2015-06-30,57.91,57.91,57.91,57.91,54.004879,0,0.0,1.0
2015-07-01,57.91,57.91,57.91,57.91,54.004879,0,0.0,1.0
2015-07-02,57.759997999999996,57.759997999999996,57.759997999999996,57.759997999999996,53.865002000000004,100,0.0,1.0
2015-07-06,57.759997999999996,57.759997999999996,57.759997999999996,57.759997999999996,53.865002000000004,0,0.0,1.0
2015-07-07,57.759997999999996,57.759997999999996,57.759997999999996,57.759997999999996,53.865002000000004,0,0.0,1.0
2015-07-08,57.759997999999996,57.759997999999996,57.759997999999996,57.759997999999996,53.865002000000004,0,0.0,1.0
2015-07-09,57.759997999999996,57.759997999999996,57.759997999999996,57.759997999999996,53.865002000000004,0,0.0,1.0
2015-07-10,57.759997999999996,57.759997999999996,57.759997999999996,57.759997999999996,53.865002000000004,0,0.0,1.0
2015-07-13,57.759997999999996,57.759997999999996,57.759997999999996,57.759997999999996,53.865002000000004,0,0.0,1.0
2015-07-14,57.759997999999996,57.759997999999996,57.759997999999996,57.759997999999996,53.865002000000004,0,0.0,1.0
2015-07-15,57.759997999999996,57.759997999999996,57.759997999999996,57.759997999999996,53.865002000000004,0,0.0,1.0
2015-07-16,57.759997999999996,57.759997999999996,57.759997999999996,57.759997999999996,53.865002000000004,0,0.0,1.0
2015-07-17,57.759997999999996,57.759997999999996,57.759997999999996,57.759997999999996,53.865002000000004,0,0.0,1.0
2015-07-20,57.759997999999996,57.759997999999996,57.759997999999996,57.759997999999996,53.865002000000004,0,0.0,1.0
2015-07-21,57.759997999999996,57.759997999999996,57.759997999999996,57.759997999999996,53.865002000000004,0,0.0,1.0
2015-07-22,57.759997999999996,57.759997999999996,57.759997999999996,57.759997999999996,53.865002000000004,0,0.0,1.0
2015-07-23,57.759997999999996,57.759997999999996,57.759997999999996,57.759997999999996,53.865002000000004,0,0.0,1.0
2015-07-24,58.150002,58.150002,57.360001000000004,57.540001000000004,53.65984,9400,0.0,1.0
2015-07-27,57.689999,57.689999,57.639998999999996,57.639998999999996,53.75309,300,0.0,1.0
2015-07-28,57.639998999999996,57.639998999999996,57.639998999999996,57.639998999999996,53.75309,0,0.0,1.0
2015-07-29,57.639998999999996,57.639998999999996,57.639998999999996,57.639998999999996,53.75309,0,0.0,1.0
2015-07-30,57.639998999999996,57.639998999999996,57.639998999999996,57.639998999999996,53.75309,0,0.0,1.0
2015-07-31,59.09,59.09,59.09,59.09,55.105312,100,0.0,1.0
2015-08-03,59.029999,59.060001,58.700001,58.75,54.788242000000004,600,0.0,1.0
2015-08-04,59.84,59.849998,58.830002,58.830002,54.862843000000005,800,0.0,1.0
2015-08-05,59.200001,59.200001,59.200001,59.200001,55.207893000000006,100,0.0,1.0
2015-08-06,59.200001,59.200001,59.200001,59.200001,55.207893000000006,0,0.0,1.0
2015-08-07,59.200001,59.200001,59.200001,59.200001,55.207893000000006,0,0.0,1.0
2015-08-10,59.200001,59.200001,59.200001,59.200001,55.207893000000006,0,0.0,1.0
2015-08-11,59.200001,59.200001,59.200001,59.200001,55.207893000000006,0,0.0,1.0
2015-08-12,59.200001,59.200001,59.200001,59.200001,55.207893000000006,0,0.0,1.0
2015-08-13,58.310001,58.310001,58.310001,58.310001,54.377911,100,0.0,1.0
2015-08-14,58.240002000000004,58.41,58.240002000000004,58.32,54.387234,900,0.0,1.0
2015-08-17,58.700001,58.700001,58.700001,58.700001,54.741611,100,0.0,1.0
2015-08-18,57.865002000000004,57.865002000000004,57.865002000000004,57.865002000000004,53.962920999999994,200,0.0,1.0
2015-08-19,57.865002000000004,57.865002000000004,57.865002000000004,57.865002000000004,53.962920999999994,0,0.0,1.0
2015-08-20,57.865002000000004,57.865002000000004,57.865002000000004,57.865002000000004,53.962920999999994,0,0.0,1.0
2015-08-21,55.630001,55.630001,55.630001,55.630001,51.878632,300,0.0,1.0
2015-08-24,55.630001,55.630001,55.630001,55.630001,51.878632,0,0.0,1.0
2015-08-25,55.630001,55.630001,55.630001,55.630001,51.878632,0,0.0,1.0
2015-08-26,54.234001,54.234001,54.234001,54.234001,50.576775,800,0.0,1.0
2015-08-27,54.234001,54.234001,54.234001,54.234001,50.576775,0,0.0,1.0
2015-08-28,55.108002,55.108002,55.108002,55.108002,51.391838,100,0.0,1.0
2015-08-31,55.108002,55.108002,55.108002,55.108002,51.391838,0,0.0,1.0
2015-09-01,52.939999,52.939999,52.939999,52.939999,49.370033,500,0.0,1.0
2015-09-02,52.939999,52.939999,52.939999,52.939999,49.370033,0,0.0,1.0
2015-09-03,54.16,54.16,54.16,54.16,50.507763,100,0.0,1.0
2015-09-04,54.16,54.16,54.16,54.16,50.507763,0,0.0,1.0
2015-09-08,54.16,54.16,54.16,54.16,50.507763,0,0.0,1.0
2015-09-09,54.740002000000004,54.740002000000004,54.740002000000004,54.740002000000004,51.048653,200,0.0,1.0
2015-09-10,54.740002000000004,54.740002000000004,54.740002000000004,54.740002000000004,51.048653,0,0.0,1.0
2015-09-11,54.740002000000004,54.740002000000004,54.740002000000004,54.740002000000004,51.048653,0,0.0,1.0
2015-09-14,54.740002000000004,54.740002000000004,54.740002000000004,54.740002000000004,51.048653,0,0.0,1.0
2015-09-15,54.740002000000004,54.740002000000004,54.740002000000004,54.740002000000004,51.048653,0,0.0,1.0
2015-09-16,54.740002000000004,54.740002000000004,54.740002000000004,54.740002000000004,51.048653,0,0.0,1.0
2015-09-17,54.740002000000004,54.740002000000004,54.740002000000004,54.740002000000004,51.048653,0,0.0,1.0
2015-09-18,54.619999,54.619999,54.220001,54.220001,50.563717,400,0.0,1.0
2015-09-21,54.220001,54.220001,54.220001,54.220001,50.563717,0,0.0,1.0
2015-09-22,54.220001,54.220001,54.220001,54.220001,50.563717,0,0.0,1.0
2015-09-23,54.220001,54.220001,54.220001,54.220001,50.563717,0,0.0,1.0
2015-09-24,54.220001,54.220001,54.220001,54.220001,50.563717,0,0.0,1.0
2015-09-25,53.169998,53.169998,53.169998,53.169998,49.584518,200,0.0,1.0
2015-09-28,56.938999,56.938999,53.189999,53.189999,49.603176,300,0.0,1.0
2015-09-29,53.189999,53.189999,53.189999,53.189999,49.603176,0,0.0,1.0
2015-09-30,53.189999,53.189999,53.189999,53.189999,49.603176,0,0.0,1.0
2015-10-01,53.189999,53.189999,53.189999,53.189999,49.603176,0,0.0,1.0
2015-10-02,53.689999,53.689999,53.689999,53.689999,50.06945,100,0.0,1.0
2015-10-05,53.689999,53.689999,53.689999,53.689999,50.06945,0,0.0,1.0
2015-10-06,53.689999,53.689999,53.689999,53.689999,50.06945,0,0.0,1.0
2015-10-07,55.040001000000004,55.040001000000004,55.040001000000004,55.040001000000004,51.328419,200,0.0,1.0
2015-10-08,55.202999,55.202999,55.202999,55.202999,51.480427,100,0.0,1.0
2015-10-09,55.830002,55.830002,55.529999,55.529999,51.785374,500,0.0,1.0
2015-10-12,55.529999,55.529999,55.529999,55.529999,51.785374,0,0.0,1.0
2015-10-13,55.529999,55.529999,55.529999,55.529999,51.785374,0,0.0,1.0
2015-10-14,55.529999,55.529999,55.529999,55.529999,51.785374,0,0.0,1.0
2015-10-15,56.0,56.0,56.0,56.0,52.223686,500,0.0,1.0
2015-10-16,56.0,56.0,56.0,56.0,52.223686,0,0.0,1.0
2015-10-19,56.0,56.0,56.0,56.0,52.223686,0,0.0,1.0
2015-10-20,56.0,56.0,56.0,56.0,52.223686,0,0.0,1.0
2015-10-21,56.0,56.0,56.0,56.0,52.223686,0,0.0,1.0
2015-10-22,56.0,56.0,56.0,56.0,52.223686,0,0.0,1.0
2015-10-23,57.080002,57.110001000000004,57.029999,57.110001000000004,53.25883100000001,2200,0.0,1.0
2015-10-26,57.110001000000004,57.110001000000004,57.110001000000004,57.110001000000004,53.25883100000001,0,0.0,1.0
2015-10-27,57.110001000000004,57.110001000000004,57.110001000000004,57.110001000000004,53.25883100000001,0,0.0,1.0
2015-10-28,57.110001000000004,57.110001000000004,57.110001000000004,57.110001000000004,53.25883100000001,0,0.0,1.0
2015-10-29,55.949001,56.330002,55.949001,56.330002,52.53143299999999,500,0.0,1.0
2015-10-30,56.330002,56.330002,56.330002,56.330002,52.53143299999999,0,0.0,1.0
2015-11-02,59.34,61.459998999999996,56.860001000000004,57.0,53.156245999999996,2000,0.0,1.0
2015-11-03,56.610001000000004,56.610001000000004,56.610001000000004,56.610001000000004,52.792549,400,0.0,1.0
2015-11-04,56.610001000000004,56.610001000000004,56.610001000000004,56.610001000000004,52.792549,0,0.0,1.0
2015-11-05,56.52,56.52,56.509997999999996,56.509997999999996,52.699291,1200,0.0,1.0
2015-11-06,56.509997999999996,56.509997999999996,56.509997999999996,56.509997999999996,52.699291,0,0.0,1.0
2015-11-09,54.919998,54.919998,54.919998,54.919998,51.216507,500,0.0,1.0
2015-11-10,55.290001000000004,55.41,55.257,55.41,51.673466,700,0.0,1.0
2015-11-11,55.41,55.41,55.41,55.41,51.673466,0,0.0,1.0
2015-11-12,55.41,55.41,55.41,55.41,51.673466,0,0.0,1.0
2015-11-13,54.393002,54.655998,54.393002,54.655998,50.97031,200,0.0,1.0
2015-11-16,54.655998,54.655998,54.655998,54.655998,50.97031,0,0.0,1.0
2015-11-17,55.630001,55.630001,55.360001000000004,55.360001000000004,51.626841999999996,300,0.0,1.0
2015-11-18,55.630001,55.950001,55.549999,55.950001,52.177059,1500,0.0,1.0
2015-11-19,55.950001,55.950001,55.950001,55.950001,52.177059,0,0.0,1.0
2015-11-20,56.150002,56.150002,55.876999,55.876999,52.108973999999996,800,0.0,1.0
2015-11-23,55.290001000000004,55.290001000000004,55.290001000000004,55.290001000000004,51.561562,100,0.0,1.0
2015-11-24,55.290001000000004,55.290001000000004,55.290001000000004,55.290001000000004,51.561562,0,0.0,1.0
2015-11-25,55.290001000000004,55.290001000000004,55.290001000000004,55.290001000000004,51.561562,0,0.0,1.0
2015-11-27,55.5,55.5,55.5,55.5,51.757397,100,0.0,1.0
2015-11-30,55.799999,55.970001,55.798,55.970001,52.195709,300,0.0,1.0
2015-12-01,56.349998,56.389998999999996,56.299999,56.374001,52.572464000000004,10900,0.0,1.0
2015-12-02,56.374001,56.374001,56.374001,56.374001,52.572464000000004,0,0.0,1.0
2015-12-03,55.494999,55.700001,55.494999,55.700001,51.943913,400,0.0,1.0
2015-12-04,55.830002,55.84,55.817001,55.817001,52.053028000000005,1200,0.0,1.0
2015-12-07,55.817001,55.817001,55.817001,55.817001,52.053028000000005,0,0.0,1.0
2015-12-08,54.974998,55.07,54.974998,55.07,51.356396000000004,800,0.0,1.0
2015-12-09,55.435001,55.435001,55.435001,55.435001,51.696781,200,0.0,1.0
2015-12-10,55.200001,57.860001000000004,54.75,54.75,51.057976000000004,24900,0.0,1.0
2015-12-11,54.18,54.279999,54.130001,54.27,50.610344,4300,0.0,1.0
2015-12-14,54.189999,54.189999,54.189999,54.189999,50.535740000000004,200,0.0,1.0
2015-12-15,54.790001000000004,54.790001000000004,54.139998999999996,54.203998999999996,50.548798,2000,0.0,1.0
2015-12-16,55.169998,55.169998,55.169998,55.169998,51.449653999999995,100,0.0,1.0
2015-12-17,54.73,54.869999,54.73,54.780998,51.086884000000005,2000,0.0,1.0
2015-12-18,54.0,54.18,53.5,53.5,50.421397999999996,7200,0.5748800000000001,1.0
2015-12-21,54.395,56.509997999999996,53.75,53.959998999999996,50.854923,6500,0.0,1.0
2015-12-22,54.259997999999996,54.259997999999996,54.259997999999996,54.259997999999996,51.137665000000005,100,0.0,1.0
2015-12-23,54.259997999999996,54.259997999999996,54.259997999999996,54.259997999999996,51.137665000000005,0,0.0,1.0
2015-12-24,55.279999,55.279999,54.82,54.82,51.665436,1100,0.0,1.0
2015-12-28,55.110001000000004,55.34,55.110001000000004,55.34,52.155521,3800,0.0,1.0
2015-12-29,55.57,56.16,55.57,56.150002,52.918907,4700,0.0,1.0
2015-12-30,55.5,55.5,55.040001000000004,55.040001000000004,51.87278,3500,0.0,1.0
2015-12-31,54.959998999999996,54.959998999999996,54.959998999999996,54.959998999999996,51.797385999999996,200,0.0,1.0
2016-01-04,53.009997999999996,53.43,53.009997999999996,53.422001,50.347889,6300,0.0,1.0
2016-01-05,53.422001,53.422001,53.422001,53.422001,50.347889,0,0.0,1.0
2016-01-06,53.009997999999996,53.009997999999996,52.672001,52.672001,49.641040999999994,600,0.0,1.0
2016-01-07,52.672001,52.672001,52.672001,52.672001,49.641040999999994,0,0.0,1.0
2016-01-08,52.119999,52.130001,52.119999,52.130001,49.130234,300,0.0,1.0
2016-01-11,52.130001,52.130001,51.556,51.556,48.589268,400,0.0,1.0
2016-01-12,51.494999,51.494999,51.494999,51.494999,48.531776,300,0.0,1.0
2016-01-13,51.494999,51.494999,51.494999,51.494999,48.531776,0,0.0,1.0
2016-01-14,51.82,51.82,51.400002,51.400002,48.442245,4300,0.0,1.0
2016-01-15,50.060001,50.060001,49.5,49.501999,46.653461,9700,0.0,1.0
2016-01-19,49.501999,49.501999,49.501999,49.501999,46.653461,0,0.0,1.0
2016-01-20,48.771999,49.0,48.771999,49.0,46.180351,400,0.0,1.0
2016-01-21,49.82,49.82,49.82,49.82,46.953159,200,0.0,1.0
2016-01-22,49.82,49.82,49.82,49.82,46.953159,0,0.0,1.0
2016-01-25,50.669998,50.669998,50.470001,50.470001,47.565762,400,0.0,1.0
2016-01-26,49.880001,49.880001,49.880001,49.880001,47.009708,100,0.0,1.0
2016-01-27,49.880001,49.880001,49.880001,49.880001,47.009708,0,0.0,1.0
2016-01-28,51.395,51.395,51.395,51.395,48.437527,200,0.0,1.0
2016-01-29,51.395,51.395,51.395,51.395,48.437527,0,0.0,1.0
2016-02-01,51.395,51.395,51.395,51.395,48.437527,0,0.0,1.0
2016-02-02,52.0,52.0,52.0,52.0,49.007713,200,0.0,1.0
2016-02-03,51.883998999999996,51.883998999999996,51.883998999999996,51.883998999999996,48.898388,100,0.0,1.0
2016-02-04,51.514,51.846001,51.514,51.846001,48.862579,800,0.0,1.0
2016-02-05,51.580002,51.580002,50.705002,50.705002,47.787234999999995,1200,0.0,1.0
2016-02-08,50.705002,50.705002,50.705002,50.705002,47.787234999999995,0,0.0,1.0
2016-02-09,50.165001000000004,50.165001000000004,50.165001000000004,50.165001000000004,47.278309,200,0.0,1.0
2016-02-10,50.165001000000004,50.165001000000004,50.165001000000004,50.165001000000004,47.278309,0,0.0,1.0
2016-02-11,49.369999,49.375,49.369999,49.369999,46.529053000000005,2900,0.0,1.0
2016-02-12,49.450001,50.150002,49.450001,50.150002,47.264175,400,0.0,1.0
2016-02-16,50.886002000000005,50.886002000000005,50.886002000000005,50.886002000000005,47.957817,300,0.0,1.0
2016-02-17,51.936001,51.936001,51.936001,51.936001,48.947399,200,0.0,1.0
2016-02-18,53.580002,53.580002,51.292,51.459,48.497845,400,0.0,1.0
2016-02-19,51.459,51.459,51.459,51.459,48.497845,0,0.0,1.0
2016-02-22,51.459,51.459,51.459,51.459,48.497845,0,0.0,1.0
2016-02-23,51.91,51.91,51.549999,51.549999,48.583611,300,0.0,1.0
2016-02-24,50.689999,51.25,50.689999,51.25,48.300872999999996,900,0.0,1.0
2016-02-25,51.66,51.860001000000004,51.66,51.860001000000004,48.875771,200,0.0,1.0
2016-02-26,51.380001,51.380001,51.380001,51.380001,48.423389,100,0.0,1.0
2016-02-29,51.195999,51.389998999999996,51.110001000000004,51.222,48.274483000000004,2200,0.0,1.0
2016-03-01,51.93,52.220001,51.93,52.200001,49.196209,14300,0.0,1.0
2016-03-02,52.77,52.77,52.77,52.77,49.733406,200,0.0,1.0
2016-03-03,53.028999,53.028999,53.028999,53.028999,49.977501000000004,200,0.0,1.0
2016-03-04,53.587002000000005,53.587002000000005,53.587002000000005,53.587002000000005,50.503395000000005,200,0.0,1.0
2016-03-07,53.587002000000005,53.587002000000005,53.587002000000005,53.587002000000005,50.503395000000005,0,0.0,1.0
2016-03-08,53.587002000000005,53.587002000000005,53.587002000000005,53.587002000000005,50.503395000000005,0,0.0,1.0
2016-03-09,53.587002000000005,53.587002000000005,53.587002000000005,53.587002000000005,50.503395000000005,0,0.0,1.0
2016-03-10,52.946999,52.946999,52.946999,52.946999,49.900219,100,0.0,1.0
2016-03-11,53.944,53.944,53.740002000000004,53.740002000000004,50.647591,4100,0.0,1.0
2016-03-14,53.860001000000004,54.044998,53.73,54.044998,50.935036,4200,0.0,1.0
2016-03-15,54.044998,54.044998,54.044998,54.044998,50.935036,0,0.0,1.0
2016-03-16,53.299999,53.308997999999995,53.193001,53.193001,50.132065000000004,800,0.0,1.0
2016-03-17,53.193001,53.193001,53.193001,53.193001,50.132065000000004,0,0.0,1.0
2016-03-18,54.037997999999995,54.037997999999995,54.037997999999995,54.037997999999995,50.92844,200,0.0,1.0
2016-03-21,54.240002000000004,54.360001000000004,54.240002000000004,54.360001000000004,51.231907,400,0.0,1.0
2016-03-22,54.360001000000004,54.360001000000004,54.360001000000004,54.360001000000004,51.231907,0,0.0,1.0
2016-03-23,53.75,53.75,53.75,53.75,50.657013,300,0.0,1.0
2016-03-24,53.375999,53.375999,53.375999,53.375999,50.304531,300,0.0,1.0
2016-03-28,53.659,53.675999,53.659,53.675999,50.587272999999996,600,0.0,1.0
2016-03-29,53.824001,53.824001,53.810001,53.810001,50.713558,1100,0.0,1.0
2016-03-30,53.810001,53.810001,53.810001,53.810001,50.713558,0,0.0,1.0
2016-03-31,54.605999,54.605999,54.130001,54.25,51.128242,5100,0.0,1.0
2016-04-01,53.469002,53.469002,53.41,53.41,50.336578,600,0.0,1.0
2016-04-04,53.41,53.41,53.41,53.41,50.336578,0,0.0,1.0
2016-04-05,52.810001,52.82,52.797001,52.82,49.780529,700,0.0,1.0
2016-04-06,53.25,53.599998,53.25,53.599998,50.515640000000005,1300,0.0,1.0
2016-04-07,53.59,53.59,53.5,53.5,50.421397999999996,400,0.0,1.0
2016-04-08,53.490002000000004,54.07,53.490002000000004,53.900002,50.798382000000004,1400,0.0,1.0
2016-04-11,53.900002,53.900002,53.900002,53.900002,50.798382000000004,0,0.0,1.0
2016-04-12,54.529999,54.529999,54.529999,54.529999,51.392128,100,0.0,1.0
2016-04-13,55.389998999999996,55.389998999999996,55.0,55.0,51.835083000000004,2300,0.0,1.0
2016-04-14,55.57,55.57,55.262001,55.57,52.372279999999996,3900,0.0,1.0
2016-04-15,54.900002,55.058997999999995,54.900002,55.058997999999995,51.890682,500,0.0,1.0
2016-04-18,55.303001,55.303001,55.303001,55.303001,52.120651,200,0.0,1.0
2016-04-19,56.68,56.68,56.68,56.68,53.418406999999995,400,0.0,1.0
2016-04-20,56.616001000000004,56.740002000000004,56.616001000000004,56.740002000000004,53.474959999999996,1000,0.0,1.0
2016-04-21,56.25,56.43,56.16,56.189999,52.956607999999996,1100,0.0,1.0
2016-04-22,56.02,56.02,56.02,56.02,52.796391,200,0.0,1.0
2016-04-25,55.900002,55.900002,55.900002,55.900002,52.683296,200,0.0,1.0
2016-04-26,55.901001,55.901001,55.901001,55.901001,52.684238,200,0.0,1.0
2016-04-27,55.901001,55.901001,55.901001,55.901001,52.684238,0,0.0,1.0
2016-04-28,55.083,55.083,55.083,55.083,51.913303000000006,200,0.0,1.0
2016-04-29,55.083,55.083,55.083,55.083,51.913303000000006,0,0.0,1.0
2016-05-02,55.083,55.083,55.083,55.083,51.913303000000006,0,0.0,1.0
2016-05-03,54.916,54.916,54.916,54.916,51.755913,200,0.0,1.0
2016-05-04,54.916,54.916,54.916,54.916,51.755913,0,0.0,1.0
2016-05-05,54.441002000000005,54.441002000000005,54.125999,54.125999,51.011375,700,0.0,1.0
2016-05-06,54.245998,54.245998,54.234001,54.234001,51.113167,800,0.0,1.0
2016-05-09,54.263,54.263,54.263,54.263,51.140491,100,0.0,1.0
2016-05-10,54.263,54.263,54.263,54.263,51.140491,0,0.0,1.0
2016-05-11,54.956001,54.988997999999995,54.956001,54.988997999999995,51.824715000000005,400,0.0,1.0
2016-05-12,54.502998,54.502998,54.502998,54.502998,51.36668,400,0.0,1.0
2016-05-13,54.290001000000004,54.290001000000004,54.290001000000004,54.290001000000004,51.165939,100,0.0,1.0
2016-05-16,54.290001000000004,54.290001000000004,54.290001000000004,54.290001000000004,51.165939,100,0.0,1.0
2016-05-17,54.290001000000004,54.290001000000004,54.290001000000004,54.290001000000004,51.165939,0,0.0,1.0
2016-05-18,54.32,54.32,54.32,54.32,51.19421,300,0.0,1.0
2016-05-19,54.32,54.32,54.32,54.32,51.19421,100,0.0,1.0
2016-05-20,54.400002,54.400002,54.358002,54.358002,51.230034,1200,0.0,1.0
2016-05-23,54.040001000000004,54.27,53.889998999999996,54.173,51.055671999999994,1100,0.0,1.0
2016-05-24,54.173,54.173,54.173,54.173,51.055671999999994,0,0.0,1.0
2016-05-25,55.389998999999996,55.389998999999996,55.389998999999996,55.389998999999996,52.202644,400,0.0,1.0
2016-05-26,55.389998999999996,55.389998999999996,55.389998999999996,55.389998999999996,52.202644,0,0.0,1.0
2016-05-27,55.049999,55.369999,55.049999,55.369999,52.183792,1500,0.0,1.0
2016-05-31,55.240002000000004,55.259997999999996,55.240002000000004,55.259997999999996,52.08012,500,0.0,1.0
2016-06-01,55.043999,55.043999,55.043999,55.043999,51.876549,400,0.0,1.0
2016-06-02,55.043999,55.043999,55.043999,55.043999,51.876549,0,0.0,1.0
2016-06-03,55.299999,55.349998,55.299999,55.349998,52.164936,200,0.0,1.0
2016-06-06,55.720001,55.779999,55.720001,55.779999,52.570202,200,0.0,1.0
2016-06-07,55.779999,55.779999,55.779999,55.779999,52.570202,0,0.0,1.0
2016-06-08,55.779999,55.779999,55.779999,55.779999,52.570202,0,0.0,1.0
2016-06-09,55.77,55.77,55.369999,55.759997999999996,52.551345999999995,900,0.0,1.0
2016-06-10,54.369999,54.369999,54.369999,54.369999,51.241337,700,0.0,1.0
2016-06-13,53.529999,53.529999,53.529999,53.529999,50.449673,200,0.0,1.0
2016-06-14,53.529999,53.529999,53.529999,53.529999,50.449673,0,0.0,1.0
2016-06-15,53.529999,53.529999,53.529999,53.529999,50.449673,0,0.0,1.0
2016-06-16,53.529999,53.529999,53.529999,53.529999,50.449673,0,0.0,1.0
2016-06-17,52.152,52.152,52.152,52.152,50.024368,100,0.934609,1.0
2016-06-20,54.131001,54.220001,53.849998,53.946999,51.746136,4900,0.0,1.0
2016-06-21,53.946999,53.946999,53.946999,53.946999,51.746136,0,0.0,1.0
2016-06-22,54.448002,54.448002,54.448002,54.448002,52.226704,300,0.0,1.0
2016-06-23,55.625999,55.625999,55.625999,55.625999,53.356643999999996,100,0.0,1.0
2016-06-24,54.950001,54.950001,51.337002000000005,52.234001,50.103024,1600,0.0,1.0
2016-06-27,50.439999,50.549999,49.938,50.450001,48.391804,2300,0.0,1.0
2016-06-28,53.029999,53.029999,51.23,51.810001,49.69632,1100,0.0,1.0
2016-06-29,52.789001,53.040001000000004,52.685001,52.703998999999996,50.553847999999995,5900,0.0,1.0
2016-06-30,53.285,53.568001,53.285,53.568001,51.382603,500,0.0,1.0
2016-07-01,53.66,53.66,53.66,53.66,51.470848,200,0.0,1.0
2016-07-05,53.66,53.66,53.66,53.66,51.470848,0,0.0,1.0
2016-07-06,52.299999,52.75,52.299999,52.75,50.597972999999996,800,0.0,1.0
2016-07-07,52.75,52.75,52.75,52.75,50.597972999999996,0,0.0,1.0
2016-07-08,53.110001000000004,53.310001,53.110001000000004,53.310001,51.135128,1000,0.0,1.0
2016-07-11,53.862,53.862,53.862,53.862,51.664608,200,0.0,1.0
2016-07-12,54.285,54.285,54.285,54.285,52.070351,200,0.0,1.0
2016-07-13,54.285,54.285,54.285,54.285,52.070351,100,0.0,1.0
2016-07-14,54.285,54.285,54.285,54.285,52.070351,0,0.0,1.0
2016-07-15,55.369999,55.369999,54.470001,54.66,52.43005,1900,0.0,1.0
2016-07-18,54.349998,54.349998,54.349998,54.349998,52.132698,300,0.0,1.0
2016-07-19,53.953998999999996,54.16,53.953998999999996,54.048,51.843018,1100,0.0,1.0
2016-07-20,54.610001000000004,54.610001000000004,54.610001000000004,54.610001000000004,52.382092,11400,0.0,1.0
2016-07-21,54.610001000000004,54.610001000000004,54.610001000000004,54.610001000000004,52.382092,0,0.0,1.0
2016-07-22,54.490002000000004,54.490002000000004,54.403999,54.403999,52.184498,1000,0.0,1.0
2016-07-25,54.303001,54.303001,54.303001,54.303001,52.087612,100,0.0,1.0
2016-07-26,54.486,54.610001000000004,54.486,54.610001000000004,52.382092,600,0.0,1.0
2016-07-27,54.209998999999996,54.209998999999996,54.209998999999996,54.209998999999996,51.998409,4000,0.0,1.0
2016-07-28,54.408001,54.654999,54.408001,54.528,52.303436,1500,0.0,1.0
2016-07-29,54.919998,55.299,54.919998,55.299,53.042984,500,0.0,1.0
2016-08-01,55.099998,55.099998,55.099998,55.099998,52.852097,100,0.0,1.0
2016-08-02,54.963001,54.963001,54.851002,54.851002,52.613262,1000,0.0,1.0
2016-08-03,54.610001000000004,54.669998,54.419998,54.419998,52.199844,900,0.0,1.0
2016-08-04,54.523998,54.523998,54.523998,54.523998,52.299599,800,0.0,1.0
2016-08-05,54.91,54.91,54.758998999999996,54.758998999999996,52.525013,400,0.0,1.0
2016-08-08,54.560001,54.560001,54.560001,54.560001,52.334129,300,0.0,1.0
2016-08-09,54.560001,54.560001,54.560001,54.560001,52.334129,0,0.0,1.0
2016-08-10,55.619999,55.619999,55.444,55.509997999999996,53.245373,500,0.0,1.0
2016-08-11,55.82,55.919998,55.77,55.919998,53.638649,700,0.0,1.0
2016-08-12,55.970001,55.970001,55.799999,55.799999,53.523540000000004,400,0.0,1.0
2016-08-15,55.799999,55.799999,55.799999,55.799999,53.523540000000004,0,0.0,1.0
2016-08-16,55.782001,55.782001,55.782001,55.782001,53.506279000000006,200,0.0,1.0
2016-08-17,55.549999,55.689999,55.549999,55.667999,53.396927000000005,1100,0.0,1.0
2016-08-18,56.16,59.990002000000004,55.860001000000004,55.98,53.696201,6700,0.0,1.0
2016-08-19,55.48,55.560001,55.450001,55.560001,53.293339,1100,0.0,1.0
2016-08-22,55.220001,55.655998,55.220001,55.450001,53.187819999999995,1200,0.0,1.0
2016-08-23,56.067001,56.110001000000004,56.067001,56.110001000000004,53.8209,900,0.0,1.0
2016-08-24,56.470001,56.470001,55.903999,55.903999,53.623295,300,0.0,1.0
2016-08-25,55.903999,55.903999,55.903999,55.903999,53.623295,0,0.0,1.0
2016-08-26,55.903999,55.903999,55.903999,55.903999,53.623295,0,0.0,1.0
2016-08-29,56.0,56.0,55.240002000000004,55.240002000000004,52.98639300000001,300,0.0,1.0
2016-08-30,55.119999,55.169998,55.119999,55.169998,52.919247,300,0.0,1.0
2016-08-31,55.150002,55.150002,54.849998,54.944,52.702465000000004,2100,0.0,1.0
2016-09-01,55.348,55.348,55.348,55.348,53.089985,700,0.0,1.0
2016-09-02,55.348,55.348,55.348,55.348,53.089985,100,0.0,1.0
2016-09-06,56.27,56.472,56.099998,56.472,54.168125,4000,0.0,1.0
2016-09-07,56.561001,56.720001,56.16,56.16,53.868857999999996,2700,0.0,1.0
2016-09-08,56.16,56.16,56.16,56.16,53.868857999999996,0,0.0,1.0
2016-09-09,55.650002,55.650002,55.096001,55.130001,52.880878,1200,0.0,1.0
2016-09-12,55.150002,55.529999,55.060001,55.529999,53.264556999999996,500,0.0,1.0
2016-09-13,54.490002000000004,54.490002000000004,54.490002000000004,54.490002000000004,52.266987,100,0.0,1.0
2016-09-14,54.605999,54.650002,54.501999,54.501999,52.2785,600,0.0,1.0
2016-09-15,54.880001,54.880001,54.880001,54.880001,52.641075,200,0.0,1.0
2016-09-16,54.880001,54.880001,54.880001,54.880001,52.641075,0,0.0,1.0
2016-09-19,54.75,54.75,54.75,54.75,52.516380000000005,500,0.0,1.0
2016-09-20,54.75,54.75,54.75,54.75,52.516380000000005,0,0.0,1.0
2016-09-21,55.254002,55.254002,55.16,55.16,52.909649,800,0.0,1.0
2016-09-22,56.619999,56.619999,56.380001,56.419998,54.118248,34300,0.0,1.0
2016-09-23,55.862,55.862,55.862,55.862,53.583012,400,0.0,1.0
2016-09-26,55.48,55.48,55.450001,55.450001,53.187819999999995,1200,0.0,1.0
2016-09-27,55.450001,55.450001,55.450001,55.450001,53.187819999999995,300,0.0,1.0
2016-09-28,55.450001,55.450001,55.450001,55.450001,53.187819999999995,0,0.0,1.0
2016-09-29,55.404999,55.404999,55.404999,55.404999,53.144656999999995,200,0.0,1.0
2016-09-30,55.32,55.57,55.209998999999996,55.57,53.302921,3400,0.0,1.0
2016-10-03,55.32,55.490002000000004,55.32,55.369999,53.111084,600,0.0,1.0
2016-10-04,55.57,55.57,55.57,55.57,53.302921,100,0.0,1.0
2016-10-05,55.360001000000004,55.360001000000004,55.349998,55.349998,53.091896,600,0.0,1.0
2016-10-06,55.195999,55.195999,54.884997999999996,54.91,52.669853,600,0.0,1.0
2016-10-07,54.599998,54.599998,54.599998,54.599998,52.372501,500,0.0,1.0
2016-10-10,55.027,55.027,54.821999,54.821999,52.58544200000001,300,0.0,1.0
2016-10-11,54.119999,54.119999,54.119999,54.119999,51.912079,100,0.0,1.0
2016-10-12,53.972,53.972,53.918999,53.918999,51.71928,800,0.0,1.0
2016-10-13,53.918999,53.918999,53.918999,53.918999,51.71928,0,0.0,1.0
2016-10-14,53.918999,53.918999,53.918999,53.918999,51.71928,0,0.0,1.0
2016-10-17,53.918999,53.918999,53.918999,53.918999,51.71928,0,0.0,1.0
2016-10-18,53.918999,53.918999,53.918999,53.918999,51.71928,0,0.0,1.0
2016-10-19,54.507,54.507,54.360001000000004,54.361,52.143253,700,0.0,1.0
2016-10-20,54.349998,54.540001000000004,54.349998,54.5,52.276581,21900,0.0,1.0
2016-10-21,53.900002,53.900002,53.900002,53.900002,51.701060999999996,1400,0.0,1.0
2016-10-24,53.900002,53.900002,53.900002,53.900002,51.701060999999996,0,0.0,1.0
2016-10-25,54.049999,54.112,54.049999,54.112,51.904410999999996,1500,0.0,1.0
2016-10-26,53.694,53.694,53.694,53.694,51.50346,500,0.0,1.0
2016-10-27,54.049999,54.049999,53.807999,53.807999,51.612808,1900,0.0,1.0
2016-10-28,53.807999,53.807999,53.807999,53.807999,51.612808,0,0.0,1.0
2016-10-31,53.77,53.77,53.77,53.77,51.576363,100,0.0,1.0
2016-11-01,53.77,53.77,53.77,53.77,51.576363,0,0.0,1.0
2016-11-02,53.77,53.77,53.77,53.77,51.576363,0,0.0,1.0
2016-11-03,53.459998999999996,53.5,53.459998999999996,53.5,51.317375,900,0.0,1.0
2016-11-04,53.5,53.5,53.5,53.5,51.317375,0,0.0,1.0
2016-11-07,53.5,53.5,53.5,53.5,51.317375,0,0.0,1.0
2016-11-08,53.339001,53.75,53.339001,53.599998,51.413292,600,0.0,1.0
2016-11-09,53.105999,53.779999,53.105999,53.609001,51.421928,1700,0.0,1.0
2016-11-10,52.869999,53.060001,52.775002,52.990002000000004,50.828182,1800,0.0,1.0
2016-11-11,52.810001,52.833,52.810001,52.833,50.677586,700,0.0,1.0
2016-11-14,52.799999,52.799999,52.799999,52.799999,50.645931,300,0.0,1.0
2016-11-15,51.77,52.73,51.77,52.68,50.530827,600,0.0,1.0
2016-11-16,52.208,52.228001,52.208,52.228001,50.097271,800,0.0,1.0
2016-11-17,52.5,52.634997999999996,52.5,52.59,50.444503999999995,24100,0.0,1.0
2016-11-18,52.016998,52.016998,51.939999,51.941002000000005,49.821979999999996,900,0.0,1.0
2016-11-21,52.27,52.27,52.27,52.27,50.137558,500,0.0,1.0
2016-11-22,54.220001,54.220001,52.296001000000004,52.296001000000004,50.162498,2900,0.0,1.0
2016-11-23,51.959998999999996,52.25,51.959998999999996,51.997002,49.875698,2600,0.0,1.0
2016-11-25,52.532001,52.532001,52.450001,52.459998999999996,50.319801,2900,0.0,1.0
2016-11-28,52.459998999999996,52.459998999999996,52.459998999999996,52.459998999999996,50.319801,0,0.0,1.0
2016-11-29,52.389,52.778999,52.389,52.778999,50.62579,400,0.0,1.0
2016-11-30,52.419998,52.419998,52.419998,52.419998,50.281433,200,0.0,1.0
2016-12-01,52.226002,52.349998,52.206001,52.349998,50.214290999999996,215300,0.0,1.0
2016-12-02,52.400002,52.400002,52.389998999999996,52.400002,50.262257,75800,0.0,1.0
2016-12-05,52.75,52.93,52.619999,52.860001000000004,50.703487,267200,0.0,1.0
2016-12-06,53.650002,53.650002,52.860001000000004,53.130001,50.962471,532700,0.0,1.0
2016-12-07,53.16,53.700001,53.119999,53.700001,51.509215999999995,18900,0.0,1.0
2016-12-08,53.810001,53.810001,53.436001,53.529999,51.346149,5000,0.0,1.0
2016-12-09,53.98,53.98,53.610001000000004,53.82,51.624317,14400,0.0,1.0
2016-12-12,54.040001000000004,54.049999,53.605999,53.700001,51.509215999999995,8800,0.0,1.0
2016-12-13,55.150002,55.150002,54.191002000000005,54.360001000000004,52.142288,8800,0.0,1.0
2016-12-14,54.179001,54.18,53.610001000000004,53.610001000000004,51.422894,1700,0.0,1.0
2016-12-15,53.380001,53.48,53.32,53.470001,51.288596999999996,20200,0.0,1.0
2016-12-16,53.23,53.400002,53.23,53.400002,51.36026,7400,0.144503,1.0
2016-12-19,53.508998999999996,53.508998999999996,53.380001,53.380001,51.341021999999995,13600,0.0,1.0
2016-12-20,53.450001,53.529999,53.349998,53.52,51.475674,12000,0.0,1.0
2016-12-21,53.529999,53.529999,53.348999,53.509997999999996,51.466057,14400,0.0,1.0
2016-12-22,53.509997999999996,53.528999,53.386002000000005,53.48,51.437202,38900,0.0,1.0
2016-12-23,53.16,53.68,53.16,53.68,51.629566,38600,0.0,1.0
2016-12-27,53.59,53.709998999999996,53.549999,53.669998,51.619942,17000,0.0,1.0
2016-12-28,53.470001,53.48,53.360001000000004,53.360001000000004,51.321789,4600,0.0,1.0
2016-12-29,53.619999,53.619999,53.360001000000004,53.59,51.542999,11700,0.0,1.0
2016-12-30,53.863997999999995,53.990002000000004,53.683997999999995,53.710999,51.659378000000004,6400,0.0,1.0
2017-01-03,53.560001,53.950001,53.549999,53.950001,51.889247999999995,38000,0.0,1.0
2017-01-04,54.16,54.450001,54.049999,54.439999,52.360531,21400,0.0,1.0
2017-01-05,54.200001,55.049999,54.200001,55.040001000000004,52.937614,166900,0.0,1.0
2017-01-06,54.84,54.879002,54.57,54.57,52.48556899999999,7900,0.0,1.0
2017-01-09,54.639998999999996,54.84,54.450001,54.82,52.726017000000006,10700,0.0,1.0
2017-01-10,54.806999,55.07,54.52,54.689999,52.60098299999999,51600,0.0,1.0
2017-01-11,54.696999,55.080002,54.220001,54.924999,52.827006999999995,9200,0.0,1.0
2017-01-12,55.16,55.16,54.893002,55.009997999999996,52.90876,3200,0.0,1.0
2017-01-13,55.25,55.259997999999996,55.035,55.189999,53.08188199999999,11600,0.0,1.0
2017-01-17,55.119999,55.290001000000004,54.93,54.93,52.831818000000005,8900,0.0,1.0
2017-01-18,55.130001,55.189999,54.679001,54.959998999999996,52.860671999999994,6400,0.0,1.0
2017-01-19,54.919998,54.919998,54.716999,54.880001,52.783726,28200,0.0,1.0
2017-01-20,54.957001,55.02,54.639998999999996,55.009997999999996,52.90876,7400,0.0,1.0
2017-01-23,54.950001,55.240002000000004,54.910999,55.23,53.120354000000006,9500,0.0,1.0
2017-01-24,55.259997999999996,55.259997999999996,55.048,55.220001,53.110737,6600,0.0,1.0
2017-01-25,55.580002,55.73,55.470001,55.73,53.601257,19300,0.0,1.0
2017-01-26,55.528999,55.549999,55.470001,55.5,53.38004300000001,12600,0.0,1.0
2017-01-27,55.470001,55.470001,55.279999,55.459998999999996,53.341572,4500,0.0,1.0
2017-01-30,57.619999,57.619999,54.950001,55.139,53.032833,5400,0.0,1.0
2017-01-31,55.216999,55.459998999999996,55.006001,55.41,53.29348,5600,0.0,1.0
2017-02-01,55.279999,55.790001000000004,55.279999,55.740002000000004,53.610874,15400,0.0,1.0
2017-02-02,55.299999,55.650002,55.244999,55.650002,53.524315,8700,0.0,1.0
2017-02-03,55.790001000000004,55.994999,55.530998,55.810001,53.678204,8300,0.0,1.0
2017-02-06,55.540001000000004,55.585999,55.376999,55.57,53.447365000000005,8800,0.0,1.0
2017-02-07,55.419998,55.610001000000004,55.119999,55.560001,53.43775600000001,11600,0.0,1.0
2017-02-08,55.599998,55.91,55.43,55.450001,53.331951000000004,18600,0.0,1.0
2017-02-09,55.591,55.900002,55.591,55.82,53.687819999999995,5600,0.0,1.0
2017-02-10,55.900002,56.049999,55.567001,56.029999,53.889796999999994,13400,0.0,1.0
2017-02-13,56.099998,56.257999,55.985001000000004,56.099998,53.957122999999996,14500,0.0,1.0
2017-02-14,55.91,55.970001,55.643002,55.959998999999996,53.822472,4500,0.0,1.0
2017-02-15,55.889998999999996,56.73,55.740002000000004,56.150002,54.005215,3800,0.0,1.0
2017-02-16,56.240002000000004,56.360001000000004,56.173,56.279999,54.130249,7200,0.0,1.0
2017-02-17,56.23,56.330002,56.040001000000004,56.330002,54.17834499999999,11700,0.0,1.0
2017-02-21,56.349998,56.43,56.071999,56.303001,54.15237,8500,0.0,1.0
2017-02-22,56.272999,56.494999,56.234001,56.384997999999996,54.231235999999996,7700,0.0,1.0
2017-02-23,56.825001,56.825001,56.431,56.66,54.495731000000006,6100,0.0,1.0
2017-02-24,56.119999,56.639998999999996,56.029999,56.409,54.254321999999995,19800,0.0,1.0
2017-02-27,56.189999,56.535,56.162997999999995,56.275002,54.125443000000004,2900,0.0,1.0
2017-02-28,56.310001,56.549999,56.299999,56.549999,54.389938,8900,0.0,1.0
2017-03-01,56.259997999999996,56.950001,56.259997999999996,56.639998999999996,54.476498,159500,0.0,1.0
2017-03-02,56.509997999999996,56.606998,56.376999,56.476002,54.318768000000006,3400,0.0,1.0
2017-03-03,56.529999,56.849998,56.419998,56.419998,54.2649,8500,0.0,1.0
2017-03-06,56.439999,56.669998,56.419998,56.560001,54.399551,10500,0.0,1.0
2017-03-07,56.18,56.509997999999996,56.18,56.509997999999996,54.351459999999996,8300,0.0,1.0
2017-03-08,56.224998,56.363997999999995,55.849998,55.849998,53.716675,19400,0.0,1.0
2017-03-09,56.251999,56.424999,56.099998,56.099998,53.957122999999996,4600,0.0,1.0
2017-03-10,56.689999,56.830002,56.599998,56.745998,54.578449,7000,0.0,1.0
2017-03-13,57.084,57.200001,56.939999,57.055,54.875645,7700,0.0,1.0
2017-03-14,57.18,57.18,56.459998999999996,56.759997999999996,54.591910999999996,1800,0.0,1.0
2017-03-15,56.799999,57.57,56.799999,57.380001,55.18823199999999,5900,0.0,1.0
2017-03-16,57.792999,57.860001000000004,57.57,57.633998999999996,55.432529,6700,0.0,1.0
2017-03-17,57.580002,57.939999,57.549999,57.889998999999996,55.678753,11700,0.0,1.0
2017-03-20,57.990002000000004,58.029999,57.650002,57.923,55.710491000000005,15400,0.0,1.0
2017-03-21,59.380001,59.380001,57.484001,57.484001,55.288261,4800,0.0,1.0
2017-03-22,57.639998999999996,57.825001,57.259997999999996,57.738997999999995,55.533516000000006,4700,0.0,1.0
2017-03-23,57.490002000000004,57.98,57.490002000000004,57.773998,55.567181000000005,15700,0.0,1.0
2017-03-24,57.990002000000004,58.023998,57.863997999999995,58.001999,55.786476,8200,0.0,1.0
2017-03-27,58.099998,58.360001000000004,58.09,58.327,56.099059999999994,5300,0.0,1.0
2017-03-28,58.25,58.439999,58.080002,58.299999,56.07309,3200,0.0,1.0
2017-03-29,58.105,58.439999,57.900002,58.360001000000004,56.130802,23900,0.0,1.0
2017-03-30,58.450001,58.450001,57.919998,58.060001,55.842257999999994,17000,0.0,1.0
2017-03-31,57.959998999999996,58.161999,57.779999,57.91,55.697987,65500,0.0,1.0
2017-04-03,57.970001,57.993,57.549999,57.720001,55.515243999999996,10700,0.0,1.0
2017-04-04,57.716999,58.015999,57.716999,58.015999,55.799938,2200,0.0,1.0
2017-04-05,57.959998999999996,58.166,57.5,57.5,55.30364599999999,23600,0.0,1.0
2017-04-06,57.888,57.965,57.459998999999996,57.540001000000004,55.342125,17300,0.0,1.0
2017-04-07,57.669998,57.956001,57.669998,57.77,55.563331999999996,6700,0.0,1.0
2017-04-10,57.509997999999996,57.823002,57.509997999999996,57.637001,55.435417,4300,0.0,1.0
2017-04-11,57.52,58.110001000000004,57.52,58.110001000000004,55.89035,3400,0.0,1.0
2017-04-12,58.0,58.040001000000004,57.834,57.880001,55.669136,4800,0.0,1.0
2017-04-13,57.883998999999996,58.021,57.459998999999996,57.720001,55.515243999999996,17800,0.0,1.0
2017-04-17,58.02,58.32,58.02,58.310001,56.082714,14700,0.0,1.0
2017-04-18,57.886002000000005,58.02,57.598,58.02,55.803787,14000,0.0,1.0
2017-04-19,58.0,58.0,57.470001,57.470001,55.274799,11100,0.0,1.0
2017-04-20,58.240002000000004,58.34,57.997002,58.060001,55.842257999999994,18300,0.0,1.0
2017-04-21,58.23,58.23,57.73,57.970001,55.755694999999996,14100,0.0,1.0
2017-04-24,59.34,59.34,59.0,59.290001000000004,57.025276,3700,0.0,1.0
2017-04-25,59.452,59.689999,59.452,59.630001,57.352287,4200,0.0,1.0
2017-04-26,59.299999,59.646,59.279999,59.43,57.159924,9400,0.0,1.0
2017-04-27,59.400002,59.740002000000004,59.380001,59.540001000000004,57.265728,23600,0.0,1.0
2017-04-28,59.5,59.5,59.223,59.360001000000004,57.092602,11900,0.0,1.0
2017-05-01,59.564999,59.720001,59.564999,59.604,57.327278,14300,0.0,1.0
2017-05-02,59.950001,60.119999,59.709998999999996,59.91,57.621590000000005,8400,0.0,1.0
2017-05-03,59.77,60.16,59.59,59.858002,57.57157900000001,20700,0.0,1.0
2017-05-04,59.944,60.43,59.944,60.43,58.121731000000004,9400,0.0,1.0
2017-05-05,60.619999,60.939999,60.530998,60.896999,58.57089200000001,17100,0.0,1.0
2017-05-08,60.52,60.68,60.52,60.549999,58.237143999999994,7900,0.0,1.0
2017-05-09,60.48,60.84,60.188,60.379002,58.072681,16500,0.0,1.0
2017-05-10,60.529999,60.630001,60.400002,60.630001,58.314094999999995,14400,0.0,1.0
2017-05-11,62.689999,62.689999,60.125,60.66,58.34294499999999,26200,0.0,1.0
2017-05-12,60.990002000000004,60.990002000000004,60.509997999999996,60.709,58.390071999999996,13500,0.0,1.0
2017-05-15,60.91,61.189999,60.75,61.049999,58.718047999999996,8800,0.0,1.0
2017-05-16,61.380001,61.625,61.362,61.540001000000004,59.189331,6500,0.0,1.0
2017-05-17,61.209998999999996,61.477001,61.02,61.02,58.68919399999999,5400,0.0,1.0
2017-05-18,61.099998,61.560001,60.799999,61.560001,59.208569,43700,0.0,1.0
2017-05-19,61.779999,61.830002,61.452999,61.688999,59.332638,6500,0.0,1.0
2017-05-22,61.919998,62.02,61.723,61.82,59.458633,7200,0.0,1.0
2017-05-23,61.830002,61.965,61.689999,61.880001,59.516346,8500,0.0,1.0
2017-05-24,61.59,61.895,61.59,61.869999,59.506725,4700,0.0,1.0
2017-05-25,61.93,62.07,61.740002000000004,61.945,59.578860999999996,12800,0.0,1.0
2017-05-26,61.52,61.84,61.52,61.748001,59.389385,12000,0.0,1.0
2017-05-30,61.549999,61.880001,61.549999,61.880001,59.516346,6800,0.0,1.0
2017-05-31,62.220001,62.220001,61.950001,62.110001000000004,59.737556000000005,9500,0.0,1.0
2017-06-01,62.07,62.439999,62.009997999999996,62.110001000000004,59.737556000000005,22500,0.0,1.0
2017-06-02,62.57,62.971001,62.57,62.75,60.353111,7500,0.0,1.0
2017-06-05,62.580002,62.689999,62.41,62.41,60.0261,8600,0.0,1.0
2017-06-06,62.450001,62.605999,62.445999,62.502998,60.115547,7000,0.0,1.0
2017-06-07,62.437,62.547001,62.32,62.459998999999996,60.074188,16800,0.0,1.0
2017-06-08,62.119999,62.216999,61.82,62.216999,59.84046899999999,4200,0.0,1.0
2017-06-09,62.0,62.099998,61.57,61.57,59.218185,20000,0.0,1.0
2017-06-12,62.139998999999996,62.139998999999996,61.369999,61.709998999999996,59.352837,16100,0.0,1.0
2017-06-13,62.009997999999996,62.27,61.91,62.139998999999996,59.766411,23200,0.0,1.0
2017-06-14,62.490002000000004,62.709998999999996,62.067001,62.23,59.852973999999996,23600,0.0,1.0
2017-06-15,61.290001000000004,61.779999,61.290001000000004,61.77,59.41054499999999,9700,0.0,1.0
2017-06-16,61.240002000000004,61.380001,61.078998999999996,61.380001,59.898479,6700,0.89,1.0
2017-06-19,61.437,61.650002,61.403,61.493999,60.009727000000005,3400,0.0,1.0
2017-06-20,61.299999,61.299999,60.990002000000004,61.07,59.59595899999999,6800,0.0,1.0
2017-06-21,60.900002,61.110001000000004,60.900002,61.110001000000004,59.634994999999996,10800,0.0,1.0
2017-06-22,60.998001,61.169998,60.933997999999995,61.169998,59.693542,19900,0.0,1.0
2017-06-23,61.130001,61.279999,60.889998999999996,60.889998999999996,59.420303000000004,22700,0.0,1.0
2017-06-26,61.740002000000004,61.740002000000004,61.16,61.513,60.028271,9300,0.0,1.0
2017-06-27,61.130001,61.330002,61.092999,61.23,59.752098,11200,0.0,1.0
2017-06-28,61.630001,62.41,61.32,61.639998999999996,60.152203,15200,0.0,1.0
2017-06-29,61.209998999999996,61.25,60.689999,60.950001,59.478855,15300,0.0,1.0
2017-06-30,61.009997999999996,61.238997999999995,60.536999,60.779999,59.312957999999995,8200,0.0,1.0
2017-07-03,63.259997999999996,63.259997999999996,60.599998,60.869999,59.400787,9700,0.0,1.0
2017-07-05,60.490002000000004,60.915001000000004,60.490002000000004,60.880001,59.41054499999999,13300,0.0,1.0
2017-07-06,60.27,60.529999,60.27,60.369999,58.912853000000005,8400,0.0,1.0
2017-07-07,60.040001000000004,60.529999,60.040001000000004,60.470001,59.010441,9500,0.0,1.0
2017-07-10,61.970001,61.970001,60.52,60.84,59.37151,21800,0.0,1.0
2017-07-11,60.290001000000004,60.705002,60.290001000000004,60.705002,59.239773,12900,0.0,1.0
2017-07-12,60.939999,61.259997999999996,60.939999,61.240002000000004,59.76185600000001,7300,0.0,1.0
2017-07-13,61.16,63.810001,61.060001,61.060001,59.58620500000001,4600,0.0,1.0
2017-07-14,61.540001000000004,61.779999,61.423,61.740002000000004,60.249790000000004,11400,0.0,1.0
2017-07-17,61.580002,61.849998,61.470001,61.580002,60.093651,16200,0.0,1.0
2017-07-18,61.377998,61.919998,61.377998,61.880001,60.38641,14400,0.0,1.0
2017-07-19,61.830002,62.279999,61.650002,61.990002000000004,60.49375500000001,35000,0.0,1.0
2017-07-20,62.369999,62.369999,61.945,62.259997999999996,60.757236,15100,0.0,1.0
2017-07-21,61.950001,62.169998,61.825001,62.169998,60.66940699999999,27600,0.0,1.0
2017-07-24,61.73,61.91,61.650002,61.855,60.362010999999995,11000,0.0,1.0
2017-07-25,61.632,62.23,61.57,61.807999,60.316146999999994,102200,0.0,1.0
2017-07-26,61.960999,62.43,61.831001,62.169998,60.66940699999999,17300,0.0,1.0
2017-07-27,62.16,62.290001000000004,61.599998,61.877998,60.384457,11700,0.0,1.0
2017-07-28,61.950001,62.169998,61.806,62.080002,60.581585,17700,0.0,1.0
2017-07-31,62.258998999999996,62.299999,62.099998,62.25,60.747478,21000,0.0,1.0
2017-08-01,62.57,62.84,62.560001,62.619999,61.108546999999994,53100,0.0,1.0
2017-08-02,62.59,62.675999,62.473999,62.618,61.106593999999994,3800,0.0,1.0
2017-08-03,62.98,62.98,62.580002,62.695,61.181740000000005,34500,0.0,1.0
2017-08-04,62.779999,62.880001,62.549999,62.757999,61.243214,14000,0.0,1.0
2017-08-07,62.549999,62.939999,62.549999,62.66,61.147583,13200,0.0,1.0
2017-08-08,63.027,63.027,62.455002,62.501999,60.993393000000005,14500,0.0,1.0
2017-08-09,62.099998,62.405998,62.099998,62.347,60.842135999999996,53800,0.0,1.0
2017-08-10,61.853001,61.962002000000005,61.544998,61.689999,60.200993000000004,16900,0.0,1.0
2017-08-11,61.490002000000004,61.792,61.330002,61.509997999999996,60.025337,20600,0.0,1.0
2017-08-14,61.950001,62.16,61.810001,62.040001000000004,60.542545,7200,0.0,1.0
2017-08-15,62.048,62.075001,61.728001,61.924999,60.430321,14400,0.0,1.0
2017-08-16,61.990002000000004,62.330002,61.862999,62.330002,60.825545999999996,8700,0.0,1.0
2017-08-17,61.889998999999996,62.25,61.599998,61.599998,60.113163,12400,0.0,1.0
2017-08-18,61.369999,61.848,61.369999,61.799999,60.308338,15100,0.0,1.0
2017-08-21,61.720001,61.900002,61.66,61.73,60.240028,17700,0.0,1.0
2017-08-22,61.82,62.07,61.82,61.91,60.415688,11500,0.0,1.0
2017-08-23,62.040001000000004,62.099998,61.938,62.099998,60.601096999999996,8600,0.0,1.0
2017-08-24,62.040001000000004,62.098999,61.875999,61.875999,60.382504000000004,10400,0.0,1.0
2017-08-25,62.380001,62.382999,62.030998,62.317001,60.812862,13500,0.0,1.0
2017-08-28,62.639998999999996,62.639998999999996,62.130001,62.32,60.815788,10000,0.0,1.0
2017-08-29,62.32,62.32,61.990002000000004,62.049999,60.55230699999999,7500,0.0,1.0
2017-08-30,61.919998,62.029999,61.73,61.91,60.415688,14600,0.0,1.0
2017-08-31,62.459998999999996,62.470001,62.07,62.450001,60.94265,15900,0.0,1.0
2017-09-01,62.610001000000004,62.650002,62.425999,62.450001,60.94265,11600,0.0,1.0
2017-09-05,62.529999,62.529999,61.859001,62.119999,60.620617,7500,0.0,1.0
2017-09-06,62.57,62.57,62.325001,62.472,60.964119,8000,0.0,1.0
2017-09-07,62.990002000000004,63.029999,62.831001,62.907001,61.388622,5800,0.0,1.0
2017-09-08,63.200001,63.200001,63.060001,63.060001,61.53793,11500,0.0,1.0
2017-09-11,63.360001000000004,63.560001,63.360001000000004,63.5,61.967307999999996,18800,0.0,1.0
2017-09-12,63.469002,63.589001,63.419998,63.540001000000004,62.00634399999999,10100,0.0,1.0
2017-09-13,63.360001000000004,63.360001000000004,63.060001,63.060001,61.53793,10000,0.0,1.0
2017-09-14,62.98,63.279999,62.98,63.279999,61.752617,9200,0.0,1.0
2017-09-15,63.220001,63.360001000000004,63.18,63.290001000000004,61.762375,15500,0.0,1.0
2017-09-18,63.380001,63.43,63.310001,63.339001,61.810196,3600,0.0,1.0
2017-09-19,63.639998999999996,63.639998999999996,63.439999,63.549999,62.016102000000004,62700,0.0,1.0
2017-09-20,63.450001,63.759997999999996,63.080002,63.459998999999996,61.928268,12700,0.0,1.0
2017-09-21,63.080002,63.384997999999996,63.080002,63.169998,61.645267000000004,9000,0.0,1.0
2017-09-22,63.369999,63.450001,63.202999,63.419998,61.889236,8800,0.0,1.0
2017-09-25,63.230999,63.310001,63.053001,63.18,61.655029000000006,33900,0.0,1.0
2017-09-26,63.330002,63.400002,62.855,63.07,61.547688,10600,0.0,1.0
2017-09-27,62.810001,63.305,62.810001,63.029999,61.508648,11600,0.0,1.0
2017-09-28,63.299999,63.299999,63.0,63.189999,61.664791,11400,0.0,1.0
2017-09-29,63.240002000000004,63.75,63.183997999999995,63.59,62.055133999999995,10100,0.0,1.0
2017-10-02,63.27,63.685001,63.27,63.505001,61.972187,14900,0.0,1.0
2017-10-03,63.32,63.737,63.32,63.689999,62.152721,4900,0.0,1.0
2017-10-04,63.48,63.709998999999996,63.400002,63.59,62.055133999999995,21000,0.0,1.0
2017-10-05,63.380001,63.68,63.380001,63.678001,62.141009999999994,13100,0.0,1.0
2017-10-06,63.5,63.5,63.25,63.395,61.864841000000006,5300,0.0,1.0
2017-10-09,63.52,63.729,63.279999,63.290001000000004,61.762375,6600,0.0,1.0
2017-10-10,63.709998999999996,64.08000200000001,63.634997999999996,63.939999,62.396682999999996,20400,0.0,1.0
2017-10-11,64.290001,64.370003,63.985001000000004,64.18,62.630897999999995,11500,0.0,1.0
2017-10-12,64.349998,64.349998,64.139999,64.199997,62.65041,7700,0.0,1.0
2017-10-13,64.519997,64.720001,64.349998,64.5,62.943169,13100,0.0,1.0
2017-10-16,64.43,64.540001,64.277,64.470001,62.913897999999996,7800,0.0,1.0
2017-10-17,64.519997,64.519997,64.089996,64.190002,62.64065600000001,8100,0.0,1.0
2017-10-18,64.33000200000001,64.529999,64.18,64.356003,62.802647,5100,0.0,1.0
2017-10-19,64.029999,64.260002,63.990002000000004,64.260002,62.708965,8700,0.0,1.0
2017-10-20,64.099998,64.16999799999999,63.924999,64.029999,62.484512,11300,0.0,1.0
2017-10-23,64.019997,64.027,63.729,63.82,62.279582999999995,6400,0.0,1.0
2017-10-24,63.970001,64.059998,63.799,63.900002,62.357655,12300,0.0,1.0
2017-10-25,64.0,64.0,63.402,63.627998,62.092213,6100,0.0,1.0
2017-10-26,63.939999,63.959998999999996,63.799999,63.918999,62.37619399999999,8300,0.0,1.0
2017-10-27,63.779999,63.987999,63.762001,63.91,62.367413,8600,0.0,1.0
2017-10-30,63.779999,64.190002,63.779999,64.019997,62.474751,4000,0.0,1.0
2017-10-31,64.058998,64.334999,64.029999,64.258003,62.707012,6400,0.0,1.0
2017-11-01,64.66999799999999,64.66999799999999,64.099998,64.25,62.699206999999994,8300,0.0,1.0
2017-11-02,64.150002,64.459999,64.059998,64.25,62.699206999999994,10300,0.0,1.0
2017-11-03,64.214996,64.370003,64.050003,64.27600100000001,62.724579000000006,10200,0.0,1.0
2017-11-06,64.160004,64.375,64.160004,64.375,62.821186,9800,0.0,1.0
2017-11-07,64.16999799999999,64.550003,64.082001,64.20300300000001,62.653339,9500,0.0,1.0
2017-11-08,64.209999,64.529999,64.209999,64.349998,62.796791000000006,5400,0.0,1.0
2017-11-09,64.290001,64.400002,63.786999,64.239998,62.68944200000001,17800,0.0,1.0
2017-11-10,63.925999,64.043999,63.757999,63.959998999999996,62.416203,3600,0.0,1.0
2017-11-13,63.299999,63.748001,63.290001000000004,63.560001,62.025859999999994,11600,0.0,1.0
2017-11-14,63.740002000000004,63.879002,63.495998,63.728001,62.189804,5200,0.0,1.0
2017-11-15,63.259997999999996,63.558997999999995,63.18,63.41,61.879478000000006,11600,0.0,1.0
2017-11-16,63.459998999999996,64.029999,63.459998999999996,63.869999,62.328373,6800,0.0,1.0
2017-11-17,64.040001,64.040001,63.659,63.900002,62.357655,8200,0.0,1.0
2017-11-20,64.339996,64.339996,63.870998,63.93,62.386929,4100,0.0,1.0
2017-11-21,64.432999,64.432999,64.139999,64.260002,62.708965,19600,0.0,1.0
2017-11-22,64.470001,64.635002,64.32,64.474998,62.918774,9000,0.0,1.0
2017-11-24,64.58000200000001,65.07,64.58000200000001,64.940002,63.372555000000006,6500,0.0,1.0
2017-11-27,64.949997,64.949997,64.470001,64.629997,63.070026,9000,0.0,1.0
2017-11-28,64.889999,65.139999,64.620003,65.089996,63.518925,14300,0.0,1.0
2017-11-29,65.139999,65.139999,64.685997,64.769997,63.206654,9400,0.0,1.0
2017-11-30,65.33000200000001,65.33000200000001,64.68,64.910004,63.343281000000005,8200,0.0,1.0
2017-12-01,64.739998,64.790001,64.499001,64.646004,63.085648,23600,0.0,1.0
2017-12-04,64.730003,64.745003,64.379997,64.529999,62.972446,14800,0.0,1.0
2017-12-05,64.410004,64.610001,64.345001,64.410004,62.855346999999995,10500,0.0,1.0
2017-12-06,64.07,64.445,64.07,64.339996,62.787029000000004,8700,0.0,1.0
2017-12-07,64.400002,64.589996,64.199997,64.480003,62.92365600000001,61400,0.0,1.0
2017-12-08,64.650002,64.779999,64.41999799999999,64.75,63.187138,36100,0.0,1.0
2017-12-11,64.769997,64.859001,64.711998,64.809998,63.245686,8700,0.0,1.0
2017-12-12,64.790001,64.959999,64.589996,64.599998,63.040752000000005,84300,0.0,1.0
2017-12-13,64.940002,65.160004,64.620003,64.870003,63.304237,25400,0.0,1.0
2017-12-14,65.029999,65.029999,64.58000200000001,64.879997,63.313995,32800,0.0,1.0
2017-12-15,63.849998,64.230003,63.830002,64.150002,63.214473999999996,11100,0.629,1.0
2017-12-18,64.93,64.93,64.550003,64.800003,63.85499599999999,13400,0.0,1.0
2017-12-19,64.489998,64.709999,64.309998,64.57,63.628344999999996,18900,0.0,1.0
2017-12-20,64.480003,64.533997,64.263,64.345001,63.406628000000005,11000,0.0,1.0
2017-12-21,64.41999799999999,64.660004,64.337997,64.488998,63.548527,51000,0.0,1.0
2017-12-22,64.410004,64.679001,64.410004,64.633003,63.690430000000006,14700,0.0,1.0
2017-12-26,64.540001,64.824997,64.540001,64.599998,63.657906000000004,15300,0.0,1.0
2017-12-27,64.389999,64.879997,64.389999,64.790001,63.845139,12000,0.0,1.0
2017-12-28,65.139999,65.139999,64.765999,64.940002,63.99295,10000,0.0,1.0
2017-12-29,65.120003,65.249001,64.714996,65.019997,64.071777,27200,0.0,1.0
2018-01-02,65.16999799999999,65.399002,65.16999799999999,65.351997,64.39894100000001,35400,0.0,1.0
2018-01-03,65.529999,65.749001,65.25,65.68,64.72216,25700,0.0,1.0
2018-01-04,65.739998,66.306999,65.739998,66.18,65.214867,69600,0.0,1.0
2018-01-05,66.227997,66.530998,66.227997,66.360001,65.39224200000001,17900,0.0,1.0
2018-01-08,66.279999,66.389999,66.010002,66.220001,65.254288,6700,0.0,1.0
2018-01-09,66.32,66.550003,66.32,66.394997,65.426727,6400,0.0,1.0
2018-01-10,66.33000200000001,66.456001,66.239998,66.239998,65.273987,16800,0.0,1.0
2018-01-11,66.290001,66.57,66.290001,66.543999,65.573555,54100,0.0,1.0
2018-01-12,66.809998,67.165001,66.809998,67.165001,66.185501,27200,0.0,1.0
2018-01-16,67.110001,67.269997,67.059998,67.059998,66.082031,18600,0.0,1.0
2018-01-17,67.120003,67.739998,67.042999,67.519997,66.535324,25300,0.0,1.0
2018-01-18,67.230003,67.484001,67.115997,67.379997,66.397362,19300,0.0,1.0
2018-01-19,67.660004,67.839996,67.410004,67.790001,66.801384,11900,0.0,1.0
2018-01-22,67.760002,68.150002,67.505997,68.089996,67.097008,19800,0.0,1.0
2018-01-23,68.050003,68.259003,68.050003,68.239998,67.24481999999999,15100,0.0,1.0
2018-01-24,68.75700400000001,68.75700400000001,68.400002,68.58000200000001,67.579865,9700,0.0,1.0
2018-01-25,68.872002,68.872002,68.179001,68.300003,67.303955,13100,0.0,1.0
2018-01-26,68.477997,68.940002,68.477997,68.889999,67.885345,167100,0.0,1.0
2018-01-29,68.239998,68.400002,68.021004,68.150002,67.156136,16600,0.0,1.0
2018-01-30,68.040001,68.040001,67.730003,67.860001,66.870369,26800,0.0,1.0
2018-01-31,67.889999,67.986,67.593002,67.754997,66.766891,9400,0.0,1.0
2018-02-01,67.629997,68.009003,67.505997,67.639999,66.653572,14500,0.0,1.0
2018-02-02,67.199997,67.33000200000001,66.445999,66.5,65.530197,19700,0.0,1.0
2018-02-05,65.68,65.980003,63.669998,63.669998,62.74146999999999,15800,0.0,1.0
2018-02-06,63.970001,65.331001,63.640999,65.290001,64.337845,12100,0.0,1.0
2018-02-07,64.57,64.808998,64.206001,64.464996,63.524871999999995,6700,0.0,1.0
2018-02-08,64.33000200000001,64.36799599999999,62.776001,62.776001,61.860507999999996,5900,0.0,1.0
2018-02-09,63.650002,63.650002,61.924,63.389998999999996,62.465553,23200,0.0,1.0
2018-02-12,63.740002000000004,64.33000200000001,63.629002,64.099998,63.165199,8100,0.0,1.0
2018-02-13,63.908001,64.125,63.720001,64.040001,63.106075,9300,0.0,1.0
2018-02-14,63.970001,65.32,63.880001,65.32,64.367409,21400,0.0,1.0
2018-02-15,65.32,65.75,65.190002,65.75,64.791138,11100,0.0,1.0
2018-02-16,66.009003,66.32,65.839996,66.089996,65.126175,7300,0.0,1.0
2018-02-20,65.360001,65.566002,65.120003,65.163002,64.2127,18400,0.0,1.0
2018-02-21,65.379997,65.589996,64.849998,64.849998,63.904258999999996,13800,0.0,1.0
2018-02-22,65.139999,65.571999,65.139999,65.18,64.229446,6700,0.0,1.0
2018-02-23,65.400002,65.939003,65.400002,65.860001,64.899536,15300,0.0,1.0
2018-02-26,65.985001,66.46399699999999,65.902,66.434998,65.466148,7000,0.0,1.0
2018-02-27,65.949997,65.949997,65.41999799999999,65.41999799999999,64.46595,7100,0.0,1.0
2018-02-28,65.41999799999999,65.516998,64.779999,64.779999,63.83528100000001,6700,0.0,1.0
2018-03-01,64.268997,64.268997,63.568001,63.799,62.868587,7600,0.0,1.0
2018-03-02,63.66,64.15100100000001,63.598,64.15100100000001,63.215458,7300,0.0,1.0
2018-03-05,63.860001000000004,64.70300300000001,63.860001000000004,64.595001,63.652981000000004,6300,0.0,1.0
2018-03-06,65.150002,65.150002,64.870003,64.928001,63.981125,4000,0.0,1.0
2018-03-07,64.93,65.059998,64.629997,64.93,63.983096999999994,10400,0.0,1.0
2018-03-08,65.040001,65.202003,64.91999799999999,64.989998,64.042221,7500,0.0,1.0
2018-03-09,65.150002,65.559998,65.150002,65.540001,64.584198,9500,0.0,1.0
2018-03-12,65.510002,65.654999,65.33000200000001,65.459999,64.505363,14800,0.0,1.0
2018-03-13,65.629997,65.629997,65.0,65.074997,64.125977,7200,0.0,1.0
2018-03-14,65.560997,65.577003,65.05100300000001,65.391998,64.438354,69200,0.0,1.0
2018-03-15,65.335999,65.388,65.202003,65.388,64.43441800000001,6000,0.0,1.0
2018-03-16,65.349998,65.459999,65.25,65.32,64.367409,37200,0.0,1.0
2018-03-19,65.08000200000001,65.08000200000001,64.584999,64.860001,63.914116,11200,0.0,1.0
2018-03-20,64.744003,64.949997,64.744003,64.949997,64.0028,30800,0.0,1.0
2018-03-21,64.83000200000001,65.139999,64.620003,65.0,64.05207800000001,7700,0.0,1.0
2018-03-22,64.449997,64.459999,63.939999,63.939999,63.00753,8200,0.0,1.0
2018-03-23,64.07,64.190002,63.349998,63.349998,62.426136,38200,0.0,1.0
2018-03-26,64.040001,64.38200400000001,63.639,64.288002,63.35046,20600,0.0,1.0
2018-03-27,64.372002,64.639999,63.789001,63.799999,62.869576,16800,0.0,1.0
2018-03-28,64.300003,64.521004,64.179001,64.279999,63.342575,8000,0.0,1.0
2018-03-29,64.699997,65.084999,64.699997,64.829002,63.883571999999994,5800,0.0,1.0
2018-04-02,64.5,64.5,63.389998999999996,64.0,63.066658,8500,0.0,1.0
2018-04-03,64.230003,64.440002,64.019997,64.334999,63.39677,14800,0.0,1.0
2018-04-04,63.610001000000004,64.684998,63.610001000000004,64.480003,63.539660999999995,21100,0.0,1.0
2018-04-05,64.769997,65.17400400000001,64.769997,65.040001,64.091492,4200,0.0,1.0
2018-04-06,64.720001,65.050003,64.498001,64.690002,63.746596999999994,8400,0.0,1.0
2018-04-09,65.220001,65.559998,64.910004,65.25,64.29843100000001,13400,0.0,1.0
2018-04-10,65.519997,65.845001,65.309998,65.43,64.47580699999999,34400,0.0,1.0
2018-04-11,65.379997,65.5,65.199997,65.329002,64.37628199999999,15800,0.0,1.0
2018-04-12,65.414001,65.755997,65.300003,65.519997,64.564491,17600,0.0,1.0
2018-04-13,65.667999,65.667999,65.245003,65.44899699999999,64.494522,11900,0.0,1.0
2018-04-16,65.599998,65.817001,65.57800300000001,65.644997,64.687668,6800,0.0,1.0
2018-04-17,66.029999,66.136002,66.0,66.0,65.037491,11700,0.0,1.0
2018-04-18,66.16999799999999,66.389999,66.16999799999999,66.33000200000001,65.362679,6700,0.0,1.0
2018-04-19,66.029999,66.114998,65.790001,65.945999,64.984276,8100,0.0,1.0
2018-04-20,65.594002,65.760002,65.510002,65.650002,64.692596,22700,0.0,1.0
2018-04-23,65.540001,65.540001,65.264999,65.489998,64.534927,8400,0.0,1.0
2018-04-24,65.391998,65.54499799999999,65.021004,65.230003,64.278725,5300,0.0,1.0
2018-04-25,64.858002,65.230003,64.858002,65.202003,64.251129,4300,0.0,1.0
2018-04-26,65.309998,65.639999,65.260002,65.550003,64.59405500000001,8900,0.0,1.0
2018-04-27,65.533997,65.730003,65.38200400000001,65.720001,64.761574,24000,0.0,1.0
2018-04-30,65.620003,65.69899699999999,65.464996,65.464996,64.510292,4300,0.0,1.0
2018-05-01,64.980003,65.300003,64.980003,65.16999799999999,64.219597,16400,0.0,1.0
2018-05-02,65.449997,65.559998,65.190002,65.190002,64.239304,8200,0.0,1.0
2018-05-03,65.21399699999999,65.410004,64.980003,65.190002,64.239304,65500,0.0,1.0
2018-05-04,64.849998,65.510002,64.849998,65.459999,64.505363,28000,0.0,1.0
2018-05-07,65.57,65.629997,65.389999,65.389999,64.436386,5900,0.0,1.0
2018-05-08,65.269997,65.529999,65.269997,65.43,64.47580699999999,7800,0.0,1.0
2018-05-09,65.339996,65.688004,65.339996,65.5,64.544785,10600,0.0,1.0
2018-05-10,65.739998,65.910004,65.610001,65.800003,64.840408,4800,0.0,1.0
2018-05-11,66.190002,66.199997,65.980003,65.980003,65.01778399999999,8900,0.0,1.0
2018-05-14,66.269997,66.334999,66.059998,66.230003,65.264137,8400,0.0,1.0
2018-05-15,65.519997,65.728996,65.410004,65.540001,64.584198,19500,0.0,1.0
2018-05-16,65.589996,65.879997,65.589996,65.760002,64.800995,16700,0.0,1.0
2018-05-17,65.709999,65.879997,65.65100100000001,65.879997,64.919235,5100,0.0,1.0
2018-05-18,65.627998,65.75,65.58000200000001,65.58000200000001,64.62361899999999,39300,0.0,1.0
2018-05-21,66.08000200000001,66.156998,65.941002,66.01799799999999,65.055229,12100,0.0,1.0
2018-05-22,66.167999,66.167999,65.970001,65.985001,65.022713,3900,0.0,1.0
2018-05-23,65.239998,65.497002,65.100998,65.497002,64.541832,10200,0.0,1.0
2018-05-24,65.470001,65.470001,65.089996,65.33000200000001,64.377266,9400,0.0,1.0
2018-05-25,65.101997,65.230003,65.086998,65.155998,64.205795,5600,0.0,1.0
2018-05-29,65.150002,65.150002,63.797001,63.919998,62.987823,6200,0.0,1.0
2018-05-30,64.519997,64.879997,64.41999799999999,64.797997,63.853016000000004,4700,0.0,1.0
2018-05-31,64.620003,64.620003,64.150002,64.525002,63.584003,4400,0.0,1.0
2018-06-01,63.952999,64.019997,63.759997999999996,63.948002,63.948002,19700,0.941,1.0
2018-06-04,64.389999,64.389999,64.139,64.179001,64.179001,4200,0.0,1.0
2018-06-05,64.209999,64.25,63.952999,64.066002,64.066002,8800,0.0,1.0
2018-06-06,64.370003,64.638,64.190002,64.638,64.638,7600,0.0,1.0
2018-06-07,64.540001,64.540001,64.110001,64.216003,64.216003,4200,0.0,1.0
2018-06-08,64.16999799999999,64.389999,64.120003,64.346001,64.346001,46200,0.0,1.0
2018-06-11,64.529999,64.809998,64.498001,64.72399899999999,64.72399899999999,16500,0.0,1.0
2018-06-12,64.559998,64.559998,64.345001,64.345001,64.345001,12600,0.0,1.0
2018-06-13,64.82,64.82,64.311996,64.480003,64.480003,6600,0.0,1.0
2018-06-14,64.45500200000001,64.504997,64.300003,64.400002,64.400002,6500,0.0,1.0
2018-06-15,63.889998999999996,64.07800300000001,63.799999,64.04900400000001,64.04900400000001,10300,0.0,1.0
2018-06-18,63.441002000000005,63.669998,63.441002000000005,63.669998,63.669998,7000,0.0,1.0
2018-06-19,62.799,63.110001000000004,62.799,63.058997999999995,63.058997999999995,14200,0.0,1.0
2018-06-20,63.104,63.277,63.087002000000005,63.23,63.23,7900,0.0,1.0
2018-06-21,63.18,63.18,62.803001,62.82,62.82,20600,0.0,1.0
2018-06-22,63.599998,63.799999,63.431,63.549999,63.549999,10300,0.0,1.0
2018-06-25,63.189999,63.189999,62.720001,62.830002,62.830002,13000,0.0,1.0
2018-06-26,63.150002,63.150002,62.77,62.939999,62.939999,40700,0.0,1.0
2018-06-27,63.049999,63.07,62.355999,62.400002,62.400002,14100,0.0,1.0
2018-06-28,62.299999,62.546001000000004,62.240002000000004,62.472,62.472,7600,0.0,1.0
2018-06-29,63.083,63.083,62.700001,62.700001,62.700001,30900,0.0,1.0
2018-07-02,61.990002000000004,62.299999,61.910999,62.290001000000004,62.290001000000004,15400,0.0,1.0
2018-07-03,62.759997999999996,62.759997999999996,62.490002000000004,62.490002000000004,62.490002000000004,14300,0.0,1.0
2018-07-05,63.099998,63.18,62.950001,63.18,63.18,6400,0.0,1.0
2018-07-06,63.27,63.540001000000004,63.16,63.450001,63.450001,30400,0.0,1.0
2018-07-09,63.880001,63.889998999999996,63.710999,63.835999,63.835999,7900,0.0,1.0
2018-07-10,63.799999,63.882,63.734001,63.882,63.882,13200,0.0,1.0
2018-07-11,63.34,63.34,62.805,62.875,62.875,13300,0.0,1.0
2018-07-12,63.380001,63.529999,63.380001,63.444,63.444,12900,0.0,1.0
2018-07-13,63.5,63.66,63.441002000000005,63.66,63.66,18400,0.0,1.0
2018-07-16,63.619999,63.700001,63.562,63.700001,63.700001,3700,0.0,1.0
2018-07-17,63.785,63.939999,63.785,63.810001,63.810001,10700,0.0,1.0
2018-07-18,63.73,63.950001,63.650002,63.830002,63.830002,33100,0.0,1.0
2018-07-19,63.5,63.685001,63.389998999999996,63.536999,63.536999,9600,0.0,1.0
2018-07-20,63.849998,64.150002,63.799999,64.129997,64.129997,15200,0.0,1.0
2018-07-23,64.129997,64.18,63.960999,64.057999,64.057999,5300,0.0,1.0
2018-07-24,64.360001,64.519997,64.129997,64.199997,64.199997,29300,0.0,1.0
2018-07-25,64.269997,64.790001,64.08000200000001,64.790001,64.790001,8100,0.0,1.0
2018-07-26,64.668999,64.681,64.527,64.53600300000001,64.53600300000001,11400,0.0,1.0
2018-07-27,64.760002,64.839996,64.518997,64.629997,64.629997,7800,0.0,1.0
2018-07-30,64.809998,64.862999,64.589996,64.600998,64.600998,88900,0.0,1.0
2018-07-31,64.709999,64.745003,64.559998,64.559998,64.559998,61900,0.0,1.0
2018-08-01,64.33000200000001,64.33000200000001,64.156998,64.25,64.25,6800,0.0,1.0
2018-08-02,63.639998999999996,63.919998,63.639998999999996,63.91,63.91,9500,0.0,1.0
2018-08-03,63.650002,63.919998,63.612,63.918999,63.918999,9800,0.0,1.0
2018-08-06,63.650002,63.75,63.630001,63.689999,63.689999,7100,0.0,1.0
2018-08-07,64.199997,64.228996,64.059998,64.061996,64.061996,10600,0.0,1.0
2018-08-08,63.849998,64.07,63.735001000000004,64.0,64.0,7800,0.0,1.0
2018-08-09,63.959998999999996,64.019997,63.825001,63.825001,63.825001,10700,0.0,1.0
2018-08-10,62.880001,62.880001,62.630001,62.764,62.764,10700,0.0,1.0
2018-08-13,62.759997999999996,62.889998999999996,62.5,62.669998,62.669998,25100,0.0,1.0
2018-08-14,62.66,62.776001,62.561001,62.719002,62.719002,8200,0.0,1.0
2018-08-15,61.717999,62.099998,61.717999,62.029999,62.029999,7800,0.0,1.0
2018-08-16,62.481998,62.549999,62.381001,62.419998,62.419998,8500,0.0,1.0
2018-08-17,62.594002,62.897999,62.57,62.799,62.799,27700,0.0,1.0
2018-08-20,62.93,63.138,62.93,63.049999,63.049999,6400,0.0,1.0
2018-08-21,63.282001,63.512001,63.209998999999996,63.419998,63.419998,20300,0.0,1.0
2018-08-22,63.560001,64.25,63.41,63.558997999999995,63.558997999999995,20400,0.0,1.0
2018-08-23,63.209998999999996,63.240002000000004,63.057999,63.147999,63.147999,11900,0.0,1.0
2018-08-24,63.34,63.619999,63.34,63.493,63.493,13000,0.0,1.0
2018-08-27,63.970001,64.300003,63.970001,64.269997,64.269997,11700,0.0,1.0
2018-08-28,64.440002,64.440002,64.092003,64.114998,64.114998,26300,0.0,1.0
2018-08-29,64.160004,64.454002,64.160004,64.400002,64.400002,12200,0.0,1.0
2018-08-30,64.089996,64.089996,63.801998,63.98,63.98,22400,0.0,1.0
2018-08-31,63.84,63.84,63.338001,63.450001,63.450001,8200,0.0,1.0
2018-09-04,62.82,63.099998,62.82,62.952999,62.952999,11100,0.0,1.0
2018-09-05,62.709998999999996,62.84,62.363997999999995,62.509997999999996,62.509997999999996,6300,0.0,1.0
2018-09-06,62.48,62.48,62.099998,62.400002,62.400002,21800,0.0,1.0
2018-09-07,62.0,62.219002,61.849998,61.952,61.952,29600,0.0,1.0
2018-09-10,62.439999,62.439999,62.342999,62.379002,62.379002,13400,0.0,1.0
2018-09-11,62.216,62.43,62.134997999999996,62.389998999999996,62.389998999999996,24300,0.0,1.0
2018-09-12,62.639998999999996,62.91,62.639998999999996,62.900002,62.900002,8800,0.0,1.0
2018-09-13,63.330002,63.330002,63.108002,63.181,63.181,26300,0.0,1.0
2018-09-14,63.330002,63.400002,63.040001000000004,63.389998999999996,63.389998999999996,20400,0.0,1.0
2018-09-17,63.52,63.653,63.400002,63.5,63.5,24500,0.0,1.0
2018-09-18,63.720001,64.278999,63.720001,64.059998,64.059998,10900,0.0,1.0
2018-09-19,63.830002,64.08000200000001,63.750999,64.019997,64.019997,32700,0.0,1.0
2018-09-20,64.5,64.79499799999999,64.314003,64.748001,64.748001,12800,0.0,1.0
2018-09-21,64.540001,64.68,64.480003,64.58000200000001,64.58000200000001,15900,0.0,1.0
2018-09-24,64.403999,64.434998,64.207001,64.272003,64.272003,7400,0.0,1.0
2018-09-25,64.720001,64.75,64.559998,64.610001,64.610001,18300,0.0,1.0
2018-09-26,64.58000200000001,65.230003,64.58000200000001,64.66999799999999,64.66999799999999,14900,0.0,1.0
2018-09-27,64.519997,64.781998,64.47399899999999,64.47399899999999,64.47399899999999,14100,0.0,1.0
2018-09-28,64.129997,64.550003,64.129997,64.147003,64.147003,11100,0.0,1.0
2018-10-01,64.33000200000001,64.389999,64.029999,64.339996,64.339996,19400,0.0,1.0
2018-10-02,63.66,63.900002,63.57,63.689999,63.689999,14600,0.0,1.0
2018-10-03,63.779999,64.010002,63.639998999999996,63.669998,63.669998,19500,0.0,1.0
2018-10-04,63.139998999999996,63.139998999999996,62.486,62.779999,62.779999,13000,0.0,1.0
2018-10-05,62.73,62.845001,62.34,62.66,62.66,25000,0.0,1.0
2018-10-08,61.93,62.360001000000004,61.848999,62.319,62.319,8200,0.0,1.0
2018-10-09,61.669998,62.299999,61.669998,62.18,62.18,7200,0.0,1.0
2018-10-10,61.939999,61.939999,60.689999,60.689999,60.689999,424700,0.0,1.0
2018-10-11,60.700001,60.752998,59.68,60.332001,60.332001,44500,0.0,1.0
