date,Open,High,Low,Close,Adj Close,Volume,Dividends,Stock Splits
2014-07-10,25.149,25.149,25.149,25.149,21.931469,400,0.0,1.0
2014-07-11,25.16,25.190001000000002,25.110001,25.190001000000002,21.967222,3500,0.0,1.0
2014-07-14,25.42,25.42,25.219998999999998,25.290001,22.05443,4600,0.0,1.0
2014-07-15,25.34,25.34,25.190001000000002,25.190001000000002,21.967222,800,0.0,1.0
2014-07-16,25.190001000000002,25.190001000000002,25.190001000000002,25.190001000000002,21.967222,0,0.0,1.0
2014-07-17,25.35,25.35,25.35,25.35,22.10675,1700,0.0,1.0
2014-07-18,25.419001,25.549999,25.408001000000002,25.549999,22.281157999999998,3900,0.0,1.0
2014-07-21,25.549999,25.549999,25.549999,25.549999,22.281157999999998,0,0.0,1.0
2014-07-22,25.65,25.65,25.548,25.548,22.279419,400,0.0,1.0
2014-07-23,25.629998999999998,25.629998999999998,25.629998999999998,25.629998999999998,22.350929,600,0.0,1.0
2014-07-24,25.620001000000002,25.620001000000002,25.540001,25.549999,22.281157999999998,2100,0.0,1.0
2014-07-25,25.549999,25.549999,25.549999,25.549999,22.281157999999998,0,0.0,1.0
2014-07-28,25.5,25.524,25.5,25.524,22.258492999999998,1300,0.0,1.0
2014-07-29,25.524,25.524,25.524,25.524,22.258492999999998,0,0.0,1.0
2014-07-30,25.370001000000002,25.370001000000002,25.351,25.351,22.107622,1600,0.0,1.0
2014-07-31,25.278,25.278,25.049999,25.049999,21.845129,1000,0.0,1.0
2014-08-01,25.110001,25.129998999999998,25.110001,25.129998999999998,21.914898,7700,0.0,1.0
2014-08-04,25.120001000000002,25.120001000000002,24.93,25.120001000000002,21.906178,1200,0.0,1.0
2014-08-05,25.0,25.049999,25.0,25.049999,21.845129,34900,0.0,1.0
2014-08-06,24.83,24.83,24.83,24.83,21.653278,600,0.0,1.0
2014-08-07,24.896,24.896,24.74,24.74,21.574789000000003,1100,0.0,1.0
2014-08-08,24.74,24.74,24.74,24.74,21.574789000000003,0,0.0,1.0
2014-08-11,24.74,24.74,24.74,24.74,21.574789000000003,0,0.0,1.0
2014-08-12,25.18,25.18,25.07,25.07,21.862576999999998,1800,0.0,1.0
2014-08-13,25.198999,25.198999,25.198999,25.198999,21.975071,400,0.0,1.0
2014-08-14,25.549999,25.549999,25.389999,25.43,22.176517,600,0.0,1.0
2014-08-15,25.629998999999998,25.629998999999998,25.337999,25.370001000000002,22.124195,4000,0.0,1.0
2014-08-18,25.52,25.67,25.52,25.67,22.385807,4200,0.0,1.0
2014-08-19,25.648001,25.73,25.648001,25.73,22.438131,800,0.0,1.0
2014-08-20,25.549999,25.639999,25.549999,25.639999,22.35965,800,0.0,1.0
2014-08-21,25.756001,25.76,25.719998999999998,25.74,22.446854000000002,1600,0.0,1.0
2014-08-22,25.809998999999998,25.809998999999998,25.57,25.57,22.298605,6400,0.0,1.0
2014-08-25,25.57,25.6,25.530001000000002,25.530001000000002,22.263720000000003,3100,0.0,1.0
2014-08-26,25.586,25.629998999999998,25.542,25.542,22.274187,30400,0.0,1.0
2014-08-27,25.610001,25.610001,25.559998999999998,25.591998999999998,22.317789,5000,0.0,1.0
2014-08-28,25.549999,25.620001000000002,25.549999,25.620001000000002,22.342207000000002,1800,0.0,1.0
2014-08-29,25.66,25.66,25.66,25.66,22.37709,1300,0.0,1.0
2014-09-02,25.780001000000002,25.780001000000002,25.615,25.629998999999998,22.350929,2300,0.0,1.0
2014-09-03,25.726,25.76,25.690001000000002,25.75,22.455576,9300,0.0,1.0
2014-09-04,25.719998999999998,25.85,25.598,25.65,22.368366,18100,0.0,1.0
2014-09-05,25.690001000000002,25.85,25.65,25.85,22.54278,11700,0.0,1.0
2014-09-08,25.82,25.82,25.577,25.639999,22.35965,17700,0.0,1.0
2014-09-09,25.52,25.539,25.49,25.51,22.246277,9000,0.0,1.0
2014-09-10,25.459999,25.459999,25.26,25.26,22.028265,6300,0.0,1.0
2014-09-11,25.164,25.209999,25.1,25.110001,21.897454999999997,13700,0.0,1.0
2014-09-12,25.141001,25.143998999999997,24.549999,24.559,21.41695,28500,0.0,1.0
2014-09-15,24.608999,24.610001,24.43,24.464001,21.334103,12600,0.0,1.0
2014-09-16,24.450001,24.549999,24.41,24.521,21.383812,30500,0.0,1.0
2014-09-17,24.690001000000002,24.690001000000002,24.5,24.620001000000002,21.470146,18200,0.0,1.0
2014-09-18,24.509001,24.569,24.43,24.43,21.304454999999997,16600,0.0,1.0
2014-09-19,24.534,24.58,24.4,24.4,21.278292,17200,0.0,1.0
2014-09-22,24.43,24.43,24.23,24.25,21.147482,9700,0.0,1.0
2014-09-23,24.243999,24.26,24.1,24.139999,21.051556,5000,0.0,1.0
2014-09-24,23.84,24.0,23.809998999999998,23.98,21.077547,19300,0.18957100000000002,1.0
2014-09-25,23.809998999999998,23.809998999999998,23.66,23.77,20.892971,10600,0.0,1.0
2014-09-26,23.92,23.99,23.780001000000002,23.98,21.077547,1800,0.0,1.0
2014-09-29,23.82,23.879998999999998,23.82,23.879998999999998,20.989649,1800,0.0,1.0
2014-09-30,23.870001000000002,23.99,23.85,23.940001000000002,21.042386999999998,19300,0.0,1.0
2014-10-01,23.93,23.940001000000002,23.84,23.860001,20.972071,3800,0.0,1.0
2014-10-02,23.809998999999998,23.9,23.809998999999998,23.809998999999998,20.928123,9200,0.0,1.0
2014-10-03,23.74,23.92,23.719998999999998,23.9,21.007229000000002,21600,0.0,1.0
2014-10-06,23.99,24.0,23.91,24.0,21.095123,4200,0.0,1.0
2014-10-07,23.889999,23.959999,23.780001000000002,23.792999,20.913180999999998,17000,0.0,1.0
2014-10-08,23.889999,24.26,23.82,24.25,21.314869,4600,0.0,1.0
2014-10-09,24.295,24.4,24.120001000000002,24.120001000000002,21.200602,15000,0.0,1.0
2014-10-10,24.16,24.26,24.1,24.1,21.183023000000002,5500,0.0,1.0
2014-10-13,24.15,24.25,24.08,24.1,21.183023000000002,12000,0.0,1.0
2014-10-14,24.32,24.49,24.25,24.35,21.402763,17400,0.0,1.0
2014-10-15,24.25,24.339001,24.049999,24.334,21.388702,10400,0.0,1.0
2014-10-16,24.23,24.379998999999998,24.129998999999998,24.35,21.402763,9700,0.0,1.0
2014-10-17,24.440001000000002,24.465,24.393,24.436001,21.478357,33200,0.0,1.0
2014-10-20,24.440001000000002,24.705999,24.440001000000002,24.705999,21.715677,20300,0.0,1.0
2014-10-21,24.799999,24.969998999999998,24.76,24.93,21.912561,24000,0.0,1.0
2014-10-22,24.9,25.011,24.889,24.91,21.894985000000002,12500,0.0,1.0
2014-10-23,25.0,25.17,25.0,25.135,22.092751999999997,5600,0.0,1.0
2014-10-24,25.17,25.17,25.038,25.120001000000002,22.079567,6200,0.0,1.0
2014-10-27,25.17,25.23,25.15,25.23,22.176249,8800,0.0,1.0
2014-10-28,25.459999,25.459999,25.299999,25.379998999999998,22.308094,7300,0.0,1.0
2014-10-29,25.35,25.370001000000002,25.24,25.24,22.185043,16600,0.0,1.0
2014-10-30,25.285999,25.42,25.285999,25.375,22.303703,5900,0.0,1.0
2014-10-31,25.6,25.700001,25.5,25.610001,22.51026,66900,0.0,1.0
2014-11-03,25.799999,25.860001,25.74,25.860001,22.729998000000002,6500,0.0,1.0
2014-11-04,25.860001,25.860001,25.67,25.809998999999998,22.686052,5700,0.0,1.0
2014-11-05,25.74,25.76,25.629998999999998,25.76,22.642103,10900,0.0,1.0
2014-11-06,25.57,25.583,25.530001000000002,25.537001,22.446096,1500,0.0,1.0
2014-11-07,25.440001000000002,25.549999,25.419001,25.540001,22.448732,11000,0.0,1.0
2014-11-10,25.549999,25.639999,25.540001,25.6,22.501469,14600,0.0,1.0
2014-11-11,25.77,25.77,25.643,25.68,22.571789000000003,6200,0.0,1.0
2014-11-12,25.559998999999998,25.559998999999998,25.51,25.559998999999998,22.466309,12900,0.0,1.0
2014-11-13,25.610001,25.610001,25.59,25.59,22.49268,2300,0.0,1.0
2014-11-14,25.59,25.59,25.49,25.530001000000002,22.439943,6400,0.0,1.0
2014-11-17,25.6,25.610001,25.58,25.610001,22.51026,3500,0.0,1.0
2014-11-18,25.610001,25.719998999999998,25.58,25.709999,22.598154,7300,0.0,1.0
2014-11-19,25.620001000000002,25.620001000000002,25.52,25.540001,22.448732,25200,0.0,1.0
2014-11-20,25.499001,25.51,25.48,25.5,22.413572,1100,0.0,1.0
2014-11-21,25.66,25.684998999999998,25.639999,25.684998999999998,22.576178,2600,0.0,1.0
2014-11-24,25.73,25.74,25.705,25.74,22.624523,3800,0.0,1.0
2014-11-25,25.726999,25.790001,25.726999,25.77,22.650894,2100,0.0,1.0
2014-11-26,25.886,26.0,25.886,26.0,22.853056,3100,0.0,1.0
2014-11-28,26.200001,26.209999,26.09,26.09,22.932163,7600,0.0,1.0
2014-12-01,26.15,26.15,26.07,26.08,22.923376,10300,0.0,1.0
2014-12-02,26.15,26.200001,26.040001,26.18,23.011271,5100,0.0,1.0
2014-12-03,26.139999,26.205,26.139999,26.190001000000002,23.02006,7200,0.0,1.0
2014-12-04,26.039,26.120001000000002,26.0,26.110001,22.949745,4700,0.0,1.0
2014-12-05,26.209999,26.209999,25.93,25.940001000000002,22.800314,7900,0.0,1.0
2014-12-08,25.93,26.01,25.91,25.959999,22.817892,3900,0.0,1.0
2014-12-09,25.858999,25.858999,25.858999,25.858999,22.729122,300,0.0,1.0
2014-12-10,26.023001,26.023001,25.969998999999998,25.98,22.835476,600,0.0,1.0
2014-12-11,26.120001000000002,26.120001000000002,26.039,26.07,22.914581,7000,0.0,1.0
2014-12-12,26.08,26.08,25.879998999999998,25.879998999999998,22.747581,1900,0.0,1.0
2014-12-15,25.870001000000002,25.870001000000002,25.483999,25.52,22.43115,5900,0.0,1.0
2014-12-16,25.67,25.68,25.533001000000002,25.540001,22.448732,3100,0.0,1.0
2014-12-17,25.690001000000002,25.99,25.667,25.860001,22.729998000000002,3400,0.0,1.0
2014-12-18,26.33,26.33,26.0,26.15,22.9849,4600,0.0,1.0
2014-12-19,25.950001,26.0,25.889999,26.0,23.078186,6300,0.255096,1.0
2014-12-22,26.120001000000002,26.190001000000002,26.07,26.190001000000002,23.246836,1800,0.0,1.0
2014-12-23,26.24,26.24,26.139999,26.139999,23.202454,4300,0.0,1.0
2014-12-24,26.232,26.290001,26.222,26.280001000000002,23.326721,1200,0.0,1.0
2014-12-26,26.24,26.290001,26.200001,26.290001,23.335594,2700,0.0,1.0
2014-12-29,26.280001000000002,26.32,26.25,26.32,23.362225,1500,0.0,1.0
2014-12-30,26.389999,26.4,26.299999,26.299999,23.344473,3000,0.0,1.0
2014-12-31,26.35,26.35,26.0,26.0,23.078186,5800,0.0,1.0
2015-01-02,26.049999,26.15,26.049999,26.115,23.180262,2400,0.0,1.0
2015-01-05,26.059998999999998,26.24,26.059998999999998,26.23,23.282337,4900,0.0,1.0
2015-01-06,26.440001000000002,26.440001000000002,26.323999,26.4,23.433235,4200,0.0,1.0
2015-01-07,26.612,26.799999,26.612,26.799999,23.788284,4900,0.0,1.0
2015-01-08,27.0,27.0,26.83,26.959999,23.930304,4400,0.0,1.0
2015-01-09,27.040001,27.129998999999998,26.860001,26.959999,23.930304,14800,0.0,1.0
2015-01-12,27.139999,27.139999,27.040001,27.120001000000002,24.072323,10000,0.0,1.0
2015-01-13,27.223,27.223,27.09,27.09,24.045694,1600,0.0,1.0
2015-01-14,27.24,27.32,27.23,27.290001,24.223219,8700,0.0,1.0
2015-01-15,27.34,27.41,27.34,27.389999,24.311979,2900,0.0,1.0
2015-01-16,27.469998999999998,27.639999,27.469998999999998,27.639999,24.533886,3800,0.0,1.0
2015-01-20,27.719998999999998,27.719998999999998,27.469998999999998,27.52,24.427376000000002,11300,0.0,1.0
2015-01-21,27.49,27.549999,27.49,27.549999,24.453995000000003,4000,0.0,1.0
2015-01-22,27.559998999999998,27.92,27.559998999999998,27.91,24.773544,7600,0.0,1.0
2015-01-23,28.040001,28.040001,27.83,27.860001,24.72916,4400,0.0,1.0
2015-01-26,27.959999,28.077,27.82,28.059998999999998,24.906686999999998,15800,0.0,1.0
2015-01-27,27.98,28.049999,27.950001,28.014,24.865856,12200,0.0,1.0
2015-01-28,27.98,28.072001,27.867001000000002,27.867001000000002,24.73538,6400,0.0,1.0
2015-01-29,27.99,27.99,27.700001,27.959999,24.817923,19800,0.0,1.0
2015-01-30,27.67,27.780001000000002,27.51,27.51,24.418495,25900,0.0,1.0
2015-02-02,27.700001,27.700001,27.16,27.51,24.418495,21500,0.0,1.0
2015-02-03,27.645,27.712,27.645,27.700001,24.587149,1700,0.0,1.0
2015-02-04,27.66,27.73,27.6,27.6,24.498383,2000,0.0,1.0
2015-02-05,27.84,27.950001,27.809998999999998,27.950001,24.80905,1900,0.0,1.0
2015-02-06,27.709,27.709,27.27,27.285999,24.219667,10200,0.0,1.0
2015-02-09,27.139999,27.179001,27.059998999999998,27.1,24.054569,2800,0.0,1.0
2015-02-10,27.309998999999998,27.309998999999998,26.959999,27.129998999999998,24.081196,2900,0.0,1.0
2015-02-11,27.07,27.156,26.92,27.040001,24.001314,5400,0.0,1.0
2015-02-12,27.18,27.370001000000002,27.18,27.370001000000002,24.294226000000002,4800,0.0,1.0
2015-02-13,27.360001,27.360001,27.26,27.26,24.196594,3400,0.0,1.0
2015-02-17,27.309998999999998,27.360001,27.200001,27.219998999999998,24.161082999999998,7100,0.0,1.0
2015-02-18,27.09,27.17,27.09,27.120001000000002,24.072323,3800,0.0,1.0
2015-02-19,27.110001,27.120001000000002,26.959999,26.959999,23.930304,4800,0.0,1.0
2015-02-20,26.9,27.120001000000002,26.9,27.1,24.054569,5000,0.0,1.0
2015-02-23,27.139999,27.299999,27.139999,27.27,24.205467000000002,3600,0.0,1.0
2015-02-24,27.049999,27.077999,26.98,27.030001000000002,23.992435,6400,0.0,1.0
2015-02-25,27.124001,27.24,27.056,27.062,24.02084,30200,0.0,1.0
2015-02-26,26.9,26.9,26.780001000000002,26.82,23.806036,8900,0.0,1.0
2015-02-27,26.75,26.99,26.75,26.959999,23.930304,5900,0.0,1.0
2015-03-02,27.110001,27.27,27.01,27.046,24.006638,2900,0.0,1.0
2015-03-03,27.17,27.17,26.93,27.07,24.027939,14800,0.0,1.0
2015-03-04,27.02,27.02,26.790001,26.83,23.814913,4700,0.0,1.0
2015-03-05,26.959999,27.0,26.837999,26.837999,23.822014000000003,6800,0.0,1.0
2015-03-06,26.610001,26.610001,26.01,26.02,23.095938,11400,0.0,1.0
2015-03-09,26.059998999999998,26.059998999999998,25.99,26.030001000000002,23.104815,3900,0.0,1.0
2015-03-10,25.9,25.92,25.74,25.9,22.989422,4600,0.0,1.0
2015-03-11,26.02,26.02,25.839001,25.875,22.967232,8700,0.0,1.0
2015-03-12,26.139999,26.219998999999998,26.129998999999998,26.219998999999998,23.273457999999998,7000,0.0,1.0
2015-03-13,26.1,26.219998999999998,26.1,26.209999,23.264584,40600,0.0,1.0
2015-03-16,26.219998999999998,26.530001000000002,26.219998999999998,26.440001000000002,23.468739000000003,10200,0.0,1.0
2015-03-17,26.370001000000002,26.412001,26.290001,26.389999,23.424355,9800,0.0,1.0
2015-03-18,26.35,26.870001000000002,26.35,26.790001,23.779409,5800,0.0,1.0
2015-03-19,27.01,27.030001000000002,26.9,26.950001,23.921429,28000,0.0,1.0
2015-03-20,27.200001,27.5,27.1,27.5,24.409616,11100,0.0,1.0
2015-03-23,27.67,27.67,27.530001000000002,27.610001,24.507259,15500,0.0,1.0
2015-03-24,27.57,27.57,27.479,27.479,24.390984,1900,0.0,1.0
2015-03-25,27.440001000000002,27.440001000000002,26.907,26.907,24.059139000000002,9700,0.200877,1.0
2015-03-26,26.790001,26.84,26.68,26.719998999999998,23.89193,5900,0.0,1.0
2015-03-27,26.790001,26.790001,26.705999,26.788,23.952732,2500,0.0,1.0
2015-03-30,26.93,26.969998999999998,26.77,26.969998999999998,24.115467000000002,7900,0.0,1.0
2015-03-31,26.76,26.950001,26.709999,26.753,23.921434,11000,0.0,1.0
2015-04-01,26.709999,26.780001000000002,26.549999,26.709999,23.882986,9700,0.0,1.0
2015-04-02,26.84,26.938999,26.84,26.938999,24.087749,4000,0.0,1.0
2015-04-06,27.139999,27.268,27.08,27.091,24.22366,17000,0.0,1.0
2015-04-07,26.950001,26.993999,26.82,26.82,23.981344,2500,0.0,1.0
2015-04-08,26.99,26.99,26.879998999999998,26.92,24.070760999999997,3400,0.0,1.0
2015-04-09,27.059998999999998,27.059998999999998,26.540001,26.58,23.766747,4300,0.0,1.0
2015-04-10,26.67,26.749001,26.66,26.700001,23.874048000000002,19000,0.0,1.0
2015-04-13,26.52,26.540001,26.43,26.43,23.632618,6600,0.0,1.0
2015-04-14,26.559998999999998,26.610001,26.524,26.549999,23.739923,11400,0.0,1.0
2015-04-15,26.51,26.51,26.42,26.42,23.623682000000002,5900,0.0,1.0
2015-04-16,26.52,26.57,26.4,26.530001000000002,23.72204,5700,0.0,1.0
2015-04-17,26.315001000000002,26.353001000000003,26.25,26.309998999999998,23.525323999999998,5900,0.0,1.0
2015-04-20,26.360001,26.469998999999998,26.360001,26.41,23.614738,9300,0.0,1.0
2015-04-21,26.49,26.49,26.41,26.42,23.623682000000002,5300,0.0,1.0
2015-04-22,26.440001000000002,26.468,26.42,26.42,23.623682000000002,5800,0.0,1.0
2015-04-23,26.5,26.558001,26.450001,26.516001,23.709518,27400,0.0,1.0
2015-04-24,26.57,26.707001,26.549999,26.629998999999998,23.811453,6000,0.0,1.0
2015-04-27,26.691999,26.691999,26.620001000000002,26.620001000000002,23.802517,4400,0.0,1.0
2015-04-28,26.59,26.653999,26.57,26.620001000000002,23.802517,4700,0.0,1.0
2015-04-29,26.459999,26.459999,26.27,26.287001,23.504759,7700,0.0,1.0
2015-04-30,26.0,26.076,25.799999,25.83,23.096128,10800,0.0,1.0
2015-05-01,26.139999,26.139999,25.92,26.030001000000002,23.274957999999998,5500,0.0,1.0
2015-05-04,26.24,26.24,26.110001,26.110001,23.346493,4500,0.0,1.0
2015-05-05,25.870001000000002,25.879998999999998,25.57,25.638,22.924448,5900,0.0,1.0
2015-05-06,25.620001000000002,25.620001000000002,25.450001,25.450001,22.756346,2800,0.0,1.0
2015-05-07,25.42,25.716998999999998,25.42,25.66,22.944118,9000,0.0,1.0
2015-05-08,26.129998999999998,26.24,26.082001,26.09,23.328613,7300,0.0,1.0
2015-05-11,25.99,26.07,25.799999,25.82,23.087185,3700,0.0,1.0
2015-05-12,25.639999,25.877001,25.57,25.865999,23.128315,13800,0.0,1.0
2015-05-13,26.093,26.110001,25.74,25.74,23.015652,6800,0.0,1.0
2015-05-14,26.030001000000002,26.209999,25.98,26.18,23.409082,15700,0.0,1.0
2015-05-15,26.23,26.440001000000002,26.23,26.42,23.623682000000002,5000,0.0,1.0
2015-05-18,26.33,26.341,26.280001000000002,26.299999,23.516384,8700,0.0,1.0
2015-05-19,26.389999,26.389999,26.219998999999998,26.219998999999998,23.444845,8600,0.0,1.0
2015-05-20,26.200001,26.299999,26.200001,26.209999,23.435904,11800,0.0,1.0
2015-05-21,26.25,26.25,26.0,26.040001,23.283903,21500,0.0,1.0
2015-05-22,26.120001000000002,26.120001000000002,25.995001000000002,25.995001000000002,23.243664000000003,8000,0.0,1.0
2015-05-26,26.01,26.01,25.690001000000002,25.73,23.006712,6000,0.0,1.0
2015-05-27,25.799,25.940001000000002,25.799,25.940001000000002,23.194482999999998,4800,0.0,1.0
2015-05-28,25.91,25.91,25.719998999999998,25.860001,23.12295,7400,0.0,1.0
2015-05-29,25.709999,25.709999,25.65,25.65,22.935177,4300,0.0,1.0
2015-06-01,25.68,25.827999,25.65,25.809998999999998,23.078243,6300,0.0,1.0
2015-06-02,25.67,25.700001,25.549999,25.646998999999997,22.932495,7500,0.0,1.0
2015-06-03,25.49,25.49,25.370001000000002,25.370001000000002,22.684816,2600,0.0,1.0
2015-06-04,25.23,25.299999,25.202,25.204,22.536382999999997,11200,0.0,1.0
2015-06-05,24.82,25.01,24.809998999999998,24.934,22.29496,5700,0.0,1.0
2015-06-08,24.899,24.940001000000002,24.870001000000002,24.870001000000002,22.23774,4900,0.0,1.0
2015-06-09,25.0,25.0,24.809998999999998,24.82,22.193031,9300,0.0,1.0
2015-06-10,24.959999,25.209999,24.959999,25.129998999999998,22.470213,14000,0.0,1.0
2015-06-11,25.219998999999998,25.26,25.194,25.209999,22.541746,5700,0.0,1.0
2015-06-12,25.15,25.200001,25.110001,25.139999,22.479157999999998,6000,0.0,1.0
2015-06-15,25.044001,25.097,25.0,25.049999,22.39868,6800,0.0,1.0
2015-06-16,25.049999,25.212999,25.049999,25.212999,22.544428,3900,0.0,1.0
2015-06-17,25.09,25.35,24.959999,25.290001,22.613283,2300,0.0,1.0
2015-06-18,25.51,25.719998999999998,25.51,25.639999,22.926239000000002,4400,0.0,1.0
2015-06-19,25.709999,25.709999,25.469998999999998,25.469998999999998,22.774227,4900,0.0,1.0
2015-06-22,25.639999,25.66,25.48,25.48,22.783171,6600,0.0,1.0
2015-06-23,25.49,25.49,25.25,25.299,22.621323,9600,0.0,1.0
2015-06-24,24.900999,24.900999,24.9,24.9,22.481325,1800,0.243932,1.0
2015-06-25,24.82,24.85,24.719998999999998,24.719998999999998,22.318804,2300,0.0,1.0
2015-06-26,24.700001,24.77,24.690001000000002,24.77,22.363954999999997,1800,0.0,1.0
2015-06-29,24.690001000000002,24.690001000000002,24.440001000000002,24.459,22.083157999999997,3900,0.0,1.0
2015-06-30,24.379998999999998,24.441,24.35,24.441,22.066912,3300,0.0,1.0
2015-07-01,24.440001000000002,24.530001000000002,24.41,24.524,22.14185,4300,0.0,1.0
2015-07-02,24.716,24.716,24.656,24.666,22.270052,3400,0.0,1.0
2015-07-06,24.530001000000002,24.66,24.530001000000002,24.610001,22.219494,3300,0.0,1.0
2015-07-07,24.818001000000002,24.955,24.709999,24.955,22.530979000000002,2700,0.0,1.0
2015-07-08,24.771998999999997,24.771998999999997,24.68,24.700001,22.300753,18800,0.0,1.0
2015-07-09,24.99,24.99,24.656,24.780001000000002,22.37298,2200,0.0,1.0
2015-07-10,25.049999,25.059998999999998,24.997,24.997,22.568901,9000,0.0,1.0
2015-07-13,25.23,25.23,25.02,25.07,22.634811,8200,0.0,1.0
2015-07-14,25.110001,25.212,25.084,25.172001,22.726902,4800,0.0,1.0
2015-07-15,25.309998999999998,25.309998999999998,25.08,25.16,22.716066,8600,0.0,1.0
2015-07-16,25.358999,25.450001,25.358999,25.42,22.950810999999998,5200,0.0,1.0
2015-07-17,25.5,25.5,25.309998999999998,25.360001,22.896643,6500,0.0,1.0
2015-07-20,25.32,25.370001000000002,25.26,25.34,22.878584,7400,0.0,1.0
2015-07-21,25.290001,25.360001,25.280001000000002,25.280001000000002,22.824408,4500,0.0,1.0
2015-07-22,25.370001000000002,25.370001000000002,25.33,25.360001,22.896643,700,0.0,1.0
2015-07-23,25.389999,25.389999,24.870001000000002,24.91,22.490351,15400,0.0,1.0
2015-07-24,25.040001,25.120001000000002,25.040001,25.120001000000002,22.679951000000003,4200,0.0,1.0
2015-07-27,25.120001000000002,25.159,25.069,25.069,22.633909,5500,0.0,1.0
2015-07-28,25.299999,25.299999,25.1,25.24,22.788298,5000,0.0,1.0
2015-07-29,25.25,25.309998999999998,25.209999,25.25,22.797323000000002,12800,0.0,1.0
2015-07-30,25.254,25.254,25.139999,25.15,22.707039,4700,0.0,1.0
2015-07-31,25.42,25.43,25.309998999999998,25.35,22.887609,5900,0.0,1.0
2015-08-03,25.51,25.51,25.357,25.41,22.941785999999997,4100,0.0,1.0
2015-08-04,25.459999,25.459999,25.459999,25.459999,22.986925,100,0.0,1.0
2015-08-05,25.459999,25.459999,25.459999,25.459999,22.986925,400,0.0,1.0
2015-08-06,25.09,25.209999,24.992001000000002,25.209999,22.761211,1400,0.0,1.0
2015-08-07,25.32,25.32,25.32,25.32,22.860523,300,0.0,1.0
2015-08-10,25.409,25.43,25.309998999999998,25.309998999999998,22.851498,4800,0.0,1.0
2015-08-11,25.26,25.379998999999998,25.26,25.35,22.887609,3000,0.0,1.0
2015-08-12,25.16,25.313999,25.16,25.313999,22.855106,2100,0.0,1.0
2015-08-13,25.5,25.610001,25.24,25.405001000000002,22.937269,7400,0.0,1.0
2015-08-14,25.549999,25.58,25.360001,25.58,23.095270000000003,8300,0.0,1.0
2015-08-17,25.59,25.68,25.549999,25.68,23.185558,6900,0.0,1.0
2015-08-18,25.68,25.76,25.65,25.74,23.239729,5700,0.0,1.0
2015-08-19,25.549999,25.549999,25.469998999999998,25.549999,23.068182,2400,0.0,1.0
2015-08-20,25.459999,25.48,25.422001,25.422001,22.95262,1800,0.0,1.0
2015-08-21,25.26,25.290001,25.02,25.02,22.589666,4400,0.0,1.0
2015-08-24,24.73,24.73,21.08,24.08,21.740973999999998,18100,0.0,1.0
2015-08-25,24.49,24.49,23.709999,23.709999,21.406914,6100,0.0,1.0
2015-08-26,24.49,24.49,23.465,23.878,21.558595999999998,15000,0.0,1.0
2015-08-27,24.17,24.51,24.084,24.17,21.822231,12200,0.0,1.0
2015-08-28,24.360001,24.360001,24.120001000000002,24.280001000000002,21.921549,14100,0.0,1.0
2015-08-31,24.16,24.16,23.889999,23.889999,21.569429,4000,0.0,1.0
2015-09-01,23.5,23.58,23.26,23.309998999999998,21.045769,18200,0.0,1.0
2015-09-02,23.559998999999998,23.620001000000002,23.450001,23.6,21.3076,5100,0.0,1.0
2015-09-03,23.73,23.809998999999998,23.65,23.66,21.361773,4900,0.0,1.0
2015-09-04,23.336,23.41,23.122,23.23,20.973537,8000,0.0,1.0
2015-09-08,23.52,23.629998999999998,23.469998999999998,23.629998999999998,21.334684,6400,0.0,1.0
2015-09-09,23.780001000000002,23.780001000000002,23.280001000000002,23.280001000000002,21.018684,23600,0.0,1.0
2015-09-10,23.440001000000002,23.58,23.4,23.440001000000002,21.163142999999998,4100,0.0,1.0
2015-09-11,23.41,23.719998999999998,23.41,23.700001,21.397886,2400,0.0,1.0
2015-09-14,23.700001,23.700001,23.639999,23.639999,21.34371,11000,0.0,1.0
2015-09-15,23.84,23.91,23.719998999999998,23.91,21.587486,1500,0.0,1.0
2015-09-16,24.0,24.072001,23.959999,24.072001,21.733755,1800,0.0,1.0
2015-09-17,24.5,24.5,24.403,24.403,22.032597,2200,0.0,1.0
2015-09-18,24.306,24.306,24.306,24.306,21.945023000000003,1000,0.0,1.0
2015-09-21,24.450001,24.466998999999998,24.358,24.43,22.056978,5700,0.0,1.0
2015-09-22,24.17,24.17,24.134001,24.134001,21.789728,1300,0.0,1.0
2015-09-23,24.15,24.27,24.1,24.190001000000002,21.840286,19000,0.0,1.0
2015-09-24,24.181998999999998,24.181998999999998,24.040001,24.18,21.831260999999998,1800,0.0,1.0
2015-09-25,24.120001000000002,24.120001000000002,24.1,24.1,21.971885999999998,600,0.234244,1.0
2015-09-28,23.799999,23.84,23.724001,23.724001,21.629087,3600,0.0,1.0
2015-09-29,23.73,23.93,23.73,23.93,21.816895000000002,1600,0.0,1.0
2015-09-30,24.190001000000002,24.190001000000002,23.997,24.129998999999998,21.999233,6500,0.0,1.0
2015-10-01,24.219998999999998,24.25,24.156,24.18,22.044819,5900,0.0,1.0
2015-10-02,24.094,24.473,24.025,24.473,22.311947,2100,0.0,1.0
2015-10-05,24.75,24.9,24.67,24.9,22.701244,9400,0.0,1.0
2015-10-06,24.816999,24.93,24.806998999999998,24.862,22.666597,4600,0.0,1.0
2015-10-07,24.860001,24.98,24.84,24.868,22.672068,5900,0.0,1.0
2015-10-08,24.860001,25.27,24.860001,25.27,23.038567999999998,7300,0.0,1.0
2015-10-09,25.179001,25.179001,25.07,25.110001,22.892696,3700,0.0,1.0
2015-10-12,25.256001,25.256001,25.207001,25.235001,23.006659,3600,0.0,1.0
2015-10-13,25.190001000000002,25.209999,25.01,25.01,22.801527,11500,0.0,1.0
2015-10-14,25.16,25.16,25.0,25.040001,22.828878,8300,0.0,1.0
2015-10-15,25.09,25.325001,25.09,25.292,23.058626,5300,0.0,1.0
2015-10-16,25.5,25.5,25.440001000000002,25.5,23.248259,900,0.0,1.0
2015-10-19,25.559,25.683001,25.540001,25.683001,23.4151,2600,0.0,1.0
2015-10-20,25.82,25.82,25.68,25.738001,23.465239999999998,5100,0.0,1.0
2015-10-21,25.75,25.76,25.73,25.73,23.457947,3200,0.0,1.0
2015-10-22,25.85,25.915001,25.85,25.868999,23.584673000000002,2600,0.0,1.0
2015-10-23,25.858,25.858,25.656,25.700001,23.430599,5900,0.0,1.0
2015-10-26,25.65,25.68,25.591998999999998,25.68,23.412364999999998,3800,0.0,1.0
2015-10-27,25.68,25.690001000000002,25.65,25.665001,23.398689,2500,0.0,1.0
2015-10-28,25.809998999999998,25.82,25.642,25.642,23.377722,5000,0.0,1.0
2015-10-29,25.540001,25.68,25.540001,25.67,23.40325,1900,0.0,1.0
2015-10-30,25.559998999999998,25.57,25.49,25.530001000000002,23.275612,4600,0.0,1.0
2015-11-02,25.5,25.870001000000002,25.5,25.870001000000002,23.585585000000002,9100,0.0,1.0
2015-11-03,25.57,25.739,25.57,25.690001000000002,23.421485999999998,2400,0.0,1.0
2015-11-04,25.719998999999998,25.719998999999998,25.436001,25.440001000000002,23.193556,3600,0.0,1.0
2015-11-05,25.610001,25.610001,25.4,25.58,23.321194000000002,8100,0.0,1.0
2015-11-06,25.0,25.01,24.82,24.91,22.710356,19400,0.0,1.0
2015-11-09,24.84,24.84,24.35,24.398001,22.243570000000002,8000,0.0,1.0
2015-11-10,24.605,24.605,24.489,24.49,22.327444,3100,0.0,1.0
2015-11-11,24.84,24.84,24.610001,24.639999,22.464195,9400,0.0,1.0
2015-11-12,24.57,24.59,24.51,24.549999,22.382145,5800,0.0,1.0
2015-11-13,24.6,24.6,24.298,24.298,22.152401,8700,0.0,1.0
2015-11-16,24.319,24.59,24.309998999999998,24.559998999999998,22.391266,9100,0.0,1.0
2015-11-17,24.780001000000002,24.790001,24.620001000000002,24.67,22.491552,6700,0.0,1.0
2015-11-18,24.714001,24.895,24.6,24.895,22.696684,10800,0.0,1.0
2015-11-19,24.938999,25.08,24.938999,24.997999,22.790582999999998,19600,0.0,1.0
2015-11-20,25.25,25.25,25.17,25.209999,22.983866,2400,0.0,1.0
2015-11-23,25.280001000000002,25.280001000000002,25.118,25.118,22.89999,4600,0.0,1.0
2015-11-24,25.1,25.129998999999998,24.879998999999998,25.129998999999998,22.910929,11800,0.0,1.0
2015-11-25,25.129998999999998,25.18,25.129998999999998,25.167,22.944662,11600,0.0,1.0
2015-11-27,25.209999,25.280001000000002,25.209999,25.280001000000002,23.047684,1400,0.0,1.0
2015-11-30,25.17,25.267,25.17,25.18,22.956516,21100,0.0,1.0
2015-12-01,25.450001,25.58,25.42,25.57,23.312078,20100,0.0,1.0
2015-12-02,25.57,25.57,25.02,25.02,22.810644,11200,0.0,1.0
2015-12-03,24.940001000000002,24.940001000000002,24.709999,24.715,22.532576000000002,20500,0.0,1.0
2015-12-04,24.719998999999998,25.139999,24.719998999999998,25.120001000000002,22.901812,6900,0.0,1.0
2015-12-07,25.07,25.09,24.940001000000002,25.049999,22.837994000000002,22700,0.0,1.0
2015-12-08,24.98,25.030001000000002,24.889999,25.030001000000002,22.819761,8900,0.0,1.0
2015-12-09,25.02,25.040001,24.719998999999998,24.83,22.637421,19200,0.0,1.0
2015-12-10,24.839001,24.860001,24.639999,24.65,22.473314000000002,6300,0.0,1.0
2015-12-11,24.440001000000002,24.559998999999998,24.378,24.42,22.263626000000002,34600,0.0,1.0
2015-12-14,24.58,24.66,24.309998999999998,24.66,22.482431,56600,0.0,1.0
2015-12-15,24.84,24.948999,24.809998999999998,24.879998999999998,22.683006,8200,0.0,1.0
2015-12-16,25.059,25.438999,25.059,25.438999,23.192646,11800,0.0,1.0
2015-12-17,25.25,25.25,25.052,25.139999,22.92005,7600,0.0,1.0
2015-12-18,25.09,25.09,24.98,25.040001,22.828878,6700,0.0,1.0
2015-12-21,24.9,24.93,24.700001,24.794001,22.804253,17200,0.21922399999999997,1.0
2015-12-22,24.889999,24.975,24.870001000000002,24.969998999999998,22.966129000000002,16600,0.0,1.0
2015-12-23,25.1,25.15,24.99,25.097,23.082935,332000,0.0,1.0
2015-12-24,25.07,25.139999,25.049999,25.096001,23.082017999999998,53700,0.0,1.0
2015-12-28,25.15,25.212,25.030001000000002,25.212,23.188707,24900,0.0,1.0
2015-12-29,25.41,25.469998999999998,25.41,25.445,23.403008,5400,0.0,1.0
2015-12-30,25.52,25.52,25.334,25.379998999999998,23.343224,20000,0.0,1.0
2015-12-31,25.25,25.35,25.197001,25.249001,23.222735999999998,6100,0.0,1.0
2016-01-04,24.77,24.826,24.65,24.826,22.833685,7200,0.0,1.0
2016-01-05,24.870001000000002,25.139999,24.870001000000002,25.110001,23.094891,17100,0.0,1.0
2016-01-06,24.879998999999998,25.035,24.85,24.959999,22.95693,18400,0.0,1.0
2016-01-07,24.629998999999998,24.719998999999998,24.48,24.57,22.598228,9700,0.0,1.0
2016-01-08,24.620001000000002,24.620001000000002,24.15,24.16,22.221128,16000,0.0,1.0
2016-01-11,24.313999,24.351999,24.16,24.309998999999998,22.359092999999998,9800,0.0,1.0
2016-01-12,24.209999,24.209999,24.139999,24.200001,22.257921,22200,0.0,1.0
2016-01-13,24.33,24.370001000000002,23.870001000000002,23.926001,22.005910999999998,13600,0.0,1.0
2016-01-14,23.892,24.08,23.837,24.01,22.083166000000002,21600,0.0,1.0
2016-01-15,23.5,23.646,23.41,23.629998999999998,21.733662,7900,0.0,1.0
2016-01-19,23.940001000000002,23.940001000000002,23.68,23.76,21.853233,2291300,0.0,1.0
2016-01-20,23.51,23.559998999999998,22.851,23.34,21.466938,161900,0.0,1.0
2016-01-21,23.259001,23.672001,23.259001,23.48,21.595705,43400,0.0,1.0
2016-01-22,23.719998999999998,24.049999,23.67,23.966,22.042702,31100,0.0,1.0
2016-01-25,23.948999,24.120001000000002,23.75,23.773001,21.865187,15100,0.0,1.0
2016-01-26,24.23,24.290001,24.139999,24.27,22.322304000000003,22200,0.0,1.0
2016-01-27,24.17,24.17,23.799999,23.909,21.990273000000002,38500,0.0,1.0
2016-01-28,24.15,24.15,23.82,23.85,21.93601,44800,0.0,1.0
2016-01-29,24.1,24.320999,23.983999,24.320999,22.369208999999998,12100,0.0,1.0
2016-02-01,24.379998999999998,24.6,24.280001000000002,24.573999,22.601904,46400,0.0,1.0
2016-02-02,24.16,24.17,24.110001,24.17,22.230332999999998,4800,0.0,1.0
2016-02-03,24.378,24.59,24.253,24.462999,22.499814999999998,3600,0.0,1.0
2016-02-04,24.52,24.632,24.500999,24.52,22.55224,2200,0.0,1.0
2016-02-05,24.33,24.360001,24.120001000000002,24.129998999999998,22.193535,479800,0.0,1.0
2016-02-08,23.969998999999998,23.969998999999998,23.35,23.552,21.661922,15000,0.0,1.0
2016-02-09,23.280001000000002,23.280001000000002,23.08,23.218,21.354725,8400,0.0,1.0
2016-02-10,23.389999,23.57,23.365999,23.452999,21.570866,18000,0.0,1.0
2016-02-11,23.01,23.129998999999998,22.959999,23.030001000000002,21.181814000000003,13400,0.0,1.0
2016-02-12,23.24,23.309998999999998,23.152,23.25,21.384157000000002,22100,0.0,1.0
2016-02-16,23.544001,23.719998999999998,23.51,23.705,21.802645000000002,7100,0.0,1.0
2016-02-17,23.879998999999998,24.122,23.879998999999998,23.992001000000002,22.066612,24000,0.0,1.0
2016-02-18,24.030001000000002,24.114,24.02,24.02,22.092367000000003,34600,0.0,1.0
2016-02-19,24.040001,24.290001,24.040001,24.256001,22.309429,2700,0.0,1.0
2016-02-22,24.5,24.52,24.440001000000002,24.459,22.496134,13000,0.0,1.0
2016-02-23,24.35,24.52,24.243,24.309998999999998,22.359092999999998,13300,0.0,1.0
2016-02-24,24.15,24.33,24.042,24.33,22.377487,17300,0.0,1.0
2016-02-25,24.370001000000002,24.73,24.370001000000002,24.73,22.745388000000002,27900,0.0,1.0
2016-02-26,24.799999,24.799999,24.559998999999998,24.559998999999998,22.589029,28900,0.0,1.0
2016-02-29,24.570999,24.74,24.459999,24.459999,22.497053,24000,0.0,1.0
2016-03-01,24.68,25.048,24.68,25.030001000000002,23.021313,6700,0.0,1.0
2016-03-02,25.030001000000002,25.243999,25.0,25.200001,23.177671,25200,0.0,1.0
2016-03-03,25.25,25.299999,25.18,25.296,23.265964999999998,27200,0.0,1.0
2016-03-04,25.33,25.402,25.264999,25.360001,23.324831,40500,0.0,1.0
2016-03-07,25.224001,25.459999,25.224001,25.374001,23.337708,193800,0.0,1.0
2016-03-08,25.33,25.42,25.190001000000002,25.191,23.169392000000002,19700,0.0,1.0
2016-03-09,25.371,25.489,25.32,25.35,23.31563,3900,0.0,1.0
2016-03-10,25.49,25.6,25.09,25.313999,23.28252,19800,0.0,1.0
2016-03-11,25.6,25.889999,25.6,25.889999,23.812294,7900,0.0,1.0
2016-03-14,25.780001000000002,25.860001,25.74,25.809998999999998,23.738716,11100,0.0,1.0
2016-03-15,25.68,25.84,25.68,25.809,23.737797,8800,0.0,1.0
2016-03-16,25.74,26.16,25.73,26.16,24.060627,12600,0.0,1.0
2016-03-17,26.23,26.604,26.23,26.530001000000002,24.400934,49600,0.0,1.0
2016-03-18,26.48,26.614,26.48,26.540001,24.410135,13800,0.0,1.0
2016-03-21,26.450001,26.48,26.27,26.27,24.161801999999998,21300,0.0,1.0
2016-03-22,26.18,26.299999,26.155001000000002,26.27,24.161801999999998,5500,0.0,1.0
2016-03-23,25.879998999999998,25.893998999999997,25.802999,25.82,24.001238,6900,0.27726799999999996,1.0
2016-03-24,25.610001,25.76,25.549999,25.76,23.945463,199000,0.0,1.0
2016-03-28,25.91,25.940001000000002,25.73,25.879998999999998,24.057009,45600,0.0,1.0
2016-03-29,25.98,26.409,25.940001000000002,26.370001000000002,24.512495,21600,0.0,1.0
2016-03-30,26.57,26.57,26.41,26.42,24.558973,21700,0.0,1.0
2016-03-31,26.43,26.514999,26.4,26.469998999999998,24.60545,14500,0.0,1.0
2016-04-01,26.34,26.455,26.290001,26.41,24.549677,30100,0.0,1.0
2016-04-04,26.52,26.540001,26.370001000000002,26.42,24.558973,7800,0.0,1.0
2016-04-05,26.25,26.33,26.240999,26.26,24.410244,11600,0.0,1.0
2016-04-06,26.290001,26.43,26.219998999999998,26.43,24.568268,7300,0.0,1.0
2016-04-07,26.33,26.34,26.108999,26.219998999999998,24.373056,8700,0.0,1.0
2016-04-08,26.48,26.52,26.27,26.288,24.43627,42100,0.0,1.0
2016-04-11,26.5,26.559998999999998,26.370001000000002,26.389999,24.531084,20800,0.0,1.0
2016-04-12,26.51,26.690001000000002,26.48,26.690001000000002,24.809956,11100,0.0,1.0
2016-04-13,26.77,26.77,26.478001000000003,26.59,24.716998999999998,21600,0.0,1.0
2016-04-14,26.559998999999998,26.559998999999998,26.41,26.43,24.568268,326300,0.0,1.0
2016-04-15,26.459999,26.629998999999998,26.459999,26.549999,24.679813,10500,0.0,1.0
2016-04-18,26.59,26.733999,26.59,26.733999,24.850851000000002,8000,0.0,1.0
2016-04-19,26.9,26.9,26.700001,26.799999,24.912205,21700,0.0,1.0
2016-04-20,26.82,26.85,26.52,26.52,24.65193,21900,0.0,1.0
2016-04-21,26.43,26.43,25.997999,26.059,24.2234,20000,0.0,1.0
2016-04-22,26.09,26.24,26.09,26.200001,24.354467,8300,0.0,1.0
2016-04-25,26.200001,26.450001,26.200001,26.450001,24.586861,23100,0.0,1.0
2016-04-26,26.629998999999998,26.719998999999998,26.58,26.639999,24.763474,27900,0.0,1.0
2016-04-27,26.6,26.648001,26.431,26.559998999999998,24.68911,21100,0.0,1.0
2016-04-28,26.549999,26.65,26.32,26.379998999999998,24.521791,123100,0.0,1.0
2016-04-29,26.440001000000002,26.440001000000002,26.129998999999998,26.299999,24.447423999999998,19600,0.0,1.0
2016-05-02,26.469998999999998,26.82,26.469998999999998,26.82,24.930798,37800,0.0,1.0
2016-05-03,26.639999,26.700001,26.530001000000002,26.68,24.800659,52400,0.0,1.0
2016-05-04,26.57,26.877001,26.57,26.844998999999998,24.954033,18300,0.0,1.0
2016-05-05,26.9,26.944,26.84,26.870001000000002,24.977273999999998,6500,0.0,1.0
2016-05-06,26.790001,27.069,26.780001000000002,27.040001,25.1353,12900,0.0,1.0
2016-05-09,27.23,27.33,27.16,27.27,25.349098,74000,0.0,1.0
2016-05-10,27.450001,27.450001,27.299999,27.379998999999998,25.451349,28800,0.0,1.0
2016-05-11,27.27,27.27,26.84,26.84,24.949386999999998,20500,0.0,1.0
2016-05-12,27.0,27.0,26.690001000000002,26.879998999999998,24.98657,119700,0.0,1.0
2016-05-13,26.85,26.85,26.594,26.610001,24.73559,21700,0.0,1.0
2016-05-16,26.74,26.974001,26.684998999999998,26.9,25.005159,29000,0.0,1.0
2016-05-17,26.950001,26.950001,26.450001,26.530001000000002,24.661222,20600,0.0,1.0
2016-05-18,26.549999,26.549999,25.940001000000002,26.15,24.307987,50000,0.0,1.0
2016-05-19,26.059998999999998,26.059998999999998,25.799999,25.940001000000002,24.112785000000002,19900,0.0,1.0
2016-05-20,26.120001000000002,26.15,26.049999,26.120001000000002,24.280104,10900,0.0,1.0
2016-05-23,26.18,26.18,26.073999,26.1,24.261513,13300,0.0,1.0
2016-05-24,26.309998999999998,26.42,26.280001000000002,26.35,24.493902,82000,0.0,1.0
2016-05-25,26.57,26.57,26.209999,26.389999,24.531084,367500,0.0,1.0
2016-05-26,26.450001,26.487,26.370001000000002,26.43,24.568268,131000,0.0,1.0
2016-05-27,26.48,26.577999,26.41,26.48,24.614744,9400,0.0,1.0
2016-05-31,26.559998999999998,26.559998999999998,26.35,26.469998999999998,24.60545,47900,0.0,1.0
2016-06-01,26.370001000000002,26.488001,26.34,26.459999,24.596153,16300,0.0,1.0
2016-06-02,26.41,26.549999,26.379998999999998,26.549999,24.679813,23400,0.0,1.0
2016-06-03,26.85,26.85,26.67,26.790001,24.902910000000002,44900,0.0,1.0
2016-06-06,26.889999,26.889999,26.59,26.700001,24.819252,21800,0.0,1.0
2016-06-07,26.809998999999998,26.91,26.809998999999998,26.82,24.930798,18700,0.0,1.0
2016-06-08,26.92,27.02,26.870001000000002,26.969998999999998,25.07023,22600,0.0,1.0
2016-06-09,26.98,27.069,26.950001,27.01,25.10741,41900,0.0,1.0
2016-06-10,26.870001000000002,26.879998999999998,26.67,26.74,24.856432,132800,0.0,1.0
2016-06-13,26.719998999999998,26.889999,26.68,26.690001000000002,24.809956,17600,0.0,1.0
2016-06-14,26.639999,26.68,26.466,26.52,24.65193,39300,0.0,1.0
2016-06-15,26.700001,26.870001000000002,26.634001,26.76,24.875023000000002,20600,0.0,1.0
2016-06-16,26.74,26.889999,26.569,26.85,24.958681,26000,0.0,1.0
2016-06-17,26.9,26.92,26.73,26.9,25.005159,96200,0.0,1.0
2016-06-20,27.41,27.41,27.08,27.08,25.17248,16600,0.0,1.0
2016-06-21,27.0,27.07,26.91,26.969998999999998,25.316381,29400,0.263299,1.0
2016-06-22,27.040001,27.049999,26.9,26.9,25.250671,22300,0.0,1.0
2016-06-23,27.23,27.23,27.08,27.15,25.485344,33600,0.0,1.0
2016-06-24,26.27,26.629998999999998,26.024,26.42,24.800102,38000,0.0,1.0
2016-06-27,26.16,26.190001000000002,25.945,26.17,24.56543,161400,0.0,1.0
2016-06-28,26.51,26.85,26.51,26.85,25.203739000000002,29100,0.0,1.0
2016-06-29,27.110001,27.23,27.059998999999998,27.209999,25.541666,121600,0.0,1.0
2016-06-30,27.33,27.48,27.15,27.450001,25.766951000000002,36600,0.0,1.0
2016-07-01,27.58,27.67,27.49,27.530001000000002,25.842047,129200,0.0,1.0
2016-07-05,27.42,27.540001,27.389999,27.52,25.832660999999998,39500,0.0,1.0
2016-07-06,27.450001,27.5,27.33,27.48,25.795111,34600,0.0,1.0
2016-07-07,27.59,27.59,27.23,27.32,25.644920000000003,17500,0.0,1.0
2016-07-08,27.58,27.780001000000002,27.549999,27.77,26.067332999999998,23300,0.0,1.0
2016-07-11,27.940001000000002,28.01,27.790001,27.99,26.273842,36800,0.0,1.0
2016-07-12,28.17,28.17,27.9,28.0,26.28323,108000,0.0,1.0
2016-07-13,28.110001,28.110001,27.98,28.08,26.358321999999998,61300,0.0,1.0
2016-07-14,28.24,28.24,27.910999,27.98,26.264456,27000,0.0,1.0
2016-07-15,27.969998999999998,27.969998999999998,27.74,27.877001,26.167768,29100,0.0,1.0
2016-07-18,27.99,27.99,27.870001000000002,27.948,26.234416999999997,15200,0.0,1.0
2016-07-19,27.959999,28.018,27.82,27.995001000000002,26.278536,22900,0.0,1.0
2016-07-20,28.25,28.25,28.049999,28.110001,26.386484000000003,20200,0.0,1.0
2016-07-21,28.120001000000002,28.120001000000002,27.940001000000002,27.985001,26.269147999999998,138200,0.0,1.0
2016-07-22,28.15,28.280001000000002,28.120001000000002,28.209999,26.480354,275500,0.0,1.0
2016-07-25,28.33,28.33,28.134001,28.23,26.499126,21100,0.0,1.0
2016-07-26,28.379998999999998,28.379998999999998,28.15,28.219998999999998,26.489738,40700,0.0,1.0
2016-07-27,28.209999,28.209999,27.832001,28.040001,26.320776000000002,16800,0.0,1.0
2016-07-28,28.110001,28.348,28.1,28.309998999999998,26.574222999999996,23500,0.0,1.0
2016-07-29,28.299999,28.709999,28.299999,28.66,26.902763,14700,0.0,1.0
2016-08-01,28.84,28.84,28.565001000000002,28.57,26.818278999999997,11200,0.0,1.0
2016-08-02,28.74,28.74,28.27,28.334,26.59675,45600,0.0,1.0
2016-08-03,28.299999,28.299999,28.049999,28.17,26.442808000000003,37600,0.0,1.0
2016-08-04,28.290001,28.290001,28.139999,28.18,26.452191999999997,60600,0.0,1.0
2016-08-05,28.290001,28.290001,28.129998999999998,28.190001000000002,26.461579999999998,47800,0.0,1.0
2016-08-08,28.200001,28.290001,28.16,28.200001,26.470965999999997,20000,0.0,1.0
2016-08-09,28.219998999999998,28.299999,28.17,28.299999,26.564833,20900,0.0,1.0
2016-08-10,28.450001,28.49,28.284,28.35,26.611769,24000,0.0,1.0
2016-08-11,28.459999,28.459999,28.040001,28.120001000000002,26.395871999999997,28100,0.0,1.0
2016-08-12,28.190001000000002,28.379998999999998,28.120001000000002,28.18,26.452191999999997,35500,0.0,1.0
2016-08-15,28.32,28.32,28.215,28.23,26.499126,37800,0.0,1.0
2016-08-16,28.299999,28.299999,27.955999,28.01,26.292618,100800,0.0,1.0
2016-08-17,28.1,28.1,27.780001000000002,28.054001,26.333920000000003,25500,0.0,1.0
2016-08-18,28.1,28.127001,28.007998999999998,28.1,26.377097999999997,26600,0.0,1.0
2016-08-19,27.99,27.99,27.82,27.9,26.18936,22000,0.0,1.0
2016-08-22,27.969998999999998,28.0,27.870001000000002,28.0,26.28323,96000,0.0,1.0
2016-08-23,28.18,28.200001,28.055,28.068001000000002,26.347059,65200,0.0,1.0
2016-08-24,28.07,28.07,27.84,27.91,26.198746,22900,0.0,1.0
2016-08-25,27.98,28.139999,27.955,28.02,26.302002,30300,0.0,1.0
2016-08-26,28.129998999999998,28.18,27.639999,27.74,26.039169,18000,0.0,1.0
2016-08-29,27.73,27.93,27.73,27.860001,26.15181,32200,0.0,1.0
2016-08-30,27.99,27.99,27.676001,27.806,26.101126,39100,0.0,1.0
2016-08-31,27.879998999999998,27.879998999999998,27.672001,27.790001,26.086107000000002,57500,0.0,1.0
2016-09-01,27.959999,27.959999,27.68,27.809998999999998,26.104876,44400,0.0,1.0
2016-09-02,28.0,28.200001,27.865,27.950001,26.236294,50000,0.0,1.0
2016-09-06,28.1,28.23,28.0,28.219998999999998,26.489738,30600,0.0,1.0
2016-09-07,28.32,28.32,28.120001000000002,28.27,26.536672999999997,51100,0.0,1.0
2016-09-08,28.33,28.33,28.0,28.040001,26.320776000000002,22700,0.0,1.0
2016-09-09,27.76,27.76,27.049999,27.049999,25.391478,38700,0.0,1.0
2016-09-12,26.98,27.370001000000002,26.93,27.334,25.65806,39000,0.0,1.0
2016-09-13,27.17,27.17,26.66,26.767,25.12583,40400,0.0,1.0
2016-09-14,26.75,26.82,26.690001000000002,26.76,25.119257,73600,0.0,1.0
2016-09-15,26.75,26.84,26.620001000000002,26.82,25.175577,36900,0.0,1.0
2016-09-16,26.75,26.763,26.68,26.763,25.122072,32600,0.0,1.0
2016-09-19,26.93,26.983,26.868,26.98,25.325769,19600,0.0,1.0
2016-09-20,27.17,27.18,27.0,27.045,25.386779999999998,54400,0.0,1.0
2016-09-21,27.15,27.327999,26.825001,27.299999,25.626148,35700,0.0,1.0
2016-09-22,27.690001000000002,27.790001,27.68,27.76,26.057942999999998,123100,0.0,1.0
2016-09-23,27.860001,27.860001,27.57,27.780001000000002,26.076717000000002,20000,0.0,1.0
2016-09-26,27.52,27.599001,27.450001,27.549999,26.112772,30400,0.268041,1.0
2016-09-27,27.639999,27.639999,27.4,27.4,25.970598000000003,39500,0.0,1.0
2016-09-28,27.6,27.66,27.42,27.66,26.217031,72000,0.0,1.0
2016-09-29,27.59,27.59,27.188999,27.24,25.818945000000003,183600,0.0,1.0
2016-09-30,27.49,27.49,27.219998999999998,27.219998999999998,25.799988,44400,0.0,1.0
2016-10-03,27.129998999999998,27.129998999999998,26.819,26.85,25.449291,32200,0.0,1.0
2016-10-04,26.959999,26.959999,26.344,26.459999,25.079638,111200,0.0,1.0
2016-10-05,26.43,26.450001,25.997,26.02,24.662592,51900,0.0,1.0
2016-10-06,25.860001,25.995001000000002,25.65,25.912001,24.560225,14200,0.0,1.0
2016-10-07,26.030001000000002,26.08,25.68,25.827999,24.480605999999998,30000,0.0,1.0
2016-10-10,25.959999,25.964001,25.870001000000002,25.91,24.558329,16200,0.0,1.0
2016-10-11,25.889999,25.889999,25.530001000000002,25.584999,24.250282000000002,47300,0.0,1.0
2016-10-12,25.690001000000002,25.790001,25.610001,25.790001,24.444589999999998,123700,0.0,1.0
2016-10-13,25.799999,26.027,25.766001,25.98,24.624678,72500,0.0,1.0
2016-10-14,26.219998999999998,26.219998999999998,25.905001000000002,25.92,24.567808,251400,0.0,1.0
2016-10-17,25.98,25.98,25.875999,25.882998999999998,24.532736,10200,0.0,1.0
2016-10-18,26.15,26.190001000000002,26.030001000000002,26.09,24.728937,190500,0.0,1.0
2016-10-19,26.030001000000002,26.190001000000002,26.030001000000002,26.17,24.804766,211900,0.0,1.0
2016-10-20,26.23,26.23,26.02,26.084999,24.724199,18600,0.0,1.0
2016-10-21,26.01,26.01,25.870001000000002,25.98,24.624678,66600,0.0,1.0
2016-10-24,26.129998999999998,26.23,25.950001,26.02,24.662592,70600,0.0,1.0
2016-10-25,26.030001000000002,26.030001000000002,25.92,26.02,24.662592,65400,0.0,1.0
2016-10-26,26.02,26.02,25.549999,25.690001000000002,24.349804000000002,73100,0.0,1.0
2016-10-27,25.57,25.57,25.110001,25.16,23.847456,86400,0.0,1.0
2016-10-28,25.200001,25.280001000000002,25.046,25.146998999999997,23.835131,120600,0.0,1.0
2016-10-31,25.209999,25.525999,25.209999,25.525999,24.194360999999997,116500,0.0,1.0
2016-11-01,25.52,25.52,25.0,25.042999,23.736559,59800,0.0,1.0
2016-11-02,25.02,25.200001,24.9,24.9,23.601019,49500,0.0,1.0
2016-11-03,25.030001000000002,25.030001000000002,24.76,24.799999,23.506231,83300,0.0,1.0
2016-11-04,24.860001,24.889999,24.690001000000002,24.799999,23.506231,76400,0.0,1.0
2016-11-07,25.139999,25.190001000000002,25.040001,25.190001000000002,23.875891,69100,0.0,1.0
2016-11-08,25.27,25.35,25.129998999999998,25.309998999999998,23.98963,37400,0.0,1.0
2016-11-09,24.889999,25.143,24.719998999999998,24.959999,23.657885,52200,0.0,1.0
2016-11-10,24.9,24.9,24.190001000000002,24.450001,23.174494,89300,0.0,1.0
2016-11-11,24.280001000000002,24.59,24.280001000000002,24.450001,23.174494,21800,0.0,1.0
2016-11-14,24.280001000000002,24.73,24.236,24.620001000000002,23.335629,97100,0.0,1.0
2016-11-15,24.809998999999998,24.889999,24.493,24.6,23.316669,33600,0.0,1.0
2016-11-16,24.530001000000002,24.530001000000002,24.323999,24.450001,23.174494,26300,0.0,1.0
2016-11-17,24.65,24.650999,24.353001000000003,24.379998999999998,23.108145,66400,0.0,1.0
2016-11-18,24.440001000000002,24.440001000000002,24.24,24.34,23.070232,675000,0.0,1.0
2016-11-21,24.34,24.51,24.277,24.309998999999998,23.041795999999998,89400,0.0,1.0
2016-11-22,24.42,24.620001000000002,24.34,24.620001000000002,23.335629,88200,0.0,1.0
2016-11-23,24.5,24.530001000000002,24.368,24.530001000000002,23.250320000000002,52200,0.0,1.0
2016-11-25,24.620001000000002,24.739,24.549999,24.639999,23.35458,28700,0.0,1.0
2016-11-28,24.76,24.860001,24.709999,24.753,23.461687,51700,0.0,1.0
2016-11-29,24.83,25.024,24.83,24.98,23.676844,141300,0.0,1.0
2016-11-30,25.049999,25.049999,24.700001,24.799999,23.506231,83700,0.0,1.0
2016-12-01,24.629998999999998,24.655001000000002,24.370001000000002,24.450001,23.174494,75800,0.0,1.0
2016-12-02,24.610001,24.83,24.530001000000002,24.65,23.364061,49000,0.0,1.0
2016-12-05,24.860001,24.870001000000002,24.66,24.870001000000002,23.572584,48800,0.0,1.0
2016-12-06,24.98,25.040001,24.844998999999998,25.01,23.70528,77400,0.0,1.0
2016-12-07,25.0,25.48,25.0,25.469998999999998,24.141281,65700,0.0,1.0
2016-12-08,25.49,25.559998999999998,25.280001000000002,25.450001,24.122326,167000,0.0,1.0
2016-12-09,25.610001,25.65,25.41,25.459999,24.131804000000002,194600,0.0,1.0
2016-12-12,25.51,25.552999,25.379998999999998,25.549999,24.217108,64000,0.0,1.0
2016-12-13,25.790001,25.790001,25.514999,25.68,24.340328,48100,0.0,1.0
2016-12-14,25.73,25.73,25.08,25.08,23.771627,28500,0.0,1.0
2016-12-15,25.0,25.106001000000003,24.879998999999998,24.940001000000002,23.638932999999998,113500,0.0,1.0
2016-12-16,24.969998999999998,25.26,24.969998999999998,25.219998999999998,23.904325,30200,0.0,1.0
2016-12-19,25.35,25.5,25.306998999999998,25.41,24.084412,41700,0.0,1.0
2016-12-20,25.549999,25.559998999999998,25.41,25.459999,24.131804000000002,127800,0.0,1.0
2016-12-21,25.41,25.610001,25.25,25.25,23.932760000000002,47100,0.0,1.0
2016-12-22,24.709999,24.709999,24.5,24.610001,23.357333999999998,64400,0.033712,1.0
2016-12-23,24.77,24.77,24.650999,24.690001000000002,23.43326,242700,0.0,1.0
2016-12-27,24.780001000000002,24.858,24.75,24.809998999999998,23.547153,43500,0.0,1.0
2016-12-28,24.870001000000002,24.870001000000002,24.6,24.639999,23.385804999999998,150400,0.0,1.0
2016-12-29,24.719998999999998,24.933001,24.719998999999998,24.93,23.661045,44800,0.0,1.0
2016-12-30,24.93,25.27,24.93,25.24,23.955267000000003,70400,0.0,1.0
2017-01-03,25.34,25.34,25.094,25.238001,23.953367,59500,0.0,1.0
2017-01-04,25.32,25.559998999999998,25.26,25.549999,24.249485,81600,0.0,1.0
2017-01-05,25.540001,25.709999,25.35,25.688999,24.381411,119300,0.0,1.0
2017-01-06,25.66,25.790001,25.610001,25.68,24.372871,60400,0.0,1.0
2017-01-09,25.690001000000002,25.690001000000002,25.5,25.51,24.211520999999998,137000,0.0,1.0
2017-01-10,25.52,25.52,25.33,25.33,24.040685999999997,214600,0.0,1.0
2017-01-11,25.379998999999998,25.379998999999998,25.18,25.18,23.898317000000002,2572500,0.0,1.0
2017-01-12,25.25,25.280001000000002,25.049999,25.26,23.974245,57500,0.0,1.0
2017-01-13,25.32,25.32,25.129998999999998,25.240999,23.956213,40100,0.0,1.0
2017-01-17,25.25,25.4,25.25,25.389999,24.09763,39900,0.0,1.0
2017-01-18,25.33,25.459,25.33,25.370001000000002,24.07865,91000,0.0,1.0
2017-01-19,25.32,25.32,25.07,25.120001000000002,23.841375,124600,0.0,1.0
2017-01-20,25.200001,25.27,25.097,25.24,23.955267000000003,62400,0.0,1.0
2017-01-23,25.24,25.5,25.24,25.49,24.192539,100700,0.0,1.0
2017-01-24,25.540001,25.59,25.424999,25.48,24.18305,158400,0.0,1.0
2017-01-25,25.5,25.5,25.311001,25.379998999999998,24.088139,277000,0.0,1.0
2017-01-26,25.440001000000002,25.440001000000002,25.27,25.27,23.983738,75400,0.0,1.0
2017-01-27,25.389999,25.389999,25.049999,25.110001,23.831884,57500,0.0,1.0
2017-01-30,25.08,25.08,24.9,24.98,23.7085,124800,0.0,1.0
2017-01-31,25.040001,25.290001,25.040001,25.209999,23.92679,59500,0.0,1.0
2017-02-01,25.25,25.290001,24.959999,24.98,23.7085,112800,0.0,1.0
2017-02-02,25.1,25.200001,25.030001000000002,25.16,23.879335,156000,0.0,1.0
2017-02-03,25.35,25.360001,25.228001000000003,25.280001000000002,23.993231,95800,0.0,1.0
2017-02-06,25.33,25.33,25.184998999999998,25.25,23.964758,52700,0.0,1.0
2017-02-07,25.290001,25.32,25.17,25.200001,23.917301000000002,74100,0.0,1.0
2017-02-08,25.32,25.42,25.25,25.389999,24.09763,72500,0.0,1.0
2017-02-09,25.469998999999998,25.52,25.4,25.469998999999998,24.173557000000002,71200,0.0,1.0
2017-02-10,25.459999,25.6,25.42,25.59,24.287449,107700,0.0,1.0
2017-02-13,25.59,25.629998999999998,25.450001,25.57,24.268469,86400,0.0,1.0
2017-02-14,25.610001,25.610001,25.34,25.51,24.211520999999998,91700,0.0,1.0
2017-02-15,25.459999,25.48,25.24,25.48,24.18305,78400,0.0,1.0
2017-02-16,25.549999,25.66,25.483999,25.58,24.27796,55200,0.0,1.0
2017-02-17,25.629998999999998,25.629998999999998,25.459999,25.59,24.287449,80900,0.0,1.0
2017-02-21,25.639999,25.860001,25.555,25.84,24.524723,103500,0.0,1.0
2017-02-22,25.879998999999998,25.889999,25.67,25.799999,24.486759,125200,0.0,1.0
2017-02-23,25.950001,25.969998999999998,25.780001000000002,25.945,24.624378,134800,0.0,1.0
2017-02-24,25.91,26.02,25.889999,26.01,24.686073,596300,0.0,1.0
2017-02-27,26.049999,26.17,25.966998999999998,26.08,24.752508,98600,0.0,1.0
2017-02-28,26.02,26.15,25.900999,25.959999,24.638617,88700,0.0,1.0
2017-03-01,25.92,25.99,25.82,25.9,24.581673000000002,38500,0.0,1.0
2017-03-02,25.719998999999998,25.778999,25.631001,25.65,24.344395000000002,80800,0.0,1.0
2017-03-03,25.74,25.74,25.461,25.690001000000002,24.382360000000002,371600,0.0,1.0
2017-03-06,25.690001000000002,25.690001000000002,25.48,25.59,24.287449,76900,0.0,1.0
2017-03-07,25.57,25.57,25.4,25.450001,24.154575,89700,0.0,1.0
2017-03-08,25.389999,25.389999,25.08,25.08,23.80341,190200,0.0,1.0
2017-03-09,25.040001,25.139999,24.773001,24.82,23.556641,67800,0.0,1.0
2017-03-10,24.940001000000002,24.959999,24.6,24.74,23.480715,247700,0.0,1.0
2017-03-13,24.77,24.85,24.68,24.780001000000002,23.518679000000002,72300,0.0,1.0
2017-03-14,24.75,24.75,24.6,24.700001,23.442751,135300,0.0,1.0
2017-03-15,24.84,25.280001000000002,24.790001,25.23,23.945774,51800,0.0,1.0
2017-03-16,25.27,25.370001000000002,25.219998999999998,25.280001000000002,23.993231,249800,0.0,1.0
2017-03-17,25.35,25.440001000000002,25.299999,25.389999,24.09763,70100,0.0,1.0
2017-03-20,25.450001,25.450001,25.299999,25.360001,24.069159,143500,0.0,1.0
2017-03-21,25.440001000000002,25.440001000000002,25.209999,25.24,23.955267000000003,76700,0.0,1.0
2017-03-22,25.360001,25.360001,25.1,25.290001,24.002722,43700,0.0,1.0
2017-03-23,25.33,25.549999,25.280001000000002,25.43,24.135593,50200,0.0,1.0
2017-03-24,25.290001,25.299999,25.18,25.209999,24.161469,77800,0.247,1.0
2017-03-27,25.139999,25.23,25.01,25.07,24.027292000000003,41500,0.0,1.0
2017-03-28,25.120001000000002,25.15,24.91,25.139999,24.094381,76000,0.0,1.0
2017-03-29,25.16,25.23,25.059998999999998,25.23,24.180639000000003,57000,0.0,1.0
2017-03-30,25.27,25.27,25.09,25.219998999999998,24.171055,112900,0.0,1.0
2017-03-31,25.280001000000002,25.42,25.190001000000002,25.34,24.286064,79000,0.0,1.0
2017-04-03,25.389999,25.389999,25.25,25.35,24.295648999999997,108500,0.0,1.0
2017-04-04,25.360001,25.49,25.27,25.32,24.266893,1031600,0.0,1.0
2017-04-05,25.41,25.52,25.389999,25.41,24.353151,61500,0.0,1.0
2017-04-06,25.5,25.58,25.357,25.549999,24.487331,51300,0.0,1.0
2017-04-07,25.6,25.68,25.57,25.572001,24.508415,48900,0.0,1.0
2017-04-10,25.59,25.690001000000002,25.52,25.655001000000002,24.587963000000002,82700,0.0,1.0
2017-04-11,25.68,25.870001000000002,25.68,25.809998999999998,24.736515,62100,0.0,1.0
2017-04-12,25.92,25.940001000000002,25.799999,25.879998999999998,24.803601999999998,61200,0.0,1.0
2017-04-13,25.889999,25.93,25.799999,25.83,24.755684,173900,0.0,1.0
2017-04-17,25.92,26.08,25.92,26.049999,24.966534,2840500,0.0,1.0
2017-04-18,26.08,26.15,26.031,26.129998999999998,25.043205,90500,0.0,1.0
2017-04-19,26.1,26.139999,25.981001000000003,26.030001000000002,24.947367,46800,0.0,1.0
2017-04-20,26.049999,26.08,25.940001000000002,26.049999,24.966534,69500,0.0,1.0
2017-04-21,26.0,26.069,25.93,25.98,24.899445,82700,0.0,1.0
2017-04-24,26.07,26.139999,25.67,25.841,24.766227999999998,48200,0.0,1.0
2017-04-25,25.860001,25.950001,25.82,25.92,24.84194,74600,0.0,1.0
2017-04-26,25.860001,25.91,25.690001000000002,25.73,24.659842,53900,0.0,1.0
2017-04-27,25.77,25.798,25.629998999999998,25.65,24.583170000000003,73000,0.0,1.0
2017-04-28,25.65,25.65,25.395,25.459999,24.401072,51200,0.0,1.0
2017-05-01,25.57,25.657,25.440001000000002,25.610001,24.544833999999998,72300,0.0,1.0
2017-05-02,25.68,25.709,25.549999,25.639999,24.573586,79700,0.0,1.0
2017-05-03,25.629998999999998,25.629998999999998,25.309998999999998,25.360001,24.305232999999998,195100,0.0,1.0
2017-05-04,25.280001000000002,25.280001000000002,25.049999,25.24,24.190222,74500,0.0,1.0
2017-05-05,25.32,25.389999,25.299999,25.389999,24.333982000000002,132500,0.0,1.0
2017-05-08,25.42,25.43,25.18,25.27,24.218975,58600,0.0,1.0
2017-05-09,25.370001000000002,25.370001000000002,25.09,25.190001000000002,24.142303,104800,0.0,1.0
2017-05-10,25.0,25.389999,25.0,25.32,24.266893,147400,0.0,1.0
2017-05-11,25.219998999999998,25.26,25.087999,25.25,24.199807999999997,60000,0.0,1.0
2017-05-12,25.209999,25.25,25.139999,25.18,24.132717,44700,0.0,1.0
2017-05-15,25.23,25.370001000000002,25.18,25.25,24.199807999999997,64400,0.0,1.0
2017-05-16,25.32,25.32,25.09,25.16,24.11355,87300,0.0,1.0
2017-05-17,25.129998999999998,25.23,25.09,25.16,24.11355,160200,0.0,1.0
2017-05-18,25.17,25.280001000000002,25.049999,25.27,24.218975,49200,0.0,1.0
2017-05-19,25.35,25.496,25.219998999999998,25.42,24.362735999999998,105000,0.0,1.0
2017-05-22,25.48,25.535,25.43,25.48,24.42024,56200,0.0,1.0
2017-05-23,25.48,25.57,25.459999,25.49,24.429825,72500,0.0,1.0
2017-05-24,25.559998999999998,25.65,25.527,25.65,24.583170000000003,89500,0.0,1.0
2017-05-25,25.639999,25.74,25.620001000000002,25.629998999999998,24.564001,89500,0.0,1.0
2017-05-26,25.67,25.67,25.450001,25.48,24.42024,276100,0.0,1.0
2017-05-30,25.530001000000002,25.530001000000002,25.389999,25.440001000000002,24.381905,70700,0.0,1.0
2017-05-31,25.49,25.52,25.393998999999997,25.469998999999998,24.410656,159200,0.0,1.0
2017-06-01,25.5,25.629998999999998,25.43,25.629998999999998,24.564001,48800,0.0,1.0
2017-06-02,25.709999,25.860001,25.709999,25.83,24.755684,300100,0.0,1.0
2017-06-05,25.83,25.83,25.68,25.73,24.659842,45800,0.0,1.0
2017-06-06,25.75,25.75,25.591,25.620001000000002,24.554419,82600,0.0,1.0
2017-06-07,25.68,25.82,25.68,25.799999,24.726931,30000,0.0,1.0
2017-06-08,25.790001,25.790001,25.530001000000002,25.73,24.659842,81000,0.0,1.0
2017-06-09,25.68,25.82,25.58,25.75,24.679012,73000,0.0,1.0
2017-06-12,25.77,25.98,25.77,25.98,24.899445,280200,0.0,1.0
2017-06-13,26.049999,26.1,25.959999,26.1,25.014454,38400,0.0,1.0
2017-06-14,26.23,26.281,26.089001,26.16,25.071957,101000,0.0,1.0
2017-06-15,26.059998999999998,26.219998999999998,26.0,26.16,25.071957,59500,0.0,1.0
2017-06-16,26.200001,26.200001,26.08,26.200001,25.110295999999998,33300,0.0,1.0
2017-06-19,26.200001,26.200001,26.110001,26.15,25.062376,36200,0.0,1.0
2017-06-20,25.92,25.92,25.629998999999998,25.76,24.939419,102200,0.263,1.0
2017-06-21,25.76,25.77,25.58,25.67,24.852285000000002,77800,0.0,1.0
2017-06-22,25.65,25.719998999999998,25.57,25.68,24.861971,54900,0.0,1.0
2017-06-23,25.73,25.870001000000002,25.68,25.790001,24.968466,66400,0.0,1.0
2017-06-26,25.889999,25.959,25.85,25.889999,25.065279,47300,0.0,1.0
2017-06-27,25.84,25.879998999999998,25.700001,25.709999,24.891012,58100,0.0,1.0
2017-06-28,25.799999,25.85,25.73,25.780001000000002,24.958784,229100,0.0,1.0
2017-06-29,25.690001000000002,25.690001000000002,25.51,25.549999,24.736110999999998,136300,0.0,1.0
2017-06-30,25.559998999999998,25.610001,25.445,25.459999,24.648977,94200,0.0,1.0
2017-07-03,25.52,25.690001000000002,25.459999,25.66,24.842607,16200,0.0,1.0
2017-07-05,25.639999,25.639999,25.34,25.35,24.542482,135000,0.0,1.0
2017-07-06,25.32,25.32,24.99,25.030001000000002,24.232677,186400,0.0,1.0
2017-07-07,25.030001000000002,25.16,24.98,25.110001,24.310129,53200,0.0,1.0
2017-07-10,25.15,25.15,24.9,24.940001000000002,24.145542000000003,64900,0.0,1.0
2017-07-11,24.889999,24.93,24.711,24.85,24.058409,131600,0.0,1.0
2017-07-12,25.0,25.159,25.0,25.07,24.2714,101000,0.0,1.0
2017-07-13,25.18,25.23,25.110001,25.15,24.348854,153700,0.0,1.0
2017-07-14,25.299999,25.43,25.25,25.370001000000002,24.561846,223600,0.0,1.0
2017-07-17,25.42,25.57,25.378,25.52,24.707067000000002,47300,0.0,1.0
2017-07-18,25.66,25.68,25.530001000000002,25.66,24.842607,240700,0.0,1.0
2017-07-19,25.719998999999998,25.85,25.68,25.84,25.01687,65400,0.0,1.0
2017-07-20,25.889999,25.889999,25.75,25.75,24.929739,160400,0.0,1.0
2017-07-21,25.82,25.82,25.65,25.77,24.949104000000002,81700,0.0,1.0
2017-07-24,25.76,25.780001000000002,25.690001000000002,25.74,24.920059,37800,0.0,1.0
2017-07-25,25.790001,25.790001,25.68,25.790001,24.968466,61200,0.0,1.0
2017-07-26,25.790001,25.98,25.75,25.93,25.104006,89900,0.0,1.0
2017-07-27,25.940001000000002,26.049999,25.780001000000002,25.940001000000002,25.113688,82100,0.0,1.0
2017-07-28,25.959999,26.030001000000002,25.9,25.93,25.104006,37500,0.0,1.0
2017-07-31,25.92,25.98,25.799999,25.959999,25.133049,61700,0.0,1.0
2017-08-01,26.02,26.09,25.900999,26.040001,25.210503,42500,0.0,1.0
2017-08-02,26.02,26.02,25.809998999999998,25.879998999999998,25.055597,106100,0.0,1.0
2017-08-03,25.9,25.959999,25.799999,25.85,25.026554,75100,0.0,1.0
2017-08-04,25.85,25.933001,25.84,25.889999,25.065279,62800,0.0,1.0
2017-08-07,25.860001,25.889999,25.802,25.85,25.026554,113200,0.0,1.0
2017-08-08,25.860001,25.879998999999998,25.709999,25.74,24.920059,85500,0.0,1.0
2017-08-09,25.700001,25.74,25.639999,25.690001000000002,24.871653,85000,0.0,1.0
2017-08-10,25.67,25.690001000000002,25.5,25.52,24.707067000000002,158600,0.0,1.0
2017-08-11,25.530001000000002,25.530001000000002,25.312,25.389999,24.581207,60800,0.0,1.0
2017-08-14,25.49,25.75,25.49,25.73,24.910376,44800,0.0,1.0
2017-08-15,25.68,25.68,25.5,25.66,24.842607,93400,0.0,1.0
2017-08-16,25.719998999999998,25.84,25.719998999999998,25.790001,24.968466,90000,0.0,1.0
2017-08-17,25.790001,25.84,25.620001000000002,25.620001000000002,24.803881,72400,0.0,1.0
2017-08-18,25.66,25.66,25.459999,25.549999,24.736110999999998,68100,0.0,1.0
2017-08-21,25.549999,25.75,25.5,25.73,24.910376,213500,0.0,1.0
2017-08-22,25.77,25.77,25.610001,25.65,24.832924,91100,0.0,1.0
2017-08-23,25.610001,25.84,25.605,25.82,24.997511,46100,0.0,1.0
2017-08-24,25.799999,25.929001,25.690001000000002,25.690001000000002,24.871653,36600,0.0,1.0
2017-08-25,25.690001000000002,25.85,25.65,25.77,24.949104000000002,140700,0.0,1.0
2017-08-28,25.780001000000002,25.809998999999998,25.6,25.639999,24.823242,64800,0.0,1.0
2017-08-29,25.68,25.73,25.608999,25.65,24.832924,75300,0.0,1.0
2017-08-30,25.620001000000002,25.74,25.535,25.73,24.910376,127100,0.0,1.0
2017-08-31,25.799999,25.938999,25.77,25.889999,25.065279,82300,0.0,1.0
2017-09-01,25.91,26.030001000000002,25.860001,25.959999,25.133049,64400,0.0,1.0
2017-09-05,26.01,26.07,25.809998999999998,25.91,25.084642000000002,66100,0.0,1.0
2017-09-06,25.98,26.169001,25.98,26.030001000000002,25.200820999999998,74500,0.0,1.0
2017-09-07,26.07,26.24,26.07,26.200001,25.365406,53300,0.0,1.0
2017-09-08,26.139999,26.309998999999998,26.139999,26.219998999999998,25.384766,62400,0.0,1.0
2017-09-11,26.219998999999998,26.43,26.219998999999998,26.379998999999998,25.539669,40400,0.0,1.0
2017-09-12,26.42,26.42,26.105,26.17,25.336361,63800,0.0,1.0
2017-09-13,26.139999,26.139999,25.98,26.049999,25.220182,82700,0.0,1.0
2017-09-14,26.0,26.23,26.0,26.23,25.394448999999998,46600,0.0,1.0
2017-09-15,26.209999,26.299999,26.131001,26.27,25.433173999999998,48800,0.0,1.0
2017-09-18,26.299999,26.319,26.07,26.16,25.326677,83400,0.0,1.0
2017-09-19,26.18,26.18,25.959999,25.99,25.162094,75600,0.0,1.0
2017-09-20,26.08,26.08,25.830999,25.950001,25.123369,457100,0.0,1.0
2017-09-21,25.889999,25.959999,25.82,25.82,24.997511,242600,0.0,1.0
2017-09-22,25.9,25.9,25.721001,25.73,24.910376,45500,0.0,1.0
2017-09-25,25.709999,25.851999,25.709999,25.780001000000002,24.958784,48800,0.0,1.0
2017-09-26,25.620001000000002,25.68,25.559998999999998,25.639999,25.037882,90300,0.221,1.0
2017-09-27,25.57,25.57,25.35,25.370001000000002,24.774223000000003,127900,0.0,1.0
2017-09-28,25.33,25.52,25.33,25.52,24.9207,63400,0.0,1.0
2017-09-29,25.58,25.59,25.475,25.59,24.989056,64200,0.0,1.0
2017-10-02,25.559998999999998,25.610001,25.51,25.549999,24.949995,1236900,0.0,1.0
2017-10-03,25.5,25.559998999999998,25.469998999999998,25.540001,24.940229000000002,104700,0.0,1.0
2017-10-04,25.51,25.58,25.450001,25.58,24.97929,110000,0.0,1.0
2017-10-05,25.57,25.700001,25.57,25.620001000000002,25.018351000000003,54900,0.0,1.0
2017-10-06,25.52,25.548,25.33,25.530001000000002,24.930464,83700,0.0,1.0
2017-10-09,25.58,25.618999,25.521998999999997,25.540001,24.940229000000002,44400,0.0,1.0
2017-10-10,25.610001,25.768998999999997,25.610001,25.68,25.076944,52300,0.0,1.0
2017-10-11,25.719998999999998,25.799999,25.709999,25.76,25.155062,110900,0.0,1.0
2017-10-12,25.790001,25.889,25.711,25.85,25.24295,36600,0.0,1.0
2017-10-13,25.959999,26.01,25.885,25.959999,25.350367000000002,52600,0.0,1.0
2017-10-16,25.950001,25.950001,25.799999,25.860001,25.252716,225800,0.0,1.0
2017-10-17,25.76,25.862,25.75,25.809998999999998,25.203888,64000,0.0,1.0
2017-10-18,25.809998999999998,25.879998999999998,25.773001,25.870001000000002,25.26248,64900,0.0,1.0
2017-10-19,25.84,25.85,25.709999,25.75,25.145298,79600,0.0,1.0
2017-10-20,25.74,25.74,25.57,25.66,25.057411,89400,0.0,1.0
2017-10-23,25.639999,25.639999,25.482,25.52,24.9207,138700,0.0,1.0
2017-10-24,25.48,25.549999,25.33,25.389999,24.793751,131900,0.0,1.0
2017-10-25,25.32,25.41,25.190001000000002,25.280001000000002,24.686336999999998,211900,0.0,1.0
2017-10-26,25.360001,25.360001,25.1,25.18,24.588682000000002,256200,0.0,1.0
2017-10-27,25.16,25.299,25.0,25.27,24.676571,65900,0.0,1.0
2017-10-30,25.16,25.26,25.16,25.219,24.626768,110600,0.0,1.0
2017-10-31,25.299999,25.309998999999998,25.125,25.309998999999998,24.715629999999997,110700,0.0,1.0
2017-11-01,25.33,25.4,25.23,25.34,24.744926,155200,0.0,1.0
2017-11-02,25.41,25.549999,25.360001,25.5,24.901170999999998,120000,0.0,1.0
2017-11-03,25.459999,25.5,25.389999,25.441999,24.84453,233200,0.0,1.0
2017-11-06,25.4,25.59,25.4,25.530001000000002,24.930464,87100,0.0,1.0
2017-11-07,25.530001000000002,25.73,25.530001000000002,25.698,25.094519000000002,107500,0.0,1.0
2017-11-08,25.73,25.860001,25.73,25.83,25.223419,293800,0.0,1.0
2017-11-09,25.74,25.940001000000002,25.74,25.879998999999998,25.272243,1002300,0.0,1.0
2017-11-10,25.77,25.92,25.719998999999998,25.860001,25.252716,176000,0.0,1.0
2017-11-13,25.83,25.947001,25.790001,25.91,25.30154,82000,0.0,1.0
2017-11-14,25.879998999999998,25.92,25.84,25.9,25.291777,2910600,0.0,1.0
2017-11-15,25.879998999999998,25.879998999999998,25.74,25.77,25.164829,177600,0.0,1.0
2017-11-16,25.790001,26.011,25.790001,25.950001,25.340601,113300,0.0,1.0
2017-11-17,25.93,26.01,25.91,25.959999,25.350367000000002,93500,0.0,1.0
2017-11-20,25.99,25.99,25.870001000000002,25.92,25.311306,105200,0.0,1.0
2017-11-21,25.959999,26.049999,25.959999,26.030001000000002,25.418723999999997,209000,0.0,1.0
2017-11-22,26.049999,26.1,26.011,26.049999,25.438251,128000,0.0,1.0
2017-11-24,26.1,26.139999,26.09,26.1,25.48708,23000,0.0,1.0
2017-11-27,26.15,26.15,26.021998999999997,26.034,25.422628,271400,0.0,1.0
2017-11-28,26.08,26.08,25.870001000000002,25.959999,25.350367000000002,83200,0.0,1.0
2017-11-29,25.940001000000002,26.030001000000002,25.870001000000002,25.959999,25.350367000000002,73500,0.0,1.0
2017-11-30,26.049999,26.120001000000002,26.0,26.030001000000002,25.418723999999997,124300,0.0,1.0
2017-12-01,26.120001000000002,26.120001000000002,25.9,26.1,25.48708,84100,0.0,1.0
2017-12-04,26.15,26.190001000000002,26.025,26.040001,25.42849,168700,0.0,1.0
2017-12-05,26.15,26.15,25.879998999999998,25.879998999999998,25.272243,157200,0.0,1.0
2017-12-06,25.889999,25.93,25.76,25.84,25.233183,195100,0.0,1.0
2017-12-07,25.860001,25.93,25.785,25.889999,25.282009,53400,0.0,1.0
2017-12-08,25.950001,26.035,25.892,26.030001000000002,25.418723999999997,103000,0.0,1.0
2017-12-11,26.030001000000002,26.030001000000002,25.959999,25.99,25.379663,61400,0.0,1.0
2017-12-12,26.059998999999998,26.190001000000002,25.985001,26.17,25.555435,70300,0.0,1.0
2017-12-13,26.25,26.33,26.205,26.280001000000002,25.662853,57300,0.0,1.0
2017-12-14,26.280001000000002,26.304001,26.200001,26.25,25.633556,129400,0.0,1.0
2017-12-15,26.27,26.42,26.27,26.389999,25.770269,116700,0.0,1.0
2017-12-18,26.5,26.68,26.48,26.58,25.955804999999998,147700,0.0,1.0
2017-12-19,26.59,26.59,26.15,26.209999,25.594496,215300,0.0,1.0
2017-12-20,26.200001,26.23,25.950001,25.969998999999998,25.360129999999998,141300,0.0,1.0
2017-12-21,25.790001,25.790001,25.620001000000002,25.639999,25.037882,163500,0.254,1.0
2017-12-22,25.59,25.75,25.59,25.74,25.135532,172800,0.0,1.0
2017-12-26,25.76,25.889999,25.76,25.84,25.233183,81600,0.0,1.0
2017-12-27,25.9,26.0,25.9,25.969998999999998,25.360129999999998,79100,0.0,1.0
2017-12-28,26.02,26.09,25.959999,26.09,25.494984,158400,0.018000000000000002,1.0
2017-12-29,26.15,26.17,26.059998999999998,26.09,25.494984,191800,0.0,1.0
2018-01-02,26.09,26.129998999999998,26.004998999999998,26.049999,25.455894,436900,0.0,1.0
2018-01-03,26.120001000000002,26.120001000000002,26.0,26.09,25.494984,950800,0.0,1.0
2018-01-04,26.030001000000002,26.030001000000002,25.709999,25.73,25.143192000000003,199700,0.0,1.0
2018-01-05,25.76,25.802,25.709999,25.780001000000002,25.192055,247000,0.0,1.0
2018-01-08,25.799999,25.860001,25.75,25.82,25.231142000000002,117200,0.0,1.0
2018-01-09,25.85,25.85,25.639999,25.67,25.084562,576700,0.0,1.0
2018-01-10,25.549999,25.549999,25.299999,25.389,24.809971,649300,0.0,1.0
2018-01-11,25.360001,25.427,25.280001000000002,25.32,24.742544,197900,0.0,1.0
2018-01-12,25.35,25.35,25.219998999999998,25.280001000000002,24.703457,163700,0.0,1.0
2018-01-16,25.34,25.59,25.280001000000002,25.290001,24.713228,514900,0.0,1.0
2018-01-17,25.35,25.58,25.35,25.5,24.91844,157300,0.0,1.0
2018-01-18,25.450001,25.459999,25.289,25.34,24.762089000000003,179200,0.0,1.0
2018-01-19,25.379998999999998,25.42,25.290001,25.42,24.840265,222500,0.0,1.0
2018-01-22,25.48,25.639999,25.41,25.629998999999998,25.045475,114200,0.0,1.0
2018-01-23,25.700001,25.889999,25.68,25.889999,25.299543,102100,0.0,1.0
2018-01-24,25.92,25.969998999999998,25.799999,25.879998999999998,25.289772,226300,0.0,1.0
2018-01-25,25.9,25.916,25.709999,25.809998999999998,25.221369,156700,0.0,1.0
2018-01-26,25.860001,25.9,25.75,25.85,25.260458,111200,0.0,1.0
2018-01-29,25.66,25.67,25.459999,25.51,24.928210999999997,114800,0.0,1.0
2018-01-30,25.49,25.49,25.299999,25.33,24.752316,137600,0.0,1.0
2018-01-31,25.450001,25.690001000000002,25.42,25.690001000000002,25.104107,182400,0.0,1.0
2018-02-01,25.610001,25.68,25.27,25.299999,24.723001,503700,0.0,1.0
2018-02-02,25.059998999999998,25.110001,24.860001,24.950001,24.380982999999997,466800,0.0,1.0
2018-02-05,24.809998999999998,24.9,24.15,24.15,23.599228,176500,0.0,1.0
2018-02-06,23.9,24.370001000000002,23.780001000000002,24.32,23.76535,305700,0.0,1.0
2018-02-07,24.23,24.48,24.129998999999998,24.129998999999998,23.579683,252700,0.0,1.0
2018-02-08,24.049999,24.15,23.549999,23.549999,23.012911,104300,0.0,1.0
2018-02-09,23.719998999999998,24.110001,23.4,23.959999,23.413559,151800,0.0,1.0
2018-02-12,24.1,24.129998999999998,23.6,24.07,23.521051,397300,0.0,1.0
2018-02-13,24.030001000000002,24.200001,23.914,24.17,23.618773,97000,0.0,1.0
2018-02-14,23.99,24.15,23.799999,24.15,23.599228,121400,0.0,1.0
2018-02-15,24.16,24.379998999999998,24.155001000000002,24.34,23.784895000000002,130600,0.0,1.0
2018-02-16,24.42,24.57,24.379998999999998,24.530001000000002,23.970562,82600,0.0,1.0
2018-02-20,24.450001,24.6,24.27,24.309998999999998,23.755579,280300,0.0,1.0
2018-02-21,24.27,24.34,23.940001000000002,23.940001000000002,23.394018,141900,0.0,1.0
2018-02-22,24.059998999999998,24.290001,24.030001000000002,24.139999,23.589457,169800,0.0,1.0
2018-02-23,24.32,24.49,24.26,24.49,23.931475,152200,0.0,1.0
2018-02-26,24.559998999999998,24.620001000000002,24.43,24.59,24.029194,169900,0.0,1.0
2018-02-27,24.59,24.59,24.1,24.1,23.550369,106900,0.0,1.0
2018-02-28,24.09,24.226999,24.0,24.0,23.452648,135800,0.0,1.0
2018-03-01,24.049999,24.247999,23.91,24.02,23.472193,367400,0.0,1.0
2018-03-02,23.98,24.139999,23.889999,24.129998999999998,23.579683,270500,0.0,1.0
2018-03-05,24.049999,24.389999,23.99,24.32,23.76535,156100,0.0,1.0
2018-03-06,24.370001000000002,24.41,24.172001,24.370001000000002,23.814213,131000,0.0,1.0
2018-03-07,24.34,24.549999,24.34,24.549999,23.990105,84800,0.0,1.0
2018-03-08,24.58,24.59,24.469998999999998,24.549999,23.990105,97400,0.0,1.0
2018-03-09,24.549999,24.690001000000002,24.464001,24.690001000000002,24.126913000000002,127000,0.0,1.0
2018-03-12,24.66,24.73,24.615,24.705999,24.142546,107800,0.0,1.0
2018-03-13,24.75,24.85,24.615,24.629998999999998,24.068279,105800,0.0,1.0
2018-03-14,24.780001000000002,24.790001,24.639999,24.73,24.165998000000002,114700,0.0,1.0
2018-03-15,24.73,24.74,24.58,24.68,24.11714,157700,0.0,1.0
2018-03-16,24.66,24.790001,24.610001,24.77,24.205088,91900,0.0,1.0
2018-03-19,24.799999,24.799999,24.57,24.700001,24.136685999999997,74400,0.0,1.0
2018-03-20,24.709999,24.785,24.549999,24.610001,24.048737,64400,0.0,1.0
2018-03-21,24.59,24.700001,24.440001000000002,24.559998999999998,23.999876,62700,0.0,1.0
2018-03-22,24.16,24.355,24.030001000000002,24.030001000000002,23.728331,82300,0.255,1.0
2018-03-23,24.1,24.1,23.715,23.75,23.451843,89100,0.0,1.0
2018-03-26,23.860001,24.059998999999998,23.799999,24.030001000000002,23.728331,65200,0.0,1.0
2018-03-27,24.040001,24.240999,23.858,24.0,23.698706,103400,0.0,1.0
2018-03-28,24.110001,24.51,24.110001,24.43,24.123307999999998,137700,0.0,1.0
2018-03-29,24.540001,24.6,24.459999,24.559998999999998,24.251675,95600,0.0,1.0
2018-04-02,24.6,24.83,24.110001,24.219998999999998,23.915943,272900,0.0,1.0
2018-04-03,24.290001,24.559998999999998,24.275999,24.5,24.192429,90900,0.0,1.0
2018-04-04,24.4,24.73,24.33,24.73,24.419539999999998,69600,0.0,1.0
2018-04-05,24.719998999999998,24.719998999999998,24.511,24.629998999999998,24.320795,53600,0.0,1.0
2018-04-06,24.629998999999998,24.75,24.42,24.465,24.157867,106600,0.0,1.0
2018-04-09,24.58,24.65,24.459999,24.5,24.192429,88100,0.0,1.0
2018-04-10,24.58,24.639999,24.530001000000002,24.58,24.271425,66700,0.0,1.0
2018-04-11,24.51,24.709999,24.51,24.569,24.260563,118800,0.0,1.0
2018-04-12,24.6,24.6,24.360001,24.41,24.103558,78700,0.0,1.0
2018-04-13,24.389999,24.48,24.35,24.48,24.17268,117300,0.0,1.0
2018-04-16,24.5,24.625999,24.459999,24.58,24.271425,111500,0.0,1.0
2018-04-17,24.639999,24.886999,24.584,24.82,24.508411,135300,0.0,1.0
2018-04-18,24.82,24.879998999999998,24.76,24.780001000000002,24.468914,57000,0.0,1.0
2018-04-19,24.700001,24.700001,24.379998999999998,24.49,24.182554,68600,0.0,1.0
2018-04-20,24.440001000000002,24.469998999999998,24.273001,24.299999,23.994938,85000,0.0,1.0
2018-04-23,24.27,24.312,24.16,24.190001000000002,23.88632,121000,0.0,1.0
2018-04-24,24.42,24.42,24.17,24.27,23.965317000000002,124300,0.0,1.0
2018-04-25,24.18,24.27,24.07,24.200001,23.896196,92800,0.0,1.0
2018-04-26,24.309998999999998,24.620001000000002,24.309998999999998,24.540001,24.231928,203900,0.0,1.0
2018-04-27,24.540001,24.860001,24.530001000000002,24.82,24.508411,614900,0.0,1.0
2018-04-30,24.879998999999998,24.959999,24.799999,24.799999,24.488663,106200,0.0,1.0
2018-05-01,24.790001,25.0,24.761999,24.98,24.666403,134900,0.0,1.0
2018-05-02,24.950001,24.950001,24.695999,24.84,24.52816,476900,0.0,1.0
2018-05-03,24.870001000000002,24.959999,24.780001000000002,24.92,24.607157,95700,0.0,1.0
2018-05-04,24.82,25.1,24.82,25.049,24.734537,80800,0.0,1.0
2018-05-07,25.059998999999998,25.24,25.059998999999998,25.24,24.923138,114200,0.0,1.0
2018-05-08,25.15,25.15,25.049999,25.110001,24.794771,312800,0.0,1.0
2018-05-09,25.08,25.27,25.08,25.23,24.913263,116400,0.0,1.0
2018-05-10,25.32,25.440001000000002,25.299999,25.4,25.081129,495200,0.0,1.0
2018-05-11,25.48,25.5,25.32,25.35,25.031757,198200,0.0,1.0
2018-05-14,25.370001000000002,25.379998999999998,25.139999,25.209999,24.893515,106900,0.0,1.0
2018-05-15,24.98,24.98,24.76,24.780001000000002,24.468914,144400,0.0,1.0
2018-05-16,24.780001000000002,24.870001000000002,24.68,24.700001,24.389919,177800,0.0,1.0
2018-05-17,24.690001000000002,24.745001000000002,24.59,24.627001,24.317835000000002,57400,0.0,1.0
2018-05-18,24.66,24.68,24.530001000000002,24.59,24.2813,116400,0.0,1.0
2018-05-21,24.690001000000002,24.889999,24.59,24.870001000000002,24.557785,289700,0.0,1.0
2018-05-22,24.9,24.950001,24.82,24.879998999999998,24.567657,135000,0.0,1.0
2018-05-23,24.92,25.15,24.915001,25.120001000000002,24.804645999999998,69000,0.0,1.0
2018-05-24,25.16,25.24,25.030001000000002,25.129998999999998,24.814518,87300,0.0,1.0
2018-05-25,25.120001000000002,25.209999,25.1,25.15,24.834269,2075800,0.0,1.0
2018-05-29,25.120001000000002,25.163,24.969998999999998,25.120001000000002,24.804645999999998,2679900,0.0,1.0
2018-05-30,25.139999,25.549999,25.139999,25.51,25.189749,1486100,0.0,1.0
2018-05-31,25.440001000000002,25.440001000000002,25.329,25.379998999999998,25.06138,57300,0.0,1.0
2018-06-01,25.4,25.530001000000002,25.360001,25.51,25.189749,80400,0.0,1.0
2018-06-04,25.6,25.709999,25.525,25.690001000000002,25.367491,174100,0.0,1.0
2018-06-05,25.690001000000002,25.76,25.620001000000002,25.66,25.337866,78200,0.0,1.0
2018-06-06,25.639999,25.74,25.610001,25.73,25.406986,77800,0.0,1.0
2018-06-07,25.73,25.74,25.6,25.68,25.357615,84900,0.0,1.0
2018-06-08,25.67,25.790001,25.663,25.780001000000002,25.45636,140400,0.0,1.0
2018-06-11,25.700001,25.75,25.67,25.68,25.357615,58300,0.0,1.0
2018-06-12,25.65,25.780001000000002,25.620001000000002,25.75,25.426737,135100,0.0,1.0
2018-06-13,25.76,25.76,25.370001000000002,25.4,25.081129,84000,0.0,1.0
2018-06-14,25.51,25.610001,25.51,25.530001000000002,25.209498999999997,59100,0.0,1.0
2018-06-15,25.559998999999998,25.618999,25.485001,25.52,25.199625,71400,0.0,1.0
2018-06-18,25.440001000000002,25.51,25.358,25.49,25.17,82000,0.0,1.0
2018-06-19,25.07,25.139999,25.030001000000002,25.049999,25.049999,61400,0.32,1.0
2018-06-20,25.129998999999998,25.32,25.110001,25.32,25.32,53400,0.0,1.0
2018-06-21,25.309998999999998,25.378,25.256001,25.34,25.34,85700,0.0,1.0
2018-06-22,25.49,25.608999,25.48,25.6,25.6,52100,0.0,1.0
2018-06-25,25.51,25.58,25.389999,25.51,25.51,168300,0.0,1.0
2018-06-26,25.549999,25.77,25.5,25.559998999999998,25.559998999999998,214600,0.0,1.0
2018-06-27,25.58,25.629998999999998,25.4,25.4,25.4,249200,0.0,1.0
2018-06-28,25.440001000000002,25.65,25.41,25.625,25.625,64800,0.0,1.0
2018-06-29,25.66,25.77,25.525,25.66,25.66,101100,0.0,1.0
2018-07-02,25.57,25.65,25.299999,25.52,25.52,283900,0.0,1.0
2018-07-03,25.57,25.860001,25.546,25.67,25.67,211300,0.0,1.0
2018-07-05,25.85,25.950001,25.75,25.950001,25.950001,211700,0.0,1.0
2018-07-06,26.01,26.155001000000002,26.01,26.09,26.09,86300,0.0,1.0
2018-07-09,26.15,26.190001000000002,25.941,26.01,26.01,189400,0.0,1.0
2018-07-10,25.99,26.075001,25.945,26.01,26.01,44000,0.0,1.0
2018-07-11,25.91,25.98,25.799999,25.799999,25.799999,105300,0.0,1.0
2018-07-12,25.889999,25.982,25.860001,25.92,25.92,85400,0.0,1.0
2018-07-13,25.940001000000002,25.99,25.875,25.889999,25.889999,278000,0.0,1.0
2018-07-16,25.870001000000002,25.889999,25.719998999999998,25.809998999999998,25.809998999999998,165100,0.0,1.0
2018-07-17,25.809998999999998,25.85,25.620001000000002,25.67,25.67,161100,0.0,1.0
2018-07-18,25.620001000000002,25.66,25.5,25.620001000000002,25.620001000000002,170400,0.0,1.0
2018-07-19,25.5,25.819,25.489,25.719998999999998,25.719998999999998,91300,0.0,1.0
2018-07-20,25.74,25.754998999999998,25.6,25.65,25.65,183900,0.0,1.0
2018-07-23,25.620001000000002,25.67,25.51,25.6,25.6,83900,0.0,1.0
2018-07-24,25.709999,25.709999,25.511999,25.58,25.58,116800,0.0,1.0
2018-07-25,25.6,25.780001000000002,25.6,25.76,25.76,116400,0.0,1.0
2018-07-26,25.75,25.85,25.66,25.700001,25.700001,141900,0.0,1.0
2018-07-27,25.780001000000002,25.780001000000002,25.48,25.530001000000002,25.530001000000002,85900,0.0,1.0
2018-07-30,25.52,25.620001000000002,25.450001,25.59,25.59,112000,0.0,1.0
2018-07-31,25.66,25.995001000000002,25.629998999999998,25.889999,25.889999,127800,0.0,1.0
2018-08-01,25.82,25.93,25.674999,25.91,25.91,1538200,0.0,1.0
2018-08-02,25.9,25.93,25.820999,25.9,25.9,308600,0.0,1.0
2018-08-03,25.93,26.129998999999998,25.9,26.129998999999998,26.129998999999998,77300,0.0,1.0
2018-08-06,26.08,26.129998999999998,26.042,26.110001,26.110001,151500,0.0,1.0
2018-08-07,26.139999,26.139999,26.02,26.1,26.1,151500,0.0,1.0
2018-08-08,26.09,26.09,25.950001,26.0,26.0,190700,0.0,1.0
2018-08-09,26.0,26.049999,25.959999,25.99,25.99,741800,0.0,1.0
2018-08-10,25.860001,25.870001000000002,25.66,25.684998999999998,25.684998999999998,116100,0.0,1.0
2018-08-13,25.700001,25.728001000000003,25.615,25.641001,25.641001,129500,0.0,1.0
2018-08-14,25.65,25.790001,25.629998999999998,25.719998999999998,25.719998999999998,85500,0.0,1.0
2018-08-15,25.700001,25.889999,25.5,25.860001,25.860001,133500,0.0,1.0
2018-08-16,25.92,26.083,25.915001,26.052999,26.052999,73200,0.0,1.0
2018-08-17,26.09,26.34,26.049999,26.34,26.34,1469400,0.0,1.0
2018-08-20,26.389999,26.469998999999998,26.360001,26.379998999999998,26.379998999999998,147800,0.0,1.0
2018-08-21,26.379998999999998,26.379998999999998,26.209999,26.280001000000002,26.280001000000002,157000,0.0,1.0
2018-08-22,26.26,26.26,26.110001,26.17,26.17,68000,0.0,1.0
2018-08-23,26.129998999999998,26.16,26.059998999999998,26.09,26.09,176700,0.0,1.0
2018-08-24,26.07,26.216998999999998,26.069,26.200001,26.200001,65500,0.0,1.0
2018-08-27,26.24,26.281,26.139999,26.25,26.25,167800,0.0,1.0
2018-08-28,26.25,26.440001000000002,26.209999,26.440001000000002,26.440001000000002,80700,0.0,1.0
2018-08-29,26.450001,26.52,26.370001000000002,26.450001,26.450001,132900,0.0,1.0
2018-08-30,26.379998999999998,26.4,26.209999,26.25,26.25,102000,0.0,1.0
2018-08-31,26.299999,26.370001000000002,26.200001,26.299999,26.299999,76700,0.0,1.0
2018-09-04,26.23,26.23,26.0,26.040001,26.040001,158800,0.0,1.0
2018-09-05,26.02,26.194,25.93,26.15,26.15,118100,0.0,1.0
2018-09-06,26.15,26.27,26.15,26.209999,26.209999,158500,0.0,1.0
2018-09-07,26.1,26.1,25.9,25.969998999999998,25.969998999999998,157900,0.0,1.0
2018-09-10,26.01,26.120001000000002,26.0,26.032,26.032,103100,0.0,1.0
2018-09-11,25.98,26.129998999999998,25.965,26.040001,26.040001,74100,0.0,1.0
2018-09-12,26.1,26.200001,26.011,26.129998999999998,26.129998999999998,82200,0.0,1.0
2018-09-13,26.209999,26.280001000000002,26.17,26.219998999999998,26.219998999999998,137400,0.0,1.0
2018-09-14,26.18,26.18,25.907,26.049999,26.049999,88000,0.0,1.0
2018-09-17,26.059998999999998,26.174999,26.049999,26.110001,26.110001,83000,0.0,1.0
2018-09-18,26.17,26.200001,26.051001,26.120001000000002,26.120001000000002,120800,0.0,1.0
2018-09-19,26.049999,26.059998999999998,25.809998999999998,25.82,25.82,91500,0.0,1.0
2018-09-20,25.860001,26.040001,25.780001000000002,26.040001,26.040001,88200,0.0,1.0
2018-09-21,25.9,26.030001000000002,25.888,25.950001,25.950001,98797,0.0,1.0
