date,Open,High,Low,Close,Adj Close,Volume,Dividends,Stock Splits
2016-04-14,50.93,51.009997999999996,50.93,51.009997999999996,47.623340999999996,4800,0.0,1.0
2016-04-15,51.0,51.0,50.939999,50.950001,47.567314,900,0.0,1.0
2016-04-18,51.209998999999996,51.279999,51.209998999999996,51.279999,47.875408,600,0.0,1.0
2016-04-19,51.939999,52.110001000000004,51.939999,52.102001,48.642834,1800,0.0,1.0
2016-04-20,52.16,52.299999,52.16,52.290001000000004,48.818356,9000,0.0,1.0
2016-04-21,52.130001,52.130001,51.939999,51.939999,48.491585,400,0.0,1.0
2016-04-22,52.099998,52.099998,51.84,51.880001,48.435577,2400,0.0,1.0
2016-04-25,51.580002,51.580002,51.580002,51.580002,48.155487,100,0.0,1.0
2016-04-26,51.810001,51.810001,51.759997999999996,51.759997999999996,48.323544,400,0.0,1.0
2016-04-27,52.009997999999996,52.470001,52.009997999999996,52.169998,48.706317999999996,900,0.0,1.0
2016-04-28,51.650002,52.34,51.540001000000004,52.34,48.865032,600,0.0,1.0
2016-04-29,52.34,52.34,52.34,52.34,48.865032,0,0.0,1.0
2016-05-02,52.34,52.34,52.34,52.34,48.865032,0,0.0,1.0
2016-05-03,50.639998999999996,50.639998999999996,50.59,50.59,47.23122,600,0.0,1.0
2016-05-04,50.200001,50.200001,50.129002,50.18,46.848446,400,0.0,1.0
2016-05-05,50.189999,50.189999,50.189999,50.189999,46.857773,200,0.0,1.0
2016-05-06,49.919998,50.240002000000004,49.919998,50.240002000000004,46.904461,6300,0.0,1.0
2016-05-09,50.299999,50.34,50.27,50.27,46.932468,6600,0.0,1.0
2016-05-10,50.41,50.610001000000004,50.41,50.599998,47.240551,7800,0.0,1.0
2016-05-11,50.334998999999996,50.380001,50.334998999999996,50.34,46.997814,1100,0.0,1.0
2016-05-12,50.529999,50.57,50.529999,50.57,47.212551,200,0.0,1.0
2016-05-13,50.240002000000004,50.240002000000004,50.049999,50.169998,46.839104,400,0.0,1.0
2016-05-16,50.189999,50.560001,50.189999,50.529999,47.175205,1700,0.0,1.0
2016-05-17,50.290001000000004,50.290001000000004,50.16,50.16,46.829762,200,0.0,1.0
2016-05-18,50.490002000000004,50.490002000000004,50.459998999999996,50.459998999999996,47.109852000000004,200,0.0,1.0
2016-05-19,49.93,50.07,49.93,50.07,46.74575,300,0.0,1.0
2016-05-20,50.369999,50.450001,50.369999,50.373001,47.028625,400,0.0,1.0
2016-05-23,50.220001,50.25,50.220001,50.25,46.913788000000004,300,0.0,1.0
2016-05-24,50.75,51.27,50.75,51.200001,47.800724,9200,0.0,1.0
2016-05-25,51.610001000000004,51.900002,51.610001000000004,51.900002,48.454246999999995,30700,0.0,1.0
2016-05-26,52.060001,52.060001,52.032001,52.032001,48.57748,1200,0.0,1.0
2016-05-27,52.099998,52.099998,52.0,52.080002,48.622292,700,0.0,1.0
2016-05-31,52.259997999999996,52.259997999999996,51.860001000000004,51.880001,48.435577,1200,0.0,1.0
2016-06-01,51.5,51.720001,51.5,51.720001,48.286198,3200,0.0,1.0
2016-06-02,51.59,51.84,51.59,51.84,48.398224,2400,0.0,1.0
2016-06-03,51.48,51.639998999999996,51.279999,51.59,48.164833,4600,0.0,1.0
2016-06-06,51.75,51.849998,51.630001,51.849998,48.407562,1900,0.0,1.0
2016-06-07,52.27,52.27,52.080002,52.27,48.799675,3300,0.0,1.0
2016-06-08,52.07,52.119999,52.069,52.099998,48.640968,4200,0.0,1.0
2016-06-09,51.709998999999996,51.709998999999996,51.560001,51.619999,48.192833,25800,0.0,1.0
2016-06-10,50.540001000000004,50.540001000000004,50.009997999999996,50.009997999999996,46.68972,1800,0.0,1.0
2016-06-13,49.48,49.59,49.48,49.490002000000004,46.20425,500,0.0,1.0
2016-06-14,48.740002000000004,48.75,48.049999,48.165001000000004,44.967220000000005,11200,0.0,1.0
2016-06-15,48.630001,48.889998999999996,48.560001,48.560001,45.335999,1200,0.0,1.0
2016-06-16,47.990002000000004,48.939999,47.990002000000004,48.93,45.681435,2100,0.0,1.0
2016-06-17,49.088001,49.490002000000004,49.088001,49.43,46.148239000000004,700,0.0,1.0
2016-06-20,50.630001,50.790001000000004,50.580002,50.790001000000004,47.417942,5300,0.0,1.0
2016-06-21,51.240002000000004,51.240002000000004,51.150002,51.150002,47.754036,300,0.0,1.0
2016-06-22,50.869999,50.93,50.700001,50.700001,47.995441,1400,0.705,1.0
2016-06-23,51.27,51.849998,51.25,51.849998,49.084091,1400,0.0,1.0
2016-06-24,47.494999,48.418999,47.012001,47.189999,44.672676,9300,0.0,1.0
2016-06-27,46.459998999999996,46.459998999999996,45.682999,46.240002000000004,43.773357,4900,0.0,1.0
2016-06-28,47.049999,47.25,47.049999,47.16,44.644279,9800,0.0,1.0
2016-06-29,47.830002,48.34,47.830002,48.34,45.761333,4400,0.0,1.0
2016-06-30,48.110001000000004,49.349998,48.110001000000004,49.209998999999996,46.584915,20300,0.0,1.0
2016-07-01,49.240002000000004,49.450001,49.240002000000004,49.450001,46.812119,1100,0.0,1.0
2016-07-05,48.709998999999996,48.709998999999996,48.25,48.25,45.676128000000006,300,0.0,1.0
2016-07-06,47.450001,48.009997999999996,47.450001,48.009997999999996,45.448935999999996,6700,0.0,1.0
2016-07-07,48.009997999999996,48.009997999999996,48.009997999999996,48.009997999999996,45.448935999999996,0,0.0,1.0
2016-07-08,48.16,48.599998,48.119999,48.599998,46.007458,7300,0.0,1.0
2016-07-11,48.959998999999996,49.470001,48.950001,49.470001,46.831055,5700,0.0,1.0
2016-07-12,49.349998,50.0,49.349998,50.0,47.332771,900,0.0,1.0
2016-07-13,49.68,49.924999,49.68,49.924999,47.26178,1500,0.0,1.0
2016-07-14,50.200001,50.470001,50.099998,50.470001,47.77771,2500,0.0,1.0
2016-07-15,50.16,50.220001,50.16,50.220001,47.541042,700,0.0,1.0
2016-07-18,50.310001,50.310001,50.310001,50.310001,47.626244,100,0.0,1.0
2016-07-19,49.889998999999996,49.950001,49.889998999999996,49.950001,47.285446,200,0.0,1.0
2016-07-20,50.450001,50.588001,50.450001,50.587002000000005,47.888462,2200,0.0,1.0
2016-07-21,50.587002000000005,50.587002000000005,50.587002000000005,50.587002000000005,47.888462,0,0.0,1.0
2016-07-22,50.639998999999996,50.639998999999996,50.639998999999996,50.639998999999996,47.938633,100,0.0,1.0
2016-07-25,50.82,50.82,50.82,50.82,48.109035,100,0.0,1.0
2016-07-26,50.959998999999996,50.959998999999996,50.939999,50.950001,48.232101,1100,0.0,1.0
2016-07-27,51.439999,51.439999,51.201,51.380001,48.63916,1100,0.0,1.0
2016-07-28,51.209998999999996,51.369999,51.209998999999996,51.369999,48.629692,400,0.0,1.0
2016-07-29,51.43,51.650002,51.400002,51.650002,48.894764,7500,0.0,1.0
2016-08-01,51.529999,51.529999,51.119999,51.119999,48.393032,300,0.0,1.0
2016-08-02,50.75,50.75,50.73,50.75,48.042774,2500,0.0,1.0
2016-08-03,50.529999,50.580002,50.529999,50.580002,47.881840000000004,300,0.0,1.0
2016-08-04,50.669998,50.91,50.669998,50.91,48.194229,2100,0.0,1.0
2016-08-05,50.990002000000004,51.189999,50.939999,51.189999,48.459293,6700,0.0,1.0
2016-08-08,51.18,51.18,51.116001000000004,51.116001000000004,48.389247999999995,500,0.0,1.0
2016-08-09,51.630001,51.849998,51.630001,51.740002000000004,48.979958,600,0.0,1.0
2016-08-10,52.009997999999996,52.009997999999996,52.009997999999996,52.009997999999996,49.235554,100,0.0,1.0
2016-08-11,52.5,52.5,52.386002000000005,52.386002000000005,49.591499,700,0.0,1.0
2016-08-12,52.509997999999996,52.509997999999996,52.365002000000004,52.380001,49.585815000000004,500,0.0,1.0
2016-08-15,52.57,52.57,52.57,52.57,49.765682,100,0.0,1.0
2016-08-16,52.540001000000004,52.549999,52.5,52.509997999999996,49.708881,900,0.0,1.0
2016-08-17,52.220001,52.220001,52.220001,52.220001,49.434353,800,0.0,1.0
2016-08-18,52.23,52.299999,52.23,52.299999,49.510082000000004,400,0.0,1.0
2016-08-19,51.799999,51.799999,51.799999,51.799999,49.036758,100,0.0,1.0
2016-08-22,51.82,51.900002,51.82,51.849998,49.084091,3700,0.0,1.0
2016-08-23,52.131001,52.16,52.131001,52.16,49.377552,500,0.0,1.0
2016-08-24,52.369999,52.369999,52.105,52.105,49.325489000000005,11700,0.0,1.0
2016-08-25,51.98,51.98,51.98,51.98,49.207153000000005,100,0.0,1.0
2016-08-26,52.049999,52.23,51.48,51.759997999999996,48.998894,1400,0.0,1.0
2016-08-29,51.919998,51.970001,51.799999,51.970001,49.197685,1800,0.0,1.0
2016-08-30,51.889998999999996,51.889998999999996,51.889998999999996,51.889998999999996,49.121952,100,0.0,1.0
2016-08-31,51.799999,51.799999,51.43,51.43,48.686496999999996,11300,0.0,1.0
2016-09-01,51.830002,51.830002,51.799999,51.799999,49.036758,1200,0.0,1.0
2016-09-02,52.549999,52.639998999999996,52.5,52.630001,49.822483,1400,0.0,1.0
2016-09-06,52.790001000000004,52.790001000000004,52.75,52.75,49.936081,700,0.0,1.0
2016-09-07,52.950001,53.009997999999996,52.919998,52.919998,50.097008,300,0.0,1.0
2016-09-08,52.84,53.009997999999996,52.84,52.860001000000004,50.040211,4100,0.0,1.0
2016-09-09,52.02,52.09,52.02,52.09,49.311291,800,0.0,1.0
2016-09-12,51.580002,52.07,51.580002,52.049999,49.273426,1100,0.0,1.0
2016-09-13,51.459998999999996,51.459998999999996,51.139,51.139,48.411018,1800,0.0,1.0
2016-09-14,51.150002,51.209998999999996,51.150002,51.209998999999996,48.478233,200,0.0,1.0
2016-09-15,51.369999,51.369999,51.369999,51.369999,48.629692,200,0.0,1.0
2016-09-16,51.009997999999996,51.060001,50.830002,50.830002,48.1185,18100,0.0,1.0
2016-09-19,51.330002,51.380001,51.290001000000004,51.380001,48.63916,13000,0.0,1.0
2016-09-20,51.52,51.779999,51.52,51.549999,48.800090999999995,2000,0.0,1.0
2016-09-21,52.040001000000004,52.040001000000004,52.040001000000004,52.040001000000004,49.373142,200,0.114,1.0
2016-09-22,52.720001,52.720001,52.599998,52.599998,49.904441999999996,1200,0.0,1.0
2016-09-23,52.360001000000004,52.360001000000004,52.192001,52.360001000000004,49.676746,700,0.0,1.0
2016-09-26,51.470001,51.470001,51.470001,51.470001,48.832347999999996,100,0.0,1.0
2016-09-27,51.310001,51.630001,51.310001,51.584998999999996,48.941456,12400,0.0,1.0
2016-09-28,51.740002000000004,52.25,51.740002000000004,52.25,49.572379999999995,3200,0.0,1.0
2016-09-29,51.93,52.220001,51.459998999999996,51.82,49.16441,1400,0.0,1.0
2016-09-30,52.290001000000004,52.290001000000004,52.290001000000004,52.290001000000004,49.610332,300,0.0,1.0
2016-10-03,52.57,52.57,52.25,52.310001,49.629303,1800,0.0,1.0
2016-10-04,52.599998,52.610001000000004,52.261002000000005,52.261002000000005,49.582821,1200,0.0,1.0
2016-10-05,52.48,52.720001,52.150002,52.720001,50.018291,3900,0.0,1.0
2016-10-06,52.52,52.52,52.183997999999995,52.332001,49.650177,3000,0.0,1.0
2016-10-07,52.34,52.34,52.34,52.34,49.657768,500,0.0,1.0
2016-10-10,52.169998,52.189999,51.997002,52.07,49.4016,5600,0.0,1.0
2016-10-11,51.900002,51.900002,51.437,51.529999,48.889278000000004,3900,0.0,1.0
2016-10-12,51.560001,51.639998999999996,51.529999,51.639998999999996,48.993633,1400,0.0,1.0
2016-10-13,51.18,51.529999,51.18,51.450001,48.813377,1900,0.0,1.0
2016-10-14,52.130001,52.130001,51.52,51.580002,48.936718,1900,0.0,1.0
2016-10-17,51.48,51.48,51.439999,51.459998999999996,48.822865,1100,0.0,1.0
2016-10-18,52.0,52.0,51.779999,51.779999,49.126457,1100,0.0,1.0
2016-10-19,51.950001,52.139998999999996,51.950001,51.988997999999995,49.324757,1100,0.0,1.0
2016-10-20,52.009997999999996,52.02,51.599998,52.0,49.335190000000004,2700,0.0,1.0
2016-10-21,51.828998999999996,51.828998999999996,51.828998999999996,51.828998999999996,49.172955,400,0.0,1.0
2016-10-24,52.349998,52.349998,52.0,52.005001,49.339939,800,0.0,1.0
2016-10-25,52.040001000000004,52.040001000000004,51.82,51.880001,49.221344,1800,0.0,1.0
2016-10-26,51.540001000000004,51.619999,51.419998,51.419998,48.784912,2800,0.0,1.0
2016-10-27,51.77,51.77,51.740002000000004,51.744999,49.093258,1400,0.0,1.0
2016-10-28,51.84,51.900002,51.700001,51.700001,49.050568,1900,0.0,1.0
2016-10-31,51.709998999999996,51.709998999999996,51.68,51.68,49.03159,1600,0.0,1.0
2016-11-01,51.700001,51.759997999999996,51.57,51.57,48.927227,900,0.0,1.0
2016-11-02,51.259997999999996,51.27,51.240002000000004,51.240002000000004,48.614136,3600,0.0,1.0
2016-11-03,51.25,51.32,50.84,50.84,48.234631,3400,0.0,1.0
2016-11-04,50.57,50.700001,50.48,50.48,47.893085,2000,0.0,1.0
2016-11-07,51.099998,51.290001000000004,51.099998,51.27,48.642596999999995,2900,0.0,1.0
2016-11-08,51.48,51.650002,51.459998999999996,51.599998,48.955688,1700,0.0,1.0
2016-11-09,52.73,52.73,51.299999,51.439999,48.80389,900,0.0,1.0
2016-11-10,51.029999,51.669998,50.66,51.630001,48.98415,4300,0.0,1.0
2016-11-11,51.27,51.310001,50.889998999999996,51.029999,48.414898,11600,0.0,1.0
2016-11-14,50.43,50.48,50.384997999999996,50.389998999999996,47.807693,1900,0.0,1.0
2016-11-15,50.43,50.73,50.43,50.73,48.130264000000004,2000,0.0,1.0
2016-11-16,50.360001000000004,50.470001,50.243999,50.243999,47.669185999999996,3100,0.0,1.0
2016-11-17,51.41,51.41,50.41,50.700001,48.101818,16000,0.0,1.0
2016-11-18,50.549999,50.580002,50.450001,50.540001000000004,47.950008000000004,18200,0.0,1.0
2016-11-21,50.77,50.790001000000004,50.700001,50.790001000000004,48.187199,5100,0.0,1.0
2016-11-22,51.27,51.27,50.780998,50.84,48.234631,5200,0.0,1.0
2016-11-23,50.970001,50.970001,50.5,50.650002,48.054375,4900,0.0,1.0
2016-11-25,51.189999,51.189999,51.060001,51.060001,48.443371,400,0.0,1.0
2016-11-28,51.029999,51.029999,50.587002000000005,50.68,48.082832,4000,0.0,1.0
2016-11-29,50.75,50.849998,50.75,50.830002,48.225147,4000,0.0,1.0
2016-11-30,50.91,50.91,50.5,50.636002000000005,48.041096,14900,0.0,1.0
2016-12-01,50.599998,50.869999,50.400002,50.445,47.859875,3800,0.0,1.0
2016-12-02,50.52,50.599998,50.271,50.467999,47.881702000000004,2900,0.0,1.0
2016-12-05,50.779999,51.330002,50.779999,51.27,48.642596999999995,1900,0.0,1.0
2016-12-06,51.529999,51.700001,51.529999,51.549999,48.908249,600,0.0,1.0
2016-12-07,52.009997999999996,52.563999,51.959,52.563999,49.870289,8700,0.0,1.0
2016-12-08,52.240002000000004,52.418999,52.169998,52.400002,49.714695,5500,0.0,1.0
2016-12-09,52.48,52.48,52.34,52.48,49.790592,5300,0.0,1.0
2016-12-12,52.459998999999996,52.470001,52.400002,52.41,49.724182,2000,0.0,1.0
2016-12-13,52.959998999999996,52.959998999999996,52.799999,52.880001,50.170094,2000,0.0,1.0
2016-12-14,52.720001,52.939999,51.979,51.979,49.315269,12900,0.0,1.0
2016-12-15,51.970001,52.488997999999995,51.91,52.182999,49.508808,30800,0.0,1.0
2016-12-16,52.029999,52.395,52.029999,52.380001,49.695717,4100,0.0,1.0
2016-12-19,52.599998,52.599998,52.18,52.349998,49.667252000000005,11500,0.0,1.0
2016-12-20,52.369999,52.488997999999995,52.258998999999996,52.261002000000005,49.582821,3100,0.0,1.0
2016-12-21,52.16,52.16,51.747002,51.792999,49.935688,1100,0.8340000000000001,1.0
2016-12-22,51.939999,51.969002,51.669998,51.68,49.826744,4000,0.0,1.0
2016-12-23,51.970001,51.970001,51.639998999999996,51.811001,49.953049,9500,0.0,1.0
2016-12-27,52.02,52.029999,51.938999,52.0,50.135269,6400,0.0,1.0
2016-12-28,52.200001,52.200001,51.599998,51.68,49.826744,2000,0.0,1.0
2016-12-29,52.09,52.110001000000004,51.972,51.972,50.108273,4100,0.0,1.0
2016-12-30,52.529999,52.619999,52.369999,52.369999,50.492001,5900,0.0,1.0
2017-01-03,52.439999,52.5,52.404999,52.450001,50.569134000000005,3500,0.0,1.0
2017-01-04,52.799999,52.889998999999996,52.59,52.889998999999996,50.993359000000005,2500,0.0,1.0
2017-01-05,53.099998,53.400002,53.099998,53.369999,51.456134999999996,6100,0.0,1.0
2017-01-06,53.16,53.200001,52.997002,53.150002,51.244034,4000,0.0,1.0
2017-01-09,52.880001,52.950001,52.880001,52.950001,51.051196999999995,1400,0.0,1.0
2017-01-10,52.970001,52.970001,52.889,52.91,51.012634000000006,1300,0.0,1.0
2017-01-11,52.639998999999996,53.099998,52.639998999999996,53.099998,51.195816,2900,0.0,1.0
2017-01-12,53.130001,53.130001,52.911999,53.119999,51.215107,2500,0.0,1.0
2017-01-13,53.27,53.43,53.27,53.43,51.513988,1600,0.0,1.0
2017-01-17,53.400002,53.400002,53.09,53.09,51.186176,2100,0.0,1.0
2017-01-18,53.220001,53.330002,53.105,53.119999,51.215107,3500,0.0,1.0
2017-01-19,52.952999,53.040001000000004,52.952999,53.040001000000004,51.137974,600,0.0,1.0
2017-01-20,53.030998,53.349998,53.030998,53.349998,51.436855,900,0.0,1.0
2017-01-23,53.380001,53.599998,53.380001,53.599998,51.677890999999995,2000,0.0,1.0
2017-01-24,53.700001,53.77,53.691002000000005,53.703998999999996,51.778168,2700,0.0,1.0
2017-01-25,54.259997999999996,54.259997999999996,54.000999,54.240002000000004,52.294945,4400,0.0,1.0
2017-01-26,54.27,54.27,53.880001,54.060001,52.121399,3600,0.0,1.0
2017-01-27,54.110001000000004,54.119999,53.831001,54.119999,52.179237,5800,0.0,1.0
2017-01-30,53.349998,53.549999,53.349998,53.525002,51.605587,2200,0.0,1.0
2017-01-31,53.73,53.740002000000004,53.59,53.630001,51.706814,3400,0.0,1.0
2017-02-01,53.796001000000004,53.990002000000004,53.755001,53.950001,52.015339000000004,4100,0.0,1.0
2017-02-02,54.279999,54.292,54.060001,54.119999,52.179237,2100,0.0,1.0
2017-02-03,54.41,54.439999,54.339001,54.360001000000004,52.410641,3900,0.0,1.0
2017-02-06,53.790001000000004,53.790001000000004,53.59,53.730999,51.804195,7100,0.0,1.0
2017-02-07,53.75,53.82,53.740002000000004,53.799999,51.870723999999996,2300,0.0,1.0
2017-02-08,53.59,53.860001000000004,53.589001,53.860001000000004,51.928566,2200,0.0,1.0
2017-02-09,54.040001000000004,54.075001,54.040001000000004,54.073002,52.13393,2200,0.0,1.0
2017-02-10,53.799999,54.119999,53.799999,54.036999,52.099213,3400,0.0,1.0
2017-02-13,54.061001,54.330002,54.041,54.041,52.103077,2600,0.0,1.0
2017-02-14,53.970001,54.200001,53.970001,54.099998,52.159958,4400,0.0,1.0
2017-02-15,54.099998,54.380001,54.049999,54.375,52.425102,2600,0.0,1.0
2017-02-16,54.560001,54.689999,54.5,54.689999,52.728802,6900,0.0,1.0
2017-02-17,54.34,54.41,54.228001,54.259997999999996,52.314223999999996,10700,0.0,1.0
2017-02-21,54.400002,54.509997999999996,54.287997999999995,54.452,52.499340000000004,5800,0.0,1.0
2017-02-22,54.23,54.450001,54.049999,54.450001,52.497409999999995,5600,0.0,1.0
2017-02-23,54.57,54.57,54.189999,54.416,52.464626,7800,0.0,1.0
2017-02-24,53.84,53.98,53.529999,53.650002,51.726101,9100,0.0,1.0
2017-02-27,53.73,54.07,53.73,53.75,51.822517,4100,0.0,1.0
2017-02-28,54.233002,54.259997999999996,54.009997999999996,54.110001000000004,52.169605,4100,0.0,1.0
2017-03-01,54.490002000000004,54.740002000000004,54.490002000000004,54.705002,52.743267,5000,0.0,1.0
2017-03-02,54.48,54.48,54.304001,54.450001,52.497409999999995,2500,0.0,1.0
2017-03-03,54.669998,54.77,54.512001,54.512001,52.557190000000006,4900,0.0,1.0
2017-03-06,54.439999,54.459998999999996,54.439999,54.459998999999996,52.507053000000006,700,0.0,1.0
2017-03-07,54.490002000000004,54.490002000000004,54.257999,54.405998,52.454983,4200,0.0,1.0
2017-03-08,54.400002,54.509997999999996,54.259997999999996,54.259997999999996,52.314223999999996,8100,0.0,1.0
2017-03-09,54.603001,54.66,54.299999,54.549999,52.593826,2500,0.0,1.0
2017-03-10,54.938,55.099998,54.938,55.049999,53.075897,3600,0.0,1.0
2017-03-13,55.259997999999996,55.264998999999996,55.02,55.02,53.046969999999995,2300,0.0,1.0
2017-03-14,54.880001,54.939999,54.810001,54.860001000000004,52.892712,3600,0.0,1.0
2017-03-15,54.957001,55.560001,54.957001,55.560001,53.56760799999999,9400,0.0,1.0
2017-03-16,55.610001000000004,56.259997999999996,55.610001000000004,56.169998,54.155727,3200,0.0,1.0
2017-03-17,56.540001000000004,56.540001000000004,56.330002,56.389998999999996,54.36784399999999,56000,0.0,1.0
2017-03-20,56.509997999999996,56.580002,56.330002,56.330002,54.309998,5400,0.0,1.0
2017-03-21,56.860001000000004,56.860001000000004,55.98,55.98,53.972549,25300,0.0,1.0
2017-03-22,56.080002,56.25,55.900002,56.200001,54.184658,65000,0.0,1.0
2017-03-23,56.23,56.41,56.23,56.27,54.280151000000004,33600,0.028999999999999998,1.0
2017-03-24,56.425999,56.630001,56.419998,56.52,54.521313,13800,0.0,1.0
2017-03-27,56.43,56.709998999999996,56.389998999999996,56.59,54.588837,12200,0.0,1.0
2017-03-28,56.669998,56.860001000000004,56.41,56.75,54.743176,41000,0.0,1.0
2017-03-29,56.43,57.009997999999996,56.209998999999996,56.439999,54.444141,24100,0.0,1.0
2017-03-30,56.540001000000004,56.869999,56.209998999999996,56.209998999999996,54.222275,14900,0.0,1.0
2017-03-31,56.259997999999996,56.860001000000004,56.189999,56.740002000000004,54.733532,18100,0.0,1.0
2017-04-03,56.509997999999996,56.619999,56.078998999999996,56.419998,54.424847,5800,0.0,1.0
2017-04-04,56.259997999999996,56.41,56.224998,56.400002,54.405559999999994,3400,0.0,1.0
2017-04-05,56.700001,56.700001,56.415001000000004,56.5,54.502022,50400,0.0,1.0
2017-04-06,56.580002,56.789001,56.439999,56.439999,54.444141,17000,0.0,1.0
2017-04-07,56.419998,56.619999,56.419998,56.450001,54.453789,11300,0.0,1.0
2017-04-10,56.650002,56.75,56.59,56.599998,54.59848,17300,0.0,1.0
2017-04-11,56.77,56.880001,56.450001,56.66,54.656361,6500,0.0,1.0
2017-04-12,56.799,56.800999,56.558997999999995,56.700001,54.694942000000005,8800,0.0,1.0
2017-04-13,56.599998,56.599998,56.514,56.591999,54.590771,7100,0.0,1.0
2017-04-17,56.93,57.028999,56.57,56.630001,54.627421999999996,7800,0.0,1.0
2017-04-18,56.490002000000004,56.490002000000004,56.181999,56.450001,54.453789,11200,0.0,1.0
2017-04-19,56.720001,56.720001,56.330002,56.330002,54.338035999999995,3000,0.0,1.0
2017-04-20,57.150002,57.18,56.970001,56.990002000000004,54.974697,3600,0.0,1.0
2017-04-21,56.900002,57.02,56.665001000000004,57.02,55.003628000000006,7800,0.0,1.0
2017-04-24,58.41,59.09,58.41,59.09,57.000431000000006,6000,0.0,1.0
2017-04-25,59.509997999999996,59.700001,59.43,59.619999,57.511692000000004,80300,0.0,1.0
2017-04-26,59.66,59.720001,59.509997999999996,59.599998,57.49239,6200,0.0,1.0
2017-04-27,59.305,59.43,59.119999,59.34,57.241592000000004,4100,0.0,1.0
2017-04-28,59.700001,59.740002000000004,59.299999,59.700001,57.58886,17500,0.0,1.0
2017-05-01,59.740002000000004,60.009997999999996,59.651001,59.810001,57.694973,7100,0.0,1.0
2017-05-02,59.91,60.23,59.91,60.150002,58.02294499999999,9600,0.0,1.0
2017-05-03,60.011002000000005,60.16,59.849998,59.98,57.858959,13100,0.0,1.0
2017-05-04,60.455002,60.821999,60.455002,60.720001,58.57279200000001,5300,0.0,1.0
2017-05-05,61.150002,61.77,61.150002,61.77,59.585663000000004,18700,0.0,1.0
2017-05-08,61.080002,61.080002,60.779999,60.799999,58.64996,4100,0.0,1.0
2017-05-09,60.959998999999996,60.959998999999996,60.540001000000004,60.540001000000004,58.39915500000001,24900,0.0,1.0
2017-05-10,60.720001,60.880001,60.529999,60.75,58.60173,6400,0.0,1.0
2017-05-11,60.490002000000004,60.610001000000004,60.349998,60.57,58.428096999999994,3400,0.0,1.0
2017-05-12,60.779999,60.939999,60.509997999999996,60.790001000000004,58.640316000000006,4800,0.0,1.0
2017-05-15,61.240002000000004,61.380001,61.220001,61.380001,59.20945,9100,0.0,1.0
2017-05-16,62.009997999999996,62.108002,61.849998,62.060001,59.865402,12200,0.0,1.0
2017-05-17,61.630001,61.639998999999996,61.110001000000004,61.150002,58.987582999999994,13000,0.0,1.0
2017-05-18,61.099998,61.139998999999996,60.880001,61.09,58.92970699999999,7300,0.0,1.0
2017-05-19,61.59,62.049999,61.59,61.91,59.720707,8300,0.0,1.0
2017-05-22,62.174,62.188,62.007,62.157001,59.95898100000001,5400,0.0,1.0
2017-05-23,62.311001,62.352001,62.075001,62.110001000000004,59.913635,11100,0.0,1.0
2017-05-24,62.139998999999996,62.369999,62.067001,62.23,60.029388,21100,0.0,1.0
2017-05-25,62.25,62.389998999999996,62.169998,62.200001,60.000457999999995,12500,0.0,1.0
2017-05-26,61.73,62.02,61.73,61.939999,59.749644999999994,27100,0.0,1.0
2017-05-30,62.029999,62.049999,61.84,61.990002000000004,59.797881999999994,11200,0.0,1.0
2017-05-31,62.18,62.439999,62.0,62.130001,59.932933999999996,15900,0.0,1.0
2017-06-01,62.256001,62.5,62.110001000000004,62.439999,60.231968,6000,0.0,1.0
2017-06-02,62.73,62.91,62.702999,62.91,60.685349,10500,0.0,1.0
2017-06-05,62.650002,62.650002,62.400002,62.41,60.203026,13200,0.0,1.0
2017-06-06,62.400002,62.400002,62.117001,62.18,59.981159,10700,0.0,1.0
2017-06-07,62.562,62.562,62.09,62.400002,60.193386,9600,0.0,1.0
2017-06-08,62.18,62.25,62.119999,62.209998999999996,60.010101,46500,0.0,1.0
2017-06-09,62.049999,62.23,61.849998,61.939999,59.749644999999994,21200,0.0,1.0
2017-06-12,61.82,61.82,61.290001000000004,61.34,59.170864,6900,0.0,1.0
2017-06-13,61.73,62.07,61.73,61.950001,59.759296,31200,0.0,1.0
2017-06-14,62.27,62.549999,61.869999,61.869999,59.682120999999995,7400,0.0,1.0
2017-06-15,60.860001000000004,61.130001,60.805,61.102001,58.941283999999996,10300,0.0,1.0
2017-06-16,61.619999,61.950001,61.57,61.950001,59.759296,49400,0.0,1.0
2017-06-19,62.360001000000004,62.360001000000004,62.009997999999996,62.150002,59.952225,9200,0.0,1.0
2017-06-20,61.669998,61.669998,61.27,61.470001,59.296271999999995,13200,0.0,1.0
2017-06-21,61.310001,61.48,61.25,61.43,59.257687,15800,0.0,1.0
2017-06-22,60.759997999999996,60.790001000000004,60.560001,60.689999,59.182598,8500,0.6629999999999999,1.0
2017-06-23,60.91,60.919998,60.640999,60.779999,59.270355,6900,0.0,1.0
2017-06-26,61.130001,61.139998999999996,60.720001,60.720001,59.211856999999995,2900,0.0,1.0
2017-06-27,61.001999,61.25,60.950001,60.950001,59.436142000000004,7000,0.0,1.0
2017-06-28,61.43,61.689999,61.139998999999996,61.573002,60.043670999999996,11200,0.0,1.0
2017-06-29,61.75,61.75,60.810001,60.904999,59.392254,15100,0.0,1.0
2017-06-30,61.099998,61.220001,60.869999,61.150002,59.631168,17000,0.0,1.0
2017-07-03,61.259997999999996,61.259997999999996,61.16,61.16,59.640923,700,0.0,1.0
2017-07-05,61.139998999999996,61.169998,60.900002,61.169998,59.650677,30900,0.0,1.0
2017-07-06,60.900002,61.330002,60.900002,61.175999,59.656525,6400,0.0,1.0
2017-07-07,60.990002000000004,61.259997999999996,60.91,61.25,59.728687,8300,0.0,1.0
2017-07-10,61.271999,61.490002000000004,61.27,61.299999,59.777443000000005,72700,0.0,1.0
2017-07-11,61.23,61.540001000000004,61.189999,61.540001000000004,60.011486,5700,0.0,1.0
2017-07-12,62.0,62.069,61.880001,62.060001,60.51857,10600,0.0,1.0
2017-07-13,62.150002,62.279999,62.049999,62.279999,60.733101,12000,0.0,1.0
2017-07-14,62.591,62.763,62.450001,62.763,61.204108999999995,4700,0.0,1.0
2017-07-17,62.919998,62.929001,62.700001,62.830002,61.269447,20500,0.0,1.0
2017-07-18,62.560001,62.93,62.560001,62.799999,61.240189,12400,0.0,1.0
2017-07-19,62.900002,63.23,62.900002,63.18,61.610752000000005,9500,0.0,1.0
2017-07-20,63.16,63.330002,63.110001000000004,63.23,61.659507999999995,8400,0.0,1.0
2017-07-21,62.889998999999996,62.98,62.532001,62.77,61.210933999999995,27100,0.0,1.0
2017-07-24,62.790001000000004,62.91,62.630001,62.77,61.210933999999995,9300,0.0,1.0
2017-07-25,63.200001,63.205002,62.869999,62.884997999999996,61.323078,20300,0.0,1.0
2017-07-26,63.074001,63.549999,63.074001,63.360001000000004,61.78628199999999,14100,0.0,1.0
2017-07-27,63.474998,63.535999,63.0,63.188,61.618549,8100,0.0,1.0
2017-07-28,62.889998999999996,63.130001,62.740002000000004,63.130001,61.56199300000001,11600,0.0,1.0
2017-07-31,63.080002,63.380001,63.049999,63.23,61.659507999999995,6700,0.0,1.0
2017-08-01,63.709998999999996,63.77,63.5,63.5,61.92280600000001,25500,0.0,1.0
2017-08-02,63.689999,63.790001000000004,63.599998,63.73,62.147091,3700,0.0,1.0
2017-08-03,63.695,63.91,63.658001,63.700001,62.117836,40800,0.0,1.0
2017-08-04,64.029999,64.029999,63.529999,63.743,62.159771,8700,0.0,1.0
2017-08-07,63.889998999999996,63.959998999999996,63.830002,63.889998999999996,62.303112,8200,0.0,1.0
2017-08-08,64.040001,64.040001,63.669998,63.669998,62.088581000000005,10400,0.0,1.0
2017-08-09,63.169998,63.529999,63.164001,63.529999,61.952061,7500,0.0,1.0
2017-08-10,62.889998999999996,62.889998999999996,62.389998999999996,62.424999,60.874504,9500,0.0,1.0
2017-08-11,62.080002,62.320999,62.0,62.209998999999996,60.664841,12100,0.0,1.0
2017-08-14,62.705002,62.849998,62.619999,62.630001,61.074413,6800,0.0,1.0
2017-08-15,62.459998999999996,62.700001,62.169998,62.66,61.103664,6900,0.0,1.0
2017-08-16,62.744999,62.986,62.630001,62.630001,61.074413,20800,0.0,1.0
2017-08-17,62.669998,62.689999,62.16,62.16,60.61608100000001,10300,0.0,1.0
2017-08-18,62.130001,62.310001,62.130001,62.16,60.61608100000001,5700,0.0,1.0
2017-08-21,62.167,62.470001,62.167,62.380001,60.830624,11700,0.0,1.0
2017-08-22,62.450001,62.582001,62.418999,62.52,60.967148,1800,0.0,1.0
2017-08-23,62.540001000000004,62.869999,62.540001000000004,62.799999,61.240189,70500,0.0,1.0
2017-08-24,62.84,62.900002,62.610001000000004,62.610001000000004,61.054905000000005,5500,0.0,1.0
2017-08-25,62.98,63.209998999999996,62.73,63.049999,61.483982,134100,0.0,1.0
2017-08-28,62.849998,63.029999,62.790001000000004,62.846001,61.285049,6100,0.0,1.0
2017-08-29,62.380001,62.740002000000004,62.380001,62.700001,61.142672999999995,10300,0.0,1.0
2017-08-30,62.470001,62.68,62.389998999999996,62.599998,61.045155,42200,0.0,1.0
2017-08-31,62.740002000000004,63.191002000000005,62.639998999999996,63.18,61.610752000000005,15500,0.0,1.0
2017-09-01,63.450001,63.57,63.32,63.419998,61.844791,27000,0.0,1.0
2017-09-05,63.18,63.32,62.650002,62.650002,61.093914,14600,0.0,1.0
2017-09-06,63.299999,63.34,63.150002,63.34,61.766773,5500,0.0,1.0
2017-09-07,63.43,63.724998,63.43,63.720001,62.137341000000006,11800,0.0,1.0
2017-09-08,63.77,63.959998999999996,63.700001,63.759997999999996,62.176342000000005,19900,0.0,1.0
2017-09-11,64.139999,64.27600100000001,63.970001,63.970001,62.381126,10200,0.0,1.0
2017-09-12,64.160004,64.309998,64.148003,64.20500200000001,62.610293999999996,12300,0.0,1.0
2017-09-13,64.150002,64.260002,63.84,63.849998,62.264111,10900,0.0,1.0
2017-09-14,63.740002000000004,64.139999,63.740002000000004,64.139999,62.54690600000001,10800,0.0,1.0
2017-09-15,64.150002,64.300003,64.043999,64.16999799999999,62.576159999999994,11000,0.0,1.0
2017-09-18,64.050003,64.489998,64.050003,64.23200200000001,62.636623,32200,0.0,1.0
2017-09-19,64.389999,64.83000200000001,64.389999,64.68,63.073498,8300,0.0,1.0
2017-09-20,64.66999799999999,64.66999799999999,63.68,64.209999,62.615166,85000,0.0,1.0
2017-09-21,64.089996,64.160004,63.903,64.099998,62.587830000000004,7400,0.08199999999999999,1.0
2017-09-22,64.43,64.510002,64.32,64.360001,62.841698,21100,0.0,1.0
2017-09-25,64.199997,64.199997,63.73,63.73,62.226555000000005,9200,0.0,1.0
2017-09-26,63.59,63.689999,63.445,63.630001,62.128918000000006,10000,0.0,1.0
2017-09-27,63.580002,64.0,63.580002,63.599998,62.099625,36900,0.0,1.0
2017-09-28,63.939999,64.190002,63.830002,64.110001,62.597595,17000,0.0,1.0
2017-09-29,64.230003,64.599998,64.230003,64.599998,63.076035,9000,0.0,1.0
2017-10-02,64.150002,64.489998,64.150002,64.459999,62.939339000000004,6300,0.0,1.0
2017-10-03,64.699997,64.699997,64.449997,64.654999,63.129738,11700,0.0,1.0
2017-10-04,64.410004,64.599998,64.410004,64.41999799999999,62.900276,5300,0.0,1.0
2017-10-05,64.25,64.519997,64.195,64.33000200000001,62.812408,7000,0.0,1.0
2017-10-06,63.950001,64.18,63.790001000000004,64.150002,62.63665,10200,0.0,1.0
2017-10-09,64.25,64.43,64.139999,64.263,62.746986,1400,0.0,1.0
2017-10-10,64.599998,65.099998,64.599998,65.040001,63.50565699999999,6700,0.0,1.0
2017-10-11,65.239998,65.370003,65.099998,65.32,63.779053000000005,14000,0.0,1.0
2017-10-12,65.349998,65.410004,65.100998,65.100998,63.565212,8500,0.0,1.0
2017-10-13,65.57,65.629997,65.348,65.360001,63.818111,23200,0.0,1.0
2017-10-16,65.16999799999999,65.277,65.001999,65.129997,63.593525,42300,0.0,1.0
2017-10-17,64.889999,65.029999,64.639999,64.809998,63.281078,15100,0.0,1.0
2017-10-18,65.110001,65.230003,65.010002,65.18,63.642353,49200,0.0,1.0
2017-10-19,64.58000200000001,64.82,64.58000200000001,64.760002,63.232257999999995,19900,0.0,1.0
2017-10-20,64.889999,64.949997,64.779999,64.83000200000001,63.30061,19600,0.0,1.0
2017-10-23,64.690002,64.889999,64.620003,64.620003,63.095562,27200,0.0,1.0
2017-10-24,64.730003,64.889999,64.709999,64.790001,63.261555,35900,0.0,1.0
2017-10-25,65.290001,65.290001,64.599998,64.83000200000001,63.30061,29800,0.0,1.0
2017-10-26,65.029999,65.190002,64.957001,64.957001,63.424614,11400,0.0,1.0
2017-10-27,64.629997,64.769997,64.470001,64.760002,63.232257999999995,10100,0.0,1.0
2017-10-30,64.93,65.139999,64.93,65.0,63.466602,8700,0.0,1.0
2017-10-31,65.370003,65.58000200000001,65.089996,65.349998,63.808342,11900,0.0,1.0
2017-11-01,65.730003,65.870003,65.489998,65.489998,63.945038000000004,10500,0.0,1.0
2017-11-02,65.349998,65.509003,65.235001,65.449997,63.905979,6600,0.0,1.0
2017-11-03,65.25,65.25,64.989998,65.150002,63.61306,7700,0.0,1.0
2017-11-06,65.129997,65.400002,65.009003,65.389999,63.847389,8000,0.0,1.0
2017-11-07,65.07,65.16999799999999,64.760002,64.760002,63.232257999999995,19500,0.0,1.0
2017-11-08,64.550003,64.910004,64.449997,64.889999,63.35919200000001,31300,0.0,1.0
2017-11-09,64.059998,64.33000200000001,63.82,63.939999,62.431602000000005,34100,0.0,1.0
2017-11-10,64.040001,64.279999,63.950001,63.990002000000004,62.480427,76700,0.0,1.0
2017-11-13,63.380001,63.740002000000004,63.119999,63.736,62.232418,11400,0.0,1.0
2017-11-14,63.84,64.029999,63.620998,63.873001,62.366184,5700,0.0,1.0
2017-11-15,63.459998999999996,63.709998999999996,63.240002000000004,63.639998999999996,62.13868000000001,6400,0.0,1.0
2017-11-16,63.849998,64.068001,63.700001,64.040001,62.529247,10200,0.0,1.0
2017-11-17,63.709998999999996,63.959998999999996,63.529999,63.66,62.158207,14700,0.0,1.0
2017-11-20,63.990002000000004,63.990002000000004,63.908001,63.91,62.402313,2000,0.0,1.0
2017-11-21,64.16999799999999,64.540001,64.16999799999999,64.32,62.802639,20300,0.0,1.0
2017-11-22,64.550003,68.449997,64.18,64.57,63.046738,20300,0.0,1.0
2017-11-24,64.910004,65.190002,64.910004,64.980003,63.447075,2800,0.0,1.0
2017-11-27,64.769997,64.814003,64.41999799999999,64.489998,62.968624,8800,0.0,1.0
2017-11-28,64.510002,64.540001,64.379997,64.519997,62.997921,20000,0.0,1.0
2017-11-29,64.809998,64.809998,64.199997,64.400002,62.880756000000005,20800,0.0,1.0
2017-11-30,64.860001,64.945999,64.470001,64.58000200000001,63.056511,28300,0.0,1.0
2017-12-01,64.519997,64.519997,64.129997,64.480003,62.95887,7700,0.0,1.0
2017-12-04,64.809998,64.809998,64.25,64.25,62.734291000000006,6300,0.0,1.0
2017-12-05,64.160004,64.5,64.158997,64.16999799999999,62.656178000000004,17100,0.0,1.0
2017-12-06,63.939999,64.160004,63.91,64.0,62.490185,23700,0.0,1.0
2017-12-07,63.830002,64.08899699999999,63.816002000000005,64.004997,62.495070999999996,6800,0.0,1.0
2017-12-08,64.360001,64.43,64.204002,64.400002,62.880756000000005,6500,0.0,1.0
2017-12-11,64.59899899999999,64.59899899999999,64.260002,64.339996,62.822166,11000,0.0,1.0
2017-12-12,64.489998,64.660004,64.41999799999999,64.510002,62.988163,12300,0.0,1.0
2017-12-13,64.66999799999999,64.747002,64.5,64.610001,63.0858,9500,0.0,1.0
2017-12-14,64.709999,64.720001,64.199997,64.23200200000001,62.716717,12900,0.0,1.0
2017-12-15,64.269997,64.339996,64.0,64.050003,62.539009,12200,0.0,1.0
2017-12-18,65.209999,65.209999,64.900002,64.900002,63.368961,11400,0.0,1.0
2017-12-19,65.120003,65.288002,64.900002,65.239998,63.700931999999995,6200,0.0,1.0
2017-12-20,65.260002,65.260002,64.736,64.949997,63.417774,20900,0.0,1.0
2017-12-21,64.962997,65.120003,64.940002,64.989998,63.565464,8100,0.111,1.0
2017-12-22,64.980003,65.059998,64.68,65.059998,63.633926,7100,0.0,1.0
2017-12-26,65.120003,65.190002,64.800003,64.800003,63.379631,34300,0.0,1.0
2017-12-27,64.91999799999999,65.190002,64.91999799999999,65.129997,63.70239300000001,12000,0.0,1.0
2017-12-28,65.427002,65.427002,65.16999799999999,65.307999,63.876495,3700,0.0,1.0
2017-12-29,65.559998,65.58000200000001,65.260002,65.347,63.914639,7700,0.0,1.0
2018-01-02,65.300003,65.849998,65.300003,65.730003,64.28924599999999,9200,0.0,1.0
2018-01-03,66.002998,66.230003,65.860001,66.199997,64.748947,10800,0.0,1.0
2018-01-04,66.82,67.110001,66.82,66.889999,65.42381999999999,10700,0.0,1.0
2018-01-05,67.300003,67.529999,67.209999,67.529999,66.049797,14100,0.0,1.0
2018-01-08,67.160004,67.300003,67.139999,67.239998,65.766144,8500,0.0,1.0
2018-01-09,67.300003,67.5,67.220001,67.489998,66.01065799999999,15200,0.0,1.0
2018-01-10,67.43,67.459999,67.18,67.349998,65.873734,11800,0.0,1.0
2018-01-11,67.870003,67.959999,67.70500200000001,67.949997,66.46057900000001,12400,0.0,1.0
2018-01-12,68.230003,68.690002,68.230003,68.629997,67.125679,20500,0.0,1.0
2018-01-16,68.809998,69.019997,68.559998,68.57,67.066994,12200,0.0,1.0
2018-01-17,68.839996,69.370003,68.839996,69.050003,67.53647600000001,14700,0.0,1.0
2018-01-18,69.239998,69.279999,68.95500200000001,69.220001,67.702751,9400,0.0,1.0
2018-01-19,69.730003,69.730003,69.370003,69.559998,68.035294,11100,0.0,1.0
2018-01-22,69.630997,69.910004,69.564003,69.900002,68.36784399999999,15100,0.0,1.0
2018-01-23,69.690002,70.0,69.690002,69.92600300000001,68.393272,6600,0.0,1.0
2018-01-24,70.239998,70.459999,69.947998,70.160004,68.622139,12700,0.0,1.0
2018-01-25,70.370003,70.370003,69.75,69.805,68.274925,10000,0.0,1.0
2018-01-26,70.41999799999999,70.58000200000001,70.214996,70.57,69.023155,19000,0.0,1.0
2018-01-29,69.900002,70.040001,69.66999799999999,69.790001,68.260262,17300,0.0,1.0
2018-01-30,69.83000200000001,69.83000200000001,69.25,69.43,67.908142,13000,0.0,1.0
2018-01-31,69.554001,69.91999799999999,69.289001,69.550003,68.02552,10100,0.0,1.0
2018-02-01,69.58000200000001,69.91999799999999,69.559998,69.739998,68.211349,15000,0.0,1.0
2018-02-02,68.739998,68.849998,68.0,68.040001,66.54860699999999,19600,0.0,1.0
2018-02-05,67.139999,67.300003,65.0,65.199997,63.770855000000005,54300,0.0,1.0
2018-02-06,65.510002,66.480003,65.149002,66.480003,65.022812,93300,0.0,1.0
2018-02-07,66.220001,66.550003,65.584,65.620003,64.181656,51800,0.0,1.0
2018-02-08,65.364998,65.391998,63.939999,63.98,62.577602,25600,0.0,1.0
2018-02-09,63.950001,64.099998,62.59,64.099998,62.694977,16300,0.0,1.0
2018-02-12,64.654999,65.129997,64.550003,65.050003,63.624153,12400,0.0,1.0
2018-02-13,64.839996,65.120003,64.75,65.029999,63.604588,4400,0.0,1.0
2018-02-14,64.559998,66.440002,64.559998,66.440002,64.983681,24500,0.0,1.0
2018-02-15,66.58000200000001,67.010002,66.480003,66.889999,65.42381999999999,32600,0.0,1.0
2018-02-16,67.110001,67.339996,66.82,67.220001,65.74658199999999,17900,0.0,1.0
2018-02-20,66.370003,66.75,66.300003,66.300003,64.846748,8100,0.0,1.0
2018-02-21,66.610001,66.954002,66.110001,66.110001,64.66091899999999,4300,0.0,1.0
2018-02-22,66.150002,66.629997,66.029999,66.389999,64.934784,5800,0.0,1.0
2018-02-23,66.43,66.849998,66.43,66.849998,65.384697,16000,0.0,1.0
2018-02-26,67.190002,67.300003,66.833,67.290001,65.81505600000001,6300,0.0,1.0
2018-02-27,66.940002,66.989998,66.290001,66.32,64.866318,13100,0.0,1.0
2018-02-28,66.339996,66.459999,65.57,65.589996,64.152313,7000,0.0,1.0
2018-03-01,65.110001,65.400002,64.209999,64.75,63.33073,8600,0.0,1.0
2018-03-02,64.16999799999999,64.610001,64.099998,64.610001,63.193794,16000,0.0,1.0
2018-03-05,64.389999,65.129997,64.389999,65.129997,63.70239300000001,8800,0.0,1.0
2018-03-06,65.510002,65.790001,65.510002,65.720001,64.279465,7800,0.0,1.0
2018-03-07,65.440002,65.980003,65.440002,65.959999,64.514206,4200,0.0,1.0
2018-03-08,66.18,66.230003,65.699997,65.872002,64.428139,471900,0.0,1.0
2018-03-09,66.129997,66.410004,66.110001,66.389999,64.934784,5000,0.0,1.0
2018-03-12,66.709999,66.709999,66.239998,66.470001,65.01303100000001,9500,0.0,1.0
2018-03-13,66.709999,67.0,65.850998,65.910004,64.46530200000001,27300,0.0,1.0
2018-03-14,66.620003,66.620003,65.90100100000001,66.260002,64.807632,13700,0.0,1.0
2018-03-15,66.360001,66.550003,66.139999,66.190002,64.739166,7200,0.0,1.0
2018-03-16,66.099998,66.377998,66.087997,66.239998,64.788063,7900,0.0,1.0
2018-03-19,65.91999799999999,66.029999,65.519997,65.82,64.377274,11500,0.0,1.0
2018-03-20,65.550003,66.08000200000001,65.550003,65.800003,64.357712,13600,0.0,1.0
2018-03-21,65.900002,66.305,65.730003,66.305,64.851639,47600,0.0,1.0
2018-03-22,65.059998,65.190002,64.650002,64.66999799999999,63.347061,4400,0.099,1.0
2018-03-23,64.849998,64.849998,64.199997,64.279999,62.965038,5500,0.0,1.0
2018-03-26,65.120003,65.190002,64.43,65.167999,63.834877,6300,0.0,1.0
2018-03-27,65.0,65.379997,64.68,64.68,63.356861,10100,0.0,1.0
2018-03-28,64.320999,64.900002,64.320999,64.440002,63.121773,45700,0.0,1.0
2018-03-29,64.70500200000001,65.059998,64.629997,65.029999,63.699695999999996,16500,0.0,1.0
2018-04-02,64.66999799999999,64.900002,63.900002,64.160004,62.8475,8200,0.0,1.0
2018-04-03,64.610001,64.610001,64.25,64.529999,63.209927,6000,0.0,1.0
2018-04-04,63.560001,64.371002,63.560001,64.346001,63.02969,11700,0.0,1.0
2018-04-05,65.300003,65.359001,65.110001,65.332001,63.995518000000004,9200,0.0,1.0
2018-04-06,65.540001,65.540001,64.93,64.93,63.601746,2100,0.0,1.0
2018-04-09,65.519997,65.739998,65.279999,65.622002,64.27959399999999,1500,0.0,1.0
2018-04-10,66.43,66.639999,66.21399699999999,66.599998,65.237579,7700,0.0,1.0
2018-04-11,66.18,66.480003,66.089996,66.089996,64.738014,4300,0.0,1.0
2018-04-12,66.32,66.639999,66.32,66.610001,65.247383,5100,0.0,1.0
2018-04-13,66.584999,66.709999,66.5,66.5,65.13963299999999,2300,0.0,1.0
2018-04-16,66.790001,66.800003,66.66999799999999,66.738998,65.373734,3300,0.0,1.0
2018-04-17,67.260002,67.349998,67.20500200000001,67.290001,65.913467,3900,0.0,1.0
2018-04-18,67.650002,67.790001,67.58000200000001,67.679001,66.29451800000001,27000,0.0,1.0
2018-04-19,67.510002,67.510002,67.139999,67.324997,65.947746,6200,0.0,1.0
2018-04-20,66.660004,66.815002,66.542,66.730003,65.36492199999999,6000,0.0,1.0
2018-04-23,66.489998,66.66999799999999,66.269997,66.505997,65.1455,7000,0.0,1.0
2018-04-24,66.68,70.016998,66.103996,66.119003,64.766426,4500,0.0,1.0
2018-04-25,65.610001,65.904999,65.398003,65.904999,64.55680100000001,6100,0.0,1.0
2018-04-26,66.099998,66.209999,65.91999799999999,66.209999,64.85556,3000,0.0,1.0
2018-04-27,66.121002,66.25,66.039001,66.25,64.894745,9700,0.0,1.0
2018-04-30,65.91999799999999,66.033997,65.800003,65.824997,64.478432,3700,0.0,1.0
2018-05-01,65.190002,65.339996,65.040001,65.269997,63.934788,8600,0.0,1.0
2018-05-02,65.790001,65.985001,65.761002,65.985001,64.635162,2900,0.0,1.0
2018-05-03,65.779999,65.940002,65.390999,65.841003,64.494118,5600,0.0,1.0
2018-05-04,65.399002,66.099998,65.399002,66.099998,64.747803,7000,0.0,1.0
2018-05-07,66.099998,66.099998,65.971001,66.099998,64.747803,1400,0.0,1.0
2018-05-08,65.949997,66.019997,65.760002,66.015999,64.665527,46000,0.0,1.0
2018-05-09,66.16999799999999,66.650002,66.16999799999999,66.643997,65.28067800000001,29100,0.0,1.0
2018-05-10,66.66999799999999,66.949997,66.489998,66.769997,65.404106,10100,0.0,1.0
2018-05-11,67.25,67.529999,67.08000200000001,67.089996,65.717552,20500,0.0,1.0
2018-05-14,67.459999,67.459999,67.16999799999999,67.18,65.805717,6000,0.0,1.0
2018-05-15,66.709999,66.942001,66.41999799999999,66.889999,65.52164499999999,3600,0.0,1.0
2018-05-16,66.839996,66.969002,66.599998,66.949997,65.580421,5200,0.0,1.0
2018-05-17,66.91999799999999,67.092003,66.75,66.889999,65.52164499999999,2600,0.0,1.0
2018-05-18,66.970001,66.970001,66.82,66.889999,65.52164499999999,4600,0.0,1.0
2018-05-21,67.300003,67.300003,67.050003,67.290001,65.913467,3600,0.0,1.0
2018-05-22,67.550003,67.57,67.29499799999999,67.29499799999999,65.91836500000001,4700,0.0,1.0
2018-05-23,66.08000200000001,66.239998,65.879997,66.175003,64.821281,17400,0.0,1.0
2018-05-24,66.160004,66.230003,65.739998,66.067001,64.715485,3800,0.0,1.0
2018-05-25,65.660004,65.730003,65.5,65.68,64.336403,4300,0.0,1.0
2018-05-29,64.349998,64.5,63.691002000000005,63.691002000000005,62.38809200000001,7200,0.0,1.0
2018-05-30,64.733002,65.190002,64.490997,65.084999,63.753570999999994,5600,0.0,1.0
2018-05-31,65.18,65.349998,64.878998,65.059998,63.729084,4000,0.0,1.0
2018-06-01,65.370003,65.629997,65.305,65.510002,64.169884,10600,0.0,1.0
2018-06-04,65.959999,65.959999,65.699997,65.699997,64.355988,110900,0.0,1.0
2018-06-05,65.769997,65.910004,65.489998,65.65100100000001,64.307999,73000,0.0,1.0
2018-06-06,66.0,66.502998,65.730003,66.393997,65.03578900000001,17000,0.0,1.0
2018-06-07,66.428001,66.550003,65.870003,66.010002,64.659653,11900,0.0,1.0
2018-06-08,65.75,66.0,65.599998,66.0,64.649857,9000,0.0,1.0
2018-06-11,66.230003,66.565002,66.230003,66.529999,65.169014,15900,0.0,1.0
2018-06-12,66.250999,66.375,66.027,66.027,64.6763,12000,0.0,1.0
2018-06-13,66.5,66.540001,66.290001,66.514999,65.15432,3800,0.0,1.0
2018-06-14,66.540001,66.559998,66.464996,66.470001,65.11024499999999,5700,0.0,1.0
2018-06-15,65.940002,65.940002,65.720001,65.886002,64.538193,3900,0.0,1.0
2018-06-18,65.040001,65.364998,65.004997,65.230003,63.895607,33700,0.0,1.0
2018-06-19,64.18,64.589996,64.010002,64.459999,63.14135699999999,19400,0.0,1.0
2018-06-20,64.474998,64.533997,64.389999,64.410004,63.092388,9200,0.0,1.0
2018-06-21,63.150002,63.150002,62.721001,62.75,62.484958999999996,10600,1.05,1.0
2018-06-22,63.689999,63.724998,63.200001,63.605,63.336346,7600,0.0,1.0
2018-06-25,62.880001,62.880001,62.300999,62.48,62.216099,7400,0.0,1.0
2018-06-26,62.540001000000004,62.549999,62.16,62.43,62.166309,196000,0.0,1.0
2018-06-27,62.828998999999996,62.828998999999996,61.810001,61.869999,61.608672999999996,117800,0.0,1.0
2018-06-28,61.43,61.77,61.299999,61.77,61.509098,38300,0.0,1.0
2018-06-29,62.77,62.93,62.459998999999996,62.560001,62.295761,19600,0.0,1.0
2018-07-02,61.709998999999996,61.880001,61.540001000000004,61.869999,61.608672999999996,18200,0.0,1.0
2018-07-03,62.549999,62.630001,62.299999,62.299999,62.036857999999995,5100,0.0,1.0
2018-07-05,63.130001,63.16,62.831001,63.119999,62.853393999999994,9000,0.0,1.0
2018-07-06,62.970001,63.43,62.970001,63.415001000000004,63.147152,7500,0.0,1.0
2018-07-09,64.019997,64.019997,63.779999,63.93,63.659977000000005,3700,0.0,1.0
2018-07-10,64.360001,64.41999799999999,64.220001,64.410004,64.137955,5600,0.0,1.0
2018-07-11,63.669998,63.68,62.981998,63.200001,62.93306,8500,0.0,1.0
2018-07-12,63.580002,63.837002000000005,63.580002,63.73,63.460818999999994,11600,0.0,1.0
2018-07-13,63.459998999999996,63.84,63.459998999999996,63.740002000000004,63.470779,7100,0.0,1.0
2018-07-16,63.75,63.880001,63.700001,63.805,63.535503000000006,6400,0.0,1.0
2018-07-17,63.790001000000004,64.091003,63.790001000000004,64.091003,63.820297,1300,0.0,1.0
2018-07-18,64.21399699999999,64.379997,64.190002,64.379997,64.10807,5200,0.0,1.0
2018-07-19,63.93,63.93,63.709998999999996,63.886002000000005,63.616161,5100,0.0,1.0
2018-07-20,64.0,64.29499799999999,64.0,64.199997,63.928833,4100,0.0,1.0
2018-07-23,63.919998,64.16999799999999,63.919998,64.08000200000001,63.809341,3900,0.0,1.0
2018-07-24,64.690002,64.839996,64.510002,64.529999,64.257439,2500,0.0,1.0
2018-07-25,64.529999,64.529999,64.150002,64.487999,64.215614,3900,0.0,1.0
2018-07-26,64.650002,64.790001,64.459999,64.459999,64.187737,3700,0.0,1.0
2018-07-27,64.91999799999999,64.91999799999999,64.470001,64.547997,64.27535999999999,8400,0.0,1.0
2018-07-30,65.014999,65.061996,64.699997,64.849998,64.576088,2400,0.0,1.0
2018-07-31,65.160004,65.160004,64.864998,64.940002,64.66571,16300,0.0,1.0
2018-08-01,64.690002,64.690002,64.459999,64.464996,64.192711,7500,0.0,1.0
2018-08-02,63.869999,64.08000200000001,63.709998999999996,64.08000200000001,63.809341,4800,0.0,1.0
2018-08-03,64.019997,64.16999799999999,63.991001000000004,64.084999,63.814319999999995,2200,0.0,1.0
2018-08-06,63.91,64.089996,63.66,64.089996,63.81929399999999,5600,0.0,1.0
2018-08-07,64.620003,64.620003,64.33000200000001,64.33000200000001,64.058289,2200,0.0,1.0
2018-08-08,64.239998,64.25700400000001,63.98,64.190002,63.91888,12600,0.0,1.0
2018-08-09,64.309998,64.309998,64.033997,64.033997,63.76353100000001,4300,0.0,1.0
2018-08-10,62.759997999999996,62.759997999999996,62.43,62.5,62.236015,5900,0.0,1.0
2018-08-13,62.66,62.689999,62.352001,62.575001,62.310699,4700,0.0,1.0
2018-08-14,62.542999,62.602001,62.321999,62.5,62.236015,15000,0.0,1.0
2018-08-15,61.419998,61.419998,60.790001000000004,60.980999,60.723431000000005,29900,0.0,1.0
2018-08-16,61.709998999999996,61.93,61.630001,61.650002,61.38960600000001,67200,0.0,1.0
2018-08-17,61.52,62.148998,61.52,62.02,61.758041000000006,26400,0.0,1.0
2018-08-20,62.419998,62.59,62.380001,62.400002,62.13644,19600,0.0,1.0
2018-08-21,63.18,63.330002,62.98,63.169998,62.903183,37200,0.0,1.0
2018-08-22,63.48,63.509997999999996,63.349998,63.349998,63.082423999999996,4400,0.0,1.0
2018-08-23,63.400002,63.400002,63.009997999999996,63.025002,62.758801,7500,0.0,1.0
2018-08-24,63.493999,63.740002000000004,63.493999,63.660999,63.392109,2300,0.0,1.0
2018-08-27,64.220001,64.529999,64.220001,64.529999,64.257439,3800,0.0,1.0
2018-08-28,64.68,64.730003,64.5,64.629997,64.35701800000001,128900,0.0,1.0
2018-08-29,64.589996,64.922997,64.589996,64.839996,64.566124,5800,0.0,1.0
2018-08-30,64.593002,64.68,64.25,64.379997,64.10807,1300,0.0,1.0
2018-08-31,63.900002,64.025002,63.509997999999996,63.689999,63.420986,10800,0.0,1.0
2018-09-04,62.880001,63.16,62.790001000000004,63.105,62.838459,22600,0.0,1.0
2018-09-05,62.919998,62.919998,62.299999,62.43,62.166309,31200,0.0,1.0
2018-09-06,62.419998,62.470001,62.060001,62.200001,61.937282999999994,137300,0.0,1.0
2018-09-07,61.610001000000004,61.974998,61.610001000000004,61.93,61.668423,45800,0.0,1.0
2018-09-10,62.389998999999996,62.508998999999996,62.310001,62.459998999999996,62.19618199999999,12800,0.0,1.0
2018-09-11,62.18,62.59,62.169998,62.43,62.166309,18500,0.0,1.0
2018-09-12,62.830002,63.146999,62.807999,62.890999,62.625362,2600,0.0,1.0
2018-09-13,63.389998999999996,63.389998999999996,63.012001,63.214001,62.946999,9400,0.0,1.0
2018-09-14,62.976002,63.029999,62.681999,62.77,62.77,6600,0.267,1.0
2018-09-17,63.169998,63.169998,62.945,62.945,62.945,2500,0.0,1.0
2018-09-18,63.029999,63.165001000000004,63.02,63.097,63.097,14400,0.0,1.0
2018-09-19,63.290001000000004,63.290001000000004,63.195,63.200001,63.200001,2400,0.0,1.0
2018-09-20,64.07,64.196999,63.939999,64.160004,64.160004,7000,0.0,1.0
2018-09-21,64.220001,64.25,64.05100300000001,64.165001,64.165001,6400,0.0,1.0
2018-09-24,64.172997,64.172997,64.0,64.072998,64.072998,1700,0.0,1.0
2018-09-25,64.559998,64.66999799999999,64.379997,64.480003,64.480003,14100,0.0,1.0
2018-09-26,64.260002,64.660004,64.260002,64.449997,64.449997,7400,0.0,1.0
2018-09-27,64.129997,64.370003,64.010002,64.010002,64.010002,3400,0.0,1.0
2018-09-28,63.290001000000004,63.555,63.27,63.279999,63.279999,5300,0.0,1.0
2018-10-01,63.41,63.509997999999996,63.32,63.5,63.5,9600,0.0,1.0
2018-10-02,62.900002,63.178001,62.900002,63.152,63.152,2500,0.0,1.0
2018-10-03,63.130001,63.439999,63.062,63.220001,63.220001,4300,0.0,1.0
2018-10-04,62.470001,62.470001,61.700001,61.965,61.965,153300,0.0,1.0
2018-10-05,61.513,61.540001000000004,61.07,61.27,61.27,21600,0.0,1.0
2018-10-08,60.23,60.580002,60.060001,60.580002,60.580002,10300,0.0,1.0
2018-10-09,60.57,60.68,60.355999,60.66,60.66,7700,0.0,1.0
2018-10-10,59.799999,59.799999,58.5,58.580002,58.580002,12400,0.0,1.0
2018-10-11,58.59,58.59,57.599998,57.68,57.68,52700,0.0,1.0
