date,Open,High,Low,Close,Adj Close,Volume,Dividends,Stock Splits
2017-10-27,49.990002000000004,50.009997999999996,49.98,50.009997999999996,48.772957,4000,0.0,1.0
2017-10-30,50.101002,50.16,50.080002,50.139998999999996,48.899734,4600,0.0,1.0
2017-10-31,50.169998,50.169998,50.119999,50.130001,48.889984000000005,5300,0.0,1.0
2017-11-01,50.18,50.23,50.18,50.23,48.987507,251400,0.0,1.0
2017-11-02,50.23,50.25,50.189999,50.23,48.987507,4800,0.0,1.0
2017-11-03,50.25,50.279999,50.209998999999996,50.25,49.007019,19700,0.0,1.0
2017-11-06,50.259997999999996,50.290001000000004,50.238997999999995,50.259997999999996,49.016773,8900,0.0,1.0
2017-11-07,50.259997999999996,50.27,50.240002000000004,50.240002000000004,48.997269,3900,0.0,1.0
2017-11-08,50.23,50.23,50.169998,50.189999,48.948509,4500,0.0,1.0
2017-11-09,50.139998999999996,50.16,50.131001,50.16,48.919247,2800,0.0,1.0
2017-11-10,50.07,50.07,50.0,50.0,48.763195,1700,0.0,1.0
2017-11-13,50.029999,50.029999,49.98,49.98,48.743702,3200,0.0,1.0
2017-11-14,50.029999,50.029999,50.0,50.02,48.782711,53800,0.0,1.0
2017-11-15,50.060001,50.099998,50.060001,50.099998,48.860729,2600,0.0,1.0
2017-11-16,50.130001,50.130001,50.110001000000004,50.110001000000004,48.870487,2300,0.0,1.0
2017-11-17,50.169998,50.169998,50.130001,50.150002,48.9095,2200,0.0,1.0
2017-11-20,50.110001000000004,50.110001000000004,50.080002,50.099998,48.860729,2300,0.0,1.0
2017-11-21,50.169998,50.169998,50.130001,50.169998,48.929001,2600,0.0,1.0
2017-11-22,50.07,50.16,50.07,50.16,49.014992,2000,0.098,1.0
2017-11-24,50.189999,50.200001,50.16,50.169998,49.024761,1700,0.0,1.0
2017-11-27,50.200001,50.200001,50.16,50.189999,49.044308,2300,0.0,1.0
2017-11-28,50.290001000000004,50.290001000000004,50.25,50.25,49.102936,4100,0.0,1.0
2017-11-29,50.130001,50.139998999999996,50.110001000000004,50.130001,48.985676,3100,0.0,1.0
2017-11-30,50.139998999999996,50.139998999999996,50.02,50.060001,48.917274,4400,0.0,1.0
2017-12-01,50.110001000000004,50.189999,50.099998,50.145,49.000336,3000,0.0,1.0
2017-12-04,50.110001000000004,50.16,50.099998,50.16,49.014992,14900,0.0,1.0
2017-12-05,50.119999,50.200001,50.119999,50.189999,49.044308,12300,0.0,1.0
2017-12-06,50.27,50.279999,50.259997999999996,50.259997999999996,49.112705,2200,0.0,1.0
2017-12-07,50.279999,50.279999,50.18,50.209998999999996,49.063843,53600,0.0,1.0
2017-12-08,50.209998999999996,50.209998999999996,50.150002,50.18,49.034534,233700,0.0,1.0
2017-12-11,50.23,50.240002000000004,50.189999,50.189999,49.044308,2500,0.0,1.0
2017-12-12,50.150002,50.16,50.119999,50.139998999999996,48.995441,2300,0.0,1.0
2017-12-13,50.209998999999996,50.279999,50.144001,50.279999,49.132252,4800,0.0,1.0
2017-12-14,50.23,50.299999,50.23,50.27,49.122482,6700,0.0,1.0
2017-12-15,50.25,50.290001000000004,50.189999,50.279999,49.132252,3100,0.0,1.0
2017-12-18,50.220001,50.220001,50.139998999999996,50.139998999999996,49.105808,3800,0.113,1.0
2017-12-19,50.060001,50.060001,49.93,49.970001,48.939316,7700,0.0,1.0
2017-12-20,50.0,50.009997999999996,50.0,50.009997999999996,48.978489,2100,0.0,1.0
2017-12-21,50.02,50.049999,49.98,50.040001000000004,49.007874,3400,0.0,1.0
2017-12-22,50.02,50.02,49.988997999999995,50.009997999999996,48.978489,2500,0.0,1.0
2017-12-26,49.959998999999996,50.07,49.959998999999996,50.060001,49.027462,2800,0.0,1.0
2017-12-27,50.099998,50.169998,50.099998,50.169998,49.135189000000004,4700,0.0,1.0
2017-12-28,50.16,50.169998,50.119999,50.119999,49.086216,3500,0.0,1.0
2017-12-29,50.130001,50.209998999999996,50.130001,50.189999,49.154778,3100,0.0,1.0
2018-01-02,50.169998,50.169998,50.040001000000004,50.110001000000004,49.076431,5100,0.0,1.0
2018-01-03,50.150002,50.18,50.139998999999996,50.18,49.144981,10500,0.0,1.0
2018-01-04,50.119999,50.18,50.09,50.18,49.144981,8400,0.0,1.0
2018-01-05,50.02,50.02,49.959998999999996,49.98,48.949112,4300,0.0,1.0
2018-01-08,50.02,50.02,49.938999,49.970001,48.939316,9200,0.0,1.0
2018-01-09,49.93,49.93,49.82,49.82,48.792408,104500,0.0,1.0
2018-01-10,49.73,49.82,49.73,49.82,48.792408,3600,0.0,1.0
2018-01-11,49.82,49.889998999999996,49.82,49.869999,48.841377,4500,0.0,1.0
2018-01-12,49.790001000000004,49.849998,49.790001000000004,49.84,48.811996,4200,0.0,1.0
2018-01-16,49.919998,49.919998,49.830002,49.869999,48.841377,3200,0.0,1.0
2018-01-17,49.790001000000004,49.82,49.77,49.77,48.743439,7800,0.0,1.0
2018-01-18,49.68,49.700001,49.66,49.669998,48.645496,104300,0.0,1.0
2018-01-19,49.610001000000004,49.639998999999996,49.544998,49.544998,48.523078999999996,2900,0.0,1.0
2018-01-22,49.59,49.630001,49.560001,49.57,48.547565000000006,5500,0.0,1.0
2018-01-23,49.68,49.73,49.68,49.73,48.704262,2600,0.0,1.0
2018-01-24,49.650002,49.650002,49.610001000000004,49.619999,48.655239,104800,0.06,1.0
2018-01-25,49.619999,49.720001,49.59,49.720001,48.753296,5900,0.0,1.0
2018-01-26,49.630001,49.630001,49.619999,49.630001,48.665039,2200,0.0,1.0
2018-01-29,49.52,49.57,49.490002000000004,49.560001,48.596405,8100,0.0,1.0
2018-01-30,49.52,49.529999,49.459998999999996,49.459998999999996,48.498352000000004,103200,0.0,1.0
2018-01-31,49.549999,49.59,49.52,49.52,48.557178,2400,0.0,1.0
2018-02-01,49.48,49.48,49.380001,49.389998999999996,48.42971,2800,0.0,1.0
2018-02-02,49.259997999999996,49.290001000000004,49.189999,49.189999,48.233601,3200,0.0,1.0
2018-02-05,49.119999,49.34,49.119999,49.34,48.38068,2500,0.0,1.0
2018-02-06,49.209998999999996,49.240002000000004,49.169998,49.23,48.272822999999995,110400,0.0,1.0
2018-02-07,49.290001000000004,49.290001000000004,49.029999,49.029999,48.076702000000004,1300,0.0,1.0
2018-02-08,49.0,49.060001,48.98,48.990002000000004,48.037487,14900,0.0,1.0
2018-02-09,48.91,49.0,48.91,48.990002000000004,48.037487,2200,0.0,1.0
2018-02-12,49.009997999999996,49.02,48.91,49.009997999999996,48.057095000000004,11100,0.0,1.0
2018-02-13,48.959998999999996,49.009997999999996,48.950001,49.009997999999996,48.057095000000004,104100,0.0,1.0
2018-02-14,48.790001000000004,48.869999,48.759997999999996,48.790001000000004,47.841377,5700,0.0,1.0
2018-02-15,48.872002,48.91,48.872002,48.889998999999996,47.939434000000006,29900,0.0,1.0
2018-02-16,48.939999,49.049999,48.939999,49.02,48.066897999999995,8500,0.0,1.0
2018-02-20,48.950001,48.950001,48.869999,48.869999,47.919815,102200,0.0,1.0
2018-02-21,48.869999,48.869999,48.75,48.75,47.894268,4600,0.094,1.0
2018-02-22,48.799999,48.799999,48.799999,48.799999,47.943394,200,0.0,1.0
2018-02-23,48.849998,48.98,48.830002,48.970001,48.110413,42300,0.0,1.0
2018-02-26,49.049999,49.080002,48.993,49.009997999999996,48.149708000000004,2700,0.0,1.0
2018-02-27,49.029999,49.029999,48.779999,48.880001,48.021999,5300,0.0,1.0
2018-02-28,48.919998,48.950001,48.919998,48.950001,48.090763,400,0.0,1.0
2018-03-01,48.939999,49.040001000000004,48.939999,49.029999,48.169357,131400,0.0,1.0
2018-03-02,48.895,48.895,48.895,48.895,48.036732,1200,0.0,1.0
2018-03-05,48.895,48.895,48.895,48.895,48.036732,0,0.0,1.0
2018-03-06,48.919998,48.919998,48.860001000000004,48.860001000000004,48.002346,107500,0.0,1.0
2018-03-07,48.869999,48.880001,48.82,48.84,47.982696999999995,3800,0.0,1.0
2018-03-08,48.84,48.84,48.84,48.84,47.982696999999995,0,0.0,1.0
2018-03-09,48.860001000000004,48.880001,48.810001,48.860001000000004,48.002346,4400,0.0,1.0
2018-03-12,48.849998,48.889998999999996,48.84,48.889998999999996,48.031818,2100,0.0,1.0
2018-03-13,48.950001,48.950001,48.869999,48.900002,48.041637,3100,0.0,1.0
2018-03-14,48.880001,48.98,48.880001,48.939999,48.080936,105700,0.0,1.0
2018-03-15,48.93,48.939999,48.93,48.939999,48.080936,2100,0.0,1.0
2018-03-16,48.900002,48.93,48.889998999999996,48.919998,48.061291,2600,0.0,1.0
2018-03-19,48.849998,48.868999,48.847,48.860001000000004,48.002346,2200,0.0,1.0
2018-03-20,48.779999,48.790001000000004,48.77,48.77,47.913921,105900,0.0,1.0
2018-03-21,48.779999,48.82,48.68,48.82,47.963043,4200,0.0,1.0
2018-03-22,48.93,48.938999,48.820999,48.869999,48.012161,4500,0.0,1.0
2018-03-23,48.73,48.740002000000004,48.709998999999996,48.709998999999996,47.958996,7500,0.106,1.0
2018-03-26,48.73,48.77,48.73,48.759997999999996,48.008232,5100,0.0,1.0
2018-03-27,48.759997999999996,48.849998,48.759997999999996,48.849998,48.09684,103300,0.0,1.0
2018-03-28,48.98,48.98,48.919998,48.93,48.17561,5400,0.0,1.0
2018-03-29,49.040001000000004,49.110001000000004,49.02,49.07,48.313446,4700,0.0,1.0
2018-04-02,49.029999,49.099998,48.990002000000004,49.07,48.313446,4400,0.0,1.0
2018-04-03,49.02,49.02,48.965,48.98,48.224834,2700,0.0,1.0
2018-04-04,49.0,49.009997999999996,48.990002000000004,49.0,48.244526,105100,0.0,1.0
2018-04-05,48.970001,48.970001,48.919998,48.939999,48.185452000000005,3100,0.0,1.0
2018-04-06,49.060001,49.060001,49.040001000000004,49.040001000000004,48.283913,900,0.0,1.0
2018-04-09,49.029999,49.080002,49.007,49.080002,48.323296,5800,0.0,1.0
2018-04-10,49.07,49.07,49.023998,49.07,48.313446,3200,0.0,1.0
2018-04-11,49.139998999999996,49.139998999999996,49.09,49.099998,48.342983000000004,2200,0.0,1.0
2018-04-12,49.009997999999996,49.009997999999996,49.0,49.009997999999996,48.254372,103900,0.0,1.0
2018-04-13,49.036999,49.040001000000004,49.02,49.029999,48.274063,3700,0.0,1.0
2018-04-16,48.950001,49.029999,48.914001,49.02,48.264221,8600,0.0,1.0
2018-04-17,49.02,49.080002,49.02,49.049999,48.293758000000004,2800,0.0,1.0
2018-04-18,48.990002000000004,48.990002000000004,48.91,48.919998,48.165764,5200,0.0,1.0
2018-04-19,48.75,48.77,48.720001,48.77,48.018074,103300,0.0,1.0
2018-04-20,48.759997999999996,48.759997999999996,48.619999,48.669998,47.919616999999995,6500,0.0,1.0
2018-04-23,48.52,48.52,48.459998999999996,48.490002000000004,47.848568,3800,0.10800000000000001,1.0
2018-04-24,48.459998999999996,48.459998999999996,48.400002,48.41,47.769627,3800,0.0,1.0
2018-04-25,48.32,48.32,48.285,48.299999,47.661083000000005,600,0.0,1.0
2018-04-26,48.290001000000004,48.32,48.259997999999996,48.310001,47.670952,105200,0.0,1.0
2018-04-27,48.41,48.419998,48.389998999999996,48.41,47.769627,3500,0.0,1.0
2018-04-30,48.439999,48.540001000000004,48.419998,48.509997999999996,47.868301,5100,0.0,1.0
2018-05-01,48.5,48.5,48.5,48.5,47.858437,500,0.0,1.0
2018-05-02,48.389998999999996,48.490002000000004,48.389998999999996,48.43,47.789364,3400,0.0,1.0
2018-05-03,48.459998999999996,48.497002,48.41,48.490002000000004,47.848568,5300,0.0,1.0
2018-05-04,48.509997999999996,48.52,48.459998999999996,48.52,47.878174,2700,0.0,1.0
2018-05-07,48.465,48.5,48.431,48.490002000000004,47.848568,15100,0.0,1.0
2018-05-08,48.439999,48.450001,48.43,48.439999,47.799225,12600,0.0,1.0
2018-05-09,48.380001,48.41,48.369999,48.369999,47.730156,3300,0.0,1.0
2018-05-10,48.48,48.490002000000004,48.48,48.490002000000004,47.848568,2000,0.0,1.0
2018-05-11,48.417,48.417,48.400002,48.400002,47.759758000000005,200,0.0,1.0
2018-05-14,48.450001,48.459998999999996,48.43,48.43,47.789364,5400,0.0,1.0
2018-05-15,48.182999,48.259997999999996,48.150002,48.189999,47.55254,7400,0.0,1.0
2018-05-16,48.209998999999996,48.209998999999996,48.139998999999996,48.139998999999996,47.503197,3500,0.0,1.0
2018-05-17,48.110001000000004,48.119999,48.09,48.099998,47.463726,3000,0.0,1.0
2018-05-18,48.16,48.240002000000004,48.099998,48.23,47.592007,8500,0.0,1.0
2018-05-21,48.200001,48.25,48.188999,48.25,47.611744,2600,0.0,1.0
2018-05-22,48.23,48.25,48.23,48.25,47.611744,2300,0.0,1.0
2018-05-23,48.330002,48.43,48.25,48.389998999999996,47.749889,3200,0.0,1.0
2018-05-24,48.259997999999996,48.380001,48.259997999999996,48.34,47.834003,3300,0.135,1.0
2018-05-25,48.459998999999996,48.5,48.432999,48.5,47.992329,2600,0.0,1.0
2018-05-29,48.57,48.84,48.57,48.798,48.287212,1200,0.0,1.0
2018-05-30,48.639998999999996,48.68,48.630001,48.68,48.170448,3200,0.0,1.0
2018-05-31,48.599998,48.720001,48.599998,48.650002,48.140759,7000,0.0,1.0
2018-06-01,48.57,48.599998,48.549999,48.549999,48.041805,2100,0.0,1.0
2018-06-04,48.540001000000004,48.540001000000004,48.41,48.450001,47.942856,8200,0.0,1.0
2018-06-05,48.439999,48.549999,48.439999,48.540001000000004,48.031909999999996,2700,0.0,1.0
2018-06-06,48.389,48.41,48.389,48.41,47.903267,2500,0.0,1.0
2018-06-07,48.509997999999996,48.509997999999996,48.450001,48.490002000000004,47.982437,2300,0.0,1.0
2018-06-08,48.41,48.490002000000004,48.41,48.43,47.923065,2500,0.0,1.0
2018-06-11,48.398998,48.43,48.398998,48.43,47.923065,2200,0.0,1.0
2018-06-12,48.41,48.439999,48.395,48.43,47.923065,2200,0.0,1.0
2018-06-13,48.470001,48.470001,48.299999,48.389998999999996,47.88348,2200,0.0,1.0
2018-06-14,48.5,48.529999,48.48,48.529999,48.022015,4600,0.0,1.0
2018-06-15,48.57,48.57,48.509997999999996,48.509997999999996,48.002224,4100,0.0,1.0
2018-06-18,48.560001,48.560001,48.43,48.529999,48.022015,5500,0.0,1.0
2018-06-19,48.59,48.619999,48.540001000000004,48.599998,48.091282,2800,0.0,1.0
2018-06-20,48.473999,48.540001000000004,48.459998999999996,48.459998999999996,47.952744,2700,0.0,1.0
2018-06-21,48.400002,48.509997999999996,48.400002,48.490002000000004,47.982437,3100,0.0,1.0
2018-06-22,48.389998999999996,48.439999,48.349998,48.43,48.046921000000005,5000,0.125,1.0
2018-06-25,48.450001,48.490002000000004,48.380001,48.43,48.046921000000005,2800,0.0,1.0
2018-06-26,48.439999,48.470001,48.419998,48.459998999999996,48.076679,2600,0.0,1.0
2018-06-27,48.560001,48.580002,48.509997999999996,48.580002,48.195732,2100,0.0,1.0
2018-06-28,48.560001,48.560001,48.52,48.549999,48.16597,3200,0.0,1.0
2018-06-29,48.580002,48.610001000000004,48.540001000000004,48.540001000000004,48.156048,12500,0.0,1.0
2018-07-02,48.580002,48.580002,48.509997999999996,48.529999,48.146126,2900,0.0,1.0
2018-07-03,48.540001000000004,48.599998,48.540001000000004,48.57,48.185814,2600,0.0,1.0
2018-07-05,48.610001000000004,48.669998,48.610001000000004,48.639998999999996,48.255257,2300,0.0,1.0
2018-07-06,48.630001,48.639998999999996,48.580002,48.639998999999996,48.255257,4400,0.0,1.0
2018-07-09,48.580002,48.599998,48.527,48.59,48.205653999999996,2600,0.0,1.0
2018-07-10,48.504002,48.504002,48.5,48.5,48.116364000000004,800,0.0,1.0
2018-07-11,48.549999,48.650002,48.549999,48.625999,48.241367,2600,0.0,1.0
2018-07-12,48.639998999999996,48.639998999999996,48.639998999999996,48.639998999999996,48.255257,300,0.0,1.0
2018-07-13,48.73,48.75,48.73,48.75,48.364384,400,0.0,1.0
2018-07-16,48.75,48.75,48.75,48.75,48.364384,0,0.0,1.0
2018-07-17,48.700001,48.700001,48.700001,48.700001,48.314789000000005,300,0.0,1.0
2018-07-18,48.709998999999996,48.709998999999996,48.709998999999996,48.709998999999996,48.324699,200,0.0,1.0
2018-07-19,48.68,48.709998999999996,48.68,48.709998999999996,48.324699,900,0.0,1.0
2018-07-20,48.709998999999996,48.709998999999996,48.709998999999996,48.709998999999996,48.324699,0,0.0,1.0
2018-07-23,48.599998,48.599998,48.445,48.445,48.061802,600,0.0,1.0
2018-07-24,48.445,48.445,48.445,48.445,48.19511,0,0.134,1.0
2018-07-25,48.380001,48.459998999999996,48.380001,48.431999,48.182175,500,0.0,1.0
2018-07-26,48.459998999999996,48.470001,48.405998,48.41,48.16029,1600,0.0,1.0
2018-07-27,48.490002000000004,48.490002000000004,48.380001,48.445999,48.196102,3100,0.0,1.0
2018-07-30,48.425999,48.43,48.425999,48.43,48.180187,400,0.0,1.0
2018-07-31,48.400002,48.400002,48.400002,48.400002,48.150341,100,0.0,1.0
2018-08-01,48.349998,48.349998,48.345001,48.345001,48.095627,500,0.0,1.0
2018-08-02,48.345001,48.345001,48.345001,48.345001,48.095627,0,0.0,1.0
2018-08-03,48.41,48.41,48.41,48.41,48.16029,400,0.0,1.0
2018-08-06,48.619999,48.619999,48.580002,48.580002,48.329414,3400,0.0,1.0
2018-08-07,48.560001,48.560001,48.459998999999996,48.529999,48.279671,800,0.0,1.0
2018-08-08,48.529999,48.529999,48.529999,48.529999,48.279671,100,0.0,1.0
2018-08-09,48.560001,48.560001,48.48,48.516998,48.266735,1500,0.0,1.0
2018-08-10,48.509997999999996,48.709998999999996,48.509997999999996,48.709998999999996,48.458736,500,0.0,1.0
2018-08-13,48.669998,48.669998,48.66,48.66,48.409,1400,0.0,1.0
2018-08-14,48.66,48.66,48.66,48.66,48.409,200,0.0,1.0
2018-08-15,48.720001,48.740002000000004,48.720001,48.740002000000004,48.488586,1900,0.0,1.0
2018-08-16,48.717999,48.717999,48.599998,48.599998,48.349308,400,0.0,1.0
2018-08-17,48.779999,48.779999,48.716,48.716,48.46471,1000,0.0,1.0
2018-08-20,48.849998,48.889998999999996,48.817001,48.889998999999996,48.637809999999995,3800,0.0,1.0
2018-08-21,48.764998999999996,48.764998999999996,48.764998999999996,48.764998999999996,48.513458,500,0.0,1.0
2018-08-22,48.950001,48.950001,48.866001000000004,48.909,48.656715000000005,1700,0.0,1.0
2018-08-23,48.93,48.93,48.875999,48.91,48.657707,5200,0.0,1.0
2018-08-24,48.805,48.805,48.700001,48.779999,48.658707,700,0.131,1.0
2018-08-27,48.708,48.740002000000004,48.708,48.740002000000004,48.618809000000006,4800,0.0,1.0
2018-08-28,48.650002,48.650002,48.612,48.612,48.491122999999995,800,0.0,1.0
2018-08-29,48.68,48.68,48.633998999999996,48.650002,48.529034,5500,0.0,1.0
2018-08-30,48.685001,48.709998999999996,48.669998,48.709998999999996,48.588879,3200,0.0,1.0
2018-08-31,48.759997999999996,48.759997999999996,48.733002,48.733002,48.611824,400,0.0,1.0
2018-09-04,48.630001,48.630001,48.567001,48.619999,48.499103999999996,3800,0.0,1.0
2018-09-05,48.558997999999995,48.59,48.558997999999995,48.59,48.469181,6800,0.0,1.0
2018-09-06,48.630001,48.68,48.630001,48.669998,48.548981,3100,0.0,1.0
2018-09-07,48.509997999999996,48.529999,48.491001000000004,48.509997999999996,48.389378,4100,0.0,1.0
2018-09-10,48.52,48.560001,48.52,48.540001000000004,48.419304,3500,0.0,1.0
2018-09-11,48.459998999999996,48.459998999999996,48.416,48.43,48.309578,3600,0.0,1.0
2018-09-12,48.509997999999996,48.509997999999996,48.48,48.48,48.359451,4700,0.0,1.0
2018-09-13,48.48,48.48,48.48,48.48,48.359451,0,0.0,1.0
2018-09-14,48.453998999999996,48.5,48.453998999999996,48.459998999999996,48.3395,6800,0.0,1.0
2018-09-17,48.380001,48.43,48.380001,48.419998,48.299599,9400,0.0,1.0
2018-09-18,48.32,48.330002,48.279999,48.279999,48.15995,8700,0.0,1.0
2018-09-19,48.279999,48.279999,48.192001,48.220001,48.100101,14200,0.0,1.0
2018-09-20,48.240002000000004,48.290001000000004,48.240002000000004,48.259997999999996,48.139998999999996,5500,0.0,1.0
2018-09-21,48.119999,48.130001,48.07,48.130001,48.130001,500,0.12,1.0
2018-09-24,48.110001000000004,48.130001,48.110001000000004,48.130001,48.130001,400,0.0,1.0
2018-09-25,48.054001,48.060001,48.054001,48.060001,48.060001,300,0.0,1.0
2018-09-26,48.1017,48.1017,48.1017,48.1017,48.1017,232,0.0,1.0
