date,Open,High,Low,Close,Adj Close,Volume,Dividends,Stock Splits
2012-06-27,19.059998999999998,19.059998999999998,19.059998999999998,19.059998999999998,17.529257,0,0.0,1.0
2012-06-28,19.139999,19.139999,19.139999,19.139999,17.602833,0,0.0,1.0
2012-06-29,19.200001,19.200001,19.200001,19.200001,17.658012,0,0.0,1.0
2012-07-02,19.280001000000002,19.280001000000002,19.280001000000002,19.280001000000002,17.731592000000003,0,0.0,1.0
2012-07-03,19.25,19.25,19.25,19.25,17.703999,0,0.0,1.0
2012-07-05,19.26,19.26,19.26,19.26,17.713196,0,0.0,1.0
2012-07-06,19.27,19.27,19.27,19.27,17.722393,0,0.0,1.0
2012-07-09,19.280001000000002,19.280001000000002,19.280001000000002,19.280001000000002,17.731592000000003,0,0.0,1.0
2012-07-10,19.26,19.26,19.26,19.26,17.713196,0,0.0,1.0
2012-07-11,19.309998999999998,19.309998999999998,19.309998999999998,19.309998999999998,17.759178,0,0.0,1.0
2012-07-12,19.32,19.32,19.32,19.32,17.768375,0,0.0,1.0
2012-07-13,19.389999,19.389999,19.389999,19.389999,17.832754,0,0.0,1.0
2012-07-16,19.459999,19.459999,19.459999,19.459999,17.897133,0,0.0,1.0
2012-07-17,19.549999,19.549999,19.549999,19.549999,17.979908,0,0.0,1.0
2012-07-18,19.559998999999998,19.559998999999998,19.559998999999998,19.559998999999998,17.989101,0,0.0,1.0
2012-07-19,19.6,19.6,19.6,19.6,18.025887,0,0.0,1.0
2012-07-20,19.629998999999998,19.629998999999998,19.629998999999998,19.629998999999998,18.05348,0,0.0,1.0
2012-07-23,19.540001,19.540001,19.540001,19.540001,17.970709,0,0.0,1.0
2012-07-24,19.450001,19.450001,19.450001,19.450001,17.887938000000002,0,0.0,1.0
2012-07-25,19.33,19.33,19.33,19.33,17.777573,0,0.0,1.0
2012-07-26,19.42,19.42,19.42,19.42,17.860346,0,0.0,1.0
2012-07-27,19.450001,19.450001,19.450001,19.450001,17.887938000000002,0,0.0,1.0
2012-07-30,19.51,19.51,19.51,19.51,17.943117,0,0.0,1.0
2012-07-31,19.52,19.52,19.52,19.52,17.952314,0,0.0,1.0
2012-08-01,19.549999,19.549999,19.549999,19.549999,17.979908,0,0.0,1.0
2012-08-02,19.440001000000002,19.440001000000002,19.440001000000002,19.440001000000002,17.87874,0,0.0,1.0
2012-08-03,19.52,19.52,19.52,19.52,17.952314,0,0.0,1.0
2012-08-06,19.540001,19.540001,19.540001,19.540001,17.970709,0,0.0,1.0
2012-08-07,19.559998999999998,19.559998999999998,19.559998999999998,19.559998999999998,17.989101,0,0.0,1.0
2012-08-08,19.43,19.43,19.43,19.43,17.869545000000002,0,0.0,1.0
2012-08-09,19.5,19.5,19.5,19.5,17.93392,0,0.0,1.0
2012-08-10,19.549999,19.549999,19.549999,19.549999,17.979908,0,0.0,1.0
2012-08-13,19.48,19.48,19.48,19.48,17.915526999999997,0,0.0,1.0
2012-08-14,19.5,19.5,19.5,19.5,17.93392,0,0.0,1.0
2012-08-15,19.23,19.23,19.23,19.23,17.685604,0,0.0,1.0
2012-08-16,19.290001,19.290001,19.290001,19.290001,17.740786,0,0.0,1.0
2012-08-17,19.370001000000002,19.370001000000002,19.370001000000002,19.370001000000002,17.814363,0,0.0,1.0
2012-08-20,19.389999,19.389999,19.389999,19.389999,17.832754,0,0.0,1.0
2012-08-21,19.370001000000002,19.370001000000002,19.370001000000002,19.370001000000002,17.814363,0,0.0,1.0
2012-08-22,19.32,19.32,19.32,19.32,17.768375,0,0.0,1.0
2012-08-23,19.25,19.25,19.25,19.25,17.703999,0,0.0,1.0
2012-08-24,19.26,19.26,19.26,19.26,17.713196,0,0.0,1.0
2012-08-27,19.280001000000002,19.280001000000002,19.280001000000002,19.280001000000002,17.731592000000003,0,0.0,1.0
2012-08-28,19.370001000000002,19.370001000000002,19.370001000000002,19.370001000000002,17.814363,0,0.0,1.0
2012-08-29,19.389999,19.389999,19.389999,19.389999,17.832754,0,0.0,1.0
2012-08-30,19.360001,19.360001,19.360001,19.360001,17.805166,0,0.0,1.0
2012-08-31,19.459999,19.459999,19.459999,19.459999,17.897133,0,0.0,1.0
2012-09-04,19.469998999999998,19.469998999999998,19.469998999999998,19.469998999999998,17.90633,0,0.0,1.0
2012-09-05,19.42,19.42,19.42,19.42,17.860346,0,0.0,1.0
2012-09-06,19.440001000000002,19.440001000000002,19.440001000000002,19.440001000000002,17.87874,0,0.0,1.0
2012-09-07,19.51,19.51,19.51,19.51,17.943117,0,0.0,1.0
2012-09-10,19.469998999999998,19.469998999999998,19.469998999999998,19.469998999999998,17.90633,0,0.0,1.0
2012-09-11,19.469998999999998,19.469998999999998,19.469998999999998,19.469998999999998,17.90633,0,0.0,1.0
2012-09-12,19.530001000000002,19.530001000000002,19.530001000000002,19.530001000000002,17.96151,0,0.0,1.0
2012-09-13,19.610001,19.610001,19.610001,19.610001,18.035088000000002,0,0.0,1.0
2012-09-14,19.84,19.84,19.84,19.84,18.246614,0,0.0,1.0
2012-09-17,19.860001,19.860001,19.860001,19.860001,18.265007,0,0.0,1.0
2012-09-18,19.84,19.84,19.84,19.84,18.246614,0,0.0,1.0
2012-09-19,19.83,19.83,19.83,19.83,18.237419,0,0.0,1.0
2012-09-20,19.84,19.84,19.84,19.84,18.246614,0,0.0,1.0
2012-09-21,19.92,19.92,19.92,19.92,18.32019,0,0.0,1.0
2012-09-24,19.959999,19.959999,19.959999,19.959999,18.356976,0,0.0,1.0
2012-09-25,19.889999,19.889999,19.889999,19.889999,18.292599,0,0.0,1.0
2012-09-26,19.83,19.83,19.83,19.83,18.237419,0,0.0,1.0
2012-09-27,19.940001000000002,19.940001000000002,19.940001000000002,19.940001000000002,18.338587,0,0.0,1.0
2012-09-28,20.0,20.0,20.0,20.0,18.393766,0,0.0,1.0
2012-10-01,20.15,20.15,20.15,20.15,18.531717,0,0.0,1.0
2012-10-02,20.16,20.16,20.16,20.16,18.540915,0,0.0,1.0
2012-10-03,20.24,20.24,20.24,20.24,18.614487,0,0.0,1.0
2012-10-04,20.280001000000002,20.280001000000002,20.280001000000002,20.280001000000002,18.651279000000002,0,0.0,1.0
2012-10-05,20.33,20.33,20.33,20.33,18.69726,0,0.0,1.0
2012-10-08,20.309998999999998,20.309998999999998,20.309998999999998,20.309998999999998,18.678867,0,0.0,1.0
2012-10-09,20.25,20.25,20.25,20.25,18.623686,0,0.0,1.0
2012-10-10,20.17,20.17,20.17,20.17,18.550112,0,0.0,1.0
2012-10-11,20.16,20.16,20.16,20.16,18.540915,0,0.0,1.0
2012-10-12,20.18,20.18,20.18,20.18,18.559307,0,0.0,1.0
2012-10-15,20.200001,20.200001,20.200001,20.200001,18.577704999999998,0,0.0,1.0
2012-10-16,20.32,20.32,20.32,20.32,18.688064999999998,0,0.0,1.0
2012-10-17,20.41,20.41,20.41,20.41,18.770838,0,0.0,1.0
2012-10-18,20.309998999999998,20.309998999999998,20.309998999999998,20.309998999999998,18.678867,0,0.0,1.0
2012-10-19,20.09,20.09,20.09,20.09,18.476538,0,0.0,1.0
2012-10-22,20.120001000000002,20.120001000000002,20.120001000000002,20.120001000000002,18.504128,0,0.0,1.0
2012-10-23,20.07,20.07,20.07,20.07,18.458145000000002,0,0.0,1.0
2012-10-24,20.07,20.07,20.07,20.07,18.458145000000002,0,0.0,1.0
2012-10-25,20.09,20.09,20.09,20.09,18.476538,0,0.0,1.0
2012-10-26,20.02,20.02,20.02,20.02,18.412160999999998,0,0.0,1.0
2012-10-31,20.01,20.01,20.01,20.01,18.402966,0,0.0,1.0
2012-11-01,20.1,20.1,20.1,20.1,18.485735000000002,0,0.0,1.0
2012-11-02,20.030001000000002,20.030001000000002,20.030001000000002,20.030001000000002,18.421357999999998,0,0.0,1.0
2012-11-05,20.040001,20.040001,20.040001,20.040001,18.430553,0,0.0,1.0
2012-11-06,20.190001000000002,20.190001000000002,20.190001000000002,20.190001000000002,18.568504,0,0.0,1.0
2012-11-07,19.98,19.98,19.98,19.98,18.37537,0,0.0,1.0
2012-11-08,19.809998999999998,19.809998999999998,19.809998999999998,19.809998999999998,18.219025,0,0.0,1.0
2012-11-09,19.66,19.66,19.66,19.66,18.08107,0,0.0,1.0
2012-11-12,19.379998999999998,19.379998999999998,19.379998999999998,19.379998999999998,17.823557,0,0.0,1.0
2012-11-13,19.290001,19.290001,19.290001,19.290001,17.740786,0,0.0,1.0
2012-11-14,19.01,19.01,19.01,19.01,17.483273,0,0.0,1.0
2012-11-15,18.74,18.74,18.74,18.74,17.234957,0,0.0,1.0
2012-11-16,19.24,19.24,19.24,19.24,17.694803,0,0.0,1.0
2012-11-19,19.58,19.58,19.58,19.58,18.007494,0,0.0,1.0
2012-11-20,19.24,19.24,19.24,19.24,17.694803,0,0.0,1.0
2012-11-21,19.26,19.26,19.26,19.26,17.713196,0,0.0,1.0
2012-11-23,19.370001000000002,19.370001000000002,19.370001000000002,19.370001000000002,17.814363,0,0.0,1.0
2012-11-26,19.299999,19.299999,19.299999,19.299999,17.749983,0,0.0,1.0
2012-11-27,19.360001,19.360001,19.360001,19.360001,17.805166,0,0.0,1.0
2012-11-28,19.52,19.52,19.52,19.52,17.952314,0,0.0,1.0
2012-11-29,19.559998999999998,19.559998999999998,19.559998999999998,19.559998999999998,17.989101,0,0.0,1.0
2012-11-30,19.59,19.59,19.59,19.59,18.016691,0,0.0,1.0
2012-12-03,19.440001000000002,19.440001000000002,19.440001000000002,19.440001000000002,17.87874,0,0.0,1.0
2012-12-04,19.23,19.23,19.23,19.23,17.685604,0,0.0,1.0
2012-12-05,19.129998999999998,19.129998999999998,19.129998999999998,19.129998999999998,17.593633999999998,0,0.0,1.0
2012-12-06,19.059998999999998,19.059998999999998,19.059998999999998,19.059998999999998,17.529257,0,0.0,1.0
2012-12-07,19.120001000000002,19.120001000000002,19.120001000000002,19.120001000000002,17.58444,0,0.0,1.0
2012-12-10,19.15,19.15,19.15,19.15,17.612029999999997,0,0.0,1.0
2012-12-11,19.18,19.18,19.18,19.18,17.639622,0,0.0,1.0
2012-12-12,18.940001000000002,18.940001000000002,18.940001000000002,18.940001000000002,17.418896,0,0.0,1.0
2012-12-13,18.84,18.84,18.84,18.84,17.326926999999998,0,0.0,1.0
2012-12-14,18.85,18.85,18.85,18.85,17.336123999999998,0,0.0,1.0
2012-12-17,18.9,18.9,18.9,18.9,17.382109,0,0.0,1.0
2012-12-18,19.059998999999998,19.059998999999998,19.059998999999998,19.059998999999998,17.529257,0,0.0,1.0
2012-12-19,19.23,19.23,19.23,19.23,17.685604,0,0.0,1.0
2012-12-20,19.360001,19.360001,19.360001,19.360001,17.805166,0,0.0,1.0
2012-12-21,19.24,19.24,19.24,19.24,17.694803,0,0.0,1.0
2012-12-24,19.190001000000002,19.190001000000002,19.190001000000002,19.190001000000002,17.648817,0,0.0,1.0
2012-12-26,19.0,19.0,19.0,19.0,17.474076999999998,0,0.0,1.0
2012-12-27,18.93,18.93,18.93,18.93,17.409698000000002,0,0.0,1.0
2012-12-28,18.92,18.92,18.92,18.92,17.400499,0,0.0,1.0
2012-12-31,19.24,19.24,19.24,19.24,17.694803,0,0.0,1.0
2013-01-02,19.790001,19.790001,19.790001,19.790001,18.20063,0,0.0,1.0
2013-01-03,19.889999,19.889999,19.889999,19.889999,18.292599,0,0.0,1.0
2013-01-04,19.969998999999998,19.969998999999998,19.969998999999998,19.969998999999998,18.366173,0,0.0,1.0
2013-01-07,20.059998999999998,20.059998999999998,20.059998999999998,20.059998999999998,18.448942000000002,0,0.0,1.0
2013-01-08,20.040001,20.040001,20.040001,20.040001,18.430553,0,0.0,1.0
2013-01-09,20.120001000000002,20.120001000000002,20.120001000000002,20.120001000000002,18.504128,0,0.0,1.0
2013-01-10,20.23,20.23,20.23,20.23,18.605295,0,0.0,1.0
2013-01-11,20.219998999999998,20.219998999999998,20.219998999999998,20.219998999999998,18.596096,0,0.0,1.0
2013-01-14,20.200001,20.200001,20.200001,20.200001,18.577704999999998,0,0.0,1.0
2013-01-15,20.219998999999998,20.219998999999998,20.219998999999998,20.219998999999998,18.596096,0,0.0,1.0
2013-01-16,20.209999,20.209999,20.209999,20.209999,18.586899,0,0.0,1.0
2013-01-17,20.309998999999998,20.309998999999998,20.309998999999998,20.309998999999998,18.678867,0,0.0,1.0
2013-01-18,20.41,20.41,20.41,20.41,18.770838,0,0.0,1.0
2013-01-22,20.65,20.65,20.65,20.65,18.99156,0,0.0,1.0
2013-01-23,20.58,20.58,20.58,20.58,18.927183,0,0.0,1.0
2013-01-24,20.49,20.49,20.49,20.49,18.844412,0,0.0,1.0
2013-01-25,20.620001000000002,20.620001000000002,20.620001000000002,20.620001000000002,18.963972000000002,0,0.0,1.0
2013-01-28,20.77,20.77,20.77,20.77,19.101925,0,0.0,1.0
2013-01-29,20.85,20.85,20.85,20.85,19.175501,0,0.0,1.0
2013-01-30,20.99,20.99,20.99,20.99,19.304254999999998,0,0.0,1.0
2013-01-31,21.129998999999998,21.129998999999998,21.129998999999998,21.129998999999998,19.433011999999998,0,0.0,1.0
2013-02-01,21.16,21.16,21.16,21.16,19.460601999999998,0,0.0,1.0
2013-02-04,21.1,21.1,21.1,21.1,19.40542,0,0.0,1.0
2013-02-05,21.110001,21.110001,21.110001,21.110001,19.414618,0,0.0,1.0
2013-02-06,21.07,21.07,21.07,21.07,19.377831,0,0.0,1.0
2013-02-07,21.110001,21.110001,21.110001,21.110001,19.414618,0,0.0,1.0
2013-02-08,21.23,21.23,21.23,21.23,19.524981,0,0.0,1.0
2013-02-11,21.360001,21.360001,21.360001,21.360001,19.644541,0,0.0,1.0
2013-02-12,21.440001000000002,21.440001000000002,21.440001000000002,21.440001000000002,19.718117000000003,0,0.0,1.0
2013-02-13,21.280001000000002,21.280001000000002,21.280001000000002,21.280001000000002,19.570967,0,0.0,1.0
2013-02-14,21.34,21.34,21.34,21.34,19.626148,0,0.0,1.0
2013-02-15,21.15,21.15,21.15,21.15,19.451407999999997,0,0.0,1.0
2013-02-19,21.35,21.35,21.35,21.35,19.635345,0,0.0,1.0
2013-02-20,21.219998999999998,21.219998999999998,21.219998999999998,21.219998999999998,19.515783,0,0.0,1.0
2013-02-21,20.99,20.99,20.99,20.99,19.304254999999998,0,0.0,1.0
2013-02-22,21.0,21.0,21.0,21.0,19.313454,0,0.0,1.0
2013-02-25,20.82,20.82,20.82,20.82,19.147909,0,0.0,1.0
2013-02-26,20.879998999999998,20.879998999999998,20.879998999999998,20.879998999999998,19.203093,0,0.0,1.0
2013-02-27,21.030001000000002,21.030001000000002,21.030001000000002,21.030001000000002,19.341043,0,0.0,1.0
2013-02-28,21.09,21.09,21.09,21.09,19.396223000000003,0,0.0,1.0
2013-03-01,21.139999,21.139999,21.139999,21.139999,19.442209,0,0.0,1.0
2013-03-04,21.309998999999998,21.309998999999998,21.309998999999998,21.309998999999998,19.598557,0,0.0,1.0
2013-03-05,21.360001,21.360001,21.360001,21.360001,19.644541,0,0.0,1.0
2013-03-06,21.23,21.23,21.23,21.23,19.524981,0,0.0,1.0
2013-03-07,21.41,21.41,21.41,21.41,19.690525,0,0.0,1.0
2013-03-08,21.6,21.6,21.6,21.6,19.865267000000003,0,0.0,1.0
2013-03-11,21.610001,21.610001,21.610001,21.610001,19.874464,0,0.0,1.0
2013-03-12,21.559998999999998,21.559998999999998,21.559998999999998,21.559998999999998,19.828476000000002,0,0.0,1.0
2013-03-13,21.469998999999998,21.469998999999998,21.469998999999998,21.469998999999998,19.745704999999997,0,0.0,1.0
2013-03-14,21.51,21.51,21.51,21.51,19.782494,0,0.0,1.0
2013-03-15,21.49,21.49,21.49,21.49,19.764098999999998,0,0.0,1.0
2013-03-18,21.459999,21.459999,21.459999,21.459999,19.736511,0,0.0,1.0
2013-03-19,21.43,21.43,21.43,21.43,19.708920000000003,0,0.0,1.0
2013-03-20,21.67,21.67,21.67,21.67,19.929644,0,0.0,1.0
2013-03-21,21.870001000000002,21.870001000000002,21.870001000000002,21.870001000000002,20.113583,0,0.0,1.0
2013-03-22,22.040001,22.040001,22.040001,22.040001,20.26993,0,0.0,1.0
2013-03-25,22.07,22.07,22.07,22.07,20.297520000000002,0,0.0,1.0
2013-03-26,22.23,22.23,22.23,22.23,20.444668,0,0.0,1.0
2013-03-27,22.120001000000002,22.120001000000002,22.120001000000002,22.120001000000002,20.343504,0,0.0,1.0
2013-03-28,22.26,22.26,22.26,22.26,20.472261,0,0.0,1.0
2013-04-01,22.25,22.25,22.25,22.25,20.463062,0,0.0,1.0
2013-04-02,22.190001000000002,22.190001000000002,22.190001000000002,22.190001000000002,20.407882999999998,0,0.0,1.0
2013-04-03,21.809998999999998,21.809998999999998,21.809998999999998,21.809998999999998,20.058401,0,0.0,1.0
2013-04-04,21.799999,21.799999,21.799999,21.799999,20.049204,0,0.0,1.0
2013-04-05,21.799999,21.799999,21.799999,21.799999,20.049204,0,0.0,1.0
2013-04-08,22.16,22.16,22.16,22.16,20.380292999999998,0,0.0,1.0
2013-04-09,22.33,22.33,22.33,22.33,20.536638,0,0.0,1.0
2013-04-10,22.299999,22.299999,22.299999,22.299999,20.509047,0,0.0,1.0
2013-04-11,22.290001,22.290001,22.290001,22.290001,20.499853,0,0.0,1.0
2013-04-12,22.24,22.24,22.24,22.24,20.453865,0,0.0,1.0
2013-04-15,21.9,21.9,21.9,21.9,20.141172,0,0.0,1.0
2013-04-16,22.209999,22.209999,22.209999,22.209999,20.426273000000002,0,0.0,1.0
2013-04-17,22.040001,22.040001,22.040001,22.040001,20.26993,0,0.0,1.0
2013-04-18,22.07,22.07,22.07,22.07,20.297520000000002,0,0.0,1.0
2013-04-19,22.07,22.07,22.07,22.07,20.297520000000002,0,0.0,1.0
2013-04-22,22.389999,22.389999,22.389999,22.389999,20.591822,0,0.0,1.0
2013-04-23,22.57,22.57,22.57,22.57,20.757364000000003,0,0.0,1.0
2013-04-24,22.59,22.59,22.59,22.59,20.775759,0,0.0,1.0
2013-04-25,22.549999,22.549999,22.549999,22.549999,20.738970000000002,0,0.0,1.0
2013-04-26,22.42,22.42,22.42,22.42,20.619411,0,0.0,1.0
2013-04-29,22.549999,22.549999,22.549999,22.549999,20.738970000000002,0,0.0,1.0
2013-04-30,22.66,22.66,22.66,22.66,20.840137,0,0.0,1.0
2013-05-01,22.43,22.43,22.43,22.43,20.628607000000002,0,0.0,1.0
2013-05-02,22.4,22.4,22.4,22.4,20.601017000000002,0,0.0,1.0
2013-05-03,22.610001,22.610001,22.610001,22.610001,20.794151,0,0.0,1.0
2013-05-06,22.790001,22.790001,22.790001,22.790001,20.959695999999997,0,0.0,1.0
2013-05-07,22.83,22.83,22.83,22.83,20.996481,0,0.0,1.0
2013-05-08,23.040001,23.040001,23.040001,23.040001,21.189617000000002,0,0.0,1.0
2013-05-09,23.129998999999998,23.129998999999998,23.129998999999998,23.129998999999998,21.272388,0,0.0,1.0
2013-05-10,23.299999,23.299999,23.299999,23.299999,21.428735999999997,0,0.0,1.0
2013-05-13,23.299999,23.299999,23.299999,23.299999,21.428735999999997,0,0.0,1.0
2013-05-14,23.200001,23.200001,23.200001,23.200001,21.336767000000002,0,0.0,1.0
2013-05-15,23.25,23.25,23.25,23.25,21.382753,0,0.0,1.0
2013-05-16,23.09,23.09,23.09,23.09,21.235601000000003,0,0.0,1.0
2013-05-17,23.26,23.26,23.26,23.26,21.391951000000002,0,0.0,1.0
2013-05-20,23.35,23.35,23.35,23.35,21.474718,0,0.0,1.0
2013-05-21,23.59,23.59,23.59,23.59,21.69545,0,0.0,1.0
2013-05-22,23.309998999999998,23.309998999999998,23.309998999999998,23.309998999999998,21.437931,0,0.0,1.0
2013-05-23,23.16,23.16,23.16,23.16,21.299976,0,0.0,1.0
2013-05-24,23.1,23.1,23.1,23.1,21.244797,0,0.0,1.0
2013-05-28,23.139999,23.139999,23.139999,23.139999,21.281585999999997,0,0.0,1.0
2013-05-29,22.809998999999998,22.809998999999998,22.809998999999998,22.809998999999998,20.978088,0,0.0,1.0
2013-05-30,22.530001000000002,22.530001000000002,22.530001000000002,22.530001000000002,20.720577,0,0.0,1.0
2013-05-31,22.26,22.26,22.26,22.26,20.472261,0,0.0,1.0
2013-06-03,22.290001,22.290001,22.290001,22.290001,20.499853,0,0.0,1.0
2013-06-04,22.139999,22.139999,22.139999,22.139999,20.361898,0,0.0,1.0
2013-06-05,21.870001000000002,21.870001000000002,21.870001000000002,21.870001000000002,20.113583,0,0.0,1.0
2013-06-06,22.190001000000002,22.190001000000002,22.190001000000002,22.190001000000002,20.407882999999998,0,0.0,1.0
2013-06-07,22.43,22.43,22.43,22.43,20.628607000000002,0,0.0,1.0
2013-06-10,22.469998999999998,22.469998999999998,22.469998999999998,22.469998999999998,20.665395999999998,0,0.0,1.0
2013-06-11,22.23,22.23,22.23,22.23,20.444668,0,0.0,1.0
2013-06-12,22.24,22.24,22.24,22.24,20.453865,0,0.0,1.0
2013-06-13,22.309998999999998,22.309998999999998,22.309998999999998,22.309998999999998,20.518242,0,0.0,1.0
2013-06-14,22.49,22.49,22.49,22.49,20.68379,0,0.0,1.0
2013-06-17,22.67,22.67,22.67,22.67,20.849332999999998,0,0.0,1.0
2013-06-18,22.74,22.74,22.74,22.74,20.913712,0,0.0,1.0
2013-06-19,22.639999,22.639999,22.639999,22.639999,20.821741,0,0.0,1.0
2013-06-20,22.09,22.09,22.09,22.09,20.315914000000003,0,0.0,1.0
2013-06-21,22.15,22.15,22.15,22.15,20.371094,0,0.0,1.0
2013-06-24,21.91,21.91,21.91,21.91,20.150370000000002,0,0.0,1.0
2013-06-25,22.26,22.26,22.26,22.26,20.472261,0,0.0,1.0
2013-06-26,22.719998999999998,22.719998999999998,22.719998999999998,22.719998999999998,20.895317000000002,0,0.0,1.0
2013-06-27,23.0,23.0,23.0,23.0,21.152829999999998,0,0.0,1.0
2013-06-28,22.98,22.98,22.98,22.98,21.134432,0,0.0,1.0
2013-07-01,23.190001000000002,23.190001000000002,23.190001000000002,23.190001000000002,21.327574,0,0.0,1.0
2013-07-02,23.049999,23.049999,23.049999,23.049999,21.198812,0,0.0,1.0
2013-07-03,22.99,22.99,22.99,22.99,21.143632999999998,0,0.0,1.0
2013-07-05,23.0,23.0,23.0,23.0,21.152829999999998,0,0.0,1.0
2013-07-08,23.16,23.16,23.16,23.16,21.299976,0,0.0,1.0
2013-07-09,23.23,23.23,23.23,23.23,21.364357000000002,0,0.0,1.0
2013-07-10,23.24,23.24,23.24,23.24,21.373554000000002,0,0.0,1.0
2013-07-11,23.440001000000002,23.440001000000002,23.440001000000002,23.440001000000002,21.557491,0,0.0,1.0
2013-07-12,23.51,23.51,23.51,23.51,21.62187,0,0.0,1.0
2013-07-15,23.66,23.66,23.66,23.66,21.759823,0,0.0,1.0
2013-07-16,23.299999,23.299999,23.299999,23.299999,21.428735999999997,0,0.0,1.0
2013-07-17,23.280001000000002,23.280001000000002,23.280001000000002,23.280001000000002,21.410345,0,0.0,1.0
2013-07-18,23.200001,23.200001,23.200001,23.200001,21.336767000000002,0,0.0,1.0
2013-07-19,23.219998999999998,23.219998999999998,23.219998999999998,23.219998999999998,21.355162,0,0.0,1.0
2013-07-22,23.309998999999998,23.309998999999998,23.309998999999998,23.309998999999998,21.437931,0,0.0,1.0
2013-07-23,23.16,23.16,23.16,23.16,21.299976,0,0.0,1.0
2013-07-24,23.049999,23.049999,23.049999,23.049999,21.198812,0,0.0,1.0
2013-07-25,23.040001,23.040001,23.040001,23.040001,21.189617000000002,0,0.0,1.0
2013-07-26,23.129998999999998,23.129998999999998,23.129998999999998,23.129998999999998,21.272388,0,0.0,1.0
2013-07-29,23.0,23.0,23.0,23.0,21.152829999999998,0,0.0,1.0
2013-07-30,22.959999,22.959999,22.959999,22.959999,21.116041,0,0.0,1.0
2013-07-31,23.0,23.0,23.0,23.0,21.152829999999998,0,0.0,1.0
2013-08-01,23.17,23.17,23.17,23.17,21.309175,0,0.0,1.0
2013-08-05,22.93,22.93,22.93,22.93,21.088455,0,0.0,1.0
2013-08-06,23.09,23.09,23.09,23.09,21.235601000000003,0,0.0,1.0
2013-08-07,22.85,22.85,22.85,22.85,21.014875,0,0.0,1.0
2013-08-08,22.82,22.82,22.82,22.82,20.987288,0,0.0,1.0
2013-08-09,22.889999,22.889999,22.889999,22.889999,21.051661,0,0.0,1.0
2013-08-12,22.799999,22.799999,22.799999,22.799999,20.968892999999998,0,0.0,1.0
2013-08-13,22.620001000000002,22.620001000000002,22.620001000000002,22.620001000000002,20.80335,0,0.0,1.0
2013-08-14,22.6,22.6,22.6,22.6,20.784954,0,0.0,1.0
2013-08-15,22.559998999999998,22.559998999999998,22.559998999999998,22.559998999999998,20.748165,0,0.0,1.0
2013-08-16,22.440001000000002,22.440001000000002,22.440001000000002,22.440001000000002,20.637804,0,0.0,1.0
2013-08-19,22.280001000000002,22.280001000000002,22.280001000000002,22.280001000000002,20.490656,0,0.0,1.0
2013-08-20,22.459999,22.459999,22.459999,22.459999,20.656197,0,0.0,1.0
2013-08-21,22.129998999999998,22.129998999999998,22.129998999999998,22.129998999999998,20.656197,0,0.33,1.0
2013-08-22,22.280001000000002,22.280001000000002,22.280001000000002,22.280001000000002,20.796211,0,0.0,1.0
2013-08-23,22.360001,22.360001,22.360001,22.360001,20.87088,0,0.0,1.0
2013-08-26,22.200001,22.200001,22.200001,22.200001,20.721539,0,0.0,1.0
2013-08-27,22.17,22.17,22.17,22.17,20.693535,0,0.0,1.0
2013-08-28,22.209999,22.209999,22.209999,22.209999,20.730867,0,0.0,1.0
2013-08-29,22.209999,22.209999,22.209999,22.209999,20.730867,0,0.0,1.0
2013-08-30,22.049999,22.049999,22.049999,22.049999,20.581526,0,0.0,1.0
2013-09-03,22.01,22.01,22.01,22.01,20.544189000000003,0,0.0,1.0
2013-09-04,21.9,21.9,21.9,21.9,20.441513,0,0.0,1.0
2013-09-05,21.959999,21.959999,21.959999,21.959999,20.497517000000002,0,0.0,1.0
2013-09-06,21.940001000000002,21.940001000000002,21.940001000000002,21.940001000000002,20.478849,0,0.0,1.0
2013-09-09,22.120001000000002,22.120001000000002,22.120001000000002,22.120001000000002,20.646864,0,0.0,1.0
2013-09-10,22.200001,22.200001,22.200001,22.200001,20.721539,0,0.0,1.0
2013-09-11,22.139999,22.139999,22.139999,22.139999,20.665533,0,0.0,1.0
2013-09-12,22.040001,22.040001,22.040001,22.040001,20.572193,0,0.0,1.0
2013-09-13,21.889999,21.889999,21.889999,21.889999,20.432182,0,0.0,1.0
2013-09-16,21.780001000000002,21.780001000000002,21.780001000000002,21.780001000000002,20.329506,0,0.0,1.0
2013-09-17,21.700001,21.700001,21.700001,21.700001,20.254837,0,0.0,1.0
2013-09-18,22.1,22.1,22.1,22.1,20.628197,0,0.0,1.0
2013-09-19,22.459999,22.459999,22.459999,22.459999,20.964218,0,0.0,1.0
2013-09-20,22.309998999999998,22.309998999999998,22.309998999999998,22.309998999999998,20.824209,0,0.0,1.0
2013-09-23,22.25,22.25,22.25,22.25,20.768206,0,0.0,1.0
2013-09-24,22.24,22.24,22.24,22.24,20.758873,0,0.0,1.0
2013-09-25,22.280001000000002,22.280001000000002,22.280001000000002,22.280001000000002,20.796211,0,0.0,1.0
2013-09-26,22.450001,22.450001,22.450001,22.450001,20.954887,0,0.0,1.0
2013-09-27,22.42,22.42,22.42,22.42,20.926886,0,0.0,1.0
2013-09-30,22.459999,22.459999,22.459999,22.459999,20.964218,0,0.0,1.0
2013-10-01,22.639999,22.639999,22.639999,22.639999,21.132233,0,0.0,1.0
2013-10-02,22.639999,22.639999,22.639999,22.639999,21.132233,0,0.0,1.0
2013-10-03,22.5,22.5,22.5,22.5,21.001556,0,0.0,1.0
2013-10-04,22.459999,22.459999,22.459999,22.459999,20.964218,0,0.0,1.0
2013-10-07,22.27,22.27,22.27,22.27,20.786873,0,0.0,1.0
2013-10-08,22.139999,22.139999,22.139999,22.139999,20.665533,0,0.0,1.0
2013-10-09,22.1,22.1,22.1,22.1,20.628197,0,0.0,1.0
2013-10-10,22.09,22.09,22.09,22.09,20.618862,0,0.0,1.0
2013-10-11,22.26,22.26,22.26,22.26,20.777542,0,0.0,1.0
2013-10-14,22.42,22.42,22.42,22.42,20.926886,0,0.0,1.0
2013-10-15,22.209999,22.209999,22.209999,22.209999,20.730867,0,0.0,1.0
2013-10-16,22.24,22.24,22.24,22.24,20.758873,0,0.0,1.0
2013-10-17,22.4,22.4,22.4,22.4,20.908215,0,0.0,1.0
2013-10-18,22.530001000000002,22.530001000000002,22.530001000000002,22.530001000000002,21.029557999999998,0,0.0,1.0
2013-10-21,22.879998999999998,22.879998999999998,22.879998999999998,22.879998999999998,21.356251,0,0.0,1.0
2013-10-22,23.0,23.0,23.0,23.0,21.468258,0,0.0,1.0
2013-10-23,22.9,22.9,22.9,22.9,21.374918,0,0.0,1.0
2013-10-24,23.02,23.02,23.02,23.02,21.486925,0,0.0,1.0
2013-10-25,23.01,23.01,23.01,23.01,21.477592,0,0.0,1.0
2013-10-28,22.83,22.83,22.83,22.83,21.30958,0,0.0,1.0
2013-10-29,22.959999,22.959999,22.959999,22.959999,21.43092,0,0.0,1.0
2013-10-30,22.959999,22.959999,22.959999,22.959999,21.43092,0,0.0,1.0
2013-10-31,22.93,22.93,22.93,22.93,21.402922,0,0.0,1.0
2013-11-01,22.879998999999998,22.879998999999998,22.879998999999998,22.879998999999998,21.356251,0,0.0,1.0
2013-11-04,22.940001000000002,22.940001000000002,22.940001000000002,22.940001000000002,21.412254,0,0.0,1.0
2013-11-05,22.889999,22.889999,22.889999,22.889999,21.365582999999997,0,0.0,1.0
2013-11-06,22.950001,22.950001,22.950001,22.950001,21.421589,0,0.0,1.0
2013-11-07,22.780001000000002,22.780001000000002,22.780001000000002,22.780001000000002,21.262911,0,0.0,1.0
2013-11-08,22.73,22.73,22.73,22.73,21.216238,0,0.0,1.0
2013-11-11,22.639999,22.639999,22.639999,22.639999,21.132233,0,0.0,1.0
2013-11-12,22.65,22.65,22.65,22.65,21.141565,0,0.0,1.0
2013-11-13,22.530001000000002,22.530001000000002,22.530001000000002,22.530001000000002,21.029557999999998,0,0.0,1.0
2013-11-14,22.690001000000002,22.690001000000002,22.690001000000002,22.690001000000002,21.178904,0,0.0,1.0
2013-11-15,22.940001000000002,22.940001000000002,22.940001000000002,22.940001000000002,21.412254,0,0.0,1.0
2013-11-18,22.879998999999998,22.879998999999998,22.879998999999998,22.879998999999998,21.356251,0,0.0,1.0
2013-11-19,22.65,22.65,22.65,22.65,21.141565,0,0.0,1.0
2013-11-20,22.360001,22.360001,22.360001,22.360001,21.179454999999997,0,0.33,1.0
2013-11-21,22.6,22.6,22.6,22.6,21.406784,0,0.0,1.0
2013-11-22,22.73,22.73,22.73,22.73,21.529920999999998,0,0.0,1.0
2013-11-25,22.790001,22.790001,22.790001,22.790001,21.586752,0,0.0,1.0
2013-11-26,22.709999,22.709999,22.709999,22.709999,21.510977,0,0.0,1.0
2013-11-27,22.73,22.73,22.73,22.73,21.529920999999998,0,0.0,1.0
2013-11-29,22.790001,22.790001,22.790001,22.790001,21.586752,0,0.0,1.0
2013-12-02,22.450001,22.450001,22.450001,22.450001,21.264706,0,0.0,1.0
2013-12-03,22.52,22.52,22.52,22.52,21.331007,0,0.0,1.0
2013-12-04,22.26,22.26,22.26,22.26,21.084736,0,0.0,1.0
2013-12-05,22.040001,22.040001,22.040001,22.040001,20.87635,0,0.0,1.0
2013-12-06,22.1,22.1,22.1,22.1,20.933184,0,0.0,1.0
2013-12-09,22.02,22.02,22.02,22.02,20.857407000000002,0,0.0,1.0
2013-12-10,21.969998999999998,21.969998999999998,21.969998999999998,21.969998999999998,20.810045000000002,0,0.0,1.0
2013-12-11,21.82,21.82,21.82,21.82,20.667965,0,0.0,1.0
2013-12-12,21.85,21.85,21.85,21.85,20.696382999999997,0,0.0,1.0
2013-12-13,21.99,21.99,21.99,21.99,20.828989,0,0.0,1.0
2013-12-16,22.01,22.01,22.01,22.01,20.847932999999998,0,0.0,1.0
2013-12-17,21.92,21.92,21.92,21.92,20.762686,0,0.0,1.0
2013-12-18,21.959999,21.959999,21.959999,21.959999,20.800575,0,0.0,1.0
2013-12-19,22.01,22.01,22.01,22.01,20.847932999999998,0,0.0,1.0
2013-12-20,22.299999,22.299999,22.299999,22.299999,21.122623,0,0.0,1.0
2013-12-23,22.6,22.6,22.6,22.6,21.406784,0,0.0,1.0
2013-12-24,22.67,22.67,22.67,22.67,21.473089,0,0.0,1.0
2013-12-26,22.790001,22.790001,22.790001,22.790001,21.586752,0,0.0,1.0
2013-12-27,22.9,22.9,22.9,22.9,21.690945000000003,0,0.0,1.0
2013-12-30,23.040001,23.040001,23.040001,23.040001,21.823553,0,0.0,1.0
2013-12-31,23.120001000000002,23.120001000000002,23.120001000000002,23.120001000000002,21.899328,0,0.0,1.0
2014-01-02,22.91,22.91,22.91,22.91,21.700417,0,0.0,1.0
2014-01-03,22.860001,22.860001,22.860001,22.860001,21.653057,0,0.0,1.0
2014-01-06,22.82,22.82,22.82,22.82,21.615168,0,0.0,1.0
2014-01-07,22.82,22.82,22.82,22.82,21.615168,0,0.0,1.0
2014-01-08,22.67,22.67,22.67,22.67,21.473089,0,0.0,1.0
2014-01-09,22.700001,22.700001,22.700001,22.700001,21.501503,0,0.0,1.0
2014-01-10,22.700001,22.700001,22.700001,22.700001,21.501503,0,0.0,1.0
2014-01-13,22.66,22.66,22.66,22.66,21.463614,0,0.0,1.0
2014-01-14,22.75,22.75,22.75,22.75,21.548866,0,0.0,1.0
2014-01-15,22.73,22.73,22.73,22.73,21.529920999999998,0,0.0,1.0
2014-01-16,22.82,22.82,22.82,22.82,21.615168,0,0.0,1.0
2014-01-17,22.74,22.74,22.74,22.74,21.539392000000003,0,0.0,1.0
2014-01-21,22.969998999999998,22.969998999999998,22.969998999999998,22.969998999999998,21.757248,0,0.0,1.0
2014-01-22,23.129998999999998,23.129998999999998,23.129998999999998,23.129998999999998,21.9088,0,0.0,1.0
2014-01-23,23.120001000000002,23.120001000000002,23.120001000000002,23.120001000000002,21.899328,0,0.0,1.0
2014-01-24,22.98,22.98,22.98,22.98,21.766718,0,0.0,1.0
2014-01-27,22.82,22.82,22.82,22.82,21.615168,0,0.0,1.0
2014-01-28,22.93,22.93,22.93,22.93,21.719362,0,0.0,1.0
2014-01-29,22.92,22.92,22.92,22.92,21.709887,0,0.0,1.0
2014-01-30,23.01,23.01,23.01,23.01,21.795139000000002,0,0.0,1.0
2014-01-31,23.15,23.15,23.15,23.15,21.927744,0,0.0,1.0
2014-02-03,23.01,23.01,23.01,23.01,21.795139000000002,0,0.0,1.0
2014-02-04,22.9,22.9,22.9,22.9,21.690945000000003,0,0.0,1.0
2014-02-05,22.950001,22.950001,22.950001,22.950001,21.738306,0,0.0,1.0
2014-02-06,23.120001000000002,23.120001000000002,23.120001000000002,23.120001000000002,21.899328,0,0.0,1.0
2014-02-07,23.32,23.32,23.32,23.32,22.088772,0,0.0,1.0
2014-02-10,23.209999,23.209999,23.209999,23.209999,21.984576999999998,0,0.0,1.0
2014-02-11,23.360001,23.360001,23.360001,23.360001,22.126659,0,0.0,1.0
2014-02-12,23.440001000000002,23.440001000000002,23.440001000000002,23.440001000000002,22.202435,0,0.0,1.0
2014-02-13,23.51,23.51,23.51,23.51,22.268738,0,0.0,1.0
2014-02-14,23.530001000000002,23.530001000000002,23.530001000000002,23.530001000000002,22.287682999999998,0,0.0,1.0
2014-02-18,23.530001000000002,23.530001000000002,23.530001000000002,23.530001000000002,22.287682999999998,0,0.0,1.0
2014-02-19,22.950001,22.950001,22.950001,22.950001,22.047516,0,0.33,1.0
2014-02-20,22.870001000000002,22.870001000000002,22.870001000000002,22.870001000000002,21.970661,0,0.0,1.0
2014-02-21,22.860001,22.860001,22.860001,22.860001,21.961052,0,0.0,1.0
2014-02-24,22.809998999999998,22.809998999999998,22.809998999999998,22.809998999999998,21.913019,0,0.0,1.0
2014-02-25,22.809998999999998,22.809998999999998,22.809998999999998,22.809998999999998,21.913019,0,0.0,1.0
2014-02-26,23.08,23.08,23.08,23.08,22.172401,0,0.0,1.0
2014-02-27,22.98,22.98,22.98,22.98,22.076332,0,0.0,1.0
2014-02-28,22.860001,22.860001,22.860001,22.860001,21.961052,0,0.0,1.0
2014-03-03,22.950001,22.950001,22.950001,22.950001,22.047516,0,0.0,1.0
2014-03-04,23.07,23.07,23.07,23.07,22.162796,0,0.0,1.0
2014-03-05,23.09,23.09,23.09,23.09,22.182009,0,0.0,1.0
2014-03-06,23.0,23.0,23.0,23.0,22.095549,0,0.0,1.0
2014-03-07,22.959999,22.959999,22.959999,22.959999,22.057119,0,0.0,1.0
2014-03-10,22.889999,22.889999,22.889999,22.889999,21.989874,0,0.0,1.0
2014-03-11,22.889999,22.889999,22.889999,22.889999,21.989874,0,0.0,1.0
2014-03-12,22.889999,22.889999,22.889999,22.889999,21.989874,0,0.0,1.0
2014-03-13,22.790001,22.790001,22.790001,22.790001,21.893806,0,0.0,1.0
2014-03-14,22.959999,22.959999,22.959999,22.959999,22.057119,0,0.0,1.0
2014-03-17,23.08,23.08,23.08,23.08,22.172401,0,0.0,1.0
2014-03-18,23.17,23.17,23.17,23.17,22.258862,0,0.0,1.0
2014-03-19,22.940001000000002,22.940001000000002,22.940001000000002,22.940001000000002,22.037909,0,0.0,1.0
2014-03-20,22.99,22.99,22.99,22.99,22.085939,0,0.0,1.0
2014-03-21,22.98,22.98,22.98,22.98,22.076332,0,0.0,1.0
2014-03-24,22.950001,22.950001,22.950001,22.950001,22.047516,0,0.0,1.0
2014-03-25,22.91,22.91,22.91,22.91,22.009087,0,0.0,1.0
2014-03-26,22.950001,22.950001,22.950001,22.950001,22.047516,0,0.0,1.0
2014-03-27,23.0,23.0,23.0,23.0,22.095549,0,0.0,1.0
2014-03-28,23.139999,23.139999,23.139999,23.139999,22.230042,0,0.0,1.0
2014-03-31,23.290001,23.290001,23.290001,23.290001,22.374144,0,0.0,1.0
2014-04-01,23.620001000000002,23.620001000000002,23.620001000000002,23.620001000000002,22.691167999999998,0,0.0,1.0
2014-04-02,23.620001000000002,23.620001000000002,23.620001000000002,23.620001000000002,22.691167999999998,0,0.0,1.0
2014-04-03,23.67,23.67,23.67,23.67,22.739201,0,0.0,1.0
2014-04-04,23.67,23.67,23.67,23.67,22.739201,0,0.0,1.0
2014-04-07,23.440001000000002,23.440001000000002,23.440001000000002,23.440001000000002,22.518245999999998,0,0.0,1.0
2014-04-08,23.57,23.57,23.57,23.57,22.643131,0,0.0,1.0
2014-04-09,23.620001000000002,23.620001000000002,23.620001000000002,23.620001000000002,22.691167999999998,0,0.0,1.0
2014-04-10,23.459999,23.459999,23.459999,23.459999,22.537457999999997,0,0.0,1.0
2014-04-11,23.66,23.66,23.66,23.66,22.729595,0,0.0,1.0
2014-04-14,23.74,23.74,23.74,23.74,22.806448,0,0.0,1.0
2014-04-15,23.719998999999998,23.719998999999998,23.719998999999998,23.719998999999998,22.787235,0,0.0,1.0
2014-04-16,23.870001000000002,23.870001000000002,23.870001000000002,23.870001000000002,22.931335,0,0.0,1.0
2014-04-17,23.99,23.99,23.99,23.99,23.046616,0,0.0,1.0
2014-04-21,24.16,24.16,24.16,24.16,23.20993,0,0.0,1.0
2014-04-22,24.139999,24.139999,24.139999,24.139999,23.190718,0,0.0,1.0
2014-04-23,24.07,24.07,24.07,24.07,23.12347,0,0.0,1.0
2014-04-24,23.969998999999998,23.969998999999998,23.969998999999998,23.969998999999998,23.027403,0,0.0,1.0
2014-04-25,23.77,23.77,23.77,23.77,22.835268,0,0.0,1.0
2014-04-28,23.969998999999998,23.969998999999998,23.969998999999998,23.969998999999998,23.027403,0,0.0,1.0
2014-04-29,24.139999,24.139999,24.139999,24.139999,23.190718,0,0.0,1.0
2014-04-30,24.07,24.07,24.07,24.07,23.12347,0,0.0,1.0
2014-05-01,24.18,24.18,24.18,24.18,23.229147,0,0.0,1.0
2014-05-02,24.25,24.25,24.25,24.25,23.296392,0,0.0,1.0
2014-05-05,24.459999,24.459999,24.459999,24.459999,23.498133,0,0.0,1.0
2014-05-06,24.379998999999998,24.379998999999998,24.379998999999998,24.379998999999998,23.42128,0,0.0,1.0
2014-05-07,24.629998999999998,24.629998999999998,24.629998999999998,24.629998999999998,23.661448999999998,0,0.0,1.0
2014-05-08,24.35,24.35,24.35,24.35,23.39246,0,0.0,1.0
2014-05-09,24.32,24.32,24.32,24.32,23.36364,0,0.0,1.0
2014-05-12,24.440001000000002,24.440001000000002,24.440001000000002,24.440001000000002,23.478922,0,0.0,1.0
2014-05-13,24.360001,24.360001,24.360001,24.360001,23.402069,0,0.0,1.0
2014-05-14,24.48,24.48,24.48,24.48,23.517347,0,0.0,1.0
2014-05-15,24.469998999999998,24.469998999999998,24.469998999999998,24.469998999999998,23.507742,0,0.0,1.0
2014-05-16,24.57,24.57,24.57,24.57,23.603809,0,0.0,1.0
2014-05-19,24.48,24.48,24.48,24.48,23.517347,0,0.0,1.0
2014-05-20,24.549999,24.549999,24.549999,24.549999,23.584595,0,0.0,1.0
2014-05-21,24.27,24.27,24.27,24.27,23.633286,0,0.33,1.0
2014-05-22,24.379998999999998,24.379998999999998,24.379998999999998,24.379998999999998,23.740398000000003,0,0.0,1.0
2014-05-23,24.389999,24.389999,24.389999,24.389999,23.750135,0,0.0,1.0
2014-05-27,24.32,24.32,24.32,24.32,23.681973,0,0.0,1.0
2014-05-28,24.35,24.35,24.35,24.35,23.711185,0,0.0,1.0
2014-05-29,24.32,24.32,24.32,24.32,23.681973,0,0.0,1.0
2014-05-30,24.49,24.49,24.49,24.49,23.847513,0,0.0,1.0
2014-06-02,24.66,24.66,24.66,24.66,24.013052,0,0.0,1.0
2014-06-03,24.610001,24.610001,24.610001,24.610001,23.964365,0,0.0,1.0
2014-06-04,24.719998999999998,24.719998999999998,24.719998999999998,24.719998999999998,24.071478,0,0.0,1.0
2014-06-05,24.780001000000002,24.780001000000002,24.780001000000002,24.780001000000002,24.129906,0,0.0,1.0
2014-06-06,24.940001000000002,24.940001000000002,24.940001000000002,24.940001000000002,24.285707000000002,0,0.0,1.0
2014-06-09,25.0,25.0,25.0,25.0,24.344131,0,0.0,1.0
2014-06-10,25.040001,25.040001,25.040001,25.040001,24.383085,0,0.0,1.0
2014-06-11,24.879998999999998,24.879998999999998,24.879998999999998,24.879998999999998,24.227282000000002,0,0.0,1.0
2014-06-12,24.83,24.83,24.83,24.83,24.178593,0,0.0,1.0
2014-06-13,24.889999,24.889999,24.889999,24.889999,24.237019,0,0.0,1.0
2014-06-16,25.16,25.16,25.16,25.16,24.499935,0,0.0,1.0
2014-06-17,25.1,25.1,25.1,25.1,24.441509,0,0.0,1.0
2014-06-18,24.9,24.9,24.9,24.9,24.246756,0,0.0,1.0
2014-06-19,25.379998999999998,25.379998999999998,25.379998999999998,25.379998999999998,24.714163,0,0.0,1.0
2014-06-20,25.18,25.18,25.18,25.18,24.519410999999998,0,0.0,1.0
2014-06-23,25.469998999999998,25.469998999999998,25.469998999999998,25.469998999999998,24.801804,0,0.0,1.0
2014-06-24,25.52,25.52,25.52,25.52,24.850491,0,0.0,1.0
2014-06-25,25.68,25.68,25.68,25.68,25.006294,0,0.0,1.0
2014-06-26,25.719998999999998,25.719998999999998,25.719998999999998,25.719998999999998,25.045242000000002,0,0.0,1.0
2014-06-27,25.809998999999998,25.809998999999998,25.809998999999998,25.809998999999998,25.132883,0,0.0,1.0
2014-06-30,25.93,25.93,25.93,25.93,25.249735,0,0.0,1.0
2014-07-01,26.049999,26.049999,26.049999,26.049999,25.366587,0,0.0,1.0
2014-07-02,25.870001000000002,25.870001000000002,25.870001000000002,25.870001000000002,25.191311,0,0.0,1.0
2014-07-03,25.719998999999998,25.719998999999998,25.719998999999998,25.719998999999998,25.045242000000002,0,0.0,1.0
2014-07-07,25.459999,25.459999,25.459999,25.459999,24.792063,0,0.0,1.0
2014-07-08,25.35,25.35,25.35,25.35,24.684952,0,0.0,1.0
2014-07-09,25.530001000000002,25.530001000000002,25.530001000000002,25.530001000000002,24.860229,0,0.0,1.0
2014-07-10,25.43,25.43,25.43,25.43,24.762852,0,0.0,1.0
2014-07-11,25.540001,25.540001,25.540001,25.540001,24.869968,0,0.0,1.0
2014-07-14,25.57,25.57,25.57,25.57,24.899179,0,0.0,1.0
2014-07-15,25.59,25.59,25.59,25.59,24.918653,0,0.0,1.0
2014-07-16,25.82,25.82,25.82,25.82,25.14262,0,0.0,1.0
2014-07-17,25.809998999999998,25.809998999999998,25.809998999999998,25.809998999999998,25.132883,0,0.0,1.0
2014-07-18,25.879998999999998,25.879998999999998,25.879998999999998,25.879998999999998,25.201045999999998,0,0.0,1.0
2014-07-21,25.9,25.9,25.9,25.9,25.220522,0,0.0,1.0
2014-07-22,25.98,25.98,25.98,25.98,25.298422,0,0.0,1.0
2014-07-23,25.959999,25.959999,25.959999,25.959999,25.278945999999998,0,0.0,1.0
2014-07-24,25.889999,25.889999,25.889999,25.889999,25.210783,0,0.0,1.0
2014-07-25,25.76,25.76,25.76,25.76,25.084194,0,0.0,1.0
2014-07-28,25.76,25.76,25.76,25.76,25.084194,0,0.0,1.0
2014-07-29,25.73,25.73,25.73,25.73,25.054981,0,0.0,1.0
2014-07-30,25.41,25.41,25.41,25.41,24.743378,0,0.0,1.0
2014-07-31,24.98,24.98,24.98,24.98,24.324657000000002,0,0.0,1.0
2014-08-01,24.809998999999998,24.809998999999998,24.809998999999998,24.809998999999998,24.159117000000002,0,0.0,1.0
2014-08-04,25.26,25.26,25.26,25.26,24.597310999999998,0,0.0,1.0
2014-08-05,24.85,24.85,24.85,24.85,24.198069,0,0.0,1.0
2014-08-06,24.74,24.74,24.74,24.74,24.090954,0,0.0,1.0
2014-08-07,24.77,24.77,24.77,24.77,24.120169,0,0.0,1.0
2014-08-08,24.879998999999998,24.879998999999998,24.879998999999998,24.879998999999998,24.227282000000002,0,0.0,1.0
2014-08-11,25.74,25.74,25.74,25.74,25.06472,0,0.0,1.0
2014-08-12,25.610001,25.610001,25.610001,25.610001,24.938131,0,0.0,1.0
2014-08-13,25.83,25.83,25.83,25.83,25.152357000000002,0,0.0,1.0
2014-08-14,26.049999,26.049999,26.049999,26.049999,25.366587,0,0.0,1.0
2014-08-15,26.23,26.23,26.23,26.23,25.541864,0,0.0,1.0
2014-08-18,26.25,26.25,26.25,26.25,25.561339999999998,0,0.0,1.0
2014-08-19,26.370001000000002,26.370001000000002,26.370001000000002,26.370001000000002,25.678192000000003,0,0.0,1.0
2014-08-20,26.23,26.23,26.23,26.23,25.865551,0,0.33,1.0
2014-08-21,26.219998999999998,26.219998999999998,26.219998999999998,26.219998999999998,25.85569,0,0.0,1.0
2014-08-22,26.110001,26.110001,26.110001,26.110001,25.747219,0,0.0,1.0
2014-08-25,26.25,26.25,26.25,26.25,25.885275,0,0.0,1.0
2014-08-26,26.360001,26.360001,26.360001,26.360001,25.993745999999998,0,0.0,1.0
2014-08-27,26.459999,26.459999,26.459999,26.459999,26.092356,0,0.0,1.0
2014-08-28,26.540001,26.540001,26.540001,26.540001,26.171246,0,0.0,1.0
2014-08-29,26.73,26.73,26.73,26.73,26.358603999999996,0,0.0,1.0
2014-09-02,26.629998999999998,26.629998999999998,26.629998999999998,26.629998999999998,26.259992999999998,0,0.0,1.0
2014-09-03,26.68,26.68,26.68,26.68,26.309299,0,0.0,1.0
2014-09-04,26.48,26.48,26.48,26.48,26.112078,0,0.0,1.0
2014-09-05,26.559998999999998,26.559998999999998,26.559998999999998,26.559998999999998,26.190966,0,0.0,1.0
2014-09-08,26.559998999999998,26.559998999999998,26.559998999999998,26.559998999999998,26.190966,0,0.0,1.0
2014-09-09,26.610001,26.610001,26.610001,26.610001,26.240273,0,0.0,1.0
2014-09-10,26.59,26.59,26.59,26.59,26.220551,0,0.0,1.0
2014-09-11,26.49,26.49,26.49,26.49,26.121939,0,0.0,1.0
2014-09-12,26.02,26.02,26.02,26.02,25.65847,0,0.0,1.0
2014-09-15,25.870001000000002,25.870001000000002,25.870001000000002,25.870001000000002,25.510555,0,0.0,1.0
2014-09-16,26.1,26.1,26.1,26.1,25.737358,0,0.0,1.0
2014-09-17,26.18,26.18,26.18,26.18,25.816248,0,0.0,1.0
2014-09-18,26.299999,26.299999,26.299999,26.299999,25.934578,0,0.0,1.0
2014-09-19,26.51,26.51,26.51,26.51,26.141663,0,0.0,1.0
2014-09-22,26.139999,26.139999,26.139999,26.139999,25.776802,0,0.0,1.0
2014-09-23,25.85,25.85,25.85,25.85,25.490831,0,0.0,1.0
2014-09-24,25.879998999999998,25.879998999999998,25.879998999999998,25.879998999999998,25.520414000000002,0,0.0,1.0
2014-09-25,25.719998999999998,25.719998999999998,25.719998999999998,25.719998999999998,25.362637,0,0.0,1.0
2014-09-26,26.02,26.02,26.02,26.02,25.65847,0,0.0,1.0
2014-09-29,26.09,26.09,26.09,26.09,25.727497,0,0.0,1.0
2014-09-30,26.200001,26.200001,26.200001,26.200001,25.83597,0,0.0,1.0
2014-10-01,25.91,25.91,25.91,25.91,25.549997,0,0.0,1.0
2014-10-02,25.889999,25.889999,25.889999,25.889999,25.530275,0,0.0,1.0
2014-10-03,25.85,25.85,25.85,25.85,25.490831,0,0.0,1.0
2014-10-06,25.700001,25.700001,25.700001,25.700001,25.342916,0,0.0,1.0
2014-10-07,25.459999,25.459999,25.459999,25.459999,25.106249,0,0.0,1.0
2014-10-08,25.27,25.27,25.27,25.27,24.918892,0,0.0,1.0
2014-10-09,24.540001,24.540001,24.540001,24.540001,24.199034,0,0.0,1.0
2014-10-10,24.129998999999998,24.129998999999998,24.129998999999998,24.129998999999998,23.794729,0,0.0,1.0
2014-10-13,23.0,23.0,23.0,23.0,22.680431,0,0.0,1.0
2014-10-14,22.719998999999998,22.719998999999998,22.719998999999998,22.719998999999998,22.404320000000002,0,0.0,1.0
2014-10-15,23.43,23.43,23.43,23.43,23.104456,0,0.0,1.0
2014-10-16,24.51,24.51,24.51,24.51,24.169451000000002,0,0.0,1.0
2014-10-17,24.709999,24.709999,24.709999,24.709999,24.366671,0,0.0,1.0
2014-10-20,24.91,24.91,24.91,24.91,24.563892000000003,0,0.0,1.0
2014-10-21,25.209999,25.209999,25.209999,25.209999,24.859724,0,0.0,1.0
2014-10-22,24.969998999999998,24.969998999999998,24.969998999999998,24.969998999999998,24.623058,0,0.0,1.0
2014-10-23,25.209999,25.209999,25.209999,25.209999,24.859724,0,0.0,1.0
2014-10-24,25.23,25.23,25.23,25.23,24.879445999999998,0,0.0,1.0
2014-10-27,25.09,25.09,25.09,25.09,24.741392,0,0.0,1.0
2014-10-28,25.23,25.23,25.23,25.23,24.879445999999998,0,0.0,1.0
2014-10-29,25.190001000000002,25.190001000000002,25.190001000000002,25.190001000000002,24.840002,0,0.0,1.0
2014-10-30,25.040001,25.040001,25.040001,25.040001,24.692087,0,0.0,1.0
2014-10-31,25.08,25.08,25.08,25.08,24.731531,0,0.0,1.0
2014-11-03,25.209999,25.209999,25.209999,25.209999,24.859724,0,0.0,1.0
2014-11-04,24.6,24.6,24.6,24.6,24.2582,0,0.0,1.0
2014-11-05,24.75,24.75,24.75,24.75,24.406116,0,0.0,1.0
2014-11-06,24.74,24.74,24.74,24.74,24.396254000000003,0,0.0,1.0
2014-11-07,25.17,25.17,25.17,25.17,24.82028,0,0.0,1.0
2014-11-10,25.040001,25.040001,25.040001,25.040001,24.692087,0,0.0,1.0
2014-11-11,25.030001000000002,25.030001000000002,25.030001000000002,25.030001000000002,24.682226,0,0.0,1.0
2014-11-12,25.09,25.09,25.09,25.09,24.741392,0,0.0,1.0
2014-11-13,24.870001000000002,24.870001000000002,24.870001000000002,24.870001000000002,24.524448,0,0.0,1.0
2014-11-14,25.139999,25.139999,25.139999,25.139999,24.790697,0,0.0,1.0
2014-11-17,25.34,25.34,25.34,25.34,24.987919,0,0.0,1.0
2014-11-18,25.549999,25.549999,25.549999,25.549999,25.195,0,0.0,1.0
2014-11-19,25.290001,25.290001,25.290001,25.290001,25.290001,0,0.355,1.0
2014-11-20,25.43,25.43,25.43,25.43,25.43,0,0.0,1.0
2014-11-21,25.440001000000002,25.440001000000002,25.440001000000002,25.440001000000002,25.440001000000002,0,0.0,1.0
2014-11-24,25.24,25.24,25.24,25.24,25.24,0,0.0,1.0
2014-11-25,25.17,25.17,25.17,25.17,25.17,0,0.0,1.0
2014-11-26,25.49,25.49,25.49,25.49,25.49,0,0.0,1.0
2014-11-28,24.42,24.42,24.42,24.42,24.42,0,0.0,1.0
2014-12-01,23.440001000000002,23.440001000000002,23.440001000000002,23.440001000000002,23.440001000000002,0,0.0,1.0
2014-12-02,23.969998999999998,23.969998999999998,23.969998999999998,23.969998999999998,23.969998999999998,0,0.0,1.0
2014-12-03,24.32,24.32,24.32,24.32,24.32,0,0.0,1.0
2014-12-04,24.379998999999998,24.379998999999998,24.379998999999998,24.379998999999998,24.379998999999998,0,0.0,1.0
2014-12-05,24.1,24.1,24.1,24.1,24.1,0,0.0,1.0
2014-12-08,22.889999,22.889999,22.889999,22.889999,22.889999,0,0.0,1.0
2014-12-09,23.030001000000002,23.030001000000002,23.030001000000002,23.030001000000002,23.030001000000002,0,0.0,1.0
2014-12-10,22.18,22.18,22.18,22.18,22.18,0,0.0,1.0
2014-12-11,22.280001000000002,22.280001000000002,22.280001000000002,22.280001000000002,22.280001000000002,0,0.0,1.0
2014-12-12,22.09,22.09,22.09,22.09,22.09,0,0.0,1.0
2014-12-15,21.610001,21.610001,21.610001,21.610001,21.610001,0,0.0,1.0
2014-12-16,21.879998999999998,21.879998999999998,21.879998999999998,21.879998999999998,21.879998999999998,0,0.0,1.0
2014-12-17,22.82,22.82,22.82,22.82,22.82,0,0.0,1.0
2014-12-18,23.09,23.09,23.09,23.09,23.09,0,0.0,1.0
2014-12-19,23.139999,23.139999,23.139999,23.139999,23.139999,0,0.0,1.0
2014-12-22,23.120001000000002,23.120001000000002,23.120001000000002,23.120001000000002,23.120001000000002,0,0.0,1.0
2014-12-23,23.299999,23.299999,23.299999,23.299999,23.299999,0,0.0,1.0
2014-12-24,23.32,23.32,23.32,23.32,23.32,0,0.0,1.0
2014-12-26,23.33,23.33,23.33,23.33,23.33,0,0.0,1.0
2014-12-29,23.610001,23.610001,23.610001,23.610001,23.610001,0,0.0,1.0
2014-12-30,23.68,23.68,23.68,23.68,23.68,0,0.0,1.0
2014-12-31,23.549999,23.549999,23.549999,23.549999,23.549999,0,0.0,1.0
2015-01-02,24.0,24.0,24.0,24.0,24.0,0,0.0,1.0
2015-01-05,23.01,23.01,23.01,23.01,23.01,0,0.0,1.0
2015-01-06,22.52,22.52,22.52,22.52,22.52,0,0.0,1.0
2015-01-07,22.469998999999998,22.469998999999998,22.469998999999998,22.469998999999998,22.469998999999998,0,0.0,1.0
2015-01-08,22.75,22.75,22.75,22.75,22.75,0,0.0,1.0
2015-01-09,22.690001000000002,22.690001000000002,22.690001000000002,22.690001000000002,22.690001000000002,0,0.0,1.0
2015-01-12,22.0,22.0,22.0,22.0,22.0,0,0.0,1.0
2015-01-13,21.559998999999998,21.559998999999998,21.559998999999998,21.559998999999998,21.559998999999998,0,0.0,1.0
2015-01-14,21.620001000000002,21.620001000000002,21.620001000000002,21.620001000000002,21.620001000000002,0,0.0,1.0
2015-01-15,21.73,21.73,21.73,21.73,21.73,0,0.0,1.0
2015-01-16,22.26,22.26,22.26,22.26,22.26,0,0.0,1.0
2015-01-20,22.290001,22.290001,22.290001,22.290001,22.290001,0,0.0,1.0
2015-01-21,22.719998999999998,22.719998999999998,22.719998999999998,22.719998999999998,22.719998999999998,0,0.0,1.0
2015-01-22,22.74,22.74,22.74,22.74,22.74,0,0.0,1.0
2015-01-23,22.809998999999998,22.809998999999998,22.809998999999998,22.809998999999998,22.809998999999998,0,0.0,1.0
2015-01-26,22.98,22.98,22.98,22.98,22.98,0,0.0,1.0
2015-01-27,22.950001,22.950001,22.950001,22.950001,22.950001,0,0.0,1.0
2015-01-28,22.48,22.48,22.48,22.48,22.48,0,0.0,1.0
2015-01-29,22.42,22.42,22.42,22.42,22.42,0,0.0,1.0
2015-01-30,22.59,22.59,22.59,22.59,22.59,0,0.0,1.0
2015-02-02,22.950001,22.950001,22.950001,22.950001,22.950001,0,0.0,1.0
2015-02-03,23.209999,23.209999,23.209999,23.209999,23.209999,0,0.0,1.0
2015-02-04,22.959999,22.959999,22.959999,22.959999,22.959999,0,0.0,1.0
2015-02-05,23.299999,23.299999,23.299999,23.299999,23.299999,0,0.0,1.0
2015-02-06,23.24,23.24,23.24,23.24,23.24,0,0.0,1.0
2015-02-09,22.950001,22.950001,22.950001,22.950001,22.950001,0,0.0,1.0
2015-02-10,22.959999,22.959999,22.959999,22.959999,22.959999,0,0.0,1.0
2015-02-11,22.700001,22.700001,22.700001,22.700001,22.700001,0,0.0,1.0
2015-02-12,23.030001000000002,23.030001000000002,23.030001000000002,23.030001000000002,23.030001000000002,0,0.0,1.0
2015-02-13,23.280001000000002,23.280001000000002,23.280001000000002,23.280001000000002,23.280001000000002,0,0.0,1.0
2015-02-17,23.450001,23.450001,23.450001,23.450001,23.450001,0,0.0,1.0
2015-02-18,23.01,23.01,23.01,23.01,23.01,0,0.0,1.0
2015-02-19,22.950001,22.950001,22.950001,22.950001,22.950001,0,0.0,1.0
2015-02-20,23.209999,23.209999,23.209999,23.209999,23.209999,0,0.0,1.0
2015-02-23,22.99,22.99,22.99,22.99,22.99,0,0.0,1.0
2015-02-24,22.950001,22.950001,22.950001,22.950001,22.950001,0,0.0,1.0
2015-02-25,23.17,23.17,23.17,23.17,23.17,0,0.0,1.0
2015-02-26,22.809998999999998,22.809998999999998,22.809998999999998,22.809998999999998,22.809998999999998,0,0.0,1.0
2015-02-27,22.99,22.99,22.99,22.99,22.99,0,0.0,1.0
2015-03-02,22.709999,22.709999,22.709999,22.709999,22.709999,0,0.0,1.0
2015-03-03,22.889999,22.889999,22.889999,22.889999,22.889999,0,0.0,1.0
2015-03-04,22.780001000000002,22.780001000000002,22.780001000000002,22.780001000000002,22.780001000000002,0,0.0,1.0
2015-03-05,22.870001000000002,22.870001000000002,22.870001000000002,22.870001000000002,22.870001000000002,0,0.0,1.0
2015-03-06,22.49,22.49,22.49,22.49,22.49,0,0.0,1.0
2015-03-09,22.200001,22.200001,22.200001,22.200001,22.200001,0,0.0,1.0
2015-03-10,22.15,22.15,22.15,22.15,22.15,0,0.0,1.0
2015-03-11,21.91,21.91,21.91,21.91,21.91,0,0.0,1.0
2015-03-12,21.780001000000002,21.780001000000002,21.780001000000002,21.780001000000002,21.780001000000002,0,0.0,1.0
2015-03-13,21.690001000000002,21.690001000000002,21.690001000000002,21.690001000000002,21.690001000000002,0,0.0,1.0
2015-03-16,21.6,21.6,21.6,21.6,21.6,0,0.0,1.0
2015-03-17,21.75,21.75,21.75,21.75,21.75,0,0.0,1.0
2015-03-18,22.129998999999998,22.129998999999998,22.129998999999998,22.129998999999998,22.129998999999998,0,0.0,1.0
2015-03-19,21.950001,21.950001,21.950001,21.950001,21.950001,0,0.0,1.0
2015-03-20,22.09,22.09,22.09,22.09,22.09,0,0.0,1.0
2015-03-23,22.4,22.4,22.4,22.4,22.4,0,0.0,1.0
2015-03-24,22.09,22.09,22.09,22.09,22.09,0,0.0,1.0
2015-03-25,22.059998999999998,22.059998999999998,22.059998999999998,22.059998999999998,22.059998999999998,0,0.0,1.0
2015-03-26,22.120001000000002,22.120001000000002,22.120001000000002,22.120001000000002,22.120001000000002,0,0.0,1.0
2015-03-27,22.059998999999998,22.059998999999998,22.059998999999998,22.059998999999998,22.059998999999998,0,0.0,1.0
2015-03-30,22.280001000000002,22.280001000000002,22.280001000000002,22.280001000000002,22.280001000000002,0,0.0,1.0
2015-03-31,22.27,22.27,22.27,22.27,22.27,0,0.0,1.0
2015-04-01,22.209999,22.209999,22.209999,22.209999,22.209999,0,0.0,1.0
2015-04-02,22.280001000000002,22.280001000000002,22.280001000000002,22.280001000000002,22.280001000000002,0,0.0,1.0
2015-04-06,22.389999,22.389999,22.389999,22.389999,22.389999,0,0.0,1.0
2015-04-07,22.440001000000002,22.440001000000002,22.440001000000002,22.440001000000002,22.440001000000002,0,0.0,1.0
2015-04-08,22.43,22.43,22.43,22.43,22.43,0,0.0,1.0
2015-04-09,22.49,22.49,22.49,22.49,22.49,0,0.0,1.0
2015-04-10,22.66,22.66,22.66,22.66,22.66,0,0.0,1.0
2015-04-13,22.610001,22.610001,22.610001,22.610001,22.610001,0,0.0,1.0
2015-04-14,22.83,22.83,22.83,22.83,22.83,0,0.0,1.0
2015-04-15,23.08,23.08,23.08,23.08,23.08,0,0.0,1.0
2015-04-16,23.129998999999998,23.129998999999998,23.129998999999998,23.129998999999998,23.129998999999998,0,0.0,1.0
2015-04-17,22.99,22.99,22.99,22.99,22.99,0,0.0,1.0
2015-04-20,23.059998999999998,23.059998999999998,23.059998999999998,23.059998999999998,23.059998999999998,0,0.0,1.0
2015-04-21,22.959999,22.959999,22.959999,22.959999,22.959999,0,0.0,1.0
2015-04-22,22.93,22.93,22.93,22.93,22.93,0,0.0,1.0
2015-04-23,23.139999,23.139999,23.139999,23.139999,23.139999,0,0.0,1.0
2015-04-24,23.200001,23.200001,23.200001,23.200001,23.200001,0,0.0,1.0
2015-04-27,23.139999,23.139999,23.139999,23.139999,23.139999,0,0.0,1.0
2015-04-28,23.120001000000002,23.120001000000002,23.120001000000002,23.120001000000002,23.120001000000002,0,0.0,1.0
2015-04-29,23.26,23.26,23.26,23.26,23.26,0,0.0,1.0
2015-04-30,23.290001,23.290001,23.290001,23.290001,23.290001,0,0.0,1.0
2015-05-01,23.389999,23.389999,23.389999,23.389999,23.389999,0,0.0,1.0
2015-05-04,23.290001,23.290001,23.290001,23.290001,23.290001,0,0.0,1.0
2015-05-05,23.34,23.34,23.34,23.34,23.34,0,0.0,1.0
2015-05-06,23.110001,23.110001,23.110001,23.110001,23.110001,0,0.0,1.0
2015-05-07,22.83,22.83,22.83,22.83,22.83,0,0.0,1.0
2015-05-08,23.01,23.01,23.01,23.01,23.01,0,0.0,1.0
2015-05-11,22.860001,22.860001,22.860001,22.860001,22.860001,0,0.0,1.0
2015-05-12,22.93,22.93,22.93,22.93,22.93,0,0.0,1.0
2015-05-13,23.299999,23.299999,23.299999,23.299999,23.299999,0,0.0,1.0
2015-05-14,23.450001,23.450001,23.450001,23.450001,23.450001,0,0.0,1.0
2015-05-15,23.450001,23.450001,23.450001,23.450001,23.450001,0,0.0,1.0
2015-05-18,23.610001,23.610001,23.610001,23.610001,23.610001,0,0.0,1.0
2015-05-19,23.540001,23.540001,23.540001,23.540001,23.540001,0,0.0,1.0
2015-05-20,23.09,23.09,23.09,23.09,23.09,0,0.0,1.0
2015-05-21,23.139999,23.139999,23.139999,23.139999,23.139999,0,0.0,1.0
2015-05-22,23.209999,23.209999,23.209999,23.209999,23.209999,0,0.0,1.0
2015-05-26,22.98,22.98,22.98,22.98,22.98,0,0.0,1.0
2015-05-27,23.0,23.0,23.0,23.0,23.0,0,0.0,1.0
2015-05-28,22.75,22.75,22.75,22.75,22.75,0,0.0,1.0
2015-05-29,22.68,22.68,22.68,22.68,22.68,0,0.0,1.0
2015-06-01,22.59,22.59,22.59,22.59,22.59,0,0.0,1.0
2015-06-02,22.73,22.73,22.73,22.73,22.73,0,0.0,1.0
2015-06-03,22.35,22.35,22.35,22.35,22.35,0,0.0,1.0
2015-06-04,21.93,21.93,21.93,21.93,21.93,0,0.0,1.0
2015-06-05,22.08,22.08,22.08,22.08,22.08,0,0.0,1.0
2015-06-08,21.9,21.9,21.9,21.9,21.9,0,0.0,1.0
2015-06-09,21.950001,21.950001,21.950001,21.950001,21.950001,0,0.0,1.0
2015-06-10,21.91,21.91,21.91,21.91,21.91,0,0.0,1.0
2015-06-11,21.860001,21.860001,21.860001,21.860001,21.860001,0,0.0,1.0
2015-06-12,21.84,21.84,21.84,21.84,21.84,0,0.0,1.0
2015-06-15,22.120001000000002,22.120001000000002,22.120001000000002,22.120001000000002,22.120001000000002,0,0.0,1.0
2015-06-16,22.07,22.07,22.07,22.07,22.07,0,0.0,1.0
2015-06-17,22.07,22.07,22.07,22.07,22.07,0,0.0,1.0
2015-06-18,22.120001000000002,22.120001000000002,22.120001000000002,22.120001000000002,22.120001000000002,0,0.0,1.0
2015-06-19,21.799999,21.799999,21.799999,21.799999,21.799999,0,0.0,1.0
2015-06-22,21.76,21.76,21.76,21.76,21.76,0,0.0,1.0
2015-06-23,21.780001000000002,21.780001000000002,21.780001000000002,21.780001000000002,21.780001000000002,0,0.0,1.0
2015-06-24,21.77,21.77,21.77,21.77,21.77,0,0.0,1.0
2015-06-25,21.51,21.51,21.51,21.51,21.51,0,0.0,1.0
2015-06-26,21.41,21.41,21.41,21.41,21.41,0,0.0,1.0
2015-06-29,21.030001000000002,21.030001000000002,21.030001000000002,21.030001000000002,21.030001000000002,0,0.0,1.0
2015-06-30,20.84,20.84,20.84,20.84,20.84,0,0.0,1.0
2015-07-01,20.559998999999998,20.559998999999998,20.559998999999998,20.559998999999998,20.559998999999998,0,0.0,1.0
2015-07-02,20.790001,20.790001,20.790001,20.790001,20.790001,0,0.0,1.0
2015-07-06,20.58,20.58,20.58,20.58,20.58,0,0.0,1.0
2015-07-07,20.93,20.93,20.93,20.93,20.93,0,0.0,1.0
2015-07-08,20.559998999999998,20.559998999999998,20.559998999999998,20.559998999999998,20.559998999999998,0,0.0,1.0
2015-07-09,20.66,20.66,20.66,20.66,20.66,0,0.0,1.0
2015-07-10,20.93,20.93,20.93,20.93,20.93,0,0.0,1.0
2015-07-13,21.23,21.23,21.23,21.23,21.23,0,0.0,1.0
2015-07-14,21.360001,21.360001,21.360001,21.360001,21.360001,0,0.0,1.0
2015-07-15,20.969998999999998,20.969998999999998,20.969998999999998,20.969998999999998,20.969998999999998,0,0.0,1.0
2015-07-16,20.780001000000002,20.780001000000002,20.780001000000002,20.780001000000002,20.780001000000002,0,0.0,1.0
2015-07-17,20.48,20.48,20.48,20.48,20.48,0,0.0,1.0
2015-07-20,20.0,20.0,20.0,20.0,20.0,0,0.0,1.0
2015-07-21,19.889999,19.889999,19.889999,19.889999,19.889999,0,0.0,1.0
2015-07-22,19.389999,19.389999,19.389999,19.389999,19.389999,0,0.0,1.0
2015-07-23,19.32,19.32,19.32,19.32,19.32,0,0.0,1.0
2015-07-24,19.41,19.41,19.41,19.41,19.41,0,0.0,1.0
2015-07-27,19.59,19.59,19.59,19.59,19.59,0,0.0,1.0
2015-07-28,20.059998999999998,20.059998999999998,20.059998999999998,20.059998999999998,20.059998999999998,0,0.0,1.0
2015-07-29,20.42,20.42,20.42,20.42,20.42,0,0.0,1.0
2015-07-30,20.299999,20.299999,20.299999,20.299999,20.299999,0,0.0,1.0
2015-07-31,20.110001,20.110001,20.110001,20.110001,20.110001,0,0.0,1.0
2015-08-03,19.66,19.66,19.66,19.66,19.66,0,0.0,1.0
2015-08-04,19.35,19.35,19.35,19.35,19.35,0,0.0,1.0
2015-08-05,18.370001000000002,18.370001000000002,18.370001000000002,18.370001000000002,18.370001000000002,0,0.0,1.0
2015-08-06,18.25,18.25,18.25,18.25,18.25,0,0.0,1.0
2015-08-07,18.120001000000002,18.120001000000002,18.120001000000002,18.120001000000002,18.120001000000002,0,0.0,1.0
2015-08-10,18.620001000000002,18.620001000000002,18.620001000000002,18.620001000000002,18.620001000000002,0,0.0,1.0
2015-08-11,18.530001000000002,18.530001000000002,18.530001000000002,18.530001000000002,18.530001000000002,0,0.0,1.0
2015-08-12,19.01,19.01,19.01,19.01,19.01,0,0.0,1.0
2015-08-13,18.719998999999998,18.719998999999998,18.719998999999998,18.719998999999998,18.719998999999998,0,0.0,1.0
2015-08-14,18.879998999999998,18.879998999999998,18.879998999999998,18.879998999999998,18.879998999999998,0,0.0,1.0
2015-08-17,19.07,19.07,19.07,19.07,19.07,0,0.0,1.0
2015-08-18,18.91,18.91,18.91,18.91,18.91,0,0.0,1.0
2015-08-19,18.280001000000002,18.280001000000002,18.280001000000002,18.280001000000002,18.280001000000002,0,0.0,1.0
2015-08-20,17.870001000000002,17.870001000000002,17.870001000000002,17.870001000000002,17.870001000000002,0,0.0,1.0
2015-08-21,17.48,17.48,17.48,17.48,17.48,0,0.0,1.0
2015-08-24,16.790001,16.790001,16.790001,16.790001,16.790001,0,0.0,1.0
2015-08-25,16.889999,16.889999,16.889999,16.889999,16.889999,0,0.0,1.0
2015-08-26,17.139999,17.139999,17.139999,17.139999,17.139999,0,0.0,1.0
2015-08-27,17.92,17.92,17.92,17.92,17.92,0,0.0,1.0
2015-08-28,18.23,18.23,18.23,18.23,18.23,0,0.0,1.0
2015-08-31,18.139999,18.139999,18.139999,18.139999,18.139999,0,0.0,1.0
2015-09-01,17.66,17.66,17.66,17.66,17.66,0,0.0,1.0
2015-09-02,17.780001000000002,17.780001000000002,17.780001000000002,17.780001000000002,17.780001000000002,0,0.0,1.0
2015-09-03,17.84,17.84,17.84,17.84,17.84,0,0.0,1.0
2015-09-04,17.75,17.75,17.75,17.75,17.75,0,0.0,1.0
2015-09-08,17.75,17.75,17.75,17.75,17.75,0,0.0,1.0
2015-09-09,17.540001,17.540001,17.540001,17.540001,17.540001,0,0.0,1.0
2015-09-10,17.540001,17.540001,17.540001,17.540001,17.540001,0,0.0,1.0
2015-09-11,17.040001,17.040001,17.040001,17.040001,17.040001,0,0.0,1.0
2015-09-14,16.82,16.82,16.82,16.82,16.82,0,0.0,1.0
2015-09-15,16.790001,16.790001,16.790001,16.790001,16.790001,0,0.0,1.0
2015-09-16,16.93,16.93,16.93,16.93,16.93,0,0.0,1.0
2015-09-17,17.059998999999998,17.059998999999998,17.059998999999998,17.059998999999998,17.059998999999998,0,0.0,1.0
2015-09-18,16.940001000000002,16.940001000000002,16.940001000000002,16.940001000000002,16.940001000000002,0,0.0,1.0
2015-09-21,17.07,17.07,17.07,17.07,17.07,0,0.0,1.0
2015-09-22,16.74,16.74,16.74,16.74,16.74,0,0.0,1.0
2015-09-23,16.07,16.07,16.07,16.07,16.07,0,0.0,1.0
2015-09-24,15.85,15.85,15.85,15.85,15.85,0,0.0,1.0
2015-09-25,15.8,15.8,15.8,15.8,15.8,0,0.0,1.0
2015-09-28,14.85,14.85,14.85,14.85,14.85,0,0.0,1.0
2015-09-29,13.49,13.49,13.49,13.49,13.49,0,0.0,1.0
2015-09-30,15.0,15.0,15.0,15.0,15.0,0,0.0,1.0
2015-10-01,15.58,15.58,15.58,15.58,15.58,0,0.0,1.0
2015-10-02,16.09,16.09,16.09,16.09,16.09,0,0.0,1.0
2015-10-05,16.719998999999998,16.719998999999998,16.719998999999998,16.719998999999998,16.719998999999998,0,0.0,1.0
2015-10-06,16.73,16.73,16.73,16.73,16.73,0,0.0,1.0
2015-10-07,17.040001,17.040001,17.040001,17.040001,17.040001,0,0.0,1.0
2015-10-08,17.219998999999998,17.219998999999998,17.219998999999998,17.219998999999998,17.219998999999998,0,0.0,1.0
2015-10-09,17.280001000000002,17.280001000000002,17.280001000000002,17.280001000000002,17.280001000000002,0,0.0,1.0
2015-10-12,16.98,16.98,16.98,16.98,16.98,0,0.0,1.0
2015-10-13,16.719998999999998,16.719998999999998,16.719998999999998,16.719998999999998,16.719998999999998,0,0.0,1.0
2015-10-14,16.709999,16.709999,16.709999,16.709999,16.709999,0,0.0,1.0
2015-10-15,16.98,16.98,16.98,16.98,16.98,0,0.0,1.0
2015-10-16,17.110001,17.110001,17.110001,17.110001,17.110001,0,0.0,1.0
2015-10-19,16.889999,16.889999,16.889999,16.889999,16.889999,0,0.0,1.0
2015-10-20,16.879998999999998,16.879998999999998,16.879998999999998,16.879998999999998,16.879998999999998,0,0.0,1.0
2015-10-21,16.6,16.6,16.6,16.6,16.6,0,0.0,1.0
2015-10-22,16.24,16.24,16.24,16.24,16.24,0,0.0,1.0
2015-10-23,16.09,16.09,16.09,16.09,16.09,0,0.0,1.0
2015-10-26,15.71,15.71,15.71,15.71,15.71,0,0.0,1.0
2015-10-27,15.4,15.4,15.4,15.4,15.4,0,0.0,1.0
2015-10-28,15.91,15.91,15.91,15.91,15.91,0,0.0,1.0
2015-10-29,16.15,16.15,16.15,16.15,16.15,0,0.0,1.0
2015-10-30,16.4,16.4,16.4,16.4,16.4,0,0.0,1.0
2015-11-02,16.58,16.58,16.58,16.58,16.58,0,0.0,1.0
2015-11-03,17.08,17.08,17.08,17.08,17.08,0,0.0,1.0
2015-11-04,16.58,16.58,16.58,16.58,16.58,0,0.0,1.0
2015-11-05,16.440001000000002,16.440001000000002,16.440001000000002,16.440001000000002,16.440001000000002,0,0.0,1.0
2015-11-06,16.209999,16.209999,16.209999,16.209999,16.209999,0,0.0,1.0
2015-11-09,16.030001000000002,16.030001000000002,16.030001000000002,16.030001000000002,16.030001000000002,0,0.0,1.0
2015-11-10,15.99,15.99,15.99,15.99,15.99,0,0.0,1.0
2015-11-11,15.73,15.73,15.73,15.73,15.73,0,0.0,1.0
2015-11-12,15.22,15.22,15.22,15.22,15.22,0,0.0,1.0
2015-11-13,15.22,15.22,15.22,15.22,15.22,0,0.0,1.0
2015-11-16,15.79,15.79,15.79,15.79,15.79,0,0.0,1.0
2015-11-17,15.57,15.57,15.57,15.57,15.57,0,0.0,1.0
2015-11-18,15.32,15.32,15.32,15.32,15.32,0,0.0,1.0
2015-11-19,15.07,15.07,15.07,15.07,15.07,0,0.0,1.0
2015-11-20,14.71,14.71,14.71,14.71,14.71,0,0.0,1.0
2015-11-23,14.67,14.67,14.67,14.67,14.67,0,0.0,1.0
2015-11-24,14.89,14.89,14.89,14.89,14.89,0,0.0,1.0
2015-11-25,14.86,14.86,14.86,14.86,14.86,0,0.0,1.0
2015-11-27,14.8,14.8,14.8,14.8,14.8,0,0.0,1.0
2015-11-30,14.85,14.85,14.85,14.85,14.85,0,0.0,1.0
2015-12-01,14.62,14.62,14.62,14.62,14.62,0,0.0,1.0
2015-12-02,14.12,14.12,14.12,14.12,14.12,0,0.0,1.0
2015-12-03,13.34,13.34,13.34,13.34,13.34,0,0.0,1.0
2015-12-04,12.37,12.37,12.37,12.37,12.37,0,0.0,1.0
2015-12-07,10.98,10.98,10.98,10.98,10.98,0,0.0,1.0
2015-12-08,11.37,11.37,11.37,11.37,11.37,0,0.0,1.0
2015-12-09,12.85,12.85,12.85,12.85,12.85,0,0.0,1.0
2015-12-10,12.5,12.5,12.5,12.5,12.5,0,0.0,1.0
2015-12-11,11.3,11.3,11.3,11.3,11.3,0,0.0,1.0
2015-12-14,10.6,10.6,10.6,10.6,10.6,0,0.0,1.0
2015-12-15,10.82,10.82,10.82,10.82,10.82,0,0.0,1.0
2015-12-16,11.4,11.4,11.4,11.4,11.4,0,0.0,1.0
2015-12-17,10.66,10.66,10.66,10.66,10.66,0,0.0,1.0
2015-12-18,10.78,10.78,10.78,10.78,10.78,0,0.0,1.0
2015-12-21,11.43,11.43,11.43,11.43,11.43,0,0.0,1.0
2015-12-22,12.29,12.29,12.29,12.29,12.29,0,0.0,1.0
2015-12-23,13.44,13.44,13.44,13.44,13.44,0,0.0,1.0
2015-12-24,13.35,13.35,13.35,13.35,13.35,0,0.0,1.0
2015-12-28,12.97,12.97,12.97,12.97,12.97,0,0.0,1.0
2015-12-29,12.84,12.84,12.84,12.84,12.84,0,0.0,1.0
2015-12-30,12.65,12.65,12.65,12.65,12.65,0,0.0,1.0
2015-12-31,13.49,13.49,13.49,13.49,13.49,0,0.0,1.0
2016-01-04,13.62,13.62,13.62,13.62,13.62,0,0.0,1.0
2016-01-05,13.54,13.54,13.54,13.54,13.54,0,0.0,1.0
2016-01-06,12.41,12.41,12.41,12.41,12.41,0,0.0,1.0
2016-01-07,11.29,11.29,11.29,11.29,11.29,0,0.0,1.0
2016-01-08,11.53,11.53,11.53,11.53,11.53,0,0.0,1.0
2016-01-11,10.56,10.56,10.56,10.56,10.56,0,0.0,1.0
2016-01-12,10.3,10.3,10.3,10.3,10.3,0,0.0,1.0
2016-01-13,9.33,9.33,9.33,9.33,9.33,0,0.0,1.0
2016-01-14,10.3,10.3,10.3,10.3,10.3,0,0.0,1.0
2016-01-15,9.43,9.43,9.43,9.43,9.43,0,0.0,1.0
2016-01-19,8.5,8.5,8.5,8.5,8.5,0,0.0,1.0
2016-01-20,7.5,7.5,7.5,7.5,7.5,0,0.0,1.0
2016-01-21,8.14,8.14,8.14,8.14,8.14,0,0.0,1.0
2016-01-22,9.53,9.53,9.53,9.53,9.53,0,0.0,1.0
2016-01-25,9.14,9.14,9.14,9.14,9.14,0,0.0,1.0
2016-01-26,9.66,9.66,9.66,9.66,9.66,0,0.0,1.0
2016-01-27,9.48,9.48,9.48,9.48,9.48,0,0.0,1.0
2016-01-28,10.03,10.03,10.03,10.03,10.03,0,0.0,1.0
2016-01-29,10.26,10.26,10.26,10.26,10.26,0,0.0,1.0
2016-02-01,10.0,10.0,10.0,10.0,10.0,0,0.0,1.0
2016-02-02,9.64,9.64,9.64,9.64,9.64,0,0.0,1.0
2016-02-03,9.62,9.62,9.62,9.62,9.62,0,0.0,1.0
2016-02-04,9.93,9.93,9.93,9.93,9.93,0,0.0,1.0
2016-02-05,9.5,9.5,9.5,9.5,9.5,0,0.0,1.0
2016-02-08,8.15,8.15,8.15,8.15,8.15,0,0.0,1.0
2016-02-09,7.62,7.62,7.62,7.62,7.62,0,0.0,1.0
2016-02-10,7.77,7.77,7.77,7.77,7.77,0,0.0,1.0
2016-02-11,7.06,7.06,7.06,7.06,7.06,0,0.0,1.0
2016-02-12,7.7,7.7,7.7,7.7,7.7,0,0.0,1.0
2016-02-16,7.7,7.7,7.7,7.7,7.7,0,0.0,1.0
2016-02-17,8.86,8.86,8.86,8.86,8.86,0,0.0,1.0
2016-02-18,9.03,9.03,9.03,9.03,9.03,0,0.0,1.0
2016-02-19,8.78,8.78,8.78,8.78,8.78,0,0.0,1.0
2016-02-22,9.36,9.36,9.36,9.36,9.36,0,0.0,1.0
2016-02-23,8.86,8.86,8.86,8.86,8.86,0,0.0,1.0
2016-02-24,9.23,9.23,9.23,9.23,9.23,0,0.0,1.0
2016-02-25,9.28,9.28,9.28,9.28,9.28,0,0.0,1.0
2016-02-26,9.52,9.52,9.52,9.52,9.52,0,0.0,1.0
2016-02-29,9.77,9.77,9.77,9.77,9.77,0,0.0,1.0
2016-03-01,9.82,9.82,9.82,9.82,9.82,0,0.0,1.0
2016-03-02,10.26,10.26,10.26,10.26,10.26,0,0.0,1.0
2016-03-03,10.68,10.68,10.68,10.68,10.68,0,0.0,1.0
2016-03-04,10.66,10.66,10.66,10.66,10.66,0,0.0,1.0
2016-03-07,11.06,11.06,11.06,11.06,11.06,0,0.0,1.0
2016-03-08,10.2,10.2,10.2,10.2,10.2,0,0.0,1.0
2016-03-09,10.39,10.39,10.39,10.39,10.39,0,0.0,1.0
2016-03-10,10.14,10.14,10.14,10.14,10.14,0,0.0,1.0
2016-03-11,10.35,10.35,10.35,10.35,10.35,0,0.0,1.0
2016-03-14,10.43,10.43,10.43,10.43,10.43,0,0.0,1.0
2016-03-15,10.27,10.27,10.27,10.27,10.27,0,0.0,1.0
2016-03-16,10.95,10.95,10.95,10.95,10.95,0,0.0,1.0
2016-03-17,11.33,11.33,11.33,11.33,11.33,0,0.0,1.0
2016-03-18,11.17,11.17,11.17,11.17,11.17,0,0.0,1.0
2016-03-21,10.94,10.94,10.94,10.94,10.94,0,0.0,1.0
2016-03-22,11.18,11.18,11.18,11.18,11.18,0,0.0,1.0
2016-03-23,10.59,10.59,10.59,10.59,10.59,0,0.0,1.0
2016-03-24,10.51,10.51,10.51,10.51,10.51,0,0.0,1.0
2016-03-28,10.36,10.36,10.36,10.36,10.36,0,0.0,1.0
2016-03-29,10.47,10.47,10.47,10.47,10.47,0,0.0,1.0
2016-03-30,10.77,10.77,10.77,10.77,10.77,0,0.0,1.0
2016-03-31,11.02,11.02,11.02,11.02,11.02,0,0.0,1.0
2016-04-01,10.58,10.58,10.58,10.58,10.58,0,0.0,1.0
2016-04-04,10.3,10.3,10.3,10.3,10.3,0,0.0,1.0
2016-04-05,10.15,10.15,10.15,10.15,10.15,0,0.0,1.0
2016-04-06,10.54,10.54,10.54,10.54,10.54,0,0.0,1.0
2016-04-07,10.55,10.55,10.55,10.55,10.55,0,0.0,1.0
2016-04-08,10.86,10.86,10.86,10.86,10.86,0,0.0,1.0
2016-04-11,10.92,10.92,10.92,10.92,10.92,0,0.0,1.0
2016-04-12,11.49,11.49,11.49,11.49,11.49,0,0.0,1.0
2016-04-13,11.51,11.51,11.51,11.51,11.51,0,0.0,1.0
2016-04-14,11.46,11.46,11.46,11.46,11.46,0,0.0,1.0
2016-04-15,11.22,11.22,11.22,11.22,11.22,0,0.0,1.0
2016-04-18,11.68,11.68,11.68,11.68,11.68,0,0.0,1.0
2016-04-19,12.33,12.33,12.33,12.33,12.33,0,0.0,1.0
2016-04-20,12.64,12.64,12.64,12.64,12.64,0,0.0,1.0
2016-04-21,12.64,12.64,12.64,12.64,12.64,0,0.0,1.0
2016-04-22,12.86,12.86,12.86,12.86,12.86,0,0.0,1.0
2016-04-25,12.62,12.62,12.62,12.62,12.62,0,0.0,1.0
2016-04-26,12.64,12.64,12.64,12.64,12.64,0,0.0,1.0
2016-04-27,13.02,13.02,13.02,13.02,13.02,0,0.0,1.0
2016-04-28,12.82,12.82,12.82,12.82,12.82,0,0.0,1.0
2016-04-29,13.05,13.05,13.05,13.05,13.05,0,0.0,1.0
2016-05-02,12.79,12.79,12.79,12.79,12.79,0,0.0,1.0
2016-05-03,12.44,12.44,12.44,12.44,12.44,0,0.0,1.0
2016-05-04,12.57,12.57,12.57,12.57,12.57,0,0.0,1.0
2016-05-05,12.84,12.84,12.84,12.84,12.84,0,0.0,1.0
2016-05-06,12.84,12.84,12.84,12.84,12.84,0,0.0,1.0
2016-05-09,12.56,12.56,12.56,12.56,12.56,0,0.0,1.0
2016-05-10,12.72,12.72,12.72,12.72,12.72,0,0.0,1.0
2016-05-11,12.95,12.95,12.95,12.95,12.95,0,0.0,1.0
2016-05-12,13.11,13.11,13.11,13.11,13.11,0,0.0,1.0
2016-05-13,13.01,13.01,13.01,13.01,13.01,0,0.0,1.0
2016-05-16,13.44,13.44,13.44,13.44,13.44,0,0.0,1.0
2016-05-17,13.6,13.6,13.6,13.6,13.6,0,0.0,1.0
2016-05-18,12.95,12.95,12.95,12.95,12.95,0,0.0,1.0
2016-05-20,13.51,13.51,13.51,13.51,13.51,0,0.0,1.0
2016-05-23,13.41,13.41,13.41,13.41,13.41,0,0.0,1.0
2016-05-24,13.29,13.29,13.29,13.29,13.29,0,0.0,1.0
2016-05-25,13.5,13.5,13.5,13.5,13.5,0,0.0,1.0
2016-05-26,13.34,13.34,13.34,13.34,13.34,0,0.0,1.0
2016-05-27,13.37,13.37,13.37,13.37,13.37,0,0.0,1.0
2016-05-31,13.44,13.44,13.44,13.44,13.44,0,0.0,1.0
2016-06-01,13.73,13.73,13.73,13.73,13.73,0,0.0,1.0
2016-06-02,13.83,13.83,13.83,13.83,13.83,0,0.0,1.0
2016-06-03,13.82,13.82,13.82,13.82,13.82,0,0.0,1.0
2016-06-06,14.06,14.06,14.06,14.06,14.06,0,0.0,1.0
2016-06-07,14.16,14.16,14.16,14.16,14.16,0,0.0,1.0
2016-06-08,14.07,14.07,14.07,14.07,14.07,0,0.0,1.0
2016-06-09,14.0,14.0,14.0,14.0,14.0,0,0.0,1.0
2016-06-10,13.72,13.72,13.72,13.72,13.72,0,0.0,1.0
2016-06-13,13.47,13.47,13.47,13.47,13.47,0,0.0,1.0
2016-06-14,13.27,13.27,13.27,13.27,13.27,0,0.0,1.0
2016-06-15,13.45,13.45,13.45,13.45,13.45,0,0.0,1.0
2016-06-16,13.46,13.46,13.46,13.46,13.46,0,0.0,1.0
2016-06-17,13.58,13.58,13.58,13.58,13.58,0,0.0,1.0
2016-06-20,13.71,13.71,13.71,13.71,13.71,0,0.0,1.0
2016-06-21,13.87,13.87,13.87,13.87,13.87,0,0.0,1.0
2016-06-22,13.85,13.85,13.85,13.85,13.85,0,0.0,1.0
2016-06-23,14.09,14.09,14.09,14.09,14.09,0,0.0,1.0
2016-06-24,13.71,13.71,13.71,13.71,13.71,0,0.0,1.0
2016-06-27,13.08,13.08,13.08,13.08,13.08,0,0.0,1.0
2016-06-28,13.72,13.72,13.72,13.72,13.72,0,0.0,1.0
2016-06-29,13.94,13.94,13.94,13.94,13.94,0,0.0,1.0
2016-06-30,13.94,13.94,13.94,13.94,13.94,0,0.0,1.0
2016-07-01,13.97,13.97,13.97,13.97,13.97,0,0.0,1.0
2016-07-05,13.82,13.82,13.82,13.82,13.82,0,0.0,1.0
2016-07-06,13.82,13.82,13.82,13.82,13.82,0,0.0,1.0
2016-07-07,13.82,13.82,13.82,13.82,13.82,0,0.0,1.0
2016-07-08,13.92,13.92,13.92,13.92,13.92,0,0.0,1.0
2016-07-11,13.93,13.93,13.93,13.93,13.93,0,0.0,1.0
2016-07-12,14.29,14.29,14.29,14.29,14.29,0,0.0,1.0
2016-07-13,14.13,14.13,14.13,14.13,14.13,0,0.0,1.0
2016-07-14,14.18,14.18,14.18,14.18,14.18,0,0.0,1.0
2016-07-15,14.15,14.15,14.15,14.15,14.15,0,0.0,1.0
2016-07-18,14.2,14.2,14.2,14.2,14.2,0,0.0,1.0
2016-07-19,14.18,14.18,14.18,14.18,14.18,0,0.0,1.0
2016-07-20,14.25,14.25,14.25,14.25,14.25,0,0.0,1.0
2016-07-21,14.15,14.15,14.15,14.15,14.15,0,0.0,1.0
2016-07-22,14.15,14.15,14.15,14.15,14.15,0,0.0,1.0
2016-07-25,14.01,14.01,14.01,14.01,14.01,0,0.0,1.0
2016-07-26,13.92,13.92,13.92,13.92,13.92,0,0.0,1.0
2016-07-27,13.79,13.79,13.79,13.79,13.79,0,0.0,1.0
2016-07-28,13.78,13.78,13.78,13.78,13.78,0,0.0,1.0
2016-07-29,13.93,13.93,13.93,13.93,13.93,0,0.0,1.0
2016-08-01,13.62,13.62,13.62,13.62,13.62,0,0.0,1.0
2016-08-02,13.67,13.67,13.67,13.67,13.67,0,0.0,1.0
2016-08-03,13.96,13.96,13.96,13.96,13.96,0,0.0,1.0
2016-08-04,14.01,14.01,14.01,14.01,14.01,0,0.0,1.0
2016-08-05,14.04,14.04,14.04,14.04,14.04,0,0.0,1.0
2016-08-08,14.18,14.18,14.18,14.18,14.18,0,0.0,1.0
2016-08-09,14.1,14.1,14.1,14.1,14.1,0,0.0,1.0
2016-08-10,13.99,13.99,13.99,13.99,13.99,0,0.0,1.0
2016-08-11,14.08,14.08,14.08,14.08,14.08,0,0.0,1.0
2016-08-12,14.15,14.15,14.15,14.15,14.15,0,0.0,1.0
2016-08-15,14.23,14.23,14.23,14.23,14.23,0,0.0,1.0
2016-08-16,14.23,14.23,14.23,14.23,14.23,0,0.0,1.0
2016-08-17,13.93,13.93,13.93,13.93,13.93,0,0.0,1.0
2016-08-18,14.1,14.1,14.1,14.1,14.1,0,0.0,1.0
2016-08-19,13.97,13.97,13.97,13.97,13.97,0,0.0,1.0
2016-08-22,13.82,13.82,13.82,13.82,13.82,0,0.0,1.0
2016-08-23,13.86,13.86,13.86,13.86,13.86,0,0.0,1.0
2016-08-24,13.76,13.76,13.76,13.76,13.76,0,0.0,1.0
2016-08-25,13.76,13.76,13.76,13.76,13.76,0,0.0,1.0
2016-08-26,13.8,13.8,13.8,13.8,13.8,0,0.0,1.0
2016-08-29,13.84,13.84,13.84,13.84,13.84,0,0.0,1.0
2016-08-30,13.79,13.79,13.79,13.79,13.79,0,0.0,1.0
2016-08-31,13.77,13.77,13.77,13.77,13.77,0,0.0,1.0
2016-09-01,13.76,13.76,13.76,13.76,13.76,0,0.0,1.0
2016-09-02,13.92,13.92,13.92,13.92,13.92,0,0.0,1.0
2016-09-06,14.07,14.07,14.07,14.07,14.07,0,0.0,1.0
2016-09-07,14.15,14.15,14.15,14.15,14.15,0,0.0,1.0
2016-09-08,14.15,14.15,14.15,14.15,14.15,0,0.0,1.0
2016-09-09,13.92,13.92,13.92,13.92,13.92,0,0.0,1.0
2016-09-12,13.87,13.87,13.87,13.87,13.87,0,0.0,1.0
2016-09-13,13.53,13.53,13.53,13.53,13.53,0,0.0,1.0
2016-09-14,13.54,13.54,13.54,13.54,13.54,0,0.0,1.0
2016-09-15,13.54,13.54,13.54,13.54,13.54,0,0.0,1.0
2016-09-16,13.57,13.57,13.57,13.57,13.57,0,0.0,1.0
2016-09-19,13.73,13.73,13.73,13.73,13.73,0,0.0,1.0
2016-09-20,13.65,13.65,13.65,13.65,13.65,0,0.0,1.0
2016-09-21,13.92,13.92,13.92,13.92,13.92,0,0.0,1.0
2016-09-22,14.09,14.09,14.09,14.09,14.09,0,0.0,1.0
2016-09-23,14.0,14.0,14.0,14.0,14.0,0,0.0,1.0
2016-09-26,14.0,14.0,14.0,14.0,14.0,0,0.0,1.0
2016-09-27,13.92,13.92,13.92,13.92,13.92,0,0.0,1.0
2016-09-28,14.22,14.22,14.22,14.22,14.22,0,0.0,1.0
2016-09-29,14.19,14.19,14.19,14.19,14.19,0,0.0,1.0
2016-09-30,14.26,14.26,14.26,14.26,14.26,0,0.0,1.0
2016-10-03,14.16,14.16,14.16,14.16,14.16,0,0.0,1.0
2016-10-04,14.02,14.02,14.02,14.02,14.02,0,0.0,1.0
2016-10-05,14.12,14.12,14.12,14.12,14.12,0,0.0,1.0
2016-10-06,14.03,14.03,14.03,14.03,14.03,0,0.0,1.0
2016-10-07,14.01,14.01,14.01,14.01,14.01,0,0.0,1.0
2016-10-10,14.2,14.2,14.2,14.2,14.2,0,0.0,1.0
2016-10-11,14.12,14.12,14.12,14.12,14.12,0,0.0,1.0
2016-10-12,14.1,14.1,14.1,14.1,14.1,0,0.0,1.0
2016-10-13,14.1,14.1,14.1,14.1,14.1,0,0.0,1.0
2016-10-14,14.08,14.08,14.08,14.08,14.08,0,0.0,1.0
2016-10-17,14.09,14.09,14.09,14.09,14.09,0,0.0,1.0
2016-10-18,14.19,14.19,14.19,14.19,14.19,0,0.0,1.0
2016-10-19,14.29,14.29,14.29,14.29,14.29,0,0.0,1.0
2016-10-20,14.27,14.27,14.27,14.27,14.27,0,0.0,1.0
2016-10-21,14.26,14.26,14.26,14.26,14.26,0,0.0,1.0
2016-10-24,14.21,14.21,14.21,14.21,14.21,0,0.0,1.0
2016-10-25,14.04,14.04,14.04,14.04,14.04,0,0.0,1.0
2016-10-26,14.05,14.05,14.05,14.05,14.05,0,0.0,1.0
2016-10-27,14.03,14.03,14.03,14.03,14.03,0,0.0,1.0
2016-10-28,13.91,13.91,13.91,13.91,13.91,0,0.0,1.0
2016-10-31,13.76,13.76,13.76,13.76,13.76,0,0.0,1.0
2016-11-01,13.64,13.64,13.64,13.64,13.64,0,0.0,1.0
2016-11-02,13.58,13.58,13.58,13.58,13.58,0,0.0,1.0
2016-11-03,13.53,13.53,13.53,13.53,13.53,0,0.0,1.0
2016-11-04,13.36,13.36,13.36,13.36,13.36,0,0.0,1.0
2016-11-07,13.54,13.54,13.54,13.54,13.54,0,0.0,1.0
2016-11-08,13.58,13.58,13.58,13.58,13.58,0,0.0,1.0
2016-11-09,13.88,13.88,13.88,13.88,13.88,0,0.0,1.0
2016-11-10,13.9,13.9,13.9,13.9,13.9,0,0.0,1.0
2016-11-11,13.78,13.78,13.78,13.78,13.78,0,0.0,1.0
2016-11-14,13.88,13.88,13.88,13.88,13.88,0,0.0,1.0
2016-11-15,14.09,14.09,14.09,14.09,14.09,0,0.0,1.0
2016-11-16,13.62,13.62,13.62,13.62,13.62,0,0.0,1.0
2016-11-17,13.66,13.66,13.66,13.66,13.66,0,0.0,1.0
2016-11-18,13.78,13.78,13.78,13.78,13.78,0,0.0,1.0
2016-11-21,13.97,13.97,13.97,13.97,13.97,0,0.0,1.0
2016-11-22,13.9,13.9,13.9,13.9,13.9,0,0.0,1.0
2016-11-23,13.9,13.9,13.9,13.9,13.9,0,0.0,1.0
2016-11-25,13.9,13.9,13.9,13.9,13.9,0,0.0,1.0
2016-11-28,13.59,13.59,13.59,13.59,13.59,0,0.0,1.0
2016-11-29,13.43,13.43,13.43,13.43,13.43,0,0.0,1.0
2016-11-30,13.88,13.88,13.88,13.88,13.88,0,0.0,1.0
2016-12-01,13.68,13.68,13.68,13.68,13.68,0,0.0,1.0
2016-12-02,13.75,13.75,13.75,13.75,13.75,0,0.0,1.0
2016-12-05,13.77,13.77,13.77,13.77,13.77,0,0.0,1.0
2016-12-06,13.74,13.74,13.74,13.74,13.74,0,0.0,1.0
2016-12-07,13.82,13.82,13.82,13.82,13.82,0,0.0,1.0
2016-12-08,13.92,13.92,13.92,13.92,13.92,0,0.0,1.0
2016-12-09,13.9,13.9,13.9,13.9,13.9,0,0.0,1.0
2016-12-12,13.91,13.91,13.91,13.91,13.91,0,0.0,1.0
2016-12-13,13.98,13.98,13.98,13.98,13.98,0,0.0,1.0
2016-12-14,13.76,13.76,13.76,13.76,13.76,0,0.0,1.0
2016-12-15,13.89,13.89,13.89,13.89,13.89,0,0.0,1.0
2016-12-16,14.04,14.04,14.04,14.04,14.04,0,0.0,1.0
2016-12-19,14.06,14.06,14.06,14.06,14.06,0,0.0,1.0
2016-12-20,14.13,14.13,14.13,14.13,14.13,0,0.0,1.0
2016-12-21,14.31,14.31,14.31,14.31,14.31,0,0.0,1.0
2016-12-22,14.42,14.42,14.42,14.42,14.42,0,0.0,1.0
2016-12-23,14.49,14.49,14.49,14.49,14.49,0,0.0,1.0
2016-12-27,14.51,14.51,14.51,14.51,14.51,0,0.0,1.0
2016-12-28,14.42,14.42,14.42,14.42,14.42,0,0.0,1.0
2016-12-29,14.41,14.41,14.41,14.41,14.41,0,0.0,1.0
2016-12-30,14.44,14.44,14.44,14.44,14.44,0,0.0,1.0
2017-01-03,14.56,14.56,14.56,14.56,14.56,0,0.0,1.0
2017-01-04,14.64,14.64,14.64,14.64,14.64,0,0.0,1.0
2017-01-05,14.68,14.68,14.68,14.68,14.68,0,0.0,1.0
2017-01-06,14.76,14.76,14.76,14.76,14.76,0,0.0,1.0
2017-01-09,14.62,14.62,14.62,14.62,14.62,0,0.0,1.0
2017-01-10,14.45,14.45,14.45,14.45,14.45,0,0.0,1.0
2017-01-11,14.59,14.59,14.59,14.59,14.59,0,0.0,1.0
2017-01-12,14.54,14.54,14.54,14.54,14.54,0,0.0,1.0
2017-01-13,14.59,14.59,14.59,14.59,14.59,0,0.0,1.0
2017-01-17,14.71,14.71,14.71,14.71,14.71,0,0.0,1.0
2017-01-18,14.65,14.65,14.65,14.65,14.65,0,0.0,1.0
2017-01-19,14.6,14.6,14.6,14.6,14.6,0,0.0,1.0
2017-01-20,14.63,14.63,14.63,14.63,14.63,0,0.0,1.0
2017-01-23,14.59,14.59,14.59,14.59,14.59,0,0.0,1.0
2017-01-24,14.86,14.86,14.86,14.86,14.86,0,0.0,1.0
2017-01-25,15.05,15.05,15.05,15.05,15.05,0,0.0,1.0
2017-01-26,15.25,15.25,15.25,15.25,15.25,0,0.0,1.0
2017-01-27,15.11,15.11,15.11,15.11,15.11,0,0.0,1.0
2017-01-30,14.8,14.8,14.8,14.8,14.8,0,0.0,1.0
2017-01-31,14.86,14.86,14.86,14.86,14.86,0,0.0,1.0
2017-02-01,15.09,15.09,15.09,15.09,15.09,0,0.0,1.0
2017-02-02,15.17,15.17,15.17,15.17,15.17,0,0.0,1.0
2017-02-03,15.28,15.28,15.28,15.28,15.28,0,0.0,1.0
2017-02-06,15.25,15.25,15.25,15.25,15.25,0,0.0,1.0
2017-02-07,15.14,15.14,15.14,15.14,15.14,0,0.0,1.0
2017-02-08,15.13,15.13,15.13,15.13,15.13,0,0.0,1.0
2017-02-09,15.21,15.21,15.21,15.21,15.21,0,0.0,1.0
2017-02-10,15.22,15.22,15.22,15.22,15.22,0,0.0,1.0
2017-02-13,15.24,15.24,15.24,15.24,15.24,0,0.0,1.0
2017-02-14,15.32,15.32,15.32,15.32,15.32,0,0.0,1.0
2017-02-15,15.16,15.16,15.16,15.16,15.16,0,0.0,1.0
2017-02-16,15.02,15.02,15.02,15.02,15.02,0,0.0,1.0
2017-02-17,14.98,14.98,14.98,14.98,14.98,0,0.0,1.0
2017-02-21,15.08,15.08,15.08,15.08,15.08,0,0.0,1.0
2017-02-22,14.9,14.9,14.9,14.9,14.9,0,0.0,1.0
2017-02-23,14.89,14.89,14.89,14.89,14.89,0,0.0,1.0
2017-02-24,14.71,14.71,14.71,14.71,14.71,0,0.0,1.0
2017-02-27,14.68,14.68,14.68,14.68,14.68,0,0.0,1.0
2017-02-28,14.74,14.74,14.74,14.74,14.74,0,0.0,1.0
2017-03-01,14.9,14.9,14.9,14.9,14.9,0,0.0,1.0
2017-03-02,14.89,14.89,14.89,14.89,14.89,0,0.0,1.0
2017-03-03,14.9,14.9,14.9,14.9,14.9,0,0.0,1.0
2017-03-06,14.9,14.9,14.9,14.9,14.9,0,0.0,1.0
2017-03-07,14.86,14.86,14.86,14.86,14.86,0,0.0,1.0
2017-03-08,14.6,14.6,14.6,14.6,14.6,0,0.0,1.0
2017-03-09,14.53,14.53,14.53,14.53,14.53,0,0.0,1.0
2017-03-10,14.55,14.55,14.55,14.55,14.55,0,0.0,1.0
2017-03-13,14.57,14.57,14.57,14.57,14.57,0,0.0,1.0
2017-03-14,14.41,14.41,14.41,14.41,14.41,0,0.0,1.0
2017-03-15,14.58,14.58,14.58,14.58,14.58,0,0.0,1.0
2017-03-16,14.57,14.57,14.57,14.57,14.57,0,0.0,1.0
2017-03-17,14.45,14.45,14.45,14.45,14.45,0,0.0,1.0
2017-03-20,14.48,14.48,14.48,14.48,14.48,0,0.0,1.0
2017-03-21,14.36,14.36,14.36,14.36,14.36,0,0.0,1.0
2017-03-22,14.33,14.33,14.33,14.33,14.33,0,0.0,1.0
2017-03-23,14.39,14.39,14.39,14.39,14.39,0,0.0,1.0
2017-03-24,14.47,14.47,14.47,14.47,14.47,0,0.0,1.0
2017-03-27,14.4,14.4,14.4,14.4,14.4,0,0.0,1.0
2017-03-28,14.47,14.47,14.47,14.47,14.47,0,0.0,1.0
2017-03-29,14.64,14.64,14.64,14.64,14.64,0,0.0,1.0
2017-03-30,14.63,14.63,14.63,14.63,14.63,0,0.0,1.0
2017-03-31,14.79,14.79,14.79,14.79,14.79,0,0.0,1.0
2017-04-03,14.77,14.77,14.77,14.77,14.77,0,0.0,1.0
2017-04-04,14.81,14.81,14.81,14.81,14.81,0,0.0,1.0
2017-04-05,14.73,14.73,14.73,14.73,14.73,0,0.0,1.0
2017-04-06,14.86,14.86,14.86,14.86,14.86,0,0.0,1.0
2017-04-07,14.82,14.82,14.82,14.82,14.82,0,0.0,1.0
2017-04-10,14.83,14.83,14.83,14.83,14.83,0,0.0,1.0
2017-04-11,14.75,14.75,14.75,14.75,14.75,0,0.0,1.0
2017-04-12,14.67,14.67,14.67,14.67,14.67,0,0.0,1.0
2017-04-13,14.56,14.56,14.56,14.56,14.56,0,0.0,1.0
2017-04-17,14.57,14.57,14.57,14.57,14.57,0,0.0,1.0
2017-04-18,14.59,14.59,14.59,14.59,14.59,0,0.0,1.0
2017-04-19,14.48,14.48,14.48,14.48,14.48,0,0.0,1.0
2017-04-20,14.51,14.51,14.51,14.51,14.51,0,0.0,1.0
2017-04-21,14.49,14.49,14.49,14.49,14.49,0,0.0,1.0
2017-04-24,14.58,14.58,14.58,14.58,14.58,0,0.0,1.0
2017-04-25,14.75,14.75,14.75,14.75,14.75,0,0.0,1.0
2017-04-26,14.69,14.69,14.69,14.69,14.69,0,0.0,1.0
2017-04-27,14.59,14.59,14.59,14.59,14.59,0,0.0,1.0
2017-04-28,14.59,14.59,14.59,14.59,14.59,0,0.0,1.0
2017-05-01,14.63,14.63,14.63,14.63,14.63,0,0.0,1.0
2017-05-02,14.56,14.56,14.56,14.56,14.56,0,0.0,1.0
2017-05-03,14.42,14.42,14.42,14.42,14.42,0,0.0,1.0
2017-05-04,14.03,14.03,14.03,14.03,14.03,0,0.0,1.0
2017-05-05,14.3,14.3,14.3,14.3,14.3,0,0.0,1.0
2017-05-08,14.35,14.35,14.35,14.35,14.35,0,0.0,1.0
2017-05-09,14.2,14.2,14.2,14.2,14.2,0,0.0,1.0
2017-05-10,14.38,14.38,14.38,14.38,14.38,0,0.0,1.0
2017-05-11,14.32,14.32,14.32,14.32,14.32,0,0.0,1.0
2017-05-12,14.35,14.35,14.35,14.35,14.35,0,0.0,1.0
2017-05-15,14.44,14.44,14.44,14.44,14.44,0,0.0,1.0
2017-05-16,14.39,14.39,14.39,14.39,14.39,0,0.0,1.0
2017-05-17,13.87,13.87,13.87,13.87,13.87,0,0.0,1.0
2017-05-18,13.87,13.87,13.87,13.87,13.87,0,0.0,1.0
2017-05-19,14.06,14.06,14.06,14.06,14.06,0,0.0,1.0
2017-05-22,14.11,14.11,14.11,14.11,14.11,0,0.0,1.0
2017-05-23,14.16,14.16,14.16,14.16,14.16,0,0.0,1.0
2017-05-24,14.11,14.11,14.11,14.11,14.11,0,0.0,1.0
2017-05-25,13.97,13.97,13.97,13.97,13.97,0,0.0,1.0
2017-05-26,13.91,13.91,13.91,13.91,13.91,0,0.0,1.0
2017-05-30,13.72,13.72,13.72,13.72,13.72,0,0.0,1.0
2017-05-31,13.7,13.7,13.7,13.7,13.7,0,0.0,1.0
2017-06-01,13.87,13.87,13.87,13.87,13.87,0,0.0,1.0
2017-06-02,13.67,13.67,13.67,13.67,13.67,0,0.0,1.0
2017-06-05,13.69,13.69,13.69,13.69,13.69,0,0.0,1.0
2017-06-06,13.72,13.72,13.72,13.72,13.72,0,0.0,1.0
2017-06-07,13.5,13.5,13.5,13.5,13.5,0,0.0,1.0
2017-06-08,13.43,13.43,13.43,13.43,13.43,0,0.0,1.0
2017-06-09,13.53,13.53,13.53,13.53,13.53,0,0.0,1.0
2017-06-12,13.55,13.55,13.55,13.55,13.55,0,0.0,1.0
2017-06-13,13.58,13.58,13.58,13.58,13.58,0,0.0,1.0
2017-06-14,13.3,13.3,13.3,13.3,13.3,0,0.0,1.0
2017-06-15,13.13,13.13,13.13,13.13,13.13,0,0.0,1.0
2017-06-16,13.31,13.31,13.31,13.31,13.31,0,0.0,1.0
2017-06-19,13.14,13.14,13.14,13.14,13.14,0,0.0,1.0
2017-06-20,12.7,12.7,12.7,12.7,12.7,0,0.0,1.0
2017-06-21,12.6,12.6,12.6,12.6,12.6,0,0.0,1.0
2017-06-22,12.73,12.73,12.73,12.73,12.73,0,0.0,1.0
2017-06-23,12.99,12.99,12.99,12.99,12.99,0,0.0,1.0
2017-06-26,13.15,13.15,13.15,13.15,13.15,0,0.0,1.0
2017-06-27,13.1,13.1,13.1,13.1,13.1,0,0.0,1.0
2017-06-28,13.26,13.26,13.26,13.26,13.26,0,0.0,1.0
2017-06-29,13.32,13.32,13.32,13.32,13.32,0,0.0,1.0
2017-06-30,13.44,13.44,13.44,13.44,13.44,0,0.0,1.0
2017-07-03,13.62,13.62,13.62,13.62,13.62,0,0.0,1.0
2017-07-05,13.42,13.42,13.42,13.42,13.42,0,0.0,1.0
2017-07-06,13.39,13.39,13.39,13.39,13.39,0,0.0,1.0
2017-07-07,13.41,13.41,13.41,13.41,13.41,0,0.0,1.0
2017-07-10,13.31,13.31,13.31,13.31,13.31,0,0.0,1.0
2017-07-11,13.32,13.32,13.32,13.32,13.32,0,0.0,1.0
2017-07-12,13.45,13.45,13.45,13.45,13.45,0,0.0,1.0
2017-07-13,13.43,13.43,13.43,13.43,13.43,0,0.0,1.0
2017-07-14,13.64,13.64,13.64,13.64,13.64,0,0.0,1.0
2017-07-17,13.61,13.61,13.61,13.61,13.61,0,0.0,1.0
2017-07-18,13.63,13.63,13.63,13.63,13.63,0,0.0,1.0
2017-07-19,13.62,13.62,13.62,13.62,13.62,0,0.0,1.0
2017-07-20,13.55,13.55,13.55,13.55,13.55,0,0.0,1.0
2017-07-21,13.47,13.47,13.47,13.47,13.47,0,0.0,1.0
2017-07-24,13.51,13.51,13.51,13.51,13.51,0,0.0,1.0
2017-07-25,13.58,13.58,13.58,13.58,13.58,0,0.0,1.0
2017-07-26,13.54,13.54,13.54,13.54,13.54,0,0.0,1.0
2017-07-27,13.56,13.56,13.56,13.56,13.56,0,0.0,1.0
2017-07-28,13.54,13.54,13.54,13.54,13.54,0,0.0,1.0
2017-07-31,13.57,13.57,13.57,13.57,13.57,0,0.0,1.0
2017-08-01,13.59,13.59,13.59,13.59,13.59,0,0.0,1.0
2017-08-02,13.59,13.59,13.59,13.59,13.59,0,0.0,1.0
2017-08-03,13.46,13.46,13.46,13.46,13.46,0,0.0,1.0
2017-08-04,13.37,13.37,13.37,13.37,13.37,0,0.0,1.0
2017-08-07,13.31,13.31,13.31,13.31,13.31,0,0.0,1.0
2017-08-08,13.05,13.05,13.05,13.05,13.05,0,0.0,1.0
2017-08-09,13.12,13.12,13.12,13.12,13.12,0,0.0,1.0
2017-08-10,13.0,13.0,13.0,13.0,13.0,0,0.0,1.0
2017-08-11,12.96,12.96,12.96,12.96,12.96,0,0.0,1.0
2017-08-14,12.95,12.95,12.95,12.95,12.95,0,0.0,1.0
2017-08-15,12.77,12.77,12.77,12.77,12.77,0,0.0,1.0
2017-08-16,12.71,12.71,12.71,12.71,12.71,0,0.0,1.0
2017-08-17,12.66,12.66,12.66,12.66,12.66,0,0.0,1.0
2017-08-18,12.67,12.67,12.67,12.67,12.67,0,0.0,1.0
2017-08-21,12.56,12.56,12.56,12.56,12.56,0,0.0,1.0
2017-08-22,12.71,12.71,12.71,12.71,12.71,0,0.0,1.0
2017-08-23,12.56,12.56,12.56,12.56,12.56,0,0.0,1.0
2017-08-24,12.56,12.56,12.56,12.56,12.56,0,0.0,1.0
2017-08-25,12.59,12.59,12.59,12.59,12.59,0,0.0,1.0
2017-08-28,12.54,12.54,12.54,12.54,12.54,0,0.0,1.0
2017-08-29,12.59,12.59,12.59,12.59,12.59,0,0.0,1.0
2017-08-30,12.66,12.66,12.66,12.66,12.66,0,0.0,1.0
2017-08-31,12.89,12.89,12.89,12.89,12.89,0,0.0,1.0
2017-09-01,12.9,12.9,12.9,12.9,12.9,0,0.0,1.0
2017-09-05,12.82,12.82,12.82,12.82,12.82,0,0.0,1.0
2017-09-06,12.89,12.89,12.89,12.89,12.89,0,0.0,1.0
2017-09-07,12.9,12.9,12.9,12.9,12.9,0,0.0,1.0
2017-09-08,12.83,12.83,12.83,12.83,12.83,0,0.0,1.0
2017-09-11,12.9,12.9,12.9,12.9,12.9,0,0.0,1.0
2017-09-12,12.9,12.9,12.9,12.9,12.9,0,0.0,1.0
2017-09-13,12.99,12.99,12.99,12.99,12.99,0,0.0,1.0
2017-09-14,13.04,13.04,13.04,13.04,13.04,0,0.0,1.0
2017-09-15,12.96,12.96,12.96,12.96,12.96,0,0.0,1.0
2017-09-18,12.99,12.99,12.99,12.99,12.99,0,0.0,1.0
2017-09-19,12.95,12.95,12.95,12.95,12.95,0,0.0,1.0
2017-09-20,12.95,12.95,12.95,12.95,12.95,0,0.0,1.0
2017-09-21,12.84,12.84,12.84,12.84,12.84,0,0.0,1.0
2017-09-22,12.85,12.85,12.85,12.85,12.85,0,0.0,1.0
2017-09-25,13.08,13.08,13.08,13.08,13.08,0,0.0,1.0
2017-09-26,13.05,13.05,13.05,13.05,13.05,0,0.0,1.0
2017-09-27,13.02,13.02,13.02,13.02,13.02,0,0.0,1.0
2017-09-28,12.96,12.96,12.96,12.96,12.96,0,0.0,1.0
2017-09-29,13.01,13.01,13.01,13.01,13.01,0,0.0,1.0
2017-10-02,13.01,13.01,13.01,13.01,13.01,0,0.0,1.0
2017-10-03,13.03,13.03,13.03,13.03,13.03,0,0.0,1.0
2017-10-04,13.03,13.03,13.03,13.03,13.03,0,0.0,1.0
2017-10-05,13.14,13.14,13.14,13.14,13.14,0,0.0,1.0
2017-10-06,13.12,13.12,13.12,13.12,13.12,0,0.0,1.0
2017-10-09,13.07,13.07,13.07,13.07,13.07,0,0.0,1.0
2017-10-10,13.07,13.07,13.07,13.07,13.07,0,0.0,1.0
2017-10-11,13.13,13.13,13.13,13.13,13.13,0,0.0,1.0
2017-10-12,13.03,13.03,13.03,13.03,13.03,0,0.0,1.0
2017-10-13,12.95,12.95,12.95,12.95,12.95,0,0.0,1.0
2017-10-16,12.86,12.86,12.86,12.86,12.86,0,0.0,1.0
2017-10-17,12.8,12.8,12.8,12.8,12.8,0,0.0,1.0
2017-10-18,12.61,12.61,12.61,12.61,12.61,0,0.0,1.0
2017-10-19,12.65,12.65,12.65,12.65,12.65,0,0.0,1.0
2017-10-20,12.57,12.57,12.57,12.57,12.57,0,0.0,1.0
2017-10-23,12.42,12.42,12.42,12.42,12.42,0,0.0,1.0
2017-10-24,12.38,12.38,12.38,12.38,12.38,0,0.0,1.0
2017-10-25,12.1,12.1,12.1,12.1,12.1,0,0.0,1.0
2017-10-26,12.18,12.18,12.18,12.18,12.18,0,0.0,1.0
2017-10-27,12.38,12.38,12.38,12.38,12.38,0,0.0,1.0
2017-10-30,12.43,12.43,12.43,12.43,12.43,0,0.0,1.0
2017-10-31,12.43,12.43,12.43,12.43,12.43,0,0.0,1.0
2017-11-01,12.59,12.59,12.59,12.59,12.59,0,0.0,1.0
2017-11-02,12.41,12.41,12.41,12.41,12.41,0,0.0,1.0
2017-11-03,12.47,12.47,12.47,12.47,12.47,0,0.0,1.0
2017-11-06,12.62,12.62,12.62,12.62,12.62,0,0.0,1.0
2017-11-07,12.67,12.67,12.67,12.67,12.67,0,0.0,1.0
2017-11-08,12.52,12.52,12.52,12.52,12.52,0,0.0,1.0
2017-11-09,12.5,12.5,12.5,12.5,12.5,0,0.0,1.0
2017-11-10,12.45,12.45,12.45,12.45,12.45,0,0.0,1.0
2017-11-13,12.26,12.26,12.26,12.26,12.26,0,0.0,1.0
2017-11-14,11.97,11.97,11.97,11.97,11.97,0,0.0,1.0
2017-11-15,12.02,12.02,12.02,12.02,12.02,0,0.0,1.0
2017-11-16,12.02,12.02,12.02,12.02,12.02,0,0.0,1.0
2017-11-17,12.04,12.04,12.04,12.04,12.04,0,0.0,1.0
2017-11-20,12.07,12.07,12.07,12.07,12.07,0,0.0,1.0
2017-11-21,11.86,11.86,11.86,11.86,11.86,0,0.0,1.0
2017-11-22,11.71,11.71,11.71,11.71,11.71,0,0.0,1.0
2017-11-24,11.66,11.66,11.66,11.66,11.66,0,0.0,1.0
2017-11-27,11.45,11.45,11.45,11.45,11.45,0,0.0,1.0
2017-11-28,11.41,11.41,11.41,11.41,11.41,0,0.0,1.0
2017-11-29,11.35,11.35,11.35,11.35,11.35,0,0.0,1.0
2017-11-30,11.94,11.94,11.94,11.94,11.94,0,0.0,1.0
2017-12-01,11.94,11.94,11.94,11.94,11.94,0,0.0,1.0
2017-12-04,12.08,12.08,12.08,12.08,12.08,0,0.0,1.0
2017-12-05,12.03,12.03,12.03,12.03,12.03,0,0.0,1.0
2017-12-06,11.75,11.75,11.75,11.75,11.75,0,0.0,1.0
2017-12-07,12.02,12.02,12.02,12.02,12.02,0,0.0,1.0
2017-12-08,12.05,12.05,12.05,12.05,12.05,0,0.0,1.0
2017-12-11,12.23,12.23,12.23,12.23,12.23,0,0.0,1.0
2017-12-12,12.3,12.3,12.3,12.3,12.3,0,0.0,1.0
2017-12-13,12.34,12.34,12.34,12.34,12.34,0,0.0,1.0
2017-12-14,12.39,12.39,12.39,12.39,12.39,0,0.0,1.0
2017-12-15,12.3,12.3,12.3,12.3,12.3,0,0.0,1.0
2017-12-18,12.39,12.39,12.39,12.39,12.39,0,0.0,1.0
2017-12-19,12.27,12.27,12.27,12.27,12.27,0,0.0,1.0
2017-12-20,12.23,12.23,12.23,12.23,12.23,0,0.0,1.0
2017-12-21,12.28,12.28,12.28,12.28,12.28,0,0.0,1.0
2017-12-22,12.44,12.44,12.44,12.44,12.44,0,0.0,1.0
2017-12-26,12.53,12.53,12.53,12.53,12.53,0,0.0,1.0
2017-12-27,12.47,12.47,12.47,12.47,12.47,0,0.0,1.0
2017-12-28,12.54,12.54,12.54,12.54,12.54,0,0.0,1.0
2017-12-29,12.55,12.55,12.55,12.55,12.55,0,0.0,1.0
2018-01-02,12.82,12.82,12.82,12.82,12.82,0,0.0,1.0
2018-01-03,13.15,13.15,13.15,13.15,13.15,0,0.0,1.0
2018-01-04,13.24,13.24,13.24,13.24,13.24,0,0.0,1.0
2018-01-05,13.11,13.11,13.11,13.11,13.11,0,0.0,1.0
2018-01-08,13.18,13.18,13.18,13.18,13.18,0,0.0,1.0
2018-01-09,13.2,13.2,13.2,13.2,13.2,0,0.0,1.0
2018-01-10,13.24,13.24,13.24,13.24,13.24,0,0.0,1.0
2018-01-11,13.56,13.56,13.56,13.56,13.56,0,0.0,1.0
2018-01-12,13.67,13.67,13.67,13.67,13.67,0,0.0,1.0
2018-01-16,13.57,13.57,13.57,13.57,13.57,0,0.0,1.0
2018-01-17,13.53,13.53,13.53,13.53,13.53,0,0.0,1.0
2018-01-18,13.36,13.36,13.36,13.36,13.36,0,0.0,1.0
2018-01-19,13.45,13.45,13.45,13.45,13.45,0,0.0,1.0
2018-01-22,13.75,13.75,13.75,13.75,13.75,0,0.0,1.0
2018-01-23,13.81,13.81,13.81,13.81,13.81,0,0.0,1.0
2018-01-24,13.71,13.71,13.71,13.71,13.71,0,0.0,1.0
2018-01-25,13.71,13.71,13.71,13.71,13.71,0,0.0,1.0
2018-01-26,13.77,13.77,13.77,13.77,13.77,0,0.0,1.0
2018-01-29,13.48,13.48,13.48,13.48,13.48,0,0.0,1.0
2018-01-30,13.28,13.28,13.28,13.28,13.28,0,0.0,1.0
2018-01-31,13.26,13.26,13.26,13.26,13.26,0,0.0,1.0
2018-02-01,13.37,13.37,13.37,13.37,13.37,0,0.0,1.0
2018-02-02,12.94,12.94,12.94,12.94,12.94,0,0.0,1.0
2018-02-05,12.66,12.66,12.66,12.66,12.66,0,0.0,1.0
2018-02-06,12.93,12.93,12.93,12.93,12.93,0,0.0,1.0
2018-02-07,12.89,12.89,12.89,12.89,12.89,0,0.0,1.0
2018-02-08,12.42,12.42,12.42,12.42,12.42,0,0.0,1.0
2018-02-09,12.3,12.3,12.3,12.3,12.3,0,0.0,1.0
2018-02-12,12.62,12.62,12.62,12.62,12.62,0,0.0,1.0
2018-02-13,12.74,12.74,12.74,12.74,12.74,0,0.0,1.0
2018-02-14,12.75,12.75,12.75,12.75,12.75,0,0.0,1.0
2018-02-15,12.43,12.43,12.43,12.43,12.43,0,0.0,1.0
2018-02-16,12.25,12.25,12.25,12.25,12.25,0,0.0,1.0
2018-02-20,12.22,12.22,12.22,12.22,12.22,0,0.0,1.0
2018-02-21,12.02,12.02,12.02,12.02,12.02,0,0.0,1.0
2018-02-22,11.73,11.73,11.73,11.73,11.73,0,0.0,1.0
2018-02-23,11.83,11.83,11.83,11.83,11.83,0,0.0,1.0
2018-02-26,11.84,11.84,11.84,11.84,11.84,0,0.0,1.0
2018-02-27,11.72,11.72,11.72,11.72,11.72,0,0.0,1.0
2018-02-28,11.39,11.39,11.39,11.39,11.39,0,0.0,1.0
2018-03-01,11.46,11.46,11.46,11.46,11.46,0,0.0,1.0
2018-03-02,11.43,11.43,11.43,11.43,11.43,0,0.0,1.0
2018-03-05,11.54,11.54,11.54,11.54,11.54,0,0.0,1.0
2018-03-06,11.47,11.47,11.47,11.47,11.47,0,0.0,1.0
2018-03-07,11.33,11.33,11.33,11.33,11.33,0,0.0,1.0
2018-03-08,11.31,11.31,11.31,11.31,11.31,0,0.0,1.0
2018-03-09,11.55,11.55,11.55,11.55,11.55,0,0.0,1.0
2018-03-12,11.78,11.78,11.78,11.78,11.78,0,0.0,1.0
2018-03-13,11.77,11.77,11.77,11.77,11.77,0,0.0,1.0
2018-03-14,11.56,11.56,11.56,11.56,11.56,0,0.0,1.0
2018-03-15,10.88,10.88,10.88,10.88,10.88,0,0.0,1.0
2018-03-16,11.1,11.1,11.1,11.1,11.1,0,0.0,1.0
2018-03-19,10.6,10.6,10.6,10.6,10.6,0,0.0,1.0
2018-03-20,10.49,10.49,10.49,10.49,10.49,0,0.0,1.0
2018-03-21,10.69,10.69,10.69,10.69,10.69,0,0.0,1.0
2018-03-22,10.39,10.39,10.39,10.39,10.39,0,0.0,1.0
2018-03-23,10.26,10.26,10.26,10.26,10.26,0,0.0,1.0
2018-03-26,10.32,10.32,10.32,10.32,10.32,0,0.0,1.0
2018-03-27,10.15,10.15,10.15,10.15,10.15,0,0.0,1.0
2018-03-28,10.1,10.1,10.1,10.1,10.1,0,0.0,1.0
2018-03-29,10.33,10.33,10.33,10.33,10.33,0,0.0,1.0
2018-04-02,10.24,10.24,10.24,10.24,10.24,0,0.0,1.0
2018-04-03,10.33,10.33,10.33,10.33,10.33,0,0.0,1.0
2018-04-04,10.29,10.29,10.29,10.29,10.29,0,0.0,1.0
2018-04-05,10.52,10.52,10.52,10.52,10.52,0,0.0,1.0
2018-04-06,10.3,10.3,10.3,10.3,10.3,0,0.0,1.0
2018-04-09,10.27,10.27,10.27,10.27,10.27,0,0.0,1.0
2018-04-10,10.68,10.68,10.68,10.68,10.68,0,0.0,1.0
2018-04-11,10.84,10.84,10.84,10.84,10.84,0,0.0,1.0
2018-04-12,10.73,10.73,10.73,10.73,10.73,0,0.0,1.0
2018-04-13,10.73,10.73,10.73,10.73,10.73,0,0.0,1.0
2018-04-16,11.31,11.31,11.31,11.31,11.31,0,0.0,1.0
2018-04-17,11.47,11.47,11.47,11.47,11.47,0,0.0,1.0
2018-04-18,11.39,11.39,11.39,11.39,11.39,0,0.0,1.0
2018-04-19,11.24,11.24,11.24,11.24,11.24,0,0.0,1.0
2018-04-20,11.22,11.22,11.22,11.22,11.22,0,0.0,1.0
2018-04-23,11.45,11.45,11.45,11.45,11.45,0,0.0,1.0
2018-04-24,11.13,11.13,11.13,11.13,11.13,0,0.0,1.0
2018-04-25,11.27,11.27,11.27,11.27,11.27,0,0.0,1.0
2018-04-26,11.33,11.33,11.33,11.33,11.33,0,0.0,1.0
2018-04-27,11.38,11.38,11.38,11.38,11.38,0,0.0,1.0
2018-04-30,11.47,11.47,11.47,11.47,11.47,0,0.0,1.0
2018-05-01,11.48,11.48,11.48,11.48,11.48,0,0.0,1.0
2018-05-02,11.32,11.32,11.32,11.32,11.32,0,0.0,1.0
2018-05-03,11.19,11.19,11.19,11.19,11.19,0,0.0,1.0
2018-05-04,11.35,11.35,11.35,11.35,11.35,0,0.0,1.0
2018-05-07,11.35,11.35,11.35,11.35,11.35,0,0.0,1.0
2018-05-08,11.61,11.61,11.61,11.61,11.61,0,0.0,1.0
2018-05-09,11.73,11.73,11.73,11.73,11.73,0,0.0,1.0
2018-05-10,11.82,11.82,11.82,11.82,11.82,0,0.0,1.0
2018-05-11,11.8,11.8,11.8,11.8,11.8,0,0.0,1.0
2018-05-14,12.01,12.01,12.01,12.01,12.01,0,0.0,1.0
2018-05-15,11.94,11.94,11.94,11.94,11.94,0,0.0,1.0
2018-05-16,12.02,12.02,12.02,12.02,12.02,0,0.0,1.0
2018-05-17,12.16,12.16,12.16,12.16,12.16,0,0.0,1.0
2018-05-18,12.12,12.12,12.12,12.12,12.12,0,0.0,1.0
2018-05-21,12.18,12.18,12.18,12.18,12.18,0,0.0,1.0
2018-05-22,12.17,12.17,12.17,12.17,12.17,0,0.0,1.0
2018-05-23,11.85,11.85,11.85,11.85,11.85,0,0.0,1.0
2018-05-24,11.62,11.62,11.62,11.62,11.62,0,0.0,1.0
2018-05-25,11.56,11.56,11.56,11.56,11.56,0,0.0,1.0
2018-05-29,11.56,11.56,11.56,11.56,11.56,0,0.0,1.0
2018-05-30,11.84,11.84,11.84,11.84,11.84,0,0.0,1.0
2018-05-31,11.86,11.86,11.86,11.86,11.86,0,0.0,1.0
2018-06-01,11.86,11.86,11.86,11.86,11.86,0,0.0,1.0
2018-06-04,12.03,12.03,12.03,12.03,12.03,0,0.0,1.0
2018-06-05,12.07,12.07,12.07,12.07,12.07,0,0.0,1.0
2018-06-06,11.97,11.97,11.97,11.97,11.97,0,0.0,1.0
2018-06-07,12.09,12.09,12.09,12.09,12.09,0,0.0,1.0
2018-06-08,11.97,11.97,11.97,11.97,11.97,0,0.0,1.0
2018-06-11,12.19,12.19,12.19,12.19,12.19,0,0.0,1.0
2018-06-12,12.15,12.15,12.15,12.15,12.15,0,0.0,1.0
2018-06-13,11.96,11.96,11.96,11.96,11.96,0,0.0,1.0
2018-06-14,11.99,11.99,11.99,11.99,11.99,0,0.0,1.0
2018-06-15,11.66,11.66,11.66,11.66,11.66,0,0.0,1.0
2018-06-18,11.82,11.82,11.82,11.82,11.82,0,0.0,1.0
2018-06-19,11.79,11.79,11.79,11.79,11.79,0,0.0,1.0
2018-06-20,11.93,11.93,11.93,11.93,11.93,0,0.0,1.0
2018-06-21,11.78,11.78,11.78,11.78,11.78,0,0.0,1.0
2018-06-22,11.9,11.9,11.9,11.9,11.9,0,0.0,1.0
2018-06-25,11.61,11.61,11.61,11.61,11.61,0,0.0,1.0
2018-06-26,11.83,11.83,11.83,11.83,11.83,0,0.0,1.0
2018-06-27,11.68,11.68,11.68,11.68,11.68,0,0.0,1.0
2018-06-28,11.68,11.68,11.68,11.68,11.68,0,0.0,1.0
2018-06-29,11.75,11.75,11.75,11.75,11.75,0,0.0,1.0
2018-07-02,11.63,11.63,11.63,11.63,11.63,0,0.0,1.0
2018-07-03,11.71,11.71,11.71,11.71,11.71,0,0.0,1.0
2018-07-05,11.79,11.79,11.79,11.79,11.79,0,0.0,1.0
2018-07-06,11.88,11.88,11.88,11.88,11.88,0,0.0,1.0
2018-07-09,11.92,11.92,11.92,11.92,11.92,0,0.0,1.0
2018-07-10,11.91,11.91,11.91,11.91,11.91,0,0.0,1.0
2018-07-11,11.79,11.79,11.79,11.79,11.79,0,0.0,1.0
2018-07-12,11.91,11.91,11.91,11.91,11.91,0,0.0,1.0
2018-07-13,11.97,11.97,11.97,11.97,11.97,0,0.0,1.0
2018-07-16,11.89,11.89,11.89,11.89,11.89,0,0.0,1.0
2018-07-17,11.83,11.83,11.83,11.83,11.83,0,0.0,1.0
2018-07-18,11.98,11.98,11.98,11.98,11.98,0,0.0,1.0
2018-07-19,12.32,12.32,12.32,12.32,12.32,0,0.0,1.0
2018-07-20,12.13,12.13,12.13,12.13,12.13,0,0.0,1.0
2018-07-23,12.2,12.2,12.2,12.2,12.2,0,0.0,1.0
2018-07-24,12.24,12.24,12.24,12.24,12.24,0,0.0,1.0
2018-07-25,12.45,12.45,12.45,12.45,12.45,0,0.0,1.0
2018-07-26,12.56,12.56,12.56,12.56,12.56,0,0.0,1.0
2018-07-27,12.27,12.27,12.27,12.27,12.27,0,0.0,1.0
2018-07-30,12.44,12.44,12.44,12.44,12.44,0,0.0,1.0
2018-07-31,12.5,12.5,12.5,12.5,12.5,0,0.0,1.0
2018-08-01,12.55,12.55,12.55,12.55,12.55,0,0.0,1.0
2018-08-02,12.89,12.89,12.89,12.89,12.89,0,0.0,1.0
2018-08-03,12.9,12.9,12.9,12.9,12.9,0,0.0,1.0
2018-08-06,13.02,13.02,13.02,13.02,13.02,0,0.0,1.0
2018-08-07,12.96,12.96,12.96,12.96,12.96,0,0.0,1.0
2018-08-08,13.04,13.04,13.04,13.04,13.04,0,0.0,1.0
2018-08-09,13.11,13.11,13.11,13.11,13.11,0,0.0,1.0
2018-08-10,13.11,13.11,13.11,13.11,13.11,0,0.0,1.0
2018-08-13,12.84,12.84,12.84,12.84,12.84,0,0.0,1.0
2018-08-14,12.9,12.9,12.9,12.9,12.9,0,0.0,1.0
2018-08-15,12.71,12.71,12.71,12.71,12.71,0,0.0,1.0
2018-08-16,12.76,12.76,12.76,12.76,12.76,0,0.0,1.0
2018-08-17,12.94,12.94,12.94,12.94,12.94,0,0.0,1.0
2018-08-20,13.05,13.05,13.05,13.05,13.05,0,0.0,1.0
2018-08-21,12.96,12.96,12.96,12.96,12.96,0,0.0,1.0
2018-08-22,13.11,13.11,13.11,13.11,13.11,0,0.0,1.0
2018-08-23,12.75,12.75,12.75,12.75,12.75,0,0.0,1.0
2018-08-24,12.77,12.77,12.77,12.77,12.77,0,0.0,1.0
2018-08-27,12.76,12.76,12.76,12.76,12.76,0,0.0,1.0
2018-08-28,12.58,12.58,12.58,12.58,12.58,0,0.0,1.0
2018-08-29,12.46,12.46,12.46,12.46,12.46,0,0.0,1.0
2018-08-30,12.4,12.4,12.4,12.4,12.4,0,0.0,1.0
2018-08-31,12.31,12.31,12.31,12.31,12.31,0,0.0,1.0
2018-09-04,12.39,12.39,12.39,12.39,12.39,0,0.0,1.0
2018-09-05,12.45,12.45,12.45,12.45,12.45,0,0.0,1.0
2018-09-06,12.31,12.31,12.31,12.31,12.31,0,0.0,1.0
2018-09-07,12.28,12.28,12.28,12.28,12.28,0,0.0,1.0
2018-09-10,12.32,12.32,12.32,12.32,12.32,0,0.0,1.0
2018-09-11,12.42,12.42,12.42,12.42,12.42,0,0.0,1.0
2018-09-12,12.46,12.46,12.46,12.46,12.46,0,0.0,1.0
2018-09-13,12.41,12.41,12.41,12.41,12.41,0,0.0,1.0
2018-09-14,12.36,12.36,12.36,12.36,12.36,0,0.0,1.0
2018-09-17,12.29,12.29,12.29,12.29,12.29,0,0.0,1.0
