date,Open,High,Low,Close,Adj Close,Volume,Dividends,Stock Splits
2013-04-26,23.83,23.83,23.83,23.83,19.340692999999998,0,0.0,1.0
2013-04-29,23.83,23.83,23.83,23.83,19.340692999999998,0,0.0,1.0
2013-04-30,23.82,23.82,23.82,23.82,19.332573,0,0.0,1.0
2013-05-01,23.82,23.82,23.82,23.82,19.332573,0,0.0,1.0
2013-05-02,23.84,23.84,23.84,23.84,19.348804,0,0.0,1.0
2013-05-03,23.85,23.85,23.85,23.85,19.356920000000002,0,0.0,1.0
2013-05-06,23.85,23.85,23.85,23.85,19.356920000000002,0,0.0,1.0
2013-05-07,23.860001,23.860001,23.860001,23.860001,19.365038000000002,0,0.0,1.0
2013-05-08,23.889999,23.889999,23.889999,23.889999,19.389391,0,0.0,1.0
2013-05-09,23.9,23.9,23.9,23.9,19.397503,0,0.0,1.0
2013-05-10,23.85,23.85,23.85,23.85,19.356920000000002,0,0.0,1.0
2013-05-13,23.870001000000002,23.870001000000002,23.870001000000002,23.870001000000002,19.373159,0,0.0,1.0
2013-05-14,23.889999,23.889999,23.889999,23.889999,19.389391,0,0.0,1.0
2013-05-15,23.870001000000002,23.870001000000002,23.870001000000002,23.870001000000002,19.373159,0,0.0,1.0
2013-05-16,23.860001,23.860001,23.860001,23.860001,19.365038000000002,0,0.0,1.0
2013-05-17,23.85,23.85,23.85,23.85,19.356920000000002,0,0.0,1.0
2013-05-20,23.85,23.85,23.85,23.85,19.356920000000002,0,0.0,1.0
2013-05-21,23.85,23.85,23.85,23.85,19.356920000000002,0,0.0,1.0
2013-05-22,23.82,23.82,23.82,23.82,19.332573,0,0.0,1.0
2013-05-23,23.780001000000002,23.780001000000002,23.780001000000002,23.780001000000002,19.300112,0,0.0,1.0
2013-05-24,23.74,23.74,23.74,23.74,19.267647,0,0.0,1.0
2013-05-28,23.709999,23.709999,23.709999,23.709999,19.243298,0,0.0,1.0
2013-05-29,23.6,23.6,23.6,23.6,19.154022,0,0.0,1.0
2013-05-30,23.559998999999998,23.559998999999998,23.559998999999998,23.559998999999998,19.121551999999998,0,0.0,1.0
2013-05-31,23.559998999999998,23.559998999999998,23.559998999999998,23.559998999999998,19.121551999999998,0,0.0,1.0
2013-06-03,23.43,23.43,23.43,23.43,19.016048,0,0.0,1.0
2013-06-04,23.4,23.4,23.4,23.4,18.991699,0,0.0,1.0
2013-06-05,23.309998999999998,23.309998999999998,23.309998999999998,23.309998999999998,18.918657,0,0.0,1.0
2013-06-06,23.219998999999998,23.219998999999998,23.219998999999998,23.219998999999998,18.84561,0,0.0,1.0
2013-06-07,23.25,23.25,23.25,23.25,18.869957,0,0.0,1.0
2013-06-10,23.190001000000002,23.190001000000002,23.190001000000002,23.190001000000002,18.821260000000002,0,0.0,1.0
2013-06-11,23.02,23.02,23.02,23.02,18.683287,0,0.0,1.0
2013-06-12,23.049999,23.049999,23.049999,23.049999,18.707634,0,0.0,1.0
2013-06-13,23.1,23.1,23.1,23.1,18.748217,0,0.0,1.0
2013-06-14,23.200001,23.200001,23.200001,23.200001,18.829372,0,0.0,1.0
2013-06-17,23.219998999999998,23.219998999999998,23.219998999999998,23.219998999999998,18.84561,0,0.0,1.0
2013-06-18,23.209999,23.209999,23.209999,23.209999,18.837494,0,0.0,1.0
2013-06-19,22.91,22.91,22.91,22.91,18.594009,0,0.0,1.0
2013-06-20,22.549999,22.549999,22.549999,22.549999,18.30183,0,0.0,1.0
2013-06-21,22.440001000000002,22.440001000000002,22.440001000000002,22.440001000000002,18.212553,0,0.0,1.0
2013-06-24,22.200001,22.200001,22.200001,22.200001,18.017767000000003,0,0.0,1.0
2013-06-25,22.27,22.27,22.27,22.27,18.074575,0,0.0,1.0
2013-06-26,22.389999,22.389999,22.389999,22.389999,18.171968,0,0.0,1.0
2013-06-27,22.48,22.48,22.48,22.48,18.245016,0,0.0,1.0
2013-06-28,22.51,22.51,22.51,22.51,18.269361,0,0.0,1.0
2013-07-01,22.549999,22.549999,22.549999,22.549999,18.30183,0,0.0,1.0
2013-07-02,22.559998999999998,22.559998999999998,22.559998999999998,22.559998999999998,18.309944,0,0.0,1.0
2013-07-03,22.49,22.49,22.49,22.49,18.253132,0,0.0,1.0
2013-07-05,22.360001,22.360001,22.360001,22.360001,18.147627,0,0.0,1.0
2013-07-08,22.35,22.35,22.35,22.35,18.139505,0,0.0,1.0
2013-07-09,22.41,22.41,22.41,22.41,18.188204000000002,0,0.0,1.0
2013-07-10,22.379998999999998,22.379998999999998,22.379998999999998,22.379998999999998,18.163854999999998,0,0.0,1.0
2013-07-11,22.51,22.51,22.51,22.51,18.269361,0,0.0,1.0
2013-07-12,22.559998999999998,22.559998999999998,22.559998999999998,22.559998999999998,18.309944,0,0.0,1.0
2013-07-15,22.66,22.66,22.66,22.66,18.391108,0,0.0,1.0
2013-07-16,22.73,22.73,22.73,22.73,18.447927,0,0.0,1.0
2013-07-17,22.66,22.66,22.66,22.66,18.391108,0,0.0,1.0
2013-07-18,22.719998999999998,22.719998999999998,22.719998999999998,22.719998999999998,18.439804000000002,0,0.0,1.0
2013-07-19,22.780001000000002,22.780001000000002,22.780001000000002,22.780001000000002,18.488498999999997,0,0.0,1.0
2013-07-22,22.780001000000002,22.780001000000002,22.780001000000002,22.780001000000002,18.488498999999997,0,0.0,1.0
2013-07-23,22.809998999999998,22.809998999999998,22.809998999999998,22.809998999999998,18.512848,0,0.0,1.0
2013-07-24,22.719998999999998,22.719998999999998,22.719998999999998,22.719998999999998,18.439804000000002,0,0.0,1.0
2013-07-25,22.66,22.66,22.66,22.66,18.391108,0,0.0,1.0
2013-07-26,22.67,22.67,22.67,22.67,18.399223000000003,0,0.0,1.0
2013-07-29,22.530001000000002,22.530001000000002,22.530001000000002,22.530001000000002,18.285601,0,0.0,1.0
2013-07-30,22.540001,22.540001,22.540001,22.540001,18.293715,0,0.0,1.0
2013-07-31,22.540001,22.540001,22.540001,22.540001,18.293715,0,0.0,1.0
2013-08-01,22.49,22.49,22.49,22.49,18.253132,0,0.0,1.0
2013-08-05,22.549999,22.549999,22.549999,22.549999,18.30183,0,0.0,1.0
2013-08-06,22.530001000000002,22.530001000000002,22.530001000000002,22.530001000000002,18.285601,0,0.0,1.0
2013-08-07,22.540001,22.540001,22.540001,22.540001,18.293715,0,0.0,1.0
2013-08-08,22.540001,22.540001,22.540001,22.540001,18.293715,0,0.0,1.0
2013-08-09,22.530001000000002,22.530001000000002,22.530001000000002,22.530001000000002,18.285601,0,0.0,1.0
2013-08-12,22.52,22.52,22.52,22.52,18.277487,0,0.0,1.0
2013-08-13,22.459999,22.459999,22.459999,22.459999,18.228785000000002,0,0.0,1.0
2013-08-14,22.309998999999998,22.309998999999998,22.309998999999998,22.309998999999998,18.228779,0,0.15,1.0
2013-08-15,22.219998999999998,22.219998999999998,22.219998999999998,22.219998999999998,18.155247,0,0.0,1.0
2013-08-16,22.18,22.18,22.18,22.18,18.122566,0,0.0,1.0
2013-08-19,22.09,22.09,22.09,22.09,18.04903,0,0.0,1.0
2013-08-20,22.08,22.08,22.08,22.08,18.040857,0,0.0,1.0
2013-08-21,21.99,21.99,21.99,21.99,17.967323,0,0.0,1.0
2013-08-22,21.91,21.91,21.91,21.91,17.901953,0,0.0,1.0
2013-08-23,22.0,22.0,22.0,22.0,17.975491,0,0.0,1.0
2013-08-26,22.0,22.0,22.0,22.0,17.975491,0,0.0,1.0
2013-08-27,22.02,22.02,22.02,22.02,17.991837,0,0.0,1.0
2013-08-28,21.98,21.98,21.98,21.98,17.95915,0,0.0,1.0
2013-08-29,21.99,21.99,21.99,21.99,17.967323,0,0.0,1.0
2013-08-30,21.969998999999998,21.969998999999998,21.969998999999998,21.969998999999998,17.950979,0,0.0,1.0
2013-09-03,21.92,21.92,21.92,21.92,17.910128,0,0.0,1.0
2013-09-04,21.84,21.84,21.84,21.84,17.844759,0,0.0,1.0
2013-09-05,21.75,21.75,21.75,21.75,17.771229,0,0.0,1.0
2013-09-06,21.780001000000002,21.780001000000002,21.780001000000002,21.780001000000002,17.795738,0,0.0,1.0
2013-09-09,21.84,21.84,21.84,21.84,17.844759,0,0.0,1.0
2013-09-10,21.870001000000002,21.870001000000002,21.870001000000002,21.870001000000002,17.869274,0,0.0,1.0
2013-09-11,21.91,21.91,21.91,21.91,17.901953,0,0.0,1.0
2013-09-12,21.98,21.98,21.98,21.98,17.95915,0,0.0,1.0
2013-09-13,22.0,22.0,22.0,22.0,17.975491,0,0.0,1.0
2013-09-16,22.09,22.09,22.09,22.09,18.04903,0,0.0,1.0
2013-09-17,22.1,22.1,22.1,22.1,18.057201,0,0.0,1.0
2013-09-18,22.09,22.09,22.09,22.09,18.172375,0,0.15,1.0
2013-09-19,22.219998999999998,22.219998999999998,22.219998999999998,22.219998999999998,18.279316,0,0.0,1.0
2013-09-20,22.26,22.26,22.26,22.26,18.312223,0,0.0,1.0
2013-09-23,22.25,22.25,22.25,22.25,18.303997,0,0.0,1.0
2013-09-24,22.280001000000002,22.280001000000002,22.280001000000002,22.280001000000002,18.32868,0,0.0,1.0
2013-09-25,22.32,22.32,22.32,22.32,18.361584,0,0.0,1.0
2013-09-26,22.299999,22.299999,22.299999,22.299999,18.345125,0,0.0,1.0
2013-09-27,22.290001,22.290001,22.290001,22.290001,18.336901,0,0.0,1.0
2013-09-30,22.24,22.24,22.24,22.24,18.295771,0,0.0,1.0
2013-10-01,22.26,22.26,22.26,22.26,18.312223,0,0.0,1.0
2013-10-02,22.280001000000002,22.280001000000002,22.280001000000002,22.280001000000002,18.32868,0,0.0,1.0
2013-10-03,22.290001,22.290001,22.290001,22.290001,18.336901,0,0.0,1.0
2013-10-04,22.290001,22.290001,22.290001,22.290001,18.336901,0,0.0,1.0
2013-10-07,22.32,22.32,22.32,22.32,18.361584,0,0.0,1.0
2013-10-08,22.34,22.34,22.34,22.34,18.378035,0,0.0,1.0
2013-10-09,22.34,22.34,22.34,22.34,18.378035,0,0.0,1.0
2013-10-10,22.379998999999998,22.379998999999998,22.379998999999998,22.379998999999998,18.41094,0,0.0,1.0
2013-10-11,22.42,22.42,22.42,22.42,18.443846,0,0.0,1.0
2013-10-14,22.43,22.43,22.43,22.43,18.452072,0,0.0,1.0
2013-10-15,22.450001,22.450001,22.450001,22.450001,18.468529,0,0.0,1.0
2013-10-16,22.379998999999998,22.379998999999998,22.379998999999998,22.379998999999998,18.534779,0,0.15,1.0
2013-10-17,22.48,22.48,22.48,22.48,18.617601,0,0.0,1.0
2013-10-18,22.58,22.58,22.58,22.58,18.700418,0,0.0,1.0
2013-10-21,22.620001000000002,22.620001000000002,22.620001000000002,22.620001000000002,18.733549,0,0.0,1.0
2013-10-22,22.700001,22.700001,22.700001,22.700001,18.799797,0,0.0,1.0
2013-10-23,22.76,22.76,22.76,22.76,18.849493,0,0.0,1.0
2013-10-24,22.77,22.77,22.77,22.77,18.857773,0,0.0,1.0
2013-10-25,22.790001,22.790001,22.790001,22.790001,18.874334,0,0.0,1.0
2013-10-28,22.799999,22.799999,22.799999,22.799999,18.882616,0,0.0,1.0
2013-10-29,22.82,22.82,22.82,22.82,18.899182999999997,0,0.0,1.0
2013-10-30,22.83,22.83,22.83,22.83,18.907467,0,0.0,1.0
2013-10-31,22.82,22.82,22.82,22.82,18.899182999999997,0,0.0,1.0
2013-11-01,22.76,22.76,22.76,22.76,18.849493,0,0.0,1.0
2013-11-04,22.76,22.76,22.76,22.76,18.849493,0,0.0,1.0
2013-11-05,22.74,22.74,22.74,22.74,18.832924,0,0.0,1.0
2013-11-06,22.74,22.74,22.74,22.74,18.832924,0,0.0,1.0
2013-11-07,22.76,22.76,22.76,22.76,18.849493,0,0.0,1.0
2013-11-08,22.639999,22.639999,22.639999,22.639999,18.750110999999997,0,0.0,1.0
2013-11-11,22.639999,22.639999,22.639999,22.639999,18.750110999999997,0,0.0,1.0
2013-11-12,22.530001000000002,22.530001000000002,22.530001000000002,22.530001000000002,18.659012,0,0.0,1.0
2013-11-13,22.379998999999998,22.379998999999998,22.379998999999998,22.379998999999998,18.659012,0,0.15,1.0
2013-11-14,22.450001,22.450001,22.450001,22.450001,18.717373000000002,0,0.0,1.0
2013-11-15,22.5,22.5,22.5,22.5,18.759054000000003,0,0.0,1.0
2013-11-18,22.57,22.57,22.57,22.57,18.817421,0,0.0,1.0
2013-11-19,22.559998999999998,22.559998999999998,22.559998999999998,22.559998999999998,18.809076,0,0.0,1.0
2013-11-20,22.52,22.52,22.52,22.52,18.775732,0,0.0,1.0
2013-11-21,22.5,22.5,22.5,22.5,18.759054000000003,0,0.0,1.0
2013-11-22,22.540001,22.540001,22.540001,22.540001,18.792404,0,0.0,1.0
2013-11-25,22.6,22.6,22.6,22.6,18.842426,0,0.0,1.0
2013-11-26,22.629998999999998,22.629998999999998,22.629998999999998,22.629998999999998,18.867442999999998,0,0.0,1.0
2013-11-27,22.610001,22.610001,22.610001,22.610001,18.850767,0,0.0,1.0
2013-11-29,22.620001000000002,22.620001000000002,22.620001000000002,22.620001000000002,18.859106,0,0.0,1.0
2013-12-02,22.52,22.52,22.52,22.52,18.775732,0,0.0,1.0
2013-12-03,22.540001,22.540001,22.540001,22.540001,18.792404,0,0.0,1.0
2013-12-04,22.42,22.42,22.42,22.42,18.692356,0,0.0,1.0
2013-12-05,22.4,22.4,22.4,22.4,18.675686,0,0.0,1.0
2013-12-06,22.43,22.43,22.43,22.43,18.700695,0,0.0,1.0
2013-12-09,22.48,22.48,22.48,22.48,18.742384,0,0.0,1.0
2013-12-10,22.540001,22.540001,22.540001,22.540001,18.792404,0,0.0,1.0
2013-12-11,22.530001000000002,22.530001000000002,22.530001000000002,22.530001000000002,18.784069,0,0.0,1.0
2013-12-12,22.5,22.5,22.5,22.5,18.759054000000003,0,0.0,1.0
2013-12-13,22.5,22.5,22.5,22.5,18.759054000000003,0,0.0,1.0
2013-12-16,22.52,22.52,22.52,22.52,18.775732,0,0.0,1.0
2013-12-17,22.540001,22.540001,22.540001,22.540001,18.792404,0,0.0,1.0
2013-12-18,22.370001000000002,22.370001000000002,22.370001000000002,22.370001000000002,18.77562,0,0.15,1.0
2013-12-19,22.370001000000002,22.370001000000002,22.370001000000002,22.370001000000002,18.77562,0,0.0,1.0
2013-12-20,22.41,22.41,22.41,22.41,18.809195000000003,0,0.0,1.0
2013-12-23,22.440001000000002,22.440001000000002,22.440001000000002,22.440001000000002,18.834373,0,0.0,1.0
2013-12-24,22.42,22.42,22.42,22.42,18.817585,0,0.0,1.0
2013-12-26,22.43,22.43,22.43,22.43,18.825985,0,0.0,1.0
2013-12-27,22.450001,22.450001,22.450001,22.450001,18.842768,0,0.0,1.0
2013-12-30,22.469998999999998,22.469998999999998,22.469998999999998,22.469998999999998,18.859551999999997,0,0.0,1.0
2013-12-31,22.469998999999998,22.469998999999998,22.469998999999998,22.469998999999998,18.859551999999997,0,0.0,1.0
2014-01-02,22.440001000000002,22.440001000000002,22.440001000000002,22.440001000000002,18.834373,0,0.0,1.0
2014-01-03,22.440001000000002,22.440001000000002,22.440001000000002,22.440001000000002,18.834373,0,0.0,1.0
2014-01-06,22.5,22.5,22.5,22.5,18.884729,0,0.0,1.0
2014-01-07,22.549999,22.549999,22.549999,22.549999,18.926697,0,0.0,1.0
2014-01-08,22.540001,22.540001,22.540001,22.540001,18.918304,0,0.0,1.0
2014-01-09,22.57,22.57,22.57,22.57,18.943479999999997,0,0.0,1.0
2014-01-10,22.57,22.57,22.57,22.57,18.943479999999997,0,0.0,1.0
2014-01-13,22.66,22.66,22.66,22.66,19.01902,0,0.0,1.0
2014-01-14,22.74,22.74,22.74,22.74,19.086172,0,0.0,1.0
2014-01-15,22.59,22.59,22.59,22.59,19.086172,0,0.15,1.0
2014-01-16,22.629998999999998,22.629998999999998,22.629998999999998,22.629998999999998,19.119967000000003,0,0.0,1.0
2014-01-17,22.68,22.68,22.68,22.68,19.162214000000002,0,0.0,1.0
2014-01-21,22.719998999999998,22.719998999999998,22.719998999999998,22.719998999999998,19.196003,0,0.0,1.0
2014-01-22,22.719998999999998,22.719998999999998,22.719998999999998,22.719998999999998,19.196003,0,0.0,1.0
2014-01-23,22.74,22.74,22.74,22.74,19.212906,0,0.0,1.0
2014-01-24,22.74,22.74,22.74,22.74,19.212906,0,0.0,1.0
2014-01-27,22.58,22.58,22.58,22.58,19.077723000000002,0,0.0,1.0
2014-01-28,22.58,22.58,22.58,22.58,19.077723000000002,0,0.0,1.0
2014-01-29,22.639999,22.639999,22.639999,22.639999,19.128416,0,0.0,1.0
2014-01-30,22.629998999999998,22.629998999999998,22.629998999999998,22.629998999999998,19.119967000000003,0,0.0,1.0
2014-01-31,22.59,22.59,22.59,22.59,19.086172,0,0.0,1.0
2014-02-03,22.620001000000002,22.620001000000002,22.620001000000002,22.620001000000002,19.111517000000003,0,0.0,1.0
2014-02-04,22.620001000000002,22.620001000000002,22.620001000000002,22.620001000000002,19.111517000000003,0,0.0,1.0
2014-02-05,22.620001000000002,22.620001000000002,22.620001000000002,22.620001000000002,19.111517000000003,0,0.0,1.0
2014-02-06,22.66,22.66,22.66,22.66,19.145309,0,0.0,1.0
2014-02-07,22.700001,22.700001,22.700001,22.700001,19.179108,0,0.0,1.0
2014-02-10,22.75,22.75,22.75,22.75,19.221352,0,0.0,1.0
2014-02-11,22.77,22.77,22.77,22.77,19.238251,0,0.0,1.0
2014-02-12,22.610001,22.610001,22.610001,22.610001,19.229748,0,0.15,1.0
2014-02-13,22.639999,22.639999,22.639999,22.639999,19.25526,0,0.0,1.0
2014-02-14,22.67,22.67,22.67,22.67,19.280773,0,0.0,1.0
2014-02-18,22.75,22.75,22.75,22.75,19.348812,0,0.0,1.0
2014-02-19,22.77,22.77,22.77,22.77,19.365826000000002,0,0.0,1.0
2014-02-20,22.77,22.77,22.77,22.77,19.365826000000002,0,0.0,1.0
2014-02-21,22.77,22.77,22.77,22.77,19.365826000000002,0,0.0,1.0
2014-02-24,22.84,22.84,22.84,22.84,19.42536,0,0.0,1.0
2014-02-25,22.84,22.84,22.84,22.84,19.42536,0,0.0,1.0
2014-02-26,22.92,22.92,22.92,22.92,19.493399,0,0.0,1.0
2014-02-27,22.92,22.92,22.92,22.92,19.493399,0,0.0,1.0
2014-02-28,23.0,23.0,23.0,23.0,19.56144,0,0.0,1.0
2014-03-03,22.91,22.91,22.91,22.91,19.48489,0,0.0,1.0
2014-03-04,22.940001000000002,22.940001000000002,22.940001000000002,22.940001000000002,19.51041,0,0.0,1.0
2014-03-05,22.940001000000002,22.940001000000002,22.940001000000002,22.940001000000002,19.51041,0,0.0,1.0
2014-03-06,22.950001,22.950001,22.950001,22.950001,19.518917000000002,0,0.0,1.0
2014-03-07,22.889999,22.889999,22.889999,22.889999,19.467883999999998,0,0.0,1.0
2014-03-10,22.85,22.85,22.85,22.85,19.433865,0,0.0,1.0
2014-03-11,22.85,22.85,22.85,22.85,19.433865,0,0.0,1.0
2014-03-12,22.870001000000002,22.870001000000002,22.870001000000002,22.870001000000002,19.579407,0,0.15,1.0
2014-03-13,22.67,22.67,22.67,22.67,19.408179999999998,0,0.0,1.0
2014-03-14,22.67,22.67,22.67,22.67,19.408179999999998,0,0.0,1.0
2014-03-17,22.620001000000002,22.620001000000002,22.620001000000002,22.620001000000002,19.365377,0,0.0,1.0
2014-03-18,22.73,22.73,22.73,22.73,19.459553,0,0.0,1.0
2014-03-19,22.76,22.76,22.76,22.76,19.485229,0,0.0,1.0
2014-03-20,22.719998999999998,22.719998999999998,22.719998999999998,22.719998999999998,19.450985,0,0.0,1.0
2014-03-21,22.75,22.75,22.75,22.75,19.476669,0,0.0,1.0
2014-03-24,22.780001000000002,22.780001000000002,22.780001000000002,22.780001000000002,19.502354,0,0.0,1.0
2014-03-25,22.82,22.82,22.82,22.82,19.5366,0,0.0,1.0
2014-03-26,22.889999,22.889999,22.889999,22.889999,19.596531,0,0.0,1.0
2014-03-27,22.940001000000002,22.940001000000002,22.940001000000002,22.940001000000002,19.639328,0,0.0,1.0
2014-03-28,22.959999,22.959999,22.959999,22.959999,19.656451999999998,0,0.0,1.0
2014-03-31,22.98,22.98,22.98,22.98,19.673574,0,0.0,1.0
2014-04-01,23.01,23.01,23.01,23.01,19.699257,0,0.0,1.0
2014-04-02,22.98,22.98,22.98,22.98,19.673574,0,0.0,1.0
2014-04-03,22.99,22.99,22.99,22.99,19.68214,0,0.0,1.0
2014-04-04,23.040001,23.040001,23.040001,23.040001,19.724949,0,0.0,1.0
2014-04-07,23.049999,23.049999,23.049999,23.049999,19.733508999999998,0,0.0,1.0
2014-04-08,23.07,23.07,23.07,23.07,19.750631,0,0.0,1.0
2014-04-09,23.08,23.08,23.08,23.08,19.759186,0,0.0,1.0
2014-04-10,23.120001000000002,23.120001000000002,23.120001000000002,23.120001000000002,19.793436,0,0.0,1.0
2014-04-11,23.110001,23.110001,23.110001,23.110001,19.784874,0,0.0,1.0
2014-04-14,23.120001000000002,23.120001000000002,23.120001000000002,23.120001000000002,19.793436,0,0.0,1.0
2014-04-15,22.950001,22.950001,22.950001,22.950001,19.776201,0,0.15,1.0
2014-04-16,22.950001,22.950001,22.950001,22.950001,19.776201,0,0.0,1.0
2014-04-17,22.92,22.92,22.92,22.92,19.750351000000002,0,0.0,1.0
2014-04-21,22.93,22.93,22.93,22.93,19.758963,0,0.0,1.0
2014-04-22,22.959999,22.959999,22.959999,22.959999,19.784817,0,0.0,1.0
2014-04-23,22.98,22.98,22.98,22.98,19.802046,0,0.0,1.0
2014-04-24,23.01,23.01,23.01,23.01,19.827907999999997,0,0.0,1.0
2014-04-25,23.0,23.0,23.0,23.0,19.81929,0,0.0,1.0
2014-04-28,23.0,23.0,23.0,23.0,19.81929,0,0.0,1.0
2014-04-29,23.02,23.02,23.02,23.02,19.836520999999998,0,0.0,1.0
2014-04-30,23.059998999999998,23.059998999999998,23.059998999999998,23.059998999999998,19.870987,0,0.0,1.0
2014-05-01,23.1,23.1,23.1,23.1,19.905455,0,0.0,1.0
2014-05-02,23.18,23.18,23.18,23.18,19.974392,0,0.0,1.0
2014-05-05,23.200001,23.200001,23.200001,23.200001,19.991626999999998,0,0.0,1.0
2014-05-06,23.25,23.25,23.25,23.25,20.034712,0,0.0,1.0
2014-05-07,23.309998999999998,23.309998999999998,23.309998999999998,23.309998999999998,20.086416,0,0.0,1.0
2014-05-08,23.379998999999998,23.379998999999998,23.379998999999998,23.379998999999998,20.146734,0,0.0,1.0
2014-05-09,23.370001000000002,23.370001000000002,23.370001000000002,23.370001000000002,20.138119,0,0.0,1.0
2014-05-12,23.41,23.41,23.41,23.41,20.172583,0,0.0,1.0
2014-05-13,23.48,23.48,23.48,23.48,20.232906,0,0.0,1.0
2014-05-14,23.41,23.41,23.41,23.41,20.302282,0,0.15,1.0
2014-05-15,23.450001,23.450001,23.450001,23.450001,20.336975,0,0.0,1.0
2014-05-16,23.440001000000002,23.440001000000002,23.440001000000002,23.440001000000002,20.328306,0,0.0,1.0
2014-05-19,23.459999,23.459999,23.459999,23.459999,20.345648,0,0.0,1.0
2014-05-20,23.48,23.48,23.48,23.48,20.362993,0,0.0,1.0
2014-05-21,23.49,23.49,23.49,23.49,20.37167,0,0.0,1.0
2014-05-22,23.48,23.48,23.48,23.48,20.362993,0,0.0,1.0
2014-05-23,23.5,23.5,23.5,23.5,20.380342000000002,0,0.0,1.0
2014-05-27,23.549999,23.549999,23.549999,23.549999,20.423704,0,0.0,1.0
2014-05-28,23.639999,23.639999,23.639999,23.639999,20.501751000000002,0,0.0,1.0
2014-05-29,23.690001000000002,23.690001000000002,23.690001000000002,23.690001000000002,20.545115,0,0.0,1.0
2014-05-30,23.68,23.68,23.68,23.68,20.536448,0,0.0,1.0
2014-06-02,23.68,23.68,23.68,23.68,20.536448,0,0.0,1.0
2014-06-03,23.639999,23.639999,23.639999,23.639999,20.501751000000002,0,0.0,1.0
2014-06-04,23.629998999999998,23.629998999999998,23.629998999999998,23.629998999999998,20.493078,0,0.0,1.0
2014-06-05,23.68,23.68,23.68,23.68,20.536448,0,0.0,1.0
2014-06-06,23.73,23.73,23.73,23.73,20.579803,0,0.0,1.0
2014-06-09,23.809998999999998,23.809998999999998,23.809998999999998,23.809998999999998,20.649187,0,0.0,1.0
2014-06-10,23.82,23.82,23.82,23.82,20.65786,0,0.0,1.0
2014-06-11,23.809998999999998,23.809998999999998,23.809998999999998,23.809998999999998,20.649187,0,0.0,1.0
2014-06-12,23.82,23.82,23.82,23.82,20.65786,0,0.0,1.0
2014-06-13,23.82,23.82,23.82,23.82,20.65786,0,0.0,1.0
2014-06-16,23.790001,23.790001,23.790001,23.790001,20.631842000000002,0,0.0,1.0
2014-06-17,23.75,23.75,23.75,23.75,20.597151,0,0.0,1.0
2014-06-18,23.639999,23.639999,23.639999,23.639999,20.632054999999998,0,0.15,1.0
2014-06-19,23.68,23.68,23.68,23.68,20.666969,0,0.0,1.0
2014-06-20,23.68,23.68,23.68,23.68,20.666969,0,0.0,1.0
2014-06-23,23.690001000000002,23.690001000000002,23.690001000000002,23.690001000000002,20.675697,0,0.0,1.0
2014-06-24,23.74,23.74,23.74,23.74,20.719334,0,0.0,1.0
2014-06-25,23.77,23.77,23.77,23.77,20.745520000000003,0,0.0,1.0
2014-06-26,23.83,23.83,23.83,23.83,20.797882,0,0.0,1.0
2014-06-27,23.84,23.84,23.84,23.84,20.806612,0,0.0,1.0
2014-06-30,23.809998999999998,23.809998999999998,23.809998999999998,23.809998999999998,20.78043,0,0.0,1.0
2014-07-01,23.799999,23.799999,23.799999,23.799999,20.771701999999998,0,0.0,1.0
2014-07-02,23.77,23.77,23.77,23.77,20.745520000000003,0,0.0,1.0
2014-07-03,23.76,23.76,23.76,23.76,20.736797,0,0.0,1.0
2014-07-07,23.82,23.82,23.82,23.82,20.789156,0,0.0,1.0
2014-07-08,23.860001,23.860001,23.860001,23.860001,20.824068,0,0.0,1.0
2014-07-09,23.870001000000002,23.870001000000002,23.870001000000002,23.870001000000002,20.832794,0,0.0,1.0
2014-07-10,23.84,23.84,23.84,23.84,20.806612,0,0.0,1.0
2014-07-11,23.860001,23.860001,23.860001,23.860001,20.824068,0,0.0,1.0
2014-07-14,23.85,23.85,23.85,23.85,20.815336,0,0.0,1.0
2014-07-15,23.85,23.85,23.85,23.85,20.815336,0,0.0,1.0
2014-07-16,23.709999,23.709999,23.709999,23.709999,20.824123,0,0.15,1.0
2014-07-17,23.65,23.65,23.65,23.65,20.771425,0,0.0,1.0
2014-07-18,23.620001000000002,23.620001000000002,23.620001000000002,23.620001000000002,20.745073,0,0.0,1.0
2014-07-21,23.6,23.6,23.6,23.6,20.727512,0,0.0,1.0
2014-07-22,23.629998999999998,23.629998999999998,23.629998999999998,23.629998999999998,20.75386,0,0.0,1.0
2014-07-23,23.629998999999998,23.629998999999998,23.629998999999998,23.629998999999998,20.75386,0,0.0,1.0
2014-07-24,23.620001000000002,23.620001000000002,23.620001000000002,23.620001000000002,20.745073,0,0.0,1.0
2014-07-25,23.629998999999998,23.629998999999998,23.629998999999998,23.629998999999998,20.75386,0,0.0,1.0
2014-07-28,23.6,23.6,23.6,23.6,20.727512,0,0.0,1.0
2014-07-29,23.559998999999998,23.559998999999998,23.559998999999998,23.559998999999998,20.692379000000003,0,0.0,1.0
2014-07-30,23.49,23.49,23.49,23.49,20.630898000000002,0,0.0,1.0
2014-07-31,23.42,23.42,23.42,23.42,20.569418,0,0.0,1.0
2014-08-01,23.35,23.35,23.35,23.35,20.507938,0,0.0,1.0
2014-08-04,23.360001,23.360001,23.360001,23.360001,20.516724,0,0.0,1.0
2014-08-05,23.33,23.33,23.33,23.33,20.490374,0,0.0,1.0
2014-08-06,23.290001,23.290001,23.290001,23.290001,20.455246,0,0.0,1.0
2014-08-07,23.299999,23.299999,23.299999,23.299999,20.464026999999998,0,0.0,1.0
2014-08-08,23.280001000000002,23.280001000000002,23.280001000000002,23.280001000000002,20.446461,0,0.0,1.0
2014-08-11,23.34,23.34,23.34,23.34,20.499155,0,0.0,1.0
2014-08-12,23.370001000000002,23.370001000000002,23.370001000000002,23.370001000000002,20.525503,0,0.0,1.0
2014-08-13,23.280001000000002,23.280001000000002,23.280001000000002,23.280001000000002,20.578543,0,0.15,1.0
2014-08-14,23.35,23.35,23.35,23.35,20.640419,0,0.0,1.0
2014-08-15,23.42,23.42,23.42,23.42,20.702295,0,0.0,1.0
2014-08-18,23.450001,23.450001,23.450001,23.450001,20.728817000000003,0,0.0,1.0
2014-08-19,23.5,23.5,23.5,23.5,20.773011999999998,0,0.0,1.0
2014-08-20,23.5,23.5,23.5,23.5,20.773011999999998,0,0.0,1.0
2014-08-21,23.540001,23.540001,23.540001,23.540001,20.808370999999998,0,0.0,1.0
2014-08-22,23.559998999999998,23.559998999999998,23.559998999999998,23.559998999999998,20.82605,0,0.0,1.0
2014-08-25,23.59,23.59,23.59,23.59,20.852575,0,0.0,1.0
2014-08-26,23.629998999999998,23.629998999999998,23.629998999999998,23.629998999999998,20.887928,0,0.0,1.0
2014-08-27,23.67,23.67,23.67,23.67,20.923288,0,0.0,1.0
2014-08-28,23.67,23.67,23.67,23.67,20.923288,0,0.0,1.0
2014-08-29,23.66,23.66,23.66,23.66,20.914445999999998,0,0.0,1.0
2014-09-02,23.629998999999998,23.629998999999998,23.629998999999998,23.629998999999998,20.887928,0,0.0,1.0
2014-09-03,23.690001000000002,23.690001000000002,23.690001000000002,23.690001000000002,20.940966,0,0.0,1.0
2014-09-04,23.700001,23.700001,23.700001,23.700001,20.949802,0,0.0,1.0
2014-09-05,23.700001,23.700001,23.700001,23.700001,20.949802,0,0.0,1.0
2014-09-08,23.690001000000002,23.690001000000002,23.690001000000002,23.690001000000002,20.940966,0,0.0,1.0
2014-09-09,23.639999,23.639999,23.639999,23.639999,20.896767,0,0.0,1.0
2014-09-10,23.59,23.59,23.59,23.59,20.852575,0,0.0,1.0
2014-09-11,23.58,23.58,23.58,23.58,20.843729,0,0.0,1.0
2014-09-12,23.530001000000002,23.530001000000002,23.530001000000002,23.530001000000002,20.799534,0,0.0,1.0
2014-09-15,23.530001000000002,23.530001000000002,23.530001000000002,23.530001000000002,20.799534,0,0.0,1.0
2014-09-16,23.51,23.51,23.51,23.51,20.781857000000002,0,0.0,1.0
2014-09-17,23.360001,23.360001,23.360001,23.360001,20.781855,0,0.15,1.0
2014-09-18,23.35,23.35,23.35,23.35,20.772961,0,0.0,1.0
2014-09-19,23.4,23.4,23.4,23.4,20.817438,0,0.0,1.0
2014-09-22,23.41,23.41,23.41,23.41,20.826332,0,0.0,1.0
2014-09-23,23.389999,23.389999,23.389999,23.389999,20.808544,0,0.0,1.0
2014-09-24,23.360001,23.360001,23.360001,23.360001,20.781855,0,0.0,1.0
2014-09-25,23.33,23.33,23.33,23.33,20.755164999999998,0,0.0,1.0
2014-09-26,23.24,23.24,23.24,23.24,20.675097,0,0.0,1.0
2014-09-29,23.18,23.18,23.18,23.18,20.621717,0,0.0,1.0
2014-09-30,23.17,23.17,23.17,23.17,20.612822,0,0.0,1.0
2014-10-01,23.17,23.17,23.17,23.17,20.612822,0,0.0,1.0
2014-10-02,23.25,23.25,23.25,23.25,20.683989999999998,0,0.0,1.0
2014-10-03,23.32,23.32,23.32,23.32,20.746264,0,0.0,1.0
2014-10-06,23.379998999999998,23.379998999999998,23.379998999999998,23.379998999999998,20.799646,0,0.0,1.0
2014-10-07,23.4,23.4,23.4,23.4,20.817438,0,0.0,1.0
2014-10-08,23.299999,23.299999,23.299999,23.299999,20.728476999999998,0,0.0,1.0
2014-10-09,23.290001,23.290001,23.290001,23.290001,20.719584,0,0.0,1.0
2014-10-10,23.190001000000002,23.190001000000002,23.190001000000002,23.190001000000002,20.630613,0,0.0,1.0
2014-10-13,23.190001000000002,23.190001000000002,23.190001000000002,23.190001000000002,20.630613,0,0.0,1.0
2014-10-14,23.18,23.18,23.18,23.18,20.621717,0,0.0,1.0
2014-10-15,22.99,22.99,22.99,22.99,20.585901,0,0.15,1.0
2014-10-16,22.889999,22.889999,22.889999,22.889999,20.496358999999998,0,0.0,1.0
2014-10-17,23.02,23.02,23.02,23.02,20.612766,0,0.0,1.0
2014-10-20,23.1,23.1,23.1,23.1,20.684401,0,0.0,1.0
2014-10-21,23.129998999999998,23.129998999999998,23.129998999999998,23.129998999999998,20.711264,0,0.0,1.0
2014-10-22,23.15,23.15,23.15,23.15,20.729172,0,0.0,1.0
2014-10-23,23.16,23.16,23.16,23.16,20.738127,0,0.0,1.0
2014-10-24,23.18,23.18,23.18,23.18,20.756033,0,0.0,1.0
2014-10-27,23.200001,23.200001,23.200001,23.200001,20.773941,0,0.0,1.0
2014-10-28,23.209999,23.209999,23.209999,23.209999,20.782896,0,0.0,1.0
2014-10-29,23.209999,23.209999,23.209999,23.209999,20.782896,0,0.0,1.0
2014-10-30,23.25,23.25,23.25,23.25,20.81871,0,0.0,1.0
2014-10-31,23.24,23.24,23.24,23.24,20.809757,0,0.0,1.0
2014-11-03,23.24,23.24,23.24,23.24,20.809757,0,0.0,1.0
2014-11-04,23.23,23.23,23.23,23.23,20.800804,0,0.0,1.0
2014-11-05,23.209999,23.209999,23.209999,23.209999,20.782896,0,0.0,1.0
2014-11-06,23.209999,23.209999,23.209999,23.209999,20.782896,0,0.0,1.0
2014-11-07,23.23,23.23,23.23,23.23,20.800804,0,0.0,1.0
2014-11-10,23.23,23.23,23.23,23.23,20.800804,0,0.0,1.0
2014-11-11,23.23,23.23,23.23,23.23,20.800804,0,0.0,1.0
2014-11-12,23.23,23.23,23.23,23.23,20.935991,0,0.15,1.0
2014-11-13,23.040001,23.040001,23.040001,23.040001,20.764754999999997,0,0.0,1.0
2014-11-14,22.950001,22.950001,22.950001,22.950001,20.683643,0,0.0,1.0
2014-11-17,22.9,22.9,22.9,22.9,20.638579999999997,0,0.0,1.0
2014-11-18,22.809998999999998,22.809998999999998,22.809998999999998,22.809998999999998,20.557467000000003,0,0.0,1.0
2014-11-19,22.65,22.65,22.65,22.65,20.413263,0,0.0,1.0
2014-11-20,22.610001,22.610001,22.610001,22.610001,20.37722,0,0.0,1.0
2014-11-21,22.700001,22.700001,22.700001,22.700001,20.45833,0,0.0,1.0
2014-11-24,22.719998999999998,22.719998999999998,22.719998999999998,22.719998999999998,20.476353,0,0.0,1.0
2014-11-25,22.74,22.74,22.74,22.74,20.494379000000002,0,0.0,1.0
2014-11-26,22.74,22.74,22.74,22.74,20.494379000000002,0,0.0,1.0
2014-11-28,22.76,22.76,22.76,22.76,20.512404999999998,0,0.0,1.0
2014-12-01,22.58,22.58,22.58,22.58,20.350179999999998,0,0.0,1.0
2014-12-02,22.469998999999998,22.469998999999998,22.469998999999998,22.469998999999998,20.251041,0,0.0,1.0
2014-12-03,22.389999,22.389999,22.389999,22.389999,20.178944,0,0.0,1.0
2014-12-04,22.32,22.32,22.32,22.32,20.115856,0,0.0,1.0
2014-12-05,22.209999,22.209999,22.209999,22.209999,20.016718,0,0.0,1.0
2014-12-08,22.209999,22.209999,22.209999,22.209999,20.016718,0,0.0,1.0
2014-12-09,21.940001000000002,21.940001000000002,21.940001000000002,21.940001000000002,19.773378,0,0.0,1.0
2014-12-10,21.799999,21.799999,21.799999,21.799999,19.647205,0,0.0,1.0
2014-12-11,21.709999,21.709999,21.709999,21.709999,19.566095,0,0.0,1.0
2014-12-12,21.58,21.58,21.58,21.58,19.448933,0,0.0,1.0
2014-12-15,21.4,21.4,21.4,21.4,19.286707,0,0.0,1.0
2014-12-16,21.110001,21.110001,21.110001,21.110001,19.025347,0,0.0,1.0
2014-12-17,21.1,21.1,21.1,21.1,19.247004999999998,0,0.253,1.0
2014-12-18,21.1,21.1,21.1,21.1,19.247004999999998,0,0.0,1.0
2014-12-19,21.280001000000002,21.280001000000002,21.280001000000002,21.280001000000002,19.411198000000002,0,0.0,1.0
2014-12-22,21.459999,21.459999,21.459999,21.459999,19.575388,0,0.0,1.0
2014-12-23,21.559998999999998,21.559998999999998,21.559998999999998,21.559998999999998,19.666609,0,0.0,1.0
2014-12-24,21.57,21.57,21.57,21.57,19.675729999999998,0,0.0,1.0
2014-12-26,21.6,21.6,21.6,21.6,19.703096,0,0.0,1.0
2014-12-29,21.66,21.66,21.66,21.66,19.757826,0,0.0,1.0
2014-12-30,21.65,21.65,21.65,21.65,19.748704999999998,0,0.0,1.0
2014-12-31,21.620001000000002,21.620001000000002,21.620001000000002,21.620001000000002,19.721338,0,0.0,1.0
2015-01-02,21.65,21.65,21.65,21.65,19.748704999999998,0,0.0,1.0
2015-01-05,21.540001,21.540001,21.540001,21.540001,19.648367,0,0.0,1.0
2015-01-06,21.450001,21.450001,21.450001,21.450001,19.566269000000002,0,0.0,1.0
2015-01-07,21.440001000000002,21.440001000000002,21.440001000000002,21.440001000000002,19.557146,0,0.0,1.0
2015-01-08,21.5,21.5,21.5,21.5,19.611874,0,0.0,1.0
2015-01-09,21.51,21.51,21.51,21.51,19.620995999999998,0,0.0,1.0
2015-01-12,21.49,21.49,21.49,21.49,19.602757,0,0.0,1.0
2015-01-13,21.450001,21.450001,21.450001,21.450001,19.566269000000002,0,0.0,1.0
2015-01-14,21.18,21.18,21.18,21.18,19.456035999999997,0,0.15,1.0
2015-01-15,21.27,21.27,21.27,21.27,19.538712,0,0.0,1.0
2015-01-16,21.219998999999998,21.219998999999998,21.219998999999998,21.219998999999998,19.492783,0,0.0,1.0
2015-01-20,21.280001000000002,21.280001000000002,21.280001000000002,21.280001000000002,19.547895,0,0.0,1.0
2015-01-21,21.25,21.25,21.25,21.25,19.520338,0,0.0,1.0
2015-01-22,21.23,21.23,21.23,21.23,19.501965,0,0.0,1.0
2015-01-23,21.33,21.33,21.33,21.33,19.593823999999998,0,0.0,1.0
2015-01-26,21.32,21.32,21.32,21.32,19.584641,0,0.0,1.0
2015-01-27,21.299999,21.299999,21.299999,21.299999,19.566269000000002,0,0.0,1.0
2015-01-28,21.360001,21.360001,21.360001,21.360001,19.621385999999998,0,0.0,1.0
2015-01-29,21.309998999999998,21.309998999999998,21.309998999999998,21.309998999999998,19.575454999999998,0,0.0,1.0
2015-01-30,21.33,21.33,21.33,21.33,19.593823999999998,0,0.0,1.0
2015-02-02,21.35,21.35,21.35,21.35,19.6122,0,0.0,1.0
2015-02-03,21.389999,21.389999,21.389999,21.389999,19.648941,0,0.0,1.0
2015-02-04,21.4,21.4,21.4,21.4,19.658131,0,0.0,1.0
2015-02-05,21.43,21.43,21.43,21.43,19.685685999999997,0,0.0,1.0
2015-02-06,21.4,21.4,21.4,21.4,19.658131,0,0.0,1.0
2015-02-09,21.42,21.42,21.42,21.42,19.6765,0,0.0,1.0
2015-02-10,21.370001000000002,21.370001000000002,21.370001000000002,21.370001000000002,19.630573000000002,0,0.0,1.0
2015-02-11,21.25,21.25,21.25,21.25,19.520338,0,0.0,1.0
2015-02-12,21.309998999999998,21.309998999999998,21.309998999999998,21.309998999999998,19.575454999999998,0,0.0,1.0
2015-02-13,21.389999,21.389999,21.389999,21.389999,19.648941,0,0.0,1.0
2015-02-17,21.42,21.42,21.42,21.42,19.6765,0,0.0,1.0
2015-02-18,21.540001,21.540001,21.540001,21.540001,19.786735999999998,0,0.0,1.0
2015-02-19,21.549999,21.549999,21.549999,21.549999,19.795919,0,0.0,1.0
2015-02-20,21.639999,21.639999,21.639999,21.639999,19.878595,0,0.0,1.0
2015-02-23,21.66,21.66,21.66,21.66,19.896967,0,0.0,1.0
2015-02-24,21.73,21.73,21.73,21.73,19.961267000000003,0,0.0,1.0
2015-02-25,21.76,21.76,21.76,21.76,19.988825,0,0.0,1.0
2015-02-26,21.77,21.77,21.77,21.77,19.998013,0,0.0,1.0
2015-02-27,21.84,21.84,21.84,21.84,20.062314999999998,0,0.0,1.0
2015-03-02,21.879998999999998,21.879998999999998,21.879998999999998,21.879998999999998,20.099058,0,0.0,1.0
2015-03-03,21.870001000000002,21.870001000000002,21.870001000000002,21.870001000000002,20.089876,0,0.0,1.0
2015-03-04,21.9,21.9,21.9,21.9,20.117432,0,0.0,1.0
2015-03-05,21.92,21.92,21.92,21.92,20.135803,0,0.0,1.0
2015-03-06,21.879998999999998,21.879998999999998,21.879998999999998,21.879998999999998,20.099058,0,0.0,1.0
2015-03-09,21.879998999999998,21.879998999999998,21.879998999999998,21.879998999999998,20.099058,0,0.0,1.0
2015-03-10,21.84,21.84,21.84,21.84,20.062314999999998,0,0.0,1.0
2015-03-11,21.68,21.68,21.68,21.68,19.91534,0,0.0,1.0
2015-03-12,21.68,21.68,21.68,21.68,19.91534,0,0.0,1.0
2015-03-13,21.57,21.57,21.57,21.57,19.814291,0,0.0,1.0
2015-03-16,21.48,21.48,21.48,21.48,19.731614999999998,0,0.0,1.0
2015-03-17,21.41,21.41,21.41,21.41,19.667316,0,0.0,1.0
2015-03-18,21.41,21.41,21.41,21.41,19.667316,0,0.0,1.0
2015-03-19,21.450001,21.450001,21.450001,21.450001,19.704058,0,0.0,1.0
2015-03-20,21.540001,21.540001,21.540001,21.540001,19.786735999999998,0,0.0,1.0
2015-03-23,21.639999,21.639999,21.639999,21.639999,19.878595,0,0.0,1.0
2015-03-24,21.73,21.73,21.73,21.73,19.961267000000003,0,0.0,1.0
2015-03-25,21.75,21.75,21.75,21.75,19.979637,0,0.0,1.0
2015-03-26,21.74,21.74,21.74,21.74,19.970454999999998,0,0.0,1.0
2015-03-27,21.77,21.77,21.77,21.77,19.998013,0,0.0,1.0
2015-03-30,21.790001,21.790001,21.790001,21.790001,20.016385999999997,0,0.0,1.0
2015-03-31,21.82,21.82,21.82,21.82,20.043941,0,0.0,1.0
2015-04-01,21.879998999999998,21.879998999999998,21.879998999999998,21.879998999999998,20.099058,0,0.0,1.0
2015-04-02,21.9,21.9,21.9,21.9,20.117432,0,0.0,1.0
2015-04-06,21.969998999999998,21.969998999999998,21.969998999999998,21.969998999999998,20.181732,0,0.0,1.0
2015-04-07,22.049999,22.049999,22.049999,22.049999,20.255222,0,0.0,1.0
2015-04-08,22.16,22.16,22.16,22.16,20.356270000000002,0,0.0,1.0
2015-04-09,22.190001000000002,22.190001000000002,22.190001000000002,22.190001000000002,20.383827,0,0.0,1.0
2015-04-10,22.26,22.26,22.26,22.26,20.448128,0,0.0,1.0
2015-04-13,22.32,22.32,22.32,22.32,20.503246,0,0.0,1.0
2015-04-14,22.389999,22.389999,22.389999,22.389999,20.567545000000003,0,0.0,1.0
2015-04-15,22.32,22.32,22.32,22.32,20.503246,0,0.0,1.0
2015-04-16,22.33,22.33,22.33,22.33,20.51243,0,0.0,1.0
2015-04-17,22.35,22.35,22.35,22.35,20.5308,0,0.0,1.0
2015-04-20,22.33,22.33,22.33,22.33,20.51243,0,0.0,1.0
2015-04-21,22.33,22.33,22.33,22.33,20.51243,0,0.0,1.0
2015-04-22,22.34,22.34,22.34,22.34,20.521618,0,0.0,1.0
2015-04-23,22.42,22.42,22.42,22.42,20.595106,0,0.0,1.0
2015-04-24,22.49,22.49,22.49,22.49,20.659407,0,0.0,1.0
2015-04-27,22.52,22.52,22.52,22.52,20.686966,0,0.0,1.0
2015-04-28,22.48,22.48,22.48,22.48,20.650223,0,0.0,1.0
2015-04-29,22.440001000000002,22.440001000000002,22.440001000000002,22.440001000000002,20.613478,0,0.0,1.0
2015-04-30,22.450001,22.450001,22.450001,22.450001,20.622664999999998,0,0.0,1.0
2015-05-01,22.43,22.43,22.43,22.43,20.604294,0,0.0,1.0
2015-05-04,22.440001000000002,22.440001000000002,22.440001000000002,22.440001000000002,20.613478,0,0.0,1.0
2015-05-05,22.450001,22.450001,22.450001,22.450001,20.622664999999998,0,0.0,1.0
2015-05-06,22.48,22.48,22.48,22.48,20.650223,0,0.0,1.0
2015-05-07,22.5,22.5,22.5,22.5,20.668592,0,0.0,1.0
2015-05-08,22.58,22.58,22.58,22.58,20.742082999999997,0,0.0,1.0
2015-05-11,22.559998999999998,22.559998999999998,22.559998999999998,22.559998999999998,20.723710999999998,0,0.0,1.0
2015-05-12,22.530001000000002,22.530001000000002,22.530001000000002,22.530001000000002,20.696154,0,0.0,1.0
2015-05-13,22.440001000000002,22.440001000000002,22.440001000000002,22.440001000000002,20.613478,0,0.0,1.0
2015-05-14,22.49,22.49,22.49,22.49,20.659407,0,0.0,1.0
2015-05-15,22.58,22.58,22.58,22.58,20.742082999999997,0,0.0,1.0
2015-05-18,22.559998999999998,22.559998999999998,22.559998999999998,22.559998999999998,20.723710999999998,0,0.0,1.0
2015-05-19,22.559998999999998,22.559998999999998,22.559998999999998,22.559998999999998,20.723710999999998,0,0.0,1.0
2015-05-20,22.6,22.6,22.6,22.6,20.760451999999997,0,0.0,1.0
2015-05-21,22.68,22.68,22.68,22.68,20.833941,0,0.0,1.0
2015-05-22,22.67,22.67,22.67,22.67,20.824755,0,0.0,1.0
2015-05-26,22.700001,22.700001,22.700001,22.700001,20.852318,0,0.0,1.0
2015-05-27,22.75,22.75,22.75,22.75,20.898245000000003,0,0.0,1.0
2015-05-28,22.75,22.75,22.75,22.75,20.898245000000003,0,0.0,1.0
2015-05-29,22.74,22.74,22.74,22.74,20.889057,0,0.0,1.0
2015-06-01,22.68,22.68,22.68,22.68,20.833941,0,0.0,1.0
2015-06-02,22.66,22.66,22.66,22.66,20.815571,0,0.0,1.0
2015-06-03,22.6,22.6,22.6,22.6,20.760451999999997,0,0.0,1.0
2015-06-04,22.57,22.57,22.57,22.57,20.732901000000002,0,0.0,1.0
2015-06-05,22.49,22.49,22.49,22.49,20.659407,0,0.0,1.0
2015-06-08,22.469998999999998,22.469998999999998,22.469998999999998,22.469998999999998,20.641033,0,0.0,1.0
2015-06-09,22.43,22.43,22.43,22.43,20.604294,0,0.0,1.0
2015-06-10,22.370001000000002,22.370001000000002,22.370001000000002,22.370001000000002,20.549175,0,0.0,1.0
2015-06-11,22.43,22.43,22.43,22.43,20.604294,0,0.0,1.0
2015-06-12,22.43,22.43,22.43,22.43,20.604294,0,0.0,1.0
2015-06-15,22.43,22.43,22.43,22.43,20.604294,0,0.0,1.0
2015-06-16,22.42,22.42,22.42,22.42,20.595106,0,0.0,1.0
2015-06-17,22.25,22.25,22.25,22.25,20.438942,0,0.0,1.0
2015-06-18,22.280001000000002,22.280001000000002,22.280001000000002,22.280001000000002,20.466503,0,0.0,1.0
2015-06-19,22.309998999999998,22.309998999999998,22.309998999999998,22.309998999999998,20.494059,0,0.0,1.0
2015-06-22,22.299999,22.299999,22.299999,22.299999,20.484875,0,0.0,1.0
2015-06-23,22.33,22.33,22.33,22.33,20.51243,0,0.0,1.0
2015-06-24,22.360001,22.360001,22.360001,22.360001,20.539988,0,0.0,1.0
2015-06-25,22.309998999999998,22.309998999999998,22.309998999999998,22.309998999999998,20.494059,0,0.0,1.0
2015-06-26,22.25,22.25,22.25,22.25,20.438942,0,0.0,1.0
2015-06-29,22.17,22.17,22.17,22.17,20.365451999999998,0,0.0,1.0
2015-06-30,22.18,22.18,22.18,22.18,20.37464,0,0.0,1.0
2015-07-01,22.18,22.18,22.18,22.18,20.37464,0,0.0,1.0
2015-07-02,22.219998999999998,22.219998999999998,22.219998999999998,22.219998999999998,20.411381,0,0.0,1.0
2015-07-06,22.24,22.24,22.24,22.24,20.429754,0,0.0,1.0
2015-07-07,22.190001000000002,22.190001000000002,22.190001000000002,22.190001000000002,20.383827,0,0.0,1.0
2015-07-08,22.17,22.17,22.17,22.17,20.365451999999998,0,0.0,1.0
2015-07-09,22.08,22.08,22.08,22.08,20.282778,0,0.0,1.0
2015-07-10,22.059998999999998,22.059998999999998,22.059998999999998,22.059998999999998,20.26441,0,0.0,1.0
2015-07-13,22.1,22.1,22.1,22.1,20.301149,0,0.0,1.0
2015-07-14,22.129998999999998,22.129998999999998,22.129998999999998,22.129998999999998,20.328709,0,0.0,1.0
2015-07-15,22.02,22.02,22.02,22.02,20.227667,0,0.0,1.0
2015-07-16,22.049999,22.049999,22.049999,22.049999,20.255222,0,0.0,1.0
2015-07-17,22.040001,22.040001,22.040001,22.040001,20.246035,0,0.0,1.0
2015-07-20,22.01,22.01,22.01,22.01,20.218477,0,0.0,1.0
2015-07-21,21.99,21.99,21.99,21.99,20.200104,0,0.0,1.0
2015-07-22,21.950001,21.950001,21.950001,21.950001,20.163361,0,0.0,1.0
2015-07-23,21.889999,21.889999,21.889999,21.889999,20.108244,0,0.0,1.0
2015-07-24,21.82,21.82,21.82,21.82,20.043941,0,0.0,1.0
2015-07-27,21.690001000000002,21.690001000000002,21.690001000000002,21.690001000000002,19.924526,0,0.0,1.0
2015-07-28,21.690001000000002,21.690001000000002,21.690001000000002,21.690001000000002,19.924526,0,0.0,1.0
2015-07-29,21.73,21.73,21.73,21.73,19.961267000000003,0,0.0,1.0
2015-07-30,21.76,21.76,21.76,21.76,19.988825,0,0.0,1.0
2015-07-31,21.790001,21.790001,21.790001,21.790001,20.016385999999997,0,0.0,1.0
2015-08-03,21.82,21.82,21.82,21.82,20.043941,0,0.0,1.0
2015-08-04,21.76,21.76,21.76,21.76,19.988825,0,0.0,1.0
2015-08-05,21.700001,21.700001,21.700001,21.700001,19.933708,0,0.0,1.0
2015-08-06,21.65,21.65,21.65,21.65,19.887781,0,0.0,1.0
2015-08-07,21.620001000000002,21.620001000000002,21.620001000000002,21.620001000000002,19.860222,0,0.0,1.0
2015-08-10,21.58,21.58,21.58,21.58,19.823477,0,0.0,1.0
2015-08-11,21.530001000000002,21.530001000000002,21.530001000000002,21.530001000000002,19.777548,0,0.0,1.0
2015-08-12,21.32,21.32,21.32,21.32,19.584641,0,0.0,1.0
2015-08-13,21.27,21.27,21.27,21.27,19.538712,0,0.0,1.0
2015-08-14,21.24,21.24,21.24,21.24,19.51115,0,0.0,1.0
2015-08-17,21.209999,21.209999,21.209999,21.209999,19.483593,0,0.0,1.0
2015-08-18,21.17,21.17,21.17,21.17,19.446848000000003,0,0.0,1.0
2015-08-19,21.139999,21.139999,21.139999,21.139999,19.419291,0,0.0,1.0
2015-08-20,21.09,21.09,21.09,21.09,19.373362,0,0.0,1.0
2015-08-21,20.93,20.93,20.93,20.93,19.226387,0,0.0,1.0
2015-08-24,20.690001000000002,20.690001000000002,20.690001000000002,20.690001000000002,19.005919,0,0.0,1.0
2015-08-25,20.709999,20.709999,20.709999,20.709999,19.024292000000003,0,0.0,1.0
2015-08-26,20.629998999999998,20.629998999999998,20.629998999999998,20.629998999999998,18.950806,0,0.0,1.0
2015-08-27,20.74,20.74,20.74,20.74,19.051849,0,0.0,1.0
2015-08-28,20.809998999999998,20.809998999999998,20.809998999999998,20.809998999999998,19.11615,0,0.0,1.0
2015-08-31,20.790001,20.790001,20.790001,20.790001,19.09778,0,0.0,1.0
2015-09-01,20.75,20.75,20.75,20.75,19.061039,0,0.0,1.0
2015-09-02,20.75,20.75,20.75,20.75,19.061039,0,0.0,1.0
2015-09-03,20.74,20.74,20.74,20.74,19.051849,0,0.0,1.0
2015-09-04,20.73,20.73,20.73,20.73,19.042664000000002,0,0.0,1.0
2015-09-08,20.74,20.74,20.74,20.74,19.051849,0,0.0,1.0
2015-09-09,20.77,20.77,20.77,20.77,19.079411,0,0.0,1.0
2015-09-10,20.709999,20.709999,20.709999,20.709999,19.024292000000003,0,0.0,1.0
2015-09-11,20.700001,20.700001,20.700001,20.700001,19.015106,0,0.0,1.0
2015-09-14,20.690001000000002,20.690001000000002,20.690001000000002,20.690001000000002,19.005919,0,0.0,1.0
2015-09-15,20.65,20.65,20.65,20.65,18.969177,0,0.0,1.0
2015-09-16,20.48,20.48,20.48,20.48,18.813015,0,0.0,1.0
2015-09-17,20.49,20.49,20.49,20.49,18.822198999999998,0,0.0,1.0
2015-09-18,20.5,20.5,20.5,20.5,18.831387,0,0.0,1.0
2015-09-21,20.41,20.41,20.41,20.41,18.748713000000002,0,0.0,1.0
2015-09-22,20.290001,20.290001,20.290001,20.290001,18.638476999999998,0,0.0,1.0
2015-09-23,20.24,20.24,20.24,20.24,18.592548,0,0.0,1.0
2015-09-24,20.1,20.1,20.1,20.1,18.463945000000002,0,0.0,1.0
2015-09-25,20.07,20.07,20.07,20.07,18.436382000000002,0,0.0,1.0
2015-09-28,19.940001000000002,19.940001000000002,19.940001000000002,19.940001000000002,18.316967,0,0.0,1.0
2015-09-29,19.790001,19.790001,19.790001,19.790001,18.179174,0,0.0,1.0
2015-09-30,19.799999,19.799999,19.799999,19.799999,18.18836,0,0.0,1.0
2015-10-01,19.75,19.75,19.75,19.75,18.142429,0,0.0,1.0
2015-10-02,19.700001,19.700001,19.700001,19.700001,18.0965,0,0.0,1.0
2015-10-05,19.77,19.77,19.77,19.77,18.160803,0,0.0,1.0
2015-10-06,19.889999,19.889999,19.889999,19.889999,18.271036,0,0.0,1.0
2015-10-07,19.969998999999998,19.969998999999998,19.969998999999998,19.969998999999998,18.344524,0,0.0,1.0
2015-10-08,19.98,19.98,19.98,19.98,18.353707999999997,0,0.0,1.0
2015-10-09,20.09,20.09,20.09,20.09,18.454762,0,0.0,1.0
2015-10-12,20.09,20.09,20.09,20.09,18.454762,0,0.0,1.0
2015-10-13,20.139999,20.139999,20.139999,20.139999,18.500689,0,0.0,1.0
2015-10-14,20.0,20.0,20.0,20.0,18.372084,0,0.0,1.0
2015-10-15,19.98,19.98,19.98,19.98,18.353707999999997,0,0.0,1.0
2015-10-16,20.030001000000002,20.030001000000002,20.030001000000002,20.030001000000002,18.399642999999998,0,0.0,1.0
2015-10-19,20.02,20.02,20.02,20.02,18.390455,0,0.0,1.0
2015-10-20,20.030001000000002,20.030001000000002,20.030001000000002,20.030001000000002,18.399642999999998,0,0.0,1.0
2015-10-21,20.049999,20.049999,20.049999,20.049999,18.418009,0,0.0,1.0
2015-10-22,20.040001,20.040001,20.040001,20.040001,18.408829,0,0.0,1.0
2015-10-23,20.059998999999998,20.059998999999998,20.059998999999998,20.059998999999998,18.427197,0,0.0,1.0
2015-10-26,20.09,20.09,20.09,20.09,18.454762,0,0.0,1.0
2015-10-27,20.07,20.07,20.07,20.07,18.436382000000002,0,0.0,1.0
2015-10-28,20.049999,20.049999,20.049999,20.049999,18.418009,0,0.0,1.0
2015-10-29,20.01,20.01,20.01,20.01,18.381270999999998,0,0.0,1.0
2015-10-30,20.030001000000002,20.030001000000002,20.030001000000002,20.030001000000002,18.399642999999998,0,0.0,1.0
2015-11-02,20.040001,20.040001,20.040001,20.040001,18.408829,0,0.0,1.0
2015-11-03,20.09,20.09,20.09,20.09,18.454762,0,0.0,1.0
2015-11-04,20.15,20.15,20.15,20.15,18.509872,0,0.0,1.0
2015-11-05,20.139999,20.139999,20.139999,20.139999,18.500689,0,0.0,1.0
2015-11-06,20.02,20.02,20.02,20.02,18.390455,0,0.0,1.0
2015-11-09,19.959999,19.959999,19.959999,19.959999,18.33534,0,0.0,1.0
2015-11-10,19.74,19.74,19.74,19.74,18.133247,0,0.0,1.0
2015-11-11,19.74,19.74,19.74,19.74,18.133247,0,0.0,1.0
2015-11-12,19.68,19.68,19.68,19.68,18.078129,0,0.0,1.0
2015-11-13,19.610001,19.610001,19.610001,19.610001,18.013826,0,0.0,1.0
2015-11-16,19.610001,19.610001,19.610001,19.610001,18.013826,0,0.0,1.0
2015-11-17,19.639999,19.639999,19.639999,19.639999,18.041384,0,0.0,1.0
2015-11-18,19.610001,19.610001,19.610001,19.610001,18.013826,0,0.0,1.0
2015-11-19,19.6,19.6,19.6,19.6,18.004639,0,0.0,1.0
2015-11-20,19.59,19.59,19.59,19.59,17.995459,0,0.0,1.0
2015-11-23,19.59,19.59,19.59,19.59,17.995459,0,0.0,1.0
2015-11-24,19.52,19.52,19.52,19.52,17.931154,0,0.0,1.0
2015-11-25,19.469998999999998,19.469998999999998,19.469998999999998,19.469998999999998,17.885220999999998,0,0.0,1.0
2015-11-27,19.440001000000002,19.440001000000002,19.440001000000002,19.440001000000002,17.857668,0,0.0,1.0
2015-11-30,19.4,19.4,19.4,19.4,17.820923,0,0.0,1.0
2015-12-01,19.4,19.4,19.4,19.4,17.820923,0,0.0,1.0
2015-12-02,19.299999,19.299999,19.299999,19.299999,17.729059,0,0.0,1.0
2015-12-03,19.18,19.18,19.18,19.18,17.618828,0,0.0,1.0
2015-12-04,19.129998999999998,19.129998999999998,19.129998999999998,19.129998999999998,17.572899,0,0.0,1.0
2015-12-07,19.07,19.07,19.07,19.07,17.51778,0,0.0,1.0
2015-12-08,18.879998999999998,18.879998999999998,18.879998999999998,18.879998999999998,17.343246,0,0.0,1.0
2015-12-09,18.860001,18.860001,18.860001,18.860001,17.324873,0,0.0,1.0
2015-12-10,18.76,18.76,18.76,18.76,17.233013,0,0.0,1.0
2015-12-11,18.629998999999998,18.629998999999998,18.629998999999998,18.629998999999998,17.113594,0,0.0,1.0
2015-12-14,18.4,18.4,18.4,18.4,16.902314999999998,0,0.0,1.0
2015-12-15,18.389999,18.389999,18.389999,18.389999,16.893129000000002,0,0.0,1.0
2015-12-16,18.16,18.16,18.16,18.16,16.681852,0,0.0,1.0
2015-12-17,18.16,18.16,18.16,18.16,16.681852,0,0.0,1.0
2015-12-18,18.08,18.08,18.08,18.08,16.608362,0,0.0,1.0
2015-12-21,18.01,18.01,18.01,18.01,16.544064000000002,0,0.0,1.0
2015-12-22,18.0,18.0,18.0,18.0,16.534876,0,0.0,1.0
2015-12-23,18.030001000000002,18.030001000000002,18.030001000000002,18.030001000000002,16.562433,0,0.0,1.0
2015-12-24,18.059998999999998,18.059998999999998,18.059998999999998,18.059998999999998,16.589989000000003,0,0.0,1.0
2015-12-28,18.1,18.1,18.1,18.1,16.626735999999998,0,0.0,1.0
2015-12-29,18.1,18.1,18.1,18.1,16.626735999999998,0,0.0,1.0
2015-12-30,18.09,18.09,18.09,18.09,16.61755,0,0.0,1.0
2015-12-31,18.09,18.09,18.09,18.09,16.61755,0,0.0,1.0
2016-01-04,18.120001000000002,18.120001000000002,18.120001000000002,18.120001000000002,16.645107,0,0.0,1.0
2016-01-05,18.17,18.17,18.17,18.17,16.691038,0,0.0,1.0
2016-01-06,18.200001,18.200001,18.200001,18.200001,16.718594,0,0.0,1.0
2016-01-07,18.110001,18.110001,18.110001,18.110001,16.635918,0,0.0,1.0
2016-01-08,18.139999,18.139999,18.139999,18.139999,16.663481,0,0.0,1.0
2016-01-11,18.07,18.07,18.07,18.07,16.599176,0,0.0,1.0
2016-01-12,18.030001000000002,18.030001000000002,18.030001000000002,18.030001000000002,16.562433,0,0.0,1.0
2016-01-13,17.790001,17.790001,17.790001,17.790001,16.341969,0,0.0,1.0
2016-01-14,17.719998999999998,17.719998999999998,17.719998999999998,17.719998999999998,16.277668,0,0.0,1.0
2016-01-15,17.540001,17.540001,17.540001,17.540001,16.112318,0,0.0,1.0
2016-01-19,17.5,17.5,17.5,17.5,16.075573000000002,0,0.0,1.0
2016-01-20,17.35,17.35,17.35,17.35,15.937781,0,0.0,1.0
2016-01-21,17.299999,17.299999,17.299999,17.299999,15.891853,0,0.0,1.0
2016-01-22,17.35,17.35,17.35,17.35,15.937781,0,0.0,1.0
2016-01-25,17.33,17.33,17.33,17.33,15.919407000000001,0,0.0,1.0
2016-01-26,17.35,17.35,17.35,17.35,15.937781,0,0.0,1.0
2016-01-27,17.35,17.35,17.35,17.35,15.937781,0,0.0,1.0
2016-01-28,17.370001000000002,17.370001000000002,17.370001000000002,17.370001000000002,15.956157000000001,0,0.0,1.0
2016-01-29,17.459999,17.459999,17.459999,17.459999,16.038823999999998,0,0.0,1.0
2016-02-01,17.4,17.4,17.4,17.4,15.983711999999999,0,0.0,1.0
2016-02-02,17.41,17.41,17.41,17.41,15.9929,0,0.0,1.0
2016-02-03,17.389999,17.389999,17.389999,17.389999,15.974523999999999,0,0.0,1.0
2016-02-04,17.389999,17.389999,17.389999,17.389999,15.974523999999999,0,0.0,1.0
2016-02-05,17.370001000000002,17.370001000000002,17.370001000000002,17.370001000000002,15.956157000000001,0,0.0,1.0
2016-02-08,17.290001,17.290001,17.290001,17.290001,15.882669,0,0.0,1.0
2016-02-09,17.200001,17.200001,17.200001,17.200001,15.799994,0,0.0,1.0
2016-02-10,17.040001,17.040001,17.040001,17.040001,15.653014,0,0.0,1.0
2016-02-11,16.84,16.84,16.84,16.84,15.469295,0,0.0,1.0
2016-02-12,16.76,16.76,16.76,16.76,15.395807000000001,0,0.0,1.0
2016-02-16,16.790001,16.790001,16.790001,16.790001,15.423363,0,0.0,1.0
2016-02-17,16.870001000000002,16.870001000000002,16.870001000000002,16.870001000000002,15.496854,0,0.0,1.0
2016-02-18,16.93,16.93,16.93,16.93,15.55197,0,0.0,1.0
2016-02-19,16.879998999999998,16.879998999999998,16.879998999999998,16.879998999999998,15.506037,0,0.0,1.0
2016-02-22,16.969998999999998,16.969998999999998,16.969998999999998,16.969998999999998,15.588713,0,0.0,1.0
2016-02-23,16.969998999999998,16.969998999999998,16.969998999999998,16.969998999999998,15.588713,0,0.0,1.0
2016-02-24,16.92,16.92,16.92,16.92,15.542784,0,0.0,1.0
2016-02-25,16.98,16.98,16.98,16.98,15.597898999999998,0,0.0,1.0
2016-02-26,17.049999,17.049999,17.049999,17.049999,15.662199,0,0.0,1.0
2016-02-29,17.139999,17.139999,17.139999,17.139999,15.744875,0,0.0,1.0
2016-03-01,17.23,17.23,17.23,17.23,15.827547000000001,0,0.0,1.0
2016-03-02,17.34,17.34,17.34,17.34,15.928595999999999,0,0.0,1.0
2016-03-03,17.41,17.41,17.41,17.41,15.9929,0,0.0,1.0
2016-03-04,17.58,17.58,17.58,17.58,16.149061,0,0.0,1.0
2016-03-07,17.620001000000002,17.620001000000002,17.620001000000002,17.620001000000002,16.185806,0,0.0,1.0
2016-03-08,17.67,17.67,17.67,17.67,16.231735,0,0.0,1.0
2016-03-09,17.67,17.67,17.67,17.67,16.231735,0,0.0,1.0
2016-03-10,17.75,17.75,17.75,17.75,16.305223,0,0.0,1.0
2016-03-11,17.889999,17.889999,17.889999,17.889999,16.433826,0,0.0,1.0
2016-03-14,17.950001,17.950001,17.950001,17.950001,16.488945,0,0.0,1.0
2016-03-15,17.889999,17.889999,17.889999,17.889999,16.433826,0,0.0,1.0
2016-03-16,17.76,17.76,17.76,17.76,16.314407,0,0.0,1.0
2016-03-17,17.91,17.91,17.91,17.91,16.452202,0,0.0,1.0
2016-03-18,18.030001000000002,18.030001000000002,18.030001000000002,18.030001000000002,16.562433,0,0.0,1.0
2016-03-21,18.059998999999998,18.059998999999998,18.059998999999998,18.059998999999998,16.589989000000003,0,0.0,1.0
2016-03-22,18.07,18.07,18.07,18.07,16.599176,0,0.0,1.0
2016-03-23,18.09,18.09,18.09,18.09,16.61755,0,0.0,1.0
2016-03-24,18.030001000000002,18.030001000000002,18.030001000000002,18.030001000000002,16.562433,0,0.0,1.0
2016-03-28,18.040001,18.040001,18.040001,18.040001,16.571617,0,0.0,1.0
2016-03-29,18.07,18.07,18.07,18.07,16.599176,0,0.0,1.0
2016-03-30,18.190001000000002,18.190001000000002,18.190001000000002,18.190001000000002,16.709412,0,0.0,1.0
2016-03-31,18.290001,18.290001,18.290001,18.290001,16.801271,0,0.0,1.0
2016-04-01,18.309998999999998,18.309998999999998,18.309998999999998,18.309998999999998,16.819643,0,0.0,1.0
2016-04-04,18.370001000000002,18.370001000000002,18.370001000000002,18.370001000000002,16.874760000000002,0,0.0,1.0
2016-04-05,18.309998999999998,18.309998999999998,18.309998999999998,18.309998999999998,16.819643,0,0.0,1.0
2016-04-06,18.309998999999998,18.309998999999998,18.309998999999998,18.309998999999998,16.819643,0,0.0,1.0
2016-04-07,18.35,18.35,18.35,18.35,16.856385999999997,0,0.0,1.0
2016-04-08,18.379998999999998,18.379998999999998,18.379998999999998,18.379998999999998,16.883945,0,0.0,1.0
2016-04-11,18.42,18.42,18.42,18.42,16.920685,0,0.0,1.0
2016-04-12,18.48,18.48,18.48,18.48,16.975803,0,0.0,1.0
2016-04-13,18.459999,18.459999,18.459999,18.459999,16.957434,0,0.0,1.0
2016-04-14,18.540001,18.540001,18.540001,18.540001,17.030918,0,0.0,1.0
2016-04-15,18.59,18.59,18.59,18.59,17.076853,0,0.0,1.0
2016-04-18,18.57,18.57,18.57,18.57,17.058479000000002,0,0.0,1.0
2016-04-19,18.66,18.66,18.66,18.66,17.141157,0,0.0,1.0
2016-04-20,18.700001,18.700001,18.700001,18.700001,17.177898000000003,0,0.0,1.0
2016-04-21,18.709999,18.709999,18.709999,18.709999,17.187084,0,0.0,1.0
2016-04-22,18.709999,18.709999,18.709999,18.709999,17.187084,0,0.0,1.0
2016-04-25,18.690001000000002,18.690001000000002,18.690001000000002,18.690001000000002,17.168711,0,0.0,1.0
2016-04-26,18.709999,18.709999,18.709999,18.709999,17.187084,0,0.0,1.0
2016-04-27,18.799999,18.799999,18.799999,18.799999,17.269758,0,0.0,1.0
2016-04-28,18.93,18.93,18.93,18.93,17.389181,0,0.0,1.0
2016-04-29,18.959999,18.959999,18.959999,18.959999,17.416732999999997,0,0.0,1.0
2016-05-02,18.950001,18.950001,18.950001,18.950001,17.407551,0,0.0,1.0
2016-05-03,18.91,18.91,18.91,18.91,17.370804,0,0.0,1.0
2016-05-04,18.889999,18.889999,18.889999,18.889999,17.35243,0,0.0,1.0
2016-05-05,18.93,18.93,18.93,18.93,17.389181,0,0.0,1.0
2016-05-06,18.91,18.91,18.91,18.91,17.370804,0,0.0,1.0
2016-05-09,18.91,18.91,18.91,18.91,17.370804,0,0.0,1.0
2016-05-10,18.940001000000002,18.940001000000002,18.940001000000002,18.940001000000002,17.398365,0,0.0,1.0
2016-05-11,18.860001,18.860001,18.860001,18.860001,17.324873,0,0.0,1.0
2016-05-12,18.9,18.9,18.9,18.9,17.361618,0,0.0,1.0
2016-05-13,18.93,18.93,18.93,18.93,17.389181,0,0.0,1.0
2016-05-16,18.950001,18.950001,18.950001,18.950001,17.407551,0,0.0,1.0
2016-05-17,18.99,18.99,18.99,18.99,17.444292,0,0.0,1.0
2016-05-18,18.940001000000002,18.940001000000002,18.940001000000002,18.940001000000002,17.398365,0,0.0,1.0
2016-05-20,18.91,18.91,18.91,18.91,17.370804,0,0.0,1.0
2016-05-23,18.91,18.91,18.91,18.91,17.370804,0,0.0,1.0
2016-05-24,18.940001000000002,18.940001000000002,18.940001000000002,18.940001000000002,17.398365,0,0.0,1.0
2016-05-25,18.98,18.98,18.98,18.98,17.435106,0,0.0,1.0
2016-05-26,18.98,18.98,18.98,18.98,17.435106,0,0.0,1.0
2016-05-27,18.98,18.98,18.98,18.98,17.435106,0,0.0,1.0
2016-05-31,19.030001000000002,19.030001000000002,19.030001000000002,19.030001000000002,17.481037,0,0.0,1.0
2016-06-01,19.040001,19.040001,19.040001,19.040001,17.490221,0,0.0,1.0
2016-06-02,19.08,19.08,19.08,19.08,17.526970000000002,0,0.0,1.0
2016-06-03,19.26,19.26,19.26,19.26,17.692314,0,0.0,1.0
2016-06-06,19.299999,19.299999,19.299999,19.299999,17.729059,0,0.0,1.0
2016-06-07,19.389999,19.389999,19.389999,19.389999,17.811730999999998,0,0.0,1.0
2016-06-08,19.459999,19.459999,19.459999,19.459999,17.876034,0,0.0,1.0
2016-06-09,19.469998999999998,19.469998999999998,19.469998999999998,19.469998999999998,17.885220999999998,0,0.0,1.0
2016-06-10,19.469998999999998,19.469998999999998,19.469998999999998,19.469998999999998,17.885220999999998,0,0.0,1.0
2016-06-13,19.440001000000002,19.440001000000002,19.440001000000002,19.440001000000002,17.857668,0,0.0,1.0
2016-06-14,19.370001000000002,19.370001000000002,19.370001000000002,19.370001000000002,17.793364999999998,0,0.0,1.0
2016-06-15,19.280001000000002,19.280001000000002,19.280001000000002,19.280001000000002,17.710688,0,0.0,1.0
2016-06-16,19.23,19.23,19.23,19.23,17.664757,0,0.0,1.0
2016-06-17,19.25,19.25,19.25,19.25,17.683128,0,0.0,1.0
2016-06-20,19.370001000000002,19.370001000000002,19.370001000000002,19.370001000000002,17.793364999999998,0,0.0,1.0
2016-06-21,19.35,19.35,19.35,19.35,17.774992,0,0.0,1.0
2016-06-22,19.4,19.4,19.4,19.4,17.820923,0,0.0,1.0
2016-06-23,19.440001000000002,19.440001000000002,19.440001000000002,19.440001000000002,17.857668,0,0.0,1.0
2016-06-24,19.33,19.33,19.33,19.33,17.756617000000002,0,0.0,1.0
2016-06-27,19.26,19.26,19.26,19.26,17.692314,0,0.0,1.0
2016-06-28,19.309998999999998,19.309998999999998,19.309998999999998,19.309998999999998,17.738247,0,0.0,1.0
2016-06-29,19.440001000000002,19.440001000000002,19.440001000000002,19.440001000000002,17.857668,0,0.0,1.0
2016-06-30,19.51,19.51,19.51,19.51,17.921967000000002,0,0.0,1.0
2016-07-01,19.530001000000002,19.530001000000002,19.530001000000002,19.530001000000002,17.940338,0,0.0,1.0
2016-07-05,19.6,19.6,19.6,19.6,18.004639,0,0.0,1.0
2016-07-06,19.549999,19.549999,19.549999,19.549999,17.95871,0,0.0,1.0
2016-07-07,19.549999,19.549999,19.549999,19.549999,17.95871,0,0.0,1.0
2016-07-08,19.700001,19.700001,19.700001,19.700001,18.0965,0,0.0,1.0
2016-07-11,19.780001000000002,19.780001000000002,19.780001000000002,19.780001000000002,18.169991,0,0.0,1.0
2016-07-12,19.860001,19.860001,19.860001,19.860001,18.243481,0,0.0,1.0
2016-07-13,19.780001000000002,19.780001000000002,19.780001000000002,19.780001000000002,18.169991,0,0.0,1.0
2016-07-14,19.790001,19.790001,19.790001,19.790001,18.179174,0,0.0,1.0
2016-07-15,19.83,19.83,19.83,19.83,18.215920999999998,0,0.0,1.0
2016-07-18,19.889999,19.889999,19.889999,19.889999,18.271036,0,0.0,1.0
2016-07-19,19.940001000000002,19.940001000000002,19.940001000000002,19.940001000000002,18.316967,0,0.0,1.0
2016-07-20,19.959999,19.959999,19.959999,19.959999,18.33534,0,0.0,1.0
2016-07-21,19.98,19.98,19.98,19.98,18.353707999999997,0,0.0,1.0
2016-07-22,20.040001,20.040001,20.040001,20.040001,18.408829,0,0.0,1.0
2016-07-25,20.08,20.08,20.08,20.08,18.44557,0,0.0,1.0
2016-07-26,20.049999,20.049999,20.049999,20.049999,18.418009,0,0.0,1.0
2016-07-27,20.08,20.08,20.08,20.08,18.44557,0,0.0,1.0
2016-07-28,20.1,20.1,20.1,20.1,18.463945000000002,0,0.0,1.0
2016-07-29,20.139999,20.139999,20.139999,20.139999,18.500689,0,0.0,1.0
2016-08-01,20.15,20.15,20.15,20.15,18.509872,0,0.0,1.0
2016-08-02,20.110001,20.110001,20.110001,20.110001,18.473129,0,0.0,1.0
2016-08-03,20.09,20.09,20.09,20.09,18.454762,0,0.0,1.0
2016-08-04,20.18,20.18,20.18,20.18,18.537434,0,0.0,1.0
2016-08-05,20.18,20.18,20.18,20.18,18.537434,0,0.0,1.0
2016-08-08,20.23,20.23,20.23,20.23,18.583361,0,0.0,1.0
2016-08-09,20.309998999999998,20.309998999999998,20.309998999999998,20.309998999999998,18.656852999999998,0,0.0,1.0
2016-08-10,20.200001,20.200001,20.200001,20.200001,18.555803,0,0.0,1.0
2016-08-11,20.190001000000002,20.190001000000002,20.190001000000002,20.190001000000002,18.546621,0,0.0,1.0
2016-08-12,20.26,20.26,20.26,20.26,18.61092,0,0.0,1.0
2016-08-15,20.33,20.33,20.33,20.33,18.675224,0,0.0,1.0
2016-08-16,20.379998999999998,20.379998999999998,20.379998999999998,20.379998999999998,18.721155,0,0.0,1.0
2016-08-17,20.43,20.43,20.43,20.43,18.767084,0,0.0,1.0
2016-08-18,20.48,20.48,20.48,20.48,18.813015,0,0.0,1.0
2016-08-19,20.49,20.49,20.49,20.49,18.822198999999998,0,0.0,1.0
2016-08-22,20.52,20.52,20.52,20.52,18.849757999999998,0,0.0,1.0
2016-08-23,20.52,20.52,20.52,20.52,18.849757999999998,0,0.0,1.0
2016-08-24,20.530001000000002,20.530001000000002,20.530001000000002,20.530001000000002,18.85894,0,0.0,1.0
2016-08-25,20.51,20.51,20.51,20.51,18.84057,0,0.0,1.0
2016-08-26,20.52,20.52,20.52,20.52,18.849757999999998,0,0.0,1.0
2016-08-29,20.549999,20.549999,20.549999,20.549999,18.877314000000002,0,0.0,1.0
2016-08-30,20.57,20.57,20.57,20.57,18.895687,0,0.0,1.0
2016-08-31,20.559998999999998,20.559998999999998,20.559998999999998,20.559998999999998,18.886503,0,0.0,1.0
2016-09-01,20.549999,20.549999,20.549999,20.549999,18.877314000000002,0,0.0,1.0
2016-09-02,20.57,20.57,20.57,20.57,18.895687,0,0.0,1.0
2016-09-06,20.620001000000002,20.620001000000002,20.620001000000002,20.620001000000002,18.94162,0,0.0,1.0
2016-09-07,20.67,20.67,20.67,20.67,18.987545,0,0.0,1.0
2016-09-08,20.67,20.67,20.67,20.67,18.987545,0,0.0,1.0
2016-09-09,20.58,20.58,20.58,20.58,18.904873000000002,0,0.0,1.0
2016-09-12,20.57,20.57,20.57,20.57,18.895687,0,0.0,1.0
2016-09-13,20.52,20.52,20.52,20.52,18.849757999999998,0,0.0,1.0
2016-09-14,20.370001000000002,20.370001000000002,20.370001000000002,20.370001000000002,18.711969,0,0.0,1.0
2016-09-15,20.35,20.35,20.35,20.35,18.693592000000002,0,0.0,1.0
2016-09-16,20.33,20.33,20.33,20.33,18.675224,0,0.0,1.0
2016-09-19,20.35,20.35,20.35,20.35,18.693592000000002,0,0.0,1.0
2016-09-20,20.370001000000002,20.370001000000002,20.370001000000002,20.370001000000002,18.711969,0,0.0,1.0
2016-09-21,20.440001000000002,20.440001000000002,20.440001000000002,20.440001000000002,18.776266,0,0.0,1.0
2016-09-22,20.530001000000002,20.530001000000002,20.530001000000002,20.530001000000002,18.85894,0,0.0,1.0
2016-09-23,20.540001,20.540001,20.540001,20.540001,18.868128,0,0.0,1.0
2016-09-26,20.530001000000002,20.530001000000002,20.530001000000002,20.530001000000002,18.85894,0,0.0,1.0
2016-09-27,20.540001,20.540001,20.540001,20.540001,18.868128,0,0.0,1.0
2016-09-28,20.559998999999998,20.559998999999998,20.559998999999998,20.559998999999998,18.886503,0,0.0,1.0
2016-09-29,20.57,20.57,20.57,20.57,18.895687,0,0.0,1.0
2016-09-30,20.549999,20.549999,20.549999,20.549999,18.877314000000002,0,0.0,1.0
2016-10-03,20.559998999999998,20.559998999999998,20.559998999999998,20.559998999999998,18.886503,0,0.0,1.0
2016-10-04,20.559998999999998,20.559998999999998,20.559998999999998,20.559998999999998,18.886503,0,0.0,1.0
2016-10-05,20.629998999999998,20.629998999999998,20.629998999999998,20.629998999999998,18.950806,0,0.0,1.0
2016-10-06,20.65,20.65,20.65,20.65,18.969177,0,0.0,1.0
2016-10-07,20.65,20.65,20.65,20.65,18.969177,0,0.0,1.0
2016-10-10,20.65,20.65,20.65,20.65,18.969177,0,0.0,1.0
2016-10-11,20.67,20.67,20.67,20.67,18.987545,0,0.0,1.0
2016-10-12,20.530001000000002,20.530001000000002,20.530001000000002,20.530001000000002,18.85894,0,0.0,1.0
2016-10-13,20.549999,20.549999,20.549999,20.549999,18.877314000000002,0,0.0,1.0
2016-10-14,20.559998999999998,20.559998999999998,20.559998999999998,20.559998999999998,18.886503,0,0.0,1.0
2016-10-17,20.559998999999998,20.559998999999998,20.559998999999998,20.559998999999998,18.886503,0,0.0,1.0
2016-10-18,20.59,20.59,20.59,20.59,18.914061,0,0.0,1.0
2016-10-19,20.639999,20.639999,20.639999,20.639999,18.959989999999998,0,0.0,1.0
2016-10-20,20.639999,20.639999,20.639999,20.639999,18.959989999999998,0,0.0,1.0
2016-10-21,20.66,20.66,20.66,20.66,18.978359,0,0.0,1.0
2016-10-24,20.690001000000002,20.690001000000002,20.690001000000002,20.690001000000002,19.005919,0,0.0,1.0
2016-10-25,20.73,20.73,20.73,20.73,19.042664000000002,0,0.0,1.0
2016-10-26,20.690001000000002,20.690001000000002,20.690001000000002,20.690001000000002,19.005919,0,0.0,1.0
2016-10-27,20.67,20.67,20.67,20.67,18.987545,0,0.0,1.0
2016-10-28,20.66,20.66,20.66,20.66,18.978359,0,0.0,1.0
2016-10-31,20.65,20.65,20.65,20.65,18.969177,0,0.0,1.0
2016-11-01,20.629998999999998,20.629998999999998,20.629998999999998,20.629998999999998,18.950806,0,0.0,1.0
2016-11-02,20.6,20.6,20.6,20.6,18.923246,0,0.0,1.0
2016-11-03,20.6,20.6,20.6,20.6,18.923246,0,0.0,1.0
2016-11-04,20.58,20.58,20.58,20.58,18.904873000000002,0,0.0,1.0
2016-11-07,20.639999,20.639999,20.639999,20.639999,18.959989999999998,0,0.0,1.0
2016-11-08,20.65,20.65,20.65,20.65,18.969177,0,0.0,1.0
2016-11-09,20.299999,20.299999,20.299999,20.299999,18.647661,0,0.0,1.0
2016-11-10,20.17,20.17,20.17,20.17,18.528244,0,0.0,1.0
2016-11-11,20.17,20.17,20.17,20.17,18.528244,0,0.0,1.0
2016-11-14,19.959999,19.959999,19.959999,19.959999,18.33534,0,0.0,1.0
2016-11-15,20.08,20.08,20.08,20.08,18.44557,0,0.0,1.0
2016-11-16,20.08,20.08,20.08,20.08,18.44557,0,0.0,1.0
2016-11-17,20.08,20.08,20.08,20.08,18.44557,0,0.0,1.0
2016-11-18,20.02,20.02,20.02,20.02,18.390455,0,0.0,1.0
2016-11-21,20.07,20.07,20.07,20.07,18.436382000000002,0,0.0,1.0
2016-11-22,20.120001000000002,20.120001000000002,20.120001000000002,20.120001000000002,18.482317000000002,0,0.0,1.0
2016-11-23,20.110001,20.110001,20.110001,20.110001,18.473129,0,0.0,1.0
2016-11-25,20.1,20.1,20.1,20.1,18.463945000000002,0,0.0,1.0
2016-11-28,20.16,20.16,20.16,20.16,18.51906,0,0.0,1.0
2016-11-29,20.190001000000002,20.190001000000002,20.190001000000002,20.190001000000002,18.546621,0,0.0,1.0
2016-11-30,20.219998999999998,20.219998999999998,20.219998999999998,20.219998999999998,18.574173000000002,0,0.0,1.0
2016-12-01,20.209999,20.209999,20.209999,20.209999,18.564989,0,0.0,1.0
2016-12-02,20.25,20.25,20.25,20.25,18.601734,0,0.0,1.0
2016-12-05,20.280001000000002,20.280001000000002,20.280001000000002,20.280001000000002,18.629292,0,0.0,1.0
2016-12-06,20.35,20.35,20.35,20.35,18.693592000000002,0,0.0,1.0
2016-12-07,20.450001,20.450001,20.450001,20.450001,18.785456,0,0.0,1.0
2016-12-08,20.459999,20.459999,20.459999,20.459999,18.794643,0,0.0,1.0
2016-12-09,20.469998999999998,20.469998999999998,20.469998999999998,20.469998999999998,18.803827,0,0.0,1.0
2016-12-12,20.469998999999998,20.469998999999998,20.469998999999998,20.469998999999998,18.803827,0,0.0,1.0
2016-12-13,20.5,20.5,20.5,20.5,18.831387,0,0.0,1.0
2016-12-14,20.309998999999998,20.309998999999998,20.309998999999998,20.309998999999998,18.656852999999998,0,0.0,1.0
2016-12-15,20.24,20.24,20.24,20.24,18.592548,0,0.0,1.0
2016-12-16,20.26,20.26,20.26,20.26,18.61092,0,0.0,1.0
2016-12-19,20.32,20.32,20.32,20.32,18.666037,0,0.0,1.0
2016-12-20,20.34,20.34,20.34,20.34,18.684412,0,0.0,1.0
2016-12-21,20.379998999999998,20.379998999999998,20.379998999999998,20.379998999999998,18.721155,0,0.0,1.0
2016-12-22,20.49,20.49,20.49,20.49,18.822198999999998,0,0.0,1.0
2016-12-23,20.51,20.51,20.51,20.51,18.84057,0,0.0,1.0
2016-12-27,20.52,20.52,20.52,20.52,18.849757999999998,0,0.0,1.0
2016-12-28,20.57,20.57,20.57,20.57,18.895687,0,0.0,1.0
2016-12-29,20.6,20.6,20.6,20.6,18.923246,0,0.0,1.0
2016-12-30,20.620001000000002,20.620001000000002,20.620001000000002,20.620001000000002,18.94162,0,0.0,1.0
2017-01-03,20.68,20.68,20.68,20.68,18.996735,0,0.0,1.0
2017-01-04,20.76,20.76,20.76,20.76,19.070223000000002,0,0.0,1.0
2017-01-05,20.860001,20.860001,20.860001,20.860001,19.162083,0,0.0,1.0
2017-01-06,20.870001000000002,20.870001000000002,20.870001000000002,20.870001000000002,19.171267999999998,0,0.0,1.0
2017-01-09,20.93,20.93,20.93,20.93,19.226387,0,0.0,1.0
2017-01-10,20.93,20.93,20.93,20.93,19.226387,0,0.0,1.0
2017-01-11,20.790001,20.790001,20.790001,20.790001,19.09778,0,0.0,1.0
2017-01-12,20.82,20.82,20.82,20.82,19.125338,0,0.0,1.0
2017-01-13,20.82,20.82,20.82,20.82,19.125338,0,0.0,1.0
2017-01-17,20.93,20.93,20.93,20.93,19.226387,0,0.0,1.0
2017-01-18,20.860001,20.860001,20.860001,20.860001,19.162083,0,0.0,1.0
2017-01-19,20.85,20.85,20.85,20.85,19.152898999999998,0,0.0,1.0
2017-01-20,20.83,20.83,20.83,20.83,19.134523,0,0.0,1.0
2017-01-23,20.870001000000002,20.870001000000002,20.870001000000002,20.870001000000002,19.171267999999998,0,0.0,1.0
2017-01-24,20.870001000000002,20.870001000000002,20.870001000000002,20.870001000000002,19.171267999999998,0,0.0,1.0
2017-01-25,20.870001000000002,20.870001000000002,20.870001000000002,20.870001000000002,19.171267999999998,0,0.0,1.0
2017-01-26,20.91,20.91,20.91,20.91,19.208012,0,0.0,1.0
2017-01-27,20.940001000000002,20.940001000000002,20.940001000000002,20.940001000000002,19.235571,0,0.0,1.0
2017-01-30,20.969998999999998,20.969998999999998,20.969998999999998,20.969998999999998,19.263128,0,0.0,1.0
2017-01-31,21.0,21.0,21.0,21.0,19.290685999999997,0,0.0,1.0
2017-02-01,21.049999,21.049999,21.049999,21.049999,19.336617,0,0.0,1.0
2017-02-02,21.1,21.1,21.1,21.1,19.382547,0,0.0,1.0
2017-02-03,21.16,21.16,21.16,21.16,19.437662,0,0.0,1.0
2017-02-06,21.219998999999998,21.219998999999998,21.219998999999998,21.219998999999998,19.492783,0,0.0,1.0
2017-02-07,21.25,21.25,21.25,21.25,19.520338,0,0.0,1.0
2017-02-08,21.26,21.26,21.26,21.26,19.529526,0,0.0,1.0
2017-02-09,21.25,21.25,21.25,21.25,19.520338,0,0.0,1.0
2017-02-10,21.280001000000002,21.280001000000002,21.280001000000002,21.280001000000002,19.547895,0,0.0,1.0
2017-02-13,21.360001,21.360001,21.360001,21.360001,19.621385999999998,0,0.0,1.0
2017-02-14,21.35,21.35,21.35,21.35,19.6122,0,0.0,1.0
2017-02-15,21.16,21.16,21.16,21.16,19.437662,0,0.0,1.0
2017-02-16,21.200001,21.200001,21.200001,21.200001,19.474409,0,0.0,1.0
2017-02-17,21.209999,21.209999,21.209999,21.209999,19.483593,0,0.0,1.0
2017-02-21,21.25,21.25,21.25,21.25,19.520338,0,0.0,1.0
2017-02-22,21.290001,21.290001,21.290001,21.290001,19.557083,0,0.0,1.0
2017-02-23,21.35,21.35,21.35,21.35,19.6122,0,0.0,1.0
2017-02-24,21.389999,21.389999,21.389999,21.389999,19.648941,0,0.0,1.0
2017-02-27,21.379998999999998,21.379998999999998,21.379998999999998,21.379998999999998,19.639757,0,0.0,1.0
2017-02-28,21.42,21.42,21.42,21.42,19.6765,0,0.0,1.0
2017-03-01,21.42,21.42,21.42,21.42,19.6765,0,0.0,1.0
2017-03-02,21.370001000000002,21.370001000000002,21.370001000000002,21.370001000000002,19.630573000000002,0,0.0,1.0
2017-03-03,21.379998999999998,21.379998999999998,21.379998999999998,21.379998999999998,19.639757,0,0.0,1.0
2017-03-06,21.35,21.35,21.35,21.35,19.6122,0,0.0,1.0
2017-03-07,21.33,21.33,21.33,21.33,19.593823999999998,0,0.0,1.0
2017-03-08,21.23,21.23,21.23,21.23,19.501965,0,0.0,1.0
2017-03-09,21.1,21.1,21.1,21.1,19.382547,0,0.0,1.0
2017-03-10,21.15,21.15,21.15,21.15,19.42848,0,0.0,1.0
2017-03-13,21.129998999999998,21.129998999999998,21.129998999999998,21.129998999999998,19.410107,0,0.0,1.0
2017-03-14,21.049999,21.049999,21.049999,21.049999,19.336617,0,0.0,1.0
2017-03-15,20.99,20.99,20.99,20.99,19.281502,0,0.0,1.0
2017-03-16,21.040001,21.040001,21.040001,21.040001,19.327433,0,0.0,1.0
2017-03-17,21.07,21.07,21.07,21.07,19.35499,0,0.0,1.0
2017-03-20,21.059998999999998,21.059998999999998,21.059998999999998,21.059998999999998,19.345804,0,0.0,1.0
2017-03-21,21.09,21.09,21.09,21.09,19.373362,0,0.0,1.0
2017-03-22,21.059998999999998,21.059998999999998,21.059998999999998,21.059998999999998,19.345804,0,0.0,1.0
2017-03-23,21.09,21.09,21.09,21.09,19.373362,0,0.0,1.0
2017-03-24,21.120001000000002,21.120001000000002,21.120001000000002,21.120001000000002,19.400921,0,0.0,1.0
2017-03-27,21.17,21.17,21.17,21.17,19.446848000000003,0,0.0,1.0
2017-03-28,21.190001000000002,21.190001000000002,21.190001000000002,21.190001000000002,19.465221,0,0.0,1.0
2017-03-29,21.24,21.24,21.24,21.24,19.51115,0,0.0,1.0
2017-03-30,21.25,21.25,21.25,21.25,19.520338,0,0.0,1.0
2017-03-31,21.25,21.25,21.25,21.25,19.520338,0,0.0,1.0
2017-04-03,21.309998999999998,21.309998999999998,21.309998999999998,21.309998999999998,19.575454999999998,0,0.0,1.0
2017-04-04,21.33,21.33,21.33,21.33,19.593823999999998,0,0.0,1.0
2017-04-05,21.360001,21.360001,21.360001,21.360001,19.621385999999998,0,0.0,1.0
2017-04-06,21.379998999999998,21.379998999999998,21.379998999999998,21.379998999999998,19.639757,0,0.0,1.0
2017-04-07,21.389999,21.389999,21.389999,21.389999,19.648941,0,0.0,1.0
2017-04-10,21.43,21.43,21.43,21.43,19.685685999999997,0,0.0,1.0
2017-04-11,21.48,21.48,21.48,21.48,19.731614999999998,0,0.0,1.0
2017-04-12,21.49,21.49,21.49,21.49,19.740804999999998,0,0.0,1.0
2017-04-13,21.5,21.5,21.5,21.5,19.749989000000003,0,0.0,1.0
2017-04-17,21.52,21.52,21.52,21.52,19.768364000000002,0,0.0,1.0
2017-04-18,21.559998999999998,21.559998999999998,21.559998999999998,21.559998999999998,19.805107,0,0.0,1.0
2017-04-19,21.4,21.4,21.4,21.4,19.658131,0,0.0,1.0
2017-04-20,21.4,21.4,21.4,21.4,19.658131,0,0.0,1.0
2017-04-21,21.41,21.41,21.41,21.41,19.667316,0,0.0,1.0
2017-04-24,21.459999,21.459999,21.459999,21.459999,19.713242,0,0.0,1.0
2017-04-25,21.440001000000002,21.440001000000002,21.440001000000002,21.440001000000002,19.694874,0,0.0,1.0
2017-04-26,21.52,21.52,21.52,21.52,19.768364000000002,0,0.0,1.0
2017-04-27,21.51,21.51,21.51,21.51,19.759176,0,0.0,1.0
2017-04-28,21.559998999999998,21.559998999999998,21.559998999999998,21.559998999999998,19.805107,0,0.0,1.0
2017-05-01,21.549999,21.549999,21.549999,21.549999,19.795919,0,0.0,1.0
2017-05-02,21.610001,21.610001,21.610001,21.610001,19.851034,0,0.0,1.0
2017-05-03,21.629998999999998,21.629998999999998,21.629998999999998,21.629998999999998,19.869406,0,0.0,1.0
2017-05-04,21.59,21.59,21.59,21.59,19.832664,0,0.0,1.0
2017-05-05,21.59,21.59,21.59,21.59,19.832664,0,0.0,1.0
2017-05-08,21.59,21.59,21.59,21.59,19.832664,0,0.0,1.0
2017-05-09,21.59,21.59,21.59,21.59,19.832664,0,0.0,1.0
2017-05-10,21.440001000000002,21.440001000000002,21.440001000000002,21.440001000000002,19.694874,0,0.0,1.0
2017-05-11,21.379998999999998,21.379998999999998,21.379998999999998,21.379998999999998,19.639757,0,0.0,1.0
2017-05-12,21.41,21.41,21.41,21.41,19.667316,0,0.0,1.0
2017-05-15,21.42,21.42,21.42,21.42,19.6765,0,0.0,1.0
2017-05-16,21.389999,21.389999,21.389999,21.389999,19.648941,0,0.0,1.0
2017-05-17,21.43,21.43,21.43,21.43,19.685685999999997,0,0.0,1.0
2017-05-18,21.309998999999998,21.309998999999998,21.309998999999998,21.309998999999998,19.575454999999998,0,0.0,1.0
2017-05-19,21.32,21.32,21.32,21.32,19.584641,0,0.0,1.0
2017-05-22,21.27,21.27,21.27,21.27,19.538712,0,0.0,1.0
2017-05-23,21.209999,21.209999,21.209999,21.209999,19.483593,0,0.0,1.0
2017-05-24,21.280001000000002,21.280001000000002,21.280001000000002,21.280001000000002,19.547895,0,0.0,1.0
2017-05-25,21.309998999999998,21.309998999999998,21.309998999999998,21.309998999999998,19.575454999999998,0,0.0,1.0
2017-05-26,21.34,21.34,21.34,21.34,19.603014,0,0.0,1.0
2017-05-30,21.389999,21.389999,21.389999,21.389999,19.648941,0,0.0,1.0
2017-05-31,21.389999,21.389999,21.389999,21.389999,19.648941,0,0.0,1.0
2017-06-01,21.43,21.43,21.43,21.43,19.685685999999997,0,0.0,1.0
2017-06-02,21.48,21.48,21.48,21.48,19.731614999999998,0,0.0,1.0
2017-06-05,21.49,21.49,21.49,21.49,19.740804999999998,0,0.0,1.0
2017-06-06,21.530001000000002,21.530001000000002,21.530001000000002,21.530001000000002,19.777548,0,0.0,1.0
2017-06-07,21.51,21.51,21.51,21.51,19.759176,0,0.0,1.0
2017-06-08,21.49,21.49,21.49,21.49,19.740804999999998,0,0.0,1.0
2017-06-09,21.49,21.49,21.49,21.49,19.740804999999998,0,0.0,1.0
2017-06-12,21.48,21.48,21.48,21.48,19.731614999999998,0,0.0,1.0
2017-06-13,21.49,21.49,21.49,21.49,19.740804999999998,0,0.0,1.0
2017-06-14,21.4,21.4,21.4,21.4,19.658131,0,0.0,1.0
2017-06-15,21.360001,21.360001,21.360001,21.360001,19.621385999999998,0,0.0,1.0
2017-06-16,21.4,21.4,21.4,21.4,19.658131,0,0.0,1.0
2017-06-19,21.389999,21.389999,21.389999,21.389999,19.648941,0,0.0,1.0
2017-06-20,21.379998999999998,21.379998999999998,21.379998999999998,21.379998999999998,19.639757,0,0.0,1.0
2017-06-21,21.35,21.35,21.35,21.35,19.6122,0,0.0,1.0
2017-06-22,21.360001,21.360001,21.360001,21.360001,19.621385999999998,0,0.0,1.0
2017-06-23,21.379998999999998,21.379998999999998,21.379998999999998,21.379998999999998,19.639757,0,0.0,1.0
2017-06-26,21.4,21.4,21.4,21.4,19.658131,0,0.0,1.0
2017-06-27,21.379998999999998,21.379998999999998,21.379998999999998,21.379998999999998,19.639757,0,0.0,1.0
2017-06-28,21.370001000000002,21.370001000000002,21.370001000000002,21.370001000000002,19.630573000000002,0,0.0,1.0
2017-06-29,21.35,21.35,21.35,21.35,19.6122,0,0.0,1.0
2017-06-30,21.360001,21.360001,21.360001,21.360001,19.621385999999998,0,0.0,1.0
2017-07-03,21.35,21.35,21.35,21.35,19.6122,0,0.0,1.0
2017-07-05,21.35,21.35,21.35,21.35,19.6122,0,0.0,1.0
2017-07-06,21.299999,21.299999,21.299999,21.299999,19.566269000000002,0,0.0,1.0
2017-07-07,21.27,21.27,21.27,21.27,19.538712,0,0.0,1.0
2017-07-10,21.32,21.32,21.32,21.32,19.584641,0,0.0,1.0
2017-07-11,21.34,21.34,21.34,21.34,19.603014,0,0.0,1.0
2017-07-12,21.26,21.26,21.26,21.26,19.529526,0,0.0,1.0
2017-07-13,21.26,21.26,21.26,21.26,19.529526,0,0.0,1.0
2017-07-14,21.299999,21.299999,21.299999,21.299999,19.566269000000002,0,0.0,1.0
2017-07-17,21.34,21.34,21.34,21.34,19.603014,0,0.0,1.0
2017-07-18,21.370001000000002,21.370001000000002,21.370001000000002,21.370001000000002,19.630573000000002,0,0.0,1.0
2017-07-19,21.4,21.4,21.4,21.4,19.658131,0,0.0,1.0
2017-07-20,21.440001000000002,21.440001000000002,21.440001000000002,21.440001000000002,19.694874,0,0.0,1.0
2017-07-21,21.459999,21.459999,21.459999,21.459999,19.713242,0,0.0,1.0
2017-07-24,21.469998999999998,21.469998999999998,21.469998999999998,21.469998999999998,19.722431,0,0.0,1.0
2017-07-25,21.450001,21.450001,21.450001,21.450001,19.704058,0,0.0,1.0
2017-07-26,21.52,21.52,21.52,21.52,19.768364000000002,0,0.0,1.0
2017-07-27,21.52,21.52,21.52,21.52,19.768364000000002,0,0.0,1.0
2017-07-28,21.540001,21.540001,21.540001,21.540001,19.786735999999998,0,0.0,1.0
2017-07-31,21.58,21.58,21.58,21.58,19.823477,0,0.0,1.0
2017-08-01,21.620001000000002,21.620001000000002,21.620001000000002,21.620001000000002,19.860222,0,0.0,1.0
2017-08-02,21.620001000000002,21.620001000000002,21.620001000000002,21.620001000000002,19.860222,0,0.0,1.0
2017-08-03,21.620001000000002,21.620001000000002,21.620001000000002,21.620001000000002,19.860222,0,0.0,1.0
2017-08-04,21.59,21.59,21.59,21.59,19.832664,0,0.0,1.0
2017-08-07,21.610001,21.610001,21.610001,21.610001,19.851034,0,0.0,1.0
2017-08-08,21.610001,21.610001,21.610001,21.610001,19.851034,0,0.0,1.0
2017-08-09,21.58,21.58,21.58,21.58,19.823477,0,0.0,1.0
2017-08-10,21.549999,21.549999,21.549999,21.549999,19.795919,0,0.0,1.0
2017-08-11,21.559998999999998,21.559998999999998,21.559998999999998,21.559998999999998,19.805107,0,0.0,1.0
2017-08-14,21.6,21.6,21.6,21.6,19.84185,0,0.0,1.0
2017-08-15,21.57,21.57,21.57,21.57,19.814291,0,0.0,1.0
2017-08-16,21.469998999999998,21.469998999999998,21.469998999999998,21.469998999999998,19.722431,0,0.0,1.0
2017-08-17,21.48,21.48,21.48,21.48,19.731614999999998,0,0.0,1.0
2017-08-18,21.48,21.48,21.48,21.48,19.731614999999998,0,0.0,1.0
2017-08-21,21.5,21.5,21.5,21.5,19.749989000000003,0,0.0,1.0
2017-08-22,21.51,21.51,21.51,21.51,19.759176,0,0.0,1.0
2017-08-23,21.540001,21.540001,21.540001,21.540001,19.786735999999998,0,0.0,1.0
2017-08-24,21.559998999999998,21.559998999999998,21.559998999999998,21.559998999999998,19.805107,0,0.0,1.0
2017-08-25,21.59,21.59,21.59,21.59,19.832664,0,0.0,1.0
2017-08-28,21.629998999999998,21.629998999999998,21.629998999999998,21.629998999999998,19.869406,0,0.0,1.0
2017-08-29,21.65,21.65,21.65,21.65,19.887781,0,0.0,1.0
2017-08-30,21.700001,21.700001,21.700001,21.700001,19.933708,0,0.0,1.0
2017-08-31,21.73,21.73,21.73,21.73,19.961267000000003,0,0.0,1.0
2017-09-01,21.74,21.74,21.74,21.74,19.970454999999998,0,0.0,1.0
2017-09-05,21.82,21.82,21.82,21.82,20.043941,0,0.0,1.0
2017-09-06,21.85,21.85,21.85,21.85,20.071503,0,0.0,1.0
2017-09-07,21.9,21.9,21.9,21.9,20.117432,0,0.0,1.0
2017-09-08,21.9,21.9,21.9,21.9,20.117432,0,0.0,1.0
2017-09-11,21.889999,21.889999,21.889999,21.889999,20.108244,0,0.0,1.0
2017-09-12,21.9,21.9,21.9,21.9,20.117432,0,0.0,1.0
2017-09-13,21.76,21.76,21.76,21.76,20.126678,0,0.15,1.0
2017-09-14,21.76,21.76,21.76,21.76,20.126678,0,0.0,1.0
2017-09-15,21.77,21.77,21.77,21.77,20.135929,0,0.0,1.0
2017-09-18,21.77,21.77,21.77,21.77,20.135929,0,0.0,1.0
2017-09-19,21.76,21.76,21.76,21.76,20.126678,0,0.0,1.0
2017-09-20,21.780001000000002,21.780001000000002,21.780001000000002,21.780001000000002,20.14518,0,0.0,1.0
2017-09-21,21.77,21.77,21.77,21.77,20.135929,0,0.0,1.0
2017-09-22,21.799999,21.799999,21.799999,21.799999,20.163677,0,0.0,1.0
2017-09-25,21.84,21.84,21.84,21.84,20.200676,0,0.0,1.0
2017-09-26,21.85,21.85,21.85,21.85,20.209927,0,0.0,1.0
2017-09-27,21.82,21.82,21.82,21.82,20.182175,0,0.0,1.0
2017-09-28,21.809998999999998,21.809998999999998,21.809998999999998,21.809998999999998,20.172928,0,0.0,1.0
2017-09-29,21.85,21.85,21.85,21.85,20.209927,0,0.0,1.0
2017-10-02,21.84,21.84,21.84,21.84,20.200676,0,0.0,1.0
2017-10-03,21.860001,21.860001,21.860001,21.860001,20.219175,0,0.0,1.0
2017-10-04,21.84,21.84,21.84,21.84,20.200676,0,0.0,1.0
2017-10-05,21.860001,21.860001,21.860001,21.860001,20.219175,0,0.0,1.0
2017-10-06,21.84,21.84,21.84,21.84,20.200676,0,0.0,1.0
2017-10-09,21.84,21.84,21.84,21.84,20.200676,0,0.0,1.0
2017-10-10,21.870001000000002,21.870001000000002,21.870001000000002,21.870001000000002,20.228426000000002,0,0.0,1.0
2017-10-11,21.73,21.73,21.73,21.73,20.237735999999998,0,0.15,1.0
2017-10-12,21.75,21.75,21.75,21.75,20.256367,0,0.0,1.0
2017-10-13,21.780001000000002,21.780001000000002,21.780001000000002,21.780001000000002,20.284304000000002,0,0.0,1.0
2017-10-16,21.790001,21.790001,21.790001,21.790001,20.293615,0,0.0,1.0
2017-10-17,21.780001000000002,21.780001000000002,21.780001000000002,21.780001000000002,20.284304000000002,0,0.0,1.0
2017-10-18,21.790001,21.790001,21.790001,21.790001,20.293615,0,0.0,1.0
2017-10-19,21.799999,21.799999,21.799999,21.799999,20.302929000000002,0,0.0,1.0
2017-10-20,21.780001000000002,21.780001000000002,21.780001000000002,21.780001000000002,20.284304000000002,0,0.0,1.0
2017-10-23,21.809998999999998,21.809998999999998,21.809998999999998,21.809998999999998,20.312241,0,0.0,1.0
2017-10-24,21.76,21.76,21.76,21.76,20.265676000000003,0,0.0,1.0
2017-10-25,21.709999,21.709999,21.709999,21.709999,20.219107,0,0.0,1.0
2017-10-26,21.700001,21.700001,21.700001,21.700001,20.209797000000002,0,0.0,1.0
2017-10-27,21.709999,21.709999,21.709999,21.709999,20.219107,0,0.0,1.0
2017-10-30,21.780001000000002,21.780001000000002,21.780001000000002,21.780001000000002,20.284304000000002,0,0.0,1.0
2017-10-31,21.799999,21.799999,21.799999,21.799999,20.302929000000002,0,0.0,1.0
2017-11-01,21.809998999999998,21.809998999999998,21.809998999999998,21.809998999999998,20.312241,0,0.0,1.0
2017-11-02,21.83,21.83,21.83,21.83,20.33087,0,0.0,1.0
2017-11-03,21.83,21.83,21.83,21.83,20.33087,0,0.0,1.0
2017-11-06,21.85,21.85,21.85,21.85,20.349498999999998,0,0.0,1.0
2017-11-07,21.82,21.82,21.82,21.82,20.321558,0,0.0,1.0
2017-11-08,21.780001000000002,21.780001000000002,21.780001000000002,21.780001000000002,20.284304000000002,0,0.0,1.0
2017-11-09,21.73,21.73,21.73,21.73,20.237735999999998,0,0.0,1.0
2017-11-10,21.68,21.68,21.68,21.68,20.19117,0,0.0,1.0
2017-11-13,21.66,21.66,21.66,21.66,20.172543,0,0.0,1.0
2017-11-14,21.65,21.65,21.65,21.65,20.163231,0,0.0,1.0
2017-11-15,21.459999,21.459999,21.459999,21.459999,20.125715,0,0.15,1.0
2017-11-16,21.5,21.5,21.5,21.5,20.163229,0,0.0,1.0
2017-11-17,21.549999,21.549999,21.549999,21.549999,20.210121,0,0.0,1.0
2017-11-20,21.57,21.57,21.57,21.57,20.228877999999998,0,0.0,1.0
2017-11-21,21.620001000000002,21.620001000000002,21.620001000000002,21.620001000000002,20.275772,0,0.0,1.0
2017-11-22,21.66,21.66,21.66,21.66,20.31328,0,0.0,1.0
2017-11-24,21.66,21.66,21.66,21.66,20.31328,0,0.0,1.0
2017-11-27,21.700001,21.700001,21.700001,21.700001,20.350796,0,0.0,1.0
2017-11-28,21.719998999999998,21.719998999999998,21.719998999999998,21.719998999999998,20.369551,0,0.0,1.0
2017-11-29,21.700001,21.700001,21.700001,21.700001,20.350796,0,0.0,1.0
2017-11-30,21.68,21.68,21.68,21.68,20.332039,0,0.0,1.0
2017-12-01,21.68,21.68,21.68,21.68,20.332039,0,0.0,1.0
2017-12-04,21.719998999999998,21.719998999999998,21.719998999999998,21.719998999999998,20.369551,0,0.0,1.0
2017-12-05,21.75,21.75,21.75,21.75,20.39769,0,0.0,1.0
2017-12-06,21.75,21.75,21.75,21.75,20.39769,0,0.0,1.0
2017-12-07,21.73,21.73,21.73,21.73,20.378929,0,0.0,1.0
2017-12-08,21.73,21.73,21.73,21.73,20.378929,0,0.0,1.0
2017-12-11,21.74,21.74,21.74,21.74,20.388306,0,0.0,1.0
2017-12-12,21.709999,21.709999,21.709999,21.709999,20.36017,0,0.0,1.0
2017-12-13,21.559998999999998,21.559998999999998,21.559998999999998,21.559998999999998,20.368673,0,0.159,1.0
2017-12-14,21.540001,21.540001,21.540001,21.540001,20.349783,0,0.0,1.0
2017-12-15,21.540001,21.540001,21.540001,21.540001,20.349783,0,0.0,1.0
2017-12-18,21.540001,21.540001,21.540001,21.540001,20.349783,0,0.0,1.0
2017-12-19,21.51,21.51,21.51,21.51,20.321438,0,0.0,1.0
2017-12-20,21.49,21.49,21.49,21.49,20.302544,0,0.0,1.0
2017-12-21,21.5,21.5,21.5,21.5,20.311991,0,0.0,1.0
2017-12-22,21.51,21.51,21.51,21.51,20.321438,0,0.0,1.0
2017-12-26,21.540001,21.540001,21.540001,21.540001,20.349783,0,0.0,1.0
2017-12-27,21.57,21.57,21.57,21.57,20.378120000000003,0,0.0,1.0
2017-12-28,21.58,21.58,21.58,21.58,20.387570999999998,0,0.0,1.0
2017-12-29,21.6,21.6,21.6,21.6,20.406464,0,0.0,1.0
2018-01-02,21.620001000000002,21.620001000000002,21.620001000000002,21.620001000000002,20.42536,0,0.0,1.0
2018-01-03,21.700001,21.700001,21.700001,21.700001,20.50094,0,0.0,1.0
2018-01-04,21.74,21.74,21.74,21.74,20.538731,0,0.0,1.0
2018-01-05,21.77,21.77,21.77,21.77,20.567073999999998,0,0.0,1.0
2018-01-08,21.790001,21.790001,21.790001,21.790001,20.585966,0,0.0,1.0
2018-01-09,21.780001000000002,21.780001000000002,21.780001000000002,21.780001000000002,20.576519,0,0.0,1.0
2018-01-10,21.76,21.76,21.76,21.76,20.557625,0,0.0,1.0
2018-01-11,21.790001,21.790001,21.790001,21.790001,20.585966,0,0.0,1.0
2018-01-12,21.790001,21.790001,21.790001,21.790001,20.585966,0,0.0,1.0
2018-01-16,21.83,21.83,21.83,21.83,20.623758,0,0.0,1.0
2018-01-17,21.67,21.67,21.67,21.67,20.612341,0,0.14800000000000002,1.0
2018-01-18,21.639999,21.639999,21.639999,21.639999,20.583804999999998,0,0.0,1.0
2018-01-19,21.6,21.6,21.6,21.6,20.545757000000002,0,0.0,1.0
2018-01-22,21.610001,21.610001,21.610001,21.610001,20.555270999999998,0,0.0,1.0
2018-01-23,21.67,21.67,21.67,21.67,20.612341,0,0.0,1.0
2018-01-24,21.68,21.68,21.68,21.68,20.621855,0,0.0,1.0
2018-01-25,21.74,21.74,21.74,21.74,20.678925,0,0.0,1.0
2018-01-26,21.75,21.75,21.75,21.75,20.688435000000002,0,0.0,1.0
2018-01-29,21.719998999999998,21.719998999999998,21.719998999999998,21.719998999999998,20.659901,0,0.0,1.0
2018-01-30,21.74,21.74,21.74,21.74,20.678925,0,0.0,1.0
2018-01-31,21.77,21.77,21.77,21.77,20.707464,0,0.0,1.0
2018-02-01,21.76,21.76,21.76,21.76,20.69795,0,0.0,1.0
2018-02-02,21.67,21.67,21.67,21.67,20.612341,0,0.0,1.0
2018-02-05,21.66,21.66,21.66,21.66,20.602831,0,0.0,1.0
2018-02-06,21.57,21.57,21.57,21.57,20.517221,0,0.0,1.0
2018-02-07,21.59,21.59,21.59,21.59,20.536247,0,0.0,1.0
2018-02-08,21.5,21.5,21.5,21.5,20.450638,0,0.0,1.0
2018-02-09,21.309998999999998,21.309998999999998,21.309998999999998,21.309998999999998,20.269913,0,0.0,1.0
2018-02-12,21.370001000000002,21.370001000000002,21.370001000000002,21.370001000000002,20.326985999999998,0,0.0,1.0
2018-02-13,21.35,21.35,21.35,21.35,20.307959,0,0.0,1.0
2018-02-14,21.16,21.16,21.16,21.16,20.269644,0,0.15,1.0
2018-02-15,21.26,21.26,21.26,21.26,20.365438,0,0.0,1.0
2018-02-16,21.33,21.33,21.33,21.33,20.432489,0,0.0,1.0
2018-02-20,21.33,21.33,21.33,21.33,20.432489,0,0.0,1.0
2018-02-21,21.280001000000002,21.280001000000002,21.280001000000002,21.280001000000002,20.384596,0,0.0,1.0
2018-02-22,21.280001000000002,21.280001000000002,21.280001000000002,21.280001000000002,20.384596,0,0.0,1.0
2018-02-23,21.309998999999998,21.309998999999998,21.309998999999998,21.309998999999998,20.41333,0,0.0,1.0
2018-02-26,21.35,21.35,21.35,21.35,20.451647,0,0.0,1.0
2018-02-27,21.33,21.33,21.33,21.33,20.432489,0,0.0,1.0
2018-02-28,21.34,21.34,21.34,21.34,20.44207,0,0.0,1.0
2018-03-01,21.33,21.33,21.33,21.33,20.432489,0,0.0,1.0
2018-03-02,21.280001000000002,21.280001000000002,21.280001000000002,21.280001000000002,20.384596,0,0.0,1.0
2018-03-05,21.309998999999998,21.309998999999998,21.309998999999998,21.309998999999998,20.41333,0,0.0,1.0
2018-03-06,21.35,21.35,21.35,21.35,20.451647,0,0.0,1.0
2018-03-07,21.33,21.33,21.33,21.33,20.432489,0,0.0,1.0
2018-03-08,21.33,21.33,21.33,21.33,20.432489,0,0.0,1.0
2018-03-09,21.360001,21.360001,21.360001,21.360001,20.461229,0,0.0,1.0
2018-03-12,21.4,21.4,21.4,21.4,20.499546,0,0.0,1.0
2018-03-13,21.389999,21.389999,21.389999,21.389999,20.489967,0,0.0,1.0
2018-03-14,21.26,21.26,21.26,21.26,20.507332,0,0.14800000000000002,1.0
2018-03-15,21.25,21.25,21.25,21.25,20.497683,0,0.0,1.0
2018-03-16,21.219998999999998,21.219998999999998,21.219998999999998,21.219998999999998,20.468746,0,0.0,1.0
2018-03-19,21.200001,21.200001,21.200001,21.200001,20.449455,0,0.0,1.0
2018-03-20,21.17,21.17,21.17,21.17,20.420514999999998,0,0.0,1.0
2018-03-21,21.17,21.17,21.17,21.17,20.420514999999998,0,0.0,1.0
2018-03-22,21.16,21.16,21.16,21.16,20.410870000000003,0,0.0,1.0
2018-03-23,21.15,21.15,21.15,21.15,20.401224,0,0.0,1.0
2018-03-26,21.190001000000002,21.190001000000002,21.190001000000002,21.190001000000002,20.43981,0,0.0,1.0
2018-03-27,21.23,21.23,21.23,21.23,20.478392000000003,0,0.0,1.0
2018-03-28,21.209999,21.209999,21.209999,21.209999,20.459097,0,0.0,1.0
2018-03-29,21.25,21.25,21.25,21.25,20.497683,0,0.0,1.0
2018-04-02,21.23,21.23,21.23,21.23,20.478392000000003,0,0.0,1.0
2018-04-03,21.24,21.24,21.24,21.24,20.488035,0,0.0,1.0
2018-04-04,21.24,21.24,21.24,21.24,20.488035,0,0.0,1.0
2018-04-05,21.299999,21.299999,21.299999,21.299999,20.545912,0,0.0,1.0
2018-04-06,21.309998999999998,21.309998999999998,21.309998999999998,21.309998999999998,20.555559,0,0.0,1.0
2018-04-09,21.35,21.35,21.35,21.35,20.594143,0,0.0,1.0
2018-04-10,21.389999,21.389999,21.389999,21.389999,20.632727,0,0.0,1.0
2018-04-11,21.41,21.41,21.41,21.41,20.65202,0,0.0,1.0
2018-04-12,21.41,21.41,21.41,21.41,20.65202,0,0.0,1.0
2018-04-13,21.43,21.43,21.43,21.43,20.671310000000002,0,0.0,1.0
2018-04-16,21.440001000000002,21.440001000000002,21.440001000000002,21.440001000000002,20.680958,0,0.0,1.0
2018-04-17,21.469998999999998,21.469998999999998,21.469998999999998,21.469998999999998,20.709892,0,0.0,1.0
2018-04-18,21.309998999999998,21.309998999999998,21.309998999999998,21.309998999999998,20.70018,0,0.15,1.0
2018-04-19,21.26,21.26,21.26,21.26,20.651611,0,0.0,1.0
2018-04-20,21.219998999999998,21.219998999999998,21.219998999999998,21.219998999999998,20.612757000000002,0,0.0,1.0
2018-04-23,21.18,21.18,21.18,21.18,20.5739,0,0.0,1.0
2018-04-24,21.09,21.09,21.09,21.09,20.486475,0,0.0,1.0
2018-04-25,21.02,21.02,21.02,21.02,20.41848,0,0.0,1.0
2018-04-26,21.049999,21.049999,21.049999,21.049999,20.44762,0,0.0,1.0
2018-04-27,21.049999,21.049999,21.049999,21.049999,20.44762,0,0.0,1.0
2018-04-30,21.040001,21.040001,21.040001,21.040001,20.437908,0,0.0,1.0
2018-05-01,20.99,20.99,20.99,20.99,20.389338000000002,0,0.0,1.0
2018-05-02,20.950001,20.950001,20.950001,20.950001,20.350482999999997,0,0.0,1.0
2018-05-03,20.91,20.91,20.91,20.91,20.311628,0,0.0,1.0
2018-05-04,20.92,20.92,20.92,20.92,20.321341,0,0.0,1.0
2018-05-07,20.93,20.93,20.93,20.93,20.331055,0,0.0,1.0
2018-05-08,20.85,20.85,20.85,20.85,20.253344,0,0.0,1.0
2018-05-09,20.83,20.83,20.83,20.83,20.233915,0,0.0,1.0
2018-05-10,20.91,20.91,20.91,20.91,20.311628,0,0.0,1.0
2018-05-11,20.93,20.93,20.93,20.93,20.331055,0,0.0,1.0
2018-05-14,20.940001000000002,20.940001000000002,20.940001000000002,20.940001000000002,20.340769,0,0.0,1.0
2018-05-15,20.85,20.85,20.85,20.85,20.253344,0,0.0,1.0
2018-05-16,20.73,20.73,20.73,20.73,20.282698,0,0.15,1.0
2018-05-17,20.709999,20.709999,20.709999,20.709999,20.263128,0,0.0,1.0
2018-05-18,20.700001,20.700001,20.700001,20.700001,20.253345,0,0.0,1.0
2018-05-21,20.709999,20.709999,20.709999,20.709999,20.263128,0,0.0,1.0
2018-05-22,20.74,20.74,20.74,20.74,20.292482,0,0.0,1.0
2018-05-23,20.74,20.74,20.74,20.74,20.292482,0,0.0,1.0
2018-05-24,20.74,20.74,20.74,20.74,20.292482,0,0.0,1.0
2018-05-25,20.76,20.76,20.76,20.76,20.31205,0,0.0,1.0
2018-05-29,20.75,20.75,20.75,20.75,20.302265,0,0.0,1.0
2018-05-30,20.719998999999998,20.719998999999998,20.719998999999998,20.719998999999998,20.272913,0,0.0,1.0
2018-05-31,20.68,20.68,20.68,20.68,20.233776000000002,0,0.0,1.0
2018-06-01,20.6,20.6,20.6,20.6,20.155502,0,0.0,1.0
2018-06-04,20.629998999999998,20.629998999999998,20.629998999999998,20.629998999999998,20.184855,0,0.0,1.0
2018-06-05,20.66,20.66,20.66,20.66,20.214209,0,0.0,1.0
2018-06-06,20.610001,20.610001,20.610001,20.610001,20.165287,0,0.0,1.0
2018-06-07,20.59,20.59,20.59,20.59,20.145718,0,0.0,1.0
2018-06-08,20.610001,20.610001,20.610001,20.610001,20.165287,0,0.0,1.0
2018-06-11,20.59,20.59,20.59,20.59,20.145718,0,0.0,1.0
2018-06-12,20.559998999999998,20.559998999999998,20.559998999999998,20.559998999999998,20.116365,0,0.0,1.0
2018-06-13,20.42,20.42,20.42,20.42,20.125235,0,0.149,1.0
2018-06-14,20.43,20.43,20.43,20.43,20.135092,0,0.0,1.0
2018-06-15,20.42,20.42,20.42,20.42,20.125235,0,0.0,1.0
2018-06-18,20.389999,20.389999,20.389999,20.389999,20.095667000000002,0,0.0,1.0
2018-06-19,20.360001,20.360001,20.360001,20.360001,20.066103,0,0.0,1.0
2018-06-20,20.370001000000002,20.370001000000002,20.370001000000002,20.370001000000002,20.075958,0,0.0,1.0
2018-06-21,20.389999,20.389999,20.389999,20.389999,20.095667000000002,0,0.0,1.0
2018-06-22,20.43,20.43,20.43,20.43,20.135092,0,0.0,1.0
2018-06-25,20.450001,20.450001,20.450001,20.450001,20.154802,0,0.0,1.0
2018-06-26,20.459999,20.459999,20.459999,20.459999,20.164658,0,0.0,1.0
2018-06-27,20.440001000000002,20.440001000000002,20.440001000000002,20.440001000000002,20.144947,0,0.0,1.0
2018-06-28,20.389999,20.389999,20.389999,20.389999,20.095667000000002,0,0.0,1.0
2018-06-29,20.389999,20.389999,20.389999,20.389999,20.095667000000002,0,0.0,1.0
2018-07-02,20.34,20.34,20.34,20.34,20.046391,0,0.0,1.0
2018-07-03,20.379998999999998,20.379998999999998,20.379998999999998,20.379998999999998,20.085812,0,0.0,1.0
2018-07-05,20.42,20.42,20.42,20.42,20.125235,0,0.0,1.0
2018-07-06,20.450001,20.450001,20.450001,20.450001,20.154802,0,0.0,1.0
2018-07-09,20.52,20.52,20.52,20.52,20.223791000000002,0,0.0,1.0
2018-07-10,20.540001,20.540001,20.540001,20.540001,20.243504,0,0.0,1.0
2018-07-11,20.4,20.4,20.4,20.4,20.253431,0,0.15,1.0
2018-07-12,20.450001,20.450001,20.450001,20.450001,20.303072,0,0.0,1.0
2018-07-13,20.5,20.5,20.5,20.5,20.352713,0,0.0,1.0
2018-07-16,20.49,20.49,20.49,20.49,20.342785,0,0.0,1.0
2018-07-17,20.49,20.49,20.49,20.49,20.342785,0,0.0,1.0
2018-07-18,20.49,20.49,20.49,20.49,20.342785,0,0.0,1.0
2018-07-19,20.51,20.51,20.51,20.51,20.36264,0,0.0,1.0
2018-07-20,20.530001000000002,20.530001000000002,20.530001000000002,20.530001000000002,20.382498000000002,0,0.0,1.0
2018-07-23,20.549999,20.549999,20.549999,20.549999,20.402353,0,0.0,1.0
2018-07-24,20.549999,20.549999,20.549999,20.549999,20.402353,0,0.0,1.0
2018-07-25,20.559998999999998,20.559998999999998,20.559998999999998,20.559998999999998,20.412281,0,0.0,1.0
2018-07-26,20.57,20.57,20.57,20.57,20.422209,0,0.0,1.0
2018-07-27,20.6,20.6,20.6,20.6,20.451994,0,0.0,1.0
2018-07-30,20.610001,20.610001,20.610001,20.610001,20.461924,0,0.0,1.0
2018-07-31,20.629998999999998,20.629998999999998,20.629998999999998,20.629998999999998,20.481776999999997,0,0.0,1.0
2018-08-01,20.610001,20.610001,20.610001,20.610001,20.461924,0,0.0,1.0
2018-08-02,20.59,20.59,20.59,20.59,20.442066,0,0.0,1.0
2018-08-03,20.620001000000002,20.620001000000002,20.620001000000002,20.620001000000002,20.471851,0,0.0,1.0
2018-08-06,20.620001000000002,20.620001000000002,20.620001000000002,20.620001000000002,20.471851,0,0.0,1.0
2018-08-07,20.620001000000002,20.620001000000002,20.620001000000002,20.620001000000002,20.471851,0,0.0,1.0
2018-08-08,20.6,20.6,20.6,20.6,20.451994,0,0.0,1.0
2018-08-09,20.59,20.59,20.59,20.59,20.442066,0,0.0,1.0
2018-08-10,20.48,20.48,20.48,20.48,20.332855,0,0.0,1.0
2018-08-13,20.42,20.42,20.42,20.42,20.273287,0,0.0,1.0
2018-08-14,20.459999,20.459999,20.459999,20.459999,20.313,0,0.0,1.0
2018-08-15,20.290001,20.290001,20.290001,20.290001,20.290001,0,0.147,1.0
2018-08-16,20.33,20.33,20.33,20.33,20.33,0,0.0,1.0
2018-08-17,20.35,20.35,20.35,20.35,20.35,0,0.0,1.0
2018-08-20,20.370001000000002,20.370001000000002,20.370001000000002,20.370001000000002,20.370001000000002,0,0.0,1.0
2018-08-21,20.370001000000002,20.370001000000002,20.370001000000002,20.370001000000002,20.370001000000002,0,0.0,1.0
2018-08-22,20.360001,20.360001,20.360001,20.360001,20.360001,0,0.0,1.0
2018-08-23,20.34,20.34,20.34,20.34,20.34,0,0.0,1.0
2018-08-24,20.33,20.33,20.33,20.33,20.33,0,0.0,1.0
2018-08-27,20.33,20.33,20.33,20.33,20.33,0,0.0,1.0
2018-08-28,20.33,20.33,20.33,20.33,20.33,0,0.0,1.0
2018-08-29,20.299999,20.299999,20.299999,20.299999,20.299999,0,0.0,1.0
2018-08-30,20.290001,20.290001,20.290001,20.290001,20.290001,0,0.0,1.0
2018-08-31,20.280001000000002,20.280001000000002,20.280001000000002,20.280001000000002,20.280001000000002,0,0.0,1.0
2018-09-04,20.200001,20.200001,20.200001,20.200001,20.200001,0,0.0,1.0
2018-09-05,20.209999,20.209999,20.209999,20.209999,20.209999,0,0.0,1.0
2018-09-06,20.26,20.26,20.26,20.26,20.26,0,0.0,1.0
2018-09-07,20.24,20.24,20.24,20.24,20.24,0,0.0,1.0
2018-09-10,20.26,20.26,20.26,20.26,20.26,0,0.0,1.0
2018-09-11,20.24,20.24,20.24,20.24,20.24,0,0.0,1.0
2018-09-12,20.299999,20.299999,20.299999,20.299999,20.299999,0,0.0,1.0
2018-09-13,20.32,20.32,20.32,20.32,20.32,0,0.0,1.0
2018-09-14,20.33,20.33,20.33,20.33,20.33,0,0.0,1.0
