date,Open,High,Low,Close,Adj Close,Volume,Dividends,Stock Splits
2017-03-20,2.76,2.76,2.76,2.76,2.76,0,0.0,1.0
2017-03-21,2.71,2.71,2.71,2.71,2.71,0,0.0,1.0
2017-03-22,2.72,2.72,2.72,2.72,2.72,0,0.0,1.0
2017-03-23,2.72,2.72,2.72,2.72,2.72,0,0.0,1.0
2017-03-24,2.71,2.71,2.71,2.71,2.71,0,0.0,1.0
2017-03-27,2.71,2.71,2.71,2.71,2.71,0,0.0,1.0
2017-03-28,2.73,2.73,2.73,2.73,2.73,0,0.0,1.0
2017-03-29,2.75,2.75,2.75,2.75,2.75,0,0.0,1.0
2017-03-30,2.76,2.76,2.76,2.76,2.76,0,0.0,1.0
2017-03-31,2.76,2.76,2.76,2.76,2.76,0,0.0,1.0
2017-04-03,2.74,2.74,2.74,2.74,2.74,0,0.0,1.0
2017-04-04,2.72,2.72,2.72,2.72,2.72,0,0.0,1.0
2017-04-05,2.72,2.72,2.72,2.72,2.72,0,0.0,1.0
2017-04-06,2.73,2.73,2.73,2.73,2.73,0,0.0,1.0
2017-04-07,2.73,2.73,2.73,2.73,2.73,0,0.0,1.0
2017-04-10,2.74,2.74,2.74,2.74,2.74,0,0.0,1.0
2017-04-11,2.75,2.75,2.75,2.75,2.75,0,0.0,1.0
2017-04-12,2.73,2.73,2.73,2.73,2.73,0,0.0,1.0
2017-04-13,2.71,2.71,2.71,2.71,2.71,0,0.0,1.0
2017-04-17,2.73,2.73,2.73,2.73,2.73,0,0.0,1.0
2017-04-18,2.72,2.72,2.72,2.72,2.72,0,0.0,1.0
2017-04-19,2.73,2.73,2.73,2.73,2.73,0,0.0,1.0
2017-04-20,2.76,2.76,2.76,2.76,2.76,0,0.0,1.0
2017-04-21,2.75,2.75,2.75,2.75,2.75,0,0.0,1.0
2017-04-24,2.78,2.78,2.78,2.78,2.78,0,0.0,1.0
2017-04-25,2.79,2.79,2.79,2.79,2.79,0,0.0,1.0
2017-04-26,2.8,2.8,2.8,2.8,2.8,0,0.0,1.0
2017-04-27,2.8,2.8,2.8,2.8,2.8,0,0.0,1.0
2017-04-28,2.79,2.79,2.79,2.79,2.79,0,0.0,1.0
2017-05-01,2.78,2.78,2.78,2.78,2.78,0,0.0,1.0
2017-05-02,2.78,2.78,2.78,2.78,2.78,0,0.0,1.0
2017-05-03,2.78,2.78,2.78,2.78,2.78,0,0.0,1.0
2017-05-04,2.77,2.77,2.77,2.77,2.77,0,0.0,1.0
2017-05-05,2.78,2.78,2.78,2.78,2.78,0,0.0,1.0
2017-05-08,2.78,2.78,2.78,2.78,2.78,0,0.0,1.0
2017-05-09,2.8,2.8,2.8,2.8,2.8,0,0.0,1.0
2017-05-10,2.8,2.8,2.8,2.8,2.8,0,0.0,1.0
2017-05-11,2.79,2.79,2.79,2.79,2.79,0,0.0,1.0
2017-05-12,2.77,2.77,2.77,2.77,2.77,0,0.0,1.0
2017-05-15,2.78,2.78,2.78,2.78,2.78,0,0.0,1.0
2017-05-16,2.76,2.76,2.76,2.76,2.76,0,0.0,1.0
2017-05-17,2.71,2.71,2.71,2.71,2.71,0,0.0,1.0
2017-05-18,2.71,2.71,2.71,2.71,2.71,0,0.0,1.0
2017-05-19,2.73,2.73,2.73,2.73,2.73,0,0.0,1.0
2017-05-22,2.74,2.74,2.74,2.74,2.74,0,0.0,1.0
2017-05-23,2.74,2.74,2.74,2.74,2.74,0,0.0,1.0
2017-05-24,2.74,2.74,2.74,2.74,2.74,0,0.0,1.0
2017-05-25,2.75,2.75,2.75,2.75,2.75,0,0.0,1.0
2017-05-26,2.75,2.75,2.75,2.75,2.75,0,0.0,1.0
2017-05-30,2.74,2.74,2.74,2.74,2.74,0,0.0,1.0
2017-05-31,2.74,2.74,2.74,2.74,2.74,0,0.0,1.0
2017-06-01,2.78,2.78,2.78,2.78,2.78,0,0.0,1.0
2017-06-02,2.79,2.79,2.79,2.79,2.79,0,0.0,1.0
2017-06-05,2.78,2.78,2.78,2.78,2.78,0,0.0,1.0
2017-06-06,2.77,2.77,2.77,2.77,2.77,0,0.0,1.0
2017-06-07,2.78,2.78,2.78,2.78,2.78,0,0.0,1.0
2017-06-08,2.78,2.78,2.78,2.78,2.78,0,0.0,1.0
2017-06-09,2.8,2.8,2.8,2.8,2.8,0,0.0,1.0
2017-06-12,2.81,2.81,2.81,2.81,2.81,0,0.0,1.0
2017-06-13,2.81,2.81,2.81,2.81,2.81,0,0.0,1.0
2017-06-14,2.81,2.81,2.81,2.81,2.81,0,0.0,1.0
2017-06-15,2.8,2.8,2.8,2.8,2.8,0,0.0,1.0
2017-06-16,2.78,2.78,2.78,2.78,2.78,0,0.0,1.0
2017-06-19,2.81,2.81,2.81,2.81,2.81,0,0.0,1.0
2017-06-20,2.78,2.78,2.78,2.78,2.78,0,0.0,1.0
2017-06-21,2.78,2.78,2.78,2.78,2.78,0,0.0,1.0
2017-06-22,2.79,2.79,2.79,2.79,2.79,0,0.0,1.0
2017-06-23,2.8,2.8,2.8,2.8,2.8,0,0.0,1.0
2017-06-26,2.8,2.8,2.8,2.8,2.8,0,0.0,1.0
2017-06-27,2.78,2.78,2.78,2.78,2.78,0,0.0,1.0
2017-06-28,2.82,2.82,2.82,2.82,2.82,0,0.0,1.0
2017-06-29,2.79,2.79,2.79,2.79,2.79,0,0.0,1.0
2017-06-30,2.79,2.79,2.79,2.79,2.79,0,0.0,1.0
2017-07-03,2.8,2.8,2.8,2.8,2.8,0,0.0,1.0
2017-07-05,2.79,2.79,2.79,2.79,2.79,0,0.0,1.0
2017-07-06,2.76,2.76,2.76,2.76,2.76,0,0.0,1.0
2017-07-07,2.77,2.77,2.77,2.77,2.77,0,0.0,1.0
2017-07-10,2.76,2.76,2.76,2.76,2.76,0,0.0,1.0
2017-07-11,2.76,2.76,2.76,2.76,2.76,0,0.0,1.0
2017-07-12,2.77,2.77,2.77,2.77,2.77,0,0.0,1.0
2017-07-13,2.79,2.79,2.79,2.79,2.79,0,0.0,1.0
2017-07-14,2.8,2.8,2.8,2.8,2.8,0,0.0,1.0
2017-07-17,2.81,2.81,2.81,2.81,2.81,0,0.0,1.0
2017-07-18,2.8,2.8,2.8,2.8,2.8,0,0.0,1.0
2017-07-19,2.83,2.83,2.83,2.83,2.83,0,0.0,1.0
2017-07-20,2.83,2.83,2.83,2.83,2.83,0,0.0,1.0
2017-07-21,2.81,2.81,2.81,2.81,2.81,0,0.0,1.0
2017-07-24,2.8,2.8,2.8,2.8,2.8,0,0.0,1.0
2017-07-25,2.81,2.81,2.81,2.81,2.81,0,0.0,1.0
2017-07-26,2.8,2.8,2.8,2.8,2.8,0,0.0,1.0
2017-07-27,2.78,2.78,2.78,2.78,2.78,0,0.0,1.0
2017-07-28,2.78,2.78,2.78,2.78,2.78,0,0.0,1.0
2017-07-31,2.78,2.78,2.78,2.78,2.78,0,0.0,1.0
2017-08-01,2.78,2.78,2.78,2.78,2.78,0,0.0,1.0
2017-08-02,2.77,2.77,2.77,2.77,2.77,0,0.0,1.0
2017-08-03,2.77,2.77,2.77,2.77,2.77,0,0.0,1.0
2017-08-04,2.78,2.78,2.78,2.78,2.78,0,0.0,1.0
2017-08-07,2.78,2.78,2.78,2.78,2.78,0,0.0,1.0
2017-08-08,2.77,2.77,2.77,2.77,2.77,0,0.0,1.0
2017-08-09,2.77,2.77,2.77,2.77,2.77,0,0.0,1.0
2017-08-10,2.72,2.72,2.72,2.72,2.72,0,0.0,1.0
2017-08-11,2.73,2.73,2.73,2.73,2.73,0,0.0,1.0
2017-08-14,2.75,2.75,2.75,2.75,2.75,0,0.0,1.0
2017-08-15,2.74,2.74,2.74,2.74,2.74,0,0.0,1.0
2017-08-16,2.74,2.74,2.74,2.74,2.74,0,0.0,1.0
2017-08-17,2.7,2.7,2.7,2.7,2.7,0,0.0,1.0
2017-08-18,2.7,2.7,2.7,2.7,2.7,0,0.0,1.0
2017-08-21,2.7,2.7,2.7,2.7,2.7,0,0.0,1.0
2017-08-22,2.73,2.73,2.73,2.73,2.73,0,0.0,1.0
2017-08-23,2.72,2.72,2.72,2.72,2.72,0,0.0,1.0
2017-08-24,2.71,2.71,2.71,2.71,2.71,0,0.0,1.0
2017-08-25,2.72,2.72,2.72,2.72,2.72,0,0.0,1.0
2017-08-28,2.71,2.71,2.71,2.71,2.71,0,0.0,1.0
2017-08-29,2.71,2.71,2.71,2.71,2.71,0,0.0,1.0
2017-08-30,2.73,2.73,2.73,2.73,2.73,0,0.0,1.0
2017-08-31,2.75,2.75,2.75,2.75,2.75,0,0.0,1.0
2017-09-01,2.76,2.76,2.76,2.76,2.76,0,0.0,1.0
2017-09-05,2.75,2.75,2.75,2.75,2.75,0,0.0,1.0
2017-09-06,2.77,2.77,2.77,2.77,2.77,0,0.0,1.0
2017-09-07,2.76,2.76,2.76,2.76,2.76,0,0.0,1.0
2017-09-08,2.74,2.74,2.74,2.74,2.74,0,0.0,1.0
2017-09-11,2.75,2.75,2.75,2.75,2.75,0,0.0,1.0
2017-09-12,2.77,2.77,2.77,2.77,2.77,0,0.0,1.0
2017-09-13,2.78,2.78,2.78,2.78,2.78,0,0.0,1.0
2017-09-14,2.77,2.77,2.77,2.77,2.77,0,0.0,1.0
2017-09-15,2.78,2.78,2.78,2.78,2.78,0,0.0,1.0
2017-09-18,2.77,2.77,2.77,2.77,2.77,0,0.0,1.0
2017-09-19,2.78,2.78,2.78,2.78,2.78,0,0.0,1.0
2017-09-20,2.79,2.79,2.79,2.79,2.79,0,0.0,1.0
2017-09-21,2.78,2.78,2.78,2.78,2.78,0,0.0,1.0
2017-09-22,2.79,2.79,2.79,2.79,2.79,0,0.0,1.0
2017-09-25,2.81,2.81,2.81,2.81,2.81,0,0.0,1.0
2017-09-26,2.82,2.82,2.82,2.82,2.82,0,0.0,1.0
2017-09-27,2.84,2.84,2.84,2.84,2.84,0,0.0,1.0
2017-09-28,2.84,2.84,2.84,2.84,2.84,0,0.0,1.0
2017-09-29,2.84,2.84,2.84,2.84,2.84,0,0.0,1.0
2017-10-02,2.87,2.87,2.87,2.87,2.87,0,0.0,1.0
2017-10-03,2.88,2.88,2.88,2.88,2.88,0,0.0,1.0
2017-10-04,2.87,2.87,2.87,2.87,2.87,0,0.0,1.0
2017-10-05,2.9,2.9,2.9,2.9,2.9,0,0.0,1.0
2017-10-06,2.89,2.89,2.89,2.89,2.89,0,0.0,1.0
2017-10-09,2.89,2.89,2.89,2.89,2.89,0,0.0,1.0
2017-10-10,2.9,2.9,2.9,2.9,2.9,0,0.0,1.0
2017-10-11,2.9,2.9,2.9,2.9,2.9,0,0.0,1.0
2017-10-12,2.9,2.9,2.9,2.9,2.9,0,0.0,1.0
2017-10-13,2.91,2.91,2.91,2.91,2.91,0,0.0,1.0
2017-10-16,2.91,2.91,2.91,2.91,2.91,0,0.0,1.0
2017-10-17,2.9,2.9,2.9,2.9,2.9,0,0.0,1.0
2017-10-18,2.91,2.91,2.91,2.91,2.91,0,0.0,1.0
2017-10-19,2.91,2.91,2.91,2.91,2.91,0,0.0,1.0
2017-10-20,2.93,2.93,2.93,2.93,2.93,0,0.0,1.0
2017-10-23,2.91,2.91,2.91,2.91,2.91,0,0.0,1.0
2017-10-24,2.93,2.93,2.93,2.93,2.93,0,0.0,1.0
2017-10-25,2.91,2.91,2.91,2.91,2.91,0,0.0,1.0
2017-10-26,2.91,2.91,2.91,2.91,2.91,0,0.0,1.0
2017-10-27,2.91,2.91,2.91,2.91,2.91,0,0.0,1.0
2017-10-30,2.91,2.91,2.91,2.91,2.91,0,0.0,1.0
2017-10-31,2.92,2.92,2.92,2.92,2.92,0,0.0,1.0
2017-11-01,2.92,2.92,2.92,2.92,2.92,0,0.0,1.0
2017-11-02,2.93,2.93,2.93,2.93,2.93,0,0.0,1.0
2017-11-03,2.93,2.93,2.93,2.93,2.93,0,0.0,1.0
2017-11-06,2.92,2.92,2.92,2.92,2.92,0,0.0,1.0
2017-11-07,2.91,2.91,2.91,2.91,2.91,0,0.0,1.0
2017-11-08,2.93,2.93,2.93,2.93,2.93,0,0.0,1.0
2017-11-09,2.91,2.91,2.91,2.91,2.91,0,0.0,1.0
2017-11-10,2.92,2.92,2.92,2.92,2.92,0,0.0,1.0
2017-11-13,2.91,2.91,2.91,2.91,2.91,0,0.0,1.0
2017-11-14,2.9,2.9,2.9,2.9,2.9,0,0.0,1.0
2017-11-15,2.89,2.89,2.89,2.89,2.89,0,0.0,1.0
2017-11-16,2.95,2.95,2.95,2.95,2.95,0,0.0,1.0
2017-11-17,2.95,2.95,2.95,2.95,2.95,0,0.0,1.0
2017-11-20,2.96,2.96,2.96,2.96,2.96,0,0.0,1.0
2017-11-21,2.98,2.98,2.98,2.98,2.98,0,0.0,1.0
2017-11-22,2.99,2.99,2.99,2.99,2.99,0,0.0,1.0
2017-11-24,2.99,2.99,2.99,2.99,2.99,0,0.0,1.0
2017-11-27,2.99,2.99,2.99,2.99,2.99,0,0.0,1.0
2017-11-28,3.05,3.05,3.05,3.05,3.05,0,0.0,1.0
2017-11-29,3.08,3.08,3.08,3.08,3.08,0,0.0,1.0
2017-11-30,3.11,3.11,3.11,3.11,3.11,0,0.0,1.0
2017-12-01,3.1,3.1,3.1,3.1,3.1,0,0.0,1.0
2017-12-04,3.12,3.12,3.12,3.12,3.12,0,0.0,1.0
2017-12-05,3.1,3.1,3.1,3.1,3.1,0,0.0,1.0
2017-12-06,3.1,3.1,3.1,3.1,3.1,0,0.0,1.0
2017-12-07,3.12,3.12,3.12,3.12,3.12,0,0.0,1.0
2017-12-08,3.13,3.13,3.13,3.13,3.13,0,0.0,1.0
2017-12-11,3.11,3.11,3.11,3.11,3.11,0,0.0,1.0
2017-12-12,3.11,3.11,3.11,3.11,3.11,0,0.0,1.0
2017-12-13,3.12,3.12,3.12,3.12,3.12,0,0.0,1.0
2017-12-14,3.08,3.08,3.08,3.08,3.08,0,0.0,1.0
2017-12-15,3.12,3.12,3.12,3.12,3.12,0,0.0,1.0
2017-12-18,3.16,3.16,3.16,3.16,3.16,0,0.0,1.0
2017-12-19,3.15,3.15,3.15,3.15,3.15,0,0.0,1.0
2017-12-20,3.16,3.16,3.16,3.16,3.16,0,0.0,1.0
2017-12-21,3.14,3.14,3.14,3.14,3.14,0,0.0,1.0
2017-12-22,3.14,3.14,3.14,3.14,3.14,0,0.0,1.0
2017-12-26,3.15,3.15,3.15,3.15,3.15,0,0.0,1.0
2017-12-27,3.15,3.15,3.15,3.15,3.15,0,0.0,1.0
2017-12-28,3.16,3.16,3.16,3.16,3.16,0,0.0,1.0
2017-12-29,3.13,3.13,3.13,3.13,3.13,0,0.0,1.0
2018-01-02,3.17,3.17,3.17,3.17,3.17,0,0.0,1.0
2018-01-03,3.19,3.19,3.19,3.19,3.19,0,0.0,1.0
2018-01-04,3.19,3.19,3.19,3.19,3.19,0,0.0,1.0
2018-01-05,3.2,3.2,3.2,3.2,3.2,0,0.0,1.0
2018-01-08,3.21,3.21,3.21,3.21,3.21,0,0.0,1.0
2018-01-09,3.2,3.2,3.2,3.2,3.2,0,0.0,1.0
2018-01-10,3.21,3.21,3.21,3.21,3.21,0,0.0,1.0
2018-01-11,3.26,3.26,3.26,3.26,3.26,0,0.0,1.0
2018-01-12,3.3,3.3,3.3,3.3,3.3,0,0.0,1.0
2018-01-16,3.27,3.27,3.27,3.27,3.27,0,0.0,1.0
2018-01-17,3.32,3.32,3.32,3.32,3.32,0,0.0,1.0
2018-01-18,3.32,3.32,3.32,3.32,3.32,0,0.0,1.0
2018-01-19,3.36,3.36,3.36,3.36,3.36,0,0.0,1.0
2018-01-22,3.38,3.38,3.38,3.38,3.38,0,0.0,1.0
2018-01-23,3.38,3.38,3.38,3.38,3.38,0,0.0,1.0
2018-01-24,3.38,3.38,3.38,3.38,3.38,0,0.0,1.0
2018-01-25,3.36,3.36,3.36,3.36,3.36,0,0.0,1.0
2018-01-26,3.41,3.41,3.41,3.41,3.41,0,0.0,1.0
2018-01-29,3.38,3.38,3.38,3.38,3.38,0,0.0,1.0
2018-01-30,3.31,3.31,3.31,3.31,3.31,0,0.0,1.0
2018-01-31,3.27,3.27,3.27,3.27,3.27,0,0.0,1.0
2018-02-01,3.27,3.27,3.27,3.27,3.27,0,0.0,1.0
2018-02-02,3.18,3.18,3.18,3.18,3.18,0,0.0,1.0
2018-02-05,3.06,3.06,3.06,3.06,3.06,0,0.0,1.0
2018-02-06,3.11,3.11,3.11,3.11,3.11,0,0.0,1.0
2018-02-07,3.1,3.1,3.1,3.1,3.1,0,0.0,1.0
2018-02-08,3.0,3.0,3.0,3.0,3.0,0,0.0,1.0
2018-02-09,3.03,3.03,3.03,3.03,3.03,0,0.0,1.0
2018-02-12,3.06,3.06,3.06,3.06,3.06,0,0.0,1.0
2018-02-13,3.08,3.08,3.08,3.08,3.08,0,0.0,1.0
2018-02-14,3.13,3.13,3.13,3.13,3.13,0,0.0,1.0
2018-02-15,3.15,3.15,3.15,3.15,3.15,0,0.0,1.0
2018-02-16,3.16,3.16,3.16,3.16,3.16,0,0.0,1.0
2018-02-20,3.13,3.13,3.13,3.13,3.13,0,0.0,1.0
2018-02-21,3.12,3.12,3.12,3.12,3.12,0,0.0,1.0
2018-02-22,3.1,3.1,3.1,3.1,3.1,0,0.0,1.0
2018-02-23,3.14,3.14,3.14,3.14,3.14,0,0.0,1.0
2018-02-26,3.17,3.17,3.17,3.17,3.17,0,0.0,1.0
2018-02-27,3.13,3.13,3.13,3.13,3.13,0,0.0,1.0
2018-02-28,3.09,3.09,3.09,3.09,3.09,0,0.0,1.0
2018-03-01,3.04,3.04,3.04,3.04,3.04,0,0.0,1.0
2018-03-02,3.08,3.08,3.08,3.08,3.08,0,0.0,1.0
2018-03-05,3.1,3.1,3.1,3.1,3.1,0,0.0,1.0
2018-03-06,3.12,3.12,3.12,3.12,3.12,0,0.0,1.0
2018-03-07,3.11,3.11,3.11,3.11,3.11,0,0.0,1.0
2018-03-08,3.11,3.11,3.11,3.11,3.11,0,0.0,1.0
2018-03-09,3.16,3.16,3.16,3.16,3.16,0,0.0,1.0
2018-03-12,3.15,3.15,3.15,3.15,3.15,0,0.0,1.0
2018-03-13,3.14,3.14,3.14,3.14,3.14,0,0.0,1.0
2018-03-14,3.13,3.13,3.13,3.13,3.13,0,0.0,1.0
2018-03-15,3.12,3.12,3.12,3.12,3.12,0,0.0,1.0
2018-03-16,3.12,3.12,3.12,3.12,3.12,0,0.0,1.0
2018-03-19,3.08,3.08,3.08,3.08,3.08,0,0.0,1.0
2018-03-20,3.06,3.06,3.06,3.06,3.06,0,0.0,1.0
2018-03-21,3.06,3.06,3.06,3.06,3.06,0,0.0,1.0
2018-03-22,2.99,2.99,2.99,2.99,2.99,0,0.0,1.0
2018-03-23,2.93,2.93,2.93,2.93,2.93,0,0.0,1.0
2018-03-26,3.0,3.0,3.0,3.0,3.0,0,0.0,1.0
2018-03-27,2.96,2.96,2.96,2.96,2.96,0,0.0,1.0
2018-03-28,2.97,2.97,2.97,2.97,2.97,0,0.0,1.0
2018-03-29,3.0,3.0,3.0,3.0,3.0,0,0.0,1.0
2018-04-02,2.94,2.94,2.94,2.94,2.94,0,0.0,1.0
2018-04-03,2.97,2.97,2.97,2.97,2.97,0,0.0,1.0
2018-04-04,3.02,3.02,3.02,3.02,3.02,0,0.0,1.0
2018-04-05,3.03,3.03,3.03,3.03,3.03,0,0.0,1.0
2018-04-06,2.97,2.97,2.97,2.97,2.97,0,0.0,1.0
2018-04-09,2.97,2.97,2.97,2.97,2.97,0,0.0,1.0
2018-04-10,3.01,3.01,3.01,3.01,3.01,0,0.0,1.0
2018-04-11,2.99,2.99,2.99,2.99,2.99,0,0.0,1.0
2018-04-12,3.0,3.0,3.0,3.0,3.0,0,0.0,1.0
2018-04-13,2.99,2.99,2.99,2.99,2.99,0,0.0,1.0
2018-04-16,3.01,3.01,3.01,3.01,3.01,0,0.0,1.0
2018-04-17,3.03,3.03,3.03,3.03,3.03,0,0.0,1.0
2018-04-18,3.03,3.03,3.03,3.03,3.03,0,0.0,1.0
2018-04-19,3.01,3.01,3.01,3.01,3.01,0,0.0,1.0
2018-04-20,2.98,2.98,2.98,2.98,2.98,0,0.0,1.0
2018-04-23,2.98,2.98,2.98,2.98,2.98,0,0.0,1.0
2018-04-24,2.96,2.96,2.96,2.96,2.96,0,0.0,1.0
2018-04-25,2.98,2.98,2.98,2.98,2.98,0,0.0,1.0
2018-04-26,3.0,3.0,3.0,3.0,3.0,0,0.0,1.0
2018-04-27,2.99,2.99,2.99,2.99,2.99,0,0.0,1.0
2018-04-30,2.96,2.96,2.96,2.96,2.96,0,0.0,1.0
2018-05-01,2.97,2.97,2.97,2.97,2.97,0,0.0,1.0
2018-05-02,2.95,2.95,2.95,2.95,2.95,0,0.0,1.0
2018-05-03,2.91,2.91,2.91,2.91,2.91,0,0.0,1.0
2018-05-04,2.95,2.95,2.95,2.95,2.95,0,0.0,1.0
2018-05-07,2.95,2.95,2.95,2.95,2.95,0,0.0,1.0
2018-05-08,2.94,2.94,2.94,2.94,2.94,0,0.0,1.0
2018-05-09,2.95,2.95,2.95,2.95,2.95,0,0.0,1.0
2018-05-10,2.98,2.98,2.98,2.98,2.98,0,0.0,1.0
2018-05-11,2.98,2.98,2.98,2.98,2.98,0,0.0,1.0
2018-05-14,2.99,2.99,2.99,2.99,2.99,0,0.0,1.0
2018-05-15,2.97,2.97,2.97,2.97,2.97,0,0.0,1.0
2018-05-16,2.99,2.99,2.99,2.99,2.99,0,0.0,1.0
2018-05-17,2.99,2.99,2.99,2.99,2.99,0,0.0,1.0
2018-05-18,2.98,2.98,2.98,2.98,2.98,0,0.0,1.0
2018-05-21,3.0,3.0,3.0,3.0,3.0,0,0.0,1.0
2018-05-22,2.99,2.99,2.99,2.99,2.99,0,0.0,1.0
2018-05-23,2.98,2.98,2.98,2.98,2.98,0,0.0,1.0
2018-05-24,2.98,2.98,2.98,2.98,2.98,0,0.0,1.0
2018-05-25,2.98,2.98,2.98,2.98,2.98,0,0.0,1.0
2018-05-29,2.94,2.94,2.94,2.94,2.94,0,0.0,1.0
2018-05-30,2.98,2.98,2.98,2.98,2.98,0,0.0,1.0
2018-05-31,2.96,2.96,2.96,2.96,2.96,0,0.0,1.0
2018-06-01,2.98,2.98,2.98,2.98,2.98,0,0.0,1.0
2018-06-04,3.0,3.0,3.0,3.0,3.0,0,0.0,1.0
2018-06-05,3.01,3.01,3.01,3.01,3.01,0,0.0,1.0
2018-06-06,3.03,3.03,3.03,3.03,3.03,0,0.0,1.0
2018-06-07,3.04,3.04,3.04,3.04,3.04,0,0.0,1.0
2018-06-08,3.06,3.06,3.06,3.06,3.06,0,0.0,1.0
2018-06-11,3.08,3.08,3.08,3.08,3.08,0,0.0,1.0
2018-06-12,3.08,3.08,3.08,3.08,3.08,0,0.0,1.0
2018-06-13,3.07,3.07,3.07,3.07,3.07,0,0.0,1.0
2018-06-14,3.08,3.08,3.08,3.08,3.08,0,0.0,1.0
2018-06-15,3.1,3.1,3.1,3.1,3.1,0,0.0,1.0
2018-06-18,3.09,3.09,3.09,3.09,3.09,0,0.0,1.0
2018-06-19,3.09,3.09,3.09,3.09,3.09,0,0.0,1.0
2018-06-20,3.11,3.11,3.11,3.11,3.11,0,0.0,1.0
2018-06-21,3.1,3.1,3.1,3.1,3.1,0,0.0,1.0
2018-06-22,3.1,3.1,3.1,3.1,3.1,0,0.0,1.0
2018-06-25,3.08,3.08,3.08,3.08,3.08,0,0.0,1.0
2018-06-26,3.07,3.07,3.07,3.07,3.07,0,0.0,1.0
2018-06-27,3.04,3.04,3.04,3.04,3.04,0,0.0,1.0
2018-06-28,3.05,3.05,3.05,3.05,3.05,0,0.0,1.0
2018-06-29,3.03,3.03,3.03,3.03,3.03,0,0.0,1.0
2018-07-02,3.04,3.04,3.04,3.04,3.04,0,0.0,1.0
2018-07-03,3.03,3.03,3.03,3.03,3.03,0,0.0,1.0
2018-07-05,3.07,3.07,3.07,3.07,3.07,0,0.0,1.0
2018-07-06,3.09,3.09,3.09,3.09,3.09,0,0.0,1.0
2018-07-09,3.12,3.12,3.12,3.12,3.12,0,0.0,1.0
2018-07-10,3.12,3.12,3.12,3.12,3.12,0,0.0,1.0
2018-07-11,3.09,3.09,3.09,3.09,3.09,0,0.0,1.0
2018-07-12,3.1,3.1,3.1,3.1,3.1,0,0.0,1.0
2018-07-13,3.1,3.1,3.1,3.1,3.1,0,0.0,1.0
2018-07-16,3.09,3.09,3.09,3.09,3.09,0,0.0,1.0
2018-07-17,3.09,3.09,3.09,3.09,3.09,0,0.0,1.0
2018-07-18,3.1,3.1,3.1,3.1,3.1,0,0.0,1.0
2018-07-19,3.11,3.11,3.11,3.11,3.11,0,0.0,1.0
2018-07-20,3.1,3.1,3.1,3.1,3.1,0,0.0,1.0
2018-07-23,3.11,3.11,3.11,3.11,3.11,0,0.0,1.0
2018-07-24,3.1,3.1,3.1,3.1,3.1,0,0.0,1.0
2018-07-25,3.11,3.11,3.11,3.11,3.11,0,0.0,1.0
2018-07-26,3.11,3.11,3.11,3.11,3.11,0,0.0,1.0
2018-07-27,3.08,3.08,3.08,3.08,3.08,0,0.0,1.0
2018-07-30,3.09,3.09,3.09,3.09,3.09,0,0.0,1.0
2018-07-31,3.1,3.1,3.1,3.1,3.1,0,0.0,1.0
2018-08-01,3.06,3.06,3.06,3.06,3.06,0,0.0,1.0
2018-08-02,3.09,3.09,3.09,3.09,3.09,0,0.0,1.0
2018-08-03,3.11,3.11,3.11,3.11,3.11,0,0.0,1.0
2018-08-06,3.12,3.12,3.12,3.12,3.12,0,0.0,1.0
2018-08-07,3.14,3.14,3.14,3.14,3.14,0,0.0,1.0
2018-08-08,3.14,3.14,3.14,3.14,3.14,0,0.0,1.0
2018-08-09,3.13,3.13,3.13,3.13,3.13,0,0.0,1.0
2018-08-10,3.11,3.11,3.11,3.11,3.11,0,0.0,1.0
2018-08-13,3.09,3.09,3.09,3.09,3.09,0,0.0,1.0
2018-08-14,3.12,3.12,3.12,3.12,3.12,0,0.0,1.0
2018-08-15,3.1,3.1,3.1,3.1,3.1,0,0.0,1.0
2018-08-16,3.13,3.13,3.13,3.13,3.13,0,0.0,1.0
2018-08-17,3.14,3.14,3.14,3.14,3.14,0,0.0,1.0
2018-08-20,3.16,3.16,3.16,3.16,3.16,0,0.0,1.0
2018-08-21,3.17,3.17,3.17,3.17,3.17,0,0.0,1.0
2018-08-22,3.16,3.16,3.16,3.16,3.16,0,0.0,1.0
2018-08-23,3.15,3.15,3.15,3.15,3.15,0,0.0,1.0
2018-08-24,3.15,3.15,3.15,3.15,3.15,0,0.0,1.0
2018-08-27,3.18,3.18,3.18,3.18,3.18,0,0.0,1.0
2018-08-28,3.17,3.17,3.17,3.17,3.17,0,0.0,1.0
2018-08-29,3.18,3.18,3.18,3.18,3.18,0,0.0,1.0
2018-08-30,3.16,3.16,3.16,3.16,3.16,0,0.0,1.0
2018-08-31,3.16,3.16,3.16,3.16,3.16,0,0.0,1.0
2018-09-04,3.14,3.14,3.14,3.14,3.14,0,0.0,1.0
2018-09-05,3.14,3.14,3.14,3.14,3.14,0,0.0,1.0
2018-09-06,3.12,3.12,3.12,3.12,3.12,0,0.0,1.0
2018-09-07,3.11,3.11,3.11,3.11,3.11,0,0.0,1.0
2018-09-10,3.13,3.13,3.13,3.13,3.13,0,0.0,1.0
2018-09-11,3.12,3.12,3.12,3.12,3.12,0,0.0,1.0
2018-09-12,3.12,3.12,3.12,3.12,3.12,0,0.0,1.0
2018-09-13,3.12,3.12,3.12,3.12,3.12,0,0.0,1.0
2018-09-14,3.13,3.13,3.13,3.13,3.13,0,0.0,1.0
2018-09-17,3.12,3.12,3.12,3.12,3.12,0,0.0,1.0
2018-09-18,3.13,3.13,3.13,3.13,3.13,0,0.0,1.0
2018-09-19,3.14,3.14,3.14,3.14,3.14,0,0.0,1.0
