date,Open,High,Low,Close,Adj Close,Volume,Dividends,Stock Splits
2015-11-19,9.82,9.82,9.82,9.82,9.477967999999999,0,0.0,1.0
2015-11-20,9.8,9.8,9.8,9.8,9.458665,0,0.0,1.0
2015-11-23,9.8,9.8,9.8,9.8,9.458665,0,0.0,1.0
2015-11-24,9.79,9.79,9.79,9.79,9.449015,0,0.0,1.0
2015-11-25,9.79,9.79,9.79,9.79,9.449015,0,0.0,1.0
2015-11-27,9.79,9.79,9.79,9.79,9.449015,0,0.0,1.0
2015-11-30,9.79,9.79,9.79,9.79,9.449015,0,0.0,1.0
2015-12-01,9.8,9.8,9.8,9.8,9.458665,0,0.0,1.0
2015-12-02,9.8,9.8,9.8,9.8,9.458665,0,0.0,1.0
2015-12-03,9.79,9.79,9.79,9.79,9.449015,0,0.0,1.0
2015-12-04,9.78,9.78,9.78,9.78,9.439361,0,0.0,1.0
2015-12-07,9.75,9.75,9.75,9.75,9.410408,0,0.0,1.0
2015-12-08,9.7,9.7,9.7,9.7,9.362147,0,0.0,1.0
2015-12-09,9.72,9.72,9.72,9.72,9.381451,0,0.0,1.0
2015-12-10,9.71,9.71,9.71,9.71,9.3718,0,0.0,1.0
2015-12-11,9.63,9.63,9.63,9.63,9.294587,0,0.0,1.0
2015-12-14,9.54,9.54,9.54,9.54,9.207722,0,0.0,1.0
2015-12-15,9.61,9.61,9.61,9.61,9.275283,0,0.0,1.0
2015-12-16,9.62,9.62,9.62,9.62,9.284937,0,0.0,1.0
2015-12-17,9.6,9.6,9.6,9.6,9.265633,0,0.0,1.0
2015-12-18,9.55,9.55,9.55,9.55,9.217371,0,0.0,1.0
2015-12-21,9.55,9.55,9.55,9.55,9.217371,0,0.0,1.0
2015-12-22,9.58,9.58,9.58,9.58,9.246328,0,0.0,1.0
2015-12-23,9.59,9.59,9.59,9.59,9.255979,0,0.0,1.0
2015-12-24,9.6,9.6,9.6,9.6,9.265633,0,0.0,1.0
2015-12-28,9.6,9.6,9.6,9.6,9.265633,0,0.0,1.0
2015-12-29,9.62,9.62,9.62,9.62,9.284937,0,0.0,1.0
2015-12-30,9.63,9.63,9.63,9.63,9.294587,0,0.0,1.0
2015-12-31,9.63,9.63,9.63,9.63,9.294587,0,0.0,1.0
2016-01-04,9.61,9.61,9.61,9.61,9.275283,0,0.0,1.0
2016-01-05,9.61,9.61,9.61,9.61,9.275283,0,0.0,1.0
2016-01-06,9.61,9.61,9.61,9.61,9.275283,0,0.0,1.0
2016-01-07,9.58,9.58,9.58,9.58,9.246328,0,0.0,1.0
2016-01-08,9.59,9.59,9.59,9.59,9.255979,0,0.0,1.0
2016-01-11,9.58,9.58,9.58,9.58,9.246328,0,0.0,1.0
2016-01-12,9.57,9.57,9.57,9.57,9.236677,0,0.0,1.0
2016-01-13,9.49,9.49,9.49,9.49,9.159462,0,0.0,1.0
2016-01-14,9.44,9.44,9.44,9.44,9.111205,0,0.0,1.0
2016-01-15,9.35,9.35,9.35,9.35,9.024339,0,0.0,1.0
2016-01-19,9.35,9.35,9.35,9.35,9.024339,0,0.0,1.0
2016-01-20,9.23,9.23,9.23,9.23,8.908519,0,0.0,1.0
2016-01-21,9.26,9.26,9.26,9.26,8.937472999999999,0,0.0,1.0
2016-01-22,9.35,9.35,9.35,9.35,9.024339,0,0.0,1.0
2016-01-25,9.36,9.36,9.36,9.36,9.033992,0,0.0,1.0
2016-01-26,9.37,9.37,9.37,9.37,9.043641000000001,0,0.0,1.0
2016-01-27,9.38,9.38,9.38,9.38,9.053295,0,0.0,1.0
2016-01-28,9.39,9.39,9.39,9.39,9.062946,0,0.0,1.0
2016-01-29,9.42,9.42,9.42,9.42,9.091901,0,0.0,1.0
2016-02-01,9.4,9.4,9.4,9.4,9.072598,0,0.0,1.0
2016-02-02,9.37,9.37,9.37,9.37,9.043641000000001,0,0.0,1.0
2016-02-03,9.37,9.37,9.37,9.37,9.043641000000001,0,0.0,1.0
2016-02-04,9.38,9.38,9.38,9.38,9.053295,0,0.0,1.0
2016-02-05,9.34,9.34,9.34,9.34,9.014688,0,0.0,1.0
2016-02-08,9.27,9.27,9.27,9.27,8.947127,0,0.0,1.0
2016-02-09,9.21,9.21,9.21,9.21,8.889215,0,0.0,1.0
2016-02-10,9.17,9.17,9.17,9.17,8.850609,0,0.0,1.0
2016-02-11,9.08,9.08,9.08,9.08,8.763742,0,0.0,1.0
2016-02-12,9.13,9.13,9.13,9.13,8.812000999999999,0,0.0,1.0
2016-02-16,9.17,9.17,9.17,9.17,8.850609,0,0.0,1.0
2016-02-17,9.26,9.26,9.26,9.26,8.937472999999999,0,0.0,1.0
2016-02-18,9.31,9.31,9.31,9.31,8.985733,0,0.0,1.0
2016-02-19,9.29,9.29,9.29,9.29,8.966429,0,0.0,1.0
2016-02-22,9.34,9.34,9.34,9.34,9.014688,0,0.0,1.0
2016-02-23,9.33,9.33,9.33,9.33,9.005035000000001,0,0.0,1.0
2016-02-24,9.31,9.31,9.31,9.31,8.985733,0,0.0,1.0
2016-02-25,9.38,9.38,9.38,9.38,9.053295,0,0.0,1.0
2016-02-26,9.43,9.43,9.43,9.43,9.101552,0,0.0,1.0
2016-02-29,9.47,9.47,9.47,9.47,9.140158999999999,0,0.0,1.0
2016-03-01,9.53,9.53,9.53,9.53,9.198069,0,0.0,1.0
2016-03-02,9.59,9.59,9.59,9.59,9.255979,0,0.0,1.0
2016-03-03,9.61,9.61,9.61,9.61,9.275283,0,0.0,1.0
2016-03-04,9.66,9.66,9.66,9.66,9.32354,0,0.0,1.0
2016-03-07,9.67,9.67,9.67,9.67,9.333195,0,0.0,1.0
2016-03-08,9.66,9.66,9.66,9.66,9.32354,0,0.0,1.0
2016-03-09,9.65,9.65,9.65,9.65,9.313889999999999,0,0.0,1.0
2016-03-10,9.66,9.66,9.66,9.66,9.32354,0,0.0,1.0
2016-03-11,9.66,9.66,9.66,9.66,9.32354,0,0.0,1.0
2016-03-14,9.67,9.67,9.67,9.67,9.333195,0,0.0,1.0
2016-03-15,9.64,9.64,9.64,9.64,9.304236999999999,0,0.0,1.0
2016-03-16,9.65,9.65,9.65,9.65,9.313889999999999,0,0.0,1.0
2016-03-17,9.68,9.68,9.68,9.68,9.342844,0,0.0,1.0
2016-03-18,9.73,9.73,9.73,9.73,9.391103999999999,0,0.0,1.0
2016-03-21,9.74,9.74,9.74,9.74,9.400755,0,0.0,1.0
2016-03-22,9.74,9.74,9.74,9.74,9.400755,0,0.0,1.0
2016-03-23,9.74,9.74,9.74,9.74,9.400755,0,0.0,1.0
2016-03-24,9.71,9.71,9.71,9.71,9.3718,0,0.0,1.0
2016-03-28,9.69,9.69,9.69,9.69,9.352497999999999,0,0.0,1.0
2016-03-29,9.7,9.7,9.7,9.7,9.362147,0,0.0,1.0
2016-03-30,9.73,9.73,9.73,9.73,9.391103999999999,0,0.0,1.0
2016-03-31,9.75,9.75,9.75,9.75,9.410408,0,0.0,1.0
2016-04-01,9.75,9.75,9.75,9.75,9.410408,0,0.0,1.0
2016-04-04,9.75,9.75,9.75,9.75,9.410408,0,0.0,1.0
2016-04-05,9.74,9.74,9.74,9.74,9.400755,0,0.0,1.0
2016-04-06,9.77,9.77,9.77,9.77,9.429711,0,0.0,1.0
2016-04-07,9.77,9.77,9.77,9.77,9.429711,0,0.0,1.0
2016-04-08,9.79,9.79,9.79,9.79,9.449015,0,0.0,1.0
2016-04-11,9.81,9.81,9.81,9.81,9.468318,0,0.0,1.0
2016-04-12,9.83,9.83,9.83,9.83,9.48762,0,0.0,1.0
2016-04-13,9.81,9.81,9.81,9.81,9.468318,0,0.0,1.0
2016-04-14,9.83,9.83,9.83,9.83,9.48762,0,0.0,1.0
2016-04-15,9.84,9.84,9.84,9.84,9.497272,0,0.0,1.0
2016-04-18,9.84,9.84,9.84,9.84,9.497272,0,0.0,1.0
2016-04-19,9.87,9.87,9.87,9.87,9.526228,0,0.0,1.0
2016-04-20,9.89,9.89,9.89,9.89,9.545532000000001,0,0.0,1.0
2016-04-21,9.9,9.9,9.9,9.9,9.555183,0,0.0,1.0
2016-04-22,9.89,9.89,9.89,9.89,9.545532000000001,0,0.0,1.0
2016-04-25,9.9,9.9,9.9,9.9,9.555183,0,0.0,1.0
2016-04-26,9.91,9.91,9.91,9.91,9.564834,0,0.0,1.0
2016-04-27,9.93,9.93,9.93,9.93,9.584137,0,0.0,1.0
2016-04-28,9.95,9.95,9.95,9.95,9.603439,0,0.0,1.0
2016-04-29,9.94,9.94,9.94,9.94,9.593789,0,0.0,1.0
2016-05-02,9.94,9.94,9.94,9.94,9.593789,0,0.0,1.0
2016-05-03,9.93,9.93,9.93,9.93,9.584137,0,0.0,1.0
2016-05-04,9.92,9.92,9.92,9.92,9.574486,0,0.0,1.0
2016-05-05,9.92,9.92,9.92,9.92,9.574486,0,0.0,1.0
2016-05-06,9.92,9.92,9.92,9.92,9.574486,0,0.0,1.0
2016-05-09,9.92,9.92,9.92,9.92,9.574486,0,0.0,1.0
2016-05-10,9.93,9.93,9.93,9.93,9.584137,0,0.0,1.0
2016-05-11,9.89,9.89,9.89,9.89,9.545532000000001,0,0.0,1.0
2016-05-12,9.89,9.89,9.89,9.89,9.545532000000001,0,0.0,1.0
2016-05-13,9.9,9.9,9.9,9.9,9.555183,0,0.0,1.0
2016-05-16,9.91,9.91,9.91,9.91,9.564834,0,0.0,1.0
2016-05-17,9.92,9.92,9.92,9.92,9.574486,0,0.0,1.0
2016-05-18,9.91,9.91,9.91,9.91,9.564834,0,0.0,1.0
2016-05-20,9.91,9.91,9.91,9.91,9.564834,0,0.0,1.0
2016-05-23,9.92,9.92,9.92,9.92,9.574486,0,0.0,1.0
2016-05-24,9.93,9.93,9.93,9.93,9.584137,0,0.0,1.0
2016-05-25,9.94,9.94,9.94,9.94,9.593789,0,0.0,1.0
2016-05-26,9.95,9.95,9.95,9.95,9.603439,0,0.0,1.0
2016-05-27,9.95,9.95,9.95,9.95,9.603439,0,0.0,1.0
2016-05-31,9.96,9.96,9.96,9.96,9.613094,0,0.0,1.0
2016-06-01,9.96,9.96,9.96,9.96,9.613094,0,0.0,1.0
2016-06-02,9.96,9.96,9.96,9.96,9.613094,0,0.0,1.0
2016-06-03,9.97,9.97,9.97,9.97,9.622745,0,0.0,1.0
2016-06-06,9.99,9.99,9.99,9.99,9.642047,0,0.0,1.0
2016-06-07,10.02,10.02,10.02,10.02,9.671004,0,0.0,1.0
2016-06-08,10.04,10.04,10.04,10.04,9.690306,0,0.0,1.0
2016-06-09,10.04,10.04,10.04,10.04,9.690306,0,0.0,1.0
2016-06-10,10.02,10.02,10.02,10.02,9.671004,0,0.0,1.0
2016-06-13,9.96,9.96,9.96,9.96,9.613094,0,0.0,1.0
2016-06-14,9.93,9.93,9.93,9.93,9.584137,0,0.0,1.0
2016-06-15,9.93,9.93,9.93,9.93,9.584137,0,0.0,1.0
2016-06-16,9.91,9.91,9.91,9.91,9.564834,0,0.0,1.0
2016-06-17,9.93,9.93,9.93,9.93,9.584137,0,0.0,1.0
2016-06-20,9.96,9.96,9.96,9.96,9.613094,0,0.0,1.0
2016-06-21,9.96,9.96,9.96,9.96,9.613094,0,0.0,1.0
2016-06-22,9.97,9.97,9.97,9.97,9.622745,0,0.0,1.0
2016-06-23,9.99,9.99,9.99,9.99,9.642047,0,0.0,1.0
2016-06-24,9.92,9.92,9.92,9.92,9.574486,0,0.0,1.0
2016-06-27,9.88,9.88,9.88,9.88,9.53588,0,0.0,1.0
2016-06-28,9.91,9.91,9.91,9.91,9.564834,0,0.0,1.0
2016-06-29,9.95,9.95,9.95,9.95,9.603439,0,0.0,1.0
2016-06-30,9.97,9.97,9.97,9.97,9.622745,0,0.0,1.0
2016-07-01,10.0,10.0,10.0,10.0,9.6517,0,0.0,1.0
2016-07-05,10.0,10.0,10.0,10.0,9.6517,0,0.0,1.0
2016-07-06,10.0,10.0,10.0,10.0,9.6517,0,0.0,1.0
2016-07-07,10.02,10.02,10.02,10.02,9.671004,0,0.0,1.0
2016-07-08,10.06,10.06,10.06,10.06,9.709610000000001,0,0.0,1.0
2016-07-11,10.09,10.09,10.09,10.09,9.738564,0,0.0,1.0
2016-07-12,10.12,10.12,10.12,10.12,9.767521,0,0.0,1.0
2016-07-13,10.05,10.05,10.05,10.05,9.699958,0,0.0,1.0
2016-07-14,10.07,10.07,10.07,10.07,9.719259,0,0.0,1.0
2016-07-15,10.07,10.07,10.07,10.07,9.719259,0,0.0,1.0
2016-07-18,10.07,10.07,10.07,10.07,9.719259,0,0.0,1.0
2016-07-19,10.07,10.07,10.07,10.07,9.719259,0,0.0,1.0
2016-07-20,10.08,10.08,10.08,10.08,9.728914,0,0.0,1.0
2016-07-21,10.08,10.08,10.08,10.08,9.728914,0,0.0,1.0
2016-07-22,10.08,10.08,10.08,10.08,9.728914,0,0.0,1.0
2016-07-25,10.08,10.08,10.08,10.08,9.728914,0,0.0,1.0
2016-07-26,10.07,10.07,10.07,10.07,9.719259,0,0.0,1.0
2016-07-27,10.07,10.07,10.07,10.07,9.719259,0,0.0,1.0
2016-07-28,10.07,10.07,10.07,10.07,9.719259,0,0.0,1.0
2016-07-29,10.07,10.07,10.07,10.07,9.719259,0,0.0,1.0
2016-08-01,10.06,10.06,10.06,10.06,9.709610000000001,0,0.0,1.0
2016-08-02,10.05,10.05,10.05,10.05,9.699958,0,0.0,1.0
2016-08-03,10.06,10.06,10.06,10.06,9.709610000000001,0,0.0,1.0
2016-08-04,10.08,10.08,10.08,10.08,9.728914,0,0.0,1.0
2016-08-05,10.09,10.09,10.09,10.09,9.738564,0,0.0,1.0
2016-08-08,10.11,10.11,10.11,10.11,9.757866,0,0.0,1.0
2016-08-09,10.12,10.12,10.12,10.12,9.767521,0,0.0,1.0
2016-08-10,10.12,10.12,10.12,10.12,9.767521,0,0.0,1.0
2016-08-11,10.07,10.07,10.07,10.07,9.719259,0,0.0,1.0
2016-08-12,10.08,10.08,10.08,10.08,9.728914,0,0.0,1.0
2016-08-15,10.09,10.09,10.09,10.09,9.738564,0,0.0,1.0
2016-08-16,10.09,10.09,10.09,10.09,9.738564,0,0.0,1.0
2016-08-17,10.09,10.09,10.09,10.09,9.738564,0,0.0,1.0
2016-08-18,10.1,10.1,10.1,10.1,9.748217,0,0.0,1.0
2016-08-19,10.1,10.1,10.1,10.1,9.748217,0,0.0,1.0
2016-08-22,10.1,10.1,10.1,10.1,9.748217,0,0.0,1.0
2016-08-23,10.1,10.1,10.1,10.1,9.748217,0,0.0,1.0
2016-08-24,10.1,10.1,10.1,10.1,9.748217,0,0.0,1.0
2016-08-25,10.1,10.1,10.1,10.1,9.748217,0,0.0,1.0
2016-08-26,10.11,10.11,10.11,10.11,9.757866,0,0.0,1.0
2016-08-29,10.11,10.11,10.11,10.11,9.757866,0,0.0,1.0
2016-08-30,10.11,10.11,10.11,10.11,9.757866,0,0.0,1.0
2016-08-31,10.12,10.12,10.12,10.12,9.767521,0,0.0,1.0
2016-09-01,10.12,10.12,10.12,10.12,9.767521,0,0.0,1.0
2016-09-02,10.14,10.14,10.14,10.14,9.786825,0,0.0,1.0
2016-09-06,10.15,10.15,10.15,10.15,9.796476,0,0.0,1.0
2016-09-07,10.15,10.15,10.15,10.15,9.796476,0,0.0,1.0
2016-09-08,10.15,10.15,10.15,10.15,9.796476,0,0.0,1.0
2016-09-09,10.13,10.13,10.13,10.13,9.777172,0,0.0,1.0
2016-09-12,10.11,10.11,10.11,10.11,9.757866,0,0.0,1.0
2016-09-13,10.04,10.04,10.04,10.04,9.690306,0,0.0,1.0
2016-09-14,10.05,10.05,10.05,10.05,9.699958,0,0.0,1.0
2016-09-15,10.06,10.06,10.06,10.06,9.709610000000001,0,0.0,1.0
2016-09-16,10.06,10.06,10.06,10.06,9.709610000000001,0,0.0,1.0
2016-09-19,10.06,10.06,10.06,10.06,9.709610000000001,0,0.0,1.0
2016-09-20,10.07,10.07,10.07,10.07,9.719259,0,0.0,1.0
2016-09-21,10.08,10.08,10.08,10.08,9.728914,0,0.0,1.0
2016-09-22,10.1,10.1,10.1,10.1,9.748217,0,0.0,1.0
2016-09-23,10.11,10.11,10.11,10.11,9.757866,0,0.0,1.0
2016-09-26,10.1,10.1,10.1,10.1,9.748217,0,0.0,1.0
2016-09-27,10.1,10.1,10.1,10.1,9.748217,0,0.0,1.0
2016-09-28,10.11,10.11,10.11,10.11,9.757866,0,0.0,1.0
2016-09-29,10.12,10.12,10.12,10.12,9.767521,0,0.0,1.0
2016-09-30,10.13,10.13,10.13,10.13,9.777172,0,0.0,1.0
2016-10-03,10.13,10.13,10.13,10.13,9.777172,0,0.0,1.0
2016-10-04,10.14,10.14,10.14,10.14,9.786825,0,0.0,1.0
2016-10-05,10.16,10.16,10.16,10.16,9.806125999999999,0,0.0,1.0
2016-10-06,10.16,10.16,10.16,10.16,9.806125999999999,0,0.0,1.0
2016-10-07,10.17,10.17,10.17,10.17,9.815779,0,0.0,1.0
2016-10-10,10.17,10.17,10.17,10.17,9.815779,0,0.0,1.0
2016-10-11,10.17,10.17,10.17,10.17,9.815779,0,0.0,1.0
2016-10-12,10.12,10.12,10.12,10.12,9.767521,0,0.0,1.0
2016-10-13,10.11,10.11,10.11,10.11,9.757866,0,0.0,1.0
2016-10-14,10.13,10.13,10.13,10.13,9.777172,0,0.0,1.0
2016-10-17,10.13,10.13,10.13,10.13,9.777172,0,0.0,1.0
2016-10-18,10.14,10.14,10.14,10.14,9.786825,0,0.0,1.0
2016-10-19,10.14,10.14,10.14,10.14,9.786825,0,0.0,1.0
2016-10-20,10.15,10.15,10.15,10.15,9.796476,0,0.0,1.0
2016-10-21,10.16,10.16,10.16,10.16,9.806125999999999,0,0.0,1.0
2016-10-24,10.16,10.16,10.16,10.16,9.806125999999999,0,0.0,1.0
2016-10-25,10.16,10.16,10.16,10.16,9.806125999999999,0,0.0,1.0
2016-10-26,10.14,10.14,10.14,10.14,9.786825,0,0.0,1.0
2016-10-27,10.13,10.13,10.13,10.13,9.777172,0,0.0,1.0
2016-10-28,10.12,10.12,10.12,10.12,9.767521,0,0.0,1.0
2016-10-31,10.1,10.1,10.1,10.1,9.748217,0,0.0,1.0
2016-11-01,10.09,10.09,10.09,10.09,9.738564,0,0.0,1.0
2016-11-02,10.08,10.08,10.08,10.08,9.728914,0,0.0,1.0
2016-11-03,10.07,10.07,10.07,10.07,9.719259,0,0.0,1.0
2016-11-04,10.07,10.07,10.07,10.07,9.719259,0,0.0,1.0
2016-11-07,10.1,10.1,10.1,10.1,9.748217,0,0.0,1.0
2016-11-08,10.09,10.09,10.09,10.09,9.738564,0,0.0,1.0
2016-11-09,10.06,10.06,10.06,10.06,9.709610000000001,0,0.0,1.0
2016-11-10,9.99,9.99,9.99,9.99,9.642047,0,0.0,1.0
2016-11-11,10.0,10.0,10.0,10.0,9.6517,0,0.0,1.0
2016-11-14,9.94,9.94,9.94,9.94,9.593789,0,0.0,1.0
2016-11-15,9.98,9.98,9.98,9.98,9.632394999999999,0,0.0,1.0
2016-11-16,9.99,9.99,9.99,9.99,9.642047,0,0.0,1.0
2016-11-17,10.0,10.0,10.0,10.0,9.6517,0,0.0,1.0
2016-11-18,9.99,9.99,9.99,9.99,9.642047,0,0.0,1.0
2016-11-21,10.02,10.02,10.02,10.02,9.671004,0,0.0,1.0
2016-11-22,10.02,10.02,10.02,10.02,9.671004,0,0.0,1.0
2016-11-23,10.02,10.02,10.02,10.02,9.671004,0,0.0,1.0
2016-11-25,10.03,10.03,10.03,10.03,9.680655,0,0.0,1.0
2016-11-28,10.03,10.03,10.03,10.03,9.680655,0,0.0,1.0
2016-11-29,10.02,10.02,10.02,10.02,9.671004,0,0.0,1.0
2016-11-30,10.03,10.03,10.03,10.03,9.680655,0,0.0,1.0
2016-12-01,10.02,10.02,10.02,10.02,9.671004,0,0.0,1.0
2016-12-02,10.04,10.04,10.04,10.04,9.690306,0,0.0,1.0
2016-12-05,10.05,10.05,10.05,10.05,9.699958,0,0.0,1.0
2016-12-06,10.07,10.07,10.07,10.07,9.719259,0,0.0,1.0
2016-12-07,10.09,10.09,10.09,10.09,9.738564,0,0.0,1.0
2016-12-08,10.09,10.09,10.09,10.09,9.738564,0,0.0,1.0
2016-12-09,10.11,10.11,10.11,10.11,9.757866,0,0.0,1.0
2016-12-12,10.1,10.1,10.1,10.1,9.748217,0,0.0,1.0
2016-12-13,10.06,10.06,10.06,10.06,9.709610000000001,0,0.0,1.0
2016-12-14,10.06,10.06,10.06,10.06,9.709610000000001,0,0.0,1.0
2016-12-15,10.04,10.04,10.04,10.04,9.690306,0,0.0,1.0
2016-12-16,10.03,10.03,10.03,10.03,9.680655,0,0.0,1.0
2016-12-19,10.04,10.04,10.04,10.04,9.690306,0,0.0,1.0
2016-12-20,10.05,10.05,10.05,10.05,9.699958,0,0.0,1.0
2016-12-21,10.06,10.06,10.06,10.06,9.709610000000001,0,0.0,1.0
2016-12-22,10.06,10.06,10.06,10.06,9.709610000000001,0,0.0,1.0
2016-12-23,10.07,10.07,10.07,10.07,9.719259,0,0.0,1.0
2016-12-27,10.08,10.08,10.08,10.08,9.728914,0,0.0,1.0
2016-12-28,10.08,10.08,10.08,10.08,9.728914,0,0.0,1.0
2016-12-29,10.08,10.08,10.08,10.08,9.728914,0,0.0,1.0
2016-12-30,10.08,10.08,10.08,10.08,9.728914,0,0.0,1.0
2017-01-03,10.1,10.1,10.1,10.1,9.748217,0,0.0,1.0
2017-01-04,10.12,10.12,10.12,10.12,9.767521,0,0.0,1.0
2017-01-05,10.14,10.14,10.14,10.14,9.786825,0,0.0,1.0
2017-01-06,10.14,10.14,10.14,10.14,9.786825,0,0.0,1.0
2017-01-09,10.15,10.15,10.15,10.15,9.796476,0,0.0,1.0
2017-01-10,10.15,10.15,10.15,10.15,9.796476,0,0.0,1.0
2017-01-11,10.1,10.1,10.1,10.1,9.748217,0,0.0,1.0
2017-01-12,10.1,10.1,10.1,10.1,9.748217,0,0.0,1.0
2017-01-13,10.11,10.11,10.11,10.11,9.757866,0,0.0,1.0
2017-01-17,10.11,10.11,10.11,10.11,9.757866,0,0.0,1.0
2017-01-18,10.11,10.11,10.11,10.11,9.757866,0,0.0,1.0
2017-01-19,10.11,10.11,10.11,10.11,9.757866,0,0.0,1.0
2017-01-20,10.11,10.11,10.11,10.11,9.757866,0,0.0,1.0
2017-01-23,10.11,10.11,10.11,10.11,9.757866,0,0.0,1.0
2017-01-24,10.11,10.11,10.11,10.11,9.757866,0,0.0,1.0
2017-01-25,10.12,10.12,10.12,10.12,9.767521,0,0.0,1.0
2017-01-26,10.13,10.13,10.13,10.13,9.777172,0,0.0,1.0
2017-01-27,10.13,10.13,10.13,10.13,9.777172,0,0.0,1.0
2017-01-30,10.13,10.13,10.13,10.13,9.777172,0,0.0,1.0
2017-01-31,10.13,10.13,10.13,10.13,9.777172,0,0.0,1.0
2017-02-01,10.13,10.13,10.13,10.13,9.777172,0,0.0,1.0
2017-02-02,10.15,10.15,10.15,10.15,9.796476,0,0.0,1.0
2017-02-03,10.15,10.15,10.15,10.15,9.796476,0,0.0,1.0
2017-02-06,10.16,10.16,10.16,10.16,9.806125999999999,0,0.0,1.0
2017-02-07,10.16,10.16,10.16,10.16,9.806125999999999,0,0.0,1.0
2017-02-08,10.16,10.16,10.16,10.16,9.806125999999999,0,0.0,1.0
2017-02-09,10.16,10.16,10.16,10.16,9.806125999999999,0,0.0,1.0
2017-02-10,10.17,10.17,10.17,10.17,9.815779,0,0.0,1.0
2017-02-13,10.13,10.13,10.13,10.13,9.777172,0,0.0,1.0
2017-02-14,10.13,10.13,10.13,10.13,9.777172,0,0.0,1.0
2017-02-15,10.13,10.13,10.13,10.13,9.777172,0,0.0,1.0
2017-02-16,10.13,10.13,10.13,10.13,9.777172,0,0.0,1.0
2017-02-17,10.14,10.14,10.14,10.14,9.786825,0,0.0,1.0
2017-02-21,10.15,10.15,10.15,10.15,9.796476,0,0.0,1.0
2017-02-22,10.15,10.15,10.15,10.15,9.796476,0,0.0,1.0
2017-02-23,10.15,10.15,10.15,10.15,9.796476,0,0.0,1.0
2017-02-24,10.16,10.16,10.16,10.16,9.806125999999999,0,0.0,1.0
2017-02-27,10.16,10.16,10.16,10.16,9.806125999999999,0,0.0,1.0
2017-02-28,10.17,10.17,10.17,10.17,9.815779,0,0.0,1.0
2017-03-01,10.17,10.17,10.17,10.17,9.815779,0,0.0,1.0
2017-03-02,10.17,10.17,10.17,10.17,9.815779,0,0.0,1.0
2017-03-03,10.17,10.17,10.17,10.17,9.815779,0,0.0,1.0
2017-03-06,10.17,10.17,10.17,10.17,9.815779,0,0.0,1.0
2017-03-07,10.15,10.15,10.15,10.15,9.796476,0,0.0,1.0
2017-03-08,10.13,10.13,10.13,10.13,9.777172,0,0.0,1.0
2017-03-09,10.11,10.11,10.11,10.11,9.757866,0,0.0,1.0
2017-03-10,10.11,10.11,10.11,10.11,9.757866,0,0.0,1.0
2017-03-13,10.07,10.07,10.07,10.07,9.719259,0,0.0,1.0
2017-03-14,10.06,10.06,10.06,10.06,9.709610000000001,0,0.0,1.0
2017-03-15,10.07,10.07,10.07,10.07,9.719259,0,0.0,1.0
2017-03-16,10.09,10.09,10.09,10.09,9.738564,0,0.0,1.0
2017-03-17,10.09,10.09,10.09,10.09,9.738564,0,0.0,1.0
2017-03-20,10.09,10.09,10.09,10.09,9.738564,0,0.0,1.0
2017-03-21,10.08,10.08,10.08,10.08,9.728914,0,0.0,1.0
2017-03-22,10.07,10.07,10.07,10.07,9.719259,0,0.0,1.0
2017-03-23,10.08,10.08,10.08,10.08,9.728914,0,0.0,1.0
2017-03-24,10.09,10.09,10.09,10.09,9.738564,0,0.0,1.0
2017-03-27,10.09,10.09,10.09,10.09,9.738564,0,0.0,1.0
2017-03-28,10.1,10.1,10.1,10.1,9.748217,0,0.0,1.0
2017-03-29,10.12,10.12,10.12,10.12,9.767521,0,0.0,1.0
2017-03-30,10.12,10.12,10.12,10.12,9.767521,0,0.0,1.0
2017-03-31,10.12,10.12,10.12,10.12,9.767521,0,0.0,1.0
2017-04-03,10.13,10.13,10.13,10.13,9.777172,0,0.0,1.0
2017-04-04,10.13,10.13,10.13,10.13,9.777172,0,0.0,1.0
2017-04-05,10.14,10.14,10.14,10.14,9.786825,0,0.0,1.0
2017-04-06,10.14,10.14,10.14,10.14,9.786825,0,0.0,1.0
2017-04-07,10.15,10.15,10.15,10.15,9.796476,0,0.0,1.0
2017-04-10,10.15,10.15,10.15,10.15,9.796476,0,0.0,1.0
2017-04-11,10.11,10.11,10.11,10.11,9.757866,0,0.0,1.0
2017-04-12,10.11,10.11,10.11,10.11,9.757866,0,0.0,1.0
2017-04-13,10.12,10.12,10.12,10.12,9.767521,0,0.0,1.0
2017-04-17,10.12,10.12,10.12,10.12,9.767521,0,0.0,1.0
2017-04-18,10.12,10.12,10.12,10.12,9.767521,0,0.0,1.0
2017-04-19,10.12,10.12,10.12,10.12,9.767521,0,0.0,1.0
2017-04-20,10.12,10.12,10.12,10.12,9.767521,0,0.0,1.0
2017-04-21,10.13,10.13,10.13,10.13,9.777172,0,0.0,1.0
2017-04-24,10.14,10.14,10.14,10.14,9.786825,0,0.0,1.0
2017-04-25,10.14,10.14,10.14,10.14,9.786825,0,0.0,1.0
2017-04-26,10.15,10.15,10.15,10.15,9.796476,0,0.0,1.0
2017-04-27,10.15,10.15,10.15,10.15,9.796476,0,0.0,1.0
2017-04-28,10.16,10.16,10.16,10.16,9.806125999999999,0,0.0,1.0
2017-05-01,10.16,10.16,10.16,10.16,9.806125999999999,0,0.0,1.0
2017-05-02,10.16,10.16,10.16,10.16,9.806125999999999,0,0.0,1.0
2017-05-03,10.16,10.16,10.16,10.16,9.806125999999999,0,0.0,1.0
2017-05-04,10.15,10.15,10.15,10.15,9.796476,0,0.0,1.0
2017-05-05,10.15,10.15,10.15,10.15,9.796476,0,0.0,1.0
2017-05-08,10.15,10.15,10.15,10.15,9.796476,0,0.0,1.0
2017-05-09,10.16,10.16,10.16,10.16,9.806125999999999,0,0.0,1.0
2017-05-10,10.16,10.16,10.16,10.16,9.806125999999999,0,0.0,1.0
2017-05-11,10.12,10.12,10.12,10.12,9.767521,0,0.0,1.0
2017-05-12,10.13,10.13,10.13,10.13,9.777172,0,0.0,1.0
2017-05-15,10.13,10.13,10.13,10.13,9.777172,0,0.0,1.0
2017-05-16,10.13,10.13,10.13,10.13,9.777172,0,0.0,1.0
2017-05-17,10.13,10.13,10.13,10.13,9.777172,0,0.0,1.0
2017-05-18,10.13,10.13,10.13,10.13,9.777172,0,0.0,1.0
2017-05-19,10.14,10.14,10.14,10.14,9.786825,0,0.0,1.0
2017-05-22,10.14,10.14,10.14,10.14,9.786825,0,0.0,1.0
2017-05-23,10.15,10.15,10.15,10.15,9.796476,0,0.0,1.0
2017-05-24,10.14,10.14,10.14,10.14,9.786825,0,0.0,1.0
2017-05-25,10.15,10.15,10.15,10.15,9.796476,0,0.0,1.0
2017-05-26,10.15,10.15,10.15,10.15,9.796476,0,0.0,1.0
2017-05-30,10.15,10.15,10.15,10.15,9.796476,0,0.0,1.0
2017-05-31,10.14,10.14,10.14,10.14,9.786825,0,0.0,1.0
2017-06-01,10.16,10.16,10.16,10.16,9.806125999999999,0,0.0,1.0
2017-06-02,10.16,10.16,10.16,10.16,9.806125999999999,0,0.0,1.0
2017-06-05,10.17,10.17,10.17,10.17,9.815779,0,0.0,1.0
2017-06-06,10.18,10.18,10.18,10.18,9.825429,0,0.0,1.0
2017-06-07,10.17,10.17,10.17,10.17,9.815779,0,0.0,1.0
2017-06-08,10.17,10.17,10.17,10.17,9.815779,0,0.0,1.0
2017-06-09,10.18,10.18,10.18,10.18,9.825429,0,0.0,1.0
2017-06-12,10.18,10.18,10.18,10.18,9.825429,0,0.0,1.0
2017-06-13,10.14,10.14,10.14,10.14,9.786825,0,0.0,1.0
2017-06-14,10.14,10.14,10.14,10.14,9.786825,0,0.0,1.0
2017-06-15,10.13,10.13,10.13,10.13,9.777172,0,0.0,1.0
2017-06-16,10.13,10.13,10.13,10.13,9.777172,0,0.0,1.0
2017-06-19,10.14,10.14,10.14,10.14,9.786825,0,0.0,1.0
2017-06-20,10.13,10.13,10.13,10.13,9.777172,0,0.0,1.0
2017-06-21,10.12,10.12,10.12,10.12,9.767521,0,0.0,1.0
2017-06-22,10.12,10.12,10.12,10.12,9.767521,0,0.0,1.0
2017-06-23,10.12,10.12,10.12,10.12,9.767521,0,0.0,1.0
2017-06-26,10.13,10.13,10.13,10.13,9.777172,0,0.0,1.0
2017-06-27,10.13,10.13,10.13,10.13,9.777172,0,0.0,1.0
2017-06-28,10.13,10.13,10.13,10.13,9.777172,0,0.0,1.0
2017-06-29,10.13,10.13,10.13,10.13,9.777172,0,0.0,1.0
2017-06-30,10.13,10.13,10.13,10.13,9.777172,0,0.0,1.0
2017-07-03,10.14,10.14,10.14,10.14,9.786825,0,0.0,1.0
2017-07-05,10.14,10.14,10.14,10.14,9.786825,0,0.0,1.0
2017-07-06,10.13,10.13,10.13,10.13,9.777172,0,0.0,1.0
2017-07-07,10.13,10.13,10.13,10.13,9.777172,0,0.0,1.0
2017-07-10,10.13,10.13,10.13,10.13,9.777172,0,0.0,1.0
2017-07-11,10.14,10.14,10.14,10.14,9.786825,0,0.0,1.0
2017-07-12,10.1,10.1,10.1,10.1,9.748217,0,0.0,1.0
2017-07-13,10.1,10.1,10.1,10.1,9.748217,0,0.0,1.0
2017-07-14,10.11,10.11,10.11,10.11,9.757866,0,0.0,1.0
2017-07-17,10.11,10.11,10.11,10.11,9.757866,0,0.0,1.0
2017-07-18,10.11,10.11,10.11,10.11,9.757866,0,0.0,1.0
2017-07-19,10.12,10.12,10.12,10.12,9.767521,0,0.0,1.0
2017-07-20,10.12,10.12,10.12,10.12,9.767521,0,0.0,1.0
2017-07-21,10.12,10.12,10.12,10.12,9.767521,0,0.0,1.0
2017-07-24,10.12,10.12,10.12,10.12,9.767521,0,0.0,1.0
2017-07-25,10.13,10.13,10.13,10.13,9.777172,0,0.0,1.0
2017-07-26,10.13,10.13,10.13,10.13,9.777172,0,0.0,1.0
2017-07-27,10.13,10.13,10.13,10.13,9.777172,0,0.0,1.0
2017-07-28,10.14,10.14,10.14,10.14,9.786825,0,0.0,1.0
2017-07-31,10.14,10.14,10.14,10.14,9.786825,0,0.0,1.0
2017-08-01,10.14,10.14,10.14,10.14,9.786825,0,0.0,1.0
2017-08-02,10.14,10.14,10.14,10.14,9.786825,0,0.0,1.0
2017-08-03,10.14,10.14,10.14,10.14,9.786825,0,0.0,1.0
2017-08-04,10.15,10.15,10.15,10.15,9.796476,0,0.0,1.0
2017-08-07,10.15,10.15,10.15,10.15,9.796476,0,0.0,1.0
2017-08-08,10.15,10.15,10.15,10.15,9.796476,0,0.0,1.0
2017-08-09,10.14,10.14,10.14,10.14,9.786825,0,0.0,1.0
2017-08-10,10.12,10.12,10.12,10.12,9.767521,0,0.0,1.0
2017-08-11,10.09,10.09,10.09,10.09,9.738564,0,0.0,1.0
2017-08-14,10.1,10.1,10.1,10.1,9.748217,0,0.0,1.0
2017-08-15,10.1,10.1,10.1,10.1,9.748217,0,0.0,1.0
2017-08-16,10.1,10.1,10.1,10.1,9.748217,0,0.0,1.0
2017-08-17,10.1,10.1,10.1,10.1,9.748217,0,0.0,1.0
2017-08-18,10.1,10.1,10.1,10.1,9.748217,0,0.0,1.0
2017-08-21,10.09,10.09,10.09,10.09,9.738564,0,0.0,1.0
2017-08-22,10.1,10.1,10.1,10.1,9.748217,0,0.0,1.0
2017-08-23,10.1,10.1,10.1,10.1,9.748217,0,0.0,1.0
2017-08-24,10.1,10.1,10.1,10.1,9.748217,0,0.0,1.0
2017-08-25,10.11,10.11,10.11,10.11,9.757866,0,0.0,1.0
2017-08-28,10.11,10.11,10.11,10.11,9.757866,0,0.0,1.0
2017-08-29,10.11,10.11,10.11,10.11,9.757866,0,0.0,1.0
2017-08-30,10.12,10.12,10.12,10.12,9.767521,0,0.0,1.0
2017-08-31,10.12,10.12,10.12,10.12,9.767521,0,0.0,1.0
2017-09-01,10.12,10.12,10.12,10.12,9.767521,0,0.0,1.0
2017-09-05,10.12,10.12,10.12,10.12,9.767521,0,0.0,1.0
2017-09-06,10.13,10.13,10.13,10.13,9.777172,0,0.0,1.0
2017-09-07,10.13,10.13,10.13,10.13,9.777172,0,0.0,1.0
2017-09-08,10.13,10.13,10.13,10.13,9.777172,0,0.0,1.0
2017-09-11,10.13,10.13,10.13,10.13,9.777172,0,0.0,1.0
2017-09-12,10.13,10.13,10.13,10.13,9.777172,0,0.0,1.0
2017-09-13,10.13,10.13,10.13,10.13,9.777172,0,0.0,1.0
2017-09-14,10.1,10.1,10.1,10.1,9.748217,0,0.0,1.0
2017-09-15,10.11,10.11,10.11,10.11,9.757866,0,0.0,1.0
2017-09-18,10.11,10.11,10.11,10.11,9.757866,0,0.0,1.0
2017-09-19,10.11,10.11,10.11,10.11,9.757866,0,0.0,1.0
2017-09-20,10.11,10.11,10.11,10.11,9.757866,0,0.0,1.0
2017-09-21,10.11,10.11,10.11,10.11,9.757866,0,0.0,1.0
2017-09-22,10.11,10.11,10.11,10.11,9.757866,0,0.0,1.0
2017-09-25,10.12,10.12,10.12,10.12,9.767521,0,0.0,1.0
2017-09-26,10.12,10.12,10.12,10.12,9.767521,0,0.0,1.0
2017-09-27,10.12,10.12,10.12,10.12,9.767521,0,0.0,1.0
2017-09-28,10.12,10.12,10.12,10.12,9.767521,0,0.0,1.0
2017-09-29,10.12,10.12,10.12,10.12,9.767521,0,0.0,1.0
2017-10-02,10.12,10.12,10.12,10.12,9.767521,0,0.0,1.0
2017-10-03,10.13,10.13,10.13,10.13,9.777172,0,0.0,1.0
2017-10-04,10.13,10.13,10.13,10.13,9.777172,0,0.0,1.0
2017-10-05,10.13,10.13,10.13,10.13,9.777172,0,0.0,1.0
2017-10-06,10.13,10.13,10.13,10.13,9.777172,0,0.0,1.0
2017-10-09,10.13,10.13,10.13,10.13,9.777172,0,0.0,1.0
2017-10-10,10.13,10.13,10.13,10.13,9.777172,0,0.0,1.0
2017-10-11,10.13,10.13,10.13,10.13,9.777172,0,0.0,1.0
2017-10-12,10.1,10.1,10.1,10.1,9.782015,0,0.035,1.0
2017-10-13,10.1,10.1,10.1,10.1,9.782015,0,0.0,1.0
2017-10-16,10.1,10.1,10.1,10.1,9.782015,0,0.0,1.0
2017-10-17,10.1,10.1,10.1,10.1,9.782015,0,0.0,1.0
2017-10-18,10.11,10.11,10.11,10.11,9.791699000000001,0,0.0,1.0
2017-10-19,10.11,10.11,10.11,10.11,9.791699000000001,0,0.0,1.0
2017-10-20,10.11,10.11,10.11,10.11,9.791699000000001,0,0.0,1.0
2017-10-23,10.11,10.11,10.11,10.11,9.791699000000001,0,0.0,1.0
2017-10-24,10.11,10.11,10.11,10.11,9.791699000000001,0,0.0,1.0
2017-10-25,10.11,10.11,10.11,10.11,9.791699000000001,0,0.0,1.0
2017-10-26,10.11,10.11,10.11,10.11,9.791699000000001,0,0.0,1.0
2017-10-27,10.11,10.11,10.11,10.11,9.791699000000001,0,0.0,1.0
2017-10-30,10.11,10.11,10.11,10.11,9.791699000000001,0,0.0,1.0
2017-10-31,10.11,10.11,10.11,10.11,9.791699000000001,0,0.0,1.0
2017-11-01,10.1,10.1,10.1,10.1,9.782015,0,0.0,1.0
2017-11-02,10.11,10.11,10.11,10.11,9.791699000000001,0,0.0,1.0
2017-11-03,10.11,10.11,10.11,10.11,9.791699000000001,0,0.0,1.0
2017-11-06,10.11,10.11,10.11,10.11,9.791699000000001,0,0.0,1.0
2017-11-07,10.1,10.1,10.1,10.1,9.782015,0,0.0,1.0
2017-11-08,10.1,10.1,10.1,10.1,9.782015,0,0.0,1.0
2017-11-09,10.09,10.09,10.09,10.09,9.772329,0,0.0,1.0
2017-11-10,10.08,10.08,10.08,10.08,9.762645,0,0.0,1.0
2017-11-13,10.08,10.08,10.08,10.08,9.762645,0,0.0,1.0
2017-11-14,10.05,10.05,10.05,10.05,9.767503,0,0.035,1.0
2017-11-15,10.04,10.04,10.04,10.04,9.757784,0,0.0,1.0
2017-11-16,10.05,10.05,10.05,10.05,9.767503,0,0.0,1.0
2017-11-17,10.06,10.06,10.06,10.06,9.777223,0,0.0,1.0
2017-11-20,10.06,10.06,10.06,10.06,9.777223,0,0.0,1.0
2017-11-21,10.06,10.06,10.06,10.06,9.777223,0,0.0,1.0
2017-11-22,10.06,10.06,10.06,10.06,9.777223,0,0.0,1.0
2017-11-24,10.07,10.07,10.07,10.07,9.786942,0,0.0,1.0
2017-11-27,10.07,10.07,10.07,10.07,9.786942,0,0.0,1.0
2017-11-28,10.07,10.07,10.07,10.07,9.786942,0,0.0,1.0
2017-11-29,10.07,10.07,10.07,10.07,9.786942,0,0.0,1.0
2017-11-30,10.07,10.07,10.07,10.07,9.786942,0,0.0,1.0
2017-12-01,10.07,10.07,10.07,10.07,9.786942,0,0.0,1.0
2017-12-04,10.08,10.08,10.08,10.08,9.796659,0,0.0,1.0
2017-12-05,10.08,10.08,10.08,10.08,9.796659,0,0.0,1.0
2017-12-06,10.07,10.07,10.07,10.07,9.786942,0,0.0,1.0
2017-12-07,10.07,10.07,10.07,10.07,9.786942,0,0.0,1.0
2017-12-08,10.07,10.07,10.07,10.07,9.786942,0,0.0,1.0
2017-12-11,10.08,10.08,10.08,10.08,9.796659,0,0.0,1.0
2017-12-12,10.08,10.08,10.08,10.08,9.796659,0,0.0,1.0
2017-12-13,10.08,10.08,10.08,10.08,9.796659,0,0.0,1.0
2017-12-14,10.05,10.05,10.05,10.05,9.799585,0,0.033,1.0
2017-12-15,10.05,10.05,10.05,10.05,9.799585,0,0.0,1.0
2017-12-18,10.05,10.05,10.05,10.05,9.799585,0,0.0,1.0
2017-12-19,10.05,10.05,10.05,10.05,9.799585,0,0.0,1.0
2017-12-20,10.05,10.05,10.05,10.05,9.799585,0,0.0,1.0
2017-12-21,10.05,10.05,10.05,10.05,9.799585,0,0.0,1.0
2017-12-22,10.06,10.06,10.06,10.06,9.809337,0,0.0,1.0
2017-12-26,10.04,10.04,10.04,10.04,9.804454,0,0.015,1.0
2017-12-27,10.04,10.04,10.04,10.04,9.804454,0,0.0,1.0
2017-12-28,10.04,10.04,10.04,10.04,9.804454,0,0.0,1.0
2017-12-29,10.05,10.05,10.05,10.05,9.814219,0,0.0,1.0
2018-01-02,10.04,10.04,10.04,10.04,9.804454,0,0.0,1.0
2018-01-03,10.05,10.05,10.05,10.05,9.814219,0,0.0,1.0
2018-01-04,10.05,10.05,10.05,10.05,9.814219,0,0.0,1.0
2018-01-05,10.05,10.05,10.05,10.05,9.814219,0,0.0,1.0
2018-01-08,10.05,10.05,10.05,10.05,9.814219,0,0.0,1.0
2018-01-09,10.05,10.05,10.05,10.05,9.814219,0,0.0,1.0
2018-01-10,10.05,10.05,10.05,10.05,9.814219,0,0.0,1.0
2018-01-11,10.02,10.02,10.02,10.02,9.817160000000001,0,0.033,1.0
2018-01-12,10.03,10.03,10.03,10.03,9.826956,0,0.0,1.0
2018-01-16,10.03,10.03,10.03,10.03,9.826956,0,0.0,1.0
2018-01-17,10.03,10.03,10.03,10.03,9.826956,0,0.0,1.0
2018-01-18,10.03,10.03,10.03,10.03,9.826956,0,0.0,1.0
2018-01-19,10.03,10.03,10.03,10.03,9.826956,0,0.0,1.0
2018-01-22,10.03,10.03,10.03,10.03,9.826956,0,0.0,1.0
2018-01-23,10.03,10.03,10.03,10.03,9.826956,0,0.0,1.0
2018-01-24,10.04,10.04,10.04,10.04,9.836753,0,0.0,1.0
2018-01-25,10.04,10.04,10.04,10.04,9.836753,0,0.0,1.0
2018-01-26,10.04,10.04,10.04,10.04,9.836753,0,0.0,1.0
2018-01-29,10.04,10.04,10.04,10.04,9.836753,0,0.0,1.0
2018-01-30,10.03,10.03,10.03,10.03,9.826956,0,0.0,1.0
2018-01-31,10.03,10.03,10.03,10.03,9.826956,0,0.0,1.0
2018-02-01,10.03,10.03,10.03,10.03,9.826956,0,0.0,1.0
2018-02-02,10.03,10.03,10.03,10.03,9.826956,0,0.0,1.0
2018-02-05,10.02,10.02,10.02,10.02,9.817160000000001,0,0.0,1.0
2018-02-06,10.02,10.02,10.02,10.02,9.817160000000001,0,0.0,1.0
2018-02-07,10.02,10.02,10.02,10.02,9.817160000000001,0,0.0,1.0
2018-02-08,10.01,10.01,10.01,10.01,9.807361,0,0.0,1.0
2018-02-09,10.01,10.01,10.01,10.01,9.807361,0,0.0,1.0
2018-02-12,10.01,10.01,10.01,10.01,9.807361,0,0.0,1.0
2018-02-13,10.01,10.01,10.01,10.01,9.807361,0,0.0,1.0
2018-02-14,9.98,9.98,9.98,9.98,9.810308000000001,0,0.033,1.0
2018-02-15,9.98,9.98,9.98,9.98,9.810308000000001,0,0.0,1.0
2018-02-16,9.99,9.99,9.99,9.99,9.820139,0,0.0,1.0
2018-02-20,9.99,9.99,9.99,9.99,9.820139,0,0.0,1.0
2018-02-21,9.99,9.99,9.99,9.99,9.820139,0,0.0,1.0
2018-02-22,9.99,9.99,9.99,9.99,9.820139,0,0.0,1.0
2018-02-23,10.0,10.0,10.0,10.0,9.829969,0,0.0,1.0
2018-02-26,10.0,10.0,10.0,10.0,9.829969,0,0.0,1.0
2018-02-27,10.0,10.0,10.0,10.0,9.829969,0,0.0,1.0
2018-02-28,10.0,10.0,10.0,10.0,9.829969,0,0.0,1.0
2018-03-01,10.0,10.0,10.0,10.0,9.829969,0,0.0,1.0
2018-03-02,10.0,10.0,10.0,10.0,9.829969,0,0.0,1.0
2018-03-05,10.0,10.0,10.0,10.0,9.829969,0,0.0,1.0
2018-03-06,10.0,10.0,10.0,10.0,9.829969,0,0.0,1.0
2018-03-07,10.0,10.0,10.0,10.0,9.829969,0,0.0,1.0
2018-03-08,10.0,10.0,10.0,10.0,9.829969,0,0.0,1.0
2018-03-09,10.0,10.0,10.0,10.0,9.829969,0,0.0,1.0
2018-03-12,10.0,10.0,10.0,10.0,9.829969,0,0.0,1.0
2018-03-13,10.0,10.0,10.0,10.0,9.829969,0,0.0,1.0
2018-03-14,9.97,9.97,9.97,9.97,9.82997,0,0.03,1.0
2018-03-15,9.97,9.97,9.97,9.97,9.82997,0,0.0,1.0
2018-03-16,9.98,9.98,9.98,9.98,9.839828,0,0.0,1.0
2018-03-19,9.97,9.97,9.97,9.97,9.82997,0,0.0,1.0
2018-03-20,9.97,9.97,9.97,9.97,9.82997,0,0.0,1.0
2018-03-21,9.98,9.98,9.98,9.98,9.839828,0,0.0,1.0
2018-03-22,9.97,9.97,9.97,9.97,9.82997,0,0.0,1.0
2018-03-23,9.97,9.97,9.97,9.97,9.82997,0,0.0,1.0
2018-03-26,9.97,9.97,9.97,9.97,9.82997,0,0.0,1.0
2018-03-27,9.98,9.98,9.98,9.98,9.839828,0,0.0,1.0
2018-03-28,9.98,9.98,9.98,9.98,9.839828,0,0.0,1.0
2018-03-29,9.98,9.98,9.98,9.98,9.839828,0,0.0,1.0
2018-04-02,9.98,9.98,9.98,9.98,9.839828,0,0.0,1.0
2018-04-03,9.98,9.98,9.98,9.98,9.839828,0,0.0,1.0
2018-04-04,9.98,9.98,9.98,9.98,9.839828,0,0.0,1.0
2018-04-05,9.99,9.99,9.99,9.99,9.849689,0,0.0,1.0
2018-04-06,9.99,9.99,9.99,9.99,9.849689,0,0.0,1.0
2018-04-09,9.99,9.99,9.99,9.99,9.849689,0,0.0,1.0
2018-04-10,9.99,9.99,9.99,9.99,9.849689,0,0.0,1.0
2018-04-11,10.0,10.0,10.0,10.0,9.859549000000001,0,0.0,1.0
2018-04-12,9.97,9.97,9.97,9.97,9.85955,0,0.03,1.0
2018-04-13,9.97,9.97,9.97,9.97,9.85955,0,0.0,1.0
2018-04-16,9.97,9.97,9.97,9.97,9.85955,0,0.0,1.0
2018-04-17,9.98,9.98,9.98,9.98,9.869437,0,0.0,1.0
2018-04-18,9.97,9.97,9.97,9.97,9.85955,0,0.0,1.0
2018-04-19,9.97,9.97,9.97,9.97,9.85955,0,0.0,1.0
2018-04-20,9.97,9.97,9.97,9.97,9.85955,0,0.0,1.0
2018-04-23,9.97,9.97,9.97,9.97,9.85955,0,0.0,1.0
2018-04-24,9.97,9.97,9.97,9.97,9.85955,0,0.0,1.0
2018-04-25,9.96,9.96,9.96,9.96,9.849658999999999,0,0.0,1.0
2018-04-26,9.97,9.97,9.97,9.97,9.85955,0,0.0,1.0
2018-04-27,9.97,9.97,9.97,9.97,9.85955,0,0.0,1.0
2018-04-30,9.98,9.98,9.98,9.98,9.869437,0,0.0,1.0
2018-05-01,9.98,9.98,9.98,9.98,9.869437,0,0.0,1.0
2018-05-02,9.98,9.98,9.98,9.98,9.869437,0,0.0,1.0
2018-05-03,9.98,9.98,9.98,9.98,9.869437,0,0.0,1.0
2018-05-04,9.98,9.98,9.98,9.98,9.869437,0,0.0,1.0
2018-05-07,9.98,9.98,9.98,9.98,9.869437,0,0.0,1.0
2018-05-08,9.98,9.98,9.98,9.98,9.869437,0,0.0,1.0
2018-05-09,9.98,9.98,9.98,9.98,9.869437,0,0.0,1.0
2018-05-10,9.99,9.99,9.99,9.99,9.879327,0,0.0,1.0
2018-05-11,9.99,9.99,9.99,9.99,9.879327,0,0.0,1.0
2018-05-14,9.96,9.96,9.96,9.96,9.879327,0,0.03,1.0
2018-05-15,9.95,9.95,9.95,9.95,9.869409,0,0.0,1.0
2018-05-16,9.96,9.96,9.96,9.96,9.879327,0,0.0,1.0
2018-05-17,9.96,9.96,9.96,9.96,9.879327,0,0.0,1.0
2018-05-18,9.97,9.97,9.97,9.97,9.889246,0,0.0,1.0
2018-05-21,9.97,9.97,9.97,9.97,9.889246,0,0.0,1.0
2018-05-22,9.96,9.96,9.96,9.96,9.879327,0,0.0,1.0
2018-05-23,9.97,9.97,9.97,9.97,9.889246,0,0.0,1.0
2018-05-24,9.97,9.97,9.97,9.97,9.889246,0,0.0,1.0
2018-05-25,9.97,9.97,9.97,9.97,9.889246,0,0.0,1.0
2018-05-29,9.97,9.97,9.97,9.97,9.889246,0,0.0,1.0
2018-05-30,9.97,9.97,9.97,9.97,9.889246,0,0.0,1.0
2018-05-31,9.97,9.97,9.97,9.97,9.889246,0,0.0,1.0
2018-06-01,9.97,9.97,9.97,9.97,9.889246,0,0.0,1.0
2018-06-04,9.98,9.98,9.98,9.98,9.899165,0,0.0,1.0
2018-06-05,9.98,9.98,9.98,9.98,9.899165,0,0.0,1.0
2018-06-06,9.98,9.98,9.98,9.98,9.899165,0,0.0,1.0
2018-06-07,9.98,9.98,9.98,9.98,9.899165,0,0.0,1.0
2018-06-08,9.98,9.98,9.98,9.98,9.899165,0,0.0,1.0
2018-06-11,9.98,9.98,9.98,9.98,9.899165,0,0.0,1.0
2018-06-12,9.98,9.98,9.98,9.98,9.899165,0,0.0,1.0
2018-06-13,9.98,9.98,9.98,9.98,9.899165,0,0.0,1.0
2018-06-14,9.96,9.96,9.96,9.96,9.906127,0,0.027000000000000003,1.0
2018-06-15,9.96,9.96,9.96,9.96,9.906127,0,0.0,1.0
2018-06-18,9.96,9.96,9.96,9.96,9.906127,0,0.0,1.0
2018-06-19,9.96,9.96,9.96,9.96,9.906127,0,0.0,1.0
2018-06-20,9.96,9.96,9.96,9.96,9.906127,0,0.0,1.0
2018-06-21,9.96,9.96,9.96,9.96,9.906127,0,0.0,1.0
2018-06-22,9.96,9.96,9.96,9.96,9.906127,0,0.0,1.0
2018-06-25,9.96,9.96,9.96,9.96,9.906127,0,0.0,1.0
2018-06-26,9.96,9.96,9.96,9.96,9.906127,0,0.0,1.0
2018-06-27,9.96,9.96,9.96,9.96,9.906127,0,0.0,1.0
2018-06-28,9.96,9.96,9.96,9.96,9.906127,0,0.0,1.0
2018-06-29,9.96,9.96,9.96,9.96,9.906127,0,0.0,1.0
2018-07-02,9.96,9.96,9.96,9.96,9.906127,0,0.0,1.0
2018-07-03,9.96,9.96,9.96,9.96,9.906127,0,0.0,1.0
2018-07-05,9.96,9.96,9.96,9.96,9.906127,0,0.0,1.0
2018-07-06,9.97,9.97,9.97,9.97,9.916072999999999,0,0.0,1.0
2018-07-09,9.97,9.97,9.97,9.97,9.916072999999999,0,0.0,1.0
2018-07-10,9.97,9.97,9.97,9.97,9.916072999999999,0,0.0,1.0
2018-07-11,9.97,9.97,9.97,9.97,9.916072999999999,0,0.0,1.0
2018-07-12,9.94,9.94,9.94,9.94,9.913081,0,0.027000000000000003,1.0
2018-07-13,9.95,9.95,9.95,9.95,9.923053999999999,0,0.0,1.0
2018-07-16,9.94,9.94,9.94,9.94,9.913081,0,0.0,1.0
2018-07-17,9.94,9.94,9.94,9.94,9.913081,0,0.0,1.0
2018-07-18,9.95,9.95,9.95,9.95,9.923053999999999,0,0.0,1.0
2018-07-19,9.95,9.95,9.95,9.95,9.923053999999999,0,0.0,1.0
2018-07-20,9.95,9.95,9.95,9.95,9.923053999999999,0,0.0,1.0
2018-07-23,9.95,9.95,9.95,9.95,9.923053999999999,0,0.0,1.0
2018-07-24,9.95,9.95,9.95,9.95,9.923053999999999,0,0.0,1.0
2018-07-25,9.95,9.95,9.95,9.95,9.923053999999999,0,0.0,1.0
2018-07-26,9.95,9.95,9.95,9.95,9.923053999999999,0,0.0,1.0
2018-07-27,9.96,9.96,9.96,9.96,9.933027000000001,0,0.0,1.0
2018-07-30,9.96,9.96,9.96,9.96,9.933027000000001,0,0.0,1.0
2018-07-31,9.96,9.96,9.96,9.96,9.933027000000001,0,0.0,1.0
2018-08-01,9.96,9.96,9.96,9.96,9.933027000000001,0,0.0,1.0
2018-08-02,9.96,9.96,9.96,9.96,9.933027000000001,0,0.0,1.0
2018-08-03,9.97,9.97,9.97,9.97,9.943,0,0.0,1.0
2018-08-06,9.97,9.97,9.97,9.97,9.943,0,0.0,1.0
2018-08-07,9.97,9.97,9.97,9.97,9.943,0,0.0,1.0
2018-08-08,9.97,9.97,9.97,9.97,9.943,0,0.0,1.0
2018-08-09,9.97,9.97,9.97,9.97,9.943,0,0.0,1.0
2018-08-10,9.97,9.97,9.97,9.97,9.943,0,0.0,1.0
2018-08-13,9.97,9.97,9.97,9.97,9.943,0,0.0,1.0
2018-08-14,9.94,9.94,9.94,9.94,9.94,0,0.027000000000000003,1.0
2018-08-15,9.94,9.94,9.94,9.94,9.94,0,0.0,1.0
2018-08-16,9.94,9.94,9.94,9.94,9.94,0,0.0,1.0
2018-08-17,9.95,9.95,9.95,9.95,9.95,0,0.0,1.0
2018-08-20,9.95,9.95,9.95,9.95,9.95,0,0.0,1.0
2018-08-21,9.95,9.95,9.95,9.95,9.95,0,0.0,1.0
2018-08-22,9.95,9.95,9.95,9.95,9.95,0,0.0,1.0
2018-08-23,9.95,9.95,9.95,9.95,9.95,0,0.0,1.0
2018-08-24,9.95,9.95,9.95,9.95,9.95,0,0.0,1.0
2018-08-27,9.95,9.95,9.95,9.95,9.95,0,0.0,1.0
2018-08-28,9.95,9.95,9.95,9.95,9.95,0,0.0,1.0
2018-08-29,9.95,9.95,9.95,9.95,9.95,0,0.0,1.0
2018-08-30,9.95,9.95,9.95,9.95,9.95,0,0.0,1.0
2018-08-31,9.95,9.95,9.95,9.95,9.95,0,0.0,1.0
2018-09-04,9.96,9.96,9.96,9.96,9.96,0,0.0,1.0
2018-09-05,9.96,9.96,9.96,9.96,9.96,0,0.0,1.0
2018-09-06,9.96,9.96,9.96,9.96,9.96,0,0.0,1.0
2018-09-07,9.96,9.96,9.96,9.96,9.96,0,0.0,1.0
2018-09-10,9.96,9.96,9.96,9.96,9.96,0,0.0,1.0
2018-09-11,9.96,9.96,9.96,9.96,9.96,0,0.0,1.0
2018-09-12,9.96,9.96,9.96,9.96,9.96,0,0.0,1.0
2018-09-13,9.93,9.93,9.93,9.93,9.93,0,0.0,1.0
2018-09-14,9.94,9.94,9.94,9.94,9.94,0,0.0,1.0
