date,Open,High,Low,Close,Adj Close,Volume,Dividends,Stock Splits
2013-09-20,19.059998999999998,19.059998999999998,19.059998999999998,19.059998999999998,16.341925,0,0.0,1.0
2013-09-23,19.059998999999998,19.059998999999998,19.059998999999998,19.059998999999998,16.341925,0,0.0,1.0
2013-09-24,19.059998999999998,19.059998999999998,19.059998999999998,19.059998999999998,16.341925,0,0.0,1.0
2013-09-25,19.059998999999998,19.059998999999998,19.059998999999998,19.059998999999998,16.341925,0,0.0,1.0
2013-09-26,19.02,19.02,19.02,19.02,16.307631,0,0.0,1.0
2013-09-27,19.02,19.02,19.02,19.02,16.307631,0,0.0,1.0
2013-09-30,19.02,19.02,19.02,19.02,16.307631,0,0.0,1.0
2013-10-01,18.98,18.98,18.98,18.98,16.273332999999997,0,0.0,1.0
2013-10-02,18.99,18.99,18.99,18.99,16.281906,0,0.0,1.0
2013-10-03,18.99,18.99,18.99,18.99,16.281906,0,0.0,1.0
2013-10-04,19.030001000000002,19.030001000000002,19.030001000000002,19.030001000000002,16.316204,0,0.0,1.0
2013-10-07,19.030001000000002,19.030001000000002,19.030001000000002,19.030001000000002,16.316204,0,0.0,1.0
2013-10-08,19.030001000000002,19.030001000000002,19.030001000000002,19.030001000000002,16.316204,0,0.0,1.0
2013-10-09,19.030001000000002,19.030001000000002,19.030001000000002,19.030001000000002,16.316204,0,0.0,1.0
2013-10-10,19.049999,19.049999,19.049999,19.049999,16.333351,0,0.0,1.0
2013-10-11,19.059998999999998,19.059998999999998,19.059998999999998,19.059998999999998,16.341925,0,0.0,1.0
2013-10-14,19.059998999999998,19.059998999999998,19.059998999999998,19.059998999999998,16.341925,0,0.0,1.0
2013-10-15,19.08,19.08,19.08,19.08,16.359074,0,0.0,1.0
2013-10-16,19.08,19.08,19.08,19.08,16.359074,0,0.0,1.0
2013-10-17,19.110001,19.110001,19.110001,19.110001,16.384795999999998,0,0.0,1.0
2013-10-18,19.15,19.15,19.15,19.15,16.419092000000003,0,0.0,1.0
2013-10-21,19.17,19.17,19.17,19.17,16.436237,0,0.0,1.0
2013-10-22,19.190001000000002,19.190001000000002,19.190001000000002,19.190001000000002,16.453384,0,0.0,1.0
2013-10-23,19.200001,19.200001,19.200001,19.200001,16.461962,0,0.0,1.0
2013-10-24,19.219998999999998,19.219998999999998,19.219998999999998,19.219998999999998,16.479109,0,0.0,1.0
2013-10-25,19.24,19.24,19.24,19.24,16.496256,0,0.0,1.0
2013-10-28,19.25,19.25,19.25,19.25,16.504827,0,0.0,1.0
2013-10-29,19.26,19.26,19.26,19.26,16.513407,0,0.0,1.0
2013-10-30,19.280001000000002,19.280001000000002,19.280001000000002,19.280001000000002,16.53056,0,0.0,1.0
2013-10-31,19.290001,19.290001,19.290001,19.290001,16.539123999999997,0,0.0,1.0
2013-11-01,19.290001,19.290001,19.290001,19.290001,16.539123999999997,0,0.0,1.0
2013-11-04,19.290001,19.290001,19.290001,19.290001,16.539123999999997,0,0.0,1.0
2013-11-05,19.299999,19.299999,19.299999,19.299999,16.547701,0,0.0,1.0
2013-11-06,19.299999,19.299999,19.299999,19.299999,16.547701,0,0.0,1.0
2013-11-07,19.309998999999998,19.309998999999998,19.309998999999998,19.309998999999998,16.556276,0,0.0,1.0
2013-11-08,19.309998999999998,19.309998999999998,19.309998999999998,19.309998999999998,16.556276,0,0.0,1.0
2013-11-11,19.32,19.32,19.32,19.32,16.564848,0,0.0,1.0
2013-11-12,19.32,19.32,19.32,19.32,16.564848,0,0.0,1.0
2013-11-13,19.32,19.32,19.32,19.32,16.564848,0,0.0,1.0
2013-11-14,19.209999,19.209999,19.209999,19.209999,16.470535,0,0.0,1.0
2013-11-15,19.209999,19.209999,19.209999,19.209999,16.470535,0,0.0,1.0
2013-11-18,19.23,19.23,19.23,19.23,16.487682,0,0.0,1.0
2013-11-19,19.23,19.23,19.23,19.23,16.487682,0,0.0,1.0
2013-11-20,19.24,19.24,19.24,19.24,16.496256,0,0.0,1.0
2013-11-21,19.25,19.25,19.25,19.25,16.504827,0,0.0,1.0
2013-11-22,19.27,19.27,19.27,19.27,16.52198,0,0.0,1.0
2013-11-25,19.280001000000002,19.280001000000002,19.280001000000002,19.280001000000002,16.53056,0,0.0,1.0
2013-11-26,19.290001,19.290001,19.290001,19.290001,16.539123999999997,0,0.0,1.0
2013-11-27,19.309998999999998,19.309998999999998,19.309998999999998,19.309998999999998,16.556276,0,0.0,1.0
2013-11-29,19.32,19.32,19.32,19.32,16.564848,0,0.0,1.0
2013-12-02,19.33,19.33,19.33,19.33,16.573418,0,0.0,1.0
2013-12-03,19.33,19.33,19.33,19.33,16.573418,0,0.0,1.0
2013-12-04,19.35,19.35,19.35,19.35,16.590564999999998,0,0.0,1.0
2013-12-05,19.360001,19.360001,19.360001,19.360001,16.599142,0,0.0,1.0
2013-12-06,19.370001000000002,19.370001000000002,19.370001000000002,19.370001000000002,16.607718,0,0.0,1.0
2013-12-09,19.379998999999998,19.379998999999998,19.379998999999998,19.379998999999998,16.616289000000002,0,0.0,1.0
2013-12-10,19.4,19.4,19.4,19.4,16.633434,0,0.0,1.0
2013-12-11,19.42,19.42,19.42,19.42,16.650586999999998,0,0.0,1.0
2013-12-12,19.42,19.42,19.42,19.42,16.650586999999998,0,0.0,1.0
2013-12-13,19.450001,19.450001,19.450001,19.450001,16.676306,0,0.0,1.0
2013-12-16,19.34,19.34,19.34,19.34,16.684076,0,0.11900000000000001,1.0
2013-12-17,19.35,19.35,19.35,19.35,16.692701,0,0.0,1.0
2013-12-18,19.370001000000002,19.370001000000002,19.370001000000002,19.370001000000002,16.709954999999997,0,0.0,1.0
2013-12-19,19.33,19.33,19.33,19.33,16.675442,0,0.0,1.0
2013-12-20,19.35,19.35,19.35,19.35,16.692701,0,0.0,1.0
2013-12-23,19.360001,19.360001,19.360001,19.360001,16.701324,0,0.0,1.0
2013-12-24,19.370001000000002,19.370001000000002,19.370001000000002,19.370001000000002,16.709954999999997,0,0.0,1.0
2013-12-26,19.370001000000002,19.370001000000002,19.370001000000002,19.370001000000002,16.709954999999997,0,0.0,1.0
2013-12-27,19.389999,19.389999,19.389999,19.389999,16.727204999999998,0,0.0,1.0
2013-12-30,19.4,19.4,19.4,19.4,16.735825,0,0.0,1.0
2013-12-31,19.42,19.42,19.42,19.42,16.753086,0,0.0,1.0
2014-01-02,19.43,19.43,19.43,19.43,16.761715,0,0.0,1.0
2014-01-03,19.450001,19.450001,19.450001,19.450001,16.778963,0,0.0,1.0
2014-01-06,19.469998999999998,19.469998999999998,19.469998999999998,19.469998999999998,16.796221,0,0.0,1.0
2014-01-07,19.49,19.49,19.49,19.49,16.813478,0,0.0,1.0
2014-01-08,19.51,19.51,19.51,19.51,16.83073,0,0.0,1.0
2014-01-09,19.51,19.51,19.51,19.51,16.83073,0,0.0,1.0
2014-01-10,19.52,19.52,19.52,19.52,16.839351999999998,0,0.0,1.0
2014-01-13,19.540001,19.540001,19.540001,19.540001,16.856604,0,0.0,1.0
2014-01-14,19.549999,19.549999,19.549999,19.549999,16.865231,0,0.0,1.0
2014-01-15,19.57,19.57,19.57,19.57,16.882483999999998,0,0.0,1.0
2014-01-16,19.459999,19.459999,19.459999,19.459999,16.890295000000002,0,0.11900000000000001,1.0
2014-01-17,19.48,19.48,19.48,19.48,16.90766,0,0.0,1.0
2014-01-21,19.48,19.48,19.48,19.48,16.90766,0,0.0,1.0
2014-01-22,19.48,19.48,19.48,19.48,16.90766,0,0.0,1.0
2014-01-23,19.49,19.49,19.49,19.49,16.916342,0,0.0,1.0
2014-01-24,19.51,19.51,19.51,19.51,16.933701,0,0.0,1.0
2014-01-27,19.49,19.49,19.49,19.49,16.916342,0,0.0,1.0
2014-01-28,19.51,19.51,19.51,19.51,16.933701,0,0.0,1.0
2014-01-29,19.51,19.51,19.51,19.51,16.933701,0,0.0,1.0
2014-01-30,19.530001000000002,19.530001000000002,19.530001000000002,19.530001000000002,16.951054,0,0.0,1.0
2014-01-31,19.540001,19.540001,19.540001,19.540001,16.959732000000002,0,0.0,1.0
2014-02-03,19.530001000000002,19.530001000000002,19.530001000000002,19.530001000000002,16.951054,0,0.0,1.0
2014-02-04,19.540001,19.540001,19.540001,19.540001,16.959732000000002,0,0.0,1.0
2014-02-05,19.549999,19.549999,19.549999,19.549999,16.968410000000002,0,0.0,1.0
2014-02-06,19.57,19.57,19.57,19.57,16.985769,0,0.0,1.0
2014-02-07,19.59,19.59,19.59,19.59,17.003132,0,0.0,1.0
2014-02-10,19.59,19.59,19.59,19.59,17.003132,0,0.0,1.0
2014-02-11,19.59,19.59,19.59,19.59,17.003132,0,0.0,1.0
2014-02-12,19.59,19.59,19.59,19.59,17.003132,0,0.0,1.0
2014-02-13,19.58,19.58,19.58,19.58,16.994453,0,0.0,1.0
2014-02-14,19.48,19.48,19.48,19.48,17.011047,0,0.11900000000000001,1.0
2014-02-18,19.469998999999998,19.469998999999998,19.469998999999998,19.469998999999998,17.002314000000002,0,0.0,1.0
2014-02-19,19.48,19.48,19.48,19.48,17.011047,0,0.0,1.0
2014-02-20,19.5,19.5,19.5,19.5,17.028509,0,0.0,1.0
2014-02-21,19.5,19.5,19.5,19.5,17.028509,0,0.0,1.0
2014-02-24,19.51,19.51,19.51,19.51,17.037241,0,0.0,1.0
2014-02-25,19.51,19.51,19.51,19.51,17.037241,0,0.0,1.0
2014-02-26,19.52,19.52,19.52,19.52,17.045973,0,0.0,1.0
2014-02-27,19.52,19.52,19.52,19.52,17.045973,0,0.0,1.0
2014-02-28,19.540001,19.540001,19.540001,19.540001,17.06344,0,0.0,1.0
2014-03-03,19.530001000000002,19.530001000000002,19.530001000000002,19.530001000000002,17.054707,0,0.0,1.0
2014-03-04,19.540001,19.540001,19.540001,19.540001,17.06344,0,0.0,1.0
2014-03-05,19.540001,19.540001,19.540001,19.540001,17.06344,0,0.0,1.0
2014-03-06,19.559998999999998,19.559998999999998,19.559998999999998,19.559998999999998,17.080904,0,0.0,1.0
2014-03-07,19.58,19.58,19.58,19.58,17.098372,0,0.0,1.0
2014-03-10,19.58,19.58,19.58,19.58,17.098372,0,0.0,1.0
2014-03-11,19.58,19.58,19.58,19.58,17.098372,0,0.0,1.0
2014-03-12,19.58,19.58,19.58,19.58,17.098372,0,0.0,1.0
2014-03-13,19.58,19.58,19.58,19.58,17.098372,0,0.0,1.0
2014-03-14,19.59,19.59,19.59,19.59,17.107103,0,0.0,1.0
2014-03-17,19.17,19.17,19.17,19.17,16.842646,0,0.11900000000000001,1.0
2014-03-18,19.469998999999998,19.469998999999998,19.469998999999998,19.469998999999998,17.106226,0,0.0,1.0
2014-03-19,19.469998999999998,19.469998999999998,19.469998999999998,19.469998999999998,17.106226,0,0.0,1.0
2014-03-20,19.48,19.48,19.48,19.48,17.115013,0,0.0,1.0
2014-03-21,19.49,19.49,19.49,19.49,17.123798,0,0.0,1.0
2014-03-24,19.5,19.5,19.5,19.5,17.132582,0,0.0,1.0
2014-03-25,19.51,19.51,19.51,19.51,17.141369,0,0.0,1.0
2014-03-26,19.51,19.51,19.51,19.51,17.141369,0,0.0,1.0
2014-03-27,19.51,19.51,19.51,19.51,17.141369,0,0.0,1.0
2014-03-28,19.52,19.52,19.52,19.52,17.150154,0,0.0,1.0
2014-03-31,19.52,19.52,19.52,19.52,17.150154,0,0.0,1.0
2014-04-01,19.52,19.52,19.52,19.52,17.150154,0,0.0,1.0
2014-04-02,19.52,19.52,19.52,19.52,17.150154,0,0.0,1.0
2014-04-03,19.52,19.52,19.52,19.52,17.150154,0,0.0,1.0
2014-04-04,19.540001,19.540001,19.540001,19.540001,17.167727,0,0.0,1.0
2014-04-07,19.540001,19.540001,19.540001,19.540001,17.167727,0,0.0,1.0
2014-04-08,19.549999,19.549999,19.549999,19.549999,17.176508,0,0.0,1.0
2014-04-09,19.559998999999998,19.559998999999998,19.559998999999998,19.559998999999998,17.185299,0,0.0,1.0
2014-04-10,19.559998999999998,19.559998999999998,19.559998999999998,19.559998999999998,17.185299,0,0.0,1.0
2014-04-11,19.549999,19.549999,19.549999,19.549999,17.176508,0,0.0,1.0
2014-04-14,19.559998999999998,19.559998999999998,19.559998999999998,19.559998999999998,17.185299,0,0.0,1.0
2014-04-15,19.57,19.57,19.57,19.57,17.194078,0,0.0,1.0
2014-04-16,19.440001000000002,19.440001000000002,19.440001000000002,19.440001000000002,17.184361,0,0.11900000000000001,1.0
2014-04-17,19.459999,19.459999,19.459999,19.459999,17.20204,0,0.0,1.0
2014-04-21,19.459999,19.459999,19.459999,19.459999,17.20204,0,0.0,1.0
2014-04-22,19.450001,19.450001,19.450001,19.450001,17.193205,0,0.0,1.0
2014-04-23,19.440001000000002,19.440001000000002,19.440001000000002,19.440001000000002,17.184361,0,0.0,1.0
2014-04-24,19.450001,19.450001,19.450001,19.450001,17.193205,0,0.0,1.0
2014-04-25,19.459999,19.459999,19.459999,19.459999,17.20204,0,0.0,1.0
2014-04-28,19.459999,19.459999,19.459999,19.459999,17.20204,0,0.0,1.0
2014-04-29,19.469998999999998,19.469998999999998,19.469998999999998,19.469998999999998,17.210878,0,0.0,1.0
2014-04-30,19.48,19.48,19.48,19.48,17.219719,0,0.0,1.0
2014-05-01,19.51,19.51,19.51,19.51,17.246235000000002,0,0.0,1.0
2014-05-02,19.530001000000002,19.530001000000002,19.530001000000002,19.530001000000002,17.263920000000002,0,0.0,1.0
2014-05-05,19.530001000000002,19.530001000000002,19.530001000000002,19.530001000000002,17.263920000000002,0,0.0,1.0
2014-05-06,19.540001,19.540001,19.540001,19.540001,17.272757000000002,0,0.0,1.0
2014-05-07,19.540001,19.540001,19.540001,19.540001,17.272757000000002,0,0.0,1.0
2014-05-08,19.540001,19.540001,19.540001,19.540001,17.272757000000002,0,0.0,1.0
2014-05-09,19.559998999999998,19.559998999999998,19.559998999999998,19.559998999999998,17.290438,0,0.0,1.0
2014-05-12,19.57,19.57,19.57,19.57,17.299278,0,0.0,1.0
2014-05-13,19.58,19.58,19.58,19.58,17.308119,0,0.0,1.0
2014-05-14,19.59,19.59,19.59,19.59,17.316954,0,0.0,1.0
2014-05-15,19.469998999999998,19.469998999999998,19.469998999999998,19.469998999999998,17.316069,0,0.11900000000000001,1.0
2014-05-16,19.48,19.48,19.48,19.48,17.324961,0,0.0,1.0
2014-05-19,19.48,19.48,19.48,19.48,17.324961,0,0.0,1.0
2014-05-20,19.469998999999998,19.469998999999998,19.469998999999998,19.469998999999998,17.316069,0,0.0,1.0
2014-05-21,19.469998999999998,19.469998999999998,19.469998999999998,19.469998999999998,17.316069,0,0.0,1.0
2014-05-22,19.48,19.48,19.48,19.48,17.324961,0,0.0,1.0
2014-05-23,19.49,19.49,19.49,19.49,17.333857000000002,0,0.0,1.0
2014-05-27,19.5,19.5,19.5,19.5,17.342747,0,0.0,1.0
2014-05-28,19.51,19.51,19.51,19.51,17.351641,0,0.0,1.0
2014-05-29,19.51,19.51,19.51,19.51,17.351641,0,0.0,1.0
2014-05-30,19.549999,19.549999,19.549999,19.549999,17.387214999999998,0,0.0,1.0
2014-06-02,19.549999,19.549999,19.549999,19.549999,17.387214999999998,0,0.0,1.0
2014-06-03,19.559998999999998,19.559998999999998,19.559998999999998,19.559998999999998,17.396109,0,0.0,1.0
2014-06-04,19.57,19.57,19.57,19.57,17.405008,0,0.0,1.0
2014-06-05,19.58,19.58,19.58,19.58,17.413898,0,0.0,1.0
2014-06-06,19.59,19.59,19.59,19.59,17.422791,0,0.0,1.0
2014-06-09,19.6,19.6,19.6,19.6,17.431688,0,0.0,1.0
2014-06-10,19.6,19.6,19.6,19.6,17.431688,0,0.0,1.0
2014-06-11,19.6,19.6,19.6,19.6,17.431688,0,0.0,1.0
2014-06-12,19.610001,19.610001,19.610001,19.610001,17.440582,0,0.0,1.0
2014-06-13,19.620001000000002,19.620001000000002,19.620001000000002,19.620001000000002,17.449472,0,0.0,1.0
2014-06-16,19.51,19.51,19.51,19.51,17.457525,0,0.11900000000000001,1.0
2014-06-17,19.51,19.51,19.51,19.51,17.457525,0,0.0,1.0
2014-06-18,19.51,19.51,19.51,19.51,17.457525,0,0.0,1.0
2014-06-19,19.52,19.52,19.52,19.52,17.466471,0,0.0,1.0
2014-06-20,19.530001000000002,19.530001000000002,19.530001000000002,19.530001000000002,17.47542,0,0.0,1.0
2014-06-23,19.540001,19.540001,19.540001,19.540001,17.484369,0,0.0,1.0
2014-06-24,19.540001,19.540001,19.540001,19.540001,17.484369,0,0.0,1.0
2014-06-25,19.549999,19.549999,19.549999,19.549999,17.493315,0,0.0,1.0
2014-06-26,19.559998999999998,19.559998999999998,19.559998999999998,19.559998999999998,17.502261999999998,0,0.0,1.0
2014-06-27,19.57,19.57,19.57,19.57,17.511217000000002,0,0.0,1.0
2014-06-30,19.57,19.57,19.57,19.57,17.511217000000002,0,0.0,1.0
2014-07-01,19.58,19.58,19.58,19.58,17.520164,0,0.0,1.0
2014-07-02,19.58,19.58,19.58,19.58,17.520164,0,0.0,1.0
2014-07-03,19.6,19.6,19.6,19.6,17.538059,0,0.0,1.0
2014-07-07,19.6,19.6,19.6,19.6,17.538059,0,0.0,1.0
2014-07-08,19.610001,19.610001,19.610001,19.610001,17.547009,0,0.0,1.0
2014-07-09,19.610001,19.610001,19.610001,19.610001,17.547009,0,0.0,1.0
2014-07-10,19.6,19.6,19.6,19.6,17.538059,0,0.0,1.0
2014-07-11,19.610001,19.610001,19.610001,19.610001,17.547009,0,0.0,1.0
2014-07-14,19.620001000000002,19.620001000000002,19.620001000000002,19.620001000000002,17.555954,0,0.0,1.0
2014-07-15,19.620001000000002,19.620001000000002,19.620001000000002,19.620001000000002,17.555954,0,0.0,1.0
2014-07-16,19.620001000000002,19.620001000000002,19.620001000000002,19.620001000000002,17.555954,0,0.0,1.0
2014-07-17,19.5,19.5,19.5,19.5,17.555056,0,0.11900000000000001,1.0
2014-07-18,19.5,19.5,19.5,19.5,17.555056,0,0.0,1.0
2014-07-21,19.51,19.51,19.51,19.51,17.564054000000002,0,0.0,1.0
2014-07-22,19.51,19.51,19.51,19.51,17.564054000000002,0,0.0,1.0
2014-07-23,19.51,19.51,19.51,19.51,17.564054000000002,0,0.0,1.0
2014-07-24,19.52,19.52,19.52,19.52,17.573059,0,0.0,1.0
2014-07-25,19.530001000000002,19.530001000000002,19.530001000000002,19.530001000000002,17.582064000000003,0,0.0,1.0
2014-07-28,19.530001000000002,19.530001000000002,19.530001000000002,19.530001000000002,17.582064000000003,0,0.0,1.0
2014-07-29,19.52,19.52,19.52,19.52,17.573059,0,0.0,1.0
2014-07-30,19.52,19.52,19.52,19.52,17.573059,0,0.0,1.0
2014-07-31,19.49,19.49,19.49,19.49,17.546055,0,0.0,1.0
2014-08-01,19.48,19.48,19.48,19.48,17.537048000000002,0,0.0,1.0
2014-08-04,19.469998999999998,19.469998999999998,19.469998999999998,19.469998999999998,17.528044,0,0.0,1.0
2014-08-05,19.469998999999998,19.469998999999998,19.469998999999998,19.469998999999998,17.528044,0,0.0,1.0
2014-08-06,19.459999,19.459999,19.459999,19.459999,17.519045000000002,0,0.0,1.0
2014-08-07,19.440001000000002,19.440001000000002,19.440001000000002,19.440001000000002,17.501041,0,0.0,1.0
2014-08-08,19.450001,19.450001,19.450001,19.450001,17.510044,0,0.0,1.0
2014-08-11,19.450001,19.450001,19.450001,19.450001,17.510044,0,0.0,1.0
2014-08-12,19.450001,19.450001,19.450001,19.450001,17.510044,0,0.0,1.0
2014-08-13,19.450001,19.450001,19.450001,19.450001,17.510044,0,0.0,1.0
2014-08-14,19.459999,19.459999,19.459999,19.459999,17.519045000000002,0,0.0,1.0
2014-08-15,19.34,19.34,19.34,19.34,17.518135,0,0.11900000000000001,1.0
2014-08-18,19.34,19.34,19.34,19.34,17.518135,0,0.0,1.0
2014-08-19,19.34,19.34,19.34,19.34,17.518135,0,0.0,1.0
2014-08-20,19.35,19.35,19.35,19.35,17.527193,0,0.0,1.0
2014-08-21,19.370001000000002,19.370001000000002,19.370001000000002,19.370001000000002,17.545313,0,0.0,1.0
2014-08-22,19.379998999999998,19.379998999999998,19.379998999999998,19.379998999999998,17.554371,0,0.0,1.0
2014-08-25,19.35,19.35,19.35,19.35,17.527193,0,0.0,1.0
2014-08-26,19.35,19.35,19.35,19.35,17.527193,0,0.0,1.0
2014-08-27,19.360001,19.360001,19.360001,19.360001,17.536257,0,0.0,1.0
2014-08-28,19.370001000000002,19.370001000000002,19.370001000000002,19.370001000000002,17.545313,0,0.0,1.0
2014-08-29,19.389999,19.389999,19.389999,19.389999,17.563423,0,0.0,1.0
2014-09-02,19.389999,19.389999,19.389999,19.389999,17.563423,0,0.0,1.0
2014-09-03,19.389999,19.389999,19.389999,19.389999,17.563423,0,0.0,1.0
2014-09-04,19.4,19.4,19.4,19.4,17.572481,0,0.0,1.0
2014-09-05,19.4,19.4,19.4,19.4,17.572481,0,0.0,1.0
2014-09-08,19.4,19.4,19.4,19.4,17.572481,0,0.0,1.0
2014-09-09,19.389999,19.389999,19.389999,19.389999,17.563423,0,0.0,1.0
2014-09-10,19.379998999999998,19.379998999999998,19.379998999999998,19.379998999999998,17.554371,0,0.0,1.0
2014-09-11,19.35,19.35,19.35,19.35,17.527193,0,0.0,1.0
2014-09-12,19.360001,19.360001,19.360001,19.360001,17.536257,0,0.0,1.0
2014-09-15,19.360001,19.360001,19.360001,19.360001,17.536257,0,0.0,1.0
2014-09-16,19.24,19.24,19.24,19.24,17.535343,0,0.11900000000000001,1.0
2014-09-17,19.24,19.24,19.24,19.24,17.535343,0,0.0,1.0
2014-09-18,19.25,19.25,19.25,19.25,17.544455,0,0.0,1.0
2014-09-19,19.25,19.25,19.25,19.25,17.544455,0,0.0,1.0
2014-09-22,19.25,19.25,19.25,19.25,17.544455,0,0.0,1.0
2014-09-23,19.25,19.25,19.25,19.25,17.544455,0,0.0,1.0
2014-09-24,19.25,19.25,19.25,19.25,17.544455,0,0.0,1.0
2014-09-25,19.24,19.24,19.24,19.24,17.535343,0,0.0,1.0
2014-09-26,19.219998999999998,19.219998999999998,19.219998999999998,19.219998999999998,17.517115,0,0.0,1.0
2014-09-29,19.190001000000002,19.190001000000002,19.190001000000002,19.190001000000002,17.489775,0,0.0,1.0
2014-09-30,19.190001000000002,19.190001000000002,19.190001000000002,19.190001000000002,17.489775,0,0.0,1.0
2014-10-01,19.190001000000002,19.190001000000002,19.190001000000002,19.190001000000002,17.489775,0,0.0,1.0
2014-10-02,19.18,19.18,19.18,19.18,17.480652,0,0.0,1.0
2014-10-03,19.190001000000002,19.190001000000002,19.190001000000002,19.190001000000002,17.489775,0,0.0,1.0
2014-10-06,19.200001,19.200001,19.200001,19.200001,17.498886,0,0.0,1.0
2014-10-07,19.209999,19.209999,19.209999,19.209999,17.508001,0,0.0,1.0
2014-10-08,19.200001,19.200001,19.200001,19.200001,17.498886,0,0.0,1.0
2014-10-09,19.200001,19.200001,19.200001,19.200001,17.498886,0,0.0,1.0
2014-10-10,19.190001000000002,19.190001000000002,19.190001000000002,19.190001000000002,17.489775,0,0.0,1.0
2014-10-13,19.190001000000002,19.190001000000002,19.190001000000002,19.190001000000002,17.489775,0,0.0,1.0
2014-10-14,19.16,19.16,19.16,19.16,17.462426999999998,0,0.0,1.0
2014-10-15,19.1,19.1,19.1,19.1,17.407745000000002,0,0.0,1.0
2014-10-16,18.92,18.92,18.92,18.92,17.351801000000002,0,0.11900000000000001,1.0
2014-10-17,18.959999,18.959999,18.959999,18.959999,17.388485,0,0.0,1.0
2014-10-20,18.940001000000002,18.940001000000002,18.940001000000002,18.940001000000002,17.370142,0,0.0,1.0
2014-10-21,18.98,18.98,18.98,18.98,17.406828,0,0.0,1.0
2014-10-22,18.98,18.98,18.98,18.98,17.406828,0,0.0,1.0
2014-10-23,19.0,19.0,19.0,19.0,17.425171,0,0.0,1.0
2014-10-24,19.02,19.02,19.02,19.02,17.443514,0,0.0,1.0
2014-10-27,19.02,19.02,19.02,19.02,17.443514,0,0.0,1.0
2014-10-28,19.030001000000002,19.030001000000002,19.030001000000002,19.030001000000002,17.452684,0,0.0,1.0
2014-10-29,19.040001,19.040001,19.040001,19.040001,17.461857000000002,0,0.0,1.0
2014-10-30,19.040001,19.040001,19.040001,19.040001,17.461857000000002,0,0.0,1.0
2014-10-31,19.08,19.08,19.08,19.08,17.498539,0,0.0,1.0
2014-11-03,19.08,19.08,19.08,19.08,17.498539,0,0.0,1.0
2014-11-04,19.09,19.09,19.09,19.09,17.507710999999997,0,0.0,1.0
2014-11-05,19.08,19.08,19.08,19.08,17.498539,0,0.0,1.0
2014-11-06,19.1,19.1,19.1,19.1,17.516884,0,0.0,1.0
2014-11-07,19.1,19.1,19.1,19.1,17.516884,0,0.0,1.0
2014-11-10,19.110001,19.110001,19.110001,19.110001,17.526051000000002,0,0.0,1.0
2014-11-11,19.120001000000002,19.120001000000002,19.120001000000002,19.120001000000002,17.535229,0,0.0,1.0
2014-11-12,19.129998999999998,19.129998999999998,19.129998999999998,19.129998999999998,17.54439,0,0.0,1.0
2014-11-13,19.139999,19.139999,19.139999,19.139999,17.553564,0,0.0,1.0
2014-11-14,19.01,19.01,19.01,19.01,17.543415,0,0.11900000000000001,1.0
2014-11-17,19.02,19.02,19.02,19.02,17.552645000000002,0,0.0,1.0
2014-11-18,19.01,19.01,19.01,19.01,17.543415,0,0.0,1.0
2014-11-19,19.01,19.01,19.01,19.01,17.543415,0,0.0,1.0
2014-11-20,19.02,19.02,19.02,19.02,17.552645000000002,0,0.0,1.0
2014-11-21,19.030001000000002,19.030001000000002,19.030001000000002,19.030001000000002,17.561874,0,0.0,1.0
2014-11-24,19.030001000000002,19.030001000000002,19.030001000000002,19.030001000000002,17.561874,0,0.0,1.0
2014-11-25,19.030001000000002,19.030001000000002,19.030001000000002,19.030001000000002,17.561874,0,0.0,1.0
2014-11-26,19.030001000000002,19.030001000000002,19.030001000000002,19.030001000000002,17.561874,0,0.0,1.0
2014-11-28,19.040001,19.040001,19.040001,19.040001,17.5711,0,0.0,1.0
2014-12-01,19.02,19.02,19.02,19.02,17.552645000000002,0,0.0,1.0
2014-12-02,19.0,19.0,19.0,19.0,17.534191,0,0.0,1.0
2014-12-03,18.969998999999998,18.969998999999998,18.969998999999998,18.969998999999998,17.506504,0,0.0,1.0
2014-12-04,18.969998999999998,18.969998999999998,18.969998999999998,18.969998999999998,17.506504,0,0.0,1.0
2014-12-05,18.969998999999998,18.969998999999998,18.969998999999998,18.969998999999998,17.506504,0,0.0,1.0
2014-12-08,18.959999,18.959999,18.959999,18.959999,17.497272,0,0.0,1.0
2014-12-09,18.9,18.9,18.9,18.9,17.4419,0,0.0,1.0
2014-12-10,18.870001000000002,18.870001000000002,18.870001000000002,18.870001000000002,17.414220999999998,0,0.0,1.0
2014-12-11,18.85,18.85,18.85,18.85,17.39576,0,0.0,1.0
2014-12-12,18.799999,18.799999,18.799999,18.799999,17.349613,0,0.0,1.0
2014-12-15,18.77,18.77,18.77,18.77,17.321932,0,0.0,1.0
2014-12-16,18.530001000000002,18.530001000000002,18.530001000000002,18.530001000000002,17.209553,0,0.11900000000000001,1.0
2014-12-17,18.51,18.51,18.51,18.51,17.190975,0,0.0,1.0
2014-12-18,18.57,18.57,18.57,18.57,17.246704,0,0.0,1.0
2014-12-19,18.610001,18.610001,18.610001,18.610001,17.283854,0,0.0,1.0
2014-12-22,18.629998999999998,18.629998999999998,18.629998999999998,18.629998999999998,17.302423,0,0.0,1.0
2014-12-23,18.65,18.65,18.65,18.65,17.320999,0,0.0,1.0
2014-12-24,18.66,18.66,18.66,18.66,17.330292,0,0.0,1.0
2014-12-26,18.67,18.67,18.67,18.67,17.339577,0,0.0,1.0
2014-12-29,18.68,18.68,18.68,18.68,17.348862,0,0.0,1.0
2014-12-30,18.68,18.68,18.68,18.68,17.348862,0,0.0,1.0
2014-12-31,18.75,18.75,18.75,18.75,17.413877,0,0.0,1.0
2015-01-02,18.73,18.73,18.73,18.73,17.395298,0,0.0,1.0
2015-01-05,18.73,18.73,18.73,18.73,17.395298,0,0.0,1.0
2015-01-06,18.68,18.68,18.68,18.68,17.348862,0,0.0,1.0
2015-01-07,18.690001000000002,18.690001000000002,18.690001000000002,18.690001000000002,17.35815,0,0.0,1.0
2015-01-08,18.700001,18.700001,18.700001,18.700001,17.367437,0,0.0,1.0
2015-01-09,18.700001,18.700001,18.700001,18.700001,17.367437,0,0.0,1.0
2015-01-12,18.700001,18.700001,18.700001,18.700001,17.367437,0,0.0,1.0
2015-01-13,18.709999,18.709999,18.709999,18.709999,17.376728,0,0.0,1.0
2015-01-14,18.67,18.67,18.67,18.67,17.339577,0,0.0,1.0
2015-01-15,18.559998999999998,18.559998999999998,18.559998999999998,18.559998999999998,17.347992,0,0.11900000000000001,1.0
2015-01-16,18.559998999999998,18.559998999999998,18.559998999999998,18.559998999999998,17.347992,0,0.0,1.0
2015-01-20,18.57,18.57,18.57,18.57,17.357338000000002,0,0.0,1.0
2015-01-21,18.58,18.58,18.58,18.58,17.366685999999998,0,0.0,1.0
2015-01-22,18.59,18.59,18.59,18.59,17.376032000000002,0,0.0,1.0
2015-01-23,18.58,18.58,18.58,18.58,17.366685999999998,0,0.0,1.0
2015-01-26,18.59,18.59,18.59,18.59,17.376032000000002,0,0.0,1.0
2015-01-27,18.59,18.59,18.59,18.59,17.376032000000002,0,0.0,1.0
2015-01-28,18.59,18.59,18.59,18.59,17.376032000000002,0,0.0,1.0
2015-01-29,18.59,18.59,18.59,18.59,17.376032000000002,0,0.0,1.0
2015-01-30,18.610001,18.610001,18.610001,18.610001,17.394726000000002,0,0.0,1.0
2015-02-02,18.610001,18.610001,18.610001,18.610001,17.394726000000002,0,0.0,1.0
2015-02-03,18.620001000000002,18.620001000000002,18.620001000000002,18.620001000000002,17.404076,0,0.0,1.0
2015-02-04,18.639999,18.639999,18.639999,18.639999,17.422767999999998,0,0.0,1.0
2015-02-05,18.639999,18.639999,18.639999,18.639999,17.422767999999998,0,0.0,1.0
2015-02-06,18.700001,18.700001,18.700001,18.700001,17.478848,0,0.0,1.0
2015-02-09,18.719998999999998,18.719998999999998,18.719998999999998,18.719998999999998,17.49754,0,0.0,1.0
2015-02-10,18.74,18.74,18.74,18.74,17.516237,0,0.0,1.0
2015-02-11,18.75,18.75,18.75,18.75,17.525581,0,0.0,1.0
2015-02-12,18.65,18.65,18.65,18.65,17.432108,0,0.0,1.0
2015-02-13,18.690001000000002,18.690001000000002,18.690001000000002,18.690001000000002,17.4695,0,0.0,1.0
2015-02-17,18.700001,18.700001,18.700001,18.700001,17.478848,0,0.0,1.0
2015-02-18,18.709999,18.709999,18.709999,18.709999,17.488195,0,0.0,1.0
2015-02-19,18.73,18.73,18.73,18.73,17.506887,0,0.0,1.0
2015-02-20,18.75,18.75,18.75,18.75,17.525581,0,0.0,1.0
2015-02-23,18.76,18.76,18.76,18.76,17.534929,0,0.0,1.0
2015-02-24,18.75,18.75,18.75,18.75,17.525581,0,0.0,1.0
2015-02-25,18.76,18.76,18.76,18.76,17.534929,0,0.0,1.0
2015-02-26,18.780001000000002,18.780001000000002,18.780001000000002,18.780001000000002,17.553623,0,0.0,1.0
2015-02-27,18.799999,18.799999,18.799999,18.799999,17.572315,0,0.0,1.0
2015-03-02,18.82,18.82,18.82,18.82,17.591010999999998,0,0.0,1.0
2015-03-03,18.84,18.84,18.84,18.84,17.609703,0,0.0,1.0
2015-03-04,18.84,18.84,18.84,18.84,17.609703,0,0.0,1.0
2015-03-05,18.84,18.84,18.84,18.84,17.609703,0,0.0,1.0
2015-03-06,18.860001,18.860001,18.860001,18.860001,17.628403,0,0.0,1.0
2015-03-09,18.860001,18.860001,18.860001,18.860001,17.628403,0,0.0,1.0
2015-03-10,18.85,18.85,18.85,18.85,17.619051000000002,0,0.0,1.0
2015-03-11,18.84,18.84,18.84,18.84,17.609703,0,0.0,1.0
2015-03-12,18.85,18.85,18.85,18.85,17.619051000000002,0,0.0,1.0
2015-03-13,18.860001,18.860001,18.860001,18.860001,17.628403,0,0.0,1.0
2015-03-16,18.85,18.85,18.85,18.85,17.619051000000002,0,0.0,1.0
2015-03-17,18.719998999999998,18.719998999999998,18.719998999999998,18.719998999999998,17.49754,0,0.0,1.0
2015-03-18,18.719998999999998,18.719998999999998,18.719998999999998,18.719998999999998,17.49754,0,0.0,1.0
2015-03-19,18.73,18.73,18.73,18.73,17.506887,0,0.0,1.0
2015-03-20,18.75,18.75,18.75,18.75,17.525581,0,0.0,1.0
2015-03-23,18.76,18.76,18.76,18.76,17.534929,0,0.0,1.0
2015-03-24,18.77,18.77,18.77,18.77,17.544275,0,0.0,1.0
2015-03-25,18.780001000000002,18.780001000000002,18.780001000000002,18.780001000000002,17.553623,0,0.0,1.0
2015-03-26,18.780001000000002,18.780001000000002,18.780001000000002,18.780001000000002,17.553623,0,0.0,1.0
2015-03-27,18.799999,18.799999,18.799999,18.799999,17.572315,0,0.0,1.0
2015-03-30,18.799999,18.799999,18.799999,18.799999,17.572315,0,0.0,1.0
2015-03-31,18.799999,18.799999,18.799999,18.799999,17.572315,0,0.0,1.0
2015-04-01,18.82,18.82,18.82,18.82,17.591010999999998,0,0.0,1.0
2015-04-02,18.83,18.83,18.83,18.83,17.600357000000002,0,0.0,1.0
2015-04-06,18.83,18.83,18.83,18.83,17.600357000000002,0,0.0,1.0
2015-04-07,18.860001,18.860001,18.860001,18.860001,17.628403,0,0.0,1.0
2015-04-08,18.889999,18.889999,18.889999,18.889999,17.656437,0,0.0,1.0
2015-04-09,18.889999,18.889999,18.889999,18.889999,17.656437,0,0.0,1.0
2015-04-10,18.91,18.91,18.91,18.91,17.675133,0,0.0,1.0
2015-04-13,18.93,18.93,18.93,18.93,17.693829,0,0.0,1.0
2015-04-14,18.950001,18.950001,18.950001,18.950001,17.712523,0,0.0,1.0
2015-04-15,18.860001,18.860001,18.860001,18.860001,17.628403,0,0.0,1.0
2015-04-16,18.879998999999998,18.879998999999998,18.879998999999998,18.879998999999998,17.647092999999998,0,0.0,1.0
2015-04-17,18.889999,18.889999,18.889999,18.889999,17.656437,0,0.0,1.0
2015-04-20,18.889999,18.889999,18.889999,18.889999,17.656437,0,0.0,1.0
2015-04-21,18.889999,18.889999,18.889999,18.889999,17.656437,0,0.0,1.0
2015-04-22,18.9,18.9,18.9,18.9,17.665789,0,0.0,1.0
2015-04-23,18.9,18.9,18.9,18.9,17.665789,0,0.0,1.0
2015-04-24,18.91,18.91,18.91,18.91,17.675133,0,0.0,1.0
2015-04-27,18.91,18.91,18.91,18.91,17.675133,0,0.0,1.0
2015-04-28,18.93,18.93,18.93,18.93,17.693829,0,0.0,1.0
2015-04-29,18.9,18.9,18.9,18.9,17.665789,0,0.0,1.0
2015-04-30,18.9,18.9,18.9,18.9,17.665789,0,0.0,1.0
2015-05-01,18.91,18.91,18.91,18.91,17.675133,0,0.0,1.0
2015-05-04,18.91,18.91,18.91,18.91,17.675133,0,0.0,1.0
2015-05-05,18.92,18.92,18.92,18.92,17.684483,0,0.0,1.0
2015-05-06,18.940001000000002,18.940001000000002,18.940001000000002,18.940001000000002,17.703176000000003,0,0.0,1.0
2015-05-07,18.950001,18.950001,18.950001,18.950001,17.712523,0,0.0,1.0
2015-05-08,18.98,18.98,18.98,18.98,17.740564000000003,0,0.0,1.0
2015-05-11,19.0,19.0,19.0,19.0,17.759262,0,0.0,1.0
2015-05-12,18.99,18.99,18.99,18.99,17.749907999999998,0,0.0,1.0
2015-05-13,19.0,19.0,19.0,19.0,17.759262,0,0.0,1.0
2015-05-14,18.889999,18.889999,18.889999,18.889999,17.656437,0,0.0,1.0
2015-05-15,18.9,18.9,18.9,18.9,17.665789,0,0.0,1.0
2015-05-18,18.879998999999998,18.879998999999998,18.879998999999998,18.879998999999998,17.647092999999998,0,0.0,1.0
2015-05-19,18.879998999999998,18.879998999999998,18.879998999999998,18.879998999999998,17.647092999999998,0,0.0,1.0
2015-05-20,18.879998999999998,18.879998999999998,18.879998999999998,18.879998999999998,17.647092999999998,0,0.0,1.0
2015-05-21,18.9,18.9,18.9,18.9,17.665789,0,0.0,1.0
2015-05-22,18.91,18.91,18.91,18.91,17.675133,0,0.0,1.0
2015-05-26,18.9,18.9,18.9,18.9,17.665789,0,0.0,1.0
2015-05-27,18.9,18.9,18.9,18.9,17.665789,0,0.0,1.0
2015-05-28,18.9,18.9,18.9,18.9,17.665789,0,0.0,1.0
2015-05-29,18.9,18.9,18.9,18.9,17.665789,0,0.0,1.0
2015-06-01,18.9,18.9,18.9,18.9,17.665789,0,0.0,1.0
2015-06-02,18.91,18.91,18.91,18.91,17.675133,0,0.0,1.0
2015-06-03,18.870001000000002,18.870001000000002,18.870001000000002,18.870001000000002,17.637749,0,0.0,1.0
2015-06-04,18.870001000000002,18.870001000000002,18.870001000000002,18.870001000000002,17.637749,0,0.0,1.0
2015-06-05,18.870001000000002,18.870001000000002,18.870001000000002,18.870001000000002,17.637749,0,0.0,1.0
2015-06-08,18.85,18.85,18.85,18.85,17.619051000000002,0,0.0,1.0
2015-06-09,18.84,18.84,18.84,18.84,17.609703,0,0.0,1.0
2015-06-10,18.82,18.82,18.82,18.82,17.591010999999998,0,0.0,1.0
2015-06-11,18.82,18.82,18.82,18.82,17.591010999999998,0,0.0,1.0
2015-06-12,18.82,18.82,18.82,18.82,17.591010999999998,0,0.0,1.0
2015-06-15,18.809998999999998,18.809998999999998,18.809998999999998,18.809998999999998,17.581665,0,0.0,1.0
2015-06-16,18.690001000000002,18.690001000000002,18.690001000000002,18.690001000000002,17.4695,0,0.0,1.0
2015-06-17,18.68,18.68,18.68,18.68,17.460155,0,0.0,1.0
2015-06-18,18.68,18.68,18.68,18.68,17.460155,0,0.0,1.0
2015-06-19,18.700001,18.700001,18.700001,18.700001,17.478848,0,0.0,1.0
2015-06-22,18.690001000000002,18.690001000000002,18.690001000000002,18.690001000000002,17.4695,0,0.0,1.0
2015-06-23,18.690001000000002,18.690001000000002,18.690001000000002,18.690001000000002,17.4695,0,0.0,1.0
2015-06-24,18.66,18.66,18.66,18.66,17.441461999999998,0,0.0,1.0
2015-06-25,18.67,18.67,18.67,18.67,17.450806,0,0.0,1.0
2015-06-26,18.67,18.67,18.67,18.67,17.450806,0,0.0,1.0
2015-06-29,18.629998999999998,18.629998999999998,18.629998999999998,18.629998999999998,17.413416,0,0.0,1.0
2015-06-30,18.639999,18.639999,18.639999,18.639999,17.422767999999998,0,0.0,1.0
2015-07-01,18.65,18.65,18.65,18.65,17.432108,0,0.0,1.0
2015-07-02,18.67,18.67,18.67,18.67,17.450806,0,0.0,1.0
2015-07-06,18.68,18.68,18.68,18.68,17.460155,0,0.0,1.0
2015-07-07,18.67,18.67,18.67,18.67,17.450806,0,0.0,1.0
2015-07-08,18.66,18.66,18.66,18.66,17.441461999999998,0,0.0,1.0
2015-07-09,18.68,18.68,18.68,18.68,17.460155,0,0.0,1.0
2015-07-10,18.690001000000002,18.690001000000002,18.690001000000002,18.690001000000002,17.4695,0,0.0,1.0
2015-07-13,18.709999,18.709999,18.709999,18.709999,17.488195,0,0.0,1.0
2015-07-14,18.73,18.73,18.73,18.73,17.506887,0,0.0,1.0
2015-07-15,18.639999,18.639999,18.639999,18.639999,17.422767999999998,0,0.0,1.0
2015-07-16,18.639999,18.639999,18.639999,18.639999,17.422767999999998,0,0.0,1.0
2015-07-17,18.67,18.67,18.67,18.67,17.450806,0,0.0,1.0
2015-07-20,18.68,18.68,18.68,18.68,17.460155,0,0.0,1.0
2015-07-21,18.68,18.68,18.68,18.68,17.460155,0,0.0,1.0
2015-07-22,18.67,18.67,18.67,18.67,17.450806,0,0.0,1.0
2015-07-23,18.65,18.65,18.65,18.65,17.432108,0,0.0,1.0
2015-07-24,18.629998999999998,18.629998999999998,18.629998999999998,18.629998999999998,17.413416,0,0.0,1.0
2015-07-27,18.6,18.6,18.6,18.6,17.385382,0,0.0,1.0
2015-07-28,18.559998999999998,18.559998999999998,18.559998999999998,18.559998999999998,17.347992,0,0.0,1.0
2015-07-29,18.559998999999998,18.559998999999998,18.559998999999998,18.559998999999998,17.347992,0,0.0,1.0
2015-07-30,18.59,18.59,18.59,18.59,17.376032000000002,0,0.0,1.0
2015-07-31,18.58,18.58,18.58,18.58,17.366685999999998,0,0.0,1.0
2015-08-03,18.59,18.59,18.59,18.59,17.376032000000002,0,0.0,1.0
2015-08-04,18.58,18.58,18.58,18.58,17.366685999999998,0,0.0,1.0
2015-08-05,18.549999,18.549999,18.549999,18.549999,17.338639999999998,0,0.0,1.0
2015-08-06,18.530001000000002,18.530001000000002,18.530001000000002,18.530001000000002,17.31995,0,0.0,1.0
2015-08-07,18.52,18.52,18.52,18.52,17.310606,0,0.0,1.0
2015-08-10,18.51,18.51,18.51,18.51,17.301251999999998,0,0.0,1.0
2015-08-11,18.49,18.49,18.49,18.49,17.282557999999998,0,0.0,1.0
2015-08-12,18.469998999999998,18.469998999999998,18.469998999999998,18.469998999999998,17.263866,0,0.0,1.0
2015-08-13,18.49,18.49,18.49,18.49,17.282557999999998,0,0.0,1.0
2015-08-14,18.49,18.49,18.49,18.49,17.282557999999998,0,0.0,1.0
2015-08-17,18.370001000000002,18.370001000000002,18.370001000000002,18.370001000000002,17.170395000000003,0,0.0,1.0
2015-08-18,18.370001000000002,18.370001000000002,18.370001000000002,18.370001000000002,17.170395000000003,0,0.0,1.0
2015-08-19,18.35,18.35,18.35,18.35,17.151707000000002,0,0.0,1.0
2015-08-20,18.33,18.33,18.33,18.33,17.133013000000002,0,0.0,1.0
2015-08-21,18.32,18.32,18.32,18.32,17.123661,0,0.0,1.0
2015-08-24,18.32,18.32,18.32,18.32,17.123661,0,0.0,1.0
2015-08-25,18.32,18.32,18.32,18.32,17.123661,0,0.0,1.0
2015-08-26,18.26,18.26,18.26,18.26,17.067579000000002,0,0.0,1.0
2015-08-27,18.27,18.27,18.27,18.27,17.076926999999998,0,0.0,1.0
2015-08-28,18.27,18.27,18.27,18.27,17.076926999999998,0,0.0,1.0
2015-08-31,18.27,18.27,18.27,18.27,17.076926999999998,0,0.0,1.0
2015-09-01,18.299999,18.299999,18.299999,18.299999,17.104967000000002,0,0.0,1.0
2015-09-02,18.290001,18.290001,18.290001,18.290001,17.095620999999998,0,0.0,1.0
2015-09-03,18.280001000000002,18.280001000000002,18.280001000000002,18.280001000000002,17.086277,0,0.0,1.0
2015-09-04,18.290001,18.290001,18.290001,18.290001,17.095620999999998,0,0.0,1.0
2015-09-08,18.290001,18.290001,18.290001,18.290001,17.095620999999998,0,0.0,1.0
2015-09-09,18.299999,18.299999,18.299999,18.299999,17.104967000000002,0,0.0,1.0
2015-09-10,18.299999,18.299999,18.299999,18.299999,17.104967000000002,0,0.0,1.0
2015-09-11,18.299999,18.299999,18.299999,18.299999,17.104967000000002,0,0.0,1.0
2015-09-14,18.299999,18.299999,18.299999,18.299999,17.104967000000002,0,0.0,1.0
2015-09-15,18.290001,18.290001,18.290001,18.290001,17.095620999999998,0,0.0,1.0
2015-09-16,18.18,18.18,18.18,18.18,16.992805,0,0.0,1.0
2015-09-17,18.129998999999998,18.129998999999998,18.129998999999998,18.129998999999998,16.946068,0,0.0,1.0
2015-09-18,18.110001,18.110001,18.110001,18.110001,16.927376000000002,0,0.0,1.0
2015-09-21,18.1,18.1,18.1,18.1,16.918028,0,0.0,1.0
2015-09-22,18.07,18.07,18.07,18.07,16.889985999999997,0,0.0,1.0
2015-09-23,18.07,18.07,18.07,18.07,16.889985999999997,0,0.0,1.0
2015-09-24,18.07,18.07,18.07,18.07,16.889985999999997,0,0.0,1.0
2015-09-25,18.07,18.07,18.07,18.07,16.889985999999997,0,0.0,1.0
2015-09-28,18.01,18.01,18.01,18.01,16.833904,0,0.0,1.0
2015-09-29,17.959999,17.959999,17.959999,17.959999,16.78717,0,0.0,1.0
2015-09-30,17.93,17.93,17.93,17.93,16.759132,0,0.0,1.0
2015-10-01,17.92,17.92,17.92,17.92,16.749784,0,0.0,1.0
2015-10-02,17.92,17.92,17.92,17.92,16.749784,0,0.0,1.0
2015-10-05,17.92,17.92,17.92,17.92,16.749784,0,0.0,1.0
2015-10-06,17.91,17.91,17.91,17.91,16.740437,0,0.0,1.0
2015-10-07,17.91,17.91,17.91,17.91,16.740437,0,0.0,1.0
2015-10-08,17.9,17.9,17.9,17.9,16.731087,0,0.0,1.0
2015-10-09,17.91,17.91,17.91,17.91,16.740437,0,0.0,1.0
2015-10-12,17.91,17.91,17.91,17.91,16.740437,0,0.0,1.0
2015-10-13,17.91,17.91,17.91,17.91,16.740437,0,0.0,1.0
2015-10-14,17.92,17.92,17.92,17.92,16.749784,0,0.0,1.0
2015-10-15,17.92,17.92,17.92,17.92,16.749784,0,0.0,1.0
2015-10-16,17.809998999999998,17.809998999999998,17.809998999999998,17.809998999999998,16.646969,0,0.0,1.0
2015-10-19,17.790001,17.790001,17.790001,17.790001,16.628273,0,0.0,1.0
2015-10-20,17.790001,17.790001,17.790001,17.790001,16.628273,0,0.0,1.0
2015-10-21,17.799999,17.799999,17.799999,17.799999,16.637619,0,0.0,1.0
2015-10-22,17.799999,17.799999,17.799999,17.799999,16.637619,0,0.0,1.0
2015-10-23,17.82,17.82,17.82,17.82,16.656313,0,0.0,1.0
2015-10-26,17.82,17.82,17.82,17.82,16.656313,0,0.0,1.0
2015-10-27,17.799999,17.799999,17.799999,17.799999,16.637619,0,0.0,1.0
2015-10-28,17.82,17.82,17.82,17.82,16.656313,0,0.0,1.0
2015-10-29,17.809998999999998,17.809998999999998,17.809998999999998,17.809998999999998,16.646969,0,0.0,1.0
2015-10-30,17.809998999999998,17.809998999999998,17.809998999999998,17.809998999999998,16.646969,0,0.0,1.0
2015-11-02,17.82,17.82,17.82,17.82,16.656313,0,0.0,1.0
2015-11-03,17.82,17.82,17.82,17.82,16.656313,0,0.0,1.0
2015-11-04,17.84,17.84,17.84,17.84,16.675009,0,0.0,1.0
2015-11-05,17.84,17.84,17.84,17.84,16.675009,0,0.0,1.0
2015-11-06,17.84,17.84,17.84,17.84,16.675009,0,0.0,1.0
2015-11-09,17.82,17.82,17.82,17.82,16.656313,0,0.0,1.0
2015-11-10,17.82,17.82,17.82,17.82,16.656313,0,0.0,1.0
2015-11-11,17.82,17.82,17.82,17.82,16.656313,0,0.0,1.0
2015-11-12,17.879998999999998,17.879998999999998,17.879998999999998,17.879998999999998,16.712395,0,0.0,1.0
2015-11-13,17.76,17.76,17.76,17.76,16.600231,0,0.0,1.0
2015-11-16,17.74,17.74,17.74,17.74,16.581539000000003,0,0.0,1.0
2015-11-17,17.709999,17.709999,17.709999,17.709999,16.553495,0,0.0,1.0
2015-11-18,17.719998999999998,17.719998999999998,17.719998999999998,17.719998999999998,16.562841,0,0.0,1.0
2015-11-19,17.700001,17.700001,17.700001,17.700001,16.544148999999997,0,0.0,1.0
2015-11-20,17.67,17.67,17.67,17.67,16.516108,0,0.0,1.0
2015-11-23,17.65,17.65,17.65,17.65,16.497414000000003,0,0.0,1.0
2015-11-24,17.639999,17.639999,17.639999,17.639999,16.488068,0,0.0,1.0
2015-11-25,17.639999,17.639999,17.639999,17.639999,16.488068,0,0.0,1.0
2015-11-27,17.65,17.65,17.65,17.65,16.497414000000003,0,0.0,1.0
2015-11-30,17.629998999999998,17.629998999999998,17.629998999999998,17.629998999999998,16.478722,0,0.0,1.0
2015-12-01,17.639999,17.639999,17.639999,17.639999,16.488068,0,0.0,1.0
2015-12-02,17.620001000000002,17.620001000000002,17.620001000000002,17.620001000000002,16.469372,0,0.0,1.0
2015-12-03,17.6,17.6,17.6,17.6,16.450682,0,0.0,1.0
2015-12-04,17.6,17.6,17.6,17.6,16.450682,0,0.0,1.0
2015-12-07,17.6,17.6,17.6,17.6,16.450682,0,0.0,1.0
2015-12-08,17.559998999999998,17.559998999999998,17.559998999999998,17.559998999999998,16.413294,0,0.0,1.0
2015-12-09,17.530001000000002,17.530001000000002,17.530001000000002,17.530001000000002,16.38525,0,0.0,1.0
2015-12-10,17.52,17.52,17.52,17.52,16.375906,0,0.0,1.0
2015-12-11,17.469998999999998,17.469998999999998,17.469998999999998,17.469998999999998,16.329166,0,0.0,1.0
2015-12-14,17.379998999999998,17.379998999999998,17.379998999999998,17.379998999999998,16.245047,0,0.0,1.0
2015-12-15,17.33,17.33,17.33,17.33,16.198311,0,0.0,1.0
2015-12-16,17.25,17.25,17.25,17.25,16.123533,0,0.0,1.0
2015-12-17,17.26,17.26,17.26,17.26,16.132883,0,0.0,1.0
2015-12-18,17.24,17.24,17.24,17.24,16.114185,0,0.0,1.0
2015-12-21,17.23,17.23,17.23,17.23,16.104841,0,0.0,1.0
2015-12-22,17.24,17.24,17.24,17.24,16.114185,0,0.0,1.0
2015-12-23,17.26,17.26,17.26,17.26,16.132883,0,0.0,1.0
2015-12-24,17.27,17.27,17.27,17.27,16.142229,0,0.0,1.0
2015-12-28,17.290001,17.290001,17.290001,17.290001,16.160923,0,0.0,1.0
2015-12-29,17.309998999999998,17.309998999999998,17.309998999999998,17.309998999999998,16.179619,0,0.0,1.0
2015-12-30,17.32,17.32,17.32,17.32,16.188965,0,0.0,1.0
2015-12-31,17.27,17.27,17.27,17.27,16.142229,0,0.0,1.0
2016-01-04,17.290001,17.290001,17.290001,17.290001,16.160923,0,0.0,1.0
2016-01-05,17.299999,17.299999,17.299999,17.299999,16.170267000000003,0,0.0,1.0
2016-01-06,17.26,17.26,17.26,17.26,16.132883,0,0.0,1.0
2016-01-07,17.24,17.24,17.24,17.24,16.114185,0,0.0,1.0
2016-01-08,17.25,17.25,17.25,17.25,16.123533,0,0.0,1.0
2016-01-11,17.25,17.25,17.25,17.25,16.123533,0,0.0,1.0
2016-01-12,17.25,17.25,17.25,17.25,16.123533,0,0.0,1.0
2016-01-13,17.219998999999998,17.219998999999998,17.219998999999998,17.219998999999998,16.095495,0,0.0,1.0
2016-01-14,17.200001,17.200001,17.200001,17.200001,16.076801,0,0.0,1.0
2016-01-15,17.15,17.15,17.15,17.15,16.030064000000003,0,0.0,1.0
2016-01-19,17.030001000000002,17.030001000000002,17.030001000000002,17.030001000000002,15.917898999999998,0,0.0,1.0
2016-01-20,16.969998999999998,16.969998999999998,16.969998999999998,16.969998999999998,15.861815,0,0.0,1.0
2016-01-21,16.950001,16.950001,16.950001,16.950001,15.843126000000002,0,0.0,1.0
2016-01-22,16.950001,16.950001,16.950001,16.950001,15.843126000000002,0,0.0,1.0
2016-01-25,16.940001000000002,16.940001000000002,16.940001000000002,16.940001000000002,15.833784,0,0.0,1.0
2016-01-26,16.93,16.93,16.93,16.93,15.824431,0,0.0,1.0
2016-01-27,16.9,16.9,16.9,16.9,15.796389999999999,0,0.0,1.0
2016-01-28,16.9,16.9,16.9,16.9,15.796389999999999,0,0.0,1.0
2016-01-29,16.93,16.93,16.93,16.93,15.824431,0,0.0,1.0
2016-02-01,16.92,16.92,16.92,16.92,15.815087,0,0.0,1.0
2016-02-02,16.9,16.9,16.9,16.9,15.796389999999999,0,0.0,1.0
2016-02-03,16.9,16.9,16.9,16.9,15.796389999999999,0,0.0,1.0
2016-02-04,16.870001000000002,16.870001000000002,16.870001000000002,16.870001000000002,15.768351000000001,0,0.0,1.0
2016-02-05,16.879998999999998,16.879998999999998,16.879998999999998,16.879998999999998,15.777695999999999,0,0.0,1.0
2016-02-08,16.84,16.84,16.84,16.84,15.740312,0,0.0,1.0
2016-02-09,16.790001,16.790001,16.790001,16.790001,15.693577,0,0.0,1.0
2016-02-10,16.76,16.76,16.76,16.76,15.665534,0,0.0,1.0
2016-02-11,16.66,16.66,16.66,16.66,15.572065,0,0.0,1.0
2016-02-12,16.540001,16.540001,16.540001,16.540001,15.459902,0,0.0,1.0
2016-02-16,16.540001,16.540001,16.540001,16.540001,15.459902,0,0.0,1.0
2016-02-17,16.549999,16.549999,16.549999,16.549999,15.469247,0,0.0,1.0
2016-02-18,16.58,16.58,16.58,16.58,15.497291,0,0.0,1.0
2016-02-19,16.559998999999998,16.559998999999998,16.559998999999998,16.559998999999998,15.478596,0,0.0,1.0
2016-02-22,16.559998999999998,16.559998999999998,16.559998999999998,16.559998999999998,15.478596,0,0.0,1.0
2016-02-23,16.559998999999998,16.559998999999998,16.559998999999998,16.559998999999998,15.478596,0,0.0,1.0
2016-02-24,16.48,16.48,16.48,16.48,15.403819,0,0.0,1.0
2016-02-25,16.5,16.5,16.5,16.5,15.422513,0,0.0,1.0
2016-02-26,16.58,16.58,16.58,16.58,15.497291,0,0.0,1.0
2016-02-29,16.6,16.6,16.6,16.6,15.515981,0,0.0,1.0
2016-03-01,16.610001,16.610001,16.610001,16.610001,15.525326999999999,0,0.0,1.0
2016-03-02,16.66,16.66,16.66,16.66,15.572065,0,0.0,1.0
2016-03-03,16.68,16.68,16.68,16.68,15.590760999999999,0,0.0,1.0
2016-03-04,16.76,16.76,16.76,16.76,15.665534,0,0.0,1.0
2016-03-07,16.790001,16.790001,16.790001,16.790001,15.693577,0,0.0,1.0
2016-03-08,16.83,16.83,16.83,16.83,15.730964000000002,0,0.0,1.0
2016-03-09,16.860001,16.860001,16.860001,16.860001,15.759004999999998,0,0.0,1.0
2016-03-10,16.91,16.91,16.91,16.91,15.805739,0,0.0,1.0
2016-03-11,16.99,16.99,16.99,16.99,15.880513,0,0.0,1.0
2016-03-14,17.040001,17.040001,17.040001,17.040001,15.927252,0,0.0,1.0
2016-03-15,17.07,17.07,17.07,17.07,15.955287,0,0.0,1.0
2016-03-16,16.98,16.98,16.98,16.98,15.871169,0,0.0,1.0
2016-03-17,17.02,17.02,17.02,17.02,15.908555999999999,0,0.0,1.0
2016-03-18,17.07,17.07,17.07,17.07,15.955287,0,0.0,1.0
2016-03-21,17.110001,17.110001,17.110001,17.110001,15.992679999999998,0,0.0,1.0
2016-03-22,17.129998999999998,17.129998999999998,17.129998999999998,17.129998999999998,16.011372,0,0.0,1.0
2016-03-23,17.16,17.16,17.16,17.16,16.039417,0,0.0,1.0
2016-03-24,17.16,17.16,17.16,17.16,16.039417,0,0.0,1.0
2016-03-28,17.16,17.16,17.16,17.16,16.039417,0,0.0,1.0
2016-03-29,17.18,17.18,17.18,17.18,16.058108999999998,0,0.0,1.0
2016-03-30,17.17,17.17,17.17,17.17,16.048758,0,0.0,1.0
2016-03-31,17.190001000000002,17.190001000000002,17.190001000000002,17.190001000000002,16.067455,0,0.0,1.0
2016-04-01,17.23,17.23,17.23,17.23,16.104841,0,0.0,1.0
2016-04-04,17.24,17.24,17.24,17.24,16.114185,0,0.0,1.0
2016-04-05,17.24,17.24,17.24,17.24,16.114185,0,0.0,1.0
2016-04-06,17.27,17.27,17.27,17.27,16.142229,0,0.0,1.0
2016-04-07,17.290001,17.290001,17.290001,17.290001,16.160923,0,0.0,1.0
2016-04-08,17.309998999999998,17.309998999999998,17.309998999999998,17.309998999999998,16.179619,0,0.0,1.0
2016-04-11,17.35,17.35,17.35,17.35,16.217003,0,0.0,1.0
2016-04-12,17.370001000000002,17.370001000000002,17.370001000000002,17.370001000000002,16.235697000000002,0,0.0,1.0
2016-04-13,17.4,17.4,17.4,17.4,16.263741,0,0.0,1.0
2016-04-14,17.280001000000002,17.280001000000002,17.280001000000002,17.280001000000002,16.151577,0,0.0,1.0
2016-04-15,17.290001,17.290001,17.290001,17.290001,16.160923,0,0.0,1.0
2016-04-18,17.299999,17.299999,17.299999,17.299999,16.170267000000003,0,0.0,1.0
2016-04-19,17.34,17.34,17.34,17.34,16.207663,0,0.0,1.0
2016-04-20,17.379998999999998,17.379998999999998,17.379998999999998,17.379998999999998,16.245047,0,0.0,1.0
2016-04-21,17.41,17.41,17.41,17.41,16.273087,0,0.0,1.0
2016-04-22,17.43,17.43,17.43,17.43,16.291779000000002,0,0.0,1.0
2016-04-25,17.440001000000002,17.440001000000002,17.440001000000002,17.440001000000002,16.301128,0,0.0,1.0
2016-04-26,17.41,17.41,17.41,17.41,16.273087,0,0.0,1.0
2016-04-27,17.42,17.42,17.42,17.42,16.282434,0,0.0,1.0
2016-04-28,17.459999,17.459999,17.459999,17.459999,16.319826000000003,0,0.0,1.0
2016-04-29,17.469998999999998,17.469998999999998,17.469998999999998,17.469998999999998,16.329166,0,0.0,1.0
2016-05-02,17.51,17.51,17.51,17.51,16.366557999999998,0,0.0,1.0
2016-05-03,17.5,17.5,17.5,17.5,16.357208,0,0.0,1.0
2016-05-04,17.530001000000002,17.530001000000002,17.530001000000002,17.530001000000002,16.38525,0,0.0,1.0
2016-05-05,17.549999,17.549999,17.549999,17.549999,16.403942,0,0.0,1.0
2016-05-06,17.559998999999998,17.559998999999998,17.559998999999998,17.559998999999998,16.413294,0,0.0,1.0
2016-05-09,17.57,17.57,17.57,17.57,16.422635999999997,0,0.0,1.0
2016-05-10,17.57,17.57,17.57,17.57,16.422635999999997,0,0.0,1.0
2016-05-11,17.58,17.58,17.58,17.58,16.43199,0,0.0,1.0
2016-05-12,17.610001,17.610001,17.610001,17.610001,16.460028,0,0.0,1.0
2016-05-13,17.629998999999998,17.629998999999998,17.629998999999998,17.629998999999998,16.478722,0,0.0,1.0
2016-05-16,17.549999,17.549999,17.549999,17.549999,16.403942,0,0.0,1.0
2016-05-17,17.549999,17.549999,17.549999,17.549999,16.403942,0,0.0,1.0
2016-05-18,17.58,17.58,17.58,17.58,16.43199,0,0.0,1.0
2016-05-20,17.610001,17.610001,17.610001,17.610001,16.460028,0,0.0,1.0
2016-05-23,17.639999,17.639999,17.639999,17.639999,16.488068,0,0.0,1.0
2016-05-24,17.639999,17.639999,17.639999,17.639999,16.488068,0,0.0,1.0
2016-05-25,17.67,17.67,17.67,17.67,16.516108,0,0.0,1.0
2016-05-26,17.690001000000002,17.690001000000002,17.690001000000002,17.690001000000002,16.534805,0,0.0,1.0
2016-05-27,17.700001,17.700001,17.700001,17.700001,16.544148999999997,0,0.0,1.0
2016-05-31,17.709999,17.709999,17.709999,17.709999,16.553495,0,0.0,1.0
2016-06-01,17.73,17.73,17.73,17.73,16.572189,0,0.0,1.0
2016-06-02,17.74,17.74,17.74,17.74,16.581539000000003,0,0.0,1.0
2016-06-03,17.77,17.77,17.77,17.77,16.609575,0,0.0,1.0
2016-06-06,17.780001000000002,17.780001000000002,17.780001000000002,17.780001000000002,16.618927,0,0.0,1.0
2016-06-07,17.82,17.82,17.82,17.82,16.656313,0,0.0,1.0
2016-06-08,17.85,17.85,17.85,17.85,16.684357000000002,0,0.0,1.0
2016-06-09,17.860001,17.860001,17.860001,17.860001,16.693703,0,0.0,1.0
2016-06-10,17.860001,17.860001,17.860001,17.860001,16.693703,0,0.0,1.0
2016-06-13,17.870001000000002,17.870001000000002,17.870001000000002,17.870001000000002,16.703049,0,0.0,1.0
2016-06-14,17.85,17.85,17.85,17.85,16.684357000000002,0,0.0,1.0
2016-06-15,17.73,17.73,17.73,17.73,16.572189,0,0.0,1.0
2016-06-16,17.690001000000002,17.690001000000002,17.690001000000002,17.690001000000002,16.534805,0,0.0,1.0
2016-06-17,17.700001,17.700001,17.700001,17.700001,16.544148999999997,0,0.0,1.0
2016-06-20,17.709999,17.709999,17.709999,17.709999,16.553495,0,0.0,1.0
2016-06-21,17.709999,17.709999,17.709999,17.709999,16.553495,0,0.0,1.0
2016-06-22,17.719998999999998,17.719998999999998,17.719998999999998,17.719998999999998,16.562841,0,0.0,1.0
2016-06-23,17.719998999999998,17.719998999999998,17.719998999999998,17.719998999999998,16.562841,0,0.0,1.0
2016-06-24,17.65,17.65,17.65,17.65,16.497414000000003,0,0.0,1.0
2016-06-27,17.59,17.59,17.59,17.59,16.441334,0,0.0,1.0
2016-06-28,17.59,17.59,17.59,17.59,16.441334,0,0.0,1.0
2016-06-29,17.629998999999998,17.629998999999998,17.629998999999998,17.629998999999998,16.478722,0,0.0,1.0
2016-06-30,17.65,17.65,17.65,17.65,16.497414000000003,0,0.0,1.0
2016-07-01,17.690001000000002,17.690001000000002,17.690001000000002,17.690001000000002,16.534805,0,0.0,1.0
2016-07-05,17.68,17.68,17.68,17.68,16.525454,0,0.0,1.0
2016-07-06,17.700001,17.700001,17.700001,17.700001,16.544148999999997,0,0.0,1.0
2016-07-07,17.719998999999998,17.719998999999998,17.719998999999998,17.719998999999998,16.562841,0,0.0,1.0
2016-07-08,17.75,17.75,17.75,17.75,16.590882999999998,0,0.0,1.0
2016-07-11,17.790001,17.790001,17.790001,17.790001,16.628273,0,0.0,1.0
2016-07-12,17.82,17.82,17.82,17.82,16.656313,0,0.0,1.0
2016-07-13,17.860001,17.860001,17.860001,17.860001,16.693703,0,0.0,1.0
2016-07-14,17.77,17.77,17.77,17.77,16.609575,0,0.0,1.0
2016-07-15,17.790001,17.790001,17.790001,17.790001,16.628273,0,0.0,1.0
2016-07-18,17.82,17.82,17.82,17.82,16.656313,0,0.0,1.0
2016-07-19,17.85,17.85,17.85,17.85,16.684357000000002,0,0.0,1.0
2016-07-20,17.889999,17.889999,17.889999,17.889999,16.721741,0,0.0,1.0
2016-07-21,17.93,17.93,17.93,17.93,16.759132,0,0.0,1.0
2016-07-22,17.969998999999998,17.969998999999998,17.969998999999998,17.969998999999998,16.796515,0,0.0,1.0
2016-07-25,17.99,17.99,17.99,17.99,16.815214,0,0.0,1.0
2016-07-26,18.01,18.01,18.01,18.01,16.833904,0,0.0,1.0
2016-07-27,18.01,18.01,18.01,18.01,16.833904,0,0.0,1.0
2016-07-28,18.0,18.0,18.0,18.0,16.824556,0,0.0,1.0
2016-07-29,18.02,18.02,18.02,18.02,16.84325,0,0.0,1.0
2016-08-01,18.02,18.02,18.02,18.02,16.84325,0,0.0,1.0
2016-08-02,18.01,18.01,18.01,18.01,16.833904,0,0.0,1.0
2016-08-03,18.030001000000002,18.030001000000002,18.030001000000002,18.030001000000002,16.8526,0,0.0,1.0
2016-08-04,18.040001,18.040001,18.040001,18.040001,16.861948,0,0.0,1.0
2016-08-05,18.049999,18.049999,18.049999,18.049999,16.871292,0,0.0,1.0
2016-08-08,18.09,18.09,18.09,18.09,16.908682000000002,0,0.0,1.0
2016-08-09,18.120001000000002,18.120001000000002,18.120001000000002,18.120001000000002,16.936722,0,0.0,1.0
2016-08-10,18.129998999999998,18.129998999999998,18.129998999999998,18.129998999999998,16.946068,0,0.0,1.0
2016-08-11,18.139999,18.139999,18.139999,18.139999,16.955417999999998,0,0.0,1.0
2016-08-12,18.16,18.16,18.16,18.16,16.974111999999998,0,0.0,1.0
2016-08-15,18.18,18.18,18.18,18.18,16.992805,0,0.0,1.0
2016-08-16,18.18,18.18,18.18,18.18,16.992805,0,0.0,1.0
2016-08-17,18.049999,18.049999,18.049999,18.049999,16.871292,0,0.0,1.0
2016-08-18,18.049999,18.049999,18.049999,18.049999,16.871292,0,0.0,1.0
2016-08-19,18.07,18.07,18.07,18.07,16.889985999999997,0,0.0,1.0
2016-08-22,18.08,18.08,18.08,18.08,16.899334,0,0.0,1.0
2016-08-23,18.08,18.08,18.08,18.08,16.899334,0,0.0,1.0
2016-08-24,18.1,18.1,18.1,18.1,16.918028,0,0.0,1.0
2016-08-25,18.110001,18.110001,18.110001,18.110001,16.927376000000002,0,0.0,1.0
2016-08-26,18.120001000000002,18.120001000000002,18.120001000000002,18.120001000000002,16.936722,0,0.0,1.0
2016-08-29,18.120001000000002,18.120001000000002,18.120001000000002,18.120001000000002,16.936722,0,0.0,1.0
2016-08-30,18.139999,18.139999,18.139999,18.139999,16.955417999999998,0,0.0,1.0
2016-08-31,18.139999,18.139999,18.139999,18.139999,16.955417999999998,0,0.0,1.0
2016-09-01,18.139999,18.139999,18.139999,18.139999,16.955417999999998,0,0.0,1.0
2016-09-02,18.16,18.16,18.16,18.16,16.974111999999998,0,0.0,1.0
2016-09-06,18.17,18.17,18.17,18.17,16.983456,0,0.0,1.0
2016-09-07,18.190001000000002,18.190001000000002,18.190001000000002,18.190001000000002,17.002153,0,0.0,1.0
2016-09-08,18.209999,18.209999,18.209999,18.209999,17.020847,0,0.0,1.0
2016-09-09,18.219998999999998,18.219998999999998,18.219998999999998,18.219998999999998,17.03019,0,0.0,1.0
2016-09-12,18.219998999999998,18.219998999999998,18.219998999999998,18.219998999999998,17.03019,0,0.0,1.0
2016-09-13,18.209999,18.209999,18.209999,18.209999,17.020847,0,0.0,1.0
2016-09-14,18.219998999999998,18.219998999999998,18.219998999999998,18.219998999999998,17.03019,0,0.0,1.0
2016-09-15,18.120001000000002,18.120001000000002,18.120001000000002,18.120001000000002,16.936722,0,0.0,1.0
2016-09-16,18.129998999999998,18.129998999999998,18.129998999999998,18.129998999999998,16.946068,0,0.0,1.0
2016-09-19,18.129998999999998,18.129998999999998,18.129998999999998,18.129998999999998,16.946068,0,0.0,1.0
2016-09-20,18.16,18.16,18.16,18.16,16.974111999999998,0,0.0,1.0
2016-09-21,18.17,18.17,18.17,18.17,16.983456,0,0.0,1.0
2016-09-22,18.200001,18.200001,18.200001,18.200001,17.011497,0,0.0,1.0
2016-09-23,18.23,18.23,18.23,18.23,17.039541,0,0.0,1.0
2016-09-26,18.23,18.23,18.23,18.23,17.039541,0,0.0,1.0
2016-09-27,18.24,18.24,18.24,18.24,17.048885000000002,0,0.0,1.0
2016-09-28,18.26,18.26,18.26,18.26,17.067579000000002,0,0.0,1.0
2016-09-29,18.27,18.27,18.27,18.27,17.076926999999998,0,0.0,1.0
2016-09-30,18.290001,18.290001,18.290001,18.290001,17.095620999999998,0,0.0,1.0
2016-10-03,18.309998999999998,18.309998999999998,18.309998999999998,18.309998999999998,17.114314999999998,0,0.0,1.0
2016-10-04,18.33,18.33,18.33,18.33,17.133013000000002,0,0.0,1.0
2016-10-05,18.34,18.34,18.34,18.34,17.142357,0,0.0,1.0
2016-10-06,18.379998999999998,18.379998999999998,18.379998999999998,18.379998999999998,17.179741,0,0.0,1.0
2016-10-07,18.379998999999998,18.379998999999998,18.379998999999998,18.379998999999998,17.179741,0,0.0,1.0
2016-10-10,18.379998999999998,18.379998999999998,18.379998999999998,18.379998999999998,17.179741,0,0.0,1.0
2016-10-11,18.389999,18.389999,18.389999,18.389999,17.189093,0,0.0,1.0
2016-10-12,18.41,18.41,18.41,18.41,17.207783,0,0.0,1.0
2016-10-13,18.42,18.42,18.42,18.42,17.217133,0,0.0,1.0
2016-10-14,18.34,18.34,18.34,18.34,17.142357,0,0.0,1.0
2016-10-17,18.35,18.35,18.35,18.35,17.151707000000002,0,0.0,1.0
2016-10-18,18.360001,18.360001,18.360001,18.360001,17.161049,0,0.0,1.0
2016-10-19,18.41,18.41,18.41,18.41,17.207783,0,0.0,1.0
2016-10-20,18.42,18.42,18.42,18.42,17.217133,0,0.0,1.0
2016-10-21,18.440001000000002,18.440001000000002,18.440001000000002,18.440001000000002,17.235823,0,0.0,1.0
2016-10-24,18.450001,18.450001,18.450001,18.450001,17.245173,0,0.0,1.0
2016-10-25,18.450001,18.450001,18.450001,18.450001,17.245173,0,0.0,1.0
2016-10-26,18.459999,18.459999,18.459999,18.459999,17.254519000000002,0,0.0,1.0
2016-10-27,18.459999,18.459999,18.459999,18.459999,17.254519000000002,0,0.0,1.0
2016-10-28,18.469998999999998,18.469998999999998,18.469998999999998,18.469998999999998,17.263866,0,0.0,1.0
2016-10-31,18.5,18.5,18.5,18.5,17.291906,0,0.0,1.0
2016-11-01,18.49,18.49,18.49,18.49,17.282557999999998,0,0.0,1.0
2016-11-02,18.469998999999998,18.469998999999998,18.469998999999998,18.469998999999998,17.263866,0,0.0,1.0
2016-11-03,18.459999,18.459999,18.459999,18.459999,17.254519000000002,0,0.0,1.0
2016-11-04,18.459999,18.459999,18.459999,18.459999,17.254519000000002,0,0.0,1.0
2016-11-07,18.469998999999998,18.469998999999998,18.469998999999998,18.469998999999998,17.263866,0,0.0,1.0
2016-11-08,18.440001000000002,18.440001000000002,18.440001000000002,18.440001000000002,17.235823,0,0.0,1.0
2016-11-09,18.43,18.43,18.43,18.43,17.226479,0,0.0,1.0
2016-11-10,18.440001000000002,18.440001000000002,18.440001000000002,18.440001000000002,17.235823,0,0.0,1.0
2016-11-11,18.450001,18.450001,18.450001,18.450001,17.245173,0,0.0,1.0
2016-11-14,18.459999,18.459999,18.459999,18.459999,17.254519000000002,0,0.0,1.0
2016-11-15,18.360001,18.360001,18.360001,18.360001,17.161049,0,0.0,1.0
2016-11-16,18.370001000000002,18.370001000000002,18.370001000000002,18.370001000000002,17.170395000000003,0,0.0,1.0
2016-11-17,18.370001000000002,18.370001000000002,18.370001000000002,18.370001000000002,17.170395000000003,0,0.0,1.0
2016-11-18,18.389999,18.389999,18.389999,18.389999,17.189093,0,0.0,1.0
2016-11-21,18.389999,18.389999,18.389999,18.389999,17.189093,0,0.0,1.0
2016-11-22,18.43,18.43,18.43,18.43,17.226479,0,0.0,1.0
2016-11-23,18.43,18.43,18.43,18.43,17.226479,0,0.0,1.0
2016-11-25,18.450001,18.450001,18.450001,18.450001,17.245173,0,0.0,1.0
2016-11-28,18.450001,18.450001,18.450001,18.450001,17.245173,0,0.0,1.0
2016-11-29,18.42,18.42,18.42,18.42,17.217133,0,0.0,1.0
2016-11-30,18.440001000000002,18.440001000000002,18.440001000000002,18.440001000000002,17.235823,0,0.0,1.0
2016-12-01,18.469998999999998,18.469998999999998,18.469998999999998,18.469998999999998,17.263866,0,0.0,1.0
2016-12-02,18.48,18.48,18.48,18.48,17.273212,0,0.0,1.0
2016-12-05,18.5,18.5,18.5,18.5,17.291906,0,0.0,1.0
2016-12-06,18.530001000000002,18.530001000000002,18.530001000000002,18.530001000000002,17.31995,0,0.0,1.0
2016-12-07,18.549999,18.549999,18.549999,18.549999,17.338639999999998,0,0.0,1.0
2016-12-08,18.57,18.57,18.57,18.57,17.357338000000002,0,0.0,1.0
2016-12-09,18.58,18.58,18.58,18.58,17.366685999999998,0,0.0,1.0
2016-12-12,18.6,18.6,18.6,18.6,17.385382,0,0.0,1.0
2016-12-13,18.610001,18.610001,18.610001,18.610001,17.394726000000002,0,0.0,1.0
2016-12-14,18.620001000000002,18.620001000000002,18.620001000000002,18.620001000000002,17.404076,0,0.0,1.0
2016-12-15,18.52,18.52,18.52,18.52,17.310606,0,0.0,1.0
2016-12-16,18.540001,18.540001,18.540001,18.540001,17.329298,0,0.0,1.0
2016-12-19,18.559998999999998,18.559998999999998,18.559998999999998,18.559998999999998,17.347992,0,0.0,1.0
2016-12-20,18.559998999999998,18.559998999999998,18.559998999999998,18.559998999999998,17.347992,0,0.0,1.0
2016-12-21,18.57,18.57,18.57,18.57,17.357338000000002,0,0.0,1.0
2016-12-22,18.58,18.58,18.58,18.58,17.366685999999998,0,0.0,1.0
2016-12-23,18.59,18.59,18.59,18.59,17.376032000000002,0,0.0,1.0
2016-12-27,18.6,18.6,18.6,18.6,17.385382,0,0.0,1.0
2016-12-28,18.6,18.6,18.6,18.6,17.385382,0,0.0,1.0
2016-12-29,18.620001000000002,18.620001000000002,18.620001000000002,18.620001000000002,17.404076,0,0.0,1.0
2016-12-30,18.629998999999998,18.629998999999998,18.629998999999998,18.629998999999998,17.413416,0,0.0,1.0
2017-01-03,18.65,18.65,18.65,18.65,17.432108,0,0.0,1.0
2017-01-04,18.66,18.66,18.66,18.66,17.441461999999998,0,0.0,1.0
2017-01-05,18.68,18.68,18.68,18.68,17.460155,0,0.0,1.0
2017-01-06,18.690001000000002,18.690001000000002,18.690001000000002,18.690001000000002,17.4695,0,0.0,1.0
2017-01-09,18.690001000000002,18.690001000000002,18.690001000000002,18.690001000000002,17.4695,0,0.0,1.0
2017-01-10,18.690001000000002,18.690001000000002,18.690001000000002,18.690001000000002,17.4695,0,0.0,1.0
2017-01-11,18.719998999999998,18.719998999999998,18.719998999999998,18.719998999999998,17.49754,0,0.0,1.0
2017-01-12,18.73,18.73,18.73,18.73,17.506887,0,0.0,1.0
2017-01-13,18.76,18.76,18.76,18.76,17.534929,0,0.0,1.0
2017-01-17,18.76,18.76,18.76,18.76,17.534929,0,0.0,1.0
2017-01-18,18.67,18.67,18.67,18.67,17.450806,0,0.0,1.0
2017-01-19,18.690001000000002,18.690001000000002,18.690001000000002,18.690001000000002,17.4695,0,0.0,1.0
2017-01-20,18.690001000000002,18.690001000000002,18.690001000000002,18.690001000000002,17.4695,0,0.0,1.0
2017-01-23,18.690001000000002,18.690001000000002,18.690001000000002,18.690001000000002,17.4695,0,0.0,1.0
2017-01-24,18.700001,18.700001,18.700001,18.700001,17.478848,0,0.0,1.0
2017-01-25,18.709999,18.709999,18.709999,18.709999,17.488195,0,0.0,1.0
2017-01-26,18.709999,18.709999,18.709999,18.709999,17.488195,0,0.0,1.0
2017-01-27,18.719998999999998,18.719998999999998,18.719998999999998,18.719998999999998,17.49754,0,0.0,1.0
2017-01-30,18.75,18.75,18.75,18.75,17.525581,0,0.0,1.0
2017-01-31,18.73,18.73,18.73,18.73,17.506887,0,0.0,1.0
2017-02-01,18.75,18.75,18.75,18.75,17.525581,0,0.0,1.0
2017-02-02,18.74,18.74,18.74,18.74,17.516237,0,0.0,1.0
2017-02-03,18.76,18.76,18.76,18.76,17.534929,0,0.0,1.0
2017-02-06,18.76,18.76,18.76,18.76,17.534929,0,0.0,1.0
2017-02-07,18.77,18.77,18.77,18.77,17.544275,0,0.0,1.0
2017-02-08,18.77,18.77,18.77,18.77,17.544275,0,0.0,1.0
2017-02-09,18.780001000000002,18.780001000000002,18.780001000000002,18.780001000000002,17.553623,0,0.0,1.0
2017-02-10,18.790001,18.790001,18.790001,18.790001,17.562970999999997,0,0.0,1.0
2017-02-13,18.799999,18.799999,18.799999,18.799999,17.572315,0,0.0,1.0
2017-02-14,18.799999,18.799999,18.799999,18.799999,17.572315,0,0.0,1.0
2017-02-15,18.809998999999998,18.809998999999998,18.809998999999998,18.809998999999998,17.581665,0,0.0,1.0
2017-02-16,18.709999,18.709999,18.709999,18.709999,17.488195,0,0.0,1.0
2017-02-17,18.719998999999998,18.719998999999998,18.719998999999998,18.719998999999998,17.49754,0,0.0,1.0
2017-02-21,18.73,18.73,18.73,18.73,17.506887,0,0.0,1.0
2017-02-22,18.76,18.76,18.76,18.76,17.534929,0,0.0,1.0
2017-02-23,18.780001000000002,18.780001000000002,18.780001000000002,18.780001000000002,17.553623,0,0.0,1.0
2017-02-24,18.790001,18.790001,18.790001,18.790001,17.562970999999997,0,0.0,1.0
2017-02-27,18.82,18.82,18.82,18.82,17.591010999999998,0,0.0,1.0
2017-02-28,18.83,18.83,18.83,18.83,17.600357000000002,0,0.0,1.0
2017-03-01,18.85,18.85,18.85,18.85,17.619051000000002,0,0.0,1.0
2017-03-02,18.860001,18.860001,18.860001,18.860001,17.628403,0,0.0,1.0
2017-03-03,18.870001000000002,18.870001000000002,18.870001000000002,18.870001000000002,17.637749,0,0.0,1.0
2017-03-06,18.860001,18.860001,18.860001,18.860001,17.628403,0,0.0,1.0
2017-03-07,18.879998999999998,18.879998999999998,18.879998999999998,18.879998999999998,17.647092999999998,0,0.0,1.0
2017-03-08,18.879998999999998,18.879998999999998,18.879998999999998,18.879998999999998,17.647092999999998,0,0.0,1.0
2017-03-09,18.870001000000002,18.870001000000002,18.870001000000002,18.870001000000002,17.637749,0,0.0,1.0
2017-03-10,18.870001000000002,18.870001000000002,18.870001000000002,18.870001000000002,17.637749,0,0.0,1.0
2017-03-13,18.860001,18.860001,18.860001,18.860001,17.628403,0,0.0,1.0
2017-03-14,18.860001,18.860001,18.860001,18.860001,17.628403,0,0.0,1.0
2017-03-15,18.75,18.75,18.75,18.75,17.525581,0,0.0,1.0
2017-03-16,18.76,18.76,18.76,18.76,17.534929,0,0.0,1.0
2017-03-17,18.77,18.77,18.77,18.77,17.544275,0,0.0,1.0
2017-03-20,18.76,18.76,18.76,18.76,17.534929,0,0.0,1.0
2017-03-21,18.75,18.75,18.75,18.75,17.525581,0,0.0,1.0
2017-03-22,18.73,18.73,18.73,18.73,17.506887,0,0.0,1.0
2017-03-23,18.719998999999998,18.719998999999998,18.719998999999998,18.719998999999998,17.49754,0,0.0,1.0
2017-03-24,18.73,18.73,18.73,18.73,17.506887,0,0.0,1.0
2017-03-27,18.700001,18.700001,18.700001,18.700001,17.478848,0,0.0,1.0
2017-03-28,18.709999,18.709999,18.709999,18.709999,17.488195,0,0.0,1.0
2017-03-29,18.719998999999998,18.719998999999998,18.719998999999998,18.719998999999998,17.49754,0,0.0,1.0
2017-03-30,18.74,18.74,18.74,18.74,17.516237,0,0.0,1.0
2017-03-31,18.76,18.76,18.76,18.76,17.534929,0,0.0,1.0
2017-04-03,18.75,18.75,18.75,18.75,17.525581,0,0.0,1.0
2017-04-04,18.75,18.75,18.75,18.75,17.525581,0,0.0,1.0
2017-04-05,18.77,18.77,18.77,18.77,17.544275,0,0.0,1.0
2017-04-06,18.780001000000002,18.780001000000002,18.780001000000002,18.780001000000002,17.553623,0,0.0,1.0
2017-04-07,18.780001000000002,18.780001000000002,18.780001000000002,18.780001000000002,17.553623,0,0.0,1.0
2017-04-10,18.780001000000002,18.780001000000002,18.780001000000002,18.780001000000002,17.553623,0,0.0,1.0
2017-04-11,18.780001000000002,18.780001000000002,18.780001000000002,18.780001000000002,17.553623,0,0.0,1.0
2017-04-12,18.68,18.68,18.68,18.68,17.460155,0,0.0,1.0
2017-04-13,18.700001,18.700001,18.700001,18.700001,17.478848,0,0.0,1.0
2017-04-17,18.709999,18.709999,18.709999,18.709999,17.488195,0,0.0,1.0
2017-04-18,18.709999,18.709999,18.709999,18.709999,17.488195,0,0.0,1.0
2017-04-19,18.709999,18.709999,18.709999,18.709999,17.488195,0,0.0,1.0
2017-04-20,18.719998999999998,18.719998999999998,18.719998999999998,18.719998999999998,17.49754,0,0.0,1.0
2017-04-21,18.709999,18.709999,18.709999,18.709999,17.488195,0,0.0,1.0
2017-04-24,18.719998999999998,18.719998999999998,18.719998999999998,18.719998999999998,17.49754,0,0.0,1.0
2017-04-25,18.74,18.74,18.74,18.74,17.516237,0,0.0,1.0
2017-04-26,18.75,18.75,18.75,18.75,17.525581,0,0.0,1.0
2017-04-27,18.76,18.76,18.76,18.76,17.534929,0,0.0,1.0
2017-04-28,18.780001000000002,18.780001000000002,18.780001000000002,18.780001000000002,17.553623,0,0.0,1.0
2017-05-01,18.780001000000002,18.780001000000002,18.780001000000002,18.780001000000002,17.553623,0,0.0,1.0
2017-05-02,18.780001000000002,18.780001000000002,18.780001000000002,18.780001000000002,17.553623,0,0.0,1.0
2017-05-03,18.780001000000002,18.780001000000002,18.780001000000002,18.780001000000002,17.553623,0,0.0,1.0
2017-05-04,18.790001,18.790001,18.790001,18.790001,17.562970999999997,0,0.0,1.0
2017-05-05,18.780001000000002,18.780001000000002,18.780001000000002,18.780001000000002,17.553623,0,0.0,1.0
2017-05-08,18.780001000000002,18.780001000000002,18.780001000000002,18.780001000000002,17.553623,0,0.0,1.0
2017-05-09,18.790001,18.790001,18.790001,18.790001,17.562970999999997,0,0.0,1.0
2017-05-10,18.790001,18.790001,18.790001,18.790001,17.562970999999997,0,0.0,1.0
2017-05-11,18.790001,18.790001,18.790001,18.790001,17.562970999999997,0,0.0,1.0
2017-05-12,18.799999,18.799999,18.799999,18.799999,17.572315,0,0.0,1.0
2017-05-15,18.809998999999998,18.809998999999998,18.809998999999998,18.809998999999998,17.581665,0,0.0,1.0
2017-05-16,18.809998999999998,18.809998999999998,18.809998999999998,18.809998999999998,17.581665,0,0.0,1.0
2017-05-17,18.700001,18.700001,18.700001,18.700001,17.478848,0,0.0,1.0
2017-05-18,18.68,18.68,18.68,18.68,17.460155,0,0.0,1.0
2017-05-19,18.700001,18.700001,18.700001,18.700001,17.478848,0,0.0,1.0
2017-05-22,18.709999,18.709999,18.709999,18.709999,17.488195,0,0.0,1.0
2017-05-23,18.719998999999998,18.719998999999998,18.719998999999998,18.719998999999998,17.49754,0,0.0,1.0
2017-05-24,18.73,18.73,18.73,18.73,17.506887,0,0.0,1.0
2017-05-25,18.73,18.73,18.73,18.73,17.506887,0,0.0,1.0
2017-05-26,18.74,18.74,18.74,18.74,17.516237,0,0.0,1.0
2017-05-30,18.74,18.74,18.74,18.74,17.516237,0,0.0,1.0
2017-05-31,18.75,18.75,18.75,18.75,17.525581,0,0.0,1.0
2017-06-01,18.75,18.75,18.75,18.75,17.525581,0,0.0,1.0
2017-06-02,18.76,18.76,18.76,18.76,17.534929,0,0.0,1.0
2017-06-05,18.76,18.76,18.76,18.76,17.534929,0,0.0,1.0
2017-06-06,18.76,18.76,18.76,18.76,17.534929,0,0.0,1.0
2017-06-07,18.76,18.76,18.76,18.76,17.534929,0,0.0,1.0
2017-06-08,18.76,18.76,18.76,18.76,17.534929,0,0.0,1.0
2017-06-09,18.77,18.77,18.77,18.77,17.544275,0,0.0,1.0
2017-06-12,18.77,18.77,18.77,18.77,17.544275,0,0.0,1.0
2017-06-13,18.77,18.77,18.77,18.77,17.544275,0,0.0,1.0
2017-06-14,18.77,18.77,18.77,18.77,17.544275,0,0.0,1.0
2017-06-15,18.65,18.65,18.65,18.65,17.432108,0,0.0,1.0
2017-06-16,18.639999,18.639999,18.639999,18.639999,17.422767999999998,0,0.0,1.0
2017-06-19,18.629998999999998,18.629998999999998,18.629998999999998,18.629998999999998,17.413416,0,0.0,1.0
2017-06-20,18.629998999999998,18.629998999999998,18.629998999999998,18.629998999999998,17.413416,0,0.0,1.0
2017-06-21,18.610001,18.610001,18.610001,18.610001,17.394726000000002,0,0.0,1.0
2017-06-22,18.57,18.57,18.57,18.57,17.357338000000002,0,0.0,1.0
2017-06-23,18.58,18.58,18.58,18.58,17.366685999999998,0,0.0,1.0
2017-06-26,18.58,18.58,18.58,18.58,17.366685999999998,0,0.0,1.0
2017-06-27,18.59,18.59,18.59,18.59,17.376032000000002,0,0.0,1.0
2017-06-28,18.59,18.59,18.59,18.59,17.376032000000002,0,0.0,1.0
2017-06-29,18.6,18.6,18.6,18.6,17.385382,0,0.0,1.0
2017-06-30,18.610001,18.610001,18.610001,18.610001,17.394726000000002,0,0.0,1.0
2017-07-03,18.610001,18.610001,18.610001,18.610001,17.394726000000002,0,0.0,1.0
2017-07-05,18.620001000000002,18.620001000000002,18.620001000000002,18.620001000000002,17.404076,0,0.0,1.0
2017-07-06,18.620001000000002,18.620001000000002,18.620001000000002,18.620001000000002,17.404076,0,0.0,1.0
2017-07-07,18.629998999999998,18.629998999999998,18.629998999999998,18.629998999999998,17.413416,0,0.0,1.0
2017-07-10,18.620001000000002,18.620001000000002,18.620001000000002,18.620001000000002,17.404076,0,0.0,1.0
2017-07-11,18.620001000000002,18.620001000000002,18.620001000000002,18.620001000000002,17.404076,0,0.0,1.0
2017-07-12,18.620001000000002,18.620001000000002,18.620001000000002,18.620001000000002,17.404076,0,0.0,1.0
2017-07-13,18.629998999999998,18.629998999999998,18.629998999999998,18.629998999999998,17.413416,0,0.0,1.0
2017-07-14,18.530001000000002,18.530001000000002,18.530001000000002,18.530001000000002,17.31995,0,0.0,1.0
2017-07-17,18.549999,18.549999,18.549999,18.549999,17.338639999999998,0,0.0,1.0
2017-07-18,18.549999,18.549999,18.549999,18.549999,17.338639999999998,0,0.0,1.0
2017-07-19,18.559998999999998,18.559998999999998,18.559998999999998,18.559998999999998,17.347992,0,0.0,1.0
2017-07-20,18.57,18.57,18.57,18.57,17.357338000000002,0,0.0,1.0
2017-07-21,18.58,18.58,18.58,18.58,17.366685999999998,0,0.0,1.0
2017-07-24,18.57,18.57,18.57,18.57,17.357338000000002,0,0.0,1.0
2017-07-25,18.59,18.59,18.59,18.59,17.376032000000002,0,0.0,1.0
2017-07-26,18.610001,18.610001,18.610001,18.610001,17.394726000000002,0,0.0,1.0
2017-07-27,18.610001,18.610001,18.610001,18.610001,17.394726000000002,0,0.0,1.0
2017-07-28,18.620001000000002,18.620001000000002,18.620001000000002,18.620001000000002,17.404076,0,0.0,1.0
2017-07-31,18.629998999999998,18.629998999999998,18.629998999999998,18.629998999999998,17.413416,0,0.0,1.0
2017-08-01,18.639999,18.639999,18.639999,18.639999,17.422767999999998,0,0.0,1.0
2017-08-02,18.639999,18.639999,18.639999,18.639999,17.422767999999998,0,0.0,1.0
2017-08-03,18.639999,18.639999,18.639999,18.639999,17.422767999999998,0,0.0,1.0
2017-08-04,18.66,18.66,18.66,18.66,17.441461999999998,0,0.0,1.0
2017-08-07,18.65,18.65,18.65,18.65,17.432108,0,0.0,1.0
2017-08-08,18.65,18.65,18.65,18.65,17.432108,0,0.0,1.0
2017-08-09,18.66,18.66,18.66,18.66,17.441461999999998,0,0.0,1.0
2017-08-10,18.66,18.66,18.66,18.66,17.441461999999998,0,0.0,1.0
2017-08-11,18.65,18.65,18.65,18.65,17.432108,0,0.0,1.0
2017-08-14,18.65,18.65,18.65,18.65,17.432108,0,0.0,1.0
2017-08-15,18.65,18.65,18.65,18.65,17.432108,0,0.0,1.0
2017-08-16,18.639999,18.639999,18.639999,18.639999,17.422767999999998,0,0.0,1.0
2017-08-17,18.540001,18.540001,18.540001,18.540001,17.329298,0,0.0,1.0
2017-08-18,18.51,18.51,18.51,18.51,17.301251999999998,0,0.0,1.0
2017-08-21,18.52,18.52,18.52,18.52,17.310606,0,0.0,1.0
2017-08-22,18.52,18.52,18.52,18.52,17.310606,0,0.0,1.0
2017-08-23,18.530001000000002,18.530001000000002,18.530001000000002,18.530001000000002,17.31995,0,0.0,1.0
2017-08-24,18.540001,18.540001,18.540001,18.540001,17.329298,0,0.0,1.0
2017-08-25,18.549999,18.549999,18.549999,18.549999,17.338639999999998,0,0.0,1.0
2017-08-28,18.549999,18.549999,18.549999,18.549999,17.338639999999998,0,0.0,1.0
2017-08-29,18.58,18.58,18.58,18.58,17.366685999999998,0,0.0,1.0
2017-08-30,18.57,18.57,18.57,18.57,17.357338000000002,0,0.0,1.0
2017-08-31,18.57,18.57,18.57,18.57,17.357338000000002,0,0.0,1.0
2017-09-01,18.59,18.59,18.59,18.59,17.376032000000002,0,0.0,1.0
2017-09-05,18.58,18.58,18.58,18.58,17.366685999999998,0,0.0,1.0
2017-09-06,18.58,18.58,18.58,18.58,17.366685999999998,0,0.0,1.0
2017-09-07,18.58,18.58,18.58,18.58,17.366685999999998,0,0.0,1.0
2017-09-08,18.58,18.58,18.58,18.58,17.366685999999998,0,0.0,1.0
2017-09-11,18.59,18.59,18.59,18.59,17.376032000000002,0,0.0,1.0
2017-09-12,18.57,18.57,18.57,18.57,17.357338000000002,0,0.0,1.0
2017-09-13,18.57,18.57,18.57,18.57,17.357338000000002,0,0.0,1.0
2017-09-14,18.57,18.57,18.57,18.57,17.357338000000002,0,0.0,1.0
2017-09-15,18.48,18.48,18.48,18.48,17.362972,0,0.096,1.0
2017-09-18,18.49,18.49,18.49,18.49,17.372367999999998,0,0.0,1.0
2017-09-19,18.49,18.49,18.49,18.49,17.372367999999998,0,0.0,1.0
2017-09-20,18.49,18.49,18.49,18.49,17.372367999999998,0,0.0,1.0
2017-09-21,18.49,18.49,18.49,18.49,17.372367999999998,0,0.0,1.0
2017-09-22,18.5,18.5,18.5,18.5,17.381762,0,0.0,1.0
2017-09-25,18.5,18.5,18.5,18.5,17.381762,0,0.0,1.0
2017-09-26,18.5,18.5,18.5,18.5,17.381762,0,0.0,1.0
2017-09-27,18.5,18.5,18.5,18.5,17.381762,0,0.0,1.0
2017-09-28,18.49,18.49,18.49,18.49,17.372367999999998,0,0.0,1.0
2017-09-29,18.5,18.5,18.5,18.5,17.381762,0,0.0,1.0
2017-10-02,18.52,18.52,18.52,18.52,17.400560000000002,0,0.0,1.0
2017-10-03,18.52,18.52,18.52,18.52,17.400560000000002,0,0.0,1.0
2017-10-04,18.530001000000002,18.530001000000002,18.530001000000002,18.530001000000002,17.409952,0,0.0,1.0
2017-10-05,18.540001,18.540001,18.540001,18.540001,17.41935,0,0.0,1.0
2017-10-06,18.549999,18.549999,18.549999,18.549999,17.428739999999998,0,0.0,1.0
2017-10-09,18.559998999999998,18.559998999999998,18.559998999999998,18.559998999999998,17.438141,0,0.0,1.0
2017-10-10,18.549999,18.549999,18.549999,18.549999,17.428739999999998,0,0.0,1.0
2017-10-11,18.540001,18.540001,18.540001,18.540001,17.41935,0,0.0,1.0
2017-10-12,18.549999,18.549999,18.549999,18.549999,17.428739999999998,0,0.0,1.0
2017-10-13,18.549999,18.549999,18.549999,18.549999,17.428739999999998,0,0.0,1.0
2017-10-16,18.57,18.57,18.57,18.57,17.447536,0,0.0,1.0
2017-10-17,18.59,18.59,18.59,18.59,17.466328,0,0.0,1.0
2017-10-18,18.5,18.5,18.5,18.5,17.471989,0,0.096,1.0
2017-10-19,18.51,18.51,18.51,18.51,17.481436,0,0.0,1.0
2017-10-20,18.52,18.52,18.52,18.52,17.490883,0,0.0,1.0
2017-10-23,18.52,18.52,18.52,18.52,17.490883,0,0.0,1.0
2017-10-24,18.52,18.52,18.52,18.52,17.490883,0,0.0,1.0
2017-10-25,18.51,18.51,18.51,18.51,17.481436,0,0.0,1.0
2017-10-26,18.5,18.5,18.5,18.5,17.471989,0,0.0,1.0
2017-10-27,18.51,18.51,18.51,18.51,17.481436,0,0.0,1.0
2017-10-30,18.51,18.51,18.51,18.51,17.481436,0,0.0,1.0
2017-10-31,18.52,18.52,18.52,18.52,17.490883,0,0.0,1.0
2017-11-01,18.52,18.52,18.52,18.52,17.490883,0,0.0,1.0
2017-11-02,18.51,18.51,18.51,18.51,17.481436,0,0.0,1.0
2017-11-03,18.51,18.51,18.51,18.51,17.481436,0,0.0,1.0
2017-11-06,18.52,18.52,18.52,18.52,17.490883,0,0.0,1.0
2017-11-07,18.52,18.52,18.52,18.52,17.490883,0,0.0,1.0
2017-11-08,18.51,18.51,18.51,18.51,17.481436,0,0.0,1.0
2017-11-09,18.49,18.49,18.49,18.49,17.462549,0,0.0,1.0
2017-11-10,18.49,18.49,18.49,18.49,17.462549,0,0.0,1.0
2017-11-13,18.459999,18.459999,18.459999,18.459999,17.434214,0,0.0,1.0
2017-11-14,18.450001,18.450001,18.450001,18.450001,17.424768,0,0.0,1.0
2017-11-15,18.42,18.42,18.42,18.42,17.396437,0,0.0,1.0
2017-11-16,18.41,18.41,18.41,18.41,17.386993,0,0.0,1.0
2017-11-17,18.32,18.32,18.32,18.32,17.392687,0,0.096,1.0
2017-11-20,18.280001000000002,18.280001000000002,18.280001000000002,18.280001000000002,17.354713,0,0.0,1.0
2017-11-21,18.290001,18.290001,18.290001,18.290001,17.36421,0,0.0,1.0
2017-11-22,18.33,18.33,18.33,18.33,17.402184,0,0.0,1.0
2017-11-24,18.360001,18.360001,18.360001,18.360001,17.430668,0,0.0,1.0
2017-11-27,18.360001,18.360001,18.360001,18.360001,17.430668,0,0.0,1.0
2017-11-28,18.370001000000002,18.370001000000002,18.370001000000002,18.370001000000002,17.440157,0,0.0,1.0
2017-11-29,18.379998999999998,18.379998999999998,18.379998999999998,18.379998999999998,17.449652,0,0.0,1.0
2017-11-30,18.379998999999998,18.379998999999998,18.379998999999998,18.379998999999998,17.449652,0,0.0,1.0
2017-12-01,18.389999,18.389999,18.389999,18.389999,17.459146,0,0.0,1.0
2017-12-04,18.370001000000002,18.370001000000002,18.370001000000002,18.370001000000002,17.440157,0,0.0,1.0
2017-12-05,18.370001000000002,18.370001000000002,18.370001000000002,18.370001000000002,17.440157,0,0.0,1.0
2017-12-06,18.35,18.35,18.35,18.35,17.421170999999998,0,0.0,1.0
2017-12-07,18.34,18.34,18.34,18.34,17.411678,0,0.0,1.0
2017-12-08,18.35,18.35,18.35,18.35,17.421170999999998,0,0.0,1.0
2017-12-11,18.360001,18.360001,18.360001,18.360001,17.430668,0,0.0,1.0
2017-12-12,18.360001,18.360001,18.360001,18.360001,17.430668,0,0.0,1.0
2017-12-13,18.360001,18.360001,18.360001,18.360001,17.430668,0,0.0,1.0
2017-12-14,18.370001000000002,18.370001000000002,18.370001000000002,18.370001000000002,17.440157,0,0.0,1.0
2017-12-15,18.299999,18.299999,18.299999,18.299999,17.464972,0,0.096,1.0
2017-12-18,18.299999,18.299999,18.299999,18.299999,17.464972,0,0.0,1.0
2017-12-19,18.34,18.34,18.34,18.34,17.503149,0,0.0,1.0
2017-12-20,18.32,18.32,18.32,18.32,17.484057999999997,0,0.0,1.0
2017-12-21,18.33,18.33,18.33,18.33,17.493603,0,0.0,1.0
2017-12-22,18.34,18.34,18.34,18.34,17.503149,0,0.0,1.0
2017-12-26,18.34,18.34,18.34,18.34,17.503149,0,0.0,1.0
2017-12-27,18.35,18.35,18.35,18.35,17.512693,0,0.0,1.0
2017-12-28,18.360001,18.360001,18.360001,18.360001,17.522234,0,0.0,1.0
2017-12-29,18.370001000000002,18.370001000000002,18.370001000000002,18.370001000000002,17.531776,0,0.0,1.0
2018-01-02,18.389999,18.389999,18.389999,18.389999,17.550867,0,0.0,1.0
2018-01-03,18.41,18.41,18.41,18.41,17.56995,0,0.0,1.0
2018-01-04,18.43,18.43,18.43,18.43,17.589045000000002,0,0.0,1.0
2018-01-05,18.469998999999998,18.469998999999998,18.469998999999998,18.469998999999998,17.627214000000002,0,0.0,1.0
2018-01-08,18.49,18.49,18.49,18.49,17.646299,0,0.0,1.0
2018-01-09,18.52,18.52,18.52,18.52,17.674936,0,0.0,1.0
2018-01-10,18.52,18.52,18.52,18.52,17.674936,0,0.0,1.0
2018-01-11,18.540001,18.540001,18.540001,18.540001,17.694019,0,0.0,1.0
2018-01-12,18.559998999999998,18.559998999999998,18.559998999999998,18.559998999999998,17.713112,0,0.0,1.0
2018-01-16,18.58,18.58,18.58,18.58,17.732197,0,0.0,1.0
2018-01-17,18.59,18.59,18.59,18.59,17.741739000000003,0,0.0,1.0
2018-01-18,18.49,18.49,18.49,18.49,17.7379,0,0.096,1.0
2018-01-19,18.5,18.5,18.5,18.5,17.747495999999998,0,0.0,1.0
2018-01-22,18.51,18.51,18.51,18.51,17.757089999999998,0,0.0,1.0
2018-01-23,18.52,18.52,18.52,18.52,17.766682,0,0.0,1.0
2018-01-24,18.5,18.5,18.5,18.5,17.747495999999998,0,0.0,1.0
2018-01-25,18.5,18.5,18.5,18.5,17.747495999999998,0,0.0,1.0
2018-01-26,18.540001,18.540001,18.540001,18.540001,17.785868,0,0.0,1.0
2018-01-29,18.549999,18.549999,18.549999,18.549999,17.795462,0,0.0,1.0
2018-01-30,18.610001,18.610001,18.610001,18.610001,17.853022,0,0.0,1.0
2018-01-31,18.629998999999998,18.629998999999998,18.629998999999998,18.629998999999998,17.872206,0,0.0,1.0
2018-02-01,18.639999,18.639999,18.639999,18.639999,17.881798,0,0.0,1.0
2018-02-02,18.65,18.65,18.65,18.65,17.891396,0,0.0,1.0
2018-02-05,18.629998999999998,18.629998999999998,18.629998999999998,18.629998999999998,17.872206,0,0.0,1.0
2018-02-06,18.6,18.6,18.6,18.6,17.843426,0,0.0,1.0
2018-02-07,18.629998999999998,18.629998999999998,18.629998999999998,18.629998999999998,17.872206,0,0.0,1.0
2018-02-08,18.620001000000002,18.620001000000002,18.620001000000002,18.620001000000002,17.862619,0,0.0,1.0
2018-02-09,18.6,18.6,18.6,18.6,17.843426,0,0.0,1.0
2018-02-12,18.6,18.6,18.6,18.6,17.843426,0,0.0,1.0
2018-02-13,18.6,18.6,18.6,18.6,17.843426,0,0.0,1.0
2018-02-14,18.620001000000002,18.620001000000002,18.620001000000002,18.620001000000002,17.862619,0,0.0,1.0
2018-02-15,18.530001000000002,18.530001000000002,18.530001000000002,18.530001000000002,17.868402,0,0.096,1.0
2018-02-16,18.549999,18.549999,18.549999,18.549999,17.887686,0,0.0,1.0
2018-02-20,18.57,18.57,18.57,18.57,17.906971,0,0.0,1.0
2018-02-21,18.57,18.57,18.57,18.57,17.906971,0,0.0,1.0
2018-02-22,18.57,18.57,18.57,18.57,17.906971,0,0.0,1.0
2018-02-23,18.58,18.58,18.58,18.58,17.916615,0,0.0,1.0
2018-02-26,18.59,18.59,18.59,18.59,17.926257999999997,0,0.0,1.0
2018-02-27,18.59,18.59,18.59,18.59,17.926257999999997,0,0.0,1.0
2018-02-28,18.59,18.59,18.59,18.59,17.926257999999997,0,0.0,1.0
2018-03-01,18.58,18.58,18.58,18.58,17.916615,0,0.0,1.0
2018-03-02,18.58,18.58,18.58,18.58,17.916615,0,0.0,1.0
2018-03-05,18.58,18.58,18.58,18.58,17.916615,0,0.0,1.0
2018-03-06,18.59,18.59,18.59,18.59,17.926257999999997,0,0.0,1.0
2018-03-07,18.59,18.59,18.59,18.59,17.926257999999997,0,0.0,1.0
2018-03-08,18.6,18.6,18.6,18.6,17.9359,0,0.0,1.0
2018-03-09,18.620001000000002,18.620001000000002,18.620001000000002,18.620001000000002,17.955189,0,0.0,1.0
2018-03-12,18.620001000000002,18.620001000000002,18.620001000000002,18.620001000000002,17.955189,0,0.0,1.0
2018-03-13,18.629998999999998,18.629998999999998,18.629998999999998,18.629998999999998,17.964828,0,0.0,1.0
2018-03-14,18.639999,18.639999,18.639999,18.639999,17.974472,0,0.0,1.0
2018-03-15,18.549999,18.549999,18.549999,18.549999,17.980286,0,0.096,1.0
2018-03-16,18.57,18.57,18.57,18.57,17.999672,0,0.0,1.0
2018-03-19,18.549999,18.549999,18.549999,18.549999,17.980286,0,0.0,1.0
2018-03-20,18.549999,18.549999,18.549999,18.549999,17.980286,0,0.0,1.0
2018-03-21,18.549999,18.549999,18.549999,18.549999,17.980286,0,0.0,1.0
2018-03-22,18.549999,18.549999,18.549999,18.549999,17.980286,0,0.0,1.0
2018-03-23,18.549999,18.549999,18.549999,18.549999,17.980286,0,0.0,1.0
2018-03-26,18.559998999999998,18.559998999999998,18.559998999999998,18.559998999999998,17.989979,0,0.0,1.0
2018-03-27,18.549999,18.549999,18.549999,18.549999,17.980286,0,0.0,1.0
2018-03-28,18.549999,18.549999,18.549999,18.549999,17.980286,0,0.0,1.0
2018-03-29,18.57,18.57,18.57,18.57,17.999672,0,0.0,1.0
2018-04-02,18.559998999999998,18.559998999999998,18.559998999999998,18.559998999999998,17.989979,0,0.0,1.0
2018-04-03,18.559998999999998,18.559998999999998,18.559998999999998,18.559998999999998,17.989979,0,0.0,1.0
2018-04-04,18.549999,18.549999,18.549999,18.549999,17.980286,0,0.0,1.0
2018-04-05,18.559998999999998,18.559998999999998,18.559998999999998,18.559998999999998,17.989979,0,0.0,1.0
2018-04-06,18.57,18.57,18.57,18.57,17.999672,0,0.0,1.0
2018-04-09,18.58,18.58,18.58,18.58,18.009363,0,0.0,1.0
2018-04-10,18.59,18.59,18.59,18.59,18.019057999999998,0,0.0,1.0
2018-04-11,18.57,18.57,18.57,18.57,17.999672,0,0.0,1.0
2018-04-12,18.58,18.58,18.58,18.58,18.009363,0,0.0,1.0
2018-04-13,18.5,18.5,18.5,18.5,18.024954,0,0.096,1.0
2018-04-16,18.51,18.51,18.51,18.51,18.0347,0,0.0,1.0
2018-04-17,18.51,18.51,18.51,18.51,18.0347,0,0.0,1.0
2018-04-18,18.52,18.52,18.52,18.52,18.044442999999998,0,0.0,1.0
2018-04-19,18.52,18.52,18.52,18.52,18.044442999999998,0,0.0,1.0
2018-04-20,18.52,18.52,18.52,18.52,18.044442999999998,0,0.0,1.0
2018-04-23,18.52,18.52,18.52,18.52,18.044442999999998,0,0.0,1.0
2018-04-24,18.52,18.52,18.52,18.52,18.044442999999998,0,0.0,1.0
2018-04-25,18.51,18.51,18.51,18.51,18.0347,0,0.0,1.0
2018-04-26,18.51,18.51,18.51,18.51,18.0347,0,0.0,1.0
2018-04-27,18.52,18.52,18.52,18.52,18.044442999999998,0,0.0,1.0
2018-04-30,18.5,18.5,18.5,18.5,18.024954,0,0.0,1.0
2018-05-01,18.49,18.49,18.49,18.49,18.015210999999997,0,0.0,1.0
2018-05-02,18.48,18.48,18.48,18.48,18.005470000000003,0,0.0,1.0
2018-05-03,18.469998999999998,18.469998999999998,18.469998999999998,18.469998999999998,17.995726,0,0.0,1.0
2018-05-04,18.48,18.48,18.48,18.48,18.005470000000003,0,0.0,1.0
2018-05-07,18.49,18.49,18.49,18.49,18.015210999999997,0,0.0,1.0
2018-05-08,18.49,18.49,18.49,18.49,18.015210999999997,0,0.0,1.0
2018-05-09,18.49,18.49,18.49,18.49,18.015210999999997,0,0.0,1.0
2018-05-10,18.5,18.5,18.5,18.5,18.024954,0,0.0,1.0
2018-05-11,18.52,18.52,18.52,18.52,18.044442999999998,0,0.0,1.0
2018-05-14,18.52,18.52,18.52,18.52,18.044442999999998,0,0.0,1.0
2018-05-15,18.51,18.51,18.51,18.51,18.0347,0,0.0,1.0
2018-05-16,18.530001000000002,18.530001000000002,18.530001000000002,18.530001000000002,18.054185999999998,0,0.0,1.0
2018-05-17,18.440001000000002,18.440001000000002,18.440001000000002,18.440001000000002,18.060062,0,0.096,1.0
2018-05-18,18.459999,18.459999,18.459999,18.459999,18.079647,0,0.0,1.0
2018-05-21,18.459999,18.459999,18.459999,18.459999,18.079647,0,0.0,1.0
2018-05-22,18.459999,18.459999,18.459999,18.459999,18.079647,0,0.0,1.0
2018-05-23,18.459999,18.459999,18.459999,18.459999,18.079647,0,0.0,1.0
2018-05-24,18.459999,18.459999,18.459999,18.459999,18.079647,0,0.0,1.0
2018-05-25,18.48,18.48,18.48,18.48,18.099237,0,0.0,1.0
2018-05-29,18.469998999999998,18.469998999999998,18.469998999999998,18.469998999999998,18.089443,0,0.0,1.0
2018-05-30,18.469998999999998,18.469998999999998,18.469998999999998,18.469998999999998,18.089443,0,0.0,1.0
2018-05-31,18.469998999999998,18.469998999999998,18.469998999999998,18.469998999999998,18.089443,0,0.0,1.0
2018-06-01,18.48,18.48,18.48,18.48,18.099237,0,0.0,1.0
2018-06-04,18.48,18.48,18.48,18.48,18.099237,0,0.0,1.0
2018-06-05,18.49,18.49,18.49,18.49,18.109029999999997,0,0.0,1.0
2018-06-06,18.49,18.49,18.49,18.49,18.109029999999997,0,0.0,1.0
2018-06-07,18.5,18.5,18.5,18.5,18.118824,0,0.0,1.0
2018-06-08,18.5,18.5,18.5,18.5,18.118824,0,0.0,1.0
2018-06-11,18.49,18.49,18.49,18.49,18.109029999999997,0,0.0,1.0
2018-06-12,18.49,18.49,18.49,18.49,18.109029999999997,0,0.0,1.0
2018-06-13,18.49,18.49,18.49,18.49,18.109029999999997,0,0.0,1.0
2018-06-14,18.49,18.49,18.49,18.49,18.109029999999997,0,0.0,1.0
2018-06-15,18.4,18.4,18.4,18.4,18.114939,0,0.096,1.0
2018-06-18,18.389999,18.389999,18.389999,18.389999,18.105093,0,0.0,1.0
2018-06-19,18.379998999999998,18.379998999999998,18.379998999999998,18.379998999999998,18.095247,0,0.0,1.0
2018-06-20,18.389999,18.389999,18.389999,18.389999,18.105093,0,0.0,1.0
2018-06-21,18.389999,18.389999,18.389999,18.389999,18.105093,0,0.0,1.0
2018-06-22,18.4,18.4,18.4,18.4,18.114939,0,0.0,1.0
2018-06-25,18.4,18.4,18.4,18.4,18.114939,0,0.0,1.0
2018-06-26,18.389999,18.389999,18.389999,18.389999,18.105093,0,0.0,1.0
2018-06-27,18.389999,18.389999,18.389999,18.389999,18.105093,0,0.0,1.0
2018-06-28,18.370001000000002,18.370001000000002,18.370001000000002,18.370001000000002,18.085403,0,0.0,1.0
2018-06-29,18.379998999999998,18.379998999999998,18.379998999999998,18.379998999999998,18.095247,0,0.0,1.0
2018-07-02,18.379998999999998,18.379998999999998,18.379998999999998,18.379998999999998,18.095247,0,0.0,1.0
2018-07-03,18.389999,18.389999,18.389999,18.389999,18.105093,0,0.0,1.0
2018-07-05,18.41,18.41,18.41,18.41,18.124782999999997,0,0.0,1.0
2018-07-06,18.42,18.42,18.42,18.42,18.134628,0,0.0,1.0
2018-07-09,18.440001000000002,18.440001000000002,18.440001000000002,18.440001000000002,18.154318,0,0.0,1.0
2018-07-10,18.440001000000002,18.440001000000002,18.440001000000002,18.440001000000002,18.154318,0,0.0,1.0
2018-07-11,18.450001,18.450001,18.450001,18.450001,18.164164000000003,0,0.0,1.0
2018-07-12,18.450001,18.450001,18.450001,18.450001,18.164164000000003,0,0.0,1.0
2018-07-13,18.469998999999998,18.469998999999998,18.469998999999998,18.469998999999998,18.183853,0,0.0,1.0
2018-07-16,18.469998999999998,18.469998999999998,18.469998999999998,18.469998999999998,18.183853,0,0.0,1.0
2018-07-17,18.469998999999998,18.469998999999998,18.469998999999998,18.469998999999998,18.183853,0,0.0,1.0
2018-07-18,18.389999,18.389999,18.389999,18.389999,18.199688000000002,0,0.096,1.0
2018-07-19,18.4,18.4,18.4,18.4,18.209585,0,0.0,1.0
2018-07-20,18.41,18.41,18.41,18.41,18.219481,0,0.0,1.0
2018-07-23,18.41,18.41,18.41,18.41,18.219481,0,0.0,1.0
2018-07-24,18.42,18.42,18.42,18.42,18.229378,0,0.0,1.0
2018-07-25,18.440001000000002,18.440001000000002,18.440001000000002,18.440001000000002,18.249172,0,0.0,1.0
2018-07-26,18.440001000000002,18.440001000000002,18.440001000000002,18.440001000000002,18.249172,0,0.0,1.0
2018-07-27,18.459999,18.459999,18.459999,18.459999,18.268963,0,0.0,1.0
2018-07-30,18.469998999999998,18.469998999999998,18.469998999999998,18.469998999999998,18.27886,0,0.0,1.0
2018-07-31,18.48,18.48,18.48,18.48,18.288757,0,0.0,1.0
2018-08-01,18.48,18.48,18.48,18.48,18.288757,0,0.0,1.0
2018-08-02,18.49,18.49,18.49,18.49,18.298655,0,0.0,1.0
2018-08-03,18.5,18.5,18.5,18.5,18.30855,0,0.0,1.0
2018-08-06,18.51,18.51,18.51,18.51,18.318445,0,0.0,1.0
2018-08-07,18.51,18.51,18.51,18.51,18.318445,0,0.0,1.0
2018-08-08,18.52,18.52,18.52,18.52,18.328342000000003,0,0.0,1.0
2018-08-09,18.51,18.51,18.51,18.51,18.318445,0,0.0,1.0
2018-08-10,18.49,18.49,18.49,18.49,18.298655,0,0.0,1.0
2018-08-13,18.5,18.5,18.5,18.5,18.30855,0,0.0,1.0
2018-08-14,18.51,18.51,18.51,18.51,18.318445,0,0.0,1.0
2018-08-15,18.5,18.5,18.5,18.5,18.30855,0,0.0,1.0
2018-08-16,18.5,18.5,18.5,18.5,18.30855,0,0.0,1.0
2018-08-17,18.41,18.41,18.41,18.41,18.314518,0,0.096,1.0
2018-08-20,18.41,18.41,18.41,18.41,18.314518,0,0.0,1.0
2018-08-21,18.41,18.41,18.41,18.41,18.314518,0,0.0,1.0
2018-08-22,18.42,18.42,18.42,18.42,18.324467000000002,0,0.0,1.0
2018-08-23,18.42,18.42,18.42,18.42,18.324467000000002,0,0.0,1.0
2018-08-24,18.43,18.43,18.43,18.43,18.334415,0,0.0,1.0
2018-08-27,18.43,18.43,18.43,18.43,18.334415,0,0.0,1.0
2018-08-28,18.440001000000002,18.440001000000002,18.440001000000002,18.440001000000002,18.344364000000002,0,0.0,1.0
2018-08-29,18.440001000000002,18.440001000000002,18.440001000000002,18.440001000000002,18.344364000000002,0,0.0,1.0
2018-08-30,18.440001000000002,18.440001000000002,18.440001000000002,18.440001000000002,18.344364000000002,0,0.0,1.0
2018-08-31,18.450001,18.450001,18.450001,18.450001,18.354313,0,0.0,1.0
2018-09-04,18.459999,18.459999,18.459999,18.459999,18.364258,0,0.0,1.0
2018-09-05,18.459999,18.459999,18.459999,18.459999,18.364258,0,0.0,1.0
2018-09-06,18.469998999999998,18.469998999999998,18.469998999999998,18.469998999999998,18.374207000000002,0,0.0,1.0
2018-09-07,18.49,18.49,18.49,18.49,18.394104000000002,0,0.0,1.0
2018-09-10,18.5,18.5,18.5,18.5,18.404053,0,0.0,1.0
2018-09-11,18.51,18.51,18.51,18.51,18.414,0,0.0,1.0
2018-09-12,18.5,18.5,18.5,18.5,18.404053,0,0.0,1.0
2018-09-13,18.51,18.51,18.51,18.51,18.414,0,0.0,1.0
2018-09-14,18.43,18.43,18.43,18.43,18.43,0,0.096,1.0
2018-09-17,18.440001000000002,18.440001000000002,18.440001000000002,18.440001000000002,18.440001000000002,0,0.0,1.0
2018-09-18,18.440001000000002,18.440001000000002,18.440001000000002,18.440001000000002,18.440001000000002,0,0.0,1.0
2018-09-19,18.440001000000002,18.440001000000002,18.440001000000002,18.440001000000002,18.440001000000002,0,0.0,1.0
2018-09-20,18.440001000000002,18.440001000000002,18.440001000000002,18.440001000000002,18.440001000000002,0,0.0,1.0
2018-09-21,18.459999,18.459999,18.459999,18.459999,18.459999,0,0.0,1.0
2018-09-24,18.459999,18.459999,18.459999,18.459999,18.459999,0,0.0,1.0
2018-09-25,18.450001,18.450001,18.450001,18.450001,18.450001,0,0.0,1.0
