date,close,high,low,open,volumefrom,volumeto
2013-05-08,0.0,0.0,0.0,0.0,0.0,0.0
2013-05-09,0.0,0.0,0.0,0.0,0.0,0.0
2013-05-10,0.0,0.0,0.0,0.0,0.0,0.0
2013-05-11,0.0,0.0,0.0,0.0,0.0,0.0
2013-05-12,0.0,0.0,0.0,0.0,0.0,0.0
2013-05-13,0.0,0.0,0.0,0.0,0.0,0.0
2013-05-14,0.0,0.0,0.0,0.0,0.0,0.0
2013-05-15,0.0,0.0,0.0,0.0,0.0,0.0
2013-05-16,0.0,0.0,0.0,0.0,0.0,0.0
2013-05-17,0.0,0.0,0.0,0.0,0.0,0.0
2013-05-18,0.0,0.0,0.0,0.0,0.0,0.0
2013-05-19,0.0,0.0,0.0,0.0,0.0,0.0
2013-05-20,0.0,0.0,0.0,0.0,0.0,0.0
2013-05-21,0.0,0.0,0.0,0.0,0.0,0.0
2013-05-22,0.0,0.0,0.0,0.0,0.0,0.0
2013-05-23,0.0,0.0,0.0,0.0,0.0,0.0
2013-05-24,0.0,0.0,0.0,0.0,0.0,0.0
2013-05-25,0.0,0.0,0.0,0.0,0.0,0.0
2013-05-26,0.0,0.0,0.0,0.0,0.0,0.0
2013-05-27,0.0,0.0,0.0,0.0,0.0,0.0
2013-05-28,0.0,0.0,0.0,0.0,0.0,0.0
2013-05-29,0.0,0.0,0.0,0.0,0.0,0.0
2013-05-30,0.0,0.0,0.0,0.0,0.0,0.0
2013-05-31,0.0,0.0,0.0,0.0,0.0,0.0
2013-06-01,0.0,0.0,0.0,0.0,0.0,0.0
2013-06-02,0.0,0.0,0.0,0.0,0.0,0.0
2013-06-03,0.0,0.0,0.0,0.0,0.0,0.0
2013-06-04,0.0,0.0,0.0,0.0,0.0,0.0
2013-06-05,0.0,0.0,0.0,0.0,0.0,0.0
2013-06-06,0.0,0.0,0.0,0.0,0.0,0.0
2013-06-07,0.0,0.0,0.0,0.0,0.0,0.0
2013-06-08,0.0,0.0,0.0,0.0,0.0,0.0
2013-06-09,0.0,0.0,0.0,0.0,0.0,0.0
2013-06-10,0.0,0.0,0.0,0.0,0.0,0.0
2013-06-11,0.0,0.0,0.0,0.0,0.0,0.0
2013-06-12,0.0,0.0,0.0,0.0,0.0,0.0
2013-06-13,0.0,0.0,0.0,0.0,0.0,0.0
2013-06-14,0.0,0.0,0.0,0.0,0.0,0.0
2013-06-15,0.0,0.0,0.0,0.0,0.0,0.0
2013-06-16,0.0,0.0,0.0,0.0,0.0,0.0
2013-06-17,0.0,0.0,0.0,0.0,0.0,0.0
2013-06-18,0.0,0.0,0.0,0.0,0.0,0.0
2013-06-19,0.0,0.0,0.0,0.0,0.0,0.0
2013-06-20,0.0,0.0,0.0,0.0,0.0,0.0
2013-06-21,0.0,0.0,0.0,0.0,0.0,0.0
2013-06-22,0.0,0.0,0.0,0.0,0.0,0.0
2013-06-23,0.0,0.0,0.0,0.0,0.0,0.0
2013-06-24,0.0,0.0,0.0,0.0,0.0,0.0
2013-06-25,0.0,0.0,0.0,0.0,0.0,0.0
2013-06-26,0.0,0.0,0.0,0.0,0.0,0.0
2013-06-27,0.0,0.0,0.0,0.0,0.0,0.0
2013-06-28,0.0,0.0,0.0,0.0,0.0,0.0
2013-06-29,0.0,0.0,0.0,0.0,0.0,0.0
2013-06-30,0.0,0.0,0.0,0.0,0.0,0.0
2013-07-01,0.0,0.0,0.0,0.0,0.0,0.0
2013-07-02,0.0,0.0,0.0,0.0,0.0,0.0
2013-07-03,0.0,0.0,0.0,0.0,0.0,0.0
2013-07-04,0.0,0.0,0.0,0.0,0.0,0.0
2013-07-05,0.0,0.0,0.0,0.0,0.0,0.0
2013-07-06,0.0,0.0,0.0,0.0,0.0,0.0
2013-07-07,0.0,0.0,0.0,0.0,0.0,0.0
2013-07-08,0.0,0.0,0.0,0.0,0.0,0.0
2013-07-09,0.0,0.0,0.0,0.0,0.0,0.0
2013-07-10,0.0,0.0,0.0,0.0,0.0,0.0
2013-07-11,0.0,0.0,0.0,0.0,0.0,0.0
2013-07-12,0.0,0.0,0.0,0.0,0.0,0.0
2013-07-13,0.0,0.0,0.0,0.0,0.0,0.0
2013-07-14,0.0,0.0,0.0,0.0,0.0,0.0
2013-07-15,0.0,0.0,0.0,0.0,0.0,0.0
2013-07-16,0.0,0.0,0.0,0.0,0.0,0.0
2013-07-17,0.0,0.0,0.0,0.0,0.0,0.0
2013-07-18,0.0,0.0,0.0,0.0,0.0,0.0
2013-07-19,0.0,0.0,0.0,0.0,0.0,0.0
2013-07-20,0.0,0.0,0.0,0.0,0.0,0.0
2013-07-21,0.0,0.0,0.0,0.0,0.0,0.0
2013-07-22,0.0,0.0,0.0,0.0,0.0,0.0
2013-07-23,0.0,0.0,0.0,0.0,0.0,0.0
2013-07-24,0.0,0.0,0.0,0.0,0.0,0.0
2013-07-25,0.0,0.0,0.0,0.0,0.0,0.0
2013-07-26,0.0,0.0,0.0,0.0,0.0,0.0
2013-07-27,0.0,0.0,0.0,0.0,0.0,0.0
2013-07-28,0.0,0.0,0.0,0.0,0.0,0.0
2013-07-29,0.0,0.0,0.0,0.0,0.0,0.0
2013-07-30,0.0,0.0,0.0,0.0,0.0,0.0
2013-07-31,0.0,0.0,0.0,0.0,0.0,0.0
2013-08-01,0.0,0.0,0.0,0.0,0.0,0.0
2013-08-02,0.0,0.0,0.0,0.0,0.0,0.0
2013-08-03,0.0,0.0,0.0,0.0,0.0,0.0
2013-08-04,0.0,0.0,0.0,0.0,0.0,0.0
2013-08-05,0.0,0.0,0.0,0.0,0.0,0.0
2013-08-06,0.0,0.0,0.0,0.0,0.0,0.0
2013-08-07,0.0,0.0,0.0,0.0,0.0,0.0
2013-08-08,0.0,0.0,0.0,0.0,0.0,0.0
2013-08-09,0.0,0.0,0.0,0.0,0.0,0.0
2013-08-10,0.0,0.0,0.0,0.0,0.0,0.0
2013-08-11,0.0,0.0,0.0,0.0,0.0,0.0
2013-08-12,0.0,0.0,0.0,0.0,0.0,0.0
2013-08-13,0.0,0.0,0.0,0.0,0.0,0.0
2013-08-14,0.0,0.0,0.0,0.0,0.0,0.0
2013-08-15,0.0,0.0,0.0,0.0,0.0,0.0
2013-08-16,0.0,0.0,0.0,0.0,0.0,0.0
2013-08-17,0.0,0.0,0.0,0.0,0.0,0.0
2013-08-18,0.0,0.0,0.0,0.0,0.0,0.0
2013-08-19,0.0,0.0,0.0,0.0,0.0,0.0
2013-08-20,0.0,0.0,0.0,0.0,0.0,0.0
2013-08-21,0.0,0.0,0.0,0.0,0.0,0.0
2013-08-22,0.0,0.0,0.0,0.0,0.0,0.0
2013-08-23,0.0,0.0,0.0,0.0,0.0,0.0
2013-08-24,0.0,0.0,0.0,0.0,0.0,0.0
2013-08-25,0.0,0.0,0.0,0.0,0.0,0.0
2013-08-26,0.0,0.0,0.0,0.0,0.0,0.0
2013-08-27,0.0,0.0,0.0,0.0,0.0,0.0
2013-08-28,0.0,0.0,0.0,0.0,0.0,0.0
2013-08-29,0.0,0.0,0.0,0.0,0.0,0.0
2013-08-30,0.0,0.0,0.0,0.0,0.0,0.0
2013-08-31,0.0,0.0,0.0,0.0,0.0,0.0
2013-09-01,0.0,0.0,0.0,0.0,0.0,0.0
2013-09-02,0.0,0.0,0.0,0.0,0.0,0.0
2013-09-03,0.0,0.0,0.0,0.0,0.0,0.0
2013-09-04,0.0,0.0,0.0,0.0,0.0,0.0
2013-09-05,0.0,0.0,0.0,0.0,0.0,0.0
2013-09-06,0.0,0.0,0.0,0.0,0.0,0.0
2013-09-07,0.0,0.0,0.0,0.0,0.0,0.0
2013-09-08,0.0,0.0,0.0,0.0,0.0,0.0
2013-09-09,0.0,0.0,0.0,0.0,0.0,0.0
2013-09-10,0.0,0.0,0.0,0.0,0.0,0.0
2013-09-11,0.0,0.0,0.0,0.0,0.0,0.0
2013-09-12,0.0,0.0,0.0,0.0,0.0,0.0
2013-09-13,0.0,0.0,0.0,0.0,0.0,0.0
2013-09-14,0.0,0.0,0.0,0.0,0.0,0.0
2013-09-15,0.0,0.0,0.0,0.0,0.0,0.0
2013-09-16,0.0,0.0,0.0,0.0,0.0,0.0
2013-09-17,0.0,0.0,0.0,0.0,0.0,0.0
2013-09-18,0.0,0.0,0.0,0.0,0.0,0.0
2013-09-19,0.0,0.0,0.0,0.0,0.0,0.0
2013-09-20,0.0,0.0,0.0,0.0,0.0,0.0
2013-09-21,0.0,0.0,0.0,0.0,0.0,0.0
2013-09-22,0.0,0.0,0.0,0.0,0.0,0.0
2013-09-23,0.0,0.0,0.0,0.0,0.0,0.0
2013-09-24,0.0,0.0,0.0,0.0,0.0,0.0
2013-09-25,0.0,0.0,0.0,0.0,0.0,0.0
2013-09-26,0.0,0.0,0.0,0.0,0.0,0.0
2013-09-27,0.0,0.0,0.0,0.0,0.0,0.0
2013-09-28,0.0,0.0,0.0,0.0,0.0,0.0
2013-09-29,0.0,0.0,0.0,0.0,0.0,0.0
2013-09-30,0.0,0.0,0.0,0.0,0.0,0.0
2013-10-01,0.0,0.0,0.0,0.0,0.0,0.0
2013-10-02,0.0,0.0,0.0,0.0,0.0,0.0
2013-10-03,0.0,0.0,0.0,0.0,0.0,0.0
2013-10-04,0.0,0.0,0.0,0.0,0.0,0.0
2013-10-05,0.0,0.0,0.0,0.0,0.0,0.0
2013-10-06,0.0,0.0,0.0,0.0,0.0,0.0
2013-10-07,0.0,0.0,0.0,0.0,0.0,0.0
2013-10-08,0.0,0.0,0.0,0.0,0.0,0.0
2013-10-09,0.0,0.0,0.0,0.0,0.0,0.0
2013-10-10,0.0,0.0,0.0,0.0,0.0,0.0
2013-10-11,0.0,0.0,0.0,0.0,0.0,0.0
2013-10-12,0.0,0.0,0.0,0.0,0.0,0.0
2013-10-13,0.0,0.0,0.0,0.0,0.0,0.0
2013-10-14,0.0,0.0,0.0,0.0,0.0,0.0
2013-10-15,0.0,0.0,0.0,0.0,0.0,0.0
2013-10-16,0.0,0.0,0.0,0.0,0.0,0.0
2013-10-17,0.0,0.0,0.0,0.0,0.0,0.0
2013-10-18,0.0,0.0,0.0,0.0,0.0,0.0
2013-10-19,0.0,0.0,0.0,0.0,0.0,0.0
2013-10-20,0.0,0.0,0.0,0.0,0.0,0.0
2013-10-21,0.0,0.0,0.0,0.0,0.0,0.0
2013-10-22,0.0,0.0,0.0,0.0,0.0,0.0
2013-10-23,0.0,0.0,0.0,0.0,0.0,0.0
2013-10-24,0.0,0.0,0.0,0.0,0.0,0.0
2013-10-25,0.0,0.0,0.0,0.0,0.0,0.0
2013-10-26,0.0,0.0,0.0,0.0,0.0,0.0
2013-10-27,0.0,0.0,0.0,0.0,0.0,0.0
2013-10-28,0.0,0.0,0.0,0.0,0.0,0.0
2013-10-29,0.0,0.0,0.0,0.0,0.0,0.0
2013-10-30,0.0,0.0,0.0,0.0,0.0,0.0
2013-10-31,0.0,0.0,0.0,0.0,0.0,0.0
2013-11-01,0.0,0.0,0.0,0.0,0.0,0.0
2013-11-02,0.0,0.0,0.0,0.0,0.0,0.0
2013-11-03,0.0,0.0,0.0,0.0,0.0,0.0
2013-11-04,0.0,0.0,0.0,0.0,0.0,0.0
2013-11-05,0.0,0.0,0.0,0.0,0.0,0.0
2013-11-06,0.0,0.0,0.0,0.0,0.0,0.0
2013-11-07,0.0,0.0,0.0,0.0,0.0,0.0
2013-11-08,0.0,0.0,0.0,0.0,0.0,0.0
2013-11-09,0.0,0.0,0.0,0.0,0.0,0.0
2013-11-10,0.0,0.0,0.0,0.0,0.0,0.0
2013-11-11,0.0,0.0,0.0,0.0,0.0,0.0
2013-11-12,0.0,0.0,0.0,0.0,0.0,0.0
2013-11-13,0.0,0.0,0.0,0.0,0.0,0.0
2013-11-14,0.0,0.0,0.0,0.0,0.0,0.0
2013-11-15,0.0,0.0,0.0,0.0,0.0,0.0
2013-11-16,0.0,0.0,0.0,0.0,0.0,0.0
2013-11-17,0.0,0.0,0.0,0.0,0.0,0.0
2013-11-18,0.0,0.0,0.0,0.0,0.0,0.0
2013-11-19,0.0,0.0,0.0,0.0,0.0,0.0
2013-11-20,0.0,0.0,0.0,0.0,0.0,0.0
2013-11-21,0.0,0.0,0.0,0.0,0.0,0.0
2013-11-22,0.0,0.0,0.0,0.0,0.0,0.0
2013-11-23,0.0,0.0,0.0,0.0,0.0,0.0
2013-11-24,0.0,0.0,0.0,0.0,0.0,0.0
2013-11-25,0.0,0.0,0.0,0.0,0.0,0.0
2013-11-26,0.0,0.0,0.0,0.0,0.0,0.0
2013-11-27,0.0,0.0,0.0,0.0,0.0,0.0
2013-11-28,0.0,0.0,0.0,0.0,0.0,0.0
2013-11-29,0.0,0.0,0.0,0.0,0.0,0.0
2013-11-30,0.0,0.0,0.0,0.0,0.0,0.0
2013-12-01,0.0,0.0,0.0,0.0,0.0,0.0
2013-12-02,0.0,0.0,0.0,0.0,0.0,0.0
2013-12-03,0.0,0.0,0.0,0.0,0.0,0.0
2013-12-04,0.0,0.0,0.0,0.0,0.0,0.0
2013-12-05,0.0,0.0,0.0,0.0,0.0,0.0
2013-12-06,0.0,0.0,0.0,0.0,0.0,0.0
2013-12-07,0.0,0.0,0.0,0.0,0.0,0.0
2013-12-08,0.0,0.0,0.0,0.0,0.0,0.0
2013-12-09,0.0,0.0,0.0,0.0,0.0,0.0
2013-12-10,0.0,0.0,0.0,0.0,0.0,0.0
2013-12-11,0.0,0.0,0.0,0.0,0.0,0.0
2013-12-12,0.0,0.0,0.0,0.0,0.0,0.0
2013-12-13,0.0,0.0,0.0,0.0,0.0,0.0
2013-12-14,0.0,0.0,0.0,0.0,0.0,0.0
2013-12-15,0.0,0.0,0.0,0.0,0.0,0.0
2013-12-16,0.0,0.0,0.0,0.0,0.0,0.0
2013-12-17,0.0,0.0,0.0,0.0,0.0,0.0
2013-12-18,0.0,0.0,0.0,0.0,0.0,0.0
2013-12-19,0.0,0.0,0.0,0.0,0.0,0.0
2013-12-20,0.0,0.0,0.0,0.0,0.0,0.0
2013-12-21,0.0,0.0,0.0,0.0,0.0,0.0
2013-12-22,0.0,0.0,0.0,0.0,0.0,0.0
2013-12-23,0.0,0.0,0.0,0.0,0.0,0.0
2013-12-24,0.0,0.0,0.0,0.0,0.0,0.0
2013-12-25,0.0,0.0,0.0,0.0,0.0,0.0
2013-12-26,0.0,0.0,0.0,0.0,0.0,0.0
2013-12-27,0.0,0.0,0.0,0.0,0.0,0.0
2013-12-28,0.0,0.0,0.0,0.0,0.0,0.0
2013-12-29,0.0,0.0,0.0,0.0,0.0,0.0
2013-12-30,0.0,0.0,0.0,0.0,0.0,0.0
2013-12-31,0.0,0.0,0.0,0.0,0.0,0.0
2014-01-01,0.0,0.0,0.0,0.0,0.0,0.0
2014-01-02,0.0,0.0,0.0,0.0,0.0,0.0
2014-01-03,0.0,0.0,0.0,0.0,0.0,0.0
2014-01-04,0.0,0.0,0.0,0.0,0.0,0.0
2014-01-05,0.0,0.0,0.0,0.0,0.0,0.0
2014-01-06,0.0,0.0,0.0,0.0,0.0,0.0
2014-01-07,0.0,0.0,0.0,0.0,0.0,0.0
2014-01-08,0.0,0.0,0.0,0.0,0.0,0.0
2014-01-09,0.0,0.0,0.0,0.0,0.0,0.0
2014-01-10,0.0,0.0,0.0,0.0,0.0,0.0
2014-01-11,0.0,0.0,0.0,0.0,0.0,0.0
2014-01-12,0.0,0.0,0.0,0.0,0.0,0.0
2014-01-13,0.0,0.0,0.0,0.0,0.0,0.0
2014-01-14,0.0,0.0,0.0,0.0,0.0,0.0
2014-01-15,0.0,0.0,0.0,0.0,0.0,0.0
2014-01-16,0.0,0.0,0.0,0.0,0.0,0.0
2014-01-17,0.0,0.0,0.0,0.0,0.0,0.0
2014-01-18,0.0,0.0,0.0,0.0,0.0,0.0
2014-01-19,0.0,0.0,0.0,0.0,0.0,0.0
2014-01-20,0.0,0.0,0.0,0.0,0.0,0.0
2014-01-21,0.0,0.0,0.0,0.0,0.0,0.0
2014-01-22,0.0,0.0,0.0,0.0,0.0,0.0
2014-01-23,0.0,0.0,0.0,0.0,0.0,0.0
2014-01-24,0.0,0.0,0.0,0.0,0.0,0.0
2014-01-25,0.0,0.0,0.0,0.0,0.0,0.0
2014-01-26,0.0,0.0,0.0,0.0,0.0,0.0
2014-01-27,0.0,0.0,0.0,0.0,0.0,0.0
2014-01-28,0.0,0.0,0.0,0.0,0.0,0.0
2014-01-29,0.0,0.0,0.0,0.0,0.0,0.0
2014-01-30,0.0,0.0,0.0,0.0,0.0,0.0
2014-01-31,0.0,0.0,0.0,0.0,0.0,0.0
2014-02-01,0.0,0.0,0.0,0.0,0.0,0.0
2014-02-02,0.0,0.0,0.0,0.0,0.0,0.0
2014-02-03,0.0,0.0,0.0,0.0,0.0,0.0
2014-02-04,0.0,0.0,0.0,0.0,0.0,0.0
2014-02-05,0.0,0.0,0.0,0.0,0.0,0.0
2014-02-06,0.0,0.0,0.0,0.0,0.0,0.0
2014-02-07,0.0,0.0,0.0,0.0,0.0,0.0
2014-02-08,0.0,0.0,0.0,0.0,0.0,0.0
2014-02-09,0.0,0.0,0.0,0.0,0.0,0.0
2014-02-10,0.0,0.0,0.0,0.0,0.0,0.0
2014-02-11,0.0,0.0,0.0,0.0,0.0,0.0
2014-02-12,0.0,0.0,0.0,0.0,0.0,0.0
2014-02-13,0.0,0.0,0.0,0.0,0.0,0.0
2014-02-14,0.0,0.0,0.0,0.0,0.0,0.0
2014-02-15,0.0,0.0,0.0,0.0,0.0,0.0
2014-02-16,0.0,0.0,0.0,0.0,0.0,0.0
2014-02-17,0.0,0.0,0.0,0.0,0.0,0.0
2014-02-18,0.0,0.0,0.0,0.0,0.0,0.0
2014-02-19,0.0,0.0,0.0,0.0,0.0,0.0
2014-02-20,0.0,0.0,0.0,0.0,0.0,0.0
2014-02-21,0.0,0.0,0.0,0.0,0.0,0.0
2014-02-22,0.0,0.0,0.0,0.0,0.0,0.0
2014-02-23,0.0,0.0,0.0,0.0,0.0,0.0
2014-02-24,0.0,0.0,0.0,0.0,0.0,0.0
2014-02-25,0.0,0.0,0.0,0.0,0.0,0.0
2014-02-26,0.0,0.0,0.0,0.0,0.0,0.0
2014-02-27,0.0,0.0,0.0,0.0,0.0,0.0
2014-02-28,0.0,0.0,0.0,0.0,0.0,0.0
2014-03-01,0.0,0.0,0.0,0.0,0.0,0.0
2014-03-02,0.0,0.0,0.0,0.0,0.0,0.0
2014-03-03,0.0,0.0,0.0,0.0,0.0,0.0
2014-03-04,0.0,0.0,0.0,0.0,0.0,0.0
2014-03-05,0.0,0.0,0.0,0.0,0.0,0.0
2014-03-06,0.0,0.0,0.0,0.0,0.0,0.0
2014-03-07,0.0,0.0,0.0,0.0,0.0,0.0
2014-03-08,0.0,0.0,0.0,0.0,0.0,0.0
2014-03-09,0.0,0.0,0.0,0.0,0.0,0.0
2014-03-10,0.0,0.0,0.0,0.0,0.0,0.0
2014-03-11,0.0,0.0,0.0,0.0,0.0,0.0
2014-03-12,0.0,0.0,0.0,0.0,0.0,0.0
2014-03-13,0.0,0.0,0.0,0.0,0.0,0.0
2014-03-14,0.0,0.0,0.0,0.0,0.0,0.0
2014-03-15,0.0,0.0,0.0,0.0,0.0,0.0
2014-03-16,0.0,0.0,0.0,0.0,0.0,0.0
2014-03-17,0.0,0.0,0.0,0.0,0.0,0.0
2014-03-18,0.0,0.0,0.0,0.0,0.0,0.0
2014-03-19,0.0,0.0,0.0,0.0,0.0,0.0
2014-03-20,0.0,0.0,0.0,0.0,0.0,0.0
2014-03-21,0.0,0.0,0.0,0.0,0.0,0.0
2014-03-22,0.0,0.0,0.0,0.0,0.0,0.0
2014-03-23,0.0,0.0,0.0,0.0,0.0,0.0
2014-03-24,0.0,0.0,0.0,0.0,0.0,0.0
2014-03-25,0.0,0.0,0.0,0.0,0.0,0.0
2014-03-26,0.0,0.0,0.0,0.0,0.0,0.0
2014-03-27,0.0,0.0,0.0,0.0,0.0,0.0
2014-03-28,0.0,0.0,0.0,0.0,0.0,0.0
2014-03-29,0.0,0.0,0.0,0.0,0.0,0.0
2014-03-30,0.0,0.0,0.0,0.0,0.0,0.0
2014-03-31,0.0,0.0,0.0,0.0,0.0,0.0
2014-04-01,0.0,0.0,0.0,0.0,0.0,0.0
2014-04-02,0.0,0.0,0.0,0.0,0.0,0.0
2014-04-03,0.0,0.0,0.0,0.0,0.0,0.0
2014-04-04,0.0,0.0,0.0,0.0,0.0,0.0
2014-04-05,0.0,0.0,0.0,0.0,0.0,0.0
2014-04-06,0.0,0.0,0.0,0.0,0.0,0.0
2014-04-07,0.0,0.0,0.0,0.0,0.0,0.0
2014-04-08,0.0,0.0,0.0,0.0,0.0,0.0
2014-04-09,0.0,0.0,0.0,0.0,0.0,0.0
2014-04-10,0.0,0.0,0.0,0.0,0.0,0.0
2014-04-11,0.0,0.0,0.0,0.0,0.0,0.0
2014-04-12,0.0,0.0,0.0,0.0,0.0,0.0
2014-04-13,0.0,0.0,0.0,0.0,0.0,0.0
2014-04-14,0.0,0.0,0.0,0.0,0.0,0.0
2014-04-15,0.0,0.0,0.0,0.0,0.0,0.0
2014-04-16,0.0,0.0,0.0,0.0,0.0,0.0
2014-04-17,0.0,0.0,0.0,0.0,0.0,0.0
2014-04-18,0.0,0.0,0.0,0.0,0.0,0.0
2014-04-19,0.0,0.0,0.0,0.0,0.0,0.0
2014-04-20,0.0,0.0,0.0,0.0,0.0,0.0
2014-04-21,0.0,0.0,0.0,0.0,0.0,0.0
2014-04-22,0.0,0.0,0.0,0.0,0.0,0.0
2014-04-23,0.0,0.0,0.0,0.0,0.0,0.0
2014-04-24,0.0,0.0,0.0,0.0,0.0,0.0
2014-04-25,0.0,0.0,0.0,0.0,0.0,0.0
2014-04-26,0.0,0.0,0.0,0.0,0.0,0.0
2014-04-27,0.0,0.0,0.0,0.0,0.0,0.0
2014-04-28,0.0,0.0,0.0,0.0,0.0,0.0
2014-04-29,0.0,0.0,0.0,0.0,0.0,0.0
2014-04-30,0.0,0.0,0.0,0.0,0.0,0.0
2014-05-01,0.0,0.0,0.0,0.0,0.0,0.0
2014-05-02,0.0,0.0,0.0,0.0,0.0,0.0
2014-05-03,0.0,0.0,0.0,0.0,0.0,0.0
2014-05-04,0.0,0.0,0.0,0.0,0.0,0.0
2014-05-05,0.0,0.0,0.0,0.0,0.0,0.0
2014-05-06,0.0,0.0,0.0,0.0,0.0,0.0
2014-05-07,0.0,0.0,0.0,0.0,0.0,0.0
2014-05-08,0.0,0.0,0.0,0.0,0.0,0.0
2014-05-09,0.0,0.0,0.0,0.0,0.0,0.0
2014-05-10,0.0,0.0,0.0,0.0,0.0,0.0
2014-05-11,0.0,0.0,0.0,0.0,0.0,0.0
2014-05-12,0.0,0.0,0.0,0.0,0.0,0.0
2014-05-13,0.0,0.0,0.0,0.0,0.0,0.0
2014-05-14,0.0,0.0,0.0,0.0,0.0,0.0
2014-05-15,0.0,0.0,0.0,0.0,0.0,0.0
2014-05-16,0.0,0.0,0.0,0.0,0.0,0.0
2014-05-17,0.0,0.0,0.0,0.0,0.0,0.0
2014-05-18,0.0,0.0,0.0,0.0,0.0,0.0
2014-05-19,0.0,0.0,0.0,0.0,0.0,0.0
2014-05-20,0.0,0.0,0.0,0.0,0.0,0.0
2014-05-21,0.0,0.0,0.0,0.0,0.0,0.0
2014-05-22,0.0,0.0,0.0,0.0,0.0,0.0
2014-05-23,0.0,0.0,0.0,0.0,0.0,0.0
2014-05-24,0.0,0.0,0.0,0.0,0.0,0.0
2014-05-25,0.0,0.0,0.0,0.0,0.0,0.0
2014-05-26,0.0,0.0,0.0,0.0,0.0,0.0
2014-05-27,0.0,0.0,0.0,0.0,0.0,0.0
2014-05-28,0.0,0.0,0.0,0.0,0.0,0.0
2014-05-29,0.0,0.0,0.0,0.0,0.0,0.0
2014-05-30,0.0,0.0,0.0,0.0,0.0,0.0
2014-05-31,0.0,0.0,0.0,0.0,0.0,0.0
2014-06-01,0.0,0.0,0.0,0.0,0.0,0.0
2014-06-02,0.0,0.0,0.0,0.0,0.0,0.0
2014-06-03,0.0,0.0,0.0,0.0,0.0,0.0
2014-06-04,0.0,0.0,0.0,0.0,0.0,0.0
2014-06-05,0.0,0.0,0.0,0.0,0.0,0.0
2014-06-06,0.0,0.0,0.0,0.0,0.0,0.0
2014-06-07,0.0,0.0,0.0,0.0,0.0,0.0
2014-06-08,0.0,0.0,0.0,0.0,0.0,0.0
2014-06-09,0.0,0.0,0.0,0.0,0.0,0.0
2014-06-10,0.0,0.0,0.0,0.0,0.0,0.0
2014-06-11,0.0,0.0,0.0,0.0,0.0,0.0
2014-06-12,0.0,0.0,0.0,0.0,0.0,0.0
2014-06-13,0.0,0.0,0.0,0.0,0.0,0.0
2014-06-14,0.0,0.0,0.0,0.0,0.0,0.0
2014-06-15,0.0,0.0,0.0,0.0,0.0,0.0
2014-06-16,0.0,0.0,0.0,0.0,0.0,0.0
2014-06-17,0.0,0.0,0.0,0.0,0.0,0.0
2014-06-18,0.0,0.0,0.0,0.0,0.0,0.0
2014-06-19,0.0,0.0,0.0,0.0,0.0,0.0
2014-06-20,0.0,0.0,0.0,0.0,0.0,0.0
2014-06-21,0.0,0.0,0.0,0.0,0.0,0.0
2014-06-22,0.0,0.0,0.0,0.0,0.0,0.0
2014-06-23,0.0,0.0,0.0,0.0,0.0,0.0
2014-06-24,0.0,0.0,0.0,0.0,0.0,0.0
2014-06-25,0.0,0.0,0.0,0.0,0.0,0.0
2014-06-26,0.0,0.0,0.0,0.0,0.0,0.0
2014-06-27,0.0,0.0,0.0,0.0,0.0,0.0
2014-06-28,0.0,0.0,0.0,0.0,0.0,0.0
2014-06-29,0.0,0.0,0.0,0.0,0.0,0.0
2014-06-30,0.0,0.0,0.0,0.0,0.0,0.0
2014-07-01,0.0,0.0,0.0,0.0,0.0,0.0
2014-07-02,0.0,0.0,0.0,0.0,0.0,0.0
2014-07-03,0.0,0.0,0.0,0.0,0.0,0.0
2014-07-04,0.0,0.0,0.0,0.0,0.0,0.0
2014-07-05,0.0,0.0,0.0,0.0,0.0,0.0
2014-07-06,0.0,0.0,0.0,0.0,0.0,0.0
2014-07-07,0.0,0.0,0.0,0.0,0.0,0.0
2014-07-08,0.0,0.0,0.0,0.0,0.0,0.0
2014-07-09,0.0,0.0,0.0,0.0,0.0,0.0
2014-07-10,0.0,0.0,0.0,0.0,0.0,0.0
2014-07-11,0.0,0.0,0.0,0.0,0.0,0.0
2014-07-12,0.0,0.0,0.0,0.0,0.0,0.0
2014-07-13,0.0,0.0,0.0,0.0,0.0,0.0
2014-07-14,0.0,0.0,0.0,0.0,0.0,0.0
2014-07-15,0.0,0.0,0.0,0.0,0.0,0.0
2014-07-16,0.0,0.0,0.0,0.0,0.0,0.0
2014-07-17,0.0,0.0,0.0,0.0,0.0,0.0
2014-07-18,0.0,0.0,0.0,0.0,0.0,0.0
2014-07-19,0.0,0.0,0.0,0.0,0.0,0.0
2014-07-20,0.0,0.0,0.0,0.0,0.0,0.0
2014-07-21,0.0,0.0,0.0,0.0,0.0,0.0
2014-07-22,0.0,0.0,0.0,0.0,0.0,0.0
2014-07-23,0.0,0.0,0.0,0.0,0.0,0.0
2014-07-24,0.0,0.0,0.0,0.0,0.0,0.0
2014-07-25,0.0,0.0,0.0,0.0,0.0,0.0
2014-07-26,0.0,0.0,0.0,0.0,0.0,0.0
2014-07-27,0.0,0.0,0.0,0.0,0.0,0.0
2014-07-28,0.0,0.0,0.0,0.0,0.0,0.0
2014-07-29,0.0,0.0,0.0,0.0,0.0,0.0
2014-07-30,0.0,0.0,0.0,0.0,0.0,0.0
2014-07-31,0.0,0.0,0.0,0.0,0.0,0.0
2014-08-01,0.0,0.0,0.0,0.0,0.0,0.0
2014-08-02,0.0,0.0,0.0,0.0,0.0,0.0
2014-08-03,0.0,0.0,0.0,0.0,0.0,0.0
2014-08-04,0.0,0.0,0.0,0.0,0.0,0.0
2014-08-05,0.0,0.0,0.0,0.0,0.0,0.0
2014-08-06,0.0,0.0,0.0,0.0,0.0,0.0
2014-08-07,0.0,0.0,0.0,0.0,0.0,0.0
2014-08-08,0.0,0.0,0.0,0.0,0.0,0.0
2014-08-09,0.0,0.0,0.0,0.0,0.0,0.0
2014-08-10,0.0,0.0,0.0,0.0,0.0,0.0
2014-08-11,0.0,0.0,0.0,0.0,0.0,0.0
2014-08-12,0.0,0.0,0.0,0.0,0.0,0.0
2014-08-13,0.0,0.0,0.0,0.0,0.0,0.0
2014-08-14,0.0,0.0,0.0,0.0,0.0,0.0
2014-08-15,0.0,0.0,0.0,0.0,0.0,0.0
2014-08-16,0.0,0.0,0.0,0.0,0.0,0.0
2014-08-17,0.0,0.0,0.0,0.0,0.0,0.0
2014-08-18,0.0,0.0,0.0,0.0,0.0,0.0
2014-08-19,0.0,0.0,0.0,0.0,0.0,0.0
2014-08-20,0.0,0.0,0.0,0.0,0.0,0.0
2014-08-21,0.0,0.0,0.0,0.0,0.0,0.0
2014-08-22,0.0,0.0,0.0,0.0,0.0,0.0
2014-08-23,0.0,0.0,0.0,0.0,0.0,0.0
2014-08-24,0.0,0.0,0.0,0.0,0.0,0.0
2014-08-25,0.0,0.0,0.0,0.0,0.0,0.0
2014-08-26,0.0,0.0,0.0,0.0,0.0,0.0
2014-08-27,0.0,0.0,0.0,0.0,0.0,0.0
2014-08-28,0.0,0.0,0.0,0.0,0.0,0.0
2014-08-29,0.0,0.0,0.0,0.0,0.0,0.0
2014-08-30,0.0,0.0,0.0,0.0,0.0,0.0
2014-08-31,0.0,0.0,0.0,0.0,0.0,0.0
2014-09-01,0.0,0.0,0.0,0.0,0.0,0.0
2014-09-02,0.0,0.0,0.0,0.0,0.0,0.0
2014-09-03,0.0,0.0,0.0,0.0,0.0,0.0
2014-09-04,0.0,0.0,0.0,0.0,0.0,0.0
2014-09-05,0.0,0.0,0.0,0.0,0.0,0.0
2014-09-06,0.0,0.0,0.0,0.0,0.0,0.0
2014-09-07,0.0,0.0,0.0,0.0,0.0,0.0
2014-09-08,0.0,0.0,0.0,0.0,0.0,0.0
2014-09-09,0.0,0.0,0.0,0.0,0.0,0.0
2014-09-10,0.0,0.0,0.0,0.0,0.0,0.0
2014-09-11,0.0,0.0,0.0,0.0,0.0,0.0
2014-09-12,0.0,0.0,0.0,0.0,0.0,0.0
2014-09-13,0.0,0.0,0.0,0.0,0.0,0.0
2014-09-14,0.0,0.0,0.0,0.0,0.0,0.0
2014-09-15,0.0,0.0,0.0,0.0,0.0,0.0
2014-09-16,0.0,0.0,0.0,0.0,0.0,0.0
2014-09-17,0.0,0.0,0.0,0.0,0.0,0.0
2014-09-18,0.0,0.0,0.0,0.0,0.0,0.0
2014-09-19,0.0,0.0,0.0,0.0,0.0,0.0
2014-09-20,0.0,0.0,0.0,0.0,0.0,0.0
2014-09-21,0.0,0.0,0.0,0.0,0.0,0.0
2014-09-22,0.0,0.0,0.0,0.0,0.0,0.0
2014-09-23,0.0,0.0,0.0,0.0,0.0,0.0
2014-09-24,0.0,0.0,0.0,0.0,0.0,0.0
2014-09-25,0.0,0.0,0.0,0.0,0.0,0.0
2014-09-26,0.0,0.0,0.0,0.0,0.0,0.0
2014-09-27,0.0,0.0,0.0,0.0,0.0,0.0
2014-09-28,0.0,0.0,0.0,0.0,0.0,0.0
2014-09-29,0.0,0.0,0.0,0.0,0.0,0.0
2014-09-30,0.0,0.0,0.0,0.0,0.0,0.0
2014-10-01,0.0,0.0,0.0,0.0,0.0,0.0
2014-10-02,0.0,0.0,0.0,0.0,0.0,0.0
2014-10-03,0.0,0.0,0.0,0.0,0.0,0.0
2014-10-04,0.0,0.0,0.0,0.0,0.0,0.0
2014-10-05,0.0,0.0,0.0,0.0,0.0,0.0
2014-10-06,0.0,0.0,0.0,0.0,0.0,0.0
2014-10-07,0.0,0.0,0.0,0.0,0.0,0.0
2014-10-08,0.0,0.0,0.0,0.0,0.0,0.0
2014-10-09,0.0,0.0,0.0,0.0,0.0,0.0
2014-10-10,0.0,0.0,0.0,0.0,0.0,0.0
2014-10-11,0.0,0.0,0.0,0.0,0.0,0.0
2014-10-12,0.0,0.0,0.0,0.0,0.0,0.0
2014-10-13,0.0,0.0,0.0,0.0,0.0,0.0
2014-10-14,0.0,0.0,0.0,0.0,0.0,0.0
2014-10-15,0.0,0.0,0.0,0.0,0.0,0.0
2014-10-16,0.0,0.0,0.0,0.0,0.0,0.0
2014-10-17,0.0,0.0,0.0,0.0,0.0,0.0
2014-10-18,0.0,0.0,0.0,0.0,0.0,0.0
2014-10-19,0.0,0.0,0.0,0.0,0.0,0.0
2014-10-20,0.0,0.0,0.0,0.0,0.0,0.0
2014-10-21,0.0,0.0,0.0,0.0,0.0,0.0
2014-10-22,0.0,0.0,0.0,0.0,0.0,0.0
2014-10-23,0.0,0.0,0.0,0.0,0.0,0.0
2014-10-24,0.0,0.0,0.0,0.0,0.0,0.0
2014-10-25,0.0,0.0,0.0,0.0,0.0,0.0
2014-10-26,0.0,0.0,0.0,0.0,0.0,0.0
2014-10-27,0.0,0.0,0.0,0.0,0.0,0.0
2014-10-28,0.0,0.0,0.0,0.0,0.0,0.0
2014-10-29,0.0,0.0,0.0,0.0,0.0,0.0
2014-10-30,0.0,0.0,0.0,0.0,0.0,0.0
2014-10-31,0.0,0.0,0.0,0.0,0.0,0.0
2014-11-01,0.0,0.0,0.0,0.0,0.0,0.0
2014-11-02,0.0,0.0,0.0,0.0,0.0,0.0
2014-11-03,0.0,0.0,0.0,0.0,0.0,0.0
2014-11-04,0.0,0.0,0.0,0.0,0.0,0.0
2014-11-05,0.0,0.0,0.0,0.0,0.0,0.0
2014-11-06,0.0,0.0,0.0,0.0,0.0,0.0
2014-11-07,0.0,0.0,0.0,0.0,0.0,0.0
2014-11-08,0.0,0.0,0.0,0.0,0.0,0.0
2014-11-09,0.0,0.0,0.0,0.0,0.0,0.0
2014-11-10,0.0,0.0,0.0,0.0,0.0,0.0
2014-11-11,0.0,0.0,0.0,0.0,0.0,0.0
2014-11-12,0.0,0.0,0.0,0.0,0.0,0.0
2014-11-13,0.0,0.0,0.0,0.0,0.0,0.0
2014-11-14,0.0,0.0,0.0,0.0,0.0,0.0
2014-11-15,0.0,0.0,0.0,0.0,0.0,0.0
2014-11-16,0.0,0.0,0.0,0.0,0.0,0.0
2014-11-17,0.0,0.0,0.0,0.0,0.0,0.0
2014-11-18,0.0,0.0,0.0,0.0,0.0,0.0
2014-11-19,0.0,0.0,0.0,0.0,0.0,0.0
2014-11-20,0.0,0.0,0.0,0.0,0.0,0.0
2014-11-21,0.0,0.0,0.0,0.0,0.0,0.0
2014-11-22,0.0,0.0,0.0,0.0,0.0,0.0
2014-11-23,0.0,0.0,0.0,0.0,0.0,0.0
2014-11-24,0.0,0.0,0.0,0.0,0.0,0.0
2014-11-25,0.0,0.0,0.0,0.0,0.0,0.0
2014-11-26,0.0,0.0,0.0,0.0,0.0,0.0
2014-11-27,0.0,0.0,0.0,0.0,0.0,0.0
2014-11-28,0.0,0.0,0.0,0.0,0.0,0.0
2014-11-29,0.0,0.0,0.0,0.0,0.0,0.0
2014-11-30,0.0,0.0,0.0,0.0,0.0,0.0
2014-12-01,0.0,0.0,0.0,0.0,0.0,0.0
2014-12-02,0.0,0.0,0.0,0.0,0.0,0.0
2014-12-03,0.0,0.0,0.0,0.0,0.0,0.0
2014-12-04,0.0,0.0,0.0,0.0,0.0,0.0
2014-12-05,0.0,0.0,0.0,0.0,0.0,0.0
2014-12-06,0.0,0.0,0.0,0.0,0.0,0.0
2014-12-07,0.0,0.0,0.0,0.0,0.0,0.0
2014-12-08,0.0,0.0,0.0,0.0,0.0,0.0
2014-12-09,0.0,0.0,0.0,0.0,0.0,0.0
2014-12-10,0.0,0.0,0.0,0.0,0.0,0.0
2014-12-11,0.0,0.0,0.0,0.0,0.0,0.0
2014-12-12,0.0,0.0,0.0,0.0,0.0,0.0
2014-12-13,0.0,0.0,0.0,0.0,0.0,0.0
2014-12-14,0.0,0.0,0.0,0.0,0.0,0.0
2014-12-15,0.0,0.0,0.0,0.0,0.0,0.0
2014-12-16,0.0,0.0,0.0,0.0,0.0,0.0
2014-12-17,0.0,0.0,0.0,0.0,0.0,0.0
2014-12-18,0.0,0.0,0.0,0.0,0.0,0.0
2014-12-19,0.0,0.0,0.0,0.0,0.0,0.0
2014-12-20,0.0,0.0,0.0,0.0,0.0,0.0
2014-12-21,0.0,0.0,0.0,0.0,0.0,0.0
2014-12-22,0.0,0.0,0.0,0.0,0.0,0.0
2014-12-23,0.0,0.0,0.0,0.0,0.0,0.0
2014-12-24,0.0,0.0,0.0,0.0,0.0,0.0
2014-12-25,0.0,0.0,0.0,0.0,0.0,0.0
2014-12-26,0.0,0.0,0.0,0.0,0.0,0.0
2014-12-27,0.0,0.0,0.0,0.0,0.0,0.0
2014-12-28,0.0,0.0,0.0,0.0,0.0,0.0
2014-12-29,0.0,0.0,0.0,0.0,0.0,0.0
2014-12-30,0.0,0.0,0.0,0.0,0.0,0.0
2014-12-31,0.0,0.0,0.0,0.0,0.0,0.0
2015-01-01,0.0,0.0,0.0,0.0,0.0,0.0
2015-01-02,0.0,0.0,0.0,0.0,0.0,0.0
2015-01-03,0.0,0.0,0.0,0.0,0.0,0.0
2015-01-04,0.0,0.0,0.0,0.0,0.0,0.0
2015-01-05,0.0,0.0,0.0,0.0,0.0,0.0
2015-01-06,0.0,0.0,0.0,0.0,0.0,0.0
2015-01-07,0.0,0.0,0.0,0.0,0.0,0.0
2015-01-08,0.0,0.0,0.0,0.0,0.0,0.0
2015-01-09,0.0,0.0,0.0,0.0,0.0,0.0
2015-01-10,0.0,0.0,0.0,0.0,0.0,0.0
2015-01-11,0.0,0.0,0.0,0.0,0.0,0.0
2015-01-12,0.0,0.0,0.0,0.0,0.0,0.0
2015-01-13,0.0,0.0,0.0,0.0,0.0,0.0
2015-01-14,0.0,0.0,0.0,0.0,0.0,0.0
2015-01-15,0.0,0.0,0.0,0.0,0.0,0.0
2015-01-16,0.0,0.0,0.0,0.0,0.0,0.0
2015-01-17,0.0,0.0,0.0,0.0,0.0,0.0
2015-01-18,0.0,0.0,0.0,0.0,0.0,0.0
2015-01-19,0.0,0.0,0.0,0.0,0.0,0.0
2015-01-20,0.0,0.0,0.0,0.0,0.0,0.0
2015-01-21,0.0,0.0,0.0,0.0,0.0,0.0
2015-01-22,0.0,0.0,0.0,0.0,0.0,0.0
2015-01-23,0.0,0.0,0.0,0.0,0.0,0.0
2015-01-24,0.0,0.0,0.0,0.0,0.0,0.0
2015-01-25,0.0,0.0,0.0,0.0,0.0,0.0
2015-01-26,0.0,0.0,0.0,0.0,0.0,0.0
2015-01-27,0.0,0.0,0.0,0.0,0.0,0.0
2015-01-28,0.0,0.0,0.0,0.0,0.0,0.0
2015-01-29,0.0,0.0,0.0,0.0,0.0,0.0
2015-01-30,0.0,0.0,0.0,0.0,0.0,0.0
2015-01-31,0.0,0.0,0.0,0.0,0.0,0.0
2015-02-01,0.0,0.0,0.0,0.0,0.0,0.0
2015-02-02,0.0,0.0,0.0,0.0,0.0,0.0
2015-02-03,0.0,0.0,0.0,0.0,0.0,0.0
2015-02-04,0.0,0.0,0.0,0.0,0.0,0.0
2015-02-05,0.0,0.0,0.0,0.0,0.0,0.0
2015-02-06,0.0,0.0,0.0,0.0,0.0,0.0
2015-02-07,0.0,0.0,0.0,0.0,0.0,0.0
2015-02-08,0.0,0.0,0.0,0.0,0.0,0.0
2015-02-09,0.0,0.0,0.0,0.0,0.0,0.0
2015-02-10,0.0,0.0,0.0,0.0,0.0,0.0
2015-02-11,0.0,0.0,0.0,0.0,0.0,0.0
2015-02-12,0.0,0.0,0.0,0.0,0.0,0.0
2015-02-13,0.0,0.0,0.0,0.0,0.0,0.0
2015-02-14,0.0,0.0,0.0,0.0,0.0,0.0
2015-02-15,0.0,0.0,0.0,0.0,0.0,0.0
2015-02-16,0.0,0.0,0.0,0.0,0.0,0.0
2015-02-17,0.0,0.0,0.0,0.0,0.0,0.0
2015-02-18,0.0,0.0,0.0,0.0,0.0,0.0
2015-02-19,0.0,0.0,0.0,0.0,0.0,0.0
2015-02-20,0.0,0.0,0.0,0.0,0.0,0.0
2015-02-21,0.0,0.0,0.0,0.0,0.0,0.0
2015-02-22,0.0,0.0,0.0,0.0,0.0,0.0
2015-02-23,0.0,0.0,0.0,0.0,0.0,0.0
2015-02-24,0.0,0.0,0.0,0.0,0.0,0.0
2015-02-25,0.0,0.0,0.0,0.0,0.0,0.0
2015-02-26,0.0,0.0,0.0,0.0,0.0,0.0
2015-02-27,0.0,0.0,0.0,0.0,0.0,0.0
2015-02-28,0.0,0.0,0.0,0.0,0.0,0.0
2015-03-01,0.0,0.0,0.0,0.0,0.0,0.0
2015-03-02,0.0,0.0,0.0,0.0,0.0,0.0
2015-03-03,0.0,0.0,0.0,0.0,0.0,0.0
2015-03-04,0.0,0.0,0.0,0.0,0.0,0.0
2015-03-05,0.0,0.0,0.0,0.0,0.0,0.0
2015-03-06,0.0,0.0,0.0,0.0,0.0,0.0
2015-03-07,0.0,0.0,0.0,0.0,0.0,0.0
2015-03-08,0.0,0.0,0.0,0.0,0.0,0.0
2015-03-09,0.0,0.0,0.0,0.0,0.0,0.0
2015-03-10,0.0,0.0,0.0,0.0,0.0,0.0
2015-03-11,0.0,0.0,0.0,0.0,0.0,0.0
2015-03-12,0.0,0.0,0.0,0.0,0.0,0.0
2015-03-13,0.0,0.0,0.0,0.0,0.0,0.0
2015-03-14,0.0,0.0,0.0,0.0,0.0,0.0
2015-03-15,0.0,0.0,0.0,0.0,0.0,0.0
2015-03-16,0.0,0.0,0.0,0.0,0.0,0.0
2015-03-17,0.0,0.0,0.0,0.0,0.0,0.0
2015-03-18,0.0,0.0,0.0,0.0,0.0,0.0
2015-03-19,0.0,0.0,0.0,0.0,0.0,0.0
2015-03-20,0.0,0.0,0.0,0.0,0.0,0.0
2015-03-21,0.0,0.0,0.0,0.0,0.0,0.0
2015-03-22,0.0,0.0,0.0,0.0,0.0,0.0
2015-03-23,0.0,0.0,0.0,0.0,0.0,0.0
2015-03-24,0.0,0.0,0.0,0.0,0.0,0.0
2015-03-25,0.0,0.0,0.0,0.0,0.0,0.0
2015-03-26,0.0,0.0,0.0,0.0,0.0,0.0
2015-03-27,0.0,0.0,0.0,0.0,0.0,0.0
2015-03-28,0.0,0.0,0.0,0.0,0.0,0.0
2015-03-29,0.0,0.0,0.0,0.0,0.0,0.0
2015-03-30,0.0,0.0,0.0,0.0,0.0,0.0
2015-03-31,0.0,0.0,0.0,0.0,0.0,0.0
2015-04-01,0.0,0.0,0.0,0.0,0.0,0.0
2015-04-02,0.0,0.0,0.0,0.0,0.0,0.0
2015-04-03,0.0,0.0,0.0,0.0,0.0,0.0
2015-04-04,0.0,0.0,0.0,0.0,0.0,0.0
2015-04-05,0.0,0.0,0.0,0.0,0.0,0.0
2015-04-06,0.0,0.0,0.0,0.0,0.0,0.0
2015-04-07,0.0,0.0,0.0,0.0,0.0,0.0
2015-04-08,0.0,0.0,0.0,0.0,0.0,0.0
2015-04-09,0.0,0.0,0.0,0.0,0.0,0.0
2015-04-10,0.0,0.0,0.0,0.0,0.0,0.0
2015-04-11,0.0,0.0,0.0,0.0,0.0,0.0
2015-04-12,0.0,0.0,0.0,0.0,0.0,0.0
2015-04-13,0.0,0.0,0.0,0.0,0.0,0.0
2015-04-14,0.0,0.0,0.0,0.0,0.0,0.0
2015-04-15,0.0,0.0,0.0,0.0,0.0,0.0
2015-04-16,0.0,0.0,0.0,0.0,0.0,0.0
2015-04-17,0.0,0.0,0.0,0.0,0.0,0.0
2015-04-18,0.0,0.0,0.0,0.0,0.0,0.0
2015-04-19,0.0,0.0,0.0,0.0,0.0,0.0
2015-04-20,0.0,0.0,0.0,0.0,0.0,0.0
2015-04-21,0.0,0.0,0.0,0.0,0.0,0.0
2015-04-22,0.0,0.0,0.0,0.0,0.0,0.0
2015-04-23,0.0,0.0,0.0,0.0,0.0,0.0
2015-04-24,0.0,0.0,0.0,0.0,0.0,0.0
2015-04-25,0.0,0.0,0.0,0.0,0.0,0.0
2015-04-26,0.0,0.0,0.0,0.0,0.0,0.0
2015-04-27,0.0,0.0,0.0,0.0,0.0,0.0
2015-04-28,0.0,0.0,0.0,0.0,0.0,0.0
2015-04-29,0.0,0.0,0.0,0.0,0.0,0.0
2015-04-30,0.0,0.0,0.0,0.0,0.0,0.0
2015-05-01,0.0,0.0,0.0,0.0,0.0,0.0
2015-05-02,0.0,0.0,0.0,0.0,0.0,0.0
2015-05-03,0.0,0.0,0.0,0.0,0.0,0.0
2015-05-04,0.0,0.0,0.0,0.0,0.0,0.0
2015-05-05,0.0,0.0,0.0,0.0,0.0,0.0
2015-05-06,0.0,0.0,0.0,0.0,0.0,0.0
2015-05-07,0.0,0.0,0.0,0.0,0.0,0.0
2015-05-08,0.0,0.0,0.0,0.0,0.0,0.0
2015-05-09,0.0,0.0,0.0,0.0,0.0,0.0
2015-05-10,0.0,0.0,0.0,0.0,0.0,0.0
2015-05-11,0.0,0.0,0.0,0.0,0.0,0.0
2015-05-12,0.0,0.0,0.0,0.0,0.0,0.0
2015-05-13,0.0,0.0,0.0,0.0,0.0,0.0
2015-05-14,0.0,0.0,0.0,0.0,0.0,0.0
2015-05-15,0.0,0.0,0.0,0.0,0.0,0.0
2015-05-16,0.0,0.0,0.0,0.0,0.0,0.0
2015-05-17,0.0,0.0,0.0,0.0,0.0,0.0
2015-05-18,0.0,0.0,0.0,0.0,0.0,0.0
2015-05-19,0.0,0.0,0.0,0.0,0.0,0.0
2015-05-20,0.0,0.0,0.0,0.0,0.0,0.0
2015-05-21,0.0,0.0,0.0,0.0,0.0,0.0
2015-05-22,0.0,0.0,0.0,0.0,0.0,0.0
2015-05-23,0.0,0.0,0.0,0.0,0.0,0.0
2015-05-24,0.0,0.0,0.0,0.0,0.0,0.0
2015-05-25,0.0,0.0,0.0,0.0,0.0,0.0
2015-05-26,0.0,0.0,0.0,0.0,0.0,0.0
2015-05-27,0.0,0.0,0.0,0.0,0.0,0.0
2015-05-28,0.0,0.0,0.0,0.0,0.0,0.0
2015-05-29,0.0,0.0,0.0,0.0,0.0,0.0
2015-05-30,0.0,0.0,0.0,0.0,0.0,0.0
2015-05-31,0.0,0.0,0.0,0.0,0.0,0.0
2015-06-01,0.0,0.0,0.0,0.0,0.0,0.0
2015-06-02,0.0,0.0,0.0,0.0,0.0,0.0
2015-06-03,0.0,0.0,0.0,0.0,0.0,0.0
2015-06-04,0.0,0.0,0.0,0.0,0.0,0.0
2015-06-05,0.0,0.0,0.0,0.0,0.0,0.0
2015-06-06,0.0,0.0,0.0,0.0,0.0,0.0
2015-06-07,0.0,0.0,0.0,0.0,0.0,0.0
2015-06-08,0.0,0.0,0.0,0.0,0.0,0.0
2015-06-09,0.0,0.0,0.0,0.0,0.0,0.0
2015-06-10,0.0,0.0,0.0,0.0,0.0,0.0
2015-06-11,0.0,0.0,0.0,0.0,0.0,0.0
2015-06-12,0.0,0.0,0.0,0.0,0.0,0.0
2015-06-13,0.0,0.0,0.0,0.0,0.0,0.0
2015-06-14,0.0,0.0,0.0,0.0,0.0,0.0
2015-06-15,0.0,0.0,0.0,0.0,0.0,0.0
2015-06-16,0.0,0.0,0.0,0.0,0.0,0.0
2015-06-17,0.0,0.0,0.0,0.0,0.0,0.0
2015-06-18,0.0,0.0,0.0,0.0,0.0,0.0
2015-06-19,0.0,0.0,0.0,0.0,0.0,0.0
2015-06-20,0.0,0.0,0.0,0.0,0.0,0.0
2015-06-21,0.0,0.0,0.0,0.0,0.0,0.0
2015-06-22,0.0,0.0,0.0,0.0,0.0,0.0
2015-06-23,0.0,0.0,0.0,0.0,0.0,0.0
2015-06-24,0.0,0.0,0.0,0.0,0.0,0.0
2015-06-25,0.0,0.0,0.0,0.0,0.0,0.0
2015-06-26,0.0,0.0,0.0,0.0,0.0,0.0
2015-06-27,0.0,0.0,0.0,0.0,0.0,0.0
2015-06-28,0.0,0.0,0.0,0.0,0.0,0.0
2015-06-29,0.0,0.0,0.0,0.0,0.0,0.0
2015-06-30,0.0,0.0,0.0,0.0,0.0,0.0
2015-07-01,0.0,0.0,0.0,0.0,0.0,0.0
2015-07-02,0.0,0.0,0.0,0.0,0.0,0.0
2015-07-03,0.0,0.0,0.0,0.0,0.0,0.0
2015-07-04,0.0,0.0,0.0,0.0,0.0,0.0
2015-07-05,0.0,0.0,0.0,0.0,0.0,0.0
2015-07-06,0.0,0.0,0.0,0.0,0.0,0.0
2015-07-07,0.0,0.0,0.0,0.0,0.0,0.0
2015-07-08,0.0,0.0,0.0,0.0,0.0,0.0
2015-07-09,0.0,0.0,0.0,0.0,0.0,0.0
2015-07-10,0.0,0.0,0.0,0.0,0.0,0.0
2015-07-11,0.0,0.0,0.0,0.0,0.0,0.0
2015-07-12,0.0,0.0,0.0,0.0,0.0,0.0
2015-07-13,0.0,0.0,0.0,0.0,0.0,0.0
2015-07-14,0.0,0.0,0.0,0.0,0.0,0.0
2015-07-15,0.0,0.0,0.0,0.0,0.0,0.0
2015-07-16,0.0,0.0,0.0,0.0,0.0,0.0
2015-07-17,0.0,0.0,0.0,0.0,0.0,0.0
2015-07-18,0.0,0.0,0.0,0.0,0.0,0.0
2015-07-19,0.0,0.0,0.0,0.0,0.0,0.0
2015-07-20,0.0,0.0,0.0,0.0,0.0,0.0
2015-07-21,0.0,0.0,0.0,0.0,0.0,0.0
2015-07-22,0.0,0.0,0.0,0.0,0.0,0.0
2015-07-23,0.0,0.0,0.0,0.0,0.0,0.0
2015-07-24,0.0,0.0,0.0,0.0,0.0,0.0
2015-07-25,0.0,0.0,0.0,0.0,0.0,0.0
2015-07-26,0.0,0.0,0.0,0.0,0.0,0.0
2015-07-27,0.0,0.0,0.0,0.0,0.0,0.0
2015-07-28,0.0,0.0,0.0,0.0,0.0,0.0
2015-07-29,0.0,0.0,0.0,0.0,0.0,0.0
2015-07-30,0.0,0.0,0.0,0.0,0.0,0.0
2015-07-31,0.0,0.0,0.0,0.0,0.0,0.0
2015-08-01,0.0,0.0,0.0,0.0,0.0,0.0
2015-08-02,0.0,0.0,0.0,0.0,0.0,0.0
2015-08-03,0.0,0.0,0.0,0.0,0.0,0.0
2015-08-04,0.0,0.0,0.0,0.0,0.0,0.0
2015-08-05,0.0,0.0,0.0,0.0,0.0,0.0
2015-08-06,0.0,0.0,0.0,0.0,0.0,0.0
2015-08-07,0.0,0.0,0.0,0.0,0.0,0.0
2015-08-08,0.0,0.0,0.0,0.0,0.0,0.0
2015-08-09,0.0,0.0,0.0,0.0,0.0,0.0
2015-08-10,0.0,0.0,0.0,0.0,0.0,0.0
2015-08-11,0.0,0.0,0.0,0.0,0.0,0.0
2015-08-12,0.0,0.0,0.0,0.0,0.0,0.0
2015-08-13,0.0,0.0,0.0,0.0,0.0,0.0
2015-08-14,0.0,0.0,0.0,0.0,0.0,0.0
2015-08-15,0.0,0.0,0.0,0.0,0.0,0.0
2015-08-16,0.0,0.0,0.0,0.0,0.0,0.0
2015-08-17,0.0,0.0,0.0,0.0,0.0,0.0
2015-08-18,0.0,0.0,0.0,0.0,0.0,0.0
2015-08-19,0.0,0.0,0.0,0.0,0.0,0.0
2015-08-20,0.0,0.0,0.0,0.0,0.0,0.0
2015-08-21,0.0,0.0,0.0,0.0,0.0,0.0
2015-08-22,0.0,0.0,0.0,0.0,0.0,0.0
2015-08-23,0.0,0.0,0.0,0.0,0.0,0.0
2015-08-24,0.0,0.0,0.0,0.0,0.0,0.0
2015-08-25,0.0,0.0,0.0,0.0,0.0,0.0
2015-08-26,0.0,0.0,0.0,0.0,0.0,0.0
2015-08-27,0.0,0.0,0.0,0.0,0.0,0.0
2015-08-28,0.0,0.0,0.0,0.0,0.0,0.0
2015-08-29,0.0,0.0,0.0,0.0,0.0,0.0
2015-08-30,0.0,0.0,0.0,0.0,0.0,0.0
2015-08-31,0.0,0.0,0.0,0.0,0.0,0.0
2015-09-01,0.0,0.0,0.0,0.0,0.0,0.0
2015-09-02,0.0,0.0,0.0,0.0,0.0,0.0
2015-09-03,0.0,0.0,0.0,0.0,0.0,0.0
2015-09-04,0.0,0.0,0.0,0.0,0.0,0.0
2015-09-05,0.0,0.0,0.0,0.0,0.0,0.0
2015-09-06,0.0,0.0,0.0,0.0,0.0,0.0
2015-09-07,0.0,0.0,0.0,0.0,0.0,0.0
2015-09-08,0.0,0.0,0.0,0.0,0.0,0.0
2015-09-09,0.0,0.0,0.0,0.0,0.0,0.0
2015-09-10,0.0,0.0,0.0,0.0,0.0,0.0
2015-09-11,0.0,0.0,0.0,0.0,0.0,0.0
2015-09-12,0.0,0.0,0.0,0.0,0.0,0.0
2015-09-13,0.0,0.0,0.0,0.0,0.0,0.0
2015-09-14,0.0,0.0,0.0,0.0,0.0,0.0
2015-09-15,0.0,0.0,0.0,0.0,0.0,0.0
2015-09-16,0.0,0.0,0.0,0.0,0.0,0.0
2015-09-17,0.0,0.0,0.0,0.0,0.0,0.0
2015-09-18,0.0,0.0,0.0,0.0,0.0,0.0
2015-09-19,0.0,0.0,0.0,0.0,0.0,0.0
2015-09-20,0.0,0.0,0.0,0.0,0.0,0.0
2015-09-21,0.0,0.0,0.0,0.0,0.0,0.0
2015-09-22,0.0,0.0,0.0,0.0,0.0,0.0
2015-09-23,0.0,0.0,0.0,0.0,0.0,0.0
2015-09-24,0.0,0.0,0.0,0.0,0.0,0.0
2015-09-25,0.0,0.0,0.0,0.0,0.0,0.0
2015-09-26,0.0,0.0,0.0,0.0,0.0,0.0
2015-09-27,0.0,0.0,0.0,0.0,0.0,0.0
2015-09-28,0.0,0.0,0.0,0.0,0.0,0.0
2015-09-29,0.0,0.0,0.0,0.0,0.0,0.0
2015-09-30,0.0,0.0,0.0,0.0,0.0,0.0
2015-10-01,0.0,0.0,0.0,0.0,0.0,0.0
2015-10-02,0.0,0.0,0.0,0.0,0.0,0.0
2015-10-03,0.0,0.0,0.0,0.0,0.0,0.0
2015-10-04,0.0,0.0,0.0,0.0,0.0,0.0
2015-10-05,0.0,0.0,0.0,0.0,0.0,0.0
2015-10-06,0.0,0.0,0.0,0.0,0.0,0.0
2015-10-07,0.0,0.0,0.0,0.0,0.0,0.0
2015-10-08,0.0,0.0,0.0,0.0,0.0,0.0
2015-10-09,0.0,0.0,0.0,0.0,0.0,0.0
2015-10-10,0.0,0.0,0.0,0.0,0.0,0.0
2015-10-11,0.0,0.0,0.0,0.0,0.0,0.0
2015-10-12,0.0,0.0,0.0,0.0,0.0,0.0
2015-10-13,0.0,0.0,0.0,0.0,0.0,0.0
2015-10-14,0.0,0.0,0.0,0.0,0.0,0.0
2015-10-15,0.0,0.0,0.0,0.0,0.0,0.0
2015-10-16,0.0,0.0,0.0,0.0,0.0,0.0
2015-10-17,0.0,0.0,0.0,0.0,0.0,0.0
2015-10-18,0.0,0.0,0.0,0.0,0.0,0.0
2015-10-19,0.0,0.0,0.0,0.0,0.0,0.0
2015-10-20,0.0,0.0,0.0,0.0,0.0,0.0
2015-10-21,0.0,0.0,0.0,0.0,0.0,0.0
2015-10-22,0.0,0.0,0.0,0.0,0.0,0.0
2015-10-23,0.0,0.0,0.0,0.0,0.0,0.0
2015-10-24,0.0,0.0,0.0,0.0,0.0,0.0
2015-10-25,0.0,0.0,0.0,0.0,0.0,0.0
2015-10-26,0.0,0.0,0.0,0.0,0.0,0.0
2015-10-27,0.0,0.0,0.0,0.0,0.0,0.0
2015-10-28,0.0,0.0,0.0,0.0,0.0,0.0
2015-10-29,0.0,0.0,0.0,0.0,0.0,0.0
2015-10-30,0.0,0.0,0.0,0.0,0.0,0.0
2015-10-31,0.0,0.0,0.0,0.0,0.0,0.0
2015-11-01,0.0,0.0,0.0,0.0,0.0,0.0
2015-11-02,0.0,0.0,0.0,0.0,0.0,0.0
2015-11-03,0.0,0.0,0.0,0.0,0.0,0.0
2015-11-04,0.0,0.0,0.0,0.0,0.0,0.0
2015-11-05,0.0,0.0,0.0,0.0,0.0,0.0
2015-11-06,0.0,0.0,0.0,0.0,0.0,0.0
2015-11-07,0.0,0.0,0.0,0.0,0.0,0.0
2015-11-08,0.0,0.0,0.0,0.0,0.0,0.0
2015-11-09,0.0,0.0,0.0,0.0,0.0,0.0
2015-11-10,0.0,0.0,0.0,0.0,0.0,0.0
2015-11-11,0.0,0.0,0.0,0.0,0.0,0.0
2015-11-12,0.0,0.0,0.0,0.0,0.0,0.0
2015-11-13,0.0,0.0,0.0,0.0,0.0,0.0
2015-11-14,0.0,0.0,0.0,0.0,0.0,0.0
2015-11-15,0.0,0.0,0.0,0.0,0.0,0.0
2015-11-16,0.0,0.0,0.0,0.0,0.0,0.0
2015-11-17,0.0,0.0,0.0,0.0,0.0,0.0
2015-11-18,0.0,0.0,0.0,0.0,0.0,0.0
2015-11-19,0.0,0.0,0.0,0.0,0.0,0.0
2015-11-20,0.0,0.0,0.0,0.0,0.0,0.0
2015-11-21,0.0,0.0,0.0,0.0,0.0,0.0
2015-11-22,0.0,0.0,0.0,0.0,0.0,0.0
2015-11-23,0.0,0.0,0.0,0.0,0.0,0.0
2015-11-24,0.0,0.0,0.0,0.0,0.0,0.0
2015-11-25,0.0,0.0,0.0,0.0,0.0,0.0
2015-11-26,0.0,0.0,0.0,0.0,0.0,0.0
2015-11-27,0.0,0.0,0.0,0.0,0.0,0.0
2015-11-28,0.0,0.0,0.0,0.0,0.0,0.0
2015-11-29,0.0,0.0,0.0,0.0,0.0,0.0
2015-11-30,0.0,0.0,0.0,0.0,0.0,0.0
2015-12-01,0.0,0.0,0.0,0.0,0.0,0.0
2015-12-02,0.0,0.0,0.0,0.0,0.0,0.0
2015-12-03,0.0,0.0,0.0,0.0,0.0,0.0
2015-12-04,0.0,0.0,0.0,0.0,0.0,0.0
2015-12-05,0.0,0.0,0.0,0.0,0.0,0.0
2015-12-06,0.0,0.0,0.0,0.0,0.0,0.0
2015-12-07,0.0,0.0,0.0,0.0,0.0,0.0
2015-12-08,0.0,0.0,0.0,0.0,0.0,0.0
2015-12-09,0.0,0.0,0.0,0.0,0.0,0.0
2015-12-10,0.0,0.0,0.0,0.0,0.0,0.0
2015-12-11,0.0,0.0,0.0,0.0,0.0,0.0
2015-12-12,0.0,0.0,0.0,0.0,0.0,0.0
2015-12-13,0.0,0.0,0.0,0.0,0.0,0.0
2015-12-14,0.0,0.0,0.0,0.0,0.0,0.0
2015-12-15,0.0,0.0,0.0,0.0,0.0,0.0
2015-12-16,0.0,0.0,0.0,0.0,0.0,0.0
2015-12-17,0.0,0.0,0.0,0.0,0.0,0.0
2015-12-18,0.0,0.0,0.0,0.0,0.0,0.0
2015-12-19,0.0,0.0,0.0,0.0,0.0,0.0
2015-12-20,0.0,0.0,0.0,0.0,0.0,0.0
2015-12-21,0.0,0.0,0.0,0.0,0.0,0.0
2015-12-22,0.0,0.0,0.0,0.0,0.0,0.0
2015-12-23,0.0,0.0,0.0,0.0,0.0,0.0
2015-12-24,0.0,0.0,0.0,0.0,0.0,0.0
2015-12-25,0.0,0.0,0.0,0.0,0.0,0.0
2015-12-26,0.0,0.0,0.0,0.0,0.0,0.0
2015-12-27,0.0,0.0,0.0,0.0,0.0,0.0
2015-12-28,0.0,0.0,0.0,0.0,0.0,0.0
2015-12-29,0.0,0.0,0.0,0.0,0.0,0.0
2015-12-30,0.0,0.0,0.0,0.0,0.0,0.0
2015-12-31,0.0,0.0,0.0,0.0,0.0,0.0
2016-01-01,0.0,0.0,0.0,0.0,0.0,0.0
2016-01-02,0.0,0.0,0.0,0.0,0.0,0.0
2016-01-03,0.0,0.0,0.0,0.0,0.0,0.0
2016-01-04,0.0,0.0,0.0,0.0,0.0,0.0
2016-01-05,0.0,0.0,0.0,0.0,0.0,0.0
2016-01-06,0.0,0.0,0.0,0.0,0.0,0.0
2016-01-07,0.0,0.0,0.0,0.0,0.0,0.0
2016-01-08,0.0,0.0,0.0,0.0,0.0,0.0
2016-01-09,0.0,0.0,0.0,0.0,0.0,0.0
2016-01-10,0.0,0.0,0.0,0.0,0.0,0.0
2016-01-11,0.0,0.0,0.0,0.0,0.0,0.0
2016-01-12,0.0,0.0,0.0,0.0,0.0,0.0
2016-01-13,0.0,0.0,0.0,0.0,0.0,0.0
2016-01-14,0.0,0.0,0.0,0.0,0.0,0.0
2016-01-15,0.0,0.0,0.0,0.0,0.0,0.0
2016-01-16,0.0,0.0,0.0,0.0,0.0,0.0
2016-01-17,0.0,0.0,0.0,0.0,0.0,0.0
2016-01-18,0.0,0.0,0.0,0.0,0.0,0.0
2016-01-19,0.0,0.0,0.0,0.0,0.0,0.0
2016-01-20,0.0,0.0,0.0,0.0,0.0,0.0
2016-01-21,0.0,0.0,0.0,0.0,0.0,0.0
2016-01-22,0.0,0.0,0.0,0.0,0.0,0.0
2016-01-23,0.0,0.0,0.0,0.0,0.0,0.0
2016-01-24,0.0,0.0,0.0,0.0,0.0,0.0
2016-01-25,0.0,0.0,0.0,0.0,0.0,0.0
2016-01-26,0.0,0.0,0.0,0.0,0.0,0.0
2016-01-27,0.0,0.0,0.0,0.0,0.0,0.0
2016-01-28,0.0,0.0,0.0,0.0,0.0,0.0
2016-01-29,0.0,0.0,0.0,0.0,0.0,0.0
2016-01-30,0.0,0.0,0.0,0.0,0.0,0.0
2016-01-31,0.0,0.0,0.0,0.0,0.0,0.0
2016-02-01,0.0,0.0,0.0,0.0,0.0,0.0
2016-02-02,0.0,0.0,0.0,0.0,0.0,0.0
2016-02-03,0.0,0.0,0.0,0.0,0.0,0.0
2016-02-04,0.0,0.0,0.0,0.0,0.0,0.0
2016-02-05,0.0,0.0,0.0,0.0,0.0,0.0
2016-02-06,0.0,0.0,0.0,0.0,0.0,0.0
2016-02-07,0.0,0.0,0.0,0.0,0.0,0.0
2016-02-08,0.0,0.0,0.0,0.0,0.0,0.0
2016-02-09,0.0,0.0,0.0,0.0,0.0,0.0
2016-02-10,0.0,0.0,0.0,0.0,0.0,0.0
2016-02-11,0.0,0.0,0.0,0.0,0.0,0.0
2016-02-12,0.0,0.0,0.0,0.0,0.0,0.0
2016-02-13,0.0,0.0,0.0,0.0,0.0,0.0
2016-02-14,0.0,0.0,0.0,0.0,0.0,0.0
2016-02-15,0.0,0.0,0.0,0.0,0.0,0.0
2016-02-16,0.0,0.0,0.0,0.0,0.0,0.0
2016-02-17,0.0,0.0,0.0,0.0,0.0,0.0
2016-02-18,0.0,0.0,0.0,0.0,0.0,0.0
2016-02-19,0.0,0.0,0.0,0.0,0.0,0.0
2016-02-20,0.0,0.0,0.0,0.0,0.0,0.0
2016-02-21,0.0,0.0,0.0,0.0,0.0,0.0
2016-02-22,0.0,0.0,0.0,0.0,0.0,0.0
2016-02-23,0.0,0.0,0.0,0.0,0.0,0.0
2016-02-24,0.0,0.0,0.0,0.0,0.0,0.0
2016-02-25,0.0,0.0,0.0,0.0,0.0,0.0
2016-02-26,0.0,0.0,0.0,0.0,0.0,0.0
2016-02-27,0.0,0.0,0.0,0.0,0.0,0.0
2016-02-28,0.0,0.0,0.0,0.0,0.0,0.0
2016-02-29,0.0,0.0,0.0,0.0,0.0,0.0
2016-03-01,0.0,0.0,0.0,0.0,0.0,0.0
2016-03-02,0.0,0.0,0.0,0.0,0.0,0.0
2016-03-03,0.0,0.0,0.0,0.0,0.0,0.0
2016-03-04,0.0,0.0,0.0,0.0,0.0,0.0
2016-03-05,0.0,0.0,0.0,0.0,0.0,0.0
2016-03-06,0.0,0.0,0.0,0.0,0.0,0.0
2016-03-07,0.0,0.0,0.0,0.0,0.0,0.0
2016-03-08,0.0,0.0,0.0,0.0,0.0,0.0
2016-03-09,0.0,0.0,0.0,0.0,0.0,0.0
2016-03-10,0.0,0.0,0.0,0.0,0.0,0.0
2016-03-11,0.0,0.0,0.0,0.0,0.0,0.0
2016-03-12,0.0,0.0,0.0,0.0,0.0,0.0
2016-03-13,0.0,0.0,0.0,0.0,0.0,0.0
2016-03-14,0.0,0.0,0.0,0.0,0.0,0.0
2016-03-15,0.0,0.0,0.0,0.0,0.0,0.0
2016-03-16,0.0,0.0,0.0,0.0,0.0,0.0
2016-03-17,0.0,0.0,0.0,0.0,0.0,0.0
2016-03-18,0.0,0.0,0.0,0.0,0.0,0.0
2016-03-19,0.0,0.0,0.0,0.0,0.0,0.0
2016-03-20,0.0,0.0,0.0,0.0,0.0,0.0
2016-03-21,0.0,0.0,0.0,0.0,0.0,0.0
2016-03-22,0.0,0.0,0.0,0.0,0.0,0.0
2016-03-23,0.0,0.0,0.0,0.0,0.0,0.0
2016-03-24,0.0,0.0,0.0,0.0,0.0,0.0
2016-03-25,0.0,0.0,0.0,0.0,0.0,0.0
2016-03-26,0.0,0.0,0.0,0.0,0.0,0.0
2016-03-27,0.0,0.0,0.0,0.0,0.0,0.0
2016-03-28,0.0,0.0,0.0,0.0,0.0,0.0
2016-03-29,0.0,0.0,0.0,0.0,0.0,0.0
2016-03-30,0.0,0.0,0.0,0.0,0.0,0.0
2016-03-31,0.0,0.0,0.0,0.0,0.0,0.0
2016-04-01,0.0,0.0,0.0,0.0,0.0,0.0
2016-04-02,0.0,0.0,0.0,0.0,0.0,0.0
2016-04-03,0.0,0.0,0.0,0.0,0.0,0.0
2016-04-04,0.0,0.0,0.0,0.0,0.0,0.0
2016-04-05,0.0,0.0,0.0,0.0,0.0,0.0
2016-04-06,0.0,0.0,0.0,0.0,0.0,0.0
2016-04-07,0.0,0.0,0.0,0.0,0.0,0.0
2016-04-08,0.0,0.0,0.0,0.0,0.0,0.0
2016-04-09,0.0,0.0,0.0,0.0,0.0,0.0
2016-04-10,0.0,0.0,0.0,0.0,0.0,0.0
2016-04-11,0.0,0.0,0.0,0.0,0.0,0.0
2016-04-12,0.0,0.0,0.0,0.0,0.0,0.0
2016-04-13,0.0,0.0,0.0,0.0,0.0,0.0
2016-04-14,0.0,0.0,0.0,0.0,0.0,0.0
2016-04-15,0.0,0.0,0.0,0.0,0.0,0.0
2016-04-16,0.0,0.0,0.0,0.0,0.0,0.0
2016-04-17,0.0,0.0,0.0,0.0,0.0,0.0
2016-04-18,0.0,0.0,0.0,0.0,0.0,0.0
2016-04-19,0.0,0.0,0.0,0.0,0.0,0.0
2016-04-20,0.0,0.0,0.0,0.0,0.0,0.0
2016-04-21,0.0,0.0,0.0,0.0,0.0,0.0
2016-04-22,0.0,0.0,0.0,0.0,0.0,0.0
2016-04-23,0.0,0.0,0.0,0.0,0.0,0.0
2016-04-24,0.0,0.0,0.0,0.0,0.0,0.0
2016-04-25,0.0,0.0,0.0,0.0,0.0,0.0
2016-04-26,0.0,0.0,0.0,0.0,0.0,0.0
2016-04-27,0.0,0.0,0.0,0.0,0.0,0.0
2016-04-28,0.0,0.0,0.0,0.0,0.0,0.0
2016-04-29,0.0,0.0,0.0,0.0,0.0,0.0
2016-04-30,0.0,0.0,0.0,0.0,0.0,0.0
2016-05-01,0.0,0.0,0.0,0.0,0.0,0.0
2016-05-02,0.0,0.0,0.0,0.0,0.0,0.0
2016-05-03,0.0,0.0,0.0,0.0,0.0,0.0
2016-05-04,0.0,0.0,0.0,0.0,0.0,0.0
2016-05-05,0.0,0.0,0.0,0.0,0.0,0.0
2016-05-06,0.0,0.0,0.0,0.0,0.0,0.0
2016-05-07,0.0,0.0,0.0,0.0,0.0,0.0
2016-05-08,0.0,0.0,0.0,0.0,0.0,0.0
2016-05-09,0.0,0.0,0.0,0.0,0.0,0.0
2016-05-10,0.0,0.0,0.0,0.0,0.0,0.0
2016-05-11,0.0,0.0,0.0,0.0,0.0,0.0
2016-05-12,0.0,0.0,0.0,0.0,0.0,0.0
2016-05-13,0.0,0.0,0.0,0.0,0.0,0.0
2016-05-14,0.0,0.0,0.0,0.0,0.0,0.0
2016-05-15,0.0,0.0,0.0,0.0,0.0,0.0
2016-05-16,0.0,0.0,0.0,0.0,0.0,0.0
2016-05-17,0.0,0.0,0.0,0.0,0.0,0.0
2016-05-18,0.0,0.0,0.0,0.0,0.0,0.0
2016-05-19,0.0,0.0,0.0,0.0,0.0,0.0
2016-05-20,0.0,0.0,0.0,0.0,0.0,0.0
2016-05-21,0.0,0.0,0.0,0.0,0.0,0.0
2016-05-22,0.0,0.0,0.0,0.0,0.0,0.0
2016-05-23,0.0,0.0,0.0,0.0,0.0,0.0
2016-05-24,0.0,0.0,0.0,0.0,0.0,0.0
2016-05-25,0.0,0.0,0.0,0.0,0.0,0.0
2016-05-26,0.0,0.0,0.0,0.0,0.0,0.0
2016-05-27,0.0,0.0,0.0,0.0,0.0,0.0
2016-05-28,0.0,0.0,0.0,0.0,0.0,0.0
2016-05-29,0.0,0.0,0.0,0.0,0.0,0.0
2016-05-30,0.0,0.0,0.0,0.0,0.0,0.0
2016-05-31,0.0,0.0,0.0,0.0,0.0,0.0
2016-06-01,0.0,0.0,0.0,0.0,0.0,0.0
2016-06-02,0.0,0.0,0.0,0.0,0.0,0.0
2016-06-03,0.0,0.0,0.0,0.0,0.0,0.0
2016-06-04,0.0,0.0,0.0,0.0,0.0,0.0
2016-06-05,0.0,0.0,0.0,0.0,0.0,0.0
2016-06-06,0.0,0.0,0.0,0.0,0.0,0.0
2016-06-07,0.0,0.0,0.0,0.0,0.0,0.0
2016-06-08,0.0,0.0,0.0,0.0,0.0,0.0
2016-06-09,0.0,0.0,0.0,0.0,0.0,0.0
2016-06-10,0.0,0.0,0.0,0.0,0.0,0.0
2016-06-11,0.0,0.0,0.0,0.0,0.0,0.0
2016-06-12,0.0,0.0,0.0,0.0,0.0,0.0
2016-06-13,0.0,0.0,0.0,0.0,0.0,0.0
2016-06-14,0.0,0.0,0.0,0.0,0.0,0.0
2016-06-15,0.0,0.0,0.0,0.0,0.0,0.0
2016-06-16,0.0,0.0,0.0,0.0,0.0,0.0
2016-06-17,0.0,0.0,0.0,0.0,0.0,0.0
2016-06-18,0.0,0.0,0.0,0.0,0.0,0.0
2016-06-19,0.0,0.0,0.0,0.0,0.0,0.0
2016-06-20,0.0,0.0,0.0,0.0,0.0,0.0
2016-06-21,0.0,0.0,0.0,0.0,0.0,0.0
2016-06-22,0.0,0.0,0.0,0.0,0.0,0.0
2016-06-23,0.0,0.0,0.0,0.0,0.0,0.0
2016-06-24,0.0,0.0,0.0,0.0,0.0,0.0
2016-06-25,0.0,0.0,0.0,0.0,0.0,0.0
2016-06-26,0.0,0.0,0.0,0.0,0.0,0.0
2016-06-27,0.0,0.0,0.0,0.0,0.0,0.0
2016-06-28,0.0,0.0,0.0,0.0,0.0,0.0
2016-06-29,0.0,0.0,0.0,0.0,0.0,0.0
2016-06-30,0.0,0.0,0.0,0.0,0.0,0.0
2016-07-01,0.0,0.0,0.0,0.0,0.0,0.0
2016-07-02,0.0,0.0,0.0,0.0,0.0,0.0
2016-07-03,0.0,0.0,0.0,0.0,0.0,0.0
2016-07-04,0.0,0.0,0.0,0.0,0.0,0.0
2016-07-05,0.0,0.0,0.0,0.0,0.0,0.0
2016-07-06,0.0,0.0,0.0,0.0,0.0,0.0
2016-07-07,0.0,0.0,0.0,0.0,0.0,0.0
2016-07-08,0.0,0.0,0.0,0.0,0.0,0.0
2016-07-09,0.0,0.0,0.0,0.0,0.0,0.0
2016-07-10,0.0,0.0,0.0,0.0,0.0,0.0
2016-07-11,0.0,0.0,0.0,0.0,0.0,0.0
2016-07-12,0.0,0.0,0.0,0.0,0.0,0.0
2016-07-13,0.0,0.0,0.0,0.0,0.0,0.0
2016-07-14,0.0,0.0,0.0,0.0,0.0,0.0
2016-07-15,0.0,0.0,0.0,0.0,0.0,0.0
2016-07-16,0.0,0.0,0.0,0.0,0.0,0.0
2016-07-17,0.0,0.0,0.0,0.0,0.0,0.0
2016-07-18,0.0,0.0,0.0,0.0,0.0,0.0
2016-07-19,0.0,0.0,0.0,0.0,0.0,0.0
2016-07-20,0.0,0.0,0.0,0.0,0.0,0.0
2016-07-21,0.0,0.0,0.0,0.0,0.0,0.0
2016-07-22,0.0,0.0,0.0,0.0,0.0,0.0
2016-07-23,0.0,0.0,0.0,0.0,0.0,0.0
2016-07-24,0.0,0.0,0.0,0.0,0.0,0.0
2016-07-25,0.0,0.0,0.0,0.0,0.0,0.0
2016-07-26,0.0,0.0,0.0,0.0,0.0,0.0
2016-07-27,0.0,0.0,0.0,0.0,0.0,0.0
2016-07-28,0.0,0.0,0.0,0.0,0.0,0.0
2016-07-29,0.0,0.0,0.0,0.0,0.0,0.0
2016-07-30,0.0,0.0,0.0,0.0,0.0,0.0
2016-07-31,0.0,0.0,0.0,0.0,0.0,0.0
2016-08-01,0.0,0.0,0.0,0.0,0.0,0.0
2016-08-02,0.0,0.0,0.0,0.0,0.0,0.0
2016-08-03,0.0,0.0,0.0,0.0,0.0,0.0
2016-08-04,0.0,0.0,0.0,0.0,0.0,0.0
2016-08-05,0.0,0.0,0.0,0.0,0.0,0.0
2016-08-06,0.0,0.0,0.0,0.0,0.0,0.0
2016-08-07,0.0,0.0,0.0,0.0,0.0,0.0
2016-08-08,0.0,0.0,0.0,0.0,0.0,0.0
2016-08-09,0.0,0.0,0.0,0.0,0.0,0.0
2016-08-10,0.0,0.0,0.0,0.0,0.0,0.0
2016-08-11,0.0,0.0,0.0,0.0,0.0,0.0
2016-08-12,0.0,0.0,0.0,0.0,0.0,0.0
2016-08-13,0.0,0.0,0.0,0.0,0.0,0.0
2016-08-14,0.0,0.0,0.0,0.0,0.0,0.0
2016-08-15,0.0,0.0,0.0,0.0,0.0,0.0
2016-08-16,0.0,0.0,0.0,0.0,0.0,0.0
2016-08-17,0.0,0.0,0.0,0.0,0.0,0.0
2016-08-18,0.0,0.0,0.0,0.0,0.0,0.0
2016-08-19,0.0,0.0,0.0,0.0,0.0,0.0
2016-08-20,0.0,0.0,0.0,0.0,0.0,0.0
2016-08-21,0.0,0.0,0.0,0.0,0.0,0.0
2016-08-22,0.0,0.0,0.0,0.0,0.0,0.0
2016-08-23,0.0,0.0,0.0,0.0,0.0,0.0
2016-08-24,0.0,0.0,0.0,0.0,0.0,0.0
2016-08-25,0.0,0.0,0.0,0.0,0.0,0.0
2016-08-26,0.0,0.0,0.0,0.0,0.0,0.0
2016-08-27,0.0,0.0,0.0,0.0,0.0,0.0
2016-08-28,0.0,0.0,0.0,0.0,0.0,0.0
2016-08-29,0.0,0.0,0.0,0.0,0.0,0.0
2016-08-30,0.0,0.0,0.0,0.0,0.0,0.0
2016-08-31,0.0,0.0,0.0,0.0,0.0,0.0
2016-09-01,0.0,0.0,0.0,0.0,0.0,0.0
2016-09-02,0.0,0.0,0.0,0.0,0.0,0.0
2016-09-03,0.0,0.0,0.0,0.0,0.0,0.0
2016-09-04,0.0,0.0,0.0,0.0,0.0,0.0
2016-09-05,0.0,0.0,0.0,0.0,0.0,0.0
2016-09-06,0.0,0.0,0.0,0.0,0.0,0.0
2016-09-07,0.0,0.0,0.0,0.0,0.0,0.0
2016-09-08,0.0,0.0,0.0,0.0,0.0,0.0
2016-09-09,0.0,0.0,0.0,0.0,0.0,0.0
2016-09-10,0.0,0.0,0.0,0.0,0.0,0.0
2016-09-11,0.0,0.0,0.0,0.0,0.0,0.0
2016-09-12,0.0,0.0,0.0,0.0,0.0,0.0
2016-09-13,0.0,0.0,0.0,0.0,0.0,0.0
2016-09-14,0.0,0.0,0.0,0.0,0.0,0.0
2016-09-15,0.0,0.0,0.0,0.0,0.0,0.0
2016-09-16,0.0,0.0,0.0,0.0,0.0,0.0
2016-09-17,0.0,0.0,0.0,0.0,0.0,0.0
2016-09-18,0.0,0.0,0.0,0.0,0.0,0.0
2016-09-19,0.0,0.0,0.0,0.0,0.0,0.0
2016-09-20,0.0,0.0,0.0,0.0,0.0,0.0
2016-09-21,0.0,0.0,0.0,0.0,0.0,0.0
2016-09-22,0.0,0.0,0.0,0.0,0.0,0.0
2016-09-23,0.0,0.0,0.0,0.0,0.0,0.0
2016-09-24,0.0,0.0,0.0,0.0,0.0,0.0
2016-09-25,0.0,0.0,0.0,0.0,0.0,0.0
2016-09-26,0.0,0.0,0.0,0.0,0.0,0.0
2016-09-27,0.0,0.0,0.0,0.0,0.0,0.0
2016-09-28,0.0,0.0,0.0,0.0,0.0,0.0
2016-09-29,0.0,0.0,0.0,0.0,0.0,0.0
2016-09-30,0.0,0.0,0.0,0.0,0.0,0.0
2016-10-01,0.0,0.0,0.0,0.0,0.0,0.0
2016-10-02,0.0,0.0,0.0,0.0,0.0,0.0
2016-10-03,0.0,0.0,0.0,0.0,0.0,0.0
2016-10-04,0.0,0.0,0.0,0.0,0.0,0.0
2016-10-05,0.0,0.0,0.0,0.0,0.0,0.0
2016-10-06,0.0,0.0,0.0,0.0,0.0,0.0
2016-10-07,0.0,0.0,0.0,0.0,0.0,0.0
2016-10-08,0.0,0.0,0.0,0.0,0.0,0.0
2016-10-09,0.0,0.0,0.0,0.0,0.0,0.0
2016-10-10,0.0,0.0,0.0,0.0,0.0,0.0
2016-10-11,0.0,0.0,0.0,0.0,0.0,0.0
2016-10-12,0.0,0.0,0.0,0.0,0.0,0.0
2016-10-13,0.0,0.0,0.0,0.0,0.0,0.0
2016-10-14,0.0,0.0,0.0,0.0,0.0,0.0
2016-10-15,0.0,0.0,0.0,0.0,0.0,0.0
2016-10-16,0.0,0.0,0.0,0.0,0.0,0.0
2016-10-17,0.0,0.0,0.0,0.0,0.0,0.0
2016-10-18,0.0,0.0,0.0,0.0,0.0,0.0
2016-10-19,0.0,0.0,0.0,0.0,0.0,0.0
2016-10-20,0.0,0.0,0.0,0.0,0.0,0.0
2016-10-21,0.0,0.0,0.0,0.0,0.0,0.0
2016-10-22,0.0,0.0,0.0,0.0,0.0,0.0
2016-10-23,0.0,0.0,0.0,0.0,0.0,0.0
2016-10-24,0.0,0.0,0.0,0.0,0.0,0.0
2016-10-25,0.0,0.0,0.0,0.0,0.0,0.0
2016-10-26,0.0,0.0,0.0,0.0,0.0,0.0
2016-10-27,0.0,0.0,0.0,0.0,0.0,0.0
2016-10-28,0.0,0.0,0.0,0.0,0.0,0.0
2016-10-29,0.0,0.0,0.0,0.0,0.0,0.0
2016-10-30,0.0,0.0,0.0,0.0,0.0,0.0
2016-10-31,0.0,0.0,0.0,0.0,0.0,0.0
2016-11-01,0.0,0.0,0.0,0.0,0.0,0.0
2016-11-02,0.0,0.0,0.0,0.0,0.0,0.0
2016-11-03,0.0,0.0,0.0,0.0,0.0,0.0
2016-11-04,0.0,0.0,0.0,0.0,0.0,0.0
2016-11-05,0.0,0.0,0.0,0.0,0.0,0.0
2016-11-06,0.0,0.0,0.0,0.0,0.0,0.0
2016-11-07,0.0,0.0,0.0,0.0,0.0,0.0
2016-11-08,0.0,0.0,0.0,0.0,0.0,0.0
2016-11-09,0.0,0.0,0.0,0.0,0.0,0.0
2016-11-10,0.0,0.0,0.0,0.0,0.0,0.0
2016-11-11,0.0,0.0,0.0,0.0,0.0,0.0
2016-11-12,0.0,0.0,0.0,0.0,0.0,0.0
2016-11-13,0.0,0.0,0.0,0.0,0.0,0.0
2016-11-14,0.0,0.0,0.0,0.0,0.0,0.0
2016-11-15,0.0,0.0,0.0,0.0,0.0,0.0
2016-11-16,0.0,0.0,0.0,0.0,0.0,0.0
2016-11-17,0.0,0.0,0.0,0.0,0.0,0.0
2016-11-18,0.0,0.0,0.0,0.0,0.0,0.0
2016-11-19,0.0,0.0,0.0,0.0,0.0,0.0
2016-11-20,0.0,0.0,0.0,0.0,0.0,0.0
2016-11-21,0.0,0.0,0.0,0.0,0.0,0.0
2016-11-22,0.0,0.0,0.0,0.0,0.0,0.0
2016-11-23,0.0,0.0,0.0,0.0,0.0,0.0
2016-11-24,0.0,0.0,0.0,0.0,0.0,0.0
2016-11-25,0.0,0.0,0.0,0.0,0.0,0.0
2016-11-26,0.0,0.0,0.0,0.0,0.0,0.0
2016-11-27,0.0,0.0,0.0,0.0,0.0,0.0
2016-11-28,0.0,0.0,0.0,0.0,0.0,0.0
2016-11-29,0.0,0.0,0.0,0.0,0.0,0.0
2016-11-30,0.0,0.0,0.0,0.0,0.0,0.0
2016-12-01,0.0,0.0,0.0,0.0,0.0,0.0
2016-12-02,0.0,0.0,0.0,0.0,0.0,0.0
2016-12-03,0.0,0.0,0.0,0.0,0.0,0.0
2016-12-04,0.0,0.0,0.0,0.0,0.0,0.0
2016-12-05,0.0,0.0,0.0,0.0,0.0,0.0
2016-12-06,0.0,0.0,0.0,0.0,0.0,0.0
2016-12-07,0.0,0.0,0.0,0.0,0.0,0.0
2016-12-08,0.0,0.0,0.0,0.0,0.0,0.0
2016-12-09,0.0,0.0,0.0,0.0,0.0,0.0
2016-12-10,0.0,0.0,0.0,0.0,0.0,0.0
2016-12-11,0.0,0.0,0.0,0.0,0.0,0.0
2016-12-12,0.0,0.0,0.0,0.0,0.0,0.0
2016-12-13,0.0,0.0,0.0,0.0,0.0,0.0
2016-12-14,0.0,0.0,0.0,0.0,0.0,0.0
2016-12-15,0.0,0.0,0.0,0.0,0.0,0.0
2016-12-16,0.0,0.0,0.0,0.0,0.0,0.0
2016-12-17,0.0,0.0,0.0,0.0,0.0,0.0
2016-12-18,0.0,0.0,0.0,0.0,0.0,0.0
2016-12-19,0.0,0.0,0.0,0.0,0.0,0.0
2016-12-20,0.0,0.0,0.0,0.0,0.0,0.0
2016-12-21,0.0,0.0,0.0,0.0,0.0,0.0
2016-12-22,0.0,0.0,0.0,0.0,0.0,0.0
2016-12-23,0.0,0.0,0.0,0.0,0.0,0.0
2016-12-24,0.0,0.0,0.0,0.0,0.0,0.0
2016-12-25,0.0,0.0,0.0,0.0,0.0,0.0
2016-12-26,0.0,0.0,0.0,0.0,0.0,0.0
2016-12-27,0.0,0.0,0.0,0.0,0.0,0.0
2016-12-28,0.0,0.0,0.0,0.0,0.0,0.0
2016-12-29,0.0,0.0,0.0,0.0,0.0,0.0
2016-12-30,0.0,0.0,0.0,0.0,0.0,0.0
2016-12-31,0.0,0.0,0.0,0.0,0.0,0.0
2017-01-01,0.0,0.0,0.0,0.0,0.0,0.0
2017-01-02,0.0,0.0,0.0,0.0,0.0,0.0
2017-01-03,0.0,0.0,0.0,0.0,0.0,0.0
2017-01-04,0.0,0.0,0.0,0.0,0.0,0.0
2017-01-05,0.0,0.0,0.0,0.0,0.0,0.0
2017-01-06,0.0,0.0,0.0,0.0,0.0,0.0
2017-01-07,0.0,0.0,0.0,0.0,0.0,0.0
2017-01-08,0.0,0.0,0.0,0.0,0.0,0.0
2017-01-09,0.0,0.0,0.0,0.0,0.0,0.0
2017-01-10,0.0,0.0,0.0,0.0,0.0,0.0
2017-01-11,0.0,0.0,0.0,0.0,0.0,0.0
2017-01-12,0.0,0.0,0.0,0.0,0.0,0.0
2017-01-13,0.0,0.0,0.0,0.0,0.0,0.0
2017-01-14,0.0,0.0,0.0,0.0,0.0,0.0
2017-01-15,0.0,0.0,0.0,0.0,0.0,0.0
2017-01-16,0.0,0.0,0.0,0.0,0.0,0.0
2017-01-17,0.0,0.0,0.0,0.0,0.0,0.0
2017-01-18,0.0,0.0,0.0,0.0,0.0,0.0
2017-01-19,0.0,0.0,0.0,0.0,0.0,0.0
2017-01-20,0.0,0.0,0.0,0.0,0.0,0.0
2017-01-21,0.0,0.0,0.0,0.0,0.0,0.0
2017-01-22,0.0,0.0,0.0,0.0,0.0,0.0
2017-01-23,0.0,0.0,0.0,0.0,0.0,0.0
2017-01-24,0.0,0.0,0.0,0.0,0.0,0.0
2017-01-25,0.0,0.0,0.0,0.0,0.0,0.0
2017-01-26,0.0,0.0,0.0,0.0,0.0,0.0
2017-01-27,0.0,0.0,0.0,0.0,0.0,0.0
2017-01-28,0.0,0.0,0.0,0.0,0.0,0.0
2017-01-29,0.0,0.0,0.0,0.0,0.0,0.0
2017-01-30,0.0,0.0,0.0,0.0,0.0,0.0
2017-01-31,0.0,0.0,0.0,0.0,0.0,0.0
2017-02-01,0.0,0.0,0.0,0.0,0.0,0.0
2017-02-02,0.0,0.0,0.0,0.0,0.0,0.0
2017-02-03,0.0,0.0,0.0,0.0,0.0,0.0
2017-02-04,0.0,0.0,0.0,0.0,0.0,0.0
2017-02-05,0.0,0.0,0.0,0.0,0.0,0.0
2017-02-06,0.0,0.0,0.0,0.0,0.0,0.0
2017-02-07,0.0,0.0,0.0,0.0,0.0,0.0
2017-02-08,0.0,0.0,0.0,0.0,0.0,0.0
2017-02-09,0.0,0.0,0.0,0.0,0.0,0.0
2017-02-10,0.0,0.0,0.0,0.0,0.0,0.0
2017-02-11,0.0,0.0,0.0,0.0,0.0,0.0
2017-02-12,0.0,0.0,0.0,0.0,0.0,0.0
2017-02-13,0.0,0.0,0.0,0.0,0.0,0.0
2017-02-14,0.0,0.0,0.0,0.0,0.0,0.0
2017-02-15,0.0,0.0,0.0,0.0,0.0,0.0
2017-02-16,0.0,0.0,0.0,0.0,0.0,0.0
2017-02-17,0.0,0.0,0.0,0.0,0.0,0.0
2017-02-18,0.0,0.0,0.0,0.0,0.0,0.0
2017-02-19,0.0,0.0,0.0,0.0,0.0,0.0
2017-02-20,0.0,0.0,0.0,0.0,0.0,0.0
2017-02-21,0.0,0.0,0.0,0.0,0.0,0.0
2017-02-22,0.0,0.0,0.0,0.0,0.0,0.0
2017-02-23,0.0,0.0,0.0,0.0,0.0,0.0
2017-02-24,0.0,0.0,0.0,0.0,0.0,0.0
2017-02-25,0.0,0.0,0.0,0.0,0.0,0.0
2017-02-26,0.0,0.0,0.0,0.0,0.0,0.0
2017-02-27,0.0,0.0,0.0,0.0,0.0,0.0
2017-02-28,0.0,0.0,0.0,0.0,0.0,0.0
2017-03-01,0.0,0.0,0.0,0.0,0.0,0.0
2017-03-02,0.0,0.0,0.0,0.0,0.0,0.0
2017-03-03,0.0,0.0,0.0,0.0,0.0,0.0
2017-03-04,0.0,0.0,0.0,0.0,0.0,0.0
2017-03-05,0.0,0.0,0.0,0.0,0.0,0.0
2017-03-06,0.0,0.0,0.0,0.0,0.0,0.0
2017-03-07,0.0,0.0,0.0,0.0,0.0,0.0
2017-03-08,0.0,0.0,0.0,0.0,0.0,0.0
2017-03-09,0.0,0.0,0.0,0.0,0.0,0.0
2017-03-10,0.0,0.0,0.0,0.0,0.0,0.0
2017-03-11,0.0,0.0,0.0,0.0,0.0,0.0
2017-03-12,0.0,0.0,0.0,0.0,0.0,0.0
2017-03-13,0.0,0.0,0.0,0.0,0.0,0.0
2017-03-14,0.0,0.0,0.0,0.0,0.0,0.0
2017-03-15,0.0,0.0,0.0,0.0,0.0,0.0
2017-03-16,0.0,0.0,0.0,0.0,0.0,0.0
2017-03-17,0.0,0.0,0.0,0.0,0.0,0.0
2017-03-18,0.0,0.0,0.0,0.0,0.0,0.0
2017-03-19,0.0,0.0,0.0,0.0,0.0,0.0
2017-03-20,0.0,0.0,0.0,0.0,0.0,0.0
2017-03-21,0.0,0.0,0.0,0.0,0.0,0.0
2017-03-22,0.0,0.0,0.0,0.0,0.0,0.0
2017-03-23,0.0,0.0,0.0,0.0,0.0,0.0
2017-03-24,0.0,0.0,0.0,0.0,0.0,0.0
2017-03-25,0.0,0.0,0.0,0.0,0.0,0.0
2017-03-26,0.0,0.0,0.0,0.0,0.0,0.0
2017-03-27,0.0,0.0,0.0,0.0,0.0,0.0
2017-03-28,0.0,0.0,0.0,0.0,0.0,0.0
2017-03-29,0.0,0.0,0.0,0.0,0.0,0.0
2017-03-30,0.0,0.0,0.0,0.0,0.0,0.0
2017-03-31,0.0,0.0,0.0,0.0,0.0,0.0
2017-04-01,0.0,0.0,0.0,0.0,0.0,0.0
2017-04-02,0.0,0.0,0.0,0.0,0.0,0.0
2017-04-03,0.0,0.0,0.0,0.0,0.0,0.0
2017-04-04,0.0,0.0,0.0,0.0,0.0,0.0
2017-04-05,0.0,0.0,0.0,0.0,0.0,0.0
2017-04-06,0.0,0.0,0.0,0.0,0.0,0.0
2017-04-07,0.0,0.0,0.0,0.0,0.0,0.0
2017-04-08,0.0,0.0,0.0,0.0,0.0,0.0
2017-04-09,0.0,0.0,0.0,0.0,0.0,0.0
2017-04-10,0.0,0.0,0.0,0.0,0.0,0.0
2017-04-11,0.0,0.0,0.0,0.0,0.0,0.0
2017-04-12,0.0,0.0,0.0,0.0,0.0,0.0
2017-04-13,0.0,0.0,0.0,0.0,0.0,0.0
2017-04-14,0.0,0.0,0.0,0.0,0.0,0.0
2017-04-15,0.0,0.0,0.0,0.0,0.0,0.0
2017-04-16,0.0,0.0,0.0,0.0,0.0,0.0
2017-04-17,0.0,0.0,0.0,0.0,0.0,0.0
2017-04-18,0.0,0.0,0.0,0.0,0.0,0.0
2017-04-19,0.0,0.0,0.0,0.0,0.0,0.0
2017-04-20,0.0,0.0,0.0,0.0,0.0,0.0
2017-04-21,0.0,0.0,0.0,0.0,0.0,0.0
2017-04-22,0.0,0.0,0.0,0.0,0.0,0.0
2017-04-23,0.0,0.0,0.0,0.0,0.0,0.0
2017-04-24,0.0,0.0,0.0,0.0,0.0,0.0
2017-04-25,0.0,0.0,0.0,0.0,0.0,0.0
2017-04-26,0.0,0.0,0.0,0.0,0.0,0.0
2017-04-27,0.0,0.0,0.0,0.0,0.0,0.0
2017-04-28,0.0,0.0,0.0,0.0,0.0,0.0
2017-04-29,0.0,0.0,0.0,0.0,0.0,0.0
2017-04-30,0.0,0.0,0.0,0.0,0.0,0.0
2017-05-01,0.0,0.0,0.0,0.0,0.0,0.0
2017-05-02,0.0,0.0,0.0,0.0,0.0,0.0
2017-05-03,0.0,0.0,0.0,0.0,0.0,0.0
2017-05-04,0.0,0.0,0.0,0.0,0.0,0.0
2017-05-05,0.0,0.0,0.0,0.0,0.0,0.0
2017-05-06,0.0,0.0,0.0,0.0,0.0,0.0
2017-05-07,0.0,0.0,0.0,0.0,0.0,0.0
2017-05-08,0.0,0.0,0.0,0.0,0.0,0.0
2017-05-09,0.0,0.0,0.0,0.0,0.0,0.0
2017-05-10,0.0,0.0,0.0,0.0,0.0,0.0
2017-05-11,0.0,0.0,0.0,0.0,0.0,0.0
2017-05-12,0.0,0.0,0.0,0.0,0.0,0.0
2017-05-13,0.0,0.0,0.0,0.0,0.0,0.0
2017-05-14,0.0,0.0,0.0,0.0,0.0,0.0
2017-05-15,0.0,0.0,0.0,0.0,0.0,0.0
2017-05-16,0.0,0.0,0.0,0.0,0.0,0.0
2017-05-17,0.0,0.0,0.0,0.0,0.0,0.0
2017-05-18,0.0,0.0,0.0,0.0,0.0,0.0
2017-05-19,0.0,0.0,0.0,0.0,0.0,0.0
2017-05-20,0.0,0.0,0.0,0.0,0.0,0.0
2017-05-21,0.0,0.0,0.0,0.0,0.0,0.0
2017-05-22,0.0,0.0,0.0,0.0,0.0,0.0
2017-05-23,0.0,0.0,0.0,0.0,0.0,0.0
2017-05-24,0.0,0.0,0.0,0.0,0.0,0.0
2017-05-25,0.0,0.0,0.0,0.0,0.0,0.0
2017-05-26,0.0,0.0,0.0,0.0,0.0,0.0
2017-05-27,0.0,0.0,0.0,0.0,0.0,0.0
2017-05-28,0.0,0.0,0.0,0.0,0.0,0.0
2017-05-29,0.0,0.0,0.0,0.0,0.0,0.0
2017-05-30,0.0,0.0,0.0,0.0,0.0,0.0
2017-05-31,0.0,0.0,0.0,0.0,0.0,0.0
2017-06-01,0.0,0.0,0.0,0.0,0.0,0.0
2017-06-02,0.0,0.0,0.0,0.0,0.0,0.0
2017-06-03,0.0,0.0,0.0,0.0,0.0,0.0
2017-06-04,0.0,0.0,0.0,0.0,0.0,0.0
2017-06-05,0.0,0.0,0.0,0.0,0.0,0.0
2017-06-06,0.0,0.0,0.0,0.0,0.0,0.0
2017-06-07,0.0,0.0,0.0,0.0,0.0,0.0
2017-06-08,0.0,0.0,0.0,0.0,0.0,0.0
2017-06-09,0.0,0.0,0.0,0.0,0.0,0.0
2017-06-10,0.0,0.0,0.0,0.0,0.0,0.0
2017-06-11,0.0,0.0,0.0,0.0,0.0,0.0
2017-06-12,0.0,0.0,0.0,0.0,0.0,0.0
2017-06-13,0.0,0.0,0.0,0.0,0.0,0.0
2017-06-14,0.0,0.0,0.0,0.0,0.0,0.0
2017-06-15,0.0,0.0,0.0,0.0,0.0,0.0
2017-06-16,0.0,0.0,0.0,0.0,0.0,0.0
2017-06-17,0.0,0.0,0.0,0.0,0.0,0.0
2017-06-18,0.0,0.0,0.0,0.0,0.0,0.0
2017-06-19,0.0,0.0,0.0,0.0,0.0,0.0
2017-06-20,0.0,0.0,0.0,0.0,0.0,0.0
2017-06-21,0.0,0.0,0.0,0.0,0.0,0.0
2017-06-22,0.0,0.0,0.0,0.0,0.0,0.0
2017-06-23,0.0,0.0,0.0,0.0,0.0,0.0
2017-06-24,0.0,0.0,0.0,0.0,0.0,0.0
2017-06-25,0.0,0.0,0.0,0.0,0.0,0.0
2017-06-26,0.0,0.0,0.0,0.0,0.0,0.0
2017-06-27,0.0,0.0,0.0,0.0,0.0,0.0
2017-06-28,0.0,0.0,0.0,0.0,0.0,0.0
2017-06-29,0.0,0.0,0.0,0.0,0.0,0.0
2017-06-30,0.0,0.0,0.0,0.0,0.0,0.0
2017-07-01,0.0,0.0,0.0,0.0,0.0,0.0
2017-07-02,0.0,0.0,0.0,0.0,0.0,0.0
2017-07-03,0.0,0.0,0.0,0.0,0.0,0.0
2017-07-04,0.0,0.0,0.0,0.0,0.0,0.0
2017-07-05,0.0,0.0,0.0,0.0,0.0,0.0
2017-07-06,0.0,0.0,0.0,0.0,0.0,0.0
2017-07-07,0.0,0.0,0.0,0.0,0.0,0.0
2017-07-08,0.0,0.0,0.0,0.0,0.0,0.0
2017-07-09,0.0,0.0,0.0,0.0,0.0,0.0
2017-07-10,0.0,0.0,0.0,0.0,0.0,0.0
2017-07-11,0.0,0.0,0.0,0.0,0.0,0.0
2017-07-12,0.0,0.0,0.0,0.0,0.0,0.0
2017-07-13,0.0,0.0,0.0,0.0,0.0,0.0
2017-07-14,0.0,0.0,0.0,0.0,0.0,0.0
2017-07-15,0.0,0.0,0.0,0.0,0.0,0.0
2017-07-16,0.0,0.0,0.0,0.0,0.0,0.0
2017-07-17,0.0,0.0,0.0,0.0,0.0,0.0
2017-07-18,0.0,0.0,0.0,0.0,0.0,0.0
2017-07-19,0.0,0.0,0.0,0.0,0.0,0.0
2017-07-20,0.0,0.0,0.0,0.0,0.0,0.0
2017-07-21,0.0,0.0,0.0,0.0,0.0,0.0
2017-07-22,0.0,0.0,0.0,0.0,0.0,0.0
2017-07-23,0.0,0.0,0.0,0.0,0.0,0.0
2017-07-24,0.0,0.0,0.0,0.0,0.0,0.0
2017-07-25,0.0,0.0,0.0,0.0,0.0,0.0
2017-07-26,0.0,0.0,0.0,0.0,0.0,0.0
2017-07-27,0.0,0.0,0.0,0.0,0.0,0.0
2017-07-28,0.0,0.0,0.0,0.0,0.0,0.0
2017-07-29,0.0,0.0,0.0,0.0,0.0,0.0
2017-07-30,0.0,0.0,0.0,0.0,0.0,0.0
2017-07-31,0.0,0.0,0.0,0.0,0.0,0.0
2017-08-01,0.0,0.0,0.0,0.0,0.0,0.0
2017-08-02,0.0,0.0,0.0,0.0,0.0,0.0
2017-08-03,0.0,0.0,0.0,0.0,0.0,0.0
2017-08-04,0.0,0.0,0.0,0.0,0.0,0.0
2017-08-05,0.0,0.0,0.0,0.0,0.0,0.0
2017-08-06,0.0,0.0,0.0,0.0,0.0,0.0
2017-08-07,0.0,0.0,0.0,0.0,0.0,0.0
2017-08-08,0.0,0.0,0.0,0.0,0.0,0.0
2017-08-09,0.0,0.0,0.0,0.0,0.0,0.0
2017-08-10,0.0,0.0,0.0,0.0,0.0,0.0
2017-08-11,0.0,0.0,0.0,0.0,0.0,0.0
2017-08-12,0.0,0.0,0.0,0.0,0.0,0.0
2017-08-13,0.0,0.0,0.0,0.0,0.0,0.0
2017-08-14,0.0,0.0,0.0,0.0,0.0,0.0
2017-08-15,0.0,0.0,0.0,0.0,0.0,0.0
2017-08-16,0.0,0.0,0.0,0.0,0.0,0.0
2017-08-17,0.0,0.0,0.0,0.0,0.0,0.0
2017-08-18,0.0,0.0,0.0,0.0,0.0,0.0
2017-08-19,0.0,0.0,0.0,0.0,0.0,0.0
2017-08-20,0.0,0.0,0.0,0.0,0.0,0.0
2017-08-21,0.0,0.0,0.0,0.0,0.0,0.0
2017-08-22,0.0,0.0,0.0,0.0,0.0,0.0
2017-08-23,0.0,0.0,0.0,0.0,0.0,0.0
2017-08-24,0.0,0.0,0.0,0.0,0.0,0.0
2017-08-25,0.0,0.0,0.0,0.0,0.0,0.0
2017-08-26,0.0,0.0,0.0,0.0,0.0,0.0
2017-08-27,0.0,0.0,0.0,0.0,0.0,0.0
2017-08-28,0.0,0.0,0.0,0.0,0.0,0.0
2017-08-29,0.0,0.0,0.0,0.0,0.0,0.0
2017-08-30,0.0,0.0,0.0,0.0,0.0,0.0
2017-08-31,0.0,0.0,0.0,0.0,0.0,0.0
2017-09-01,0.0,0.0,0.0,0.0,0.0,0.0
2017-09-02,0.0,0.0,0.0,0.0,0.0,0.0
2017-09-03,0.0,0.0,0.0,0.0,0.0,0.0
2017-09-04,0.0,0.0,0.0,0.0,0.0,0.0
2017-09-05,0.0,0.0,0.0,0.0,0.0,0.0
2017-09-06,0.0,0.0,0.0,0.0,0.0,0.0
2017-09-07,0.0,0.0,0.0,0.0,0.0,0.0
2017-09-08,0.0,0.0,0.0,0.0,0.0,0.0
2017-09-09,0.0,0.0,0.0,0.0,0.0,0.0
2017-09-10,0.0,0.0,0.0,0.0,0.0,0.0
2017-09-11,0.0,0.0,0.0,0.0,0.0,0.0
2017-09-12,0.0,0.0,0.0,0.0,0.0,0.0
2017-09-13,0.0,0.0,0.0,0.0,0.0,0.0
2017-09-14,0.0,0.0,0.0,0.0,0.0,0.0
2017-09-15,0.0,0.0,0.0,0.0,0.0,0.0
2017-09-16,0.0,0.0,0.0,0.0,0.0,0.0
2017-09-17,0.0,0.0,0.0,0.0,0.0,0.0
2017-09-18,0.0,0.0,0.0,0.0,0.0,0.0
2017-09-19,0.0,0.0,0.0,0.0,0.0,0.0
2017-09-20,0.0,0.0,0.0,0.0,0.0,0.0
2017-09-21,0.0,0.0,0.0,0.0,0.0,0.0
2017-09-22,0.0,0.0,0.0,0.0,0.0,0.0
2017-09-23,0.0,0.0,0.0,0.0,0.0,0.0
2017-09-24,0.0,0.0,0.0,0.0,0.0,0.0
2017-09-25,0.0,0.0,0.0,0.0,0.0,0.0
2017-09-26,0.0,0.0,0.0,0.0,0.0,0.0
2017-09-27,0.0,0.0,0.0,0.0,0.0,0.0
2017-09-28,0.0,0.0,0.0,0.0,0.0,0.0
2017-09-29,0.0,0.0,0.0,0.0,0.0,0.0
2017-09-30,0.0,0.0,0.0,0.0,0.0,0.0
2017-10-01,0.0,0.0,0.0,0.0,0.0,0.0
2017-10-02,0.0,0.0,0.0,0.0,0.0,0.0
2017-10-03,0.0,0.0,0.0,0.0,0.0,0.0
2017-10-04,0.0,0.0,0.0,0.0,0.0,0.0
2017-10-05,0.0,0.0,0.0,0.0,0.0,0.0
2017-10-06,0.0,0.0,0.0,0.0,0.0,0.0
2017-10-07,0.0,0.0,0.0,0.0,0.0,0.0
2017-10-08,0.0,0.0,0.0,0.0,0.0,0.0
2017-10-09,0.0,0.0,0.0,0.0,0.0,0.0
2017-10-10,0.0,0.0,0.0,0.0,0.0,0.0
2017-10-11,0.0,0.0,0.0,0.0,0.0,0.0
2017-10-12,0.0,0.0,0.0,0.0,0.0,0.0
2017-10-13,0.0,0.0,0.0,0.0,0.0,0.0
2017-10-14,0.0,0.0,0.0,0.0,0.0,0.0
2017-10-15,0.0,0.0,0.0,0.0,0.0,0.0
2017-10-16,0.0,0.0,0.0,0.0,0.0,0.0
2017-10-17,0.0,0.0,0.0,0.0,0.0,0.0
2017-10-18,0.0,0.0,0.0,0.0,0.0,0.0
2017-10-19,0.0,0.0,0.0,0.0,0.0,0.0
2017-10-20,0.0,0.0,0.0,0.0,0.0,0.0
2017-10-21,0.0,0.0,0.0,0.0,0.0,0.0
2017-10-22,0.0,0.0,0.0,0.0,0.0,0.0
2017-10-23,0.0,0.0,0.0,0.0,0.0,0.0
2017-10-24,0.0,0.0,0.0,0.0,0.0,0.0
2017-10-25,0.0,0.0,0.0,0.0,0.0,0.0
2017-10-26,0.0,0.0,0.0,0.0,0.0,0.0
2017-10-27,0.0,0.0,0.0,0.0,0.0,0.0
2017-10-28,0.0,0.0,0.0,0.0,0.0,0.0
2017-10-29,0.0,0.0,0.0,0.0,0.0,0.0
2017-10-30,0.0,0.0,0.0,0.0,0.0,0.0
2017-10-31,0.0,0.0,0.0,0.0,0.0,0.0
2017-11-01,0.0,0.0,0.0,0.0,0.0,0.0
2017-11-02,0.0,0.0,0.0,0.0,0.0,0.0
2017-11-03,0.0,0.0,0.0,0.0,0.0,0.0
2017-11-04,0.0,0.0,0.0,0.0,0.0,0.0
2017-11-05,0.0,0.0,0.0,0.0,0.0,0.0
2017-11-06,0.0,0.0,0.0,0.0,0.0,0.0
2017-11-07,0.0,0.0,0.0,0.0,0.0,0.0
2017-11-08,0.0,0.0,0.0,0.0,0.0,0.0
2017-11-09,0.0,0.0,0.0,0.0,0.0,0.0
2017-11-10,0.0,0.0,0.0,0.0,0.0,0.0
2017-11-11,0.0,0.0,0.0,0.0,0.0,0.0
2017-11-12,0.0,0.0,0.0,0.0,0.0,0.0
2017-11-13,0.0,0.0,0.0,0.0,0.0,0.0
2017-11-14,0.0,0.0,0.0,0.0,0.0,0.0
2017-11-15,0.0,0.0,0.0,0.0,0.0,0.0
2017-11-16,0.0,0.0,0.0,0.0,0.0,0.0
2017-11-17,0.0,0.0,0.0,0.0,0.0,0.0
2017-11-18,0.0,0.0,0.0,0.0,0.0,0.0
2017-11-19,0.0,0.0,0.0,0.0,0.0,0.0
2017-11-20,0.0,0.0,0.0,0.0,0.0,0.0
2017-11-21,0.0,0.0,0.0,0.0,0.0,0.0
2017-11-22,0.0,0.0,0.0,0.0,0.0,0.0
2017-11-23,0.0,0.0,0.0,0.0,0.0,0.0
2017-11-24,0.0,0.0,0.0,0.0,0.0,0.0
2017-11-25,81.37,98.93,71.79,87.55,15597.38,1269158.81
2017-11-26,74.55,97.84,70.63,86.61,8361.84,623375.17
2017-11-27,73.51,83.71,69.5,77.87,7429.07,546110.94
2017-11-28,58.45,75.08,55.3,74.81,6985.98,408330.53
2017-11-29,43.53,58.04,41.32,57.63,5576.77,242756.8
2017-11-30,49.93,55.2,43.47,44.01,2017.99,100758.24
2017-12-01,49.04,56.7,47.08,54.52,1190.94,58403.7
2017-12-02,44.59,52.06,43.23,49.27,2644.57,117921.38
2017-12-03,45.84,49.48,43.26,45.95,4184.09,191798.69
2017-12-04,45.46,49.92,41.44,47.38,7740.37,351877.22
2017-12-05,37.02,47.22,35.51,45.63,8384.13,310380.49
2017-12-06,33.69,45.95,31.62,43.64,9959.89,335548.69
2017-12-07,25.78,42.46,25.28,38.86,11216.58,289163.43
2017-12-08,28.1,33.67,24.07,24.55,9496.15,266841.82
2017-12-09,29.26,32.98,25.99,25.99,3988.72,116709.95
2017-12-10,35.39,43.34,29.37,29.68,11540.16,408406.26
2017-12-11,35.54,43.72,33.92,39.32,4799.36,170569.25
2017-12-12,36.0,39.91,32.8,36.29,8502.65,306095.4
2017-12-13,31.79,34.87,31.12,34.32,6188.67,196737.82
2017-12-14,43.52,44.0,31.47,32.15,18237.75,793706.88
2017-12-15,44.12,47.74,36.93,46.56,66640.14,2940162.98
2017-12-16,44.05,53.35,42.02,48.48,64146.9,2825670.95
2017-12-17,43.97,47.51,39.98,43.41,37376.46,1643442.95
2017-12-18,49.57,53.07,37.19,43.75,39452.03,1955637.13
2017-12-19,45.58,48.8,41.18,45.79,49470.31,2254856.73
2017-12-20,73.65,81.98,42.78,42.8,139576.32,10279795.97
2017-12-21,57.17,73.0,49.05,71.19,75208.95,4299695.67
2017-12-22,43.82,49.97,36.85,49.97,37918.63,1661594.37
2017-12-23,45.13,53.76,43.12,46.17,28651.41,1293038.13
2017-12-24,42.24,43.71,40.8,43.18,14726.32,622039.76
2017-12-25,49.76,56.63,40.71,42.36,33351.79,1659585.07
2017-12-26,66.57,97.53,51.71,56.68,153723.22,10233354.76
2017-12-27,52.45,70.85,50.75,65.14,52840.29,2771473.21
2017-12-28,48.96,51.37,43.74,48.98,25756.86,1261055.87
2017-12-29,47.02,55.93,45.64,48.93,25660.99,1206579.75
2017-12-30,39.19,42.28,37.54,40.94,22747.89,891489.81
2017-12-31,42.26,45.69,40.54,43.31,21666.43,915623.33
2018-01-01,42.67,42.67,40.04,41.02,18878.04,805525.97
2018-01-02,40.5,48.25,37.96,46.64,30216.86,1223782.83
2018-01-03,38.94,45.2,32.36,41.6,55652.37,2167103.29
2018-01-04,39.41,48.45,32.32,39.71,39330.89,1550030.37
2018-01-05,35.93,45.59,34.18,44.01,41231.83,1481459.65
2018-01-06,45.59,45.59,29.36,36.47,49906.61,2275242.35
2018-01-07,41.28,49.98,35.41,43.07,91606.16,3781502.28
2018-01-08,38.34,49.42,32.23,38.1,74572.68,2859116.55
2018-01-09,34.67,42.13,31.98,37.04,154239.22,5347473.76
2018-01-10,32.91,37.02,32.09,35.75,187246.41,6162279.35
2018-01-11,27.11,30.81,27.11,29.4,165830.28,4495658.89
2018-01-12,30.76,31.85,28.18,28.18,153849.1,4732398.32
2018-01-13,149.27,316.05,30.28,31.65,4708129.01,702782417.32
2018-01-14,108.58,203.22,96.62,142.25,2926795.27,317791430.42
2018-01-15,76.08,127.87,72.28,108.55,1161740.4,88385209.63
2018-01-16,44.54,66.37,38.89,63.24,553452.59,24650778.36
2018-01-17,85.06,108.8,39.62,44.16,1849231.28,157295612.68
2018-01-18,84.93,108.91,76.14,84.38,1208161.59,102609163.84
2018-01-19,79.83,89.89,77.29,87.57,331711.0,26480489.13
2018-01-20,80.12,92.71,78.86,88.58,402295.61,32231924.27
2018-01-21,66.35,76.09,63.52,72.19,237356.51,15748604.44
2018-01-22,65.1,78.04,59.87,62.13,455016.94,29621602.79
2018-01-23,63.68,70.17,61.38,64.86,380675.37,24241407.56
2018-01-24,64.67,81.27,64.51,67.03,378943.42,24506270.97
2018-01-25,63.04,66.15,61.4,63.17,274412.87,17298987.32
2018-01-26,59.16,64.05,59.06,62.88,256891.54,15197703.51
2018-01-27,59.52,63.6,58.44,61.09,356214.73,21201900.73
2018-01-28,58.3,64.13,56.5,61.12,398149.73,23212129.26
2018-01-29,51.29,56.81,50.64,55.65,388490.07,19925655.69
2018-01-30,45.18,48.92,43.42,46.15,347543.3,15702006.29
2018-01-31,43.08,45.71,41.29,45.71,340089.57,14651058.68
2018-02-01,50.51,67.17,38.1,38.15,1200208.97,60622555.07
2018-02-02,39.16,49.64,35.48,49.59,572148.01,22405316.07
2018-02-03,41.8,43.89,38.95,40.84,182575.63,7631661.33
2018-02-04,42.07,51.77,36.16,37.34,578107.61,24320987.15
2018-02-05,36.25,46.48,33.99,35.51,813101.99,29474947.14
2018-02-06,40.05,43.89,34.85,40.27,389686.22,15606933.11
2018-02-07,36.0,40.55,35.27,39.48,200026.33,7200947.88
2018-02-08,6.69,23.1,5.92,21.8,74855.05,500780.28
2018-02-09,21.45,40.01,6.28,7.04,178397.56,3826627.66
2018-02-10,20.45,40.25,9.76,21.13,140324.77,2869641.55
2018-02-11,17.76,38.16,6.79,19.3,87441.04,1552952.87
2018-02-12,24.19,41.91,17.82,19.32,84409.15,2041857.34
2018-02-13,13.87,37.79,10.13,23.2,187199.81,2596461.36
2018-02-14,18.48,41.28,13.54,15.4,135028.73,2495330.93
2018-02-15,24.15,41.61,12.71,18.38,166204.12,4013829.5
2018-02-16,18.64,44.02,16.02,24.03,215722.92,4021075.23
2018-02-17,21.74,48.53,15.24,20.3,111618.24,2426580.54
2018-02-18,39.03,43.4,19.09,20.41,536652.58,20945550.2
2018-02-19,29.88,46.62,8.54,41.84,178002.74,5318721.87
2018-02-20,14.73,39.58,11.99,30.08,272405.41,4012531.69
2018-02-21,29.66,36.58,11.83,14.86,143470.86,4255345.71
2018-02-22,27.65,35.8,11.44,27.48,130994.16,3621988.52
2018-02-23,38.04,38.66,11.57,28.57,109509.63,4165746.33
2018-02-24,32.37,36.84,29.18,36.28,100765.33,3261773.73
2018-02-25,36.04,37.06,29.05,31.86,107908.71,3889029.91
2018-02-26,35.86,42.05,6.02,38.76,156489.22,5611703.43
2018-02-27,35.85,38.63,32.52,36.8,195362.29,7003738.1
2018-02-28,33.19,36.22,29.31,34.97,93280.35,3095974.82
2018-03-01,31.33,37.37,30.48,35.07,139461.12,4369316.89
2018-03-02,34.34,38.3,29.4,31.66,120487.45,4137539.03
2018-03-03,31.3,36.05,24.77,35.66,128723.41,4029042.73
2018-03-04,30.97,33.62,27.09,31.41,313182.08,9699249.02
2018-03-05,6.59,45.79,5.51,30.63,796122.87,5246449.71
2018-03-06,5.05,8.03,4.91,6.18,1115524.1,5633396.71
2018-03-07,29.98,33.03,4.53,4.67,301706.47,9045159.97
2018-03-08,32.51,35.83,24.34,28.14,339317.84,11031222.98
2018-03-09,29.28,34.21,26.35,32.28,441031.27,12913395.59
2018-03-10,26.95,28.02,26.04,27.83,165491.51,4459996.19
2018-03-11,28.58,29.53,28.33,29.24,150401.38,4298471.44
2018-03-12,27.69,29.8,27.23,27.37,128711.77,3564028.91
2018-03-13,27.04,28.16,12.08,27.75,94614.0,2558362.56
2018-03-14,23.74,24.49,20.6,24.26,116440.54,2764298.42
2018-03-15,24.6,35.19,20.17,23.89,514314.03,12652125.14
2018-03-16,24.41,25.64,23.79,24.77,234855.89,5732832.27
2018-03-17,23.56,28.33,23.19,23.23,200081.64,4713923.44
2018-03-18,24.32,27.69,23.68,24.55,388621.8,9451282.18
2018-03-19,26.19,26.84,25.03,25.52,177074.93,4637592.42
2018-03-20,27.02,27.59,26.38,27.09,174695.99,4720285.65
2018-03-21,3.01,29.24,2.91,26.99,557329.44,1677561.61
2018-03-22,2.95,4.73,2.67,2.94,188524.24,556146.51
2018-03-23,2.88,4.54,2.77,3.01,143727.71,413935.8
2018-03-24,2.8,5.15,2.67,2.76,133710.25,374388.7
2018-03-25,2.64,5.22,2.47,2.77,137292.46,362452.09
2018-03-26,2.69,4.06,2.37,2.54,469498.17,1262950.08
2018-03-27,2.56,4.71,2.36,2.59,212106.23,542991.95
2018-03-28,2.95,4.94,2.47,2.61,100211.73,295624.6
2018-03-29,2.2,3.71,2.13,2.36,206739.23,454826.31
2018-03-30,2.16,3.29,2.03,2.12,172452.21,372496.77
2018-03-31,2.17,4.23,2.16,2.19,111532.3,242025.09
2018-04-01,2.09,3.48,1.9,2.14,242404.09,506624.55
2018-04-02,2.11,4.58,2.02,2.16,134273.05,283316.14
2018-04-03,2.12,3.19,2.08,2.22,114408.68,242546.4
2018-04-04,1.99,4.16,1.91,1.95,134302.45,267261.88
2018-04-05,18.99,20.36,1.83,1.98,374610.07,7113845.23
2018-04-06,18.77,20.21,18.46,18.54,837600.41,15721759.7
2018-04-07,19.55,20.0,19.27,19.57,343444.2,6714334.11
2018-04-08,20.01,20.45,19.76,19.93,147023.51,2941940.44
2018-04-09,19.38,20.02,18.9,19.27,194753.95,3774331.55
2018-04-10,19.47,19.71,16.74,19.61,114025.05,2220067.72
2018-04-11,20.51,20.88,19.65,19.77,221712.58,4547325.02
2018-04-12,23.02,23.37,22.32,23.3,288740.69,6646810.68
2018-04-13,21.26,24.26,18.74,22.95,463916.08,9862855.86
2018-04-14,23.33,23.64,17.23,21.6,108038.85,2520546.37
2018-04-15,21.04,24.49,20.15,24.36,88876.17,1869954.62
2018-04-16,23.07,25.53,16.29,20.3,169003.63,3898913.74
2018-04-17,23.03,23.99,7.49,22.62,190677.35,4391299.37
2018-04-18,24.22,24.97,21.13,23.79,232405.01,5628849.34
2018-04-19,27.07,29.45,23.98,24.55,821882.52,22248359.82
2018-04-20,21.85,29.08,21.77,28.95,774183.65,16915912.75
2018-04-21,23.7,27.58,18.85,21.99,387377.64,9180850.07
2018-04-22,21.95,27.4,20.88,23.4,427731.61,9388708.84
2018-04-23,30.85,32.18,22.16,22.31,278581.26,8594231.87
2018-04-24,30.8,44.29,30.67,32.91,808767.3,24910032.84
2018-04-25,26.24,29.82,23.27,28.28,234044.43,6141325.84
2018-04-26,23.67,30.17,21.77,27.45,323778.47,7663836.38
2018-04-27,8.52,29.67,7.48,22.69,399389.55,3402798.97
2018-04-28,11.17,16.73,8.23,8.92,239501.99,2675237.23
2018-04-29,5.79,11.18,5.41,11.18,268838.75,1556576.36
2018-04-30,5.64,7.78,5.35,5.69,168899.5,952593.18
2018-05-01,5.9,7.77,5.27,5.53,83909.97,495068.82
2018-05-02,32.94,33.11,5.49,6.0,128537.49,4234024.92
2018-05-03,33.08,34.96,28.4,34.77,195204.35,6457359.9
2018-05-04,23.24,33.16,23.18,32.93,115811.62,2691462.05
2018-05-05,36.82,42.61,8.52,23.59,554744.24,20425682.92
2018-05-06,32.75,36.14,30.16,35.92,369397.0,12097751.75
2018-05-07,23.07,31.85,22.8,31.85,144864.09,3342014.56
2018-05-08,30.72,31.55,21.75,22.62,219137.7,6731910.14
2018-05-09,25.31,31.18,25.24,31.14,129061.29,3266541.25
2018-05-10,24.97,28.91,11.86,24.52,109964.56,2745815.06
2018-05-11,22.47,26.37,21.31,23.28,271032.69,6090104.54
2018-05-12,21.63,25.81,20.26,22.64,131058.7,2834799.68
2018-05-13,26.62,26.83,21.83,22.2,60291.85,1604969.05
2018-05-14,26.15,26.81,18.59,26.51,93589.1,2447354.97
2018-05-15,25.44,26.2,24.76,25.57,67235.96,1710482.82
2018-05-16,24.79,25.24,9.43,25.03,86522.22,2144885.83
2018-05-17,24.41,25.12,15.77,23.98,75658.24,1846817.64
2018-05-18,24.94,25.56,24.67,24.95,132372.16,3301361.67
2018-05-19,24.94,25.04,3.51,24.95,58641.39,1462516.27
2018-05-20,4.55,25.94,3.66,25.8,62184.2,282938.11
2018-05-21,3.56,5.71,3.46,4.49,58755.31,209168.9
2018-05-22,3.24,5.28,3.22,3.38,55394.22,179477.27
2018-05-23,2.93,4.17,2.55,3.05,186383.03,546102.28
2018-05-24,3.1,4.38,2.88,2.96,89988.85,278965.44
2018-05-25,20.3,21.19,2.83,3.06,57283.57,1162856.47
2018-05-26,2.89,19.98,2.82,19.98,58828.07,170013.12
2018-05-27,2.94,4.8,2.84,2.89,39133.53,115052.58
2018-05-28,3.1,4.11,2.57,2.84,67609.36,209589.02
2018-05-29,2.69,4.4,2.62,3.25,105726.91,284405.39
2018-05-30,2.66,4.2,2.64,2.66,58255.55,154959.76
2018-05-31,2.65,4.47,2.59,2.7,94458.05,250313.83
2018-06-01,2.92,3.32,2.63,2.66,168774.82,492822.47
2018-06-02,3.11,4.71,2.76,2.96,96899.66,301357.94
2018-06-03,2.9,4.81,2.88,3.14,123871.98,359228.74
2018-06-04,2.77,19.15,2.69,2.82,176262.34,488246.68
2018-06-05,2.72,15.55,2.61,2.82,133178.93,362246.69
2018-06-06,2.63,4.27,2.58,2.73,82080.45,215871.58
2018-06-07,4.19,4.33,1.05,2.65,163783.19,686251.57
2018-06-08,2.53,4.23,2.41,4.15,145343.55,367719.18
2018-06-09,2.52,3.58,2.37,2.5,81100.87,204374.19
2018-06-10,2.06,3.42,1.8,2.28,143844.07,296318.78
2018-06-11,2.26,15.83,2.04,2.09,150855.58,340933.61
2018-06-12,2.2,15.3,2.01,2.15,103053.66,226718.05
2018-06-13,2.07,13.71,1.94,2.12,127977.4,264913.22
2018-06-14,2.16,15.12,2.02,2.18,131699.99,284471.98
2018-06-15,2.05,14.72,1.99,2.08,73727.4,151141.17
2018-06-16,2.1,14.74,2.02,2.08,84071.83,176550.84
2018-06-17,2.05,14.35,1.94,2.09,93125.11,190906.48
2018-06-18,14.78,15.07,2.09,2.13,79596.29,1176433.17
2018-06-19,2.1,14.97,2.03,14.84,76840.18,161364.38
2018-06-20,14.03,14.59,1.95,2.13,77536.63,1087838.92
2018-06-21,2.94,14.03,1.94,13.95,78604.05,231095.91
2018-06-22,1.73,12.36,1.64,2.65,180371.83,312043.27
2018-06-23,1.86,12.42,1.64,1.76,138820.18,258205.53
2018-06-24,1.85,11.48,1.7,1.85,140018.4,259034.04
2018-06-25,1.76,11.76,1.72,1.88,95316.53,167757.09
2018-06-26,1.71,11.37,1.59,1.73,54054.6,92433.37
2018-06-27,1.51,10.75,1.33,1.72,95846.57,144728.32
2018-06-28,1.41,1.53,1.27,1.44,58553.82,82560.89
2018-06-29,1.51,1.58,1.26,1.49,158671.48,239593.93
2018-06-30,1.72,1.8,1.38,1.56,161065.31,277032.33
2018-07-01,1.7,1.8,1.42,1.7,233263.74,396548.36
2018-07-02,1.91,14.67,1.65,1.78,1054523.74,2014140.34
2018-07-03,1.88,2.07,1.65,1.88,447614.87,841515.96
2018-07-04,1.71,2.07,1.64,1.89,108685.03,185851.4
2018-07-05,4.83,6.75,1.46,1.7,89984.72,434626.2
2018-07-06,1.76,5.4,1.65,4.88,87754.15,154447.3
2018-07-07,3.11,3.92,1.77,1.8,1466595.68,4561112.56
2018-07-08,13.38,14.24,2.08,3.09,1553113.96,20780664.78
2018-07-09,12.07,22.07,9.54,13.04,1765555.93,21310260.08
2018-07-10,13.96,18.94,11.29,11.4,1364124.61,19043179.56
2018-07-11,15.77,18.01,12.55,14.14,923405.36,14562102.53
2018-07-12,12.2,15.54,1.84,15.42,381622.07,4655789.25
2018-07-13,9.45,13.21,1.85,12.15,284592.09,2689395.25
2018-07-14,11.6,13.35,1.71,9.51,420355.57,4876124.61
2018-07-15,10.21,13.29,9.39,11.77,537688.19,5489796.42
2018-07-16,1.95,12.52,1.81,10.82,387723.35,756060.53
2018-07-17,6.32,11.96,1.86,2.11,301694.13,1906706.9
2018-07-18,6.04,11.06,2.01,6.4,379587.21,2292706.75
2018-07-19,11.17,17.08,4.54,6.13,558170.1,6234760.02
2018-07-20,11.9,17.65,10.84,10.9,340423.09,4051034.77
2018-07-21,11.83,16.88,9.81,12.24,257796.86,3049736.85
2018-07-22,7.31,12.74,2.05,11.74,246523.48,1802086.64
2018-07-23,4.5,14.08,2.16,7.64,316152.91,1422688.1
2018-07-24,13.37,18.82,2.25,4.9,354330.52,4737399.05
2018-07-25,10.39,18.03,9.82,13.01,203681.15,2116247.15
2018-07-26,9.84,17.75,8.78,10.1,162880.69,1602745.99
2018-07-27,6.28,10.62,2.04,9.64,279184.04,1753275.77
2018-07-28,6.09,10.12,1.98,6.28,120509.99,733905.84
2018-07-29,2.89,12.16,1.94,6.08,105478.43,304832.66
2018-07-30,5.71,12.9,1.91,2.88,119905.19,684658.63
2018-07-31,4.43,10.96,1.69,5.43,159252.61,705489.06
2018-08-01,3.09,15.15,1.69,4.36,136495.21,421770.2
2018-08-02,9.41,13.88,1.69,3.36,70068.42,659343.83
2018-08-03,8.64,13.62,1.65,9.26,74359.82,642468.84
2018-08-04,5.67,12.58,1.59,8.18,92416.8,524003.26
2018-08-05,6.85,8.53,4.07,5.69,261647.42,1792284.83
2018-08-06,8.04,13.02,4.6,6.76,565723.39,4548416.06
2018-08-07,4.99,9.36,4.43,7.79,292209.52,1458125.5
2018-08-08,5.29,11.22,1.42,4.67,140111.39,741189.25
2018-08-09,1.46,10.85,1.25,5.3,229978.0,335767.88
2018-08-10,7.13,10.2,1.22,1.38,167157.31,1191831.62
2018-08-11,1.29,10.01,1.21,7.24,102272.13,131931.05
2018-08-12,10.65,10.94,1.27,1.31,48479.87,516310.62
2018-08-13,1.24,10.55,1.03,10.55,147786.73,183255.55
2018-08-14,1.24,1.35,0.9913,1.21,63344.87,78547.64
2018-08-15,1.1,1.3,0.8407,1.25,218416.28,240257.91
2018-08-16,1.01,1.38,0.8189,1.11,218650145.88,220836647.34
2018-08-17,1.24,1.44,1.03,1.06,221917888.97,275178182.32
2018-08-18,1.05,1.35,0.8154,1.21,264606.28,277836.59
2018-08-19,1.16,1.38,0.7952,1.06,195865.4,227203.86
2018-08-20,0.9499,1.35,0.7706,1.13,990237.87,940626.95
2018-08-21,1.19,1.41,0.8023,0.9841,1165935.22,1387462.91
2018-08-22,1.14,1.38,0.7652,1.09,1227996.54,1399916.06
2018-08-23,1.38,1.54,0.8174,1.17,1905953.19,2630215.4
2018-08-24,1.23,1.56,0.9527,1.42,1478587.83,1818663.03
2018-08-25,1.24,1.53,0.8923,1.25,1290054.55,1599667.64
2018-08-26,1.07,1.27,0.9066,1.23,1283829.01,1373697.04
2018-08-27,1.09,1.29,0.9336,1.11,1158794.66,1263086.18
2018-08-28,1.26,1.37,0.9573,1.11,1369917.88,1726096.53
2018-08-29,1.37,1.62,0.9619,1.21,772753.72,1058672.6
2018-08-30,1.09,1.39,0.949,1.36,805880.11,878409.32
2018-08-31,1.06,7.22,1.06,1.09,1176077.26,1246641.9
2018-09-01,1.08,1.2,0.9076,1.09,1522651.22,1644463.32
2018-09-02,1.07,1.13,1.04,1.08,2328461.63,2491453.94
2018-09-03,1.13,1.15,0.9262,1.06,2925906.0,3306273.78
2018-09-04,1.09,1.17,0.9367,1.14,2919151.16,3181874.76
2018-09-05,2.79,4.26,0.9253,0.9937,27986811.86,78083205.09
2018-09-06,2.04,2.83,1.93,2.72,13470486.82,27479793.11
2018-09-07,1.73,2.21,1.67,1.99,7436194.25,12864616.05
2018-09-08,1.62,1.83,1.41,1.66,5219339.19,8455329.49
2018-09-09,1.63,1.88,1.37,1.63,5241210.63,8543173.33
2018-09-10,1.98,2.08,1.46,1.65,10357969.56,20508779.73
2018-09-11,1.75,2.11,1.57,1.97,6006857.77,10512001.1
2018-09-12,1.83,1.9,1.6,1.76,4684258.5,8572193.06
2018-09-13,1.73,1.93,1.7,1.88,4258948.91,7367981.61
2018-09-14,1.67,1.84,1.63,1.75,3489764.05,5827905.96
2018-09-15,1.69,1.82,1.61,1.68,3514900.93,5940182.57
2018-09-16,1.64,1.74,1.6,1.69,3331541.96,5463728.81
2018-09-17,1.64,1.69,1.54,1.59,3297519.31,5407931.67
2018-09-18,1.39,1.71,1.34,1.66,2644070.31,3675257.73
2018-09-19,1.53,1.78,1.39,1.4,2104122.21,3219306.98
2018-09-20,1.53,1.81,1.3,1.55,2164706.76,3312001.34
2018-09-21,1.65,1.71,1.46,1.6,2839729.67,4685553.96
2018-09-22,1.46,1.67,1.39,1.64,1938891.96,2830782.26
2018-09-23,1.86,1.91,1.39,1.47,4924992.45,9160485.96
2018-09-24,1.59,1.86,1.46,1.83,2351902.39,3739524.8
2018-09-25,1.49,1.56,1.33,1.56,2035759.78,3033282.07
2018-09-26,1.49,1.67,1.39,1.5,2190624.66,3264030.74
2018-09-27,1.47,1.61,1.4,1.54,2178057.56,3201744.61
2018-09-28,1.42,1.6,1.33,1.47,2023910.65,2873953.12
2018-09-29,1.6,1.7,1.35,1.42,2077128.37,3323405.39
2018-09-30,1.51,1.64,1.33,1.6,2162632.5,3265575.08
2018-10-01,1.48,1.66,1.34,1.5,2244968.7,3322553.68
2018-10-02,1.6,1.63,1.4,1.46,2808341.15,4493345.84
2018-10-03,1.38,1.6,1.36,1.59,2149076.13,2965725.06
2018-10-04,1.48,1.51,1.36,1.41,2366651.84,3502644.72
2018-10-05,1.61,1.65,1.45,1.5,3045966.37,4904005.86
2018-10-06,1.55,1.68,1.42,1.6,2213386.54,3430749.14
2018-10-07,1.51,1.57,1.35,1.55,1915100.55,2891801.83
2018-10-08,1.57,1.72,1.38,1.52,2070221.69,3250248.05
2018-10-09,1.57,1.72,1.45,1.57,2135262.82,3352362.63
2018-10-10,1.47,1.6,1.4,1.57,2185412.76,3212556.76
2018-10-11,1.33,1.41,1.31,1.39,2223326.55,2957024.31
2018-10-12,1.34,1.42,1.29,1.34,2053150.1,2751221.13
2018-10-13,1.3,1.39,1.28,1.35,1903804.34,2474945.64
2018-10-14,1.34,1.46,1.23,1.3,2031737.67,2722528.48
2018-10-15,1.56,1.81,1.29,1.43,2549476.91,3977183.98
2018-10-16,1.57,1.97,1.49,1.55,1979592.73,3107960.59
2018-10-17,1.57,1.65,1.5,1.57,1867895.68,2932596.22
2018-10-18,1.56,1.69,1.31,1.56,1868225.24,2914431.37
2018-10-19,1.55,1.62,1.34,1.58,1811559.46,2807917.16
2018-10-20,1.51,1.62,1.34,1.56,1854667.37,2800547.73
2018-10-21,1.49,1.68,1.33,1.5,1846369.36,2751090.35
2018-10-22,1.57,1.73,1.3,1.48,2633186.73,4134103.17
2018-10-23,1.96,2.05,1.5,1.58,6749845.59,13229697.36
2018-10-24,1.78,2.03,1.71,1.97,4637830.6,8255338.47
2018-10-25,1.63,1.79,1.57,1.78,2765482.0,4507735.66
2018-10-26,1.6,1.68,1.51,1.63,2186801.35,3498882.16
2018-10-27,1.57,1.62,1.46,1.6,2178781.28,3420686.61
2018-10-28,1.57,1.63,1.49,1.56,2123423.28,3333774.55
2018-10-29,1.55,1.61,1.34,1.57,666243.66,1012690.36
