date,1. open,2. high,3. low,4. close,5. adjusted close,6. volume,7. dividend amount,8. split coefficient
2013-02-12,20.17,20.17,20.17,20.17,13.0206,300.0,0.0,1.0
2013-02-13,20.18,20.26,20.1599,20.24,13.0658,11400.0,0.0,1.0
2013-02-14,20.2799,20.38,20.27,20.3799,13.1561,19502.0,0.0,1.0
2013-02-15,20.54,20.54,20.3,20.33,13.1239,12500.0,0.0,1.0
2013-02-19,20.4,20.54,20.4,20.52,13.2465,39607.0,0.0,1.0
2013-02-20,20.48,20.48,20.3,20.3,13.1045,13427.0,0.0,1.0
2013-02-21,20.26,20.26,19.93,19.93,12.8656,8416.0,0.0,1.0
2013-02-22,20.19,20.24,20.1299,20.24,13.0658,5054.0,0.0,1.0
2013-02-25,20.48,20.48,20.0,20.01,12.9173,10942.0,0.0,1.0
2013-02-26,20.13,20.13,19.99,20.104,12.978,11489.0,0.0,1.0
2013-02-27,20.271,20.36,20.271,20.28,13.0916,10999.0,0.0,1.0
2013-02-28,20.32,20.3812,20.28,20.36,13.1432,6125.0,0.0,1.0
2013-03-01,20.2,20.38,20.15,20.36,13.1432,3365.0,0.0,1.0
2013-03-04,20.35,20.43,20.2,20.43,13.1884,8209.0,0.0,1.0
2013-03-05,20.5,20.56,20.4722,20.5299,13.2529,6812.0,0.0,1.0
2013-03-06,20.56,20.6,20.5499,20.58,13.2852,16098.0,0.0,1.0
2013-03-07,20.5799,20.62,20.5388,20.62,13.3111,800.0,0.0,1.0
2013-03-08,20.715,20.715,20.59,20.68,13.3498,4848.0,0.0,1.0
2013-03-11,20.88,20.88,20.75,20.85,13.4595,12217.0,0.0,1.0
2013-03-12,20.77,20.775,20.7075,20.74,13.3885,3680.0,0.0,1.0
2013-03-13,20.799,20.8051,20.7455,20.8051,13.4305,2600.0,0.0,1.0
2013-03-14,21.01,21.01,20.8915,20.97,13.537,26480.0,0.0,1.0
2013-03-15,21.17,21.17,20.8001,20.8577,13.4645,10170.0,0.0,1.0
2013-03-18,20.7505,20.83,20.709,20.709,13.3685,6868.0,0.0,1.0
2013-03-19,20.7101,20.72,20.382,20.449,13.2007,14325.0,0.0,1.0
2013-03-20,20.5599,20.5599,20.52,20.52,13.2465,550.0,0.0,1.0
2013-03-21,20.54,20.54,20.4785,20.4785,13.2197,2796.0,0.0,1.0
2013-03-22,20.62,20.63,20.49,20.59,13.2917,12160.0,0.0,1.0
2013-03-25,20.7,20.7,20.49,20.56,13.2723,12225.0,0.0,1.0
2013-03-26,20.57,20.57,20.4101,20.4501,13.2014,10273.0,0.0,1.0
2013-03-27,20.68,20.68,20.379,20.49,13.2271,6067.0,0.0,1.0
2013-03-28,20.71,20.71,20.44,20.44,13.1949,102245.0,0.0,1.0
2013-04-01,20.14,20.25,20.11,20.16,13.1477,10526.0,0.207,1.0
2013-04-02,20.07,20.27,20.07,20.2,13.1738,10200.0,0.0,1.0
2013-04-03,20.0882,20.0882,19.7501,19.84,12.939,27602.0,0.0,1.0
2013-04-04,19.8,19.95,19.8,19.89,12.9717,8094.0,0.0,1.0
2013-04-05,19.75,19.85,19.6925,19.85,12.9456,13888.0,0.0,1.0
2013-04-08,19.84,20.22,19.84,20.08,13.0956,3350.0,0.0,1.0
2013-04-09,20.0,20.04,19.94,19.94,13.0043,14211.0,0.0,1.0
2013-04-10,19.83,20.16,19.83,20.14,13.1347,15651.0,0.0,1.0
2013-04-11,20.12,20.17,20.0,20.0,13.0434,12195.0,0.0,1.0
2013-04-12,20.0,20.046,19.85,19.883,12.9671,9049.0,0.0,1.0
2013-04-15,19.85,19.85,19.427,19.45,12.6847,4433.0,0.0,1.0
2013-04-16,19.49,19.64,19.49,19.598,12.7812,15608.0,0.0,1.0
2013-04-17,19.6,19.6,19.17,19.267,12.5654,7075.0,0.0,1.0
2013-04-18,19.32,19.33,19.17,19.226,12.5386,7361.0,0.0,1.0
2013-04-19,19.3,19.43,19.3,19.3912,12.6463,8132.0,0.0,1.0
2013-04-22,19.65,19.89,19.45,19.84,12.939,90731.0,0.0,1.0
2013-04-23,20.03,20.12,19.99,20.11,13.1151,30390.0,0.0,1.0
2013-04-24,20.25,20.25,20.0857,20.2,13.1738,28721.0,0.0,1.0
2013-04-25,20.39,20.39,20.2399,20.31,13.2456,49576.0,0.0,1.0
2013-04-26,20.5,20.5,20.23,20.37,13.2847,15459.0,0.0,1.0
2013-04-29,20.55,20.68,20.4366,20.6799,13.4868,25121.0,0.0,1.0
2013-04-30,20.88,20.88,20.62,20.76,13.539000000000001,22610.0,0.0,1.0
2013-05-01,20.61,20.61,20.15,20.15,13.1412,19670.0,0.0,1.0
2013-05-02,20.31,20.48,20.305999999999997,20.4001,13.3043,15157.0,0.0,1.0
2013-05-03,20.71,20.71,20.54,20.58,13.4216,21978.0,0.0,1.0
2013-05-06,20.8,20.8,20.41,20.5255,13.3861,10495.0,0.0,1.0
2013-05-07,20.549,20.549,20.4707,20.52,13.3825,9046.0,0.0,1.0
2013-05-08,20.71,20.71,20.5,20.62,13.4477,6470.0,0.0,1.0
2013-05-09,20.88,20.88,20.42,20.42,13.3173,11748.0,0.0,1.0
2013-05-10,20.456,20.46,20.3801,20.45,13.3369,21967.0,0.0,1.0
2013-05-13,20.52,20.52,20.3999,20.4599,13.3433,13372.0,0.0,1.0
2013-05-14,20.39,20.71,20.39,20.71,13.5064,46894.0,0.0,1.0
2013-05-15,20.8,20.8,20.5,20.75,13.5325,18461.0,0.0,1.0
2013-05-16,20.75,20.75,20.55,20.55,13.4021,10472.0,0.0,1.0
2013-05-17,20.68,20.68,20.5439,20.65,13.4673,7820.0,0.0,1.0
2013-05-20,20.57,20.75,20.56,20.73,13.5195,2482.0,0.0,1.0
2013-05-21,20.75,20.9,20.69,20.75,13.5325,5800.0,0.0,1.0
2013-05-22,21.01,21.01,20.4899,20.4899,13.3629,21798.0,0.0,1.0
2013-05-23,20.5,20.5,20.15,20.37,13.2847,9071.0,0.0,1.0
2013-05-24,20.3162,20.41,20.211,20.4,13.3043,13321.0,0.0,1.0
2013-05-28,20.69,20.739,20.349,20.37,13.2847,19692.0,0.0,1.0
2013-05-29,20.35,20.35,19.9201,20.1367,13.1325,16525.0,0.0,1.0
2013-05-30,20.08,20.34,20.08,20.29,13.2325,9191.0,0.0,1.0
2013-05-31,20.15,20.18,19.98,19.98,13.0303,4585.0,0.0,1.0
2013-06-03,20.14,20.14,19.63,19.76,12.8869,14634.0,0.0,1.0
2013-06-04,19.79,19.79,19.65,19.65,12.8151,1101.0,0.0,1.0
2013-06-05,19.8,19.8,19.42,19.47,12.6977,36814.0,0.0,1.0
2013-06-06,19.555999999999997,19.7,19.51,19.7,12.8477,3956.0,0.0,1.0
2013-06-07,19.869,19.9199,19.74,19.86,12.9521,6812.0,0.0,1.0
2013-06-10,19.8,19.95,19.8,19.95,13.0108,6624.0,0.0,1.0
2013-06-11,19.85,19.97,19.7,19.7,12.8477,7078.0,0.0,1.0
2013-06-12,19.794,19.794,19.46,19.484,12.7069,20180.0,0.0,1.0
2013-06-13,19.49,19.8199,19.49,19.8199,12.9259,6611.0,0.0,1.0
2013-06-14,19.82,19.906,19.73,19.906,12.9821,1700.0,0.0,1.0
2013-06-17,19.93,20.11,19.93,19.98,13.0303,8727.0,0.0,1.0
2013-06-18,19.8001,20.03,19.8001,20.03,13.062999999999999,3770.0,0.0,1.0
2013-06-19,19.93,19.93,19.74,19.7899,12.9064,3257.0,0.0,1.0
2013-06-20,19.5,19.5,19.26,19.37,12.6325,10790.0,0.0,1.0
2013-06-21,19.38,19.41,19.16,19.32,12.5999,8655.0,0.0,1.0
2013-06-24,19.27,19.27,18.79,19.26,12.5608,15059.0,0.0,1.0
2013-06-25,19.23,19.28,19.1581,19.25,12.5543,2590.0,0.0,1.0
2013-06-26,19.35,19.539,19.35,19.474,12.7003,113475.0,0.0,1.0
2013-06-27,19.65,19.879,19.61,19.8,12.913,15567.0,0.0,1.0
2013-06-28,19.805,19.95,19.805,19.9299,12.9977,5290.0,0.0,1.0
2013-07-01,20.1,20.1,19.77,19.78,13.0629,6050.0,0.2499,1.0
2013-07-02,19.78,19.8201,19.65,19.65,12.977,13286.0,0.0,1.0
2013-07-03,19.65,19.65,19.65,19.65,12.977,0.0,0.0,1.0
2013-07-05,19.76,19.76,19.546,19.6699,12.9902,3329.0,0.0,1.0
2013-07-08,19.7696,19.84,19.7299,19.84,13.1025,3400.0,0.0,1.0
2013-07-09,19.874000000000002,20.0099,19.8431,19.913,13.1507,4929.0,0.0,1.0
2013-07-10,20.0,20.0,19.89,19.989,13.2009,1736.0,0.0,1.0
2013-07-11,20.2233,20.3,20.18,20.2999,13.4062,8457.0,0.0,1.0
2013-07-12,20.35,20.35,20.17,20.2128,13.3487,13332.0,0.0,1.0
2013-07-15,20.35,20.4,20.29,20.4,13.4723,10200.0,0.0,1.0
2013-07-16,20.4,20.4,20.28,20.36,13.4459,3700.0,0.0,1.0
2013-07-17,20.35,20.43,20.28,20.402,13.4737,6431.0,0.0,1.0
2013-07-18,20.44,20.52,20.44,20.511999999999997,13.5463,108345.0,0.0,1.0
2013-07-19,20.3999,20.46,20.35,20.35,13.4393,9350.0,0.0,1.0
2013-07-22,20.418,20.5002,20.418,20.47,13.5186,3111.0,0.0,1.0
2013-07-23,20.45,20.69,20.45,20.689,13.6632,15469.0,0.0,1.0
2013-07-24,20.52,20.52,20.35,20.3908,13.4663,9548.0,0.0,1.0
2013-07-25,20.4382,20.5099,20.41,20.5099,13.5449,1975.0,0.0,1.0
2013-07-26,20.4201,20.499000000000002,20.42,20.499000000000002,13.5377,3800.0,0.0,1.0
2013-07-29,20.4,20.4299,20.3782,20.39,13.4657,4583.0,0.0,1.0
2013-07-30,20.47,20.47,20.35,20.389,13.4651,8994.0,0.0,1.0
2013-07-31,20.34,20.42,20.3199,20.42,13.4856,3723.0,0.0,1.0
2013-08-01,20.49,20.49,20.39,20.44,13.4988,8240.0,0.0,1.0
2013-08-02,20.44,20.53,20.44,20.52,13.5516,3890.0,0.0,1.0
2013-08-05,20.56,20.56,20.3656,20.42,13.4856,8673.0,0.0,1.0
2013-08-06,20.46,20.46,20.25,20.33,13.4261,23908.0,0.0,1.0
2013-08-07,20.22,20.22,19.93,20.09,13.2676,16257.0,0.0,1.0
2013-08-08,20.19,20.27,20.1,20.1401,13.3007,5775.0,0.0,1.0
2013-08-09,20.3,20.32,20.02,20.26,13.3799,31098.0,0.0,1.0
2013-08-12,20.26,20.3058,20.1401,20.21,13.3469,9577.0,0.0,1.0
2013-08-13,20.096,20.1699,20.0001,20.139,13.3,4988.0,0.0,1.0
2013-08-14,20.05,20.119,19.9601,20.0999,13.2742,7754.0,0.0,1.0
2013-08-15,19.92,19.92,19.8084,19.8603,13.1159,10340.0,0.0,1.0
2013-08-16,19.872,19.894000000000002,19.8,19.85,13.1091,3350.0,0.0,1.0
2013-08-19,19.87,19.87,19.54,19.562,12.9189,10701.0,0.0,1.0
2013-08-20,19.54,19.94,19.54,19.87,13.1223,92489.0,0.0,1.0
2013-08-21,19.85,19.91,19.8,19.9,13.1421,9506.0,0.0,1.0
2013-08-22,19.97,20.07,19.92,20.07,13.2544,45702.0,0.0,1.0
2013-08-23,20.12,20.12,20.0,20.1199,13.2874,8231.0,0.0,1.0
2013-08-26,20.15,20.16,20.11,20.11,13.2808,16149.0,0.0,1.0
2013-08-27,19.9,19.959,19.79,19.8599,13.1157,13275.0,0.0,1.0
2013-08-28,19.83,19.9,19.8,19.849,13.1085,20538.0,0.0,1.0
2013-08-29,19.9,20.0624,19.88,19.9712,13.1892,15836.0,0.0,1.0
2013-08-30,20.02,20.02,19.79,19.79,13.0695,9923.0,0.0,1.0
2013-09-03,20.05,20.07,19.77,19.77,13.0563,5005.0,0.0,1.0
2013-09-04,19.95,20.04,19.95,20.04,13.2346,975.0,0.0,1.0
2013-09-05,19.9648,20.06,19.9648,20.05,13.2412,6225.0,0.0,1.0
2013-09-06,20.05,20.12,20.05,20.12,13.2874,1045.0,0.0,1.0
2013-09-09,20.17,20.279,20.15,20.279,13.3924,11872.0,0.0,1.0
2013-09-10,20.23,20.46,20.23,20.45,13.5054,8581.0,0.0,1.0
2013-09-11,20.4727,20.5,20.4,20.4,13.4723,37890.0,0.0,1.0
2013-09-12,20.381,20.39,20.31,20.389,13.4651,18553.0,0.0,1.0
2013-09-13,20.4,20.44,20.37,20.41,13.4789,2852.0,0.0,1.0
2013-09-16,20.39,20.9,20.39,20.49,13.5318,10371.0,0.0,1.0
2013-09-17,20.55,20.59,20.39,20.58,13.5912,17530.0,0.0,1.0
2013-09-18,20.58,20.8,20.37,20.8,13.7365,18072.0,0.0,1.0
2013-09-19,20.66,20.66,20.55,20.58,13.5912,10382.0,0.0,1.0
2013-09-20,20.51,20.58,20.38,20.47,13.5186,3767.0,0.0,1.0
2013-09-23,20.46,20.49,20.46,20.49,13.5318,950.0,0.0,1.0
2013-09-24,20.69,20.69,20.4721,20.53,13.5582,12713.0,0.0,1.0
2013-09-25,20.5544,20.67,20.5544,20.6699,13.6506,2700.0,0.0,1.0
2013-09-26,20.58,20.58,20.45,20.51,13.545,9635.0,0.0,1.0
2013-09-27,20.4601,20.54,20.4601,20.54,13.5648,7859.0,0.0,1.0
2013-09-30,20.35,20.5799,20.35,20.548000000000002,13.5701,7973.0,0.0,1.0
2013-10-01,20.17,20.3465,20.17,20.3,13.6242,6460.0,0.33,1.0
2013-10-02,20.2574,20.2574,20.1,20.1,13.49,2833.0,0.0,1.0
2013-10-03,20.19,20.19,19.9263,20.05,13.4565,6029.0,0.0,1.0
2013-10-04,19.95,20.18,19.76,20.142,13.5182,4622.0,0.0,1.0
2013-10-07,20.15,20.15,19.961,19.97,13.4028,6553.0,0.0,1.0
2013-10-08,20.08,20.12,19.89,19.94,13.3826,26686.0,0.0,1.0
2013-10-09,19.8004,19.9001,19.8004,19.9001,13.3558,415.0,0.0,1.0
2013-10-10,20.14,20.229,20.1168,20.178,13.5424,8311.0,0.0,1.0
2013-10-11,20.43,20.43,20.22,20.36,13.6645,4775.0,0.0,1.0
2013-10-14,20.36,20.36,20.2646,20.28,13.6108,6488.0,0.0,1.0
2013-10-15,20.2,20.241,20.0401,20.129,13.5095,12607.0,0.0,1.0
2013-10-16,20.2699,20.2699,20.1926,20.1926,13.5522,1603.0,0.0,1.0
2013-10-17,20.31,20.459,20.2,20.45,13.7249,1600.0,0.0,1.0
2013-10-18,20.5001,20.58,20.5001,20.5538,13.7946,3864.0,0.0,1.0
2013-10-21,20.56,20.6,20.5155,20.57,13.8054,7594.0,0.0,1.0
2013-10-22,20.65,20.665,20.581,20.65,13.8591,11200.0,0.0,1.0
2013-10-23,20.64,20.739,20.55,20.7299,13.9128,4731.0,0.0,1.0
2013-10-24,20.84,20.84,20.726,20.83,13.9799,6349.0,0.0,1.0
2013-10-25,20.82,20.83,20.802,20.802,13.9612,600.0,0.0,1.0
2013-10-28,20.59,20.859,20.59,20.83,13.9799,18162.0,0.0,1.0
2013-10-29,20.88,20.88,20.741,20.741,13.9202,1846.0,0.0,1.0
2013-10-30,20.78,20.8375,20.68,20.68,13.8793,5100.0,0.0,1.0
2013-10-31,20.87,20.87,20.51,20.54,13.7853,55278.0,0.0,1.0
2013-11-01,20.4365,20.529,20.32,20.4239,13.7074,8628.0,0.0,1.0
2013-11-04,20.59,20.61,20.56,20.61,13.8323,1434.0,0.0,1.0
2013-11-05,20.71,20.71,20.57,20.64,13.8524,1867.0,0.0,1.0
2013-11-06,20.576999999999998,20.658,20.5744,20.62,13.839,9902.0,0.0,1.0
2013-11-07,20.55,20.55,20.39,20.39,13.6846,5826.0,0.0,1.0
2013-11-08,20.33,20.6,20.33,20.55,13.792,8524.0,0.0,1.0
2013-11-11,20.42,20.75,20.42,20.75,13.9263,3212.0,0.0,1.0
2013-11-12,20.6989,20.719,20.664,20.6999,13.8926,6033.0,0.0,1.0
2013-11-13,20.67,20.78,20.646,20.78,13.9464,4227.0,0.0,1.0
2013-11-14,20.81,20.81,20.81,20.81,13.9665,100.0,0.0,1.0
2013-11-15,20.88,21.03,20.88,21.03,14.1142,3709.0,0.0,1.0
2013-11-18,21.04,21.15,21.0,21.01,14.1008,7386.0,0.0,1.0
2013-11-19,21.05,21.05,20.9719,21.01,14.1008,6804.0,0.0,1.0
2013-11-20,21.13,21.138,21.06,21.06,14.1343,19023.0,0.0,1.0
2013-11-21,21.18,21.28,21.16,21.279,14.2813,1326.0,0.0,1.0
2013-11-22,21.31,21.57,21.28,21.419,14.3752,11964.0,0.0,1.0
2013-11-25,21.69,21.69,21.4009,21.43,14.3826,12974.0,0.0,1.0
2013-11-26,21.3,21.42,21.26,21.42,14.3759,15584.0,0.0,1.0
2013-11-27,21.52,21.53,21.3924,21.53,14.4497,13282.0,0.0,1.0
2013-11-29,21.6299,21.6299,21.57,21.57,14.4766,482.0,0.0,1.0
2013-12-02,21.6,21.6,21.3292,21.3292,14.315,6454.0,0.0,1.0
2013-12-03,21.1,21.2499,21.011,21.016,14.1048,9377.0,0.0,1.0
2013-12-04,21.13,21.23,20.98,21.23,14.2484,17696.0,0.0,1.0
2013-12-05,21.09,21.14,21.09,21.09,14.1544,9638.0,0.0,1.0
2013-12-06,21.21,21.3,21.21,21.27,14.2752,8602.0,0.0,1.0
2013-12-09,21.17,21.33,21.17,21.26,14.2685,15287.0,0.0,1.0
2013-12-10,21.14,21.21,21.09,21.13,14.1813,7662.0,0.0,1.0
2013-12-11,21.08,21.08,21.008000000000006,21.0399,14.1208,5770.0,0.0,1.0
2013-12-12,20.94,20.9999,20.87,20.96,14.0672,3816.0,0.0,1.0
2013-12-13,21.07,21.07,20.76,20.8661,14.0042,4282.0,0.0,1.0
2013-12-16,20.92,20.94,20.8,20.89,14.0202,25257.0,0.0,1.0
2013-12-17,20.96,21.011999999999997,20.88,20.95,14.0605,6476.0,0.0,1.0
2013-12-18,20.9,21.23,20.9,21.23,14.2484,5135.0,0.0,1.0
2013-12-19,21.169,21.189,20.9385,20.9385,14.0528,14150.0,0.0,1.0
2013-12-20,20.9,21.2699,20.9,21.25,14.2618,10630.0,0.0,1.0
2013-12-23,21.39,21.39,21.18,21.18,14.2148,4288.0,0.0,1.0
2013-12-24,21.35,21.45,21.35,21.41,14.3692,7281.0,0.0,1.0
2013-12-26,21.3,21.45,21.289,21.289,14.288,4540.0,0.0,1.0
2013-12-27,20.8,21.0,20.8,20.96,14.3058,32211.0,0.3555,1.0
2013-12-30,21.08,21.08,20.9164,20.95,14.299000000000001,15574.0,0.0,1.0
2013-12-31,21.02,21.04,20.94,20.98,14.3194,10379.0,0.0,1.0
2014-01-02,21.11,21.11,20.7208,20.75,14.1625,20737.0,0.0,1.0
2014-01-03,20.9191,20.98,20.8,20.93,14.2853,22379.0,0.0,1.0
2014-01-06,21.07,21.07,20.88,20.95,14.299000000000001,23159.0,0.0,1.0
2014-01-07,21.05,21.05,20.878,20.94,14.2921,18117.0,0.0,1.0
2014-01-08,20.85,20.88,20.774,20.8299,14.217,3382.0,0.0,1.0
2014-01-09,20.78,21.02,20.78,20.94,14.2921,29552.0,0.0,1.0
2014-01-10,21.11,21.11,21.0,21.08,14.3877,4086.0,0.0,1.0
2014-01-13,21.11,21.1396,20.938000000000002,20.9699,14.3125,16904.0,0.0,1.0
2014-01-14,21.0303,21.07,21.02,21.0558,14.3712,11674.0,0.0,1.0
2014-01-15,21.05,21.27,21.05,21.2238,14.4858,13697.0,0.0,1.0
2014-01-16,21.2192,21.29,21.1701,21.28,14.5242,14473.0,0.0,1.0
2014-01-17,21.25,21.26,21.2,21.2,14.4696,10183.0,0.0,1.0
2014-01-21,21.34,21.4,21.34,21.4,14.6061,2314.0,0.0,1.0
2014-01-22,21.33,21.4685,21.33,21.4685,14.6529,1080.0,0.0,1.0
2014-01-23,21.4,21.43,21.3201,21.42,14.6197,14146.0,0.0,1.0
2014-01-24,21.17,21.17,21.05,21.06,14.374,4009.0,0.0,1.0
2014-01-27,20.99,21.0101,20.69,20.8638,14.2401,18284.0,0.0,1.0
2014-01-28,20.77,21.03,20.77,21.0104,14.3402,31709.0,0.0,1.0
2014-01-29,20.96,20.97,20.76,20.76,14.1693,11229.0,0.0,1.0
2014-01-30,21.09,21.11,21.0808,21.09,14.3945,2636.0,0.0,1.0
2014-01-31,20.86,20.949,20.811,20.8553,14.2343,3036.0,0.0,1.0
2014-02-03,20.91,20.91,20.4,20.4,13.9236,10230.0,0.0,1.0
2014-02-04,20.57,20.74,20.5,20.5556,14.0298,1792.0,0.0,1.0
2014-02-05,20.56,20.56,20.4,20.4972,13.9899,14848.0,0.0,1.0
2014-02-06,20.6599,20.75,20.651999999999997,20.6688,14.107000000000001,3532.0,0.0,1.0
2014-02-07,20.7499,20.85,20.7401,20.8392,14.2233,8257.0,0.0,1.0
2014-02-10,20.75,20.9399,20.75,20.9399,14.2921,6408.0,0.0,1.0
2014-02-11,20.79,20.9499,20.79,20.9499,14.2989,1733.0,0.0,1.0
2014-02-12,20.87,21.0256,20.87,20.98,14.3194,1992.0,0.0,1.0
2014-02-13,21.13,21.2099,20.9436,21.2044,14.4726,2660.0,0.0,1.0
2014-02-14,21.6,21.6,21.2,21.2,14.4696,4366.0,0.0,1.0
2014-02-18,21.38,21.4591,21.27,21.39,14.5993,5525.0,0.0,1.0
2014-02-19,21.46,21.49,21.18,21.21,14.4764,20756.0,0.0,1.0
2014-02-20,21.33,21.71,21.28,21.46,14.647,13364.0,0.0,1.0
2014-02-21,21.56,21.59,21.45,21.45,14.6402,3151.0,0.0,1.0
2014-02-24,21.55,21.64,21.5491,21.5491,14.7079,3401.0,0.0,1.0
2014-02-25,21.2738,21.2738,21.02,21.049,14.3665,7468.0,0.0,1.0
2014-02-26,20.84,21.22,20.84,21.12,14.415,27882.0,0.0,1.0
2014-02-27,21.03,21.16,21.0299,21.16,14.4423,13433.0,0.0,1.0
2014-02-28,21.2699,21.27,21.1956,21.21,14.4764,7296.0,0.0,1.0
2014-03-03,21.28,21.28,21.07,21.18,14.4559,7377.0,0.0,1.0
2014-03-04,21.42,21.42,21.01,21.01,14.3399,12065.0,0.0,1.0
2014-03-05,21.0,21.0,20.8336,20.9,14.2648,8064.0,0.0,1.0
2014-03-06,20.99,21.04,20.969,20.99,14.3263,27744.0,0.0,1.0
2014-03-07,20.9899,20.9899,20.73,20.788,14.1884,21918.0,0.0,1.0
2014-03-10,20.9,20.92,20.75,20.92,14.2785,17531.0,0.0,1.0
2014-03-11,21.02,21.02,20.7,20.72,14.142000000000001,6897.0,0.0,1.0
2014-03-12,20.91,20.96,20.7,20.96,14.3058,52568.0,0.0,1.0
2014-03-13,20.99,20.995,20.69,20.73,14.1488,25844.0,0.0,1.0
2014-03-14,20.85,20.85,20.61,20.64,14.0874,9020.0,0.0,1.0
2014-03-17,20.6255,20.6336,20.524,20.5716,14.0407,9327.0,0.0,1.0
2014-03-18,20.8,20.8,20.56,20.6,14.0601,15604.0,0.0,1.0
2014-03-19,20.52,20.56,20.4601,20.4601,13.9646,15316.0,0.0,1.0
2014-03-20,20.5104,20.64,20.5104,20.63,14.0806,5160.0,0.0,1.0
2014-03-21,20.81,20.81,20.469,20.5196,14.0052,24874.0,0.0,1.0
2014-03-24,20.6,20.63,20.546999999999997,20.63,14.0806,2532.0,0.0,1.0
2014-03-25,20.629,20.69,20.58,20.67,14.1079,12375.0,0.0,1.0
2014-03-26,20.69,20.69,20.47,20.47,13.9713,6990.0,0.0,1.0
2014-03-27,20.38,20.5299,20.32,20.4775,13.9765,8254.0,0.0,1.0
2014-03-28,20.63,20.63,20.39,20.39,13.9167,12664.0,0.0,1.0
2014-03-31,20.63,20.83,20.63,20.7699,14.175999999999998,10410.0,0.0,1.0
2014-04-01,20.52,20.52,20.308,20.37,14.1352,50966.0,0.34,1.0
2014-04-02,20.37,20.52,20.37,20.51,14.2323,8340.0,0.0,1.0
2014-04-03,20.45,20.4597,20.33,20.45,14.1907,26316.0,0.0,1.0
2014-04-04,20.6,20.6,20.28,20.355,14.1247,17341.0,0.0,1.0
2014-04-07,20.45,20.45,20.1601,20.208,14.0227,20441.0,0.0,1.0
2014-04-08,20.31,20.31,20.0755,20.1,13.9478,72368.0,0.0,1.0
2014-04-09,20.21,20.26,20.12,20.22,14.0311,12758.0,0.0,1.0
2014-04-10,20.21,20.21,19.9115,19.93,13.8298,18230.0,0.0,1.0
2014-04-11,19.99,19.99,19.8001,19.8001,13.7397,10551.0,0.0,1.0
2014-04-14,19.85,19.95,19.84,19.84,13.7674,7799.0,0.0,1.0
2014-04-15,19.91,19.91,19.72,19.88,13.7951,8516.0,0.0,1.0
2014-04-16,19.99,20.01,19.88,20.0,13.8784,23292.0,0.0,1.0
2014-04-17,19.96,20.02,19.9556,19.98,13.8645,7394.0,0.0,1.0
2014-04-21,19.9,20.02,19.9,19.98,13.8645,31314.0,0.0,1.0
2014-04-22,20.03,20.13,19.999000000000002,20.11,13.9547,16449.0,0.0,1.0
2014-04-23,20.18,20.18,20.074,20.14,13.9756,10907.0,0.0,1.0
2014-04-24,20.1,20.13,20.05,20.1,13.9478,62828.0,0.0,1.0
2014-04-25,20.1,20.1,19.9701,19.982,13.8659,26515.0,0.0,1.0
2014-04-28,19.99,19.99,19.75,19.7904,13.732999999999999,22373.0,0.0,1.0
2014-04-29,19.92,20.0,19.778,19.81,13.7466,79844.0,0.0,1.0
2014-04-30,19.81,19.92,19.75,19.88,13.7951,29347.0,0.0,1.0
2014-05-01,19.93,19.93,19.71,19.81,13.7466,27649.0,0.0,1.0
2014-05-02,19.86,20.0194,19.81,19.81,13.7466,14613.0,0.0,1.0
2014-05-05,19.86,19.86,19.73,19.8168,13.7513,29809.0,0.0,1.0
2014-05-06,19.78,19.78,19.59,19.66,13.6425,23332.0,0.0,1.0
2014-05-07,19.65,19.69,19.5001,19.64,13.6286,15808.0,0.0,1.0
2014-05-08,19.62,19.62,19.42,19.42,13.4759,17636.0,0.0,1.0
2014-05-09,19.53,19.53,19.23,19.36,13.4343,9053.0,0.0,1.0
2014-05-12,19.52,19.61,19.52,19.6095,13.6074,5741.0,0.0,1.0
2014-05-13,19.6,19.6,19.42,19.514,13.5412,13224.0,0.0,1.0
2014-05-14,19.45,19.5,19.3807,19.44,13.4898,8784.0,0.0,1.0
2014-05-15,19.37,19.37,19.256,19.34,13.4204,6459.0,0.0,1.0
2014-05-16,19.49,19.49,19.3,19.3,13.3927,10559.0,0.0,1.0
2014-05-19,19.26,19.54,19.26,19.5335,13.5547,14222.0,0.0,1.0
2014-05-20,19.54,19.59,19.3801,19.416,13.4732,18062.0,0.0,1.0
2014-05-21,19.44,19.5265,19.44,19.47,13.5106,12170.0,0.0,1.0
2014-05-22,19.55,19.65,19.55,19.61,13.6078,13015.0,0.0,1.0
2014-05-23,19.66,19.79,19.64,19.762,13.7133,22496.0,0.0,1.0
2014-05-27,19.79,19.9599,19.777,19.84,13.7674,20892.0,0.0,1.0
2014-05-28,19.8185,19.89,19.75,19.8399,13.7673,14191.0,0.0,1.0
2014-05-29,19.89,20.04,19.89,19.9374,13.835,31179.0,0.0,1.0
2014-05-30,20.01,20.01,19.7775,19.88,13.7951,8253.0,0.0,1.0
2014-06-02,19.95,19.956,19.415,19.83,13.7604,14824.0,0.0,1.0
2014-06-03,19.82,19.8234,19.63,19.8234,13.7559,14959.0,0.0,1.0
2014-06-04,19.78,19.78,19.6356,19.7199,13.684000000000001,8277.0,0.0,1.0
2014-06-05,19.7,19.89,19.6701,19.81,13.7466,18890.0,0.0,1.0
2014-06-06,19.77,20.06,19.77,20.025,13.8958,9629.0,0.0,1.0
2014-06-09,20.05,20.11,19.97,20.09,13.9409,14448.0,0.0,1.0
2014-06-10,19.99,20.11,19.9801,20.09,13.9409,11294.0,0.0,1.0
2014-06-11,20.1,20.23,20.0401,20.09,13.9409,12121.0,0.0,1.0
2014-06-12,20.06,20.1095,20.051,20.08,13.9339,3569.0,0.0,1.0
2014-06-13,20.249000000000002,20.249000000000002,20.06,20.087,13.9388,11790.0,0.0,1.0
2014-06-16,20.08,20.12,20.0442,20.12,13.9617,12180.0,0.0,1.0
2014-06-17,20.18,20.26,20.15,20.2599,14.0588,13313.0,0.0,1.0
2014-06-18,20.23,20.34,20.13,20.34,14.1143,33494.0,0.0,1.0
2014-06-19,20.38,20.38,20.2157,20.29,14.0796,31002.0,0.0,1.0
2014-06-20,20.23,20.33,20.23,20.25,14.0519,35255.0,0.0,1.0
2014-06-23,20.25,20.37,20.25,20.35,14.1213,8173.0,0.0,1.0
2014-06-24,20.3639,20.42,20.2405,20.32,14.1005,181702.0,0.0,1.0
2014-06-25,20.3,20.39,20.21,20.39,14.149000000000001,40926.0,0.0,1.0
2014-06-26,20.43,20.76,20.43,20.746,14.3961,56903.0,0.0,1.0
2014-06-27,20.64,20.85,20.64,20.74,14.3919,78060.0,0.0,1.0
2014-06-30,20.9,21.07,20.85,21.07,14.6209,28600.0,0.0,1.0
2014-07-01,20.87,20.8747,20.761,20.79,14.6625,21283.0,0.34,1.0
2014-07-02,20.77,20.88,20.76,20.83,14.6907,12982.0,0.0,1.0
2014-07-03,20.82,20.82,20.6801,20.730999999999998,14.6209,10557.0,0.0,1.0
2014-07-07,20.79,20.79,20.6,20.65,14.5638,137377.0,0.0,1.0
2014-07-08,20.7,20.7,20.4,20.45,14.4227,103670.0,0.0,1.0
2014-07-09,20.44,20.649,20.44,20.62,14.5426,8485.0,0.0,1.0
2014-07-10,20.54,20.54,20.38,20.47,14.4368,9991.0,0.0,1.0
2014-07-11,20.4695,20.4979,20.4635,20.49,14.450999999999999,8093.0,0.0,1.0
2014-07-14,20.55,20.605999999999998,20.39,20.55,14.4933,27443.0,0.0,1.0
2014-07-15,20.5301,20.5885,20.5301,20.5501,14.4933,4114.0,0.0,1.0
2014-07-16,20.5,20.5,20.44,20.46,14.4298,6913.0,0.0,1.0
2014-07-17,20.47,20.479,20.27,20.285999999999998,14.3071,15656.0,0.0,1.0
2014-07-18,20.39,20.449,20.3199,20.4,14.3875,7005.0,0.0,1.0
2014-07-21,20.25,20.4493,20.25,20.43,14.4086,16304.0,0.0,1.0
2014-07-22,20.52,20.52,20.33,20.33,14.3381,7614.0,0.0,1.0
2014-07-23,20.429000000000002,20.47,20.4101,20.46,14.4298,3539.0,0.0,1.0
2014-07-24,20.39,20.537,20.39,20.537,14.4841,11828.0,0.0,1.0
2014-07-25,20.5105,20.6399,20.5105,20.6399,14.5567,7445.0,0.0,1.0
2014-07-28,20.64,20.64,20.4901,20.56,14.5003,29813.0,0.0,1.0
2014-07-29,20.589000000000002,20.589000000000002,20.4505,20.4505,14.4231,8435.0,0.0,1.0
2014-07-30,20.479,20.479,20.37,20.3905,14.3808,8257.0,0.0,1.0
2014-07-31,20.38,20.38,19.98,20.0,14.1054,37965.0,0.0,1.0
2014-08-01,20.0,20.0999,19.91,19.992,14.0997,5252.0,0.0,1.0
2014-08-04,19.99,20.13,19.99,20.05,14.1406,47124.0,0.0,1.0
2014-08-05,20.09,20.09,19.93,19.959,14.0765,9511.0,0.0,1.0
2014-08-06,19.96,20.0501,19.96,20.05,14.1406,7014.0,0.0,1.0
2014-08-07,20.04,20.173,20.04,20.1299,14.197000000000001,7420.0,0.0,1.0
2014-08-08,19.98,20.1599,19.98,20.1599,14.2181,11171.0,0.0,1.0
2014-08-11,20.21,20.2969,20.206,20.25,14.2817,1975.0,0.0,1.0
2014-08-12,20.31,20.31,20.1789,20.1901,14.2394,16200.0,0.0,1.0
2014-08-13,20.299,20.3,20.24,20.241,14.2753,3904.0,0.0,1.0
2014-08-14,20.21,20.3299,20.21,20.26,14.2887,15561.0,0.0,1.0
2014-08-15,20.2922,20.32,20.24,20.28,14.3028,12335.0,0.0,1.0
2014-08-18,20.3801,20.48,20.3801,20.44,14.4157,7604.0,0.0,1.0
2014-08-19,20.62,20.62,20.42,20.43,14.4086,20182.0,0.0,1.0
2014-08-20,20.4694,20.4899,20.41,20.45,14.4227,8273.0,0.0,1.0
2014-08-21,20.5199,20.5199,20.436,20.49,14.450999999999999,23188.0,0.0,1.0
2014-08-22,20.44,20.506,20.41,20.449,14.422,8853.0,0.0,1.0
2014-08-25,20.45,20.54,20.44,20.4878,14.4494,4706.0,0.0,1.0
2014-08-26,20.51,20.51,20.42,20.49,14.450999999999999,8051.0,0.0,1.0
2014-08-27,20.46,20.46,20.4,20.46,14.4298,12334.0,0.0,1.0
2014-08-28,20.53,20.53,20.363,20.49,14.450999999999999,35848.0,0.0,1.0
2014-08-29,20.5314,20.56,20.51,20.5599,14.5003,6809.0,0.0,1.0
2014-09-02,20.66,20.66,20.5715,20.5899,14.5214,13738.0,0.0,1.0
2014-09-03,20.624000000000002,20.629,20.53,20.54,14.4862,7507.0,0.0,1.0
2014-09-04,20.54,20.64,20.54,20.569000000000006,14.5067,11653.0,0.0,1.0
2014-09-05,20.64,20.64,20.45,20.58,14.5144,29405.0,0.0,1.0
2014-09-08,20.67,20.67,20.52,20.52,14.4721,13943.0,0.0,1.0
2014-09-09,20.526,20.565,20.46,20.46,14.4298,47449.0,0.0,1.0
2014-09-10,20.5273,20.5273,20.46,20.497,14.4559,10062.0,0.0,1.0
2014-09-11,20.5199,20.5199,20.5199,20.5199,14.472000000000001,855.0,0.0,1.0
2014-09-12,20.45,20.52,20.445999999999998,20.45,14.4227,3345.0,0.0,1.0
2014-09-15,20.42,20.42,20.22,20.2301,14.2677,40565.0,0.0,1.0
2014-09-16,20.2479,20.28,20.212,20.25,14.2817,11045.0,0.0,1.0
2014-09-17,20.31,20.32,20.24,20.28,14.3028,4717.0,0.0,1.0
2014-09-18,20.2994,20.2994,20.22,20.22,14.2605,15757.0,0.0,1.0
2014-09-19,20.2495,20.2495,20.01,20.04,14.1336,22798.0,0.0,1.0
2014-09-22,20.04,20.04,19.82,19.86,14.0066,26490.0,0.0,1.0
2014-09-23,19.84,19.87,19.7961,19.7961,13.9616,6915.0,0.0,1.0
2014-09-24,19.85,19.8899,19.8,19.8899,14.0277,47390.0,0.0,1.0
2014-09-25,19.88,19.9,19.71,19.715999999999998,13.9051,13569.0,0.0,1.0
2014-09-26,19.84,19.84,19.741,19.834,13.9883,30115.0,0.0,1.0
2014-09-29,19.67,19.8,19.6501,19.76,13.9361,7350.0,0.0,1.0
2014-09-30,19.7361,19.7361,19.587,19.6,13.8233,10537.0,0.0,1.0
2014-10-01,19.13,19.15,18.99,19.09,13.7563,46036.0,0.415,1.0
2014-10-02,19.05,19.21,18.92,19.03,13.713,112480.0,0.0,1.0
2014-10-03,19.1715,19.19,19.07,19.1599,13.8066,31847.0,0.0,1.0
2014-10-06,19.25,19.25,19.11,19.17,13.8139,10051.0,0.0,1.0
2014-10-07,19.07,19.1512,19.01,19.02,13.7058,13374.0,0.0,1.0
2014-10-08,19.03,19.047,18.83,19.04,13.7202,34679.0,0.0,1.0
2014-10-09,19.06,19.06,18.86,18.88,13.6049,43250.0,0.0,1.0
2014-10-10,18.88,18.9,18.509,18.518,13.3441,29973.0,0.0,1.0
2014-10-13,18.62,18.65,18.32,18.32,13.2014,27773.0,0.0,1.0
2014-10-14,18.55,18.55,18.21,18.25,13.151,13208.0,0.0,1.0
2014-10-15,18.28,18.28,17.6,17.99,12.9636,98117.0,0.0,1.0
2014-10-16,17.9,18.58,17.8301,18.58,13.3888,26624.0,0.0,1.0
2014-10-17,18.79,18.96,18.72,18.83,13.5689,19701.0,0.0,1.0
2014-10-20,18.83,18.9,18.77,18.8885,13.6111,10341.0,0.0,1.0
2014-10-21,19.012999999999998,19.1,19.012999999999998,19.09,13.7563,19452.0,0.0,1.0
2014-10-22,19.0806,19.1637,19.0101,19.0101,13.6987,5719.0,0.0,1.0
2014-10-23,19.088,19.139,18.91,18.91,13.6266,13273.0,0.0,1.0
2014-10-24,18.99,19.0699,18.9701,19.03,13.713,8272.0,0.0,1.0
2014-10-27,19.0,19.09,18.94,19.09,13.7563,12578.0,0.0,1.0
2014-10-28,19.1254,19.1254,19.046,19.12,13.7779,10190.0,0.0,1.0
2014-10-29,19.14,19.244,19.14,19.2065,13.8402,4801.0,0.0,1.0
2014-10-30,19.19,19.24,19.144000000000002,19.1993,13.835,8231.0,0.0,1.0
2014-10-31,19.26,19.4022,19.25,19.4,13.9796,8734.0,0.0,1.0
2014-11-03,19.41,19.695,19.24,19.24,13.8644,21770.0,0.0,1.0
2014-11-04,19.29,19.31,19.0755,19.127,13.7829,16600.0,0.0,1.0
2014-11-05,19.17,19.27,19.16,19.24,13.8644,91345.0,0.0,1.0
2014-11-06,19.3,19.4,19.17,19.26,13.8788,8018.0,0.0,1.0
2014-11-07,19.3,19.51,19.3,19.4699,14.03,61816.0,0.0,1.0
2014-11-10,19.52,19.52,19.435,19.467,14.0279,10746.0,0.0,1.0
2014-11-11,19.52,19.52,19.47,19.48,14.0373,11776.0,0.0,1.0
2014-11-12,19.47,19.51,19.44,19.499000000000002,14.050999999999998,37868.0,0.0,1.0
2014-11-13,19.5396,19.5792,19.45,19.47,14.0301,140517.0,0.0,1.0
2014-11-14,19.53,19.53,19.4086,19.4485,14.0146,44050.0,0.0,1.0
2014-11-17,19.43,19.45,19.35,19.39,13.9724,10310.0,0.0,1.0
2014-11-18,19.509,19.51,19.4202,19.45,14.0157,14126.0,0.0,1.0
2014-11-19,19.44,19.4599,19.4,19.42,13.9941,49250.0,0.0,1.0
2014-11-20,19.45,19.49,19.3944,19.48,14.0373,32752.0,0.0,1.0
2014-11-21,19.55,19.55,19.39,19.39,13.9724,35477.0,0.0,1.0
2014-11-24,19.4,19.459,19.36,19.4,13.9796,43674.0,0.0,1.0
2014-11-25,19.58,19.58,19.42,19.5,14.0517,22302.0,0.0,1.0
2014-11-26,19.56,19.56,19.4339,19.5,14.0517,29358.0,0.0,1.0
2014-11-28,19.5023,19.55,19.3748,19.43,14.0013,19078.0,0.0,1.0
2014-12-01,19.35,19.35,19.0,19.06,13.7346,23943.0,0.0,1.0
2014-12-02,19.47,19.47,19.07,19.08,13.7491,24015.0,0.0,1.0
2014-12-03,19.0999,19.1798,19.0864,19.13,13.7851,30535.0,0.0,1.0
2014-12-04,19.2,19.2,19.06,19.1,13.7635,27188.0,0.0,1.0
2014-12-05,19.05,19.12,19.0201,19.06,13.7346,19374.0,0.0,1.0
2014-12-08,19.1,19.1,18.45,18.6,13.4032,29124.0,0.0,1.0
2014-12-09,18.55,18.71,18.301,18.71,13.4824,23266.0,0.0,1.0
2014-12-10,18.8,18.8,18.432000000000002,18.44,13.2879,51355.0,0.0,1.0
2014-12-11,18.42,18.4599,18.2399,18.25,13.151,25957.0,0.0,1.0
2014-12-12,18.1,18.2,17.8812,17.9399,12.9275,25678.0,0.0,1.0
2014-12-15,17.95,18.13,17.78,17.85,12.8627,13194.0,0.0,1.0
2014-12-16,17.73,18.06,17.6199,17.6199,12.6969,34852.0,0.0,1.0
2014-12-17,17.8,17.91,17.6285,17.91,12.905999999999999,138409.0,0.0,1.0
2014-12-18,18.279,18.53,18.279,18.53,13.3527,47605.0,0.0,1.0
2014-12-19,18.5,18.62,18.5,18.62,13.4176,17389.0,0.0,1.0
2014-12-22,18.5,18.5799,18.31,18.36,13.2302,29141.0,0.0,1.0
2014-12-23,18.48,18.53,18.4517,18.4779,13.3152,55400.0,0.0,1.0
2014-12-24,18.54,18.54,18.48,18.53,13.3527,31825.0,0.0,1.0
2014-12-26,18.57,18.57,18.47,18.47,13.3095,23378.0,0.0,1.0
2014-12-29,18.02,18.02,17.8734,17.93,13.2309,28277.0,0.431,1.0
2014-12-30,17.94,17.97,17.777,17.936,13.2354,578627.0,0.0,1.0
2014-12-31,18.03,18.03,17.88,17.93,13.2309,34797.0,0.0,1.0
2015-01-02,18.21,18.21,17.87,18.12,13.3712,12826.0,0.0,1.0
2015-01-05,18.17,18.17,17.97,17.97,13.2605,135857.0,0.0,1.0
2015-01-06,17.95,18.0591,17.72,17.78,13.1203,57948.0,0.0,1.0
2015-01-07,17.9199,17.93,17.8,17.85,13.1719,49797.0,0.0,1.0
2015-01-08,18.15,18.15,18.000999999999994,18.1,13.3564,26430.0,0.0,1.0
2015-01-09,18.27,18.27,17.9588,18.02,13.2974,37444.0,0.0,1.0
2015-01-12,18.0,18.06,17.89,18.01,13.29,74590.0,0.0,1.0
2015-01-13,18.27,18.27,17.76,17.86,13.1793,42965.0,0.0,1.0
2015-01-14,17.78,17.8,17.58,17.6367,13.0145,46364.0,0.0,1.0
2015-01-15,17.621,17.6303,17.48,17.48,12.8989,35834.0,0.0,1.0
2015-01-16,17.45,17.574,17.42,17.54,12.9432,22297.0,0.0,1.0
2015-01-20,17.65,17.65,17.47,17.51,12.921,20773.0,0.0,1.0
2015-01-21,17.57,17.67,17.55,17.67,13.0391,34537.0,0.0,1.0
2015-01-22,17.68,17.82,17.6488,17.77,13.1129,22412.0,0.0,1.0
2015-01-23,17.84,17.84,17.69,17.75,13.0981,43836.0,0.0,1.0
2015-01-26,17.76,17.87,17.7357,17.81,13.1424,28276.0,0.0,1.0
2015-01-27,17.77,17.86,17.7401,17.86,13.1793,41432.0,0.0,1.0
2015-01-28,17.7934,17.8199,17.71,17.71,13.0686,7149.0,0.0,1.0
2015-01-29,17.730999999999995,17.730999999999995,17.62,17.72,13.075999999999999,13176.0,0.0,1.0
2015-01-30,17.65,17.79,17.63,17.71,13.0686,37188.0,0.0,1.0
2015-02-02,17.67,17.74,17.5701,17.6992,13.0606,27612.0,0.0,1.0
2015-02-03,17.68,18.1,17.68,18.0899,13.3489,27155.0,0.0,1.0
2015-02-04,18.0,18.1168,17.945999999999994,18.039,13.3114,441391.0,0.0,1.0
2015-02-05,18.0,18.27,18.0,18.26,13.4745,19936.0,0.0,1.0
2015-02-06,18.29,18.5,18.29,18.4299,13.5998,20563.0,0.0,1.0
2015-02-09,18.34,18.35,18.23,18.24,13.4597,34261.0,0.0,1.0
2015-02-10,18.26,18.26,18.05,18.12,13.3712,32442.0,0.0,1.0
2015-02-11,18.2,18.2,17.93,17.999000000000006,13.2819,40027.0,0.0,1.0
2015-02-12,18.0,18.2,18.0,18.2,13.4302,19941.0,0.0,1.0
2015-02-13,18.3,18.38,18.25,18.34,13.5335,26782.0,0.0,1.0
2015-02-17,18.4,18.5,18.335,18.45,13.6147,69671.0,0.0,1.0
2015-02-18,18.45,18.4699,18.38,18.44,13.6073,29016.0,0.0,1.0
2015-02-19,18.39,18.5,18.3832,18.4995,13.6512,15803.0,0.0,1.0
2015-02-20,18.48,18.58,18.48,18.58,13.7106,58954.0,0.0,1.0
2015-02-23,18.59,18.6,18.51,18.565,13.6995,43860.0,0.0,1.0
2015-02-24,18.54,18.6788,18.54,18.58,13.7106,34960.0,0.0,1.0
2015-02-25,18.66,18.68,18.6,18.65,13.7622,55264.0,0.0,1.0
2015-02-26,18.68,18.71,18.57,18.57,13.7032,31919.0,0.0,1.0
2015-02-27,18.7,18.7199,18.6127,18.6817,13.7856,20283.0,0.0,1.0
2015-03-02,18.76,18.81,18.63,18.6999,13.7991,39025.0,0.0,1.0
2015-03-03,18.79,18.79,18.68,18.7844,13.8614,47387.0,0.0,1.0
2015-03-04,18.77,18.79,18.628,18.75,13.835999999999999,44646.0,0.0,1.0
2015-03-05,18.86,18.8775,18.75,18.822,13.8892,16010.0,0.0,1.0
2015-03-06,18.84,18.91,18.7035,18.72,13.8139,21793.0,0.0,1.0
2015-03-09,18.75,18.820999999999998,18.72,18.72,13.8139,31893.0,0.0,1.0
2015-03-10,18.66,18.7,18.54,18.5599,13.6958,44838.0,0.0,1.0
2015-03-11,18.61,18.61,18.5,18.52,13.6663,19805.0,0.0,1.0
2015-03-12,18.61,18.66,18.5201,18.5999,13.7253,127238.0,0.0,1.0
2015-03-13,18.65,18.65,18.48,18.607,13.7305,22271.0,0.0,1.0
2015-03-16,18.71,18.71,18.5501,18.5799,13.7105,20678.0,0.0,1.0
2015-03-17,18.52,18.555,18.48,18.54,13.6811,124706.0,0.0,1.0
2015-03-18,18.58,18.58,18.41,18.53,13.6737,38241.0,0.0,1.0
2015-03-19,18.5,18.52,18.34,18.4966,13.6491,29757.0,0.0,1.0
2015-03-20,18.6799,18.72,18.64,18.7069,13.8042,24012.0,0.0,1.0
2015-03-23,18.75,18.76,18.71,18.7325,13.8231,49756.0,0.0,1.0
2015-03-24,18.77,19.0,18.7,18.7299,13.8212,15236.0,0.0,1.0
2015-03-25,18.75,18.792,18.7105,18.792,13.867,18958.0,0.0,1.0
2015-03-26,18.78,18.81,18.74,18.76,13.8434,37667.0,0.0,1.0
2015-03-27,18.8,18.8,18.694000000000006,18.7397,13.8284,12298.0,0.0,1.0
2015-03-30,18.79,18.8085,18.7,18.74,13.8287,32119.0,0.0,1.0
2015-03-31,18.7,18.8,18.680999999999997,18.6981,13.7977,27440.0,0.0,1.0
2015-04-01,18.27,18.34,18.22,18.22,13.6885,49425.0,0.33,1.0
2015-04-02,18.36,18.409000000000002,18.32,18.408,13.8297,14053.0,0.0,1.0
2015-04-06,18.44,18.51,18.36,18.48,13.8838,42813.0,0.0,1.0
2015-04-07,18.48,18.53,18.45,18.48,13.8838,36965.0,0.0,1.0
2015-04-08,18.52,18.52,18.352,18.3883,13.8149,19978.0,0.0,1.0
2015-04-09,18.44,18.45,18.3486,18.45,13.8613,40422.0,0.0,1.0
2015-04-10,18.4,18.47,18.3886,18.4,13.8237,61138.0,0.0,1.0
2015-04-13,18.45,18.45,18.35,18.4,13.8237,13462.0,0.0,1.0
2015-04-14,18.44,18.45,18.4,18.45,13.8613,17982.0,0.0,1.0
2015-04-15,18.49,18.51,18.4552,18.49,13.8913,33033.0,0.0,1.0
2015-04-16,18.56,18.57,18.41,18.54,13.9289,33207.0,0.0,1.0
2015-04-17,18.56,18.61,18.4572,18.53,13.9214,24519.0,0.0,1.0
2015-04-20,18.59,18.6199,18.55,18.5503,13.9366,13380.0,0.0,1.0
2015-04-21,18.63,18.64,18.4604,18.4968,13.8964,16189.0,0.0,1.0
2015-04-22,18.55,18.5794,18.49,18.5735,13.954,23442.0,0.0,1.0
2015-04-23,18.54,18.73,18.54,18.72,14.0641,28416.0,0.0,1.0
2015-04-24,18.75,18.75,18.635,18.68,14.034,11622.0,0.0,1.0
2015-04-27,18.65,18.6799,18.5488,18.59,13.9664,30637.0,0.0,1.0
2015-04-28,18.57,18.629,18.52,18.629,13.9957,10708.0,0.0,1.0
2015-04-29,18.63,18.67,18.5775,18.66,14.019,30078.0,0.0,1.0
2015-04-30,18.7,18.7,18.53,18.5601,13.944,11973.0,0.0,1.0
2015-05-01,18.74,18.74,18.48,18.5699,13.9513,45298.0,0.0,1.0
2015-05-04,18.62,18.62,18.3501,18.42,13.8387,32910.0,0.0,1.0
2015-05-05,18.35,18.35,18.17,18.23,13.696,37189.0,0.0,1.0
2015-05-06,18.3,18.3,17.9347,18.06,13.5683,54470.0,0.0,1.0
2015-05-07,18.03,18.0948,17.96,18.02,13.5382,9088.0,0.0,1.0
2015-05-08,18.0999,18.1,17.9,18.0,13.5232,22519.0,0.0,1.0
2015-05-11,18.04,18.15,18.02,18.13,13.6208,324265.0,0.0,1.0
2015-05-12,18.0001,18.09,17.9989,18.06,13.5683,14852.0,0.0,1.0
2015-05-13,18.11,18.1599,18.08,18.143,13.6306,22352.0,0.0,1.0
2015-05-14,18.09,18.23,18.09,18.19,13.6659,20962.0,0.0,1.0
2015-05-15,18.14,18.274,18.14,18.274,13.729000000000001,22990.0,0.0,1.0
2015-05-18,18.32,18.3299,18.25,18.29,13.741,18667.0,0.0,1.0
2015-05-19,18.34,18.34,18.265,18.34,13.7786,16837.0,0.0,1.0
2015-05-20,18.37,18.37,18.31,18.3122,13.7577,33185.0,0.0,1.0
2015-05-21,18.3,18.3297,18.26,18.278,13.732000000000001,59472.0,0.0,1.0
2015-05-22,18.25,18.3399,18.25,18.32,13.7636,18513.0,0.0,1.0
2015-05-26,18.34,18.34,18.17,18.27,13.725999999999999,25676.0,0.0,1.0
2015-05-27,18.32,18.32,18.22,18.2986,13.7475,33127.0,0.0,1.0
2015-05-28,18.28,18.33,18.2544,18.3287,13.7701,23456.0,0.0,1.0
2015-05-29,18.34,18.34,18.2501,18.34,13.7786,20146.0,0.0,1.0
2015-06-01,18.42,18.42,18.226,18.226,13.693,23080.0,0.0,1.0
2015-06-02,18.28,18.34,18.28,18.34,13.7786,39015.0,0.0,1.0
2015-06-03,18.38,18.42,18.32,18.42,13.8387,43683.0,0.0,1.0
2015-06-04,18.38,18.385,18.2248,18.31,13.7561,25674.0,0.0,1.0
2015-06-05,18.307000000000002,18.317999999999998,18.22,18.29,13.741,40350.0,0.0,1.0
2015-06-08,18.21,18.3393,18.11,18.13,13.6208,48197.0,0.0,1.0
2015-06-09,18.15,18.1824,18.05,18.06,13.5683,63460.0,0.0,1.0
2015-06-10,18.08,18.15,18.01,18.02,13.5382,43495.0,0.0,1.0
2015-06-11,18.1499,18.1499,18.0303,18.08,13.5833,27435.0,0.0,1.0
2015-06-12,18.14,18.15,18.07,18.15,13.6359,29206.0,0.0,1.0
2015-06-15,18.1,18.1,18.01,18.0101,13.5308,15524.0,0.0,1.0
2015-06-16,18.07,18.09,18.01,18.07,13.5758,13543.0,0.0,1.0
2015-06-17,18.096,18.141,18.07,18.085,13.587,20840.0,0.0,1.0
2015-06-18,18.2,18.2499,18.1501,18.2,13.6734,121186.0,0.0,1.0
2015-06-19,18.13,18.2099,18.01,18.1951,13.6697,21671.0,0.0,1.0
2015-06-22,18.32,18.32,18.0143,18.153,13.6381,18516.0,0.0,1.0
2015-06-23,18.15,18.305999999999997,18.15,18.28,13.7335,21581.0,0.0,1.0
2015-06-24,18.19,18.2709,18.19,18.22,13.6885,22111.0,0.0,1.0
2015-06-25,18.21,18.22,18.15,18.15,13.6359,19336.0,0.0,1.0
2015-06-26,18.09,18.12,18.0151,18.0655,13.5724,16331.0,0.0,1.0
2015-06-29,18.04,18.04,17.82,17.834,13.3985,20244.0,0.0,1.0
2015-06-30,17.84,17.9599,17.84,17.89,13.4405,20108.0,0.0,1.0
2015-07-01,17.67,17.67,17.42,17.4431,13.3903,40542.0,0.38,1.0
2015-07-02,17.5,17.5,17.43,17.4401,13.388,20948.0,0.0,1.0
2015-07-06,17.42,17.472,17.4064,17.4306,13.3807,20974.0,0.0,1.0
2015-07-07,17.51,17.51,17.2,17.41,13.3649,92282.0,0.0,1.0
2015-07-08,17.39,17.4,17.25,17.31,13.2881,31615.0,0.0,1.0
2015-07-09,17.43,17.4899,17.3,17.32,13.2958,21144.0,0.0,1.0
2015-07-10,17.4,17.4899,17.4,17.4799,13.4185,22697.0,0.0,1.0
2015-07-13,17.55,17.59,17.49,17.56,13.48,46622.0,0.0,1.0
2015-07-14,17.6115,17.65,17.5135,17.65,13.5491,16843.0,0.0,1.0
2015-07-15,17.69,17.69,17.566,17.64,13.5414,16830.0,0.0,1.0
2015-07-16,17.672,17.75,17.6505,17.75,13.6259,26950.0,0.0,1.0
2015-07-17,17.6301,17.69,17.6,17.6,13.5107,12680.0,0.0,1.0
2015-07-20,17.68,17.68,17.48,17.4999,13.4339,24589.0,0.0,1.0
2015-07-21,17.42,17.47,17.374000000000002,17.4354,13.3844,16488.0,0.0,1.0
2015-07-22,17.45,17.45,17.2,17.2597,13.2495,48767.0,0.0,1.0
2015-07-23,17.2,17.25,17.0475,17.1,13.1269,40729.0,0.0,1.0
2015-07-24,17.04,17.15,16.750999999999998,16.805,12.9004,41486.0,0.0,1.0
2015-07-27,16.68,16.7,16.55,16.58,12.7277,34874.0,0.0,1.0
2015-07-28,16.58,16.7899,16.58,16.74,12.8505,25972.0,0.0,1.0
2015-07-29,16.73,16.9799,16.73,16.94,13.0041,23437.0,0.0,1.0
2015-07-30,16.9858,17.0699,16.977,17.039,13.0801,15150.0,0.0,1.0
2015-07-31,16.99,17.0199,16.9701,17.0099,13.0577,25714.0,0.0,1.0
2015-08-03,17.0,17.05,16.825,16.8796,12.9577,21519.0,0.0,1.0
2015-08-04,16.91,16.97,16.8101,16.86,12.9427,33765.0,0.0,1.0
2015-08-05,16.9761,17.04,16.8801,16.89,12.9657,25720.0,0.0,1.0
2015-08-06,16.95,17.0099,16.9,16.96,13.0194,26537.0,0.0,1.0
2015-08-07,17.07,17.095,16.96,16.99,13.0424,30484.0,0.0,1.0
2015-08-10,17.05,17.27,16.956,17.227,13.2244,23170.0,0.0,1.0
2015-08-11,17.12,17.2457,17.12,17.24,13.2344,10449.0,0.0,1.0
2015-08-12,17.1,17.31,17.0226,17.29,13.2727,15142.0,0.0,1.0
2015-08-13,17.25,17.3199,17.25,17.3,13.2804,36456.0,0.0,1.0
2015-08-14,17.22,17.3999,17.22,17.379,13.3411,16957.0,0.0,1.0
2015-08-17,17.38,17.38,17.2701,17.3492,13.3182,12918.0,0.0,1.0
2015-08-18,17.38,17.38,17.2801,17.315,13.2919,22693.0,0.0,1.0
2015-08-19,17.38,17.38,17.13,17.27,13.2574,35968.0,0.0,1.0
2015-08-20,17.186,17.2371,17.1,17.1,13.1269,36319.0,0.0,1.0
2015-08-21,17.06,17.1025,16.78,16.82,12.9119,230786.0,0.0,1.0
2015-08-24,16.56,16.73,14.05,16.22,12.4514,86751.0,0.0,1.0
2015-08-25,16.34,16.54,16.27,16.27,12.4897,41472.0,0.0,1.0
2015-08-26,16.41,16.79,16.2157,16.4276,12.6107,34563.0,0.0,1.0
2015-08-27,16.6,16.939,16.6,16.75,12.8582,83229.0,0.0,1.0
2015-08-28,16.85,17.1233,16.8037,17.090999999999998,13.12,43073.0,0.0,1.0
2015-08-31,17.09,17.1575,17.0,17.135,13.1538,84328.0,0.0,1.0
2015-09-01,17.03,17.03,16.76,16.78,12.8812,66502.0,0.0,1.0
2015-09-02,16.86,16.92,16.78,16.92,12.9887,75784.0,0.0,1.0
2015-09-03,16.94,17.0999,16.94,17.0294,13.0727,33560.0,0.0,1.0
2015-09-04,16.9,17.0199,16.87,16.9705,13.0275,63252.0,0.0,1.0
2015-09-08,17.2888,17.2888,17.0701,17.1284,13.1487,51176.0,0.0,1.0
2015-09-09,17.2499,17.2499,17.022000000000002,17.04,13.0808,36456.0,0.0,1.0
2015-09-10,17.16,17.16,16.9408,17.01,13.0578,106175.0,0.0,1.0
2015-09-11,17.02,17.07,16.840999999999998,16.95,13.0117,65915.0,0.0,1.0
2015-09-14,17.09,17.09,16.77,16.77,12.8736,35762.0,0.0,1.0
2015-09-15,16.93,16.93,16.6907,16.75,12.8582,30322.0,0.0,1.0
2015-09-16,16.9,16.91,16.75,16.9,12.9734,54697.0,0.0,1.0
2015-09-17,16.95,16.98,16.7301,16.848,12.9334,25740.0,0.0,1.0
2015-09-18,16.7,16.875999999999998,16.61,16.61,12.7507,8903.0,0.0,1.0
2015-09-21,16.61,16.74,16.61,16.69,12.8122,33615.0,0.0,1.0
2015-09-22,16.59,16.648,16.5801,16.61,12.7507,24349.0,0.0,1.0
2015-09-23,16.71,16.71,16.57,16.57,12.72,23642.0,0.0,1.0
2015-09-24,16.53,16.61,16.455,16.57,12.72,22363.0,0.0,1.0
2015-09-25,16.67,16.6999,16.5535,16.57,12.72,32575.0,0.0,1.0
2015-09-28,16.57,16.57,15.8,15.81,12.1366,69377.0,0.0,1.0
2015-09-29,16.02,16.02,15.3401,15.4042,11.8251,61983.0,0.0,1.0
2015-09-30,15.47,15.85,15.47,15.71,12.0598,22927.0,0.0,1.0
2015-10-01,15.71,15.93,15.4888,15.880999999999998,12.4444,79862.0,0.33,1.0
2015-10-02,15.7902,15.7902,15.57,15.65,12.2634,95215.0,0.0,1.0
2015-10-05,15.83,15.9099,15.81,15.86,12.427999999999999,28750.0,0.0,1.0
2015-10-06,15.83,15.99,15.83,15.98,12.522,30469.0,0.0,1.0
2015-10-07,16.05,16.24,15.98,16.24,12.7258,40049.0,0.0,1.0
2015-10-08,16.19,16.34,16.19,16.3213,12.7895,35548.0,0.0,1.0
2015-10-09,16.36,16.4,16.2601,16.27,12.7493,24649.0,0.0,1.0
2015-10-12,16.31,16.31,16.1468,16.2,12.6944,48465.0,0.0,1.0
2015-10-13,15.73,16.27,15.73,16.06,12.5847,22579.0,0.0,1.0
2015-10-14,16.174,16.174,16.0001,16.03,12.5612,11499.0,0.0,1.0
2015-10-15,16.02,16.11,15.98,16.09,12.6082,26674.0,0.0,1.0
2015-10-16,16.13,16.15,16.0501,16.14,12.6474,22663.0,0.0,1.0
2015-10-19,16.1,16.1799,16.0746,16.17,12.6709,11334.0,0.0,1.0
2015-10-20,16.18,16.2599,16.154,16.191,12.6874,13595.0,0.0,1.0
2015-10-21,16.1893,16.199,16.065,16.065,12.5886,16916.0,0.0,1.0
2015-10-22,16.2101,16.2495,16.14,16.18,12.6787,23034.0,0.0,1.0
2015-10-23,16.36,16.36,16.215,16.29,12.7649,19040.0,0.0,1.0
2015-10-26,16.3,16.3,16.17,16.18,12.6787,30435.0,0.0,1.0
2015-10-27,16.17,16.21,15.880999999999998,15.92,12.475,30420.0,0.0,1.0
2015-10-28,15.94,16.11,15.91,16.08,12.6004,58700.0,0.0,1.0
2015-10-29,16.03,16.15,16.03,16.0409,12.5697,9409.0,0.0,1.0
2015-10-30,16.03,16.2499,15.9801,16.04,12.569,21090.0,0.0,1.0
2015-11-02,16.08,16.218,16.070999999999998,16.1801,12.6788,23375.0,0.0,1.0
2015-11-03,16.102,16.35,16.102,16.32,12.7884,34844.0,0.0,1.0
2015-11-04,16.33,16.389,16.26,16.31,12.7806,22534.0,0.0,1.0
2015-11-05,16.33,16.5,16.2301,16.4871,12.9194,35306.0,0.0,1.0
2015-11-06,16.5,16.71,16.495,16.65,13.047,34637.0,0.0,1.0
2015-11-09,16.63,16.7999,16.586,16.61,13.0157,28633.0,0.0,1.0
2015-11-10,16.59,16.7,16.521,16.521,12.946,22913.0,0.0,1.0
2015-11-11,16.52,16.58,16.49,16.53,12.953,24667.0,0.0,1.0
2015-11-12,16.44,16.51,16.44,16.4732,12.9085,19540.0,0.0,1.0
2015-11-13,16.43,16.45,16.29,16.44,12.8825,11472.0,0.0,1.0
2015-11-16,16.49,16.675,16.4501,16.675,13.0666,22173.0,0.0,1.0
2015-11-17,16.67,16.7577,16.58,16.62,13.0235,27372.0,0.0,1.0
2015-11-18,16.61,16.68,16.6,16.6233,13.0261,20672.0,0.0,1.0
2015-11-19,16.64,16.77,16.64,16.77,13.1411,14370.0,0.0,1.0
2015-11-20,16.74,16.8,16.68,16.72,13.1019,24084.0,0.0,1.0
2015-11-23,16.75,16.88,16.7401,16.84,13.1959,38240.0,0.0,1.0
2015-11-24,16.8,16.91,16.749000000000002,16.896,13.2398,17835.0,0.0,1.0
2015-11-25,16.96,17.13,16.96,17.1264,13.4203,25086.0,0.0,1.0
2015-11-27,17.1753,17.2099,17.13,17.2099,13.4858,2350.0,0.0,1.0
2015-11-30,17.22,17.37,17.206,17.3201,13.5721,37504.0,0.0,1.0
2015-12-01,17.4399,17.4399,17.31,17.3101,13.5643,20361.0,0.0,1.0
2015-12-02,17.3099,17.31,17.19,17.19,13.4702,101114.0,0.0,1.0
2015-12-03,17.27,17.27,17.0901,17.13,13.4232,25317.0,0.0,1.0
2015-12-04,17.11,17.22,17.11,17.21,13.4859,30319.0,0.0,1.0
2015-12-07,17.15,17.15,16.72,16.73,13.1097,366612.0,0.0,1.0
2015-12-08,16.64,16.64,16.48,16.54,12.9608,209391.0,0.0,1.0
2015-12-09,16.54,16.66,16.25,16.27,12.7493,29616.0,0.0,1.0
2015-12-10,16.29,16.5124,16.12,16.44,12.8825,30504.0,0.0,1.0
2015-12-11,16.19,16.3499,15.88,15.92,12.475,32651.0,0.0,1.0
2015-12-14,15.92,15.985999999999999,15.22,15.2856,11.9779,57725.0,0.0,1.0
2015-12-15,15.42,15.9306,15.3966,15.8788,12.4427,33344.0,0.0,1.0
2015-12-16,15.936,16.1329,15.936,16.1199,12.6316,14286.0,0.0,1.0
2015-12-17,16.2299,16.291,16.1069,16.12,12.6317,38102.0,0.0,1.0
2015-12-18,16.1,16.1116,15.89,15.9198,12.4748,27708.0,0.0,1.0
2015-12-21,15.97,16.14,15.9401,15.974,12.5173,60426.0,0.0,1.0
2015-12-22,16.0499,16.17,16.0156,16.08,12.6004,22345.0,0.0,1.0
2015-12-23,16.14,16.4973,16.14,16.49,12.9217,26752.0,0.0,1.0
2015-12-24,16.6299,16.64,16.5601,16.61,13.0157,15147.0,0.0,1.0
2015-12-28,16.55,16.55,16.22,16.245,12.7297,53610.0,0.0,1.0
2015-12-29,15.92,16.0424,15.79,15.85,12.732000000000001,74016.0,0.39799999999999996,1.0
2015-12-30,15.77,15.9199,15.76,15.77,12.6678,30014.0,0.0,1.0
2015-12-31,15.7627,15.92,15.75,15.765999999999998,12.6646,45928.0,0.0,1.0
2016-01-04,15.56,15.91,15.56,15.89,12.7642,37036.0,0.0,1.0
2016-01-05,15.95,16.1599,15.7901,15.9933,12.8471,27703.0,0.0,1.0
2016-01-06,15.89,16.07,15.82,16.0044,12.8561,20899.0,0.0,1.0
2016-01-07,15.86,15.8829,15.6398,15.65,12.5714,57698.0,0.0,1.0
2016-01-08,15.71,15.83,15.54,15.54,12.482999999999999,26045.0,0.0,1.0
2016-01-11,15.54,15.5855,15.1105,15.2,12.2099,74101.0,0.0,1.0
2016-01-12,15.29,15.295,14.85,15.071,12.1063,28180.0,0.0,1.0
2016-01-13,15.14,15.14,14.5513,14.68,11.7922,32902.0,0.0,1.0
2016-01-14,14.65,14.67,14.2,14.63,11.752,38620.0,0.0,1.0
2016-01-15,14.3,14.41,14.01,14.4,11.5673,68754.0,0.0,1.0
2016-01-19,14.47,14.58,14.2301,14.35,11.5271,54012.0,0.0,1.0
2016-01-20,14.12,14.1514,13.5,14.03,11.2701,123433.0,0.0,1.0
2016-01-21,14.01,14.61,14.01,14.2705,11.4632,36789.0,0.0,1.0
2016-01-22,14.45,14.76,14.45,14.6707,11.7847,24916.0,0.0,1.0
2016-01-25,14.63,14.66,14.512,14.5172,11.6614,22325.0,0.0,1.0
2016-01-26,14.55,14.76,14.55,14.76,11.8564,62090.0,0.0,1.0
2016-01-27,14.7,14.9,14.61,14.68,11.7922,28537.0,0.0,1.0
2016-01-28,14.8493,14.8493,14.69,14.7502,11.8486,3278.0,0.0,1.0
2016-01-29,14.7846,14.9399,14.7846,14.8,11.8886,59184.0,0.0,1.0
2016-02-01,14.74,14.98,14.6301,14.9,11.9689,24716.0,0.0,1.0
2016-02-02,14.79,14.79,14.6101,14.6256,11.7485,15034.0,0.0,1.0
2016-02-03,14.68,14.7301,14.3781,14.72,11.8243,33920.0,0.0,1.0
2016-02-04,14.68,14.82,14.68,14.772,11.8661,34533.0,0.0,1.0
2016-02-05,14.75,14.854000000000001,14.7,14.7,11.8083,10253.0,0.0,1.0
2016-02-08,14.459000000000001,14.459000000000001,14.2401,14.28,11.4709,51838.0,0.0,1.0
2016-02-09,14.18,14.23,13.95,13.99,11.2379,12327.0,0.0,1.0
2016-02-10,14.05,14.083,13.9537,14.019,11.2612,8876.0,0.0,1.0
2016-02-11,13.77,13.9,13.52,13.68,10.9889,42240.0,0.0,1.0
2016-02-12,13.8,14.02,13.78,13.9401,11.1978,28440.0,0.0,1.0
2016-02-16,14.1,14.2658,14.0401,14.14,11.3584,26641.0,0.0,1.0
2016-02-17,14.23,14.6309,14.23,14.47,11.6235,28049.0,0.0,1.0
2016-02-18,14.58,14.58,14.4399,14.5101,11.6557,11490.0,0.0,1.0
2016-02-19,14.46,14.46,14.267000000000001,14.32,11.503,22229.0,0.0,1.0
2016-02-22,14.44,14.48,14.39,14.39,11.5592,29235.0,0.0,1.0
2016-02-23,14.4,14.532,14.35,14.39,11.5592,14137.0,0.0,1.0
2016-02-24,14.3,14.4893,14.19,14.45,11.6074,19743.0,0.0,1.0
2016-02-25,14.53,14.71,14.53,14.68,11.7922,11893.0,0.0,1.0
2016-02-26,14.8072,14.95,14.7401,14.9001,11.969000000000001,14046.0,0.0,1.0
2016-02-29,14.9,15.21,14.9,15.11,12.1376,30858.0,0.0,1.0
2016-03-01,15.31,15.37,15.18,15.27,12.2661,29038.0,0.0,1.0
2016-03-02,15.26,15.4699,15.23,15.42,12.3866,18609.0,0.0,1.0
2016-03-03,15.5,15.64,15.4701,15.58,12.5151,44510.0,0.0,1.0
2016-03-04,15.68,15.87,15.5706,15.6418,12.5648,104768.0,0.0,1.0
2016-03-07,15.61,15.8299,15.61,15.8,12.6919,32752.0,0.0,1.0
2016-03-08,15.74,15.74,15.52,15.59,12.5232,50733.0,0.0,1.0
2016-03-09,15.68,15.735,15.5321,15.55,12.491,36350.0,0.0,1.0
2016-03-10,15.7,15.7,15.42,15.5105,12.4593,30894.0,0.0,1.0
2016-03-11,15.72,15.83,15.69,15.7899,12.6838,41344.0,0.0,1.0
2016-03-14,15.82,15.88,15.7085,15.8284,12.7147,25970.0,0.0,1.0
2016-03-15,15.8,15.8,15.7065,15.79,12.6838,25265.0,0.0,1.0
2016-03-16,15.8,15.94,15.7378,15.94,12.8043,35707.0,0.0,1.0
2016-03-17,15.94,16.2213,15.8801,16.16,12.981,15337.0,0.0,1.0
2016-03-18,16.25,16.29,16.11,16.1655,12.9855,35499.0,0.0,1.0
2016-03-21,16.29,16.3099,16.160999999999998,16.292,13.0871,33595.0,0.0,1.0
2016-03-22,16.29,16.36,16.2399,16.3295,13.1172,44487.0,0.0,1.0
2016-03-23,16.28,16.36,16.07,16.08,12.9168,50943.0,0.0,1.0
2016-03-24,16.06,16.25,16.0299,16.22,13.0292,26854.0,0.0,1.0
2016-03-28,16.46,16.46,16.16,16.2259,13.034,42611.0,0.0,1.0
2016-03-29,16.18,16.41,16.1396,16.4,13.1738,39413.0,0.0,1.0
2016-03-30,16.48,16.5,16.3131,16.38,13.1578,25866.0,0.0,1.0
2016-03-31,16.44,16.5,16.42,16.5,13.2542,47126.0,0.0,1.0
2016-04-01,16.36,16.36,16.0301,16.3,13.4229,41061.0,0.41,1.0
2016-04-04,16.25,16.25,16.046,16.06,13.2252,21094.0,0.0,1.0
2016-04-05,16.026,16.059,15.95,16.0001,13.1759,30689.0,0.0,1.0
2016-04-06,16.03,16.19,16.03,16.14,13.2911,70648.0,0.0,1.0
2016-04-07,16.21,16.21,15.9727,16.03,13.2005,57768.0,0.0,1.0
2016-04-08,16.07,16.239,16.07,16.085,13.2458,15065.0,0.0,1.0
2016-04-11,16.14,16.2499,16.139,16.145,13.2952,14591.0,0.0,1.0
2016-04-12,16.21,16.3499,16.177,16.3101,13.4312,10231.0,0.0,1.0
2016-04-13,16.37,16.4748,16.34,16.38,13.4887,13669.0,0.0,1.0
2016-04-14,16.38,16.4399,16.34,16.34,13.4558,61287.0,0.0,1.0
2016-04-15,16.35,16.35,16.245,16.3199,13.4392,12472.0,0.0,1.0
2016-04-18,16.31,16.4066,16.2701,16.28,13.4064,17052.0,0.0,1.0
2016-04-19,16.38,16.4399,16.34,16.4274,13.5278,22685.0,0.0,1.0
2016-04-20,16.45,16.4899,16.39,16.435,13.534,9715.0,0.0,1.0
2016-04-21,16.48,16.48,16.33,16.34,13.4558,17579.0,0.0,1.0
2016-04-22,16.37,16.48,16.3503,16.4432,13.5408,42432.0,0.0,1.0
2016-04-25,16.46,16.4794,16.402,16.4794,13.5706,23335.0,0.0,1.0
2016-04-26,16.51,16.59,16.51,16.58,13.6534,19072.0,0.0,1.0
2016-04-27,16.54,16.63,16.53,16.597,13.6674,31089.0,0.0,1.0
2016-04-28,16.51,16.51,16.35,16.38,13.4887,24283.0,0.0,1.0
2016-04-29,16.4,16.4699,16.27,16.432000000000002,13.5316,20129.0,0.0,1.0
2016-05-02,16.39,16.39,16.26,16.28,13.4064,19546.0,0.0,1.0
2016-05-03,16.25,16.25,16.0229,16.18,13.324000000000002,50333.0,0.0,1.0
2016-05-04,16.19,16.27,16.12,16.23,13.3652,46580.0,0.0,1.0
2016-05-05,16.44,16.44,16.08,16.08,13.2417,9248.0,0.0,1.0
2016-05-06,16.06,16.1499,16.06,16.14,13.2911,7449.0,0.0,1.0
2016-05-09,16.15,16.17,15.934000000000001,16.03,13.2005,20223.0,0.0,1.0
2016-05-10,16.145,16.2599,16.0963,16.25,13.3817,13159.0,0.0,1.0
2016-05-11,16.2,16.3799,16.1301,16.29,13.4146,20590.0,0.0,1.0
2016-05-12,16.32,16.32,16.1901,16.2878,13.4128,11193.0,0.0,1.0
2016-05-13,16.2402,16.3,16.198,16.26,13.3899,22923.0,0.0,1.0
2016-05-16,16.27,16.32,16.246,16.27,13.3981,10735.0,0.0,1.0
2016-05-17,16.31,16.35,16.2101,16.28,13.4064,23142.0,0.0,1.0
2016-05-18,16.21,16.29,16.1201,16.19,13.3323,51011.0,0.0,1.0
2016-05-19,16.11,16.11,15.86,15.93,13.1182,27521.0,0.0,1.0
2016-05-20,15.9898,16.1299,15.98,16.0,13.1758,22524.0,0.0,1.0
2016-05-23,16.01,16.0299,15.9599,16.02,13.1923,37376.0,0.0,1.0
2016-05-24,16.13,16.16,16.0402,16.16,13.3076,30506.0,0.0,1.0
2016-05-25,16.23,16.24,16.18,16.23,13.3652,29746.0,0.0,1.0
2016-05-26,16.29,16.29,16.146,16.21,13.3487,39635.0,0.0,1.0
2016-05-27,16.2065,16.28,16.2065,16.27,13.3981,9619.0,0.0,1.0
2016-05-31,16.3,16.31,16.2352,16.26,13.3899,19082.0,0.0,1.0
2016-06-01,16.21,16.34,16.21,16.31,13.4311,29372.0,0.0,1.0
2016-06-02,16.3053,16.35,16.28,16.34,13.4558,16471.0,0.0,1.0
2016-06-03,16.3,16.35,16.2742,16.35,13.464,11506.0,0.0,1.0
2016-06-06,16.35,16.45,16.35,16.4074,13.5113,19159.0,0.0,1.0
2016-06-07,16.4315,16.4315,16.36,16.41,13.5134,28098.0,0.0,1.0
2016-06-08,16.42,16.4499,16.33,16.366,13.4772,25536.0,0.0,1.0
2016-06-09,16.37,16.3895,16.3053,16.35,13.464,45180.0,0.0,1.0
2016-06-10,16.37,16.37,16.3,16.3463,13.460999999999999,14972.0,0.0,1.0
2016-06-13,16.31,16.3999,16.2501,16.3295,13.4471,34229.0,0.0,1.0
2016-06-14,16.37,16.37,16.15,16.18,13.324000000000002,40299.0,0.0,1.0
2016-06-15,16.242,16.34,16.21,16.2688,13.3972,30184.0,0.0,1.0
2016-06-16,16.25,16.33,16.17,16.33,13.4476,53054.0,0.0,1.0
2016-06-17,16.24,16.38,16.24,16.3104,13.4314,12267.0,0.0,1.0
2016-06-20,16.43,16.48,16.4255,16.4399,13.5381,35550.0,0.0,1.0
2016-06-21,16.38,16.49,16.38,16.48,13.5711,39754.0,0.0,1.0
2016-06-22,16.5,16.55,16.4546,16.4546,13.5502,80375.0,0.0,1.0
2016-06-23,16.6199,16.6199,16.5142,16.5796,13.6531,62946.0,0.0,1.0
2016-06-24,16.33,16.55,16.0813,16.5101,13.5959,20950.0,0.0,1.0
2016-06-27,16.45,16.45,16.1499,16.19,13.3323,23551.0,0.0,1.0
2016-06-28,16.44,16.49,16.28,16.4408,13.5388,31101.0,0.0,1.0
2016-06-29,16.54,16.68,16.51,16.66,13.7193,34047.0,0.0,1.0
2016-06-30,16.7099,16.71,16.6001,16.66,13.7193,35980.0,0.0,1.0
2016-07-01,16.3,16.48,16.275,16.48,13.9054,45418.0,0.406,1.0
2016-07-05,16.55,16.55,16.29,16.34,13.7873,154886.0,0.0,1.0
2016-07-06,16.3,16.41,16.2901,16.3999,13.8378,29333.0,0.0,1.0
2016-07-07,16.39,16.45,16.3646,16.44,13.8717,16280.0,0.0,1.0
2016-07-08,16.57,16.57,16.4322,16.45,13.8801,23692.0,0.0,1.0
2016-07-11,16.52,16.57,16.45,16.5699,13.9813,21898.0,0.0,1.0
2016-07-12,16.59,16.69,16.59,16.67,14.0657,34929.0,0.0,1.0
2016-07-13,16.65,16.6601,16.5883,16.61,14.0151,34549.0,0.0,1.0
2016-07-14,16.65,16.65,16.6,16.61,14.0151,24068.0,0.0,1.0
2016-07-15,16.61,16.75,16.61,16.75,14.1332,43454.0,0.0,1.0
2016-07-18,16.8,16.9,16.75,16.87,14.2345,16425.0,0.0,1.0
2016-07-19,16.87,16.93,16.87,16.93,14.2851,17227.0,0.0,1.0
2016-07-20,16.96,16.99,16.9,16.99,14.3357,50420.0,0.0,1.0
2016-07-21,17.05,17.05,16.91,16.97,14.3189,22477.0,0.0,1.0
2016-07-22,17.06,17.1,16.98,17.0401,14.378,22541.0,0.0,1.0
2016-07-25,17.13,17.18,17.038,17.17,14.4876,25412.0,0.0,1.0
2016-07-26,17.1899,17.1899,17.0801,17.18,14.4961,167672.0,0.0,1.0
2016-07-27,17.26,17.26,17.1001,17.1505,14.4712,55301.0,0.0,1.0
2016-07-28,17.19,17.19,17.1301,17.1366,14.4594,13743.0,0.0,1.0
2016-07-29,17.15,17.18,17.15,17.1502,14.4709,14109.0,0.0,1.0
2016-08-01,17.2,17.2375,17.1471,17.169,14.4868,11429.0,0.0,1.0
2016-08-02,17.21,17.21,17.08,17.0801,14.4118,27941.0,0.0,1.0
2016-08-03,17.13,17.25,17.11,17.25,14.5551,39071.0,0.0,1.0
2016-08-04,17.28,17.3,17.2185,17.2997,14.5971,17637.0,0.0,1.0
2016-08-05,17.28,17.32,17.28,17.29,14.5889,17614.0,0.0,1.0
2016-08-08,17.3,17.38,17.2868,17.2868,14.5862,35178.0,0.0,1.0
2016-08-09,17.31,17.4,17.29,17.3899,14.6732,52271.0,0.0,1.0
2016-08-10,17.37,17.42,17.34,17.4,14.6817,42089.0,0.0,1.0
2016-08-11,17.39,17.42,17.3595,17.42,14.6986,32649.0,0.0,1.0
2016-08-12,17.5,17.5,17.41,17.47,14.7408,133416.0,0.0,1.0
2016-08-15,17.49,17.5,17.47,17.5,14.7661,25657.0,0.0,1.0
2016-08-16,17.5,17.5166,17.46,17.5,14.7661,99977.0,0.0,1.0
2016-08-17,17.45,17.5356,17.45,17.52,14.7829,22888.0,0.0,1.0
2016-08-18,17.52,17.66,17.52,17.66,14.9011,15398.0,0.0,1.0
2016-08-19,17.58,17.66,17.58,17.65,14.8926,18786.0,0.0,1.0
2016-08-22,17.68,17.739,17.65,17.71,14.9433,34414.0,0.0,1.0
2016-08-23,17.79,17.79,17.75,17.75,14.977,53519.0,0.0,1.0
2016-08-24,17.78,17.8,17.72,17.7699,14.9938,51010.0,0.0,1.0
2016-08-25,17.8,17.8099,17.7,17.71,14.9433,41829.0,0.0,1.0
2016-08-26,17.77,17.8175,17.729,17.8,15.0192,42721.0,0.0,1.0
2016-08-29,17.851,17.97,17.82,17.97,15.1626,61069.0,0.0,1.0
2016-08-30,17.99,18.1,17.935,18.1,15.2723,46355.0,0.0,1.0
2016-08-31,18.16,18.16,17.9303,18.02,15.2048,22209.0,0.0,1.0
2016-09-01,18.08,18.08,17.87,17.98,15.1711,62382.0,0.0,1.0
2016-09-02,18.03,18.08,17.9885,18.07,15.247,38607.0,0.0,1.0
2016-09-06,18.11,18.11,18.0201,18.07,15.247,24890.0,0.0,1.0
2016-09-07,18.09,18.09,17.9637,18.07,15.247,27765.0,0.0,1.0
2016-09-08,18.05,18.05,18.01,18.04,15.2217,16419.0,0.0,1.0
2016-09-09,17.98,17.98,17.69,17.71,14.9433,72626.0,0.0,1.0
2016-09-12,17.6,17.6399,17.3821,17.61,14.8589,49124.0,0.0,1.0
2016-09-13,17.59,17.59,17.39,17.39,14.6732,23650.0,0.0,1.0
2016-09-14,17.4438,17.4547,17.35,17.37,14.6564,29923.0,0.0,1.0
2016-09-15,17.3968,17.5615,17.38,17.54,14.7998,17960.0,0.0,1.0
2016-09-16,17.55,17.5993,17.4063,17.49,14.7576,21445.0,0.0,1.0
2016-09-19,17.62,17.75,17.57,17.57,14.8251,29148.0,0.0,1.0
2016-09-20,17.7299,17.749000000000006,17.66,17.66,14.9011,17222.0,0.0,1.0
2016-09-21,17.79,17.79,17.6201,17.69,14.9264,9982.0,0.0,1.0
2016-09-22,17.85,17.85,17.701,17.75,14.977,63579.0,0.0,1.0
2016-09-23,17.7,17.7989,17.6801,17.756,14.9821,16024.0,0.0,1.0
2016-09-26,17.78,17.792,17.69,17.69,14.9264,28426.0,0.0,1.0
2016-09-27,17.68,17.76,17.68,17.73,14.9601,45137.0,0.0,1.0
2016-09-28,17.732,17.8399,17.66,17.78,15.0023,20235.0,0.0,1.0
2016-09-29,17.82,17.87,17.745,17.7799,15.0022,74660.0,0.0,1.0
2016-09-30,18.11,18.11,17.8,17.8,15.0192,37253.0,0.0,1.0
2016-10-03,17.43,17.5252,17.37,17.4505,15.0212,78099.0,0.3519,1.0
2016-10-04,17.5,17.58,17.36,17.435,15.0079,23970.0,0.0,1.0
2016-10-05,17.532,17.532,17.44,17.4999,15.0637,54632.0,0.0,1.0
2016-10-06,17.47,17.48,17.38,17.41,14.9864,21664.0,0.0,1.0
2016-10-07,17.44,17.485,17.3436,17.3738,14.9552,22059.0,0.0,1.0
2016-10-10,17.45,17.46,17.4,17.4,14.9778,23078.0,0.0,1.0
2016-10-11,17.4215,17.4215,17.3,17.35,14.9347,38257.0,0.0,1.0
2016-10-12,17.28,17.42,17.28,17.36,14.9433,15489.0,0.0,1.0
2016-10-13,17.27,17.3899,17.2101,17.3899,14.9691,25740.0,0.0,1.0
2016-10-14,17.43,17.43,17.18,17.23,14.8314,13693.0,0.0,1.0
2016-10-17,17.22,17.22,17.1301,17.1369,14.7513,22303.0,0.0,1.0
2016-10-18,17.15,17.23,17.15,17.19,14.797,49458.0,0.0,1.0
2016-10-19,17.18,17.3055,17.18,17.2899,14.883,22255.0,0.0,1.0
2016-10-20,17.219,17.2592,17.13,17.2,14.8056,13410.0,0.0,1.0
2016-10-21,17.21,17.3399,17.208,17.27,14.8658,18857.0,0.0,1.0
2016-10-24,17.3,17.449,17.3,17.42,14.995,41574.0,0.0,1.0
2016-10-25,17.4,17.48,17.3,17.48,15.0466,19226.0,0.0,1.0
2016-10-26,17.45,17.45,17.2901,17.3748,14.9561,31380.0,0.0,1.0
2016-10-27,17.4,17.4,17.3068,17.33,14.9175,18658.0,0.0,1.0
2016-10-28,17.29,17.3895,17.24,17.3356,14.9223,37872.0,0.0,1.0
2016-10-31,17.37,17.37,17.2011,17.23,14.8314,44063.0,0.0,1.0
2016-11-01,17.2,17.2,16.97,17.0225,14.6528,43300.0,0.0,1.0
2016-11-02,16.99,17.01,16.77,16.85,14.5043,186528.0,0.0,1.0
2016-11-03,16.81,16.81,16.62,16.65,14.3322,41564.0,0.0,1.0
2016-11-04,16.66,16.7935,16.6277,16.63,14.3149,36695.0,0.0,1.0
2016-11-07,16.77,16.88,16.77,16.8138,14.4732,35578.0,0.0,1.0
2016-11-08,16.82,16.9631,16.82,16.8928,14.5412,22296.0,0.0,1.0
2016-11-09,16.76,17.2399,16.76,17.147000000000002,14.76,72055.0,0.0,1.0
2016-11-10,17.22,17.41,17.22,17.3649,14.9475,72014.0,0.0,1.0
2016-11-11,17.32,17.499000000000002,17.32,17.46,15.0294,28485.0,0.0,1.0
2016-11-14,17.46,17.57,17.4008,17.41,14.9864,42639.0,0.0,1.0
2016-11-15,17.52,17.5499,17.35,17.45,15.0208,54966.0,0.0,1.0
2016-11-16,17.44,17.4999,17.41,17.44,15.0122,43630.0,0.0,1.0
2016-11-17,17.53,17.6,17.442999999999998,17.5619,15.1171,36173.0,0.0,1.0
2016-11-18,17.6,17.69,17.5,17.69,15.2274,29486.0,0.0,1.0
2016-11-21,17.77,17.8099,17.7,17.72,15.2532,95209.0,0.0,1.0
2016-11-22,17.69,17.799,17.69,17.7,15.235999999999999,45068.0,0.0,1.0
2016-11-23,17.71,17.7813,17.6716,17.73,15.2618,65368.0,0.0,1.0
2016-11-25,17.94,18.0,17.78,18.0,15.4942,19189.0,0.0,1.0
2016-11-28,18.03,18.03,17.85,17.88,15.3909,18742.0,0.0,1.0
2016-11-29,17.85,17.959,17.8296,17.92,15.4254,27521.0,0.0,1.0
2016-11-30,17.96,17.96,17.76,17.87,15.3823,30999.0,0.0,1.0
2016-12-01,17.93,17.9597,17.811,17.88,15.3909,26159.0,0.0,1.0
2016-12-02,17.81,17.8499,17.7601,17.79,15.3135,31476.0,0.0,1.0
2016-12-05,17.87,17.902,17.8621,17.9,15.4081,45416.0,0.0,1.0
2016-12-06,17.91,17.9799,17.86,17.94,15.4426,24407.0,0.0,1.0
2016-12-07,17.99,18.0575,17.9,18.0,15.4942,465662.0,0.0,1.0
2016-12-08,18.06,18.1399,17.9689,18.13,15.6061,46223.0,0.0,1.0
2016-12-09,18.14,18.2274,18.0404,18.22,15.6836,83029.0,0.0,1.0
2016-12-12,18.24,18.2499,18.18,18.21,15.675,115976.0,0.0,1.0
2016-12-13,18.27,18.3,18.12,18.18,15.6492,46278.0,0.0,1.0
2016-12-14,18.17,18.2,18.05,18.05,15.5373,129414.0,0.0,1.0
2016-12-15,18.03,18.13,17.95,17.95,15.4512,126716.0,0.0,1.0
2016-12-16,18.01,18.1099,17.94,18.07,15.5545,30003.0,0.0,1.0
2016-12-19,18.23,18.2469,17.98,18.16,15.632,84948.0,0.0,1.0
2016-12-20,18.23,18.288,18.2,18.24,15.7008,100027.0,0.0,1.0
2016-12-21,18.26,18.35,18.25,18.31,15.7611,45692.0,0.0,1.0
2016-12-22,18.34,18.34,18.2036,18.29,15.7439,47003.0,0.0,1.0
2016-12-23,18.34,18.34,18.2601,18.27,15.7266,43273.0,0.0,1.0
2016-12-27,18.3,18.35,18.2611,18.34,15.7869,47527.0,0.0,1.0
2016-12-28,18.37,18.37,17.83,17.87,15.6965,43620.0,0.365,1.0
2016-12-29,17.85,18.05,17.85,18.05,15.8546,48258.0,0.0,1.0
2016-12-30,18.13,18.13,17.9,18.0059,15.8159,23283.0,0.0,1.0
2017-01-03,18.1,18.15,18.01,18.15,15.9425,67775.0,0.0,1.0
2017-01-04,18.19,18.47,18.19,18.47,16.2235,117418.0,0.0,1.0
2017-01-05,18.53,18.64,18.35,18.43,16.1884,82450.0,0.0,1.0
2017-01-06,18.41,18.4971,18.41,18.42,16.1796,62911.0,0.0,1.0
2017-01-09,18.45,18.45,18.3085,18.31,16.083,53603.0,0.0,1.0
2017-01-10,18.31,18.35,18.25,18.33,16.1006,65640.0,0.0,1.0
2017-01-11,18.36,18.4299,18.2484,18.41,16.1708,67831.0,0.0,1.0
2017-01-12,18.41,18.41,18.2978,18.32,16.0918,51174.0,0.0,1.0
2017-01-13,18.36,18.42,18.3,18.4,16.162,91455.0,0.0,1.0
2017-01-17,18.4,18.4693,18.33,18.4,16.162,104550.0,0.0,1.0
2017-01-18,18.35,18.41,18.3,18.41,16.1708,55883.0,0.0,1.0
2017-01-19,18.41,18.41,18.2793,18.29,16.0654,40329.0,0.0,1.0
2017-01-20,18.34,18.3697,18.29,18.33,16.1006,34758.0,0.0,1.0
2017-01-23,18.32,18.39,18.32,18.36,16.1269,46011.0,0.0,1.0
2017-01-24,18.38,18.45,18.3549,18.4,16.162,71407.0,0.0,1.0
2017-01-25,18.46,18.55,18.3683,18.44,16.1972,73615.0,0.0,1.0
2017-01-26,18.48,18.48,18.381,18.41,16.1708,108872.0,0.0,1.0
2017-01-27,18.45,18.45,18.325,18.415,16.1752,44158.0,0.0,1.0
2017-01-30,18.39,18.39,18.21,18.34,16.1093,53426.0,0.0,1.0
2017-01-31,18.3397,18.3397,18.17,18.19,15.9776,56993.0,0.0,1.0
2017-02-01,18.33,18.42,18.2635,18.39,16.1533,115843.0,0.0,1.0
2017-02-02,18.39,18.4,18.32,18.35,16.1181,33226.0,0.0,1.0
2017-02-03,18.4,18.67,18.39,18.59,16.3289,83296.0,0.0,1.0
2017-02-06,18.55,18.73,18.52,18.73,16.4519,88195.0,0.0,1.0
2017-02-07,18.73,18.73,18.64,18.72,16.4431,32983.0,0.0,1.0
2017-02-08,18.71,18.73,18.5319,18.73,16.4519,42134.0,0.0,1.0
2017-02-09,18.72,18.76,18.65,18.685,16.4124,52671.0,0.0,1.0
2017-02-10,18.71,18.87,18.689,18.82,16.531,41415.0,0.0,1.0
2017-02-13,19.26,19.26,18.8569,18.9,16.6012,59087.0,0.0,1.0
2017-02-14,18.92,19.01,18.9001,19.01,16.6979,39596.0,0.0,1.0
2017-02-15,19.03,19.12,18.9601,19.1,16.7769,58263.0,0.0,1.0
2017-02-16,19.13,19.13,19.01,19.02,16.7066,62973.0,0.0,1.0
2017-02-17,19.12,19.13,19.04,19.13,16.8033,57771.0,0.0,1.0
2017-02-21,19.15,19.17,19.11,19.15,16.8208,44053.0,0.0,1.0
2017-02-22,19.12,19.2,19.11,19.19,16.855999999999998,38847.0,0.0,1.0
2017-02-23,19.22,19.27,19.1535,19.22,16.8823,41704.0,0.0,1.0
2017-02-24,19.17,19.23,19.0,19.2,16.8647,76011.0,0.0,1.0
2017-02-27,19.24,19.24,19.0496,19.16,16.8296,63326.0,0.0,1.0
2017-02-28,19.12,19.12,19.0,19.08,16.7593,88255.0,0.0,1.0
2017-03-01,19.19,19.19,19.07,19.15,16.8208,69127.0,0.0,1.0
2017-03-02,19.12,19.12,18.9848,19.02,16.7066,60220.0,0.0,1.0
2017-03-03,18.98,19.025,18.94,18.97,16.6627,59407.0,0.0,1.0
2017-03-06,18.96,18.98,18.86,18.91,16.61,41858.0,0.0,1.0
2017-03-07,18.9,18.9499,18.87,18.92,16.6188,30130.0,0.0,1.0
2017-03-08,18.93,18.9506,18.8018,18.82,16.531,37111.0,0.0,1.0
2017-03-09,18.8,18.8,18.57,18.62,16.3553,74474.0,0.0,1.0
2017-03-10,18.66,18.83,18.66,18.8002,16.5136,53342.0,0.0,1.0
2017-03-13,18.84,18.89,18.8096,18.86,16.5661,26340.0,0.0,1.0
2017-03-14,18.82,18.879,18.75,18.79,16.5046,22341.0,0.0,1.0
2017-03-15,18.8,18.968,18.8,18.91,16.61,34112.0,0.0,1.0
2017-03-16,18.99,19.05,18.91,18.91,16.61,64707.0,0.0,1.0
2017-03-17,18.91,19.09,18.91,19.09,16.7681,50622.0,0.0,1.0
2017-03-20,19.1,19.16,19.0968,19.1463,16.8176,42589.0,0.0,1.0
2017-03-21,19.11,19.15,18.85,18.85,16.5573,67709.0,0.0,1.0
2017-03-22,18.81,18.85,18.7699,18.79,16.5046,48122.0,0.0,1.0
2017-03-23,18.78,18.9299,18.78,18.86,16.5661,61503.0,0.0,1.0
2017-03-24,18.89,18.97,18.854,18.91,16.61,47672.0,0.0,1.0
2017-03-27,18.76,18.92,18.75,18.92,16.6188,67316.0,0.0,1.0
2017-03-28,18.98,19.0799,18.9766,19.02,16.7066,60796.0,0.0,1.0
2017-03-29,19.01,19.1399,19.01,19.13,16.8033,52327.0,0.0,1.0
2017-03-30,19.17,19.26,19.17,19.22,16.8823,73366.0,0.0,1.0
2017-03-31,19.29,19.34,19.2554,19.27,16.9262,66686.0,0.0,1.0
2017-04-03,18.93,18.97,18.8,18.925,16.9281,91908.0,0.3471,1.0
2017-04-04,18.84,18.93,18.84,18.92,16.9236,53055.0,0.0,1.0
2017-04-05,18.96,18.96,18.7718,18.79,16.8073,16595.0,0.0,1.0
2017-04-06,18.86,18.92,18.79,18.92,16.9236,60618.0,0.0,1.0
2017-04-07,18.9,18.9597,18.86,18.88,16.8878,34247.0,0.0,1.0
2017-04-10,18.93,18.949,18.86,18.875,16.8834,42510.0,0.0,1.0
2017-04-11,18.88,18.92,18.85,18.91,16.9147,45809.0,0.0,1.0
2017-04-12,18.96,18.99,18.9,18.93,16.9326,37356.0,0.0,1.0
2017-04-13,18.92,19.0,18.81,18.81,16.8252,206387.0,0.0,1.0
2017-04-17,18.81,18.94,18.81,18.93,16.9326,35179.0,0.0,1.0
2017-04-18,18.86,18.99,18.86,18.95,16.9504,35805.0,0.0,1.0
2017-04-19,18.9,18.955,18.875,18.91,16.9147,48189.0,0.0,1.0
2017-04-20,18.88,18.9696,18.88,18.91,16.9147,54653.0,0.0,1.0
2017-04-21,18.89,19.07,18.89,19.03,17.022000000000002,28830.0,0.0,1.0
2017-04-24,19.11,19.141,19.04,19.08,17.0667,34763.0,0.0,1.0
2017-04-25,19.06,19.15,19.06,19.12,17.1025,74701.0,0.0,1.0
2017-04-26,19.14,19.24,19.135,19.18,17.1562,52284.0,0.0,1.0
2017-04-27,19.2,19.2,19.09,19.17,17.1472,64298.0,0.0,1.0
2017-04-28,19.2012,19.22,19.1211,19.16,17.1383,39084.0,0.0,1.0
2017-05-01,19.18,19.2132,19.11,19.17,17.1472,46980.0,0.0,1.0
2017-05-02,19.19,19.24,19.1253,19.22,17.192,269420.0,0.0,1.0
2017-05-03,19.14,19.2,18.8,18.88,16.8878,149912.0,0.0,1.0
2017-05-04,18.85,18.85,18.5042,18.56,16.6016,134744.0,0.0,1.0
2017-05-05,18.57,18.66,18.51,18.65,16.6821,104098.0,0.0,1.0
2017-05-08,18.67,18.67,18.48,18.54,16.5837,84290.0,0.0,1.0
2017-05-09,18.54,18.54,18.3502,18.4,16.4585,112971.0,0.0,1.0
2017-05-10,18.26,18.31,18.1073,18.14,16.2259,224629.0,0.0,1.0
2017-05-11,18.1,18.1699,18.016,18.15,16.2349,70610.0,0.0,1.0
2017-05-12,18.13,18.15,18.0,18.03,16.1275,50032.0,0.0,1.0
2017-05-15,18.03,18.23,18.03,18.2,16.2796,168000.0,0.0,1.0
2017-05-16,18.21,18.29,18.1468,18.24,16.3154,51335.0,0.0,1.0
2017-05-17,18.17,18.23,18.0528,18.1,16.1901,77080.0,0.0,1.0
2017-05-18,18.07,18.15,18.01,18.09,16.1812,44619.0,0.0,1.0
2017-05-19,18.03,18.14,18.01,18.02,16.1186,84153.0,0.0,1.0
2017-05-22,18.1,18.18,18.0866,18.16,16.2438,54207.0,0.0,1.0
2017-05-23,18.2,18.31,18.18,18.3,16.369,36712.0,0.0,1.0
2017-05-24,18.32,18.3599,18.2383,18.3199,16.3868,60390.0,0.0,1.0
2017-05-25,18.35,18.41,18.25,18.27,16.3422,220871.0,0.0,1.0
2017-05-26,18.28,18.3,18.2008,18.29,16.3601,61220.0,0.0,1.0
2017-05-30,18.28,18.28,18.1047,18.11,16.1991,79576.0,0.0,1.0
2017-05-31,18.13,18.13,18.0,18.0,16.1007,21016.0,0.0,1.0
2017-06-01,18.02,18.24,18.02,18.24,16.3154,29090.0,0.0,1.0
2017-06-02,18.2,18.3,18.171,18.2,16.2796,62797.0,0.0,1.0
2017-06-05,18.21,18.2594,18.14,18.18,16.2617,78517.0,0.0,1.0
2017-06-06,18.17,18.17,18.06,18.09,16.1812,57318.0,0.0,1.0
2017-06-07,18.09,18.133,18.05,18.08,16.1722,25713.0,0.0,1.0
2017-06-08,18.07,18.1099,18.04,18.09,16.1812,27482.0,0.0,1.0
2017-06-09,18.07,18.2,18.07,18.16,16.2438,34150.0,0.0,1.0
2017-06-12,18.13,18.24,18.1229,18.230999999999998,16.3073,29413.0,0.0,1.0
2017-06-13,18.25,18.25,18.09,18.23,16.3064,43079.0,0.0,1.0
2017-06-14,18.21,18.21,18.1,18.15,16.2349,38326.0,0.0,1.0
2017-06-15,18.1,18.16,18.0527,18.16,16.2438,39193.0,0.0,1.0
2017-06-16,18.09,18.22,18.09,18.18,16.2617,57733.0,0.0,1.0
2017-06-19,18.26,18.3,18.191,18.23,16.3064,43588.0,0.0,1.0
2017-06-20,18.17,18.1899,18.08,18.09,16.1812,55744.0,0.0,1.0
2017-06-21,18.1,18.16,18.05,18.09,16.1812,40857.0,0.0,1.0
2017-06-22,18.1,18.1432,18.06,18.06,16.1544,74819.0,0.0,1.0
2017-06-23,18.1,18.21,18.1,18.21,16.2885,30912.0,0.0,1.0
2017-06-26,18.24,18.3,18.2247,18.3,16.369,62491.0,0.0,1.0
2017-06-27,18.3,18.35,18.2,18.2,16.2796,47186.0,0.0,1.0
2017-06-28,18.25,18.3,18.2,18.2,16.2796,39256.0,0.0,1.0
2017-06-29,18.27,18.33,18.15,18.32,16.3869,49400.0,0.0,1.0
2017-06-30,18.37,18.38,18.31,18.36,16.4227,36938.0,0.0,1.0
2017-07-03,18.01,18.1,17.963,18.05,16.4764,22329.0,0.37,1.0
2017-07-05,18.1,18.1,17.9699,18.03,16.4581,24293.0,0.0,1.0
2017-07-06,18.03,18.03,17.9,18.0,16.4307,28973.0,0.0,1.0
2017-07-07,18.05,18.05,17.84,17.95,16.3851,50738.0,0.0,1.0
2017-07-10,17.92,18.04,17.89,18.02,16.449,50273.0,0.0,1.0
2017-07-11,18.03,18.03,17.89,17.96,16.3942,57315.0,0.0,1.0
2017-07-12,17.97,18.02,17.97,18.01,16.4399,49175.0,0.0,1.0
2017-07-13,18.0,18.02,17.9698,18.01,16.4399,23183.0,0.0,1.0
2017-07-14,18.08,18.12,18.04,18.07,16.4946,97918.0,0.0,1.0
2017-07-17,18.1,18.1699,18.1,18.12,16.5403,15809.0,0.0,1.0
2017-07-18,18.11,18.17,18.02,18.14,16.5585,72278.0,0.0,1.0
2017-07-19,18.11,18.13,18.0786,18.1,16.522000000000002,38096.0,0.0,1.0
2017-07-20,18.11,18.15,18.051,18.115,16.5357,23447.0,0.0,1.0
2017-07-21,18.1,18.17,18.1,18.14,16.5585,25697.0,0.0,1.0
2017-07-24,18.13,18.2,18.06,18.06,16.4855,50524.0,0.0,1.0
2017-07-25,18.07,18.16,18.07,18.13,16.5494,43546.0,0.0,1.0
2017-07-26,18.14,18.1699,18.1001,18.14,16.5585,37876.0,0.0,1.0
2017-07-27,18.08,18.16,18.07,18.16,16.5768,30775.0,0.0,1.0
2017-07-28,18.16,18.16,18.0409,18.14,16.5585,25422.0,0.0,1.0
2017-07-31,18.11,18.13,18.0539,18.102,16.5238,26003.0,0.0,1.0
2017-08-01,18.16,18.175,18.08,18.1,16.522000000000002,64487.0,0.0,1.0
2017-08-02,18.09,18.15,18.0504,18.11,16.5311,33988.0,0.0,1.0
2017-08-03,18.08,18.08,18.0,18.0,16.4307,45265.0,0.0,1.0
2017-08-04,17.99,17.9963,17.9102,17.97,16.4033,39568.0,0.0,1.0
2017-08-07,17.95,18.0493,17.93,18.02,16.449,66365.0,0.0,1.0
2017-08-08,17.96,18.09,17.95,17.95,16.3851,37710.0,0.0,1.0
2017-08-09,17.95,18.0072,17.9,17.94,16.375999999999998,52868.0,0.0,1.0
2017-08-10,17.92,17.934,17.75,17.75,16.2025,55762.0,0.0,1.0
2017-08-11,17.71,17.71,17.55,17.64,16.1021,50876.0,0.0,1.0
2017-08-14,17.66,17.8799,17.66,17.8304,16.2759,26574.0,0.0,1.0
2017-08-15,17.86,17.86,17.785,17.83,16.2755,40197.0,0.0,1.0
2017-08-16,17.81,17.85,17.7,17.7,16.1569,33488.0,0.0,1.0
2017-08-17,17.71,17.7204,17.46,17.49,15.9652,66266.0,0.0,1.0
2017-08-18,17.48,17.48,17.28,17.36,15.8465,85725.0,0.0,1.0
2017-08-21,17.33,17.33,17.23,17.25,15.7461,40923.0,0.0,1.0
2017-08-22,17.3,17.4,17.3,17.38,15.8648,88487.0,0.0,1.0
2017-08-23,17.31,17.4695,17.31,17.45,15.9287,71026.0,0.0,1.0
2017-08-24,17.45,17.4568,17.41,17.43,15.9104,20959.0,0.0,1.0
2017-08-25,17.44,17.4425,17.4,17.4,15.883,34926.0,0.0,1.0
2017-08-28,17.42,17.44,17.35,17.36,15.8465,26721.0,0.0,1.0
2017-08-29,17.29,17.39,17.23,17.33,15.8191,36406.0,0.0,1.0
2017-08-30,17.33,17.38,17.26,17.3,15.7918,39751.0,0.0,1.0
2017-08-31,17.3,17.6,17.1239,17.15,15.6548,73568.0,0.0,1.0
2017-09-01,17.15,17.4,17.15,17.36,15.8465,25036.0,0.0,1.0
2017-09-05,17.34,17.3473,17.160999999999998,17.1962,15.697000000000001,19836.0,0.0,1.0
2017-09-06,17.18,17.23,17.12,17.15,15.6548,197622.0,0.0,1.0
2017-09-07,17.18,17.19,17.1367,17.16,15.664000000000001,25040.0,0.0,1.0
2017-09-08,17.14,17.19,17.07,17.17,15.6731,30619.0,0.0,1.0
2017-09-11,17.15,17.24,17.147000000000002,17.2199,15.7186,42570.0,0.0,1.0
2017-09-12,17.17,17.23,17.14,17.14,15.6457,255140.0,0.0,1.0
2017-09-13,17.17,17.23,17.1301,17.23,15.7279,51464.0,0.0,1.0
2017-09-14,17.18,17.28,17.141,17.27,15.7644,27989.0,0.0,1.0
2017-09-15,17.24,17.29,17.221,17.27,15.7644,22829.0,0.0,1.0
2017-09-18,17.27,17.3,17.19,17.24,15.737,86113.0,0.0,1.0
2017-09-19,17.25,17.38,17.24,17.31,15.8009,71197.0,0.0,1.0
2017-09-20,17.33,17.4,17.33,17.4,15.883,14847.0,0.0,1.0
2017-09-21,17.4,17.4,17.27,17.33,15.8191,36552.0,0.0,1.0
2017-09-22,17.36,17.43,17.33,17.43,15.9104,53959.0,0.0,1.0
2017-09-25,17.41,17.43,17.33,17.41,15.8922,68827.0,0.0,1.0
2017-09-26,17.43,17.49,17.371,17.47,15.9469,36992.0,0.0,1.0
2017-09-27,17.51,17.52,17.4201,17.5,15.9743,52011.0,0.0,1.0
2017-09-28,17.52,17.71,17.44,17.71,16.166,109147.0,0.0,1.0
2017-09-29,17.77,17.86,17.7072,17.86,16.3029,59944.0,0.0,1.0
2017-10-02,17.56,17.58,17.4,17.58,16.3888,38687.0,0.3741,1.0
2017-10-03,17.54,17.55,17.4966,17.5,16.3142,27406.0,0.0,1.0
2017-10-04,17.57,17.63,17.5101,17.63,16.4354,49586.0,0.0,1.0
2017-10-05,17.56,17.66,17.53,17.63,16.4354,37661.0,0.0,1.0
2017-10-06,17.59,17.628,17.48,17.54,16.3515,59196.0,0.0,1.0
2017-10-09,17.53,17.54,17.480999999999998,17.5,16.3142,48232.0,0.0,1.0
2017-10-10,17.49,17.52,17.4,17.5,16.3142,42156.0,0.0,1.0
2017-10-11,17.46,17.51,17.42,17.42,16.2397,40917.0,0.0,1.0
2017-10-12,17.42,17.42,17.33,17.39,16.2117,72196.0,0.0,1.0
2017-10-13,17.37,17.37,17.32,17.36,16.1837,46877.0,0.0,1.0
2017-10-16,17.34,17.41,17.33,17.36,16.1837,118903.0,0.0,1.0
2017-10-17,17.36,17.389,17.22,17.24,16.0719,114701.0,0.0,1.0
2017-10-18,17.25,17.37,17.25,17.25,16.0812,98489.0,0.0,1.0
2017-10-19,17.25,17.3,17.2,17.3,16.1278,36736.0,0.0,1.0
2017-10-20,17.34,17.4,17.3295,17.36,16.1837,30182.0,0.0,1.0
2017-10-23,17.35,17.39,17.3,17.33,16.1558,34759.0,0.0,1.0
2017-10-24,17.36,17.42,17.3,17.35,16.1744,31542.0,0.0,1.0
2017-10-25,17.34,17.34,17.07,17.1,15.9413,78521.0,0.0,1.0
2017-10-26,17.11,17.11,17.0,17.02,15.8668,47660.0,0.0,1.0
2017-10-27,17.07,17.14,16.94,17.075,15.918,84580.0,0.0,1.0
2017-10-30,17.11,17.21,17.02,17.02,15.8668,51852.0,0.0,1.0
2017-10-31,17.05,17.11,16.9568,17.0,15.8481,47739.0,0.0,1.0
2017-11-01,16.99,16.99,16.88,16.88,15.7363,51092.0,0.0,1.0
2017-11-02,16.84,16.84,16.531,16.56,15.4379,172550.0,0.0,1.0
2017-11-03,16.56,16.87,16.56,16.83,15.6896,111301.0,0.0,1.0
2017-11-06,16.85,16.879,16.79,16.85,15.7083,55896.0,0.0,1.0
2017-11-07,16.89,16.98,16.8801,16.98,15.8295,45016.0,0.0,1.0
2017-11-08,16.99,17.1699,16.980999999999998,17.13,15.9693,27530.0,0.0,1.0
2017-11-09,17.1,17.15,16.9,16.9,15.7549,21628.0,0.0,1.0
2017-11-10,16.94,17.06,16.92,17.02,15.8668,22384.0,0.0,1.0
2017-11-13,16.95,17.0691,16.93,17.03,15.8761,39990.0,0.0,1.0
2017-11-14,16.95,17.12,16.91,17.09,15.932,52549.0,0.0,1.0
2017-11-15,17.04,17.1059,17.01,17.06,15.9041,22780.0,0.0,1.0
2017-11-16,17.11,17.28,17.0998,17.13,15.9693,35395.0,0.0,1.0
2017-11-17,17.11,17.3198,17.11,17.3,16.1278,83993.0,0.0,1.0
2017-11-20,17.31,17.3832,17.31,17.35,16.1744,21900.0,0.0,1.0
2017-11-21,17.34,17.3833,17.26,17.26,16.0905,26638.0,0.0,1.0
2017-11-22,17.28,17.2999,17.2,17.28,16.1092,34661.0,0.0,1.0
2017-11-24,17.32,17.33,17.27,17.31,16.1371,6872.0,0.0,1.0
2017-11-27,17.3,17.32,17.15,17.2,16.0346,177255.0,0.0,1.0
2017-11-28,17.23,17.25,17.18,17.21,16.0439,59766.0,0.0,1.0
2017-11-29,17.27,17.33,17.2004,17.23,16.0625,60816.0,0.0,1.0
2017-11-30,17.25,17.322,17.1,17.13,15.9693,96788.0,0.0,1.0
2017-12-01,17.21,17.21,16.95,17.11,15.9507,53717.0,0.0,1.0
2017-12-04,17.0688,17.0688,17.0688,17.0688,15.9123,45835.0,0.0,1.0
2017-12-05,17.07,17.0709,16.95,17.01,15.8574,39035.0,0.0,1.0
2017-12-06,17.04,17.102999999999998,17.02,17.06,15.9041,77643.0,0.0,1.0
2017-12-07,17.02,17.1099,17.02,17.06,15.9041,130456.0,0.0,1.0
2017-12-08,17.1,17.17,17.0487,17.14,15.9786,58565.0,0.0,1.0
2017-12-11,17.13,17.1707,17.11,17.16,15.9973,74002.0,0.0,1.0
2017-12-12,17.17,17.1727,17.0968,17.1,15.9413,75318.0,0.0,1.0
2017-12-13,17.1,17.1,17.02,17.04,15.8854,151571.0,0.0,1.0
2017-12-14,16.99,17.08,16.98,17.01,15.8574,124520.0,0.0,1.0
2017-12-15,17.1,17.1489,17.0,17.03,15.8761,203886.0,0.0,1.0
2017-12-18,17.2,17.22,17.06,17.065,15.9087,126769.0,0.0,1.0
2017-12-19,17.005,17.1524,16.96,16.96,15.8108,66110.0,0.0,1.0
2017-12-20,16.94,17.05,16.93,16.97,15.8202,104082.0,0.0,1.0
2017-12-21,17.01,17.1171,16.971,17.1,15.9413,268539.0,0.0,1.0
2017-12-22,17.14,17.16,17.04,17.11,15.9507,138055.0,0.0,1.0
2017-12-26,17.07,17.18,17.05,17.06,15.9041,67008.0,0.0,1.0
2017-12-27,16.66,16.92,16.59,16.66,15.9274,91350.0,0.425,1.0
2017-12-28,16.66,16.7199,16.59,16.65,15.9178,171606.0,0.0,1.0
2017-12-29,16.67,16.7006,16.6,16.6,15.87,69145.0,0.0,1.0
2018-01-02,16.64,16.76,16.586,16.72,15.9847,181829.0,0.0,1.0
2018-01-03,16.75,16.79,16.67,16.68,15.9465,210089.0,0.0,1.0
2018-01-04,16.72,16.7538,16.6,16.61,15.8796,72537.0,0.0,1.0
2018-01-05,16.67,16.67,16.57,16.62,15.8891,85306.0,0.0,1.0
2018-01-08,16.65,16.73,16.6,16.73,15.9943,251374.0,0.0,1.0
2018-01-09,16.68,16.71,16.54,16.54,15.8126,166664.0,0.0,1.0
2018-01-10,16.56,16.59,16.42,16.48,15.7553,888865.0,0.0,1.0
2018-01-11,16.48,16.6,16.4418,16.57,15.8413,103482.0,0.0,1.0
2018-01-12,16.62,16.71,16.62,16.71,15.9752,98775.0,0.0,1.0
2018-01-16,16.78,16.8,16.64,16.65,15.9178,119214.0,0.0,1.0
2018-01-17,16.65,16.7,16.6,16.65,15.9178,77489.0,0.0,1.0
2018-01-18,16.68,16.695,16.5736,16.62,15.8891,74814.0,0.0,1.0
2018-01-19,16.62,16.69,16.6001,16.6764,15.943,53785.0,0.0,1.0
2018-01-22,16.67,16.78,16.6695,16.74,16.0038,58511.0,0.0,1.0
2018-01-23,16.77,16.819000000000006,16.72,16.8,16.0612,70977.0,0.0,1.0
2018-01-24,16.76,16.82,16.74,16.8,16.0612,53318.0,0.0,1.0
2018-01-25,16.78,16.8,16.7,16.73,15.9943,59053.0,0.0,1.0
2018-01-26,16.79,16.79,16.683,16.75,16.0134,113263.0,0.0,1.0
2018-01-29,16.73,16.75,16.62,16.65,15.9178,71093.0,0.0,1.0
2018-01-30,16.62,16.6452,16.49,16.51,15.784,55401.0,0.0,1.0
2018-01-31,16.54,16.59,16.32,16.35,15.630999999999998,67613.0,0.0,1.0
2018-02-01,16.32,16.51,16.32,16.45,15.7266,31138.0,0.0,1.0
2018-02-02,16.43,16.43,16.22,16.23,15.5163,59983.0,0.0,1.0
2018-02-05,16.14,16.1452,15.411,15.74,15.0478,123339.0,0.0,1.0
2018-02-06,15.5,15.9599,15.39,15.905,15.2056,100624.0,0.0,1.0
2018-02-07,15.89,16.11,15.89,16.01,15.3059,57255.0,0.0,1.0
2018-02-08,16.11,16.2,15.9165,15.9165,15.2166,50033.0,0.0,1.0
2018-02-09,15.98,16.09,15.7,15.87,15.1721,68856.0,0.0,1.0
2018-02-12,15.9,16.0498,15.89,15.98,15.2773,115570.0,0.0,1.0
2018-02-13,15.95,16.21,15.91,16.18,15.4685,148292.0,0.0,1.0
2018-02-14,16.17,16.239,16.135,16.17,15.4589,47183.0,0.0,1.0
2018-02-15,16.28,16.28,16.03,16.06,15.3538,29381.0,0.0,1.0
2018-02-16,16.09,16.23,16.09,16.22,15.5067,25720.0,0.0,1.0
2018-02-20,16.19,16.2072,16.0201,16.07,15.3633,31237.0,0.0,1.0
2018-02-21,16.1,16.19,16.0,16.0,15.2964,42157.0,0.0,1.0
2018-02-22,16.01,16.079,15.93,15.93,15.2295,20667.0,0.0,1.0
2018-02-23,16.01,16.035999999999998,15.94,15.95,15.2486,24076.0,0.0,1.0
2018-02-26,15.95,16.0409,15.95,16.02,15.3155,38137.0,0.0,1.0
2018-02-27,16.04,16.13,15.9,15.91,15.2103,32517.0,0.0,1.0
2018-02-28,15.96,16.05,15.769,15.7801,15.0862,74615.0,0.0,1.0
2018-03-01,15.8,15.8919,15.7001,15.77,15.0765,29378.0,0.0,1.0
2018-03-02,15.73,15.8399,15.67,15.8295,15.1334,24819.0,0.0,1.0
2018-03-05,15.86,16.11,15.84,16.07,15.3633,96450.0,0.0,1.0
2018-03-06,16.11,16.2,16.07,16.17,15.4589,125065.0,0.0,1.0
2018-03-07,16.09,16.1489,16.04,16.1,15.392000000000001,81170.0,0.0,1.0
2018-03-08,16.13,16.17,16.09,16.17,15.4589,28566.0,0.0,1.0
2018-03-09,16.2,16.22,16.15,16.17,15.4589,30025.0,0.0,1.0
2018-03-12,16.18,16.2386,16.15,16.23,15.5163,49434.0,0.0,1.0
2018-03-13,16.26,16.2844,16.18,16.27,15.5545,31689.0,0.0,1.0
2018-03-14,16.3196,16.3196,16.19,16.21,15.4972,20453.0,0.0,1.0
2018-03-15,16.21,16.25,16.0,16.03,15.3251,50273.0,0.0,1.0
2018-03-16,16.05,16.15,16.05,16.13,15.4207,22386.0,0.0,1.0
2018-03-19,16.08,16.18,16.03,16.11,15.4016,27831.0,0.0,1.0
2018-03-20,16.1,16.13,16.02,16.05,15.3442,29982.0,0.0,1.0
2018-03-21,16.05,16.08,16.0,16.05,15.3442,56998.0,0.0,1.0
2018-03-22,16.02,16.49,16.0,16.38,15.6597,283052.0,0.0,1.0
2018-03-23,16.46,16.46,16.1,16.1,15.392000000000001,177523.0,0.0,1.0
2018-03-26,16.2,16.29,16.17,16.18,15.4685,74112.0,0.0,1.0
2018-03-27,16.26,16.3,16.07,16.09,15.3824,66513.0,0.0,1.0
2018-03-28,16.15,16.1899,16.12,16.13,15.4207,39313.0,0.0,1.0
2018-03-29,16.21,16.3099,16.2,16.26,15.545,33709.0,0.0,1.0
2018-04-02,15.83,15.85,15.72,15.84,15.5096,65393.0,0.38299999999999995,1.0
2018-04-03,15.88,15.9402,15.8664,15.89,15.5585,34592.0,0.0,1.0
2018-04-04,15.85,16.07,15.85,16.02,15.6858,54337.0,0.0,1.0
2018-04-05,16.08,16.16,16.05,16.15,15.8131,24355.0,0.0,1.0
2018-04-06,16.07,16.14,16.0,16.04,15.7054,39052.0,0.0,1.0
2018-04-09,16.05,16.11,16.02,16.03,15.6956,53285.0,0.0,1.0
2018-04-10,16.07,16.07,15.98,15.9902,15.6566,46644.0,0.0,1.0
2018-04-11,16.0004,16.06,15.99,16.03,15.6956,57202.0,0.0,1.0
2018-04-12,16.05,16.0896,16.0,16.02,15.6858,41525.0,0.0,1.0
2018-04-13,16.0203,16.0227,15.9336,15.97,15.6369,35730.0,0.0,1.0
2018-04-16,16.0,16.03,15.9658,15.97,15.6369,89989.0,0.0,1.0
2018-04-17,16.08,16.1,16.045,16.06,15.725,70867.0,0.0,1.0
2018-04-18,16.1,16.1296,16.07,16.0838,15.7483,52482.0,0.0,1.0
2018-04-19,16.07,16.1027,16.02,16.07,15.7348,62214.0,0.0,1.0
2018-04-20,16.0,16.04,15.97,16.01,15.675999999999998,29519.0,0.0,1.0
2018-04-23,16.05,16.05,15.97,15.97,15.6369,33045.0,0.0,1.0
2018-04-24,16.01,16.0252,15.9669,15.972000000000001,15.6388,17332.0,0.0,1.0
2018-04-25,15.9511,15.9952,15.92,15.93,15.5977,17625.0,0.0,1.0
2018-04-26,15.96,15.98,15.89,15.97,15.6369,42804.0,0.0,1.0
2018-04-27,15.95,16.12,15.95,16.06,15.725,38385.0,0.0,1.0
2018-04-30,16.08,16.14,16.08,16.09,15.7544,27580.0,0.0,1.0
2018-05-01,16.08,16.11,16.0,16.03,15.6956,41923.0,0.0,1.0
2018-05-02,16.0383,16.11,15.99,16.05,15.7152,59618.0,0.0,1.0
2018-05-03,16.02,16.1,15.99,16.09,15.7544,30799.0,0.0,1.0
2018-05-04,16.01,16.21,16.01,16.19,15.8523,46296.0,0.0,1.0
2018-05-07,16.22,16.34,16.2,16.34,15.9992,85424.0,0.0,1.0
2018-05-08,16.33,16.4,16.32,16.39,16.0481,29986.0,0.0,1.0
2018-05-09,16.39,16.42,16.3246,16.4,16.0579,41321.0,0.0,1.0
2018-05-10,16.45,16.51,16.42,16.5,16.1558,45787.0,0.0,1.0
2018-05-11,16.5,16.55,16.5,16.53,16.1852,29584.0,0.0,1.0
2018-05-14,16.6,16.6,16.54,16.57,16.2244,71170.0,0.0,1.0
2018-05-15,16.56,16.57,16.46,16.51,16.1656,23984.0,0.0,1.0
2018-05-16,16.55,16.62,16.516,16.56,16.2146,71774.0,0.0,1.0
2018-05-17,16.51,16.6501,16.51,16.56,16.2146,22924.0,0.0,1.0
2018-05-18,16.55,16.67,16.55,16.67,16.3223,22320.0,0.0,1.0
2018-05-21,16.67,16.7,16.65,16.69,16.3419,43093.0,0.0,1.0
2018-05-22,16.67,16.72,16.62,16.72,16.3712,42192.0,0.0,1.0
2018-05-23,16.65,16.75,16.62,16.74,16.3908,44663.0,0.0,1.0
2018-05-24,16.73,16.75,16.6501,16.7155,16.3668,25522.0,0.0,1.0
2018-05-25,16.73,16.75,16.69,16.75,16.4006,11360.0,0.0,1.0
2018-05-29,16.74,16.74,16.651,16.705,16.3565,38663.0,0.0,1.0
2018-05-30,16.714000000000002,16.78,16.71,16.76,16.4104,22360.0,0.0,1.0
2018-05-31,16.71,16.78,16.68,16.75,16.4006,21147.0,0.0,1.0
2018-06-01,16.7,16.81,16.7,16.79,16.4398,29613.0,0.0,1.0
2018-06-04,16.8,16.85,16.73,16.85,16.4985,23045.0,0.0,1.0
2018-06-05,16.77,16.8186,16.72,16.78,16.43,55920.0,0.0,1.0
2018-06-06,16.71,16.88,16.7,16.88,16.5279,449401.0,0.0,1.0
2018-06-07,16.8451,16.92,16.8451,16.92,16.5671,34011.0,0.0,1.0
2018-06-08,16.85,16.95,16.8301,16.95,16.5964,30019.0,0.0,1.0
2018-06-11,16.93,16.95,16.88,16.895,16.5426,47123.0,0.0,1.0
2018-06-12,16.85,16.91,16.74,16.78,16.43,44759.0,0.0,1.0
2018-06-13,16.76,16.81,16.7301,16.81,16.4593,33719.0,0.0,1.0
2018-06-14,16.8,16.92,16.8,16.92,16.5671,35105.0,0.0,1.0
2018-06-15,16.84,16.9,16.84,16.88,16.5279,26570.0,0.0,1.0
2018-06-18,16.85,16.94,16.85,16.8833,16.5311,32198.0,0.0,1.0
2018-06-19,16.85,16.93,16.85,16.88,16.5279,20517.0,0.0,1.0
2018-06-20,16.94,16.94,16.88,16.89,16.5377,204604.0,0.0,1.0
2018-06-21,16.87,16.8977,16.82,16.82,16.4691,67066.0,0.0,1.0
2018-06-22,16.88,16.91,16.73,16.73,16.381,29727.0,0.0,1.0
2018-06-25,16.7708,16.785,16.67,16.67,16.3223,155255.0,0.0,1.0
2018-06-26,16.75,16.76,16.7003,16.74,16.3908,30372.0,0.0,1.0
2018-06-27,16.75,16.81,16.67,16.68,16.3321,67289.0,0.0,1.0
2018-06-28,16.66,16.666,16.56,16.63,16.2831,39105.0,0.0,1.0
2018-06-29,16.65,16.72,16.622,16.64,16.2929,19589.0,0.0,1.0
2018-07-02,16.34,16.41,16.23,16.41,16.41,31241.0,0.3496,1.0
2018-07-03,16.4,16.5499,16.4,16.52,16.52,10430.0,0.0,1.0
2018-07-05,16.55,16.6,16.5002,16.54,16.54,38617.0,0.0,1.0
2018-07-06,16.51,16.5999,16.51,16.58,16.58,21686.0,0.0,1.0
2018-07-09,16.61,16.65,16.59,16.62,16.62,60515.0,0.0,1.0
2018-07-10,16.65,16.67,16.61,16.64,16.64,41114.0,0.0,1.0
2018-07-11,16.62,16.67,16.62,16.64,16.64,16178.0,0.0,1.0
2018-07-12,16.62,16.65,16.5866,16.6,16.6,24622.0,0.0,1.0
2018-07-13,16.51,16.61,16.3,16.61,16.61,62349.0,0.0,1.0
2018-07-16,16.59,16.65,16.58,16.65,16.65,41265.0,0.0,1.0
2018-07-17,16.67,16.82,16.668,16.82,16.82,40344.0,0.0,1.0
2018-07-18,16.82,17.06,16.79,17.06,17.06,425063.0,0.0,1.0
2018-07-19,17.05,17.09,16.98,17.0,17.0,98270.0,0.0,1.0
2018-07-20,16.97,17.01,16.93,16.93,16.93,56934.0,0.0,1.0
2018-07-23,16.97,17.02,16.9,16.91,16.91,36951.0,0.0,1.0
2018-07-24,16.9337,16.98,16.91,16.96,16.96,46710.0,0.0,1.0
2018-07-25,16.96,17.03,16.92,17.03,17.03,349284.0,0.0,1.0
2018-07-26,16.99,17.06,16.9,16.98,16.98,78534.0,0.0,1.0
2018-07-27,16.99,17.0802,16.99,17.0,17.0,44871.0,0.0,1.0
2018-07-30,17.06,17.06,17.0,17.02,17.02,72059.0,0.0,1.0
2018-07-31,17.03,17.04,16.9703,17.04,17.04,48243.0,0.0,1.0
2018-08-01,17.05,17.14,16.9711,17.14,17.14,37011.0,0.0,1.0
2018-08-02,17.1,17.2,17.0776,17.12,17.12,205057.0,0.0,1.0
2018-08-03,17.19,17.24,17.17,17.23,17.23,51848.0,0.0,1.0
2018-08-06,17.25,17.2832,17.23,17.24,17.24,105679.0,0.0,1.0
2018-08-07,17.27,17.33,17.2549,17.31,17.31,55325.0,0.0,1.0
2018-08-08,17.31,17.37,17.23,17.29,17.29,52801.0,0.0,1.0
2018-08-09,17.29,17.3,17.2201,17.29,17.29,40910.0,0.0,1.0
2018-08-10,17.2,17.22,17.12,17.12,17.12,40440.0,0.0,1.0
2018-08-13,17.17,17.17,17.11,17.11,17.11,50696.0,0.0,1.0
2018-08-14,17.1169,17.15,17.11,17.15,17.15,57412.0,0.0,1.0
2018-08-15,17.11,17.1476,17.06,17.1118,17.1118,64201.0,0.0,1.0
2018-08-16,17.18,17.23,17.14,17.2,17.2,36624.0,0.0,1.0
2018-08-17,17.2,17.2,17.11,17.15,17.15,26795.0,0.0,1.0
2018-08-20,17.19,17.19,17.11,17.17,17.17,38620.0,0.0,1.0
2018-08-21,17.18,17.27,17.18,17.27,17.27,140909.0,0.0,1.0
2018-08-22,17.25,17.28,17.23,17.23,17.23,47274.0,0.0,1.0
2018-08-23,17.24,17.25,17.18,17.23,17.23,77846.0,0.0,1.0
