date,1. open,2. high,3. low,4. close,5. adjusted close,6. volume,7. dividend amount,8. split coefficient
2012-03-29,20.06,20.06,20.008,20.008,17.5943,2590.0,0.0,1.0
2012-03-30,20.03,20.03,19.94,19.94,17.5345,3069.0,0.0,1.0
2012-04-02,20.03,20.04,20.0,20.0,17.5872,10345.0,0.0,1.0
2012-04-03,20.0,20.0,19.917,19.92,17.5169,10022.0,0.0,1.0
2012-04-04,19.97,19.98,19.953,19.98,17.5697,33728.0,0.0,1.0
2012-04-05,20.01,20.01,20.01,20.01,17.596,1700.0,0.0,1.0
2012-04-09,20.05,20.07,20.046,20.06,17.64,4558.0,0.0,1.0
2012-04-10,20.1,20.1,20.1,20.1,17.6752,100.0,0.0,1.0
2012-04-11,19.982,20.09,19.982,20.07,17.6488,2850.0,0.0,1.0
2012-04-12,20.1,20.1,20.06,20.09,17.6664,3944.0,0.0,1.0
2012-04-13,20.09,20.09,20.09,20.09,17.6664,0.0,0.0,1.0
2012-04-16,20.05,20.05,20.05,20.05,17.6312,1200.0,0.0,1.0
2012-04-17,20.12,20.12,20.12,20.12,17.6928,355.0,0.0,1.0
2012-04-18,20.12,20.12,20.12,20.12,17.6928,0.0,0.0,1.0
2012-04-19,20.12,20.12,20.12,20.12,17.6928,0.0,0.0,1.0
2012-04-20,20.15,20.16,20.15,20.16,17.7279,1200.0,0.0,1.0
2012-04-23,20.17,20.17,20.17,20.17,17.7367,1550.0,0.0,1.0
2012-04-24,20.18,20.18,20.15,20.15,17.7191,1835.0,0.0,1.0
2012-04-25,20.01,20.02,19.98,19.98,17.5697,4700.0,0.0,1.0
2012-04-26,20.18,20.18,20.18,20.18,17.7455,2053.0,0.0,1.0
2012-04-27,20.12,20.12,20.12,20.12,17.6928,400.0,0.0,1.0
2012-04-30,20.14,20.2,20.14,20.188,17.7526,2755.0,0.0,1.0
2012-05-01,20.19,20.19,20.19,20.19,17.7913,3700.0,0.042,1.0
2012-05-02,20.17,20.17,20.17,20.17,17.7736,4500.0,0.0,1.0
2012-05-03,20.23,20.23,20.18,20.18,17.7824,7304.0,0.0,1.0
2012-05-04,20.3,20.3,20.2999,20.3,17.8882,2720.0,0.0,1.0
2012-05-07,20.31,20.32,20.3099,20.3099,17.8969,10898.0,0.0,1.0
2012-05-08,20.21,20.24,20.2078,20.22,17.8177,15566.0,0.0,1.0
2012-05-09,20.31,20.31,20.2713,20.2713,17.8629,5285.0,0.0,1.0
2012-05-10,20.22,20.22,20.21,20.213,17.8115,3615.0,0.0,1.0
2012-05-11,20.18,20.2,20.18,20.2,17.8001,6295.0,0.0,1.0
2012-05-14,20.29,20.29,20.29,20.29,17.8794,610.0,0.0,1.0
2012-05-15,20.29,20.29,20.28,20.28,17.8706,1225.0,0.0,1.0
2012-05-16,20.2399,20.24,20.2399,20.24,17.8353,2682.0,0.0,1.0
2012-05-17,20.23,20.23,20.14,20.23,17.8265,4230.0,0.0,1.0
2012-05-18,20.06,20.09,20.05,20.09,17.7031,9141.0,0.0,1.0
2012-05-21,20.13,20.13,20.12,20.12,17.7296,3480.0,0.0,1.0
2012-05-22,20.08,20.08,20.0798,20.0798,17.6941,373.0,0.0,1.0
2012-05-23,20.14,20.15,20.1261,20.15,17.756,4400.0,0.0,1.0
2012-05-24,20.12,20.12,20.12,20.12,17.7296,1200.0,0.0,1.0
2012-05-25,20.13,20.15,20.1,20.1,17.7119,16313.0,0.0,1.0
2012-05-29,20.1699,20.19,20.1699,20.19,17.7913,8218.0,0.0,1.0
2012-05-30,20.2,20.25,20.14,20.14,17.7472,25746.0,0.0,1.0
2012-05-31,20.14,20.14,20.14,20.14,17.7472,0.0,0.0,1.0
2012-06-01,20.35,20.35,20.35,20.35,17.979,740.0,0.053,1.0
2012-06-04,20.35,20.35,20.35,20.35,17.979,836.0,0.0,1.0
2012-06-05,20.25,20.25,20.21,20.21,17.8553,8042.0,0.0,1.0
2012-06-06,20.17,20.19,20.17,20.19,17.8376,1604.0,0.0,1.0
2012-06-07,20.19,20.19,20.18,20.18,17.8288,2455.0,0.0,1.0
2012-06-08,20.24,20.24,20.24,20.24,17.8818,500.0,0.0,1.0
2012-06-11,20.24,20.24,20.24,20.24,17.8818,0.0,0.0,1.0
2012-06-12,20.23,20.23,20.202,20.21,17.8553,5926.0,0.0,1.0
2012-06-13,20.16,20.19,20.16,20.19,17.8376,4026.0,0.0,1.0
2012-06-14,20.22,20.22,20.2199,20.2199,17.864,1570.0,0.0,1.0
2012-06-15,20.24,20.25,20.24,20.25,17.8906,5876.0,0.0,1.0
2012-06-18,20.31,20.31,20.29,20.3,17.9348,6843.0,0.0,1.0
2012-06-19,20.31,20.31,20.31,20.31,17.9436,1100.0,0.0,1.0
2012-06-20,20.24,20.32,20.24,20.32,17.9524,18576.0,0.0,1.0
2012-06-21,20.33,20.33,20.3154,20.3154,17.9484,2615.0,0.0,1.0
2012-06-22,20.34,20.349,20.34,20.349,17.9781,1096.0,0.0,1.0
2012-06-25,20.3195,20.35,20.3195,20.35,17.979,394.0,0.0,1.0
2012-06-26,20.34,20.34,20.3299,20.3299,17.9612,3980.0,0.0,1.0
2012-06-27,20.33,20.34,20.33,20.34,17.9701,535.0,0.0,1.0
2012-06-28,20.42,20.42,20.27,20.27,17.9083,8592.0,0.0,1.0
2012-06-29,20.28,20.28,20.2635,20.2635,17.9025,985.0,0.0,1.0
2012-07-02,20.39,20.39,20.26,20.38,18.0487,17795.0,0.049,1.0
2012-07-03,20.401,20.401,20.349,20.37,18.0399,5445.0,0.0,1.0
2012-07-05,20.37,20.37,20.37,20.37,18.0399,0.0,0.0,1.0
2012-07-06,20.42,20.491,20.42,20.44,18.1019,2990.0,0.0,1.0
2012-07-09,20.53,20.53,20.4657,20.4657,18.1246,4675.0,0.0,1.0
2012-07-10,20.54,20.54,20.49,20.49,18.1462,2425.0,0.0,1.0
2012-07-11,20.52,20.52,20.455,20.4699,18.1284,7570.0,0.0,1.0
2012-07-12,20.54,20.55,20.4956,20.5317,18.1831,2900.0,0.0,1.0
2012-07-13,20.56,20.56,20.539,20.55,18.1993,4690.0,0.0,1.0
2012-07-16,20.59,20.59,20.59,20.59,18.2347,2000.0,0.0,1.0
2012-07-17,20.53,20.611,20.46,20.46,18.1196,62856.0,0.0,1.0
2012-07-18,20.54,20.5995,20.54,20.5995,18.2431,15251.0,0.0,1.0
2012-07-19,20.63,20.63,20.63,20.63,18.2701,980.0,0.0,1.0
2012-07-20,20.65,20.65,20.6412,20.6499,18.2878,3345.0,0.0,1.0
2012-07-23,20.62,20.62,20.52,20.5799,18.2258,28095.0,0.0,1.0
2012-07-24,20.6,20.6668,20.56,20.6668,18.3027,83922.0,0.0,1.0
2012-07-25,20.69,20.69,20.58,20.67,18.3056,6720.0,0.0,1.0
2012-07-26,20.72,20.72,20.67,20.71,18.341,9865.0,0.0,1.0
2012-07-27,20.64,20.66,20.57,20.57,18.217,4420.0,0.0,1.0
2012-07-30,20.69,20.7,20.6137,20.68,18.3144,6025.0,0.0,1.0
2012-07-31,20.71,20.72,20.67,20.69,18.3233,15800.0,0.0,1.0
2012-08-01,20.67,20.67,20.63,20.67,18.3534,8392.0,0.054000000000000006,1.0
2012-08-02,20.65,20.65,20.53,20.53,18.2291,51191.0,0.0,1.0
2012-08-03,20.59,20.65,20.59,20.65,18.3356,5280.0,0.0,1.0
2012-08-06,20.7,20.7,20.6799,20.68,18.3623,728.0,0.0,1.0
2012-08-07,20.64,20.64,20.6,20.6,18.2912,7495.0,0.0,1.0
2012-08-08,20.6,20.6,20.6,20.6,18.2912,0.0,0.0,1.0
2012-08-09,20.56,20.56,20.56,20.56,18.2557,2128.0,0.0,1.0
2012-08-10,20.56,20.56,20.56,20.56,18.2557,0.0,0.0,1.0
2012-08-13,20.69,20.69,20.59,20.68,18.3623,1750.0,0.0,1.0
2012-08-14,20.58,20.58,20.53,20.56,18.2557,8760.0,0.0,1.0
2012-08-15,20.52,20.52,20.52,20.52,18.2202,200.0,0.0,1.0
2012-08-16,20.49,20.49,20.489,20.49,18.1936,1755.0,0.0,1.0
2012-08-17,20.52,20.52,20.4871,20.5164,18.217,969.0,0.0,1.0
2012-08-20,20.54,20.54,20.53,20.53,18.2291,2079.0,0.0,1.0
2012-08-21,20.51,20.51,20.4601,20.4601,18.167,4085.0,0.0,1.0
2012-08-22,20.62,20.63,20.5758,20.63,18.3179,6234.0,0.0,1.0
2012-08-23,20.7,20.7,20.7,20.7,18.38,846.0,0.0,1.0
2012-08-24,20.72,20.72,20.7,20.7,18.38,1600.0,0.0,1.0
2012-08-27,20.74,20.74,20.7042,20.74,18.4156,1730.0,0.0,1.0
2012-08-28,20.74,20.75,20.7105,20.73,18.4067,8222.0,0.0,1.0
2012-08-29,20.75,20.75,20.6,20.61,18.3001,3820.0,0.0,1.0
2012-08-30,20.76,20.76,20.6343,20.6343,18.3217,3136.0,0.0,1.0
2012-08-31,20.81,20.83,20.81,20.83,18.4955,2568.0,0.0,1.0
2012-09-04,20.78,20.78,20.71,20.736,18.4582,4927.0,0.052000000000000005,1.0
2012-09-05,20.77,20.7765,20.74,20.77,18.4884,4891.0,0.0,1.0
2012-09-06,20.73,20.73,20.7,20.71,18.435,6020.0,0.0,1.0
2012-09-07,20.82,20.82,20.73,20.76,18.4795,5130.0,0.0,1.0
2012-09-10,20.75,20.76,20.732,20.75,18.4706,5290.0,0.0,1.0
2012-09-11,20.77,20.77,20.7485,20.76,18.4795,9166.0,0.0,1.0
2012-09-12,20.74,20.74,20.68,20.71,18.435,14191.0,0.0,1.0
2012-09-13,20.74,20.77,20.69,20.72,18.4439,17290.0,0.0,1.0
2012-09-14,20.72,20.72,20.64,20.69,18.4172,4775.0,0.0,1.0
2012-09-17,20.71,20.74,20.71,20.72,18.4439,7050.0,0.0,1.0
2012-09-18,20.81,20.81,20.77,20.8,18.5151,8171.0,0.0,1.0
2012-09-19,20.85,20.85,20.819000000000006,20.84,18.5507,13907.0,0.0,1.0
2012-09-20,20.87,20.88,20.8198,20.8198,18.5328,24260.0,0.0,1.0
2012-09-21,20.82,20.85,20.82,20.85,18.5596,9391.0,0.0,1.0
2012-09-24,20.88,20.92,20.8783,20.9,18.6042,10910.0,0.0,1.0
2012-09-25,20.95,20.95,20.9,20.9399,18.6397,23699.0,0.0,1.0
2012-09-26,20.94,20.99,20.94,20.989,18.6834,17892.0,0.0,1.0
2012-09-27,20.98,20.99,20.97,20.99,18.6843,8721.0,0.0,1.0
2012-09-28,21.02,21.02,20.9983,21.02,18.711,8129.0,0.0,1.0
2012-10-01,21.04,21.04,20.97,21.03,18.751,3837.0,0.035,1.0
2012-10-02,21.06,21.08,21.03,21.08,18.7956,5685.0,0.0,1.0
2012-10-03,21.01,21.07,21.0099,21.06,18.7778,6800.0,0.0,1.0
2012-10-04,21.05,21.05,21.01,21.01,18.7332,5809.0,0.0,1.0
2012-10-05,21.0,21.0,20.97,20.97,18.6975,3100.0,0.0,1.0
2012-10-08,21.0001,21.01,21.0001,21.01,18.7332,1500.0,0.0,1.0
2012-10-09,21.0,21.02,21.0,21.02,18.7421,400.0,0.0,1.0
2012-10-10,21.0199,21.07,21.0199,21.0204,18.7425,2450.0,0.0,1.0
2012-10-11,21.04,21.1,21.022,21.1,18.8134,17745.0,0.0,1.0
2012-10-12,21.12,21.15,21.1047,21.15,18.858,6292.0,0.0,1.0
2012-10-15,21.151,21.151,21.151,21.151,18.8589,149.0,0.0,1.0
2012-10-16,21.14,21.16,21.1324,21.16,18.8669,5160.0,0.0,1.0
2012-10-17,21.14,21.14,21.13,21.14,18.8491,3719.0,0.0,1.0
2012-10-18,21.13,21.13,21.06,21.1,18.8134,8881.0,0.0,1.0
2012-10-19,21.08,21.129,21.08,21.11,18.8224,3009.0,0.0,1.0
2012-10-22,21.09,21.13,21.09,21.09,18.8045,4375.0,0.0,1.0
2012-10-23,21.1,21.12,21.0865,21.12,18.8313,10187.0,0.0,1.0
2012-10-24,21.12,21.15,21.1199,21.15,18.858,6660.0,0.0,1.0
2012-10-25,21.07,21.11,21.07,21.0899,18.8044,12820.0,0.0,1.0
2012-10-26,21.1,21.13,21.1,21.127,18.8375,1908.0,0.0,1.0
2012-10-31,21.21,21.23,21.21,21.22,18.9204,4122.0,0.0,1.0
2012-11-01,21.2,21.2,21.1,21.16,18.9124,6560.0,0.051,1.0
2012-11-02,21.1399,21.15,21.1399,21.15,18.9035,7197.0,0.0,1.0
2012-11-05,21.18,21.21,21.18,21.2099,18.957,1270.0,0.0,1.0
2012-11-06,21.1232,21.17,21.08,21.08,18.8409,18150.0,0.0,1.0
2012-11-07,21.24,21.24,21.137,21.17,18.9214,6625.0,0.0,1.0
2012-11-08,21.15,21.16,21.14,21.16,18.9124,4013.0,0.0,1.0
2012-11-09,21.17,21.18,21.15,21.18,18.9303,12558.0,0.0,1.0
2012-11-12,21.2,21.2,21.2,21.2,18.9482,1100.0,0.0,1.0
2012-11-13,21.1871,21.21,21.1871,21.209,18.9562,3156.0,0.0,1.0
2012-11-14,21.19,21.199,21.16,21.1775,18.9281,19266.0,0.0,1.0
2012-11-15,21.15,21.21,21.13,21.13,18.8856,6847.0,0.0,1.0
2012-11-16,21.16,21.18,21.11,21.1499,18.9034,14252.0,0.0,1.0
2012-11-19,21.16,21.1754,21.1599,21.1754,18.9262,1667.0,0.0,1.0
2012-11-20,21.147,21.15,21.13,21.13,18.8856,4750.0,0.0,1.0
2012-11-21,21.14,21.14,21.095,21.12,18.8767,10981.0,0.0,1.0
2012-11-23,21.12,21.12,21.12,21.12,18.8767,0.0,0.0,1.0
2012-11-26,21.11,21.12,21.1,21.11,18.8677,10059.0,0.0,1.0
2012-11-27,21.13,21.17,21.13,21.17,18.9214,2908.0,0.0,1.0
2012-11-28,21.21,21.21,21.1778,21.19,18.9392,2740.0,0.0,1.0
2012-11-29,21.17,21.2,21.15,21.2,18.9482,10037.0,0.0,1.0
2012-11-30,21.2,21.2,21.194000000000006,21.2,18.9482,4372.0,0.0,1.0
2012-12-03,21.1,21.16,21.1,21.14,18.9357,12721.0,0.046,1.0
2012-12-04,21.1322,21.17,21.1322,21.1479,18.9427,5305.0,0.0,1.0
2012-12-05,21.21,21.21,21.1485,21.18,18.9715,8582.0,0.0,1.0
2012-12-06,21.25,21.25,21.21,21.21,18.9984,23060.0,0.0,1.0
2012-12-07,21.2,21.2,21.15,21.17,18.9625,11526.0,0.0,1.0
2012-12-10,21.22,21.22,21.15,21.18,18.9715,11671.0,0.0,1.0
2012-12-11,21.16,21.17,21.14,21.17,18.9625,9750.0,0.0,1.0
2012-12-12,21.16,21.16,21.0785,21.1,18.8998,12059.0,0.0,1.0
2012-12-13,21.1,21.12,21.0334,21.069000000000006,18.8721,23295.0,0.0,1.0
2012-12-14,21.09,21.1,21.07,21.08,18.8819,36976.0,0.0,1.0
2012-12-17,21.11,21.11,21.01,21.03,18.8371,16616.0,0.0,1.0
2012-12-18,21.06,21.06,20.9475,21.02,18.8282,20354.0,0.0,1.0
2012-12-19,21.05,21.06,21.03,21.05,18.855,16963.0,0.0,1.0
2012-12-20,21.06,21.08,21.0,21.05,18.855,12911.0,0.0,1.0
2012-12-21,21.04,21.09,21.01,21.076,18.8783,20627.0,0.0,1.0
2012-12-24,21.0771,21.1,21.0771,21.0896,18.8905,3346.0,0.0,1.0
2012-12-26,21.1,21.1,21.084,21.1,18.8998,11680.0,0.0,1.0
2012-12-27,21.11,21.12,21.0801,21.09,18.9133,15993.0,0.025,1.0
2012-12-28,21.14,21.14,21.08,21.1148,18.9355,446768.0,0.0,1.0
2012-12-31,21.13,21.13,21.0193,21.04,18.8684,15842.0,0.0,1.0
2013-01-02,21.02,21.08,21.01,21.08,18.9043,21147.0,0.0,1.0
2013-01-03,21.1,21.1,21.06,21.08,18.9043,7027.0,0.0,1.0
2013-01-04,21.07,21.12,21.07,21.1,18.9222,14689.0,0.0,1.0
2013-01-07,21.11,21.11,21.0471,21.08,18.9043,13956.0,0.0,1.0
2013-01-08,21.11,21.144,21.11,21.13,18.9491,21209.0,0.0,1.0
2013-01-09,21.14,21.16,21.11,21.16,18.976,16345.0,0.0,1.0
2013-01-10,21.1474,21.16,21.1469,21.16,18.976,29718.0,0.0,1.0
2013-01-11,21.16,21.16,21.1361,21.16,18.976,9933.0,0.0,1.0
2013-01-14,21.13,21.13,21.1,21.13,18.9491,9239.0,0.0,1.0
2013-01-15,21.18,21.18,21.07,21.13,18.9491,8761.0,0.0,1.0
2013-01-16,21.15,21.16,21.117,21.16,18.976,16950.0,0.0,1.0
2013-01-17,21.02,21.11,21.02,21.09,18.9133,10436.0,0.0,1.0
2013-01-18,21.1499,21.15,21.07,21.12,18.9402,8996.0,0.0,1.0
2013-01-22,21.11,21.13,21.09,21.13,18.9491,15743.0,0.0,1.0
2013-01-23,21.07,21.17,21.07,21.15,18.9671,5854.0,0.0,1.0
2013-01-24,21.15,21.15,21.1187,21.13,18.9491,12276.0,0.0,1.0
2013-01-25,21.1,21.12,21.05,21.06,18.8864,47341.0,0.0,1.0
2013-01-28,21.0,21.05,21.0,21.04,18.8684,17558.0,0.0,1.0
2013-01-29,21.0699,21.0699,21.03,21.04,18.8684,217884.0,0.0,1.0
2013-01-30,21.03,21.049,20.98,21.04,18.8684,84789.0,0.0,1.0
2013-01-31,21.06,21.06,21.0088,21.03,18.8595,6041.0,0.0,1.0
2013-02-01,21.04,21.04,20.9635,21.0,18.8621,20866.0,0.033,1.0
2013-02-04,21.06,21.07,21.029,21.05,18.9071,185271.0,0.0,1.0
2013-02-05,21.01,21.01,20.9995,21.01,18.8711,54543.0,0.0,1.0
2013-02-06,21.04,21.05,20.97,21.05,18.9071,19136.0,0.0,1.0
2013-02-07,21.06,21.06,21.03,21.05,18.9071,6729.0,0.0,1.0
2013-02-08,21.07,21.07,21.02,21.07,18.925,22405.0,0.0,1.0
2013-02-11,21.059,21.0599,21.0365,21.0525,18.9093,3886.0,0.0,1.0
2013-02-12,20.97,21.0199,20.95,20.9799,18.8441,19676.0,0.0,1.0
2013-02-13,20.97,21.006,20.9663,20.9752,18.8399,5155.0,0.0,1.0
2013-02-14,21.0,21.0,20.951,20.98,18.8442,27894.0,0.0,1.0
2013-02-15,21.02,21.02,20.98,20.99,18.8532,7291.0,0.0,1.0
2013-02-19,21.03,21.04,21.0025,21.0025,18.8644,41416.0,0.0,1.0
2013-02-20,20.98,21.04,20.98,21.04,18.8981,26550.0,0.0,1.0
2013-02-21,21.07,21.09,21.04,21.09,18.943,13637.0,0.0,1.0
2013-02-22,21.089,21.11,21.089,21.11,18.9609,7568.0,0.0,1.0
2013-02-25,21.1099,21.17,21.06,21.169,19.0139,17913.0,0.0,1.0
2013-02-26,21.08,21.17,21.07,21.14,18.9879,40327.0,0.0,1.0
2013-02-27,21.139,21.17,21.11,21.13,18.9789,68750.0,0.0,1.0
2013-02-28,21.16,21.17,21.12,21.15,18.9969,43058.0,0.0,1.0
2013-03-01,21.15,21.17,21.0801,21.16,19.0364,22628.0,0.034,1.0
2013-03-04,21.13,21.15,21.1164,21.14,19.0184,14667.0,0.0,1.0
2013-03-05,21.15,21.15,21.1085,21.11,18.9914,6433.0,0.0,1.0
2013-03-06,21.15,21.15,21.09,21.09,18.9734,13101.0,0.0,1.0
2013-03-07,21.1,21.1,21.05,21.06,18.9464,5574.0,0.0,1.0
2013-03-08,21.04,21.04,20.99,21.02,18.9104,37731.0,0.0,1.0
2013-03-11,21.1,21.1,21.0,21.03,18.9194,7017.0,0.0,1.0
2013-03-12,21.089,21.11,21.045,21.0487,18.9363,11013.0,0.0,1.0
2013-03-13,21.09,21.1,21.0425,21.06,18.9464,28880.0,0.0,1.0
2013-03-14,20.95,21.06,20.94,21.01,18.9014,33515.0,0.0,1.0
2013-03-15,21.1399,21.1399,20.97,21.11,18.9914,18202.0,0.0,1.0
2013-03-18,21.16,21.16,21.07,21.14,19.0184,12327.0,0.0,1.0
2013-03-19,21.14,21.16,21.1,21.1377,19.0163,23443.0,0.0,1.0
2013-03-20,21.16,21.16,21.08,21.14,19.0184,17358.0,0.0,1.0
2013-03-21,21.18,21.18,21.13,21.14,19.0184,8008.0,0.0,1.0
2013-03-22,21.16,21.17,21.1177,21.14,19.0184,3178.0,0.0,1.0
2013-03-25,21.1338,21.15,21.1338,21.1456,19.0234,4444.0,0.0,1.0
2013-03-26,21.16,21.16,21.14,21.14,19.0184,34617.0,0.0,1.0
2013-03-27,21.209,21.21,21.18,21.18,19.0544,12774.0,0.0,1.0
2013-03-28,21.2,21.209,21.15,21.196,19.0688,24096.0,0.0,1.0
2013-04-01,21.17,21.17,21.1201,21.13,19.0382,3788.0,0.032,1.0
2013-04-02,21.169,21.17,21.1301,21.1301,19.0383,10077.0,0.0,1.0
2013-04-03,21.16,21.2,21.13,21.18,19.0832,17106.0,0.0,1.0
2013-04-04,21.24,21.24,21.18,21.23,19.1283,51965.0,0.0,1.0
2013-04-05,21.26,21.26,21.18,21.23,19.1283,193042.0,0.0,1.0
2013-04-08,21.259,21.259,21.2,21.23,19.1283,3845.0,0.0,1.0
2013-04-09,21.2101,21.279,21.2101,21.24,19.1373,13915.0,0.0,1.0
2013-04-10,21.23,21.26,21.211,21.23,19.1283,6382.0,0.0,1.0
2013-04-11,21.255,21.255,21.214,21.24,19.1373,10922.0,0.0,1.0
2013-04-12,21.27,21.28,21.235,21.268,19.1625,19809.0,0.0,1.0
2013-04-15,21.25,21.3,21.23,21.23,19.1283,13062.0,0.0,1.0
2013-04-16,21.28,21.28,21.204,21.242,19.1391,17313.0,0.0,1.0
2013-04-17,21.25,21.28,21.22,21.2599,19.1552,22570.0,0.0,1.0
2013-04-18,21.27,21.27,21.2226,21.23,19.1283,10672.0,0.0,1.0
2013-04-19,21.28,21.28,21.25,21.25,19.1463,16340.0,0.0,1.0
2013-04-22,21.25,21.29,21.24,21.265,19.1598,8969.0,0.0,1.0
2013-04-23,21.29,21.3,21.2801,21.2902,19.1825,6927.0,0.0,1.0
2013-04-24,21.3,21.309,21.2401,21.28,19.1733,16392.0,0.0,1.0
2013-04-25,21.29,21.29,21.28,21.29,19.1824,12163.0,0.0,1.0
2013-04-26,21.32,21.34,21.28,21.309,19.1995,22289.0,0.0,1.0
2013-04-29,21.33,21.37,21.33,21.34,19.2274,23223.0,0.0,1.0
2013-04-30,21.36,21.36,21.3259,21.33,19.2184,19824.0,0.0,1.0
2013-05-01,21.31,21.3644,21.31,21.32,19.2472,22293.0,0.042,1.0
2013-05-02,21.34,21.351,21.3001,21.33,19.2563,88449.0,0.0,1.0
2013-05-03,21.3,21.3499,21.25,21.31,19.2382,7802.0,0.0,1.0
2013-05-06,21.3,21.33,21.2601,21.2899,19.2201,32800.0,0.0,1.0
2013-05-07,21.3,21.3,21.27,21.27,19.2021,63891.0,0.0,1.0
2013-05-08,21.2882,21.3,21.2601,21.29,19.2201,36930.0,0.0,1.0
2013-05-09,21.3076,21.309,21.27,21.27,19.2021,4868.0,0.0,1.0
2013-05-10,21.31,21.31,21.1844,21.22,19.1569,40442.0,0.0,1.0
2013-05-13,21.23,21.23,21.1945,21.22,19.1569,50762.0,0.0,1.0
2013-05-14,21.25,21.25,21.1801,21.19,19.1299,15250.0,0.0,1.0
2013-05-15,21.24,21.24,21.21,21.22,19.1569,17662.0,0.0,1.0
2013-05-16,21.2531,21.29,21.22,21.26,19.1931,81662.0,0.0,1.0
2013-05-17,21.3499,21.3499,21.24,21.26,19.1931,70642.0,0.0,1.0
2013-05-20,21.3074,21.31,21.23,21.24,19.175,54597.0,0.0,1.0
2013-05-21,21.25,21.3076,21.23,21.24,19.175,126559.0,0.0,1.0
2013-05-22,21.25,21.25,21.15,21.156,19.0992,134314.0,0.0,1.0
2013-05-23,21.21,21.245,21.16,21.19,19.1299,37559.0,0.0,1.0
2013-05-24,21.17,21.24,21.151,21.21,19.1479,46119.0,0.0,1.0
2013-05-28,21.2,21.2,21.08,21.1,19.0486,18709.0,0.0,1.0
2013-05-29,21.08,21.085,21.0001,21.0597,19.0122,11067.0,0.0,1.0
2013-05-30,21.07,21.08,21.0348,21.05,19.0035,14113.0,0.0,1.0
2013-05-31,21.12,21.1233,20.96,20.98,18.9403,15908.0,0.0,1.0
2013-06-03,20.8667,20.99,20.8667,20.95,18.943,91005.0,0.033,1.0
2013-06-04,20.9704,20.9799,20.9,20.9,18.8978,13887.0,0.0,1.0
2013-06-05,20.95,20.95,20.85,20.89,18.8887,13073.0,0.0,1.0
2013-06-06,20.81,20.9315,20.81,20.8999,18.8977,14492.0,0.0,1.0
2013-06-07,20.92,20.95,20.85,20.9,18.8978,95863.0,0.0,1.0
2013-06-10,20.86,20.88,20.8001,20.85,18.8526,17147.0,0.0,1.0
2013-06-11,20.75,20.8,20.7,20.7601,18.7713,16982.0,0.0,1.0
2013-06-12,20.8,20.84,20.73,20.797,18.8046,38991.0,0.0,1.0
2013-06-13,20.8,20.82,20.7757,20.808000000000003,18.8146,13778.0,0.0,1.0
2013-06-14,20.81,20.93,20.81,20.91,18.9068,43679.0,0.0,1.0
2013-06-17,20.93,20.9392,20.8812,20.9,18.8978,17642.0,0.0,1.0
2013-06-18,20.88,20.8899,20.781,20.8838,18.8831,12442.0,0.0,1.0
2013-06-19,20.89,20.89,20.67,20.67,18.6898,21861.0,0.0,1.0
2013-06-20,20.53,20.53,20.41,20.4152,18.4594,21863.0,0.0,1.0
2013-06-21,20.56,20.56,20.31,20.47,18.509,9022.0,0.0,1.0
2013-06-24,20.26,20.32,20.1,20.255,18.3146,69388.0,0.0,1.0
2013-06-25,20.09,20.32,20.09,20.29,18.3462,37683.0,0.0,1.0
2013-06-26,20.38,20.39,20.3074,20.35,18.4005,16941.0,0.0,1.0
2013-06-27,20.4,20.4,20.3325,20.36,18.4095,17025.0,0.0,1.0
2013-06-28,20.3846,20.3999,20.3649,20.39,18.4366,10462.0,0.0,1.0
2013-07-01,20.4,20.4,20.3076,20.3378,18.4175,4923.0,0.031,1.0
2013-07-02,20.395,20.4,20.35,20.4,18.4738,14785.0,0.0,1.0
2013-07-03,20.36,20.41,20.35,20.35,18.4285,8193.0,0.0,1.0
2013-07-05,20.3,20.3,20.167,20.211,18.3026,18733.0,0.0,1.0
2013-07-08,20.21,20.25,20.16,20.22,18.3108,27464.0,0.0,1.0
2013-07-09,20.2999,20.32,20.2135,20.2201,18.3109,4489.0,0.0,1.0
2013-07-10,20.32,20.34,20.23,20.28,18.3651,14323.0,0.0,1.0
2013-07-11,20.48,20.5,20.33,20.45,18.5191,19244.0,0.0,1.0
2013-07-12,20.42,20.4975,20.3628,20.3628,18.4401,17492.0,0.0,1.0
2013-07-15,20.47,20.48,20.4178,20.48,18.5462,22630.0,0.0,1.0
2013-07-16,20.492,20.51,20.43,20.5,18.5644,8911.0,0.0,1.0
2013-07-17,20.6,20.6,20.5401,20.5401,18.6007,7062.0,0.0,1.0
2013-07-18,20.61,20.61,20.51,20.56,18.6187,13701.0,0.0,1.0
2013-07-19,20.63,20.63,20.56,20.6,18.6549,20296.0,0.0,1.0
2013-07-22,20.66,20.67,20.5801,20.66,18.7092,19924.0,0.0,1.0
2013-07-23,20.6169,20.66,20.6,20.6345,18.6862,32618.0,0.0,1.0
2013-07-24,20.56,20.584,20.53,20.57,18.6277,59078.0,0.0,1.0
2013-07-25,20.5,20.58,20.5,20.58,18.6368,16780.0,0.0,1.0
2013-07-26,20.58,20.59,20.57,20.58,18.6368,20149.0,0.0,1.0
2013-07-29,20.6,20.61,20.46,20.46,18.5281,252259.0,0.0,1.0
2013-07-30,20.478,20.54,20.46,20.4632,18.531,14528.0,0.0,1.0
2013-07-31,20.5,20.539,20.3,20.44,18.51,144735.0,0.0,1.0
2013-08-01,20.51,20.51,20.4,20.443,18.5481,188342.0,0.039,1.0
2013-08-02,20.6,20.6,20.42,20.582,18.6742,10828.0,0.0,1.0
2013-08-05,20.59,20.595,20.5001,20.55,18.6451,100090.0,0.0,1.0
2013-08-06,20.56,20.57,20.5036,20.51,18.6088,36518.0,0.0,1.0
2013-08-07,20.4489,20.59,20.4489,20.4607,18.5641,30198.0,0.0,1.0
2013-08-08,20.59,20.59,20.4601,20.5699,18.6632,19661.0,0.0,1.0
2013-08-09,20.49,20.6,20.49,20.59,18.6814,147528.0,0.0,1.0
2013-08-12,20.5,20.5999,20.4701,20.55,18.6451,11568.0,0.0,1.0
2013-08-13,20.47,20.49,20.3601,20.456,18.5598,179242.0,0.0,1.0
2013-08-14,20.46,20.5,20.3975,20.49,18.5907,43385.0,0.0,1.0
2013-08-15,20.42,20.43,20.3,20.41,18.5181,43986.0,0.0,1.0
2013-08-16,20.3,20.44,20.3,20.365,18.4773,23354.0,0.0,1.0
2013-08-19,20.23,20.36,20.23,20.328,18.4437,23448.0,0.0,1.0
2013-08-20,20.36,20.38,20.2501,20.3,18.4183,15909.0,0.0,1.0
2013-08-21,20.3,20.36,20.2746,20.285,18.4047,34966.0,0.0,1.0
2013-08-22,20.31,20.31,20.231,20.254,18.3766,16310.0,0.0,1.0
2013-08-23,20.26,20.3216,20.22,20.3,18.4183,20016.0,0.0,1.0
2013-08-26,20.35,20.35,20.2472,20.34,18.4546,16466.0,0.0,1.0
2013-08-27,20.3789,20.41,20.3,20.39,18.5,30836.0,0.0,1.0
2013-08-28,20.38,20.38,20.26,20.321,18.4374,36073.0,0.0,1.0
2013-08-29,20.34,20.38,20.3,20.349,18.4628,33438.0,0.0,1.0
2013-08-30,20.39,20.39,20.3044,20.37,18.4818,7354.0,0.0,1.0
2013-09-03,20.3,20.3,20.152,20.21,18.3702,10668.0,0.037000000000000005,1.0
2013-09-04,20.31,20.31,20.19,20.23,18.3884,21331.0,0.0,1.0
2013-09-05,20.19,20.19,20.101,20.12,18.2884,10448.0,0.0,1.0
2013-09-06,20.1221,20.2,20.1,20.17,18.3339,11931.0,0.0,1.0
2013-09-09,20.28,20.28,20.14,20.22,18.3793,92562.0,0.0,1.0
2013-09-10,20.19,20.19,20.1,20.169,18.333,26276.0,0.0,1.0
2013-09-11,20.21,20.2499,20.101,20.23,18.3884,43582.0,0.0,1.0
2013-09-12,20.179,20.27,20.169,20.2084,18.3688,15922.0,0.0,1.0
2013-09-13,20.1653,20.24,20.1653,20.23,18.3884,13232.0,0.0,1.0
2013-09-16,20.35,20.38,20.2301,20.31,18.4611,19543.0,0.0,1.0
2013-09-17,20.38,20.39,20.294,20.37,18.5157,32636.0,0.0,1.0
2013-09-18,20.36,20.67,20.23,20.52,18.652,158514.0,0.0,1.0
2013-09-19,20.52,20.626,20.44,20.55,18.6793,24327.0,0.0,1.0
2013-09-20,20.5096,20.526,20.474,20.519,18.6511,14498.0,0.0,1.0
2013-09-23,20.52,20.54,20.4401,20.53,18.6611,13968.0,0.0,1.0
2013-09-24,20.5594,20.59,20.47,20.588,18.7138,19493.0,0.0,1.0
2013-09-25,20.66,20.66,20.57,20.6,18.7247,25831.0,0.0,1.0
2013-09-26,20.5248,20.58,20.5248,20.579,18.7056,27963.0,0.0,1.0
2013-09-27,20.61,20.61,20.55,20.59,18.7156,22828.0,0.0,1.0
2013-09-30,20.6,20.61,20.56,20.599,18.7238,18446.0,0.0,1.0
2013-10-01,20.56,20.56,20.54,20.55,18.7102,30210.0,0.034,1.0
2013-10-02,20.6,20.62,20.54,20.5993,18.7551,22786.0,0.0,1.0
2013-10-03,20.57,20.59,20.53,20.57,18.7284,28693.0,0.0,1.0
2013-10-04,20.59,20.59,20.52,20.55,18.7102,9042.0,0.0,1.0
2013-10-07,20.6,20.6,20.5336,20.548,18.7084,16805.0,0.0,1.0
2013-10-08,20.5,20.55,20.5,20.51,18.6738,22704.0,0.0,1.0
2013-10-09,20.5,20.569000000000006,20.4949,20.51,18.6738,12273.0,0.0,1.0
2013-10-10,20.55,20.56,20.53,20.55,18.7102,11472.0,0.0,1.0
2013-10-11,20.58,20.6,20.552,20.58,18.7375,13759.0,0.0,1.0
2013-10-14,20.51,20.655,20.51,20.61,18.7648,21242.0,0.0,1.0
2013-10-15,20.59,20.6,20.5101,20.575,18.7329,12261.0,0.0,1.0
2013-10-16,20.58,20.6493,20.5433,20.64,18.7921,25939.0,0.0,1.0
2013-10-17,20.62,20.73,20.62,20.72,18.865,9213.0,0.0,1.0
2013-10-18,20.73,20.75,20.69,20.749,18.8914,13725.0,0.0,1.0
2013-10-21,20.72,20.72,20.67,20.71,18.8559,9674.0,0.0,1.0
2013-10-22,20.75,20.78,20.69,20.77,18.9105,21061.0,0.0,1.0
2013-10-23,20.77,20.81,20.7504,20.8,18.9378,28181.0,0.0,1.0
2013-10-24,20.82,20.82,20.7501,20.774,18.9141,16704.0,0.0,1.0
2013-10-25,20.79,20.82,20.76,20.79,18.9287,8715.0,0.0,1.0
2013-10-28,20.8,20.81,20.78,20.8,18.9378,15311.0,0.0,1.0
2013-10-29,20.8,20.84,20.8,20.8299,18.965,16628.0,0.0,1.0
2013-10-30,20.85,20.94,20.76,20.81,18.9469,28574.0,0.0,1.0
2013-10-31,20.7501,20.82,20.7501,20.82,18.956,5744.0,0.0,1.0
2013-11-01,20.75,20.78,20.75,20.751,18.9241,21217.0,0.034,1.0
2013-11-04,20.75,20.77,20.7135,20.7135,18.8899,11525.0,0.0,1.0
2013-11-05,20.714,20.74,20.6806,20.692,18.8703,16423.0,0.0,1.0
2013-11-06,20.799,20.799,20.72,20.72,18.8959,8171.0,0.0,1.0
2013-11-07,20.7201,20.802,20.7201,20.74,18.9141,6415.0,0.0,1.0
2013-11-08,20.7,20.72,20.67,20.6705,18.8507,8995.0,0.0,1.0
2013-11-11,20.72,20.73,20.63,20.63,18.8138,82785.0,0.0,1.0
2013-11-12,20.69,20.69,20.61,20.62,18.8047,45656.0,0.0,1.0
2013-11-13,20.65,20.74,20.621,20.7,18.8776,29023.0,0.0,1.0
2013-11-14,20.7699,20.81,20.6601,20.75,18.9232,14232.0,0.0,1.0
2013-11-15,20.75,20.75,20.71,20.73,18.905,16826.0,0.0,1.0
2013-11-18,20.75,20.839,20.7401,20.8,18.9688,10241.0,0.0,1.0
2013-11-19,20.74,20.83,20.74,20.75,18.9232,11688.0,0.0,1.0
2013-11-20,20.82,20.85,20.75,20.81,18.9779,18110.0,0.0,1.0
2013-11-21,20.8,20.84,20.71,20.81,18.9779,86461.0,0.0,1.0
2013-11-22,20.74,20.82,20.74,20.7801,18.9507,25162.0,0.0,1.0
2013-11-25,20.78,20.85,20.78,20.79,18.9597,8725.0,0.0,1.0
2013-11-26,20.85,20.8999,20.83,20.89,19.0509,82073.0,0.0,1.0
2013-11-27,20.98,20.994,20.8,20.86,19.0235,16634.0,0.0,1.0
2013-11-29,20.93,20.93,20.84,20.89,19.0509,4151.0,0.0,1.0
2013-12-02,20.81,20.8292,20.75,20.772,18.9743,10508.0,0.034,1.0
2013-12-03,20.81,20.84,20.75,20.79,18.9907,8936.0,0.0,1.0
2013-12-04,20.74,20.78,20.716,20.76,18.9633,23656.0,0.0,1.0
2013-12-05,20.74,20.76,20.68,20.68,18.8903,16118.0,0.0,1.0
2013-12-06,20.73,20.7599,20.698,20.73,18.9359,4752.0,0.0,1.0
2013-12-09,20.79,20.79,20.73,20.735,18.9405,8613.0,0.0,1.0
2013-12-10,20.7,20.75,20.69,20.75,18.9542,8228.0,0.0,1.0
2013-12-11,20.746,20.77,20.71,20.74,18.9451,12592.0,0.0,1.0
2013-12-12,20.6701,20.72,20.67,20.71,18.9177,76265.0,0.0,1.0
2013-12-13,20.81,20.81,20.72,20.74,18.9451,17712.0,0.0,1.0
2013-12-16,20.9,20.9,20.7,20.74,18.9451,78969.0,0.0,1.0
2013-12-17,20.716,20.76,20.71,20.7599,18.9632,26523.0,0.0,1.0
2013-12-18,20.68,20.85,20.68,20.829,19.0264,50507.0,0.0,1.0
2013-12-19,20.85,20.85,20.67,20.749,18.9533,61497.0,0.0,1.0
2013-12-20,20.75,20.75,20.6701,20.74,18.9451,42768.0,0.0,1.0
2013-12-23,20.75,20.75,20.6701,20.68,18.8903,15662.0,0.0,1.0
2013-12-24,20.82,20.82,20.57,20.5801,18.799,21494.0,0.0,1.0
2013-12-26,20.77,20.77,20.605,20.67,18.8811,59720.0,0.0,1.0
2013-12-27,20.5701,20.64,20.5701,20.629,18.8833,11460.0,0.0434,1.0
2013-12-30,20.58,20.67,20.58,20.6594,18.9111,25584.0,0.0,1.0
2013-12-31,20.65,20.67,20.5744,20.5744,18.8333,27735.0,0.0,1.0
2014-01-02,20.62,20.785,20.6,20.631,18.8851,16025.0,0.0,1.0
2014-01-03,20.7799,20.7799,20.66,20.67,18.9208,21333.0,0.0,1.0
2014-01-06,20.7,20.72,20.6616,20.71,18.9575,36857.0,0.0,1.0
2014-01-07,20.83,20.83,20.7,20.72,18.9666,22011.0,0.0,1.0
2014-01-08,20.73,20.7489,20.63,20.66,18.9117,70175.0,0.0,1.0
2014-01-09,20.68,20.69,20.63,20.69,18.9392,72547.0,0.0,1.0
2014-01-10,20.73,20.81,20.7101,20.81,19.049,36434.0,0.0,1.0
2014-01-13,20.88,20.88,20.79,20.84,19.0765,40542.0,0.0,1.0
2014-01-14,20.84,20.87,20.76,20.81,19.049,17841.0,0.0,1.0
2014-01-15,20.84,20.84,20.72,20.78,19.0215,26481.0,0.0,1.0
2014-01-16,20.79,20.81,20.75,20.81,19.049,37387.0,0.0,1.0
2014-01-17,20.84,20.8499,20.7601,20.82,19.0582,35407.0,0.0,1.0
2014-01-21,20.87,20.87,20.7801,20.82,19.0582,53044.0,0.0,1.0
2014-01-22,20.81,20.835,20.69,20.73,18.9758,40360.0,0.0,1.0
2014-01-23,20.8,20.85,20.744,20.82,19.0582,100273.0,0.0,1.0
2014-01-24,20.75,20.86,20.75,20.8,19.0398,98055.0,0.0,1.0
2014-01-27,20.85,20.9,20.8103,20.84,19.0765,31898.0,0.0,1.0
2014-01-28,20.85,20.85,20.77,20.83,19.0673,81465.0,0.0,1.0
2014-01-29,20.85,20.9051,20.816,20.89,19.1222,26530.0,0.0,1.0
2014-01-30,20.8,20.934,20.8,20.886,19.1186,73340.0,0.0,1.0
2014-01-31,20.92,20.94,20.8508,20.94,19.168,278750.0,0.0,1.0
2014-02-03,20.86,20.96,20.86,20.95,19.2104,40552.0,0.0363,1.0
2014-02-04,20.94,20.951,20.861,20.92,19.1829,71742.0,0.0,1.0
2014-02-05,20.9,20.93,20.85,20.9,19.1645,26936.0,0.0,1.0
2014-02-06,20.9,20.92,20.88,20.9,19.1645,82479.0,0.0,1.0
2014-02-07,20.93,20.95,20.9026,20.95,19.2104,35271.0,0.0,1.0
2014-02-10,20.95,20.95,20.9,20.95,19.2104,52578.0,0.0,1.0
2014-02-11,20.92,20.93,20.87,20.92,19.1829,49305.0,0.0,1.0
2014-02-12,20.9,20.94,20.86,20.89,19.1554,53330.0,0.0,1.0
2014-02-13,20.94,20.9791,20.904,20.935,19.1966,19555.0,0.0,1.0
2014-02-14,20.97,20.9999,20.93,20.97,19.2287,72028.0,0.0,1.0
2014-02-18,20.97,21.02,20.9,20.96,19.2195,38938.0,0.0,1.0
2014-02-19,20.95,21.02,20.95,20.99,19.2471,47055.0,0.0,1.0
2014-02-20,20.97,20.989,20.94,20.98,19.2379,73631.0,0.0,1.0
2014-02-21,20.98,20.98,20.91,20.92,19.1829,23874.0,0.0,1.0
2014-02-24,20.98,21.01,20.91,20.95,19.2104,28284.0,0.0,1.0
2014-02-25,20.98,21.0,20.9496,20.98,19.2379,61824.0,0.0,1.0
2014-02-26,21.02,21.03,20.9701,21.0299,19.2836,37532.0,0.0,1.0
2014-02-27,21.034,21.07,20.9754,21.06,19.3112,307534.0,0.0,1.0
2014-02-28,21.03,21.05,21.01,21.04,19.2929,24769.0,0.0,1.0
2014-03-03,21.07,21.09,20.98,21.04,19.3237,104062.0,0.0336,1.0
2014-03-04,21.06,21.06,20.95,20.95,19.2411,146812.0,0.0,1.0
2014-03-05,20.98,21.0299,20.9649,21.01,19.2962,64070.0,0.0,1.0
2014-03-06,20.99,20.99,20.95,20.97,19.2594,73203.0,0.0,1.0
2014-03-07,20.94,20.99,20.9,20.92,19.2135,33868.0,0.0,1.0
2014-03-10,20.96,20.96,20.87,20.91,19.2043,27016.0,0.0,1.0
2014-03-11,20.9,20.9496,20.88,20.92,19.2135,32393.0,0.0,1.0
2014-03-12,20.95,20.95,20.894,20.94,19.2319,18225.0,0.0,1.0
2014-03-13,20.96,21.002,20.91,20.99,19.2778,116016.0,0.0,1.0
2014-03-14,21.01,21.01,20.958,20.99,19.2778,50672.0,0.0,1.0
2014-03-17,20.93,20.98,20.93,20.97,19.2594,26965.0,0.0,1.0
2014-03-18,20.99,20.99,20.96,20.99,19.2778,49013.0,0.0,1.0
2014-03-19,20.93,20.98,20.85,20.88,19.1768,47473.0,0.0,1.0
2014-03-20,20.87,20.89,20.78,20.78,19.0849,22643.0,0.0,1.0
2014-03-21,20.88,20.88,20.84,20.87,19.1676,62721.0,0.0,1.0
2014-03-24,20.86,20.87,20.801,20.87,19.1676,45713.0,0.0,1.0
2014-03-25,20.88,20.88,20.8303,20.865,19.163,33193.0,0.0,1.0
2014-03-26,20.89,20.91,20.87,20.89,19.186,32485.0,0.0,1.0
2014-03-27,20.91,20.91,20.861,20.9,19.1951,136940.0,0.0,1.0
2014-03-28,20.92,20.92,20.85,20.88,19.1768,16970.0,0.0,1.0
2014-03-31,20.8406,20.895,20.8406,20.855,19.1538,41470.0,0.0,1.0
2014-04-01,20.86,20.872,20.8,20.85,19.1839,76923.0,0.0378,1.0
2014-04-02,20.84,20.84,20.81,20.82,19.1563,48099.0,0.0,1.0
2014-04-03,20.83,20.84,20.81,20.84,19.1747,15985.0,0.0,1.0
2014-04-04,20.878,20.9,20.87,20.895,19.2253,24103.0,0.0,1.0
2014-04-07,20.95,20.97,20.92,20.96,19.2851,52027.0,0.0,1.0
2014-04-08,20.97,20.9899,20.9204,20.96,19.2851,35306.0,0.0,1.0
2014-04-09,20.96,21.0,20.9301,20.99,19.3127,51632.0,0.0,1.0
2014-04-10,21.01,21.07,21.01,21.06,19.3772,40664.0,0.0,1.0
2014-04-11,21.07,21.07,21.0501,21.07,19.3864,26251.0,0.0,1.0
2014-04-14,21.07,21.07,21.02,21.05,19.3679,46832.0,0.0,1.0
2014-04-15,21.04,21.06,21.0259,21.04,19.3587,37370.0,0.0,1.0
2014-04-16,21.04,21.06,20.98,21.02,19.3403,20565.0,0.0,1.0
2014-04-17,21.02,21.02,20.928,20.96,19.2851,24314.0,0.0,1.0
2014-04-21,20.98,20.98,20.92,20.97,19.2943,76150.0,0.0,1.0
2014-04-22,20.96,20.98,20.9201,20.95,19.2759,44091.0,0.0,1.0
2014-04-23,20.96,21.0023,20.95,20.96,19.2851,54002.0,0.0,1.0
2014-04-24,20.98,20.98,20.94,20.97,19.2943,44810.0,0.0,1.0
2014-04-25,21.0,21.0,20.96,20.9606,19.2857,21052.0,0.0,1.0
2014-04-28,20.99,20.99,20.9374,20.965,19.2897,49603.0,0.0,1.0
2014-04-29,20.98,20.98,20.8979,20.975,19.2989,25750.0,0.0,1.0
2014-04-30,21.0,21.01,20.97,20.98,19.3035,54900.0,0.0,1.0
2014-05-01,21.02,21.02,20.97,21.0,19.3555,53723.0,0.0365,1.0
2014-05-02,20.99,21.02,20.95,21.01,19.3647,51958.0,0.0,1.0
2014-05-05,21.04,21.04,20.99,21.0084,19.3633,55618.0,0.0,1.0
2014-05-06,21.02,21.02,20.9901,21.0,19.3555,12912.0,0.0,1.0
2014-05-07,21.02,21.05,21.0,21.03,19.3832,20127.0,0.0,1.0
2014-05-08,21.06,21.07,21.03,21.07,19.42,41310.0,0.0,1.0
2014-05-09,21.08,21.08,21.05,21.08,19.4293,42842.0,0.0,1.0
2014-05-12,21.08,21.08,21.04,21.07,19.42,70077.0,0.0,1.0
2014-05-13,21.1,21.1,21.06,21.09,19.4385,27228.0,0.0,1.0
2014-05-14,21.12,21.15,21.1,21.14,19.4846,67820.0,0.0,1.0
2014-05-15,21.16,21.18,21.11,21.12,19.4661,79784.0,0.0,1.0
2014-05-16,21.19,21.19,21.13,21.16,19.503,29570.0,0.0,1.0
2014-05-19,21.18,21.18,21.131,21.17,19.5122,40608.0,0.0,1.0
2014-05-20,21.17,21.2,21.15,21.17,19.5122,31530.0,0.0,1.0
2014-05-21,21.179,21.19,21.15,21.19,19.5306,23037.0,0.0,1.0
2014-05-22,21.18,21.18,21.1501,21.17,19.5122,30079.0,0.0,1.0
2014-05-23,21.19,21.19,21.158,21.158,19.5012,19647.0,0.0,1.0
2014-05-27,21.12,21.19,21.12,21.19,19.5306,32934.0,0.0,1.0
2014-05-28,21.13,21.23,21.13,21.22,19.5583,60636.0,0.0,1.0
2014-05-29,21.24,21.24,21.19,21.205,19.5445,38492.0,0.0,1.0
2014-05-30,21.2,21.21,21.14,21.14,19.4846,109451.0,0.0,1.0
2014-06-02,21.12,21.16,21.07,21.1,19.482,111078.0,0.0372,1.0
2014-06-03,21.06,21.1,21.03,21.08,19.4635,88773.0,0.0,1.0
2014-06-04,21.06,21.069000000000006,21.0401,21.05,19.4358,19875.0,0.0,1.0
2014-06-05,21.09,21.1,21.066,21.086,19.4691,36241.0,0.0,1.0
2014-06-06,21.06,21.12,21.06,21.07,19.4543,41636.0,0.0,1.0
2014-06-09,21.12,21.12,21.04,21.08,19.4635,58822.0,0.0,1.0
2014-06-10,21.08,21.08,21.03,21.04,19.4266,37794.0,0.0,1.0
2014-06-11,21.06,21.07,21.06,21.07,19.4543,30673.0,0.0,1.0
2014-06-12,21.1,21.11,21.06,21.11,19.4912,58736.0,0.0,1.0
2014-06-13,21.08,21.1,21.05,21.1,19.482,23269.0,0.0,1.0
2014-06-16,21.08,21.08,21.05,21.07,19.4543,77456.0,0.0,1.0
2014-06-17,21.13,21.13,21.014,21.05,19.4358,48319.0,0.0,1.0
2014-06-18,21.07,21.1,21.03,21.1,19.482,37436.0,0.0,1.0
2014-06-19,21.13,21.13,21.07,21.1,19.482,94068.0,0.0,1.0
2014-06-20,21.09,21.09,21.07,21.08,19.4635,34480.0,0.0,1.0
2014-06-23,21.12,21.12,21.07,21.08,19.4635,38505.0,0.0,1.0
2014-06-24,21.12,21.13,21.07,21.13,19.5097,72627.0,0.0,1.0
2014-06-25,21.15,21.16,21.13,21.14,19.5189,25121.0,0.0,1.0
2014-06-26,21.15,21.16,21.1443,21.16,19.5374,148824.0,0.0,1.0
2014-06-27,21.16,21.18,21.16,21.17,19.5466,37709.0,0.0,1.0
2014-06-30,21.19,21.19,21.12,21.14,19.5189,25664.0,0.0,1.0
2014-07-01,21.18,21.18,21.101,21.13,19.5438,94148.0,0.037000000000000005,1.0
2014-07-02,21.07,21.1,21.02,21.08,19.4976,49975.0,0.0,1.0
2014-07-03,21.05,21.06,21.03,21.06,19.4791,54246.0,0.0,1.0
2014-07-07,21.07,21.075,21.05,21.0698,19.4882,70644.0,0.0,1.0
2014-07-08,21.05,21.1199,21.05,21.095,19.5115,22401.0,0.0,1.0
2014-07-09,21.07,21.12,21.0647,21.11,19.5253,33012.0,0.0,1.0
2014-07-10,21.13,21.17,21.116,21.14,19.5531,38334.0,0.0,1.0
2014-07-11,21.13,21.1699,21.11,21.145,19.5577,32374.0,0.0,1.0
2014-07-14,21.13,21.13,21.08,21.1,19.5161,32716.0,0.0,1.0
2014-07-15,21.1,21.14,21.07,21.11,19.5253,34493.0,0.0,1.0
2014-07-16,21.11,21.11,21.06,21.1,19.5161,22253.0,0.0,1.0
2014-07-17,21.14,21.17,21.11,21.145,19.5577,32771.0,0.0,1.0
2014-07-18,21.1101,21.15,21.1,21.12,19.5346,66552.0,0.0,1.0
2014-07-21,21.15,21.15,21.1,21.13,19.5438,75880.0,0.0,1.0
2014-07-22,21.16,21.16,21.11,21.15,19.5623,55212.0,0.0,1.0
2014-07-23,21.18,21.18,21.13,21.14,19.5531,43791.0,0.0,1.0
2014-07-24,21.14,21.14,21.092,21.1,19.5161,34942.0,0.0,1.0
2014-07-25,21.14,21.14,21.09,21.12,19.5346,35257.0,0.0,1.0
2014-07-28,21.15,21.1572,21.095,21.12,19.5346,128611.0,0.0,1.0
2014-07-29,21.14,21.14,21.1,21.125,19.5392,85851.0,0.0,1.0
2014-07-30,21.07,21.09,21.055,21.08,19.4976,65396.0,0.0,1.0
2014-07-31,21.06,21.08,21.03,21.03,19.4514,80949.0,0.0,1.0
2014-08-01,21.08,21.15,21.05,21.11,19.5603,72661.0,0.0378,1.0
2014-08-04,21.13,21.13,21.08,21.1,19.551,82925.0,0.0,1.0
2014-08-05,21.09,21.11,21.07,21.1,19.551,49068.0,0.0,1.0
2014-08-06,21.14,21.14,21.09,21.12,19.5696,41898.0,0.0,1.0
2014-08-07,21.11,21.16,21.1,21.15,19.5974,14703.0,0.0,1.0
2014-08-08,21.17,21.1818,21.13,21.13,19.5788,43602.0,0.0,1.0
2014-08-11,21.13,21.15,21.11,21.129,19.5779,17381.0,0.0,1.0
2014-08-12,21.17,21.17,21.12,21.16,19.6066,30389.0,0.0,1.0
2014-08-13,21.18,21.18,21.14,21.179,19.6242,35237.0,0.0,1.0
2014-08-14,21.21,21.21,21.18,21.2,19.6437,71027.0,0.0,1.0
2014-08-15,21.2,21.25,21.19,21.22,19.6622,58632.0,0.0,1.0
2014-08-18,21.21,21.23,21.19,21.19,19.6344,432638.0,0.0,1.0
2014-08-19,21.23,21.24,21.18,21.2,19.6437,114760.0,0.0,1.0
2014-08-20,21.2,21.2,21.13,21.14,19.5881,43595.0,0.0,1.0
2014-08-21,21.17,21.2199,21.13,21.17,19.6159,65074.0,0.0,1.0
2014-08-22,21.17,21.17,21.111,21.14,19.5881,30941.0,0.0,1.0
2014-08-25,21.15,21.15,21.11,21.14,19.5881,58036.0,0.0,1.0
2014-08-26,21.17,21.17,21.0925,21.15,19.5974,88835.0,0.0,1.0
2014-08-27,21.152,21.18,21.14,21.16,19.6066,47532.0,0.0,1.0
2014-08-28,21.15,21.2,21.14,21.17,19.6159,50180.0,0.0,1.0
2014-08-29,21.18,21.19,21.16,21.17,19.6159,23300.0,0.0,1.0
2014-09-02,21.19,21.19,21.08,21.107,19.588,50219.0,0.0329,1.0
2014-09-03,21.12,21.13,21.06,21.08,19.563,95059.0,0.0,1.0
2014-09-04,21.1,21.1,21.05,21.07,19.5537,54819.0,0.0,1.0
2014-09-05,21.09,21.13,21.0719,21.09,19.5722,73465.0,0.0,1.0
2014-09-08,21.13,21.13,21.062,21.07,19.5537,24831.0,0.0,1.0
2014-09-09,21.03,21.05,21.01,21.03,19.5166,75392.0,0.0,1.0
2014-09-10,21.01,21.02,21.0,21.01,19.498,26134.0,0.0,1.0
2014-09-11,21.03,21.04,21.005,21.01,19.498,123930.0,0.0,1.0
2014-09-12,21.0,21.11,20.96,21.01,19.498,51350.0,0.0,1.0
2014-09-15,21.01,21.01,20.9701,21.0,19.4887,33375.0,0.0,1.0
2014-09-16,21.02,21.0595,20.99,21.0,19.4887,41002.0,0.0,1.0
2014-09-17,21.03,21.06,20.9763,20.9763,19.4667,103597.0,0.0,1.0
2014-09-18,20.98,20.99,20.95,20.96,19.4516,47210.0,0.0,1.0
2014-09-19,21.01,21.01,20.9594,20.99,19.4794,37558.0,0.0,1.0
2014-09-22,21.05,21.05,20.99,21.03,19.5166,23865.0,0.0,1.0
2014-09-23,21.01,21.05,21.0,21.02,19.5073,47042.0,0.0,1.0
2014-09-24,21.03,21.04,20.99,21.02,19.5073,50343.0,0.0,1.0
2014-09-25,21.0,21.04,21.0,21.04,19.5258,50603.0,0.0,1.0
2014-09-26,20.97,20.9899,20.96,20.98,19.4702,17763.0,0.0,1.0
2014-09-29,21.05,21.05,20.9601,21.0,19.4887,26213.0,0.0,1.0
2014-09-30,21.0,21.01,20.973000000000006,21.01,19.498,103985.0,0.0,1.0
2014-10-01,21.04,21.04,21.0,21.04,19.5609,37708.0,0.0378,1.0
2014-10-02,21.07,21.07,20.9901,21.04,19.5609,40703.0,0.0,1.0
2014-10-03,20.99,21.02,20.96,21.02,19.5423,123028.0,0.0,1.0
2014-10-06,21.04,21.05,20.98,21.01,19.533,121426.0,0.0,1.0
2014-10-07,21.06,21.1,21.044,21.097,19.6139,136952.0,0.0,1.0
2014-10-08,21.11,21.16,21.08,21.16,19.6725,183163.0,0.0,1.0
2014-10-09,21.11,21.15,21.11,21.14,19.6539,164321.0,0.0,1.0
2014-10-10,21.14,21.15,21.06,21.1242,19.6392,112195.0,0.0,1.0
2014-10-13,21.21,21.215,21.13,21.18,19.6911,50768.0,0.0,1.0
2014-10-14,21.2,21.25,21.143,21.16,19.6725,52121.0,0.0,1.0
2014-10-15,21.27,21.4,21.25,21.29,19.7933,63874.0,0.0,1.0
2014-10-16,21.29,21.32,21.23,21.26,19.7655,68325.0,0.0,1.0
2014-10-17,21.2,21.25,21.18,21.22,19.7283,36283.0,0.0,1.0
2014-10-20,21.27,21.27,21.21,21.23,19.7376,28064.0,0.0,1.0
2014-10-21,21.25,21.2618,21.2101,21.25,19.7562,48429.0,0.0,1.0
2014-10-22,21.24,21.24,21.1701,21.22,19.7283,21702.0,0.0,1.0
2014-10-23,21.1799,21.19,21.1502,21.18,19.6911,15800.0,0.0,1.0
2014-10-24,21.14,21.18,21.14,21.17,19.6818,38469.0,0.0,1.0
2014-10-27,21.17,21.21,21.17,21.18,19.6911,39161.0,0.0,1.0
2014-10-28,21.19,21.19,21.1401,21.16,19.6725,31117.0,0.0,1.0
2014-10-29,21.17,21.17,21.08,21.1,19.6167,56171.0,0.0,1.0
2014-10-30,21.1,21.13,21.08,21.1,19.6167,33999.0,0.0,1.0
2014-10-31,21.08,21.12,21.08,21.09,19.6074,42735.0,0.0,1.0
2014-11-03,21.12,21.12,21.02,21.02,19.5763,47298.0,0.0365,1.0
2014-11-04,21.04,21.06,21.02,21.05,19.6042,53672.0,0.0,1.0
2014-11-05,21.01,21.05,21.01,21.05,19.6042,66062.0,0.0,1.0
2014-11-06,21.05,21.05,21.01,21.03,19.5856,56805.0,0.0,1.0
2014-11-07,21.05,21.09,21.0272,21.09,19.6414,37401.0,0.0,1.0
2014-11-10,21.1,21.1,21.018,21.05,19.6042,42687.0,0.0,1.0
2014-11-11,21.07,21.07,21.0001,21.04,19.5949,37938.0,0.0,1.0
2014-11-12,21.06,21.066,21.01,21.01,19.5669,39493.0,0.0,1.0
2014-11-13,21.05,21.05,21.0212,21.038,19.593,42336.0,0.0,1.0
2014-11-14,21.04,21.07,21.004,21.06,19.6135,52762.0,0.0,1.0
2014-11-17,21.07,21.07,21.03,21.05,19.6042,78463.0,0.0,1.0
2014-11-18,21.07,21.07,21.025,21.03,19.5856,44405.0,0.0,1.0
2014-11-19,21.0199,21.05,21.0,21.03,19.5856,43732.0,0.0,1.0
2014-11-20,21.07,21.07,21.02,21.05,19.6042,115913.0,0.0,1.0
2014-11-21,21.05,21.07,21.04,21.05,19.6042,57123.0,0.0,1.0
2014-11-24,21.05,21.08,21.031,21.08,19.6321,74167.0,0.0,1.0
2014-11-25,21.05,21.11,21.05,21.09,19.6414,89323.0,0.0,1.0
2014-11-26,21.09,21.127,21.08,21.12,19.6694,25853.0,0.0,1.0
2014-11-28,21.19,21.19,21.13,21.13,19.6787,8800.0,0.0,1.0
2014-12-01,21.14,21.18,21.1,21.1,19.6821,75868.0,0.0336,1.0
2014-12-02,21.09,21.09,20.97,21.06,19.6447,81659.0,0.0,1.0
2014-12-03,21.08,21.08,21.03,21.04,19.6261,30991.0,0.0,1.0
2014-12-04,21.07,21.07,21.04,21.07,19.6541,46481.0,0.0,1.0
2014-12-05,21.0,21.0,20.96,20.96,19.5515,30359.0,0.0,1.0
2014-12-08,20.96,21.0,20.96,21.0,19.5888,97904.0,0.0,1.0
2014-12-09,21.03,21.04,20.9744,21.02,19.6074,68458.0,0.0,1.0
2014-12-10,21.05,21.05,20.99,21.05,19.6354,47241.0,0.0,1.0
2014-12-11,21.04,21.045,21.0,21.02,19.6074,64482.0,0.0,1.0
2014-12-12,21.06,21.08,21.022,21.07,19.6541,51993.0,0.0,1.0
2014-12-15,21.06,21.11,21.01,21.03,19.6168,28063.0,0.0,1.0
2014-12-16,21.06,21.0699,21.02,21.06,19.6447,43683.0,0.0,1.0
2014-12-17,21.06,21.1,21.0001,21.02,19.6074,78486.0,0.0,1.0
2014-12-18,20.96,21.0,20.96,20.98,19.5701,38575.0,0.0,1.0
2014-12-19,21.03,21.03,20.98,20.98,19.5701,66497.0,0.0,1.0
2014-12-22,21.05,21.05,20.96,20.98,19.5701,53978.0,0.0,1.0
2014-12-23,20.95,21.01,20.9,20.94,19.5328,77491.0,0.0,1.0
2014-12-24,20.93,20.95,20.898000000000003,20.95,19.5421,16558.0,0.0,1.0
2014-12-26,20.93,20.94,20.9155,20.94,19.5328,9014.0,0.0,1.0
2014-12-29,20.92,20.93,20.86,20.89,19.5373,123511.0,0.0548,1.0
2014-12-30,20.91,20.95,20.8901,20.9301,19.5748,68750.0,0.0,1.0
2014-12-31,20.89,20.97,20.89,20.91,19.556,89050.0,0.0,1.0
2015-01-02,20.99,21.0,20.92,20.9834,19.6246,80733.0,0.0,1.0
2015-01-05,20.99,21.04,20.94,21.01,19.6495,97761.0,0.0,1.0
2015-01-06,21.05,21.1399,21.01,21.0799,19.7149,60564.0,0.0,1.0
2015-01-07,21.07,21.12,21.0648,21.1,19.7337,101157.0,0.0,1.0
2015-01-08,21.12,21.12,21.07,21.11,19.743,223304.0,0.0,1.0
2015-01-09,21.15,21.17,21.08,21.15,19.7804,96861.0,0.0,1.0
2015-01-12,21.11,21.18,21.11,21.15,19.7804,53631.0,0.0,1.0
2015-01-13,21.19,21.2,21.1,21.19,19.8179,87019.0,0.0,1.0
2015-01-14,21.28,21.28,21.21,21.23,19.8553,76074.0,0.0,1.0
2015-01-15,21.2,21.32,21.2,21.32,19.9394,82972.0,0.0,1.0
2015-01-16,21.32,21.32,21.22,21.22,19.8459,75897.0,0.0,1.0
2015-01-20,21.28,21.28,21.23,21.24,19.8646,391299.0,0.0,1.0
2015-01-21,21.23,21.258000000000006,21.22,21.22,19.8459,101070.0,0.0,1.0
2015-01-22,21.25,21.25,21.11,21.19,19.8179,364294.0,0.0,1.0
2015-01-23,21.24,21.24,21.17,21.23,19.8553,130020.0,0.0,1.0
2015-01-26,21.22,21.24,21.2,21.22,19.8459,84675.0,0.0,1.0
2015-01-27,21.3,21.3,21.228,21.24,19.8646,147889.0,0.0,1.0
2015-01-28,21.26,21.29,21.21,21.29,19.9114,62955.0,0.0,1.0
2015-01-29,21.3,21.3,21.24,21.28,19.902,81930.0,0.0,1.0
2015-01-30,21.33,21.41,21.3091,21.39,20.0049,103355.0,0.0,1.0
2015-02-02,21.37,21.37,21.28,21.33,19.9793,67324.0,0.0326,1.0
2015-02-03,21.34,21.34,21.28,21.28,19.9324,58480.0,0.0,1.0
2015-02-04,21.26,21.28,21.2101,21.28,19.9324,67743.0,0.0,1.0
2015-02-05,21.25,21.29,21.228,21.27,19.9231,111899.0,0.0,1.0
2015-02-06,21.2,21.2,21.14,21.15,19.8107,71686.0,0.0,1.0
2015-02-09,21.18,21.19,21.14,21.15,19.8107,88429.0,0.0,1.0
2015-02-10,21.11,21.14,21.11,21.13,19.7919,48086.0,0.0,1.0
2015-02-11,21.12,21.15,21.11,21.12,19.7826,79935.0,0.0,1.0
2015-02-12,21.17,21.17,21.13,21.155,19.8154,145417.0,0.0,1.0
2015-02-13,21.25,21.25,21.132,21.14,19.8013,39472.0,0.0,1.0
2015-02-17,21.13,21.13,21.06,21.1,19.7638,79169.0,0.0,1.0
2015-02-18,21.07,21.19,21.06,21.17,19.8294,98574.0,0.0,1.0
2015-02-19,21.18,21.18,21.15,21.16,19.82,93585.0,0.0,1.0
2015-02-20,21.21,21.21,21.12,21.12,19.7826,136572.0,0.0,1.0
2015-02-23,21.19,21.2,21.15,21.17,19.8294,82663.0,0.0,1.0
2015-02-24,21.2,21.25,21.1603,21.25,19.9043,56534.0,0.0,1.0
2015-02-25,21.27,21.27,21.2,21.25,19.9043,170075.0,0.0,1.0
2015-02-26,21.25,21.25,21.19,21.19,19.8481,177925.0,0.0,1.0
2015-02-27,21.2,21.23,21.2,21.23,19.8856,59114.0,0.0,1.0
2015-03-02,21.2,21.2,21.1201,21.14,19.8314,58291.0,0.0321,1.0
2015-03-03,21.13,21.14,21.09,21.11,19.8032,68484.0,0.0,1.0
2015-03-04,21.25,21.4488,21.1,21.11,19.8032,129050.0,0.0,1.0
2015-03-05,21.13,21.15,21.1,21.15,19.8408,210527.0,0.0,1.0
2015-03-06,21.04,21.06,21.0,21.0099,19.7093,74566.0,0.0,1.0
2015-03-09,21.09,21.09,21.05,21.08,19.7751,67273.0,0.0,1.0
2015-03-10,21.1,21.13,21.08,21.1,19.7939,138638.0,0.0,1.0
2015-03-11,21.12,21.13,21.05,21.119,19.8117,83541.0,0.0,1.0
2015-03-12,21.14,21.17,21.12,21.13,19.822,116675.0,0.0,1.0
2015-03-13,21.08,21.14,21.08,21.1,19.7939,137754.0,0.0,1.0
2015-03-16,21.15,21.32,21.12,21.14,19.8314,92598.0,0.0,1.0
2015-03-17,21.18,21.18,21.07,21.13,19.822,132707.0,0.0,1.0
2015-03-18,21.18,21.28,21.1,21.27,19.9533,109854.0,0.0,1.0
2015-03-19,21.22,21.27,21.12,21.15,19.8408,137877.0,0.0,1.0
2015-03-20,21.22,21.25,21.15,21.25,19.9346,152866.0,0.0,1.0
2015-03-23,21.24,21.27,21.19,21.2597,19.9437,59275.0,0.0,1.0
2015-03-24,21.27,21.29,21.1601,21.29,19.9721,135540.0,0.0,1.0
2015-03-25,21.32,21.37,21.21,21.23,19.9158,91930.0,0.0,1.0
2015-03-26,21.26,21.26,21.17,21.19,19.8783,94960.0,0.0,1.0
2015-03-27,21.23,21.26,21.226,21.25,19.9346,51295.0,0.0,1.0
2015-03-30,21.28,21.309,21.25,21.27,19.9533,61481.0,0.0,1.0
2015-03-31,21.31,21.32,21.239,21.285,19.9674,53321.0,0.0,1.0
2015-04-01,21.3,21.3,21.2101,21.29,20.0072,83660.0,0.0374,1.0
2015-04-02,21.3,21.32,21.24,21.24,19.9602,75412.0,0.0,1.0
2015-04-06,21.32,21.378,21.3,21.3136,20.0294,48246.0,0.0,1.0
2015-04-07,21.31,21.32,21.26,21.32,20.0354,161483.0,0.0,1.0
2015-04-08,21.33,21.33,21.28,21.3,20.0166,524233.0,0.0,1.0
2015-04-09,21.3,21.3,21.24,21.29,20.0072,115568.0,0.0,1.0
2015-04-10,21.29,21.2968,21.25,21.27,19.9884,83482.0,0.0,1.0
2015-04-13,21.34,21.34,21.23,21.2937,20.0107,76342.0,0.0,1.0
2015-04-14,21.3,21.36,21.3,21.31,20.026,29703.0,0.0,1.0
2015-04-15,21.35,21.35,21.3252,21.34,20.0542,66144.0,0.0,1.0
2015-04-16,21.37,21.39,21.3,21.37,20.0824,93713.0,0.0,1.0
2015-04-17,21.32,21.38,21.3,21.35,20.0636,106344.0,0.0,1.0
2015-04-20,21.35,21.37,21.33,21.35,20.0636,42256.0,0.0,1.0
2015-04-21,21.35,21.35,21.3074,21.34,20.0542,84433.0,0.0,1.0
2015-04-22,21.31,21.329,21.28,21.29,20.0072,231241.0,0.0,1.0
2015-04-23,21.3,21.33,21.28,21.325,20.0401,69122.0,0.0,1.0
2015-04-24,21.34,21.35,21.31,21.35,20.0636,53880.0,0.0,1.0
2015-04-27,21.34,21.35,21.32,21.34,20.0542,52251.0,0.0,1.0
2015-04-28,21.31,21.33,21.29,21.3,20.0166,83651.0,0.0,1.0
2015-04-29,21.29,21.3,21.24,21.28,19.9978,85692.0,0.0,1.0
2015-04-30,21.26,21.26,21.2101,21.26,19.979,44364.0,0.0,1.0
2015-05-01,21.21,21.25,21.18,21.2,19.9544,91346.0,0.0338,1.0
2015-05-04,21.21,21.21,21.1601,21.18,19.9355,68910.0,0.0,1.0
2015-05-05,21.22,21.22,21.16,21.17,19.9261,86892.0,0.0,1.0
2015-05-06,21.18,21.18,21.11,21.135,19.8932,60333.0,0.0,1.0
2015-05-07,21.12,21.16,21.12,21.15,19.9073,44868.0,0.0,1.0
2015-05-08,21.19,21.23,21.189,21.22,19.9732,94560.0,0.0,1.0
2015-05-11,21.17,21.2199,21.11,21.11,19.8697,44529.0,0.0,1.0
2015-05-12,21.15,21.15,21.11,21.13,19.8885,70292.0,0.0,1.0
2015-05-13,21.2,21.21,21.1206,21.14,19.8979,60771.0,0.0,1.0
2015-05-14,21.2,21.22,21.1801,21.21,19.9638,50937.0,0.0,1.0
2015-05-15,21.23,21.26,21.207,21.25,20.0014,62474.0,0.0,1.0
2015-05-18,21.24,21.245,21.2,21.22,19.9732,54029.0,0.0,1.0
2015-05-19,21.14,21.18,21.13,21.17,19.9261,59694.0,0.0,1.0
2015-05-20,21.15,21.1999,21.15,21.18,19.9355,66690.0,0.0,1.0
2015-05-21,21.16,21.23,21.155,21.21,19.9638,47757.0,0.0,1.0
2015-05-22,21.17,21.19,21.15,21.18,19.9355,60397.0,0.0,1.0
2015-05-26,21.17,21.21,21.1598,21.2,19.9544,60826.0,0.0,1.0
2015-05-27,21.22,21.22,21.1601,21.2,19.9544,33861.0,0.0,1.0
2015-05-28,21.18,21.23,21.18,21.2299,19.9825,40304.0,0.0,1.0
2015-05-29,21.28,21.28,21.2,21.21,19.9638,28909.0,0.0,1.0
2015-06-01,21.24,21.24,21.15,21.16,19.9484,54602.0,0.0337,1.0
2015-06-02,21.14,21.14,21.02,21.1014,19.8932,79373.0,0.0,1.0
2015-06-03,21.1,21.1,21.0371,21.0371,19.8326,28476.0,0.0,1.0
2015-06-04,21.08,21.1,21.05,21.0999,19.8918,83441.0,0.0,1.0
2015-06-05,21.02,21.03,20.99,21.02,19.8165,42917.0,0.0,1.0
2015-06-08,21.05,21.05,21.02,21.04,19.8353,43421.0,0.0,1.0
2015-06-09,21.02,21.04,20.99,21.0004,19.798,58501.0,0.0,1.0
2015-06-10,21.0,21.01,20.98,21.0047,19.802,71509.0,0.0,1.0
2015-06-11,20.99,21.0399,20.98,21.02,19.8165,317861.0,0.0,1.0
2015-06-12,21.0,21.02,20.97,21.004,19.8014,40726.0,0.0,1.0
2015-06-15,21.04,21.0658,21.01,21.02,19.8165,43769.0,0.0,1.0
2015-06-16,21.04,21.05,21.02,21.0499,19.8446,96778.0,0.0,1.0
2015-06-17,21.03,21.095,20.99,21.09,19.8824,74343.0,0.0,1.0
2015-06-18,21.07,21.08,21.03,21.08,19.873,97710.0,0.0,1.0
2015-06-19,21.1,21.11,21.08,21.11,19.9013,63625.0,0.0,1.0
2015-06-22,21.08,21.08,21.03,21.06,19.8542,23040.0,0.0,1.0
2015-06-23,21.02,21.06,21.01,21.04,19.8353,43819.0,0.0,1.0
2015-06-24,21.0,21.04,21.0,21.035,19.8306,52047.0,0.0,1.0
2015-06-25,21.02,21.03,20.9802,21.03,19.8259,65409.0,0.0,1.0
2015-06-26,21.01,21.02,20.98,21.01,19.807,39453.0,0.0,1.0
2015-06-29,21.02,21.078000000000007,21.0057,21.07,19.8636,39021.0,0.0,1.0
2015-06-30,21.03,21.09,21.03,21.07,19.8636,65561.0,0.0,1.0
2015-07-01,21.05,21.05,20.9801,20.99,19.8234,28127.0,0.0374,1.0
2015-07-02,21.06,21.06,21.0,21.05,19.8801,61532.0,0.0,1.0
2015-07-06,21.09,21.1599,21.03,21.07,19.899,105065.0,0.0,1.0
2015-07-07,21.09,21.15,21.09,21.12,19.9462,179047.0,0.0,1.0
2015-07-08,21.12,21.14,21.09,21.13,19.9556,64253.0,0.0,1.0
2015-07-09,21.09,21.12,21.09,21.1,19.9273,72278.0,0.0,1.0
2015-07-10,21.03,21.08,21.03,21.05,19.8801,101299.0,0.0,1.0
2015-07-13,21.06,21.06,21.0,21.02,19.8518,88862.0,0.0,1.0
2015-07-14,21.07,21.07,21.03,21.05,19.8801,123361.0,0.0,1.0
2015-07-15,21.03,21.08,21.01,21.07,19.899,162780.0,0.0,1.0
2015-07-16,21.04,21.082,21.036,21.06,19.8895,66332.0,0.0,1.0
2015-07-17,21.04,21.05,21.03,21.05,19.8801,77836.0,0.0,1.0
2015-07-20,21.03,21.0342,21.0,21.02,19.8518,51002.0,0.0,1.0
2015-07-21,21.03,21.05,21.0,21.05,19.8801,159193.0,0.0,1.0
2015-07-22,21.05,21.05,21.03,21.04,19.8706,55744.0,0.0,1.0
2015-07-23,21.03,21.06,21.013,21.05,19.8801,65270.0,0.0,1.0
2015-07-24,21.08,21.08,21.0101,21.064,19.8933,20119.0,0.0,1.0
2015-07-27,21.08,21.1,21.059,21.08,19.9084,211838.0,0.0,1.0
2015-07-28,21.09,21.1,21.0601,21.09,19.9179,51205.0,0.0,1.0
2015-07-29,21.04,21.11,21.0,21.08,19.9084,131208.0,0.0,1.0
2015-07-30,21.06,21.07,21.0301,21.06,19.8895,65347.0,0.0,1.0
2015-07-31,21.14,21.15,21.1,21.13,19.9556,45251.0,0.0,1.0
2015-08-03,21.1,21.12,21.07,21.09,19.9513,106851.0,0.0354,1.0
2015-08-04,21.11,21.11,21.05,21.06,19.9229,100050.0,0.0,1.0
2015-08-05,21.05,21.0599,21.01,21.03,19.8945,98680.0,0.0,1.0
2015-08-06,21.04,21.04,21.0169,21.03,19.8945,50936.0,0.0,1.0
2015-08-07,21.04,21.04,21.004,21.04,19.904,48447.0,0.0,1.0
2015-08-10,21.04,21.05,21.0103,21.02,19.8851,70249.0,0.0,1.0
2015-08-11,21.06,21.08,21.06,21.07,19.9324,64305.0,0.0,1.0
2015-08-12,21.1,21.1,21.079,21.09,19.9513,47540.0,0.0,1.0
2015-08-13,21.04,21.06,21.02,21.05,19.9135,46424.0,0.0,1.0
2015-08-14,21.02,21.0399,21.01,21.03,19.8945,56722.0,0.0,1.0
2015-08-17,21.04,21.0499,21.01,21.0299,19.8944,104007.0,0.0,1.0
2015-08-18,21.03,21.04,21.02,21.04,19.904,65497.0,0.0,1.0
2015-08-19,21.05,21.09,21.02,21.08,19.9418,92607.0,0.0,1.0
2015-08-20,21.06,21.1,21.05,21.0603,19.9232,45181.0,0.0,1.0
2015-08-21,21.1,21.12,21.084,21.12,19.9797,92007.0,0.0,1.0
2015-08-24,21.18,21.19,20.9903,21.0298,19.8944,92140.0,0.0,1.0
2015-08-25,21.06,21.06,20.96,21.01,19.8756,105810.0,0.0,1.0
2015-08-26,21.04,21.05,20.995,21.05,19.9135,115558.0,0.0,1.0
2015-08-27,21.05,21.07,20.95,21.03,19.8945,192095.0,0.0,1.0
2015-08-28,21.02,21.0992,21.0,21.0324,19.8968,105974.0,0.0,1.0
2015-08-31,21.08,21.08,21.03,21.04,19.904,48072.0,0.0,1.0
2015-09-01,20.97,21.06,20.96,21.02,19.9183,56234.0,0.0351,1.0
2015-09-02,21.0,21.04,20.9701,21.03,19.9278,132744.0,0.0,1.0
2015-09-03,21.01,21.0799,21.0,21.0497,19.9464,157011.0,0.0,1.0
2015-09-04,21.04,21.05,21.01,21.05,19.9467,71750.0,0.0,1.0
2015-09-08,21.05,21.06,21.011,21.05,19.9467,105247.0,0.0,1.0
2015-09-09,21.01,21.04,21.0,21.04,19.9372,80894.0,0.0,1.0
2015-09-10,21.03,21.04,21.0,21.0108,19.9096,90553.0,0.0,1.0
2015-09-11,21.04,21.06,21.01,21.05,19.9467,115326.0,0.0,1.0
2015-09-14,21.06,21.08,21.03,21.07,19.9657,247064.0,0.0,1.0
2015-09-15,21.07,21.07,20.98,20.9801,19.8805,168623.0,0.0,1.0
2015-09-16,21.03,21.0399,20.99,21.0,19.8993,113528.0,0.0,1.0
2015-09-17,21.01,21.1,21.0,21.0999,19.994,92309.0,0.0,1.0
2015-09-18,21.11,21.11,21.03,21.0831,19.9781,91400.0,0.0,1.0
2015-09-21,21.08,21.11,21.06,21.08,19.9751,128313.0,0.0,1.0
2015-09-22,21.13,21.13,21.05,21.11,20.0036,58122.0,0.0,1.0
2015-09-23,21.13,21.13,21.051,21.12,20.013,91559.0,0.0,1.0
2015-09-24,21.17,21.17,21.1,21.11,20.0036,67015.0,0.0,1.0
2015-09-25,21.11,21.12,21.06,21.11,20.0036,90665.0,0.0,1.0
2015-09-28,21.12,21.13,21.074,21.13,20.0225,157288.0,0.0,1.0
2015-09-29,21.15,21.159,21.09,21.14,20.032,178543.0,0.0,1.0
2015-09-30,21.12,21.14,21.08,21.14,20.032,190774.0,0.0,1.0
2015-10-01,21.07,21.08,21.05,21.08,20.0074,54097.0,0.034,1.0
2015-10-02,21.12,21.16,21.1,21.13,20.0548,63701.0,0.0,1.0
2015-10-05,21.09,21.14,21.09,21.14,20.0643,55217.0,0.0,1.0
2015-10-06,21.11,21.135,21.06,21.13,20.0548,51205.0,0.0,1.0
2015-10-07,21.13,21.13,21.07,21.115,20.0406,60848.0,0.0,1.0
2015-10-08,21.11,21.11,21.08,21.11,20.0358,39077.0,0.0,1.0
2015-10-09,21.12,21.12,21.0,21.1,20.0263,249769.0,0.0,1.0
2015-10-12,21.16,21.2,21.05,21.14,20.0643,23070.0,0.0,1.0
2015-10-13,21.13,21.14,21.08,21.14,20.0643,172291.0,0.0,1.0
2015-10-14,21.17,21.19,21.14,21.19,20.1118,45834.0,0.0,1.0
2015-10-15,21.18,21.1899,21.13,21.16,20.0833,83213.0,0.0,1.0
2015-10-16,21.15,21.15,21.12,21.14,20.0643,45029.0,0.0,1.0
2015-10-19,21.15,21.16,21.13,21.14,20.0643,109377.0,0.0,1.0
2015-10-20,21.14,21.15,21.1,21.15,20.0738,30905.0,0.0,1.0
2015-10-21,21.15,21.17,21.14,21.16,20.0833,70594.0,0.0,1.0
2015-10-22,21.2,21.212,21.16,21.18,20.1023,66616.0,0.0,1.0
2015-10-23,21.17,21.17,21.11,21.15,20.0738,66231.0,0.0,1.0
2015-10-26,21.16,21.16,21.13,21.15,20.0738,93419.0,0.0,1.0
2015-10-27,21.17,21.19,21.16,21.19,20.1118,62633.0,0.0,1.0
2015-10-28,21.18,21.19,21.11,21.13,20.0548,102912.0,0.0,1.0
2015-10-29,21.09,21.1,21.0652,21.09,20.0169,87859.0,0.0,1.0
2015-10-30,21.25,21.25,21.07,21.0974,20.0239,86004.0,0.0,1.0
2015-11-02,21.04,21.08,21.0,21.0,19.9636,80781.0,0.0339,1.0
2015-11-03,21.08,21.08,21.0,21.06,20.0206,94326.0,0.0,1.0
2015-11-04,21.06,21.06,21.0,21.01,19.9731,96801.0,0.0,1.0
2015-11-05,21.03,21.039,20.98,21.0,19.9636,170785.0,0.0,1.0
2015-11-06,20.98,20.98,20.91,20.96,19.9256,83563.0,0.0,1.0
2015-11-09,21.0,21.0,20.93,20.9698,19.9349,88206.0,0.0,1.0
2015-11-10,20.92,20.99,20.92,20.93,19.8971,93995.0,0.0,1.0
2015-11-11,20.99,21.0,20.956,21.0,19.9636,190103.0,0.0,1.0
2015-11-12,21.0,21.0,20.9315,20.98,19.9446,53408.0,0.0,1.0
2015-11-13,21.05,21.05,20.955,21.02,19.9826,81320.0,0.0,1.0
2015-11-16,21.02,21.04,21.0087,21.04,20.0016,86858.0,0.0,1.0
2015-11-17,21.02,21.05,20.9767,21.05,20.0111,97012.0,0.0,1.0
2015-11-18,21.03,21.04,20.92,21.04,20.0016,95232.0,0.0,1.0
2015-11-19,21.0,21.04,21.0,21.03,19.9921,154824.0,0.0,1.0
2015-11-20,21.0104,21.04,21.0104,21.04,20.0016,81735.0,0.0,1.0
2015-11-23,21.0,21.03,21.0,21.03,19.9921,86935.0,0.0,1.0
2015-11-24,21.02,21.04,21.02,21.04,20.0016,88177.0,0.0,1.0
2015-11-25,21.05,21.05,21.02,21.048,20.0092,79607.0,0.0,1.0
2015-11-27,21.07,21.07,21.03,21.06,20.0206,36148.0,0.0,1.0
2015-11-30,21.03,21.07,21.021,21.04,20.0016,62797.0,0.0,1.0
2015-12-01,21.03,21.08,20.98,21.065,20.0586,90504.0,0.0349,1.0
2015-12-02,21.05,21.05,21.02,21.04,20.0348,166193.0,0.0,1.0
2015-12-03,21.01,21.0195,20.96,21.0,19.9967,71586.0,0.0,1.0
2015-12-04,20.97,21.0,20.97,20.985,19.9824,58921.0,0.0,1.0
2015-12-07,21.0,21.02,20.97,21.01,20.0062,87651.0,0.0,1.0
2015-12-08,21.01,21.02,20.99,21.01,20.0062,88198.0,0.0,1.0
2015-12-09,20.99,21.03,20.98,21.0,19.9967,93748.0,0.0,1.0
2015-12-10,21.03,21.0668,20.98,21.0,19.9967,51879.0,0.0,1.0
2015-12-11,21.02,21.03,20.99,20.9907,19.9878,134957.0,0.0,1.0
2015-12-14,21.0,21.0068,20.9,20.97,19.9681,603704.0,0.0,1.0
2015-12-15,20.9,20.96,20.9,20.95,19.9491,76256.0,0.0,1.0
2015-12-16,20.9,20.95,20.84,20.92,19.9205,120388.0,0.0,1.0
2015-12-17,20.89,20.92,20.8698,20.9,19.9015,148424.0,0.0,1.0
2015-12-18,20.92,20.94,20.8413,20.91,19.911,72941.0,0.0,1.0
2015-12-21,20.91,20.96,20.91,20.95,19.9491,85769.0,0.0,1.0
2015-12-22,20.92,20.96,20.9,20.95,19.9491,159036.0,0.0,1.0
2015-12-23,20.97,20.97,20.9,20.95,19.9491,203188.0,0.0,1.0
2015-12-24,20.94,20.95,20.93,20.95,19.9491,235236.0,0.0,1.0
2015-12-28,20.96,20.96,20.92,20.945,19.9443,317395.0,0.0,1.0
2015-12-29,20.92,20.9224,20.86,20.87,19.9164,158667.0,0.0457,1.0
2015-12-30,20.8,20.9,20.8,20.89,19.9355,148909.0,0.0,1.0
2015-12-31,20.91,20.93,20.8441,20.8621,19.9089,47960.0,0.0,1.0
2016-01-04,20.8,20.9,20.76,20.89,19.9355,296556.0,0.0,1.0
2016-01-05,20.87,20.92,20.8,20.9,19.945,121277.0,0.0,1.0
2016-01-06,20.92,20.94,20.88,20.94,19.9832,117628.0,0.0,1.0
2016-01-07,20.93,20.965,20.9,20.96,20.0023,126438.0,0.0,1.0
2016-01-08,20.93,20.98,20.93,20.97,20.0118,106833.0,0.0,1.0
2016-01-11,20.98,20.99,20.92,20.9598,20.0021,167559.0,0.0,1.0
2016-01-12,20.96,21.0,20.95,20.99,20.0309,117037.0,0.0,1.0
2016-01-13,21.3,21.3,20.97,21.0,20.0405,170594.0,0.0,1.0
2016-01-14,20.97,21.01,20.96,21.005,20.0452,116455.0,0.0,1.0
2016-01-15,21.0,21.01,20.96,20.96,20.0023,350536.0,0.0,1.0
2016-01-19,20.99,21.0,20.95,20.9834,20.0246,265360.0,0.0,1.0
2016-01-20,21.04,21.04,20.9,20.97,20.0118,232989.0,0.0,1.0
2016-01-21,21.03,21.03,20.927,20.97,20.0118,364262.0,0.0,1.0
2016-01-22,20.93,21.0299,20.8301,20.95,19.9928,184058.0,0.0,1.0
2016-01-25,20.9,20.95,20.9,20.925,19.9689,157116.0,0.0,1.0
2016-01-26,20.91,20.94,20.8708,20.92,19.9641,106574.0,0.0,1.0
2016-01-27,20.9,20.93,20.84,20.91,19.9546,73875.0,0.0,1.0
2016-01-28,20.9,20.97,20.83,20.92,19.9641,126472.0,0.0,1.0
2016-01-29,20.93,20.9699,20.9201,20.96,20.0023,92230.0,0.0,1.0
2016-02-01,20.82,21.03,20.82,20.85,19.9266,123855.0,0.0307,1.0
2016-02-02,20.93,20.93,20.84,20.875,19.9505,428564.0,0.0,1.0
2016-02-03,20.9,20.94,20.84,20.9025,19.9768,153767.0,0.0,1.0
2016-02-04,20.92,20.92,20.86,20.91,19.984,83536.0,0.0,1.0
2016-02-05,20.86,20.91,20.85,20.89,19.9648,148425.0,0.0,1.0
2016-02-08,20.93,20.93,20.8701,20.91,19.984,114844.0,0.0,1.0
2016-02-09,20.95,20.98,20.8739,20.94,20.0126,189449.0,0.0,1.0
2016-02-10,20.9,20.91,20.85,20.91,19.984,278414.0,0.0,1.0
2016-02-11,20.89,20.95,20.87,20.87,19.9457,151151.0,0.0,1.0
2016-02-12,20.88,20.88,20.82,20.83,19.9075,99728.0,0.0,1.0
2016-02-16,20.81,20.83,20.78,20.81,19.8884,109122.0,0.0,1.0
2016-02-17,20.77,20.8599,20.76,20.84,19.9171,163227.0,0.0,1.0
2016-02-18,20.81,20.88,20.78,20.88,19.9553,129159.0,0.0,1.0
2016-02-19,20.89,20.89,20.8094,20.86,19.9362,147606.0,0.0,1.0
2016-02-22,20.85,20.87,20.82,20.87,19.9457,164816.0,0.0,1.0
2016-02-23,20.94,20.94,20.84,20.87,19.9457,187492.0,0.0,1.0
2016-02-24,20.9,20.92,20.87,20.88,19.9553,87732.0,0.0,1.0
2016-02-25,20.91,20.93,20.89,20.91,19.984,78592.0,0.0,1.0
2016-02-26,20.92,20.92,20.8616,20.883000000000006,19.9582,78655.0,0.0,1.0
2016-02-29,20.91,20.91,20.86,20.91,19.984,99024.0,0.0,1.0
2016-03-01,20.88,20.8974,20.84,20.86,19.9695,123604.0,0.0349,1.0
2016-03-02,20.84,20.86,20.81,20.85,19.96,153482.0,0.0,1.0
2016-03-03,20.88,20.89,20.87,20.89,19.9983,126278.0,0.0,1.0
2016-03-04,20.89,20.89,20.87,20.88,19.9887,119653.0,0.0,1.0
2016-03-07,20.9,20.9,20.8,20.86,19.9695,142729.0,0.0,1.0
2016-03-08,20.95,20.95,20.9,20.903,20.0107,112282.0,0.0,1.0
2016-03-09,20.87,20.93,20.87,20.915,20.0222,130129.0,0.0,1.0
2016-03-10,20.9,20.97,20.89,20.93,20.0365,174514.0,0.0,1.0
2016-03-11,20.93,20.93,20.89,20.91,20.0174,103122.0,0.0,1.0
2016-03-14,20.94,20.94,20.902,20.916,20.0231,81191.0,0.0,1.0
2016-03-15,20.9,20.95,20.9,20.93,20.0365,279525.0,0.0,1.0
2016-03-16,20.91,21.02,20.87,21.01,20.1131,545382.0,0.0,1.0
2016-03-17,21.02,21.06,21.0,21.04,20.1418,287175.0,0.0,1.0
2016-03-18,21.04,21.08,21.0,21.04,20.1418,475140.0,0.0,1.0
2016-03-21,21.11,21.69,21.05,21.1,20.1993,353339.0,0.0,1.0
2016-03-22,21.12,21.1381,21.03,21.05,20.1514,119582.0,0.0,1.0
2016-03-23,21.03,21.11,21.025,21.09,20.1897,130304.0,0.0,1.0
2016-03-24,21.08,21.12,21.05,21.1,20.1993,158518.0,0.0,1.0
2016-03-28,21.07,21.145,21.07,21.14,20.2376,187225.0,0.0,1.0
2016-03-29,21.14,21.18,21.07,21.18,20.2759,133569.0,0.0,1.0
2016-03-30,21.28,21.28,21.1,21.17,20.2663,505079.0,0.0,1.0
2016-03-31,21.18,21.236,21.15,21.22,20.3142,114552.0,0.0,1.0
2016-04-01,21.15,21.19,21.11,21.17,20.3008,122327.0,0.036000000000000004,1.0
2016-04-04,21.19,21.22,21.14,21.21,20.3391,136437.0,0.0,1.0
2016-04-05,21.31,21.31,21.18,21.21,20.3391,172529.0,0.0,1.0
2016-04-06,21.19,21.24,21.16,21.19,20.3199,163008.0,0.0,1.0
2016-04-07,21.24,21.2599,21.18,21.25,20.3775,166987.0,0.0,1.0
2016-04-08,21.23,21.2699,21.2,21.24,20.3679,77460.0,0.0,1.0
2016-04-11,21.27,21.27,21.2275,21.24,20.3679,101295.0,0.0,1.0
2016-04-12,21.25,21.25,21.2101,21.22,20.3487,140951.0,0.0,1.0
2016-04-13,21.22,21.24,21.15,21.18,20.3104,332964.0,0.0,1.0
2016-04-14,21.23,21.2399,21.19,21.23,20.3583,80225.0,0.0,1.0
2016-04-15,21.23,21.28,21.2098,21.28,20.4062,189129.0,0.0,1.0
2016-04-18,21.26,21.29,21.2045,21.28,20.4062,103897.0,0.0,1.0
2016-04-19,21.27,21.3,21.21,21.3,20.4254,105934.0,0.0,1.0
2016-04-20,21.28,21.3,21.27,21.29,20.4158,146561.0,0.0,1.0
2016-04-21,21.25,21.255,21.17,21.24,20.3679,130606.0,0.0,1.0
2016-04-22,21.24,21.25,21.21,21.245,20.3727,339746.0,0.0,1.0
2016-04-25,21.23,21.25,21.22,21.23,20.3583,124625.0,0.0,1.0
2016-04-26,21.23,21.25,21.23,21.24,20.3679,134072.0,0.0,1.0
2016-04-27,21.25,21.25,21.2,21.25,20.3775,147481.0,0.0,1.0
2016-04-28,21.24,21.33,21.219,21.32,20.4446,385069.0,0.0,1.0
2016-04-29,21.39,21.39,21.25,21.29,20.4158,893968.0,0.0,1.0
2016-05-02,21.26,21.305,21.25,21.275,20.4326,109103.0,0.0325,1.0
2016-05-03,21.31,21.395,21.28,21.29,20.447,71372.0,0.0,1.0
2016-05-04,21.31,21.32,21.2868,21.3,20.4566,71267.0,0.0,1.0
2016-05-05,21.31,21.339,21.28,21.3,20.4566,92745.0,0.0,1.0
2016-05-06,21.32,21.36,21.2801,21.325,20.4806,114304.0,0.0,1.0
2016-05-09,21.32,21.38,21.28,21.35,20.5046,81328.0,0.0,1.0
2016-05-10,21.31,21.34,21.31,21.34,20.495,187199.0,0.0,1.0
2016-05-11,21.34,21.345,21.32,21.32,20.4758,184881.0,0.0,1.0
2016-05-12,21.32,21.33,21.29,21.3,20.4566,132091.0,0.0,1.0
2016-05-13,21.3,21.31,21.28,21.3,20.4566,129088.0,0.0,1.0
2016-05-16,21.3,21.334,21.26,21.28,20.4374,93254.0,0.0,1.0
2016-05-17,21.27,21.27,21.24,21.25,20.4086,88290.0,0.0,1.0
2016-05-18,21.26,21.27,21.2,21.21,20.3702,134419.0,0.0,1.0
2016-05-19,21.22,21.25,21.17,21.17,20.3318,193065.0,0.0,1.0
2016-05-20,21.23,21.23,21.17,21.23,20.3894,100664.0,0.0,1.0
2016-05-23,21.2,21.2593,21.19,21.23,20.3894,82526.0,0.0,1.0
2016-05-24,21.25,21.26,21.17,21.21,20.3702,125171.0,0.0,1.0
2016-05-25,21.21,21.2423,21.1801,21.24,20.399,80947.0,0.0,1.0
2016-05-26,21.23,21.26,21.21,21.25,20.4086,171593.0,0.0,1.0
2016-05-27,21.26,21.298,21.22,21.23,20.3894,87007.0,0.0,1.0
2016-05-31,21.16,21.2756,21.16,21.26,20.4182,154843.0,0.0,1.0
2016-06-01,21.2,21.26,21.1959,21.22,20.4139,371082.0,0.0355,1.0
2016-06-02,21.31,21.31,21.2025,21.23,20.4235,196797.0,0.0,1.0
2016-06-03,21.32,21.32,21.25,21.29,20.4812,111098.0,0.0,1.0
2016-06-06,21.24,21.3,21.21,21.28,20.4716,110307.0,0.0,1.0
2016-06-07,21.31,21.31,21.27,21.29,20.4812,90146.0,0.0,1.0
2016-06-08,21.3,21.32,21.27,21.3,20.4908,158358.0,0.0,1.0
2016-06-09,21.29,21.33,21.2819,21.31,20.5005,82449.0,0.0,1.0
2016-06-10,21.32,21.33,21.291,21.325,20.5149,108130.0,0.0,1.0
2016-06-13,21.32,21.35,21.31,21.34,20.5293,88145.0,0.0,1.0
2016-06-14,21.35,21.35,21.3,21.33,20.5197,80874.0,0.0,1.0
2016-06-15,21.32,21.4261,21.32,21.36,20.5486,78928.0,0.0,1.0
2016-06-16,21.37,21.37,21.33,21.3472,20.5363,44184.0,0.0,1.0
2016-06-17,21.36,21.36,21.33,21.35,20.5389,74056.0,0.0,1.0
2016-06-20,21.33,21.36,21.31,21.335,20.5245,81098.0,0.0,1.0
2016-06-21,21.33,21.36,21.31,21.33,20.5197,155844.0,0.0,1.0
2016-06-22,21.31,21.36,21.31,21.35,20.5389,150708.0,0.0,1.0
2016-06-23,21.32,21.375,21.31,21.32,20.5101,69022.0,0.0,1.0
2016-06-24,21.36,21.39,21.35,21.38,20.5678,116492.0,0.0,1.0
2016-06-27,21.39,21.415,21.3701,21.3874,20.5749,127767.0,0.0,1.0
2016-06-28,21.37,21.43,21.37,21.4,20.5871,197110.0,0.0,1.0
2016-06-29,21.38,21.4899,21.38,21.41,20.5967,90235.0,0.0,1.0
2016-06-30,21.41,21.44,21.3808,21.43,20.6159,98042.0,0.0,1.0
2016-07-01,21.39,21.429,21.39,21.41,20.6289,62021.0,0.0335,1.0
2016-07-05,21.37,21.4389,21.37,21.42,20.6385,124632.0,0.0,1.0
2016-07-06,21.43,21.44,21.3901,21.44,20.6578,117077.0,0.0,1.0
2016-07-07,21.44,21.44,21.4,21.43,20.6482,102174.0,0.0,1.0
2016-07-08,21.43,21.466,21.402,21.44,20.6578,72681.0,0.0,1.0
2016-07-11,21.42,21.4701,21.39,21.39,20.6096,112461.0,0.0,1.0
2016-07-12,21.42,21.43,21.37,21.4,20.6193,134708.0,0.0,1.0
2016-07-13,21.39,21.42,21.3657,21.4,20.6193,91201.0,0.0,1.0
2016-07-14,21.4,21.4113,21.36,21.4,20.6193,100087.0,0.0,1.0
2016-07-15,21.38,21.4,21.36,21.371,20.5913,134262.0,0.0,1.0
2016-07-18,21.36,21.399,21.36,21.38,20.6,89380.0,0.0,1.0
2016-07-19,21.38,21.41,21.36,21.4,20.6193,77239.0,0.0,1.0
2016-07-20,21.38,21.4,21.37,21.3801,20.6001,77430.0,0.0,1.0
2016-07-21,21.4,21.42,21.37,21.42,20.6385,122665.0,0.0,1.0
2016-07-22,21.4,21.43,21.39,21.42,20.6385,106917.0,0.0,1.0
2016-07-25,21.42,21.43,21.4,21.4084,20.6274,112649.0,0.0,1.0
2016-07-26,21.4,21.41,21.38,21.41,20.6289,93279.0,0.0,1.0
2016-07-27,21.42,21.44,21.3901,21.41,20.6289,144053.0,0.0,1.0
2016-07-28,21.43,21.48,21.4161,21.434,20.652,148189.0,0.0,1.0
2016-07-29,21.46,21.49,21.42,21.47,20.6867,94804.0,0.0,1.0
2016-08-01,21.38,21.49,21.38,21.43,20.6791,115217.0,0.0321,1.0
2016-08-02,21.41,21.46,21.3954,21.42,20.6694,61299.0,0.0,1.0
2016-08-03,21.43,21.44,21.4,21.43,20.6791,101733.0,0.0,1.0
2016-08-04,21.45,21.46,21.3501,21.45,20.6984,116476.0,0.0,1.0
2016-08-05,21.43,21.43,21.39,21.39,20.6405,100423.0,0.0,1.0
2016-08-08,21.39,21.41,21.37,21.4,20.6501,135486.0,0.0,1.0
2016-08-09,21.4,21.43,21.39,21.42,20.6694,98745.0,0.0,1.0
2016-08-10,21.43,21.447,21.41,21.4399,20.6886,85579.0,0.0,1.0
2016-08-11,21.42,21.4423,21.4001,21.41,20.6598,92982.0,0.0,1.0
2016-08-12,21.4499,21.4599,21.4,21.4101,20.6599,71520.0,0.0,1.0
2016-08-15,21.42,21.43,21.4079,21.425,20.6743,62798.0,0.0,1.0
2016-08-16,21.42,21.4399,21.4,21.42,20.6694,96676.0,0.0,1.0
2016-08-17,21.43,21.447,21.41,21.43,20.6791,88418.0,0.0,1.0
2016-08-18,21.44,21.46,21.42,21.46,20.708,116626.0,0.0,1.0
2016-08-19,21.43,21.44,21.4,21.43,20.6791,40879.0,0.0,1.0
2016-08-22,21.42,21.45,21.4,21.426,20.6752,68556.0,0.0,1.0
2016-08-23,21.44,21.46,21.41,21.43,20.6791,137171.0,0.0,1.0
2016-08-24,21.44,21.45,21.4189,21.44,20.6887,82036.0,0.0,1.0
2016-08-25,21.42,21.4596,21.42,21.4207,20.6701,124643.0,0.0,1.0
2016-08-26,21.43,21.44,21.4,21.405,20.655,70406.0,0.0,1.0
2016-08-29,21.42,21.42,21.39,21.39,20.6405,70018.0,0.0,1.0
2016-08-30,21.4,21.43,21.399,21.43,20.6791,144781.0,0.0,1.0
2016-08-31,21.43,21.44,21.4,21.42,20.6694,124531.0,0.0,1.0
2016-09-01,21.38,21.41,21.36,21.3952,20.6801,74182.0,0.0358,1.0
2016-09-02,21.4,21.4,21.37,21.39,20.675,81582.0,0.0,1.0
2016-09-06,21.38,21.44,21.38,21.44,20.7234,98498.0,0.0,1.0
2016-09-07,21.45,21.4799,21.4066,21.43,20.7137,105504.0,0.0,1.0
2016-09-08,21.4,21.4299,21.38,21.39,20.675,100277.0,0.0,1.0
2016-09-09,21.38,21.39,21.32,21.37,20.6557,177466.0,0.0,1.0
2016-09-12,21.37,21.3811,21.33,21.36,20.646,52159.0,0.0,1.0
2016-09-13,21.38,21.38,21.33,21.34,20.6267,62484.0,0.0,1.0
2016-09-14,21.36,21.39,21.33,21.38,20.6654,207270.0,0.0,1.0
2016-09-15,21.4,21.42,21.3401,21.4,20.6847,78875.0,0.0,1.0
2016-09-16,21.4,21.4,21.36,21.38,20.6654,58034.0,0.0,1.0
2016-09-19,21.37,21.41,21.34,21.38,20.6654,112986.0,0.0,1.0
2016-09-20,21.39,21.41,21.36,21.37,20.6557,67315.0,0.0,1.0
2016-09-21,21.38,21.4199,21.33,21.38,20.6654,169962.0,0.0,1.0
2016-09-22,21.38,21.4,21.35,21.37,20.6557,57760.0,0.0,1.0
2016-09-23,21.38,21.4,21.36,21.39,20.675,104827.0,0.0,1.0
2016-09-26,21.4,21.418000000000006,21.38,21.41,20.6944,62961.0,0.0,1.0
2016-09-27,21.41,21.42,21.37,21.41,20.6944,111629.0,0.0,1.0
2016-09-28,21.42,21.42,21.39,21.42,20.704,376249.0,0.0,1.0
2016-09-29,21.4,21.42,21.38,21.405,20.6895,128894.0,0.0,1.0
2016-09-30,21.42,21.423,21.38,21.4,20.6847,72540.0,0.0,1.0
2016-10-03,21.35,21.3799,21.32,21.3301,20.6484,193623.0,0.0323,1.0
2016-10-04,21.35,21.35,21.27,21.34,20.6579,81373.0,0.0,1.0
2016-10-05,21.32,21.33,21.272,21.325,20.6434,133429.0,0.0,1.0
2016-10-06,21.29,21.32,21.26,21.3029,20.622,143877.0,0.0,1.0
2016-10-07,21.31,21.33,21.2958,21.325,20.6434,107729.0,0.0,1.0
2016-10-10,21.3,21.33,21.3,21.33,20.6483,100437.0,0.0,1.0
2016-10-11,21.3,21.31,21.29,21.294,20.6134,94895.0,0.0,1.0
2016-10-12,21.31,21.3192,21.28,21.31,20.6289,161326.0,0.0,1.0
2016-10-13,21.29,21.34,21.28,21.32,20.6386,229723.0,0.0,1.0
2016-10-14,21.33,21.35,21.32,21.33,20.6483,89120.0,0.0,1.0
2016-10-17,21.33,21.35,21.3284,21.35,20.6676,60351.0,0.0,1.0
2016-10-18,21.34,21.37,21.315,21.36,20.6773,85603.0,0.0,1.0
2016-10-19,21.35,21.37,21.35,21.37,20.687,76694.0,0.0,1.0
2016-10-20,21.36,21.37,21.3485,21.35,20.6676,78327.0,0.0,1.0
2016-10-21,21.35,21.37,21.31,21.3501,20.6677,111350.0,0.0,1.0
2016-10-24,21.34,21.36,21.33,21.35,20.6676,47127.0,0.0,1.0
2016-10-25,21.33,21.36,21.33,21.36,20.6773,67858.0,0.0,1.0
2016-10-26,21.34,21.35,21.32,21.3443,20.6621,69886.0,0.0,1.0
2016-10-27,21.34,21.3499,21.3,21.34,20.6579,252120.0,0.0,1.0
2016-10-28,21.33,21.35,21.3101,21.3301,20.6484,122338.0,0.0,1.0
2016-10-31,21.32,21.36,21.308000000000003,21.35,20.6676,79310.0,0.0,1.0
2016-11-01,21.32,21.33,21.3,21.32,20.6674,107512.0,0.0298,1.0
2016-11-02,21.33,21.3499,21.31,21.33,20.6771,86204.0,0.0,1.0
2016-11-03,21.31,21.35,21.31,21.3307,20.6778,97299.0,0.0,1.0
2016-11-04,21.3,21.32,21.28,21.31,20.6577,77040.0,0.0,1.0
2016-11-07,21.31,21.3398,21.27,21.32,20.6674,56078.0,0.0,1.0
2016-11-08,21.29,21.33,21.285,21.2963,20.6445,249051.0,0.0,1.0
2016-11-09,21.25,21.31,21.2301,21.26,20.6093,155457.0,0.0,1.0
2016-11-10,21.25,21.27,21.226,21.26,20.6093,144578.0,0.0,1.0
2016-11-11,21.23,21.3,21.23,21.27,20.619,67227.0,0.0,1.0
2016-11-14,21.23,21.2881,21.17,21.22,20.5705,188281.0,0.0,1.0
2016-11-15,21.15,21.24,21.15,21.2201,20.5706,86931.0,0.0,1.0
2016-11-16,21.23,21.23,21.18,21.21,20.5608,186039.0,0.0,1.0
2016-11-17,21.19,21.2399,21.15,21.18,20.5317,344195.0,0.0,1.0
2016-11-18,21.17,21.1999,21.14,21.14,20.4929,251335.0,0.0,1.0
2016-11-21,21.14,21.18,21.14,21.16,20.5123,153775.0,0.0,1.0
2016-11-22,21.15,21.18,21.14,21.18,20.5317,153217.0,0.0,1.0
2016-11-23,21.16,21.1772,21.12,21.15,20.5026,200689.0,0.0,1.0
2016-11-25,21.12,21.1799,21.12,21.16,20.5123,23979.0,0.0,1.0
2016-11-28,21.2,21.2,21.142,21.17,20.522,397341.0,0.0,1.0
2016-11-29,21.16,21.19,21.16,21.17,20.522,141865.0,0.0,1.0
2016-11-30,21.19,21.21,21.15,21.18,20.5317,81341.0,0.0,1.0
2016-12-01,21.13,21.15,21.0,21.07,20.4563,208976.0,0.0322,1.0
2016-12-02,21.06,21.15,21.06,21.136,20.5204,290662.0,0.0,1.0
2016-12-05,21.09,21.15,21.09,21.14,20.5243,144142.0,0.0,1.0
2016-12-06,21.16,21.1732,21.1001,21.16,20.5437,240609.0,0.0,1.0
2016-12-07,21.16,21.18,21.1275,21.18,20.5631,158841.0,0.0,1.0
2016-12-08,21.16,21.18,21.02,21.15,20.534,227107.0,0.0,1.0
2016-12-09,21.15,21.18,21.1158,21.16,20.5437,223425.0,0.0,1.0
2016-12-12,21.15,21.18,21.0901,21.16,20.5437,349000.0,0.0,1.0
2016-12-13,21.18,21.18,21.16,21.1601,20.5438,141737.0,0.0,1.0
2016-12-14,21.15,21.17,21.0744,21.1,20.4854,115596.0,0.0,1.0
2016-12-15,21.09,21.1,21.07,21.1,20.4854,131289.0,0.0,1.0
2016-12-16,21.1,21.11,21.08,21.09,20.4757,265753.0,0.0,1.0
2016-12-19,21.1,21.12,21.0885,21.1,20.4854,109148.0,0.0,1.0
2016-12-20,21.09,21.1165,21.09,21.105,20.4903,98117.0,0.0,1.0
2016-12-21,21.1,21.13,21.1,21.13,20.5145,151789.0,0.0,1.0
2016-12-22,21.1,21.1326,21.09,21.125,20.5097,196525.0,0.0,1.0
2016-12-23,21.11,21.14,21.09,21.13,20.5145,358781.0,0.0,1.0
2016-12-27,21.15,21.15,21.11,21.13,20.5145,103234.0,0.0,1.0
2016-12-28,21.17,21.17,21.06,21.11,20.5288,152300.0,0.0347,1.0
2016-12-29,21.1,21.14,21.1,21.13,20.5483,151200.0,0.0,1.0
2016-12-30,21.11,21.15,21.11,21.14,20.558000000000003,121585.0,0.0,1.0
2017-01-03,21.14,21.22,21.1299,21.17,20.5872,476760.0,0.0,1.0
2017-01-04,21.14,21.195,21.13,21.16,20.5774,388197.0,0.0,1.0
2017-01-05,21.16,21.19,21.15,21.18,20.5969,372916.0,0.0,1.0
2017-01-06,21.17,21.18,21.15,21.16,20.5774,237356.0,0.0,1.0
2017-01-09,21.17,21.18,21.16,21.18,20.5969,189719.0,0.0,1.0
2017-01-10,21.18,21.18,21.15,21.17,20.5872,199886.0,0.0,1.0
2017-01-11,21.17,21.19,21.12,21.19,20.6066,219079.0,0.0,1.0
2017-01-12,21.17,21.19,21.11,21.19,20.6066,399883.0,0.0,1.0
2017-01-13,21.19,21.21,21.16,21.18,20.5969,134895.0,0.0,1.0
2017-01-17,21.2,21.21,21.16,21.21,20.6261,330998.0,0.0,1.0
2017-01-18,21.2,21.2,21.16,21.18,20.5969,336690.0,0.0,1.0
2017-01-19,21.18,21.18,21.15,21.18,20.5969,263849.0,0.0,1.0
2017-01-20,21.16,21.2198,21.15,21.215,20.6309,483456.0,0.0,1.0
2017-01-23,21.18,21.22,21.17,21.22,20.6358,164708.0,0.0,1.0
2017-01-24,21.21,21.21,21.19,21.2,20.6163,289321.0,0.0,1.0
2017-01-25,21.19,21.2099,21.16,21.19,20.6066,236965.0,0.0,1.0
2017-01-26,21.18,21.2,21.17,21.2,20.6163,364296.0,0.0,1.0
2017-01-27,21.2,21.21,21.17,21.2,20.6163,253269.0,0.0,1.0
2017-01-30,21.2,21.21,21.1782,21.2,20.6163,130347.0,0.0,1.0
2017-01-31,21.21,21.22,21.1801,21.215,20.6309,133408.0,0.0,1.0
2017-02-01,21.17,21.22,21.1301,21.18,20.6302,2638977.0,0.0343,1.0
2017-02-02,21.19,21.2,21.1715,21.19,20.64,195506.0,0.0,1.0
2017-02-03,21.2,21.21,21.18,21.19,20.64,543646.0,0.0,1.0
2017-02-06,21.21,21.22,21.191,21.22,20.6692,275158.0,0.0,1.0
2017-02-07,21.22,21.22,21.2,21.22,20.6692,415491.0,0.0,1.0
2017-02-08,21.23,21.23,21.18,21.22,20.6692,412047.0,0.0,1.0
2017-02-09,21.22,21.22,21.19,21.2,20.6497,240606.0,0.0,1.0
2017-02-10,21.21,21.2241,21.19,21.21,20.6595,234223.0,0.0,1.0
2017-02-13,21.21,21.22,21.19,21.21,20.6595,156935.0,0.0,1.0
2017-02-14,21.22,21.2269,21.17,21.2,20.6497,203535.0,0.0,1.0
2017-02-15,21.2,21.2199,21.1665,21.18,20.6302,491367.0,0.0,1.0
2017-02-16,21.19,21.22,21.1782,21.2,20.6497,400839.0,0.0,1.0
2017-02-17,21.22,21.2399,21.2,21.22,20.6692,234003.0,0.0,1.0
2017-02-21,21.21,21.24,21.2,21.22,20.6692,192973.0,0.0,1.0
2017-02-22,21.22,21.236,21.19,21.2,20.6497,175585.0,0.0,1.0
2017-02-23,21.23,21.25,21.21,21.24,20.6887,135121.0,0.0,1.0
2017-02-24,21.22,21.27,21.22,21.25,20.6984,243388.0,0.0,1.0
2017-02-27,21.28,21.28,21.24,21.24,20.6887,231358.0,0.0,1.0
2017-02-28,21.24,21.26,21.22,21.24,20.6887,242667.0,0.0,1.0
2017-03-01,21.2,21.2028,21.18,21.2,20.6753,124297.0,0.0263,1.0
2017-03-02,21.17,21.2,21.16,21.18,20.6558,143160.0,0.0,1.0
2017-03-03,21.19,21.2,21.17,21.19,20.6656,141754.0,0.0,1.0
2017-03-06,21.2,21.201,21.19,21.2,20.6753,130392.0,0.0,1.0
2017-03-07,21.18,21.2,21.18,21.19,20.6656,184228.0,0.0,1.0
2017-03-08,21.17,21.18,21.16,21.17,20.6461,186504.0,0.0,1.0
2017-03-09,21.16,21.19,21.14,21.15,20.6266,183987.0,0.0,1.0
2017-03-10,21.17,21.17,21.15,21.16,20.6363,138950.0,0.0,1.0
2017-03-13,21.16,21.2,21.14,21.16,20.6363,328629.0,0.0,1.0
2017-03-14,21.16,21.16,21.14,21.16,20.6363,129253.0,0.0,1.0
2017-03-15,21.16,21.2,21.14,21.2,20.6753,373624.0,0.0,1.0
2017-03-16,21.19,21.2,21.17,21.18,20.6558,825026.0,0.0,1.0
2017-03-17,21.18,21.19,21.16,21.18,20.6558,251437.0,0.0,1.0
2017-03-20,21.19,21.22,21.17,21.22,20.6949,349411.0,0.0,1.0
2017-03-21,21.19,21.22,21.19,21.22,20.6949,234879.0,0.0,1.0
2017-03-22,21.22,21.2397,21.2,21.22,20.6949,266886.0,0.0,1.0
2017-03-23,21.21,21.23,21.2,21.22,20.6949,324192.0,0.0,1.0
2017-03-24,21.22,21.22,21.2,21.22,20.6949,354560.0,0.0,1.0
2017-03-27,21.23,21.24,21.2,21.22,20.6949,410782.0,0.0,1.0
2017-03-28,21.22,21.229,21.2,21.21,20.6851,185975.0,0.0,1.0
2017-03-29,21.21,21.22,21.2,21.21,20.6851,161276.0,0.0,1.0
2017-03-30,21.2,21.22,21.2,21.21,20.6851,150681.0,0.0,1.0
2017-03-31,21.2,21.23,21.2,21.23,20.7046,164527.0,0.0,1.0
2017-04-03,21.2,21.21,21.18,21.19,20.6946,306472.0,0.0297,1.0
2017-04-04,21.19,21.2115,21.181,21.21,20.7141,119228.0,0.0,1.0
2017-04-05,21.19,21.2086,21.19,21.2,20.7043,61547.0,0.0,1.0
2017-04-06,21.2,21.21,21.19,21.21,20.7141,126828.0,0.0,1.0
2017-04-07,21.21,21.2235,21.2,21.21,20.7141,239540.0,0.0,1.0
2017-04-10,21.21,21.21,21.2,21.21,20.7141,139845.0,0.0,1.0
2017-04-11,21.22,21.2313,21.2,21.22,20.7239,252736.0,0.0,1.0
2017-04-12,21.23,21.23,21.16,21.23,20.7336,349010.0,0.0,1.0
2017-04-13,21.24,21.25,21.22,21.245,20.7483,170947.0,0.0,1.0
2017-04-17,21.25,21.26,21.23,21.255,20.758000000000006,113449.0,0.0,1.0
2017-04-18,21.26,21.2614,21.24,21.255,20.758000000000006,113834.0,0.0,1.0
2017-04-19,21.25,21.28,21.25,21.26,20.7629,109263.0,0.0,1.0
2017-04-20,21.26,21.26,21.23,21.25,20.7532,139790.0,0.0,1.0
2017-04-21,21.26,21.269,21.23,21.25,20.7532,116789.0,0.0,1.0
2017-04-24,21.24,21.25,21.23,21.25,20.7532,135883.0,0.0,1.0
2017-04-25,21.24,21.24,21.2,21.2,20.7043,276926.0,0.0,1.0
2017-04-26,21.21,21.21,21.2,21.21,20.7141,123969.0,0.0,1.0
2017-04-27,21.21,21.22,21.19,21.22,20.7239,384241.0,0.0,1.0
2017-04-28,21.22,21.2208,21.2,21.22,20.7239,157074.0,0.0,1.0
2017-05-01,21.18,21.199,21.18,21.19,20.7221,121057.0,0.0282,1.0
2017-05-02,21.19,21.2,21.18,21.2,20.7319,109860.0,0.0,1.0
2017-05-03,21.19,21.2,21.19,21.19,20.7221,158887.0,0.0,1.0
2017-05-04,21.18,21.19,21.18,21.19,20.7221,83747.0,0.0,1.0
2017-05-05,21.2,21.2,21.18,21.19,20.7221,187689.0,0.0,1.0
2017-05-08,21.19,21.203000000000007,21.18,21.19,20.7221,194059.0,0.0,1.0
2017-05-09,21.18,21.1968,21.16,21.19,20.7221,205871.0,0.0,1.0
2017-05-10,21.19,21.2,21.17,21.19,20.7221,142043.0,0.0,1.0
2017-05-11,21.19,21.21,21.1783,21.2,20.7319,211715.0,0.0,1.0
2017-05-12,21.2,21.23,21.2,21.225,20.7563,131882.0,0.0,1.0
2017-05-15,21.25,21.25,21.21,21.24,20.771,177138.0,0.0,1.0
2017-05-16,21.25,21.26,21.22,21.24,20.771,191405.0,0.0,1.0
2017-05-17,21.26,21.272,21.23,21.26,20.7906,158178.0,0.0,1.0
2017-05-18,21.25,21.26,21.23,21.26,20.7906,155045.0,0.0,1.0
2017-05-19,21.24,21.2625,21.23,21.26,20.7906,174878.0,0.0,1.0
2017-05-22,21.25,21.26,21.23,21.26,20.7906,155837.0,0.0,1.0
2017-05-23,21.24,21.26,21.24,21.245,20.7759,117825.0,0.0,1.0
2017-05-24,21.24,21.25,21.23,21.25,20.7808,248930.0,0.0,1.0
2017-05-25,21.24,21.27,21.23,21.24,20.771,108147.0,0.0,1.0
2017-05-26,21.25,21.25,21.22,21.24,20.771,76189.0,0.0,1.0
2017-05-30,21.25,21.27,21.23,21.27,20.8003,143771.0,0.0,1.0
2017-05-31,21.25,21.27,21.25,21.27,20.8003,100602.0,0.0,1.0
2017-06-01,21.23,21.23,21.21,21.23,20.7936,98452.0,0.0331,1.0
2017-06-02,21.24,21.2461,21.23,21.24,20.8034,169058.0,0.0,1.0
2017-06-05,21.25,21.25,21.22,21.24,20.8034,1605.0,0.0,1.0
2017-06-06,21.24,21.25,21.23,21.24,20.8034,1559.0,0.0,1.0
2017-06-07,21.25,21.25,21.22,21.24,20.8034,1792.0,0.0,1.0
2017-06-08,21.23,21.24,21.22,21.23,20.7936,104302.0,0.0,1.0
2017-06-09,21.23,21.23,21.2107,21.23,20.7936,76269.0,0.0,1.0
2017-06-12,21.22,21.23,21.21,21.23,20.7936,192619.0,0.0,1.0
2017-06-13,21.22,21.23,21.2,21.23,20.7936,93446.0,0.0,1.0
2017-06-14,21.23,21.26,21.23,21.24,20.8034,137689.0,0.0,1.0
2017-06-15,21.23,21.23,21.21,21.22,20.7838,94158.0,0.0,1.0
2017-06-16,21.22,21.25,21.21,21.24,20.8034,78881.0,0.0,1.0
2017-06-19,21.26,21.26,21.22,21.24,20.8034,105130.0,0.0,1.0
2017-06-20,21.25,21.25,21.22,21.24,20.8034,107136.0,0.0,1.0
2017-06-21,21.22,21.24,21.22,21.24,20.8034,96541.0,0.0,1.0
2017-06-22,21.25,21.25,21.22,21.245,20.8083,305055.0,0.0,1.0
2017-06-23,21.25,21.26,21.24,21.25,20.8132,89943.0,0.0,1.0
2017-06-26,21.26,21.26,21.23,21.25,20.8132,322850.0,0.0,1.0
2017-06-27,21.24,21.25,21.23,21.25,20.8132,165553.0,0.0,1.0
2017-06-28,21.24,21.26,21.24,21.26,20.823,152597.0,0.0,1.0
2017-06-29,21.26,21.26,21.23,21.24,20.8034,125126.0,0.0,1.0
2017-06-30,21.25,21.26,21.24,21.26,20.823,108269.0,0.0,1.0
2017-07-03,21.22,21.25,21.21,21.22,20.813,69860.0,0.0298,1.0
2017-07-05,21.21,21.2224,21.2,21.2,20.7934,131729.0,0.0,1.0
2017-07-06,21.22,21.23,21.1976,21.22,20.813,157066.0,0.0,1.0
2017-07-07,21.23,21.23,21.21,21.23,20.8228,87313.0,0.0,1.0
2017-07-10,21.26,21.26,21.24,21.26,20.8522,298672.0,0.0,1.0
2017-07-11,21.25,21.2581,21.23,21.245,20.8375,132118.0,0.0,1.0
2017-07-12,21.26,21.27,21.2508,21.27,20.862,143169.0,0.0,1.0
2017-07-13,21.27,21.27,21.25,21.26,20.8522,135235.0,0.0,1.0
2017-07-14,21.27,21.27,21.251,21.265,20.8571,128766.0,0.0,1.0
2017-07-17,21.26,21.28,21.25,21.27,20.862,105867.0,0.0,1.0
2017-07-18,21.27,21.28,21.26,21.27,20.862,153212.0,0.0,1.0
2017-07-19,21.26,21.27,21.26,21.27,20.862,137005.0,0.0,1.0
2017-07-20,21.26,21.287,21.26,21.27,20.862,123613.0,0.0,1.0
2017-07-21,21.28,21.2881,21.26,21.28,20.8718,86948.0,0.0,1.0
2017-07-24,21.28,21.29,21.27,21.29,20.8816,128981.0,0.0,1.0
2017-07-25,21.26,21.28,21.26,21.26,20.8522,97693.0,0.0,1.0
2017-07-26,21.28,21.29,21.27,21.29,20.8816,78296.0,0.0,1.0
2017-07-27,21.28,21.29,21.26,21.29,20.8816,450495.0,0.0,1.0
2017-07-28,21.28,21.3,21.27,21.28,20.8718,75943.0,0.0,1.0
2017-07-31,21.29,21.3,21.28,21.29,20.8816,68457.0,0.0,1.0
2017-08-01,21.27,21.27,21.25,21.27,20.8919,94751.0,0.0305,1.0
2017-08-02,21.28,21.28,21.25,21.26,20.8821,133624.0,0.0,1.0
2017-08-03,21.26,21.27,21.24,21.27,20.8919,114912.0,0.0,1.0
2017-08-04,21.25,21.27,21.24,21.26,20.8821,107756.0,0.0,1.0
2017-08-07,21.27,21.27,21.24,21.265,20.887,131894.0,0.0,1.0
2017-08-08,21.27,21.28,21.25,21.27,20.8919,329265.0,0.0,1.0
2017-08-09,21.27,21.2799,21.24,21.24,20.8625,200894.0,0.0,1.0
2017-08-10,21.26,21.26,21.23,21.24,20.8625,129033.0,0.0,1.0
2017-08-11,21.24,21.27,21.23,21.25,20.8723,147990.0,0.0,1.0
2017-08-14,21.25,21.26,21.24,21.26,20.8821,116900.0,0.0,1.0
2017-08-15,21.25,21.26,21.24,21.26,20.8821,204200.0,0.0,1.0
2017-08-16,21.25,21.27,21.24,21.27,20.8919,138607.0,0.0,1.0
2017-08-17,21.27,21.27,21.24,21.26,20.8821,238484.0,0.0,1.0
2017-08-18,21.26,21.28,21.25,21.25,20.8723,147384.0,0.0,1.0
2017-08-21,21.26,21.28,21.26,21.28,20.9018,109112.0,0.0,1.0
2017-08-22,21.25,21.28,21.24,21.26,20.8821,414879.0,0.0,1.0
2017-08-23,21.25,21.28,21.25,21.27,20.8919,151100.0,0.0,1.0
2017-08-24,21.27,21.27,21.25,21.26,20.8821,48542.0,0.0,1.0
2017-08-25,21.27,21.28,21.26,21.27,20.8919,75904.0,0.0,1.0
2017-08-28,21.28,21.28,21.25,21.275,20.8968,112065.0,0.0,1.0
2017-08-29,21.27,21.29,21.261,21.275,20.8968,74068.0,0.0,1.0
2017-08-30,21.28,21.29,21.27,21.29,20.9116,127374.0,0.0,1.0
2017-08-31,21.29,21.29,21.26,21.28,20.9018,224501.0,0.0,1.0
2017-09-01,21.25,21.26,21.24,21.24,20.8927,102016.0,0.0308,1.0
2017-09-05,21.25,21.27,21.24,21.27,20.9222,138937.0,0.0,1.0
2017-09-06,21.25,21.27,21.24,21.26,20.9124,133567.0,0.0,1.0
2017-09-07,21.26,21.28,21.25,21.25,20.9026,201482.0,0.0,1.0
2017-09-08,21.27,21.28,21.25,21.27,20.9222,145265.0,0.0,1.0
2017-09-11,21.25,21.27,21.25,21.27,20.9222,111186.0,0.0,1.0
2017-09-12,21.26,21.2699,21.25,21.26,20.9124,76718.0,0.0,1.0
2017-09-13,21.25,21.26,21.24,21.26,20.9124,80751.0,0.0,1.0
2017-09-14,21.24,21.26,21.23,21.26,20.9124,129103.0,0.0,1.0
2017-09-15,21.25,21.25,21.23,21.25,20.9026,144212.0,0.0,1.0
2017-09-18,21.25,21.26,21.22,21.26,20.9124,200334.0,0.0,1.0
2017-09-19,21.24,21.26,21.23,21.25,20.9026,107876.0,0.0,1.0
2017-09-20,21.25,21.26,21.23,21.25,20.9026,132044.0,0.0,1.0
2017-09-21,21.25,21.25,21.23,21.24,20.8927,194597.0,0.0,1.0
2017-09-22,21.24,21.25,21.23,21.245,20.8976,148634.0,0.0,1.0
2017-09-25,21.23,21.27,21.23,21.26,20.9124,122043.0,0.0,1.0
2017-09-26,21.23,21.26,21.23,21.26,20.9124,148492.0,0.0,1.0
2017-09-27,21.24,21.26,21.24,21.255,20.9075,104927.0,0.0,1.0
2017-09-28,21.24,21.27,21.24,21.27,20.9222,148076.0,0.0,1.0
2017-09-29,21.26,21.27,21.24,21.25,20.9026,153905.0,0.0,1.0
2017-10-02,21.24,21.27,21.24,21.265,20.9173,200659.0,0.0,1.0
2017-10-03,21.22,21.24,21.21,21.23,20.9139,235792.0,0.0315,1.0
2017-10-04,21.23,21.24,21.21,21.235,20.9188,334325.0,0.0,1.0
2017-10-05,21.23,21.24,21.21,21.23,20.9139,201442.0,0.0,1.0
2017-10-06,21.23,21.23,21.18,21.22,20.904,467960.0,0.0,1.0
2017-10-09,21.24,21.24,21.2,21.22,20.904,97855.0,0.0,1.0
2017-10-10,21.21,21.24,21.21,21.23,20.9139,237742.0,0.0,1.0
2017-10-11,21.23,21.2403,21.22,21.24,20.9237,166919.0,0.0,1.0
2017-10-12,21.23,21.24,21.22,21.23,20.9139,133232.0,0.0,1.0
2017-10-13,21.22,21.25,21.22,21.25,20.9336,322318.0,0.0,1.0
2017-10-16,21.24,21.25,21.22,21.24,20.9237,111847.0,0.0,1.0
2017-10-17,21.24,21.25,21.23,21.235,20.9188,117696.0,0.0,1.0
2017-10-18,21.24,21.24,21.21,21.21,20.8942,184471.0,0.0,1.0
2017-10-19,21.22,21.24,21.21,21.24,20.9237,86260.0,0.0,1.0
2017-10-20,21.24,21.24,21.22,21.235,20.9188,84286.0,0.0,1.0
2017-10-23,21.24,21.25,21.22,21.23,20.9139,153490.0,0.0,1.0
2017-10-24,21.21,21.23,21.21,21.21,20.8942,215883.0,0.0,1.0
2017-10-25,21.21,21.23,21.21,21.23,20.9139,728067.0,0.0,1.0
2017-10-26,21.21,21.24,21.2,21.23,20.9139,164435.0,0.0,1.0
2017-10-27,21.23,21.25,21.21,21.24,20.9237,228641.0,0.0,1.0
2017-10-30,21.22,21.25,21.22,21.22,20.904,161976.0,0.0,1.0
2017-10-31,21.25,21.26,21.22,21.23,20.9139,132765.0,0.0,1.0
2017-11-01,21.23,21.24,21.21,21.23,20.9139,140594.0,0.0,1.0
2017-11-02,21.21,21.21,21.18,21.185,20.8987,196915.0,0.0296,1.0
2017-11-03,21.19,21.21,21.18,21.2,20.9135,259611.0,0.0,1.0
2017-11-06,21.21,21.2114,21.18,21.2,20.9135,141631.0,0.0,1.0
2017-11-07,21.18,21.2,21.17,21.17,20.8839,170551.0,0.0,1.0
2017-11-08,21.18,21.2,21.16,21.18,20.8938,247432.0,0.0,1.0
2017-11-09,21.16,21.16,21.15,21.16,20.874,165109.0,0.0,1.0
2017-11-10,21.14,21.16,21.13,21.14,20.8543,174147.0,0.0,1.0
2017-11-13,21.14,21.16,21.14,21.15,20.8642,88684.0,0.0,1.0
2017-11-14,21.15,21.16,21.14,21.15,20.8642,147989.0,0.0,1.0
2017-11-15,21.14,21.15,21.13,21.14,20.8543,213286.0,0.0,1.0
2017-11-16,21.14,21.16,21.12,21.15,20.8642,144968.0,0.0,1.0
2017-11-17,21.14,21.15,21.12,21.13,20.8444,252301.0,0.0,1.0
2017-11-20,21.13,21.14,21.12,21.14,20.8543,118846.0,0.0,1.0
2017-11-21,21.13,21.14,21.12,21.13,20.8444,128793.0,0.0,1.0
2017-11-22,21.11,21.16,21.11,21.15,20.8642,148046.0,0.0,1.0
2017-11-24,21.14,21.16,21.14,21.16,20.874,40720.0,0.0,1.0
2017-11-27,21.16,21.16,21.13,21.15,20.8642,167927.0,0.0,1.0
2017-11-28,21.14,21.155,21.14,21.15,20.8642,98744.0,0.0,1.0
2017-11-29,21.14,21.16,21.13,21.15,20.8642,139853.0,0.0,1.0
2017-11-30,21.14,21.152,21.13,21.145,20.8592,129360.0,0.0,1.0
2017-12-01,21.13,21.1535,21.12,21.13,20.8444,123297.0,0.0,1.0
2017-12-04,21.11,21.11,21.09,21.11,20.854,123209.0,0.0297,1.0
2017-12-05,21.08,21.11,21.08,21.1,20.8441,166669.0,0.0,1.0
2017-12-06,21.1,21.12,21.09,21.1039,20.848000000000006,100199.0,0.0,1.0
2017-12-07,21.12,21.12,21.109,21.12,20.8639,155702.0,0.0,1.0
2017-12-08,21.12,21.1299,21.11,21.12,20.8639,134229.0,0.0,1.0
2017-12-11,21.1,21.12,21.1,21.11,20.854,147604.0,0.0,1.0
2017-12-12,21.09,21.12,21.09,21.1,20.8441,153744.0,0.0,1.0
2017-12-13,21.12,21.14,21.1,21.13,20.8738,239636.0,0.0,1.0
2017-12-14,21.12,21.13,21.101,21.12,20.8639,150692.0,0.0,1.0
2017-12-15,21.12,21.12,21.1,21.12,20.8639,150780.0,0.0,1.0
2017-12-18,21.11,21.13,21.1,21.11,20.854,131670.0,0.0,1.0
2017-12-19,21.105,21.11,21.1,21.11,20.854,96357.0,0.0,1.0
2017-12-20,21.12,21.13,21.11,21.12,20.8639,90893.0,0.0,1.0
2017-12-21,21.11,21.12,21.1,21.1156,20.8595,149959.0,0.0,1.0
2017-12-22,21.115,21.12,21.11,21.12,20.8639,114366.0,0.0,1.0
2017-12-26,21.1,21.13,21.1,21.12,20.8639,133515.0,0.0,1.0
2017-12-27,21.12,21.14,21.1,21.14,20.8836,246770.0,0.0,1.0
2017-12-28,21.08,21.29,21.08,21.08,20.8349,72761.0,0.0107,1.0
2017-12-29,21.09,21.1,21.08,21.0869,20.8418,189646.0,0.0,1.0
2018-01-02,21.09,21.1,21.08,21.09,20.8448,254471.0,0.0,1.0
2018-01-03,21.1,21.1,21.06,21.08,20.8349,412743.0,0.0,1.0
2018-01-04,21.08,21.09,21.05,21.06,20.8152,327024.0,0.0,1.0
2018-01-05,21.06,21.09,21.06,21.09,20.8448,474065.0,0.0,1.0
2018-01-08,21.09,21.1,21.05,21.07,20.8251,732017.0,0.0,1.0
2018-01-09,21.06,21.09,21.05,21.07,20.8251,491662.0,0.0,1.0
2018-01-10,21.07,21.08,21.06,21.07,20.8251,183891.0,0.0,1.0
2018-01-11,21.09,21.09,21.06,21.09,20.8448,268227.0,0.0,1.0
2018-01-12,21.07,21.09,21.05,21.08,20.8349,329641.0,0.0,1.0
2018-01-16,21.06,21.07,21.03,21.05,20.8053,513129.0,0.0,1.0
2018-01-17,21.05,21.06,21.03,21.05,20.8053,335574.0,0.0,1.0
2018-01-18,21.04,21.05,21.04,21.05,20.8053,222604.0,0.0,1.0
2018-01-19,21.05,21.05,21.04,21.05,20.8053,247739.0,0.0,1.0
2018-01-22,21.03,21.04,21.03,21.04,20.7954,248460.0,0.0,1.0
2018-01-23,21.04,21.08,21.035,21.05,20.8053,593835.0,0.0,1.0
2018-01-24,21.05,21.08,21.04,21.04,20.7954,196556.0,0.0,1.0
2018-01-25,21.06,21.07,21.04,21.07,20.8251,274720.0,0.0,1.0
2018-01-26,21.04,21.07,21.04,21.06,20.8152,288470.0,0.0,1.0
2018-01-29,21.06,21.09,21.05,21.08,20.8349,373081.0,0.0,1.0
2018-01-30,21.08,21.0899,21.06,21.08,20.8349,354253.0,0.0,1.0
2018-01-31,21.08,21.09,21.07,21.08,20.8349,269957.0,0.0,1.0
2018-02-01,21.07,21.1,21.05,21.06,20.8152,306370.0,0.0,1.0
2018-02-02,21.04,21.06,21.03,21.06,20.8505,435335.0,0.0357,1.0
2018-02-05,21.06,21.09,21.031,21.05,20.8406,433718.0,0.0,1.0
2018-02-06,21.04,21.0772,21.04,21.06,20.8505,305371.0,0.0,1.0
2018-02-07,21.07,21.075,21.031,21.05,20.8406,553176.0,0.0,1.0
2018-02-08,21.03,21.06,21.02,21.04,20.8307,401232.0,0.0,1.0
2018-02-09,21.03,21.04,21.01,21.03,20.8208,242493.0,0.0,1.0
2018-02-12,21.04,21.04,21.02,21.04,20.8307,206610.0,0.0,1.0
2018-02-13,21.03,21.03,21.0,21.02,20.8109,245698.0,0.0,1.0
2018-02-14,21.01,21.01,20.98,21.01,20.801,264694.0,0.0,1.0
2018-02-15,20.99,21.0,20.98,21.0,20.7911,233294.0,0.0,1.0
2018-02-16,20.99,21.01,20.99,21.0,20.7911,168155.0,0.0,1.0
2018-02-20,20.99,21.02,20.99,21.0,20.7911,243663.0,0.0,1.0
2018-02-21,21.0,21.01,20.98,21.0,20.7911,191319.0,0.0,1.0
2018-02-22,20.99,21.02,20.98,21.01,20.801,144040.0,0.0,1.0
2018-02-23,21.0,21.02,20.9918,21.0,20.7911,115483.0,0.0,1.0
2018-02-26,21.02,21.04,21.0144,21.04,20.8307,200761.0,0.0,1.0
2018-02-27,21.03,21.03,20.99,21.01,20.801,145875.0,0.0,1.0
2018-02-28,21.02,21.02,20.99,21.01,20.801,128928.0,0.0,1.0
2018-03-01,21.01,21.03,21.0,21.03,20.8208,201905.0,0.0,1.0
2018-03-02,20.9998,21.0,20.95,20.97,20.789,195720.0,0.0279,1.0
2018-03-05,20.96,20.99,20.95,20.97,20.789,234102.0,0.0,1.0
2018-03-06,20.96,20.98,20.95,20.96,20.7791,233140.0,0.0,1.0
2018-03-07,20.96,20.98,20.95,20.98,20.7989,149024.0,0.0,1.0
2018-03-08,20.97,20.98,20.96,20.97,20.789,207938.0,0.0,1.0
2018-03-09,20.97,20.98,20.95,20.97,20.789,172404.0,0.0,1.0
2018-03-12,20.96,20.98,20.96,20.97,20.789,79356.0,0.0,1.0
2018-03-13,20.97,20.98,20.95,20.96,20.7791,125457.0,0.0,1.0
2018-03-14,20.97,20.97,20.95,20.96,20.7791,217959.0,0.0,1.0
2018-03-15,20.96,20.97,20.95,20.96,20.7791,123141.0,0.0,1.0
2018-03-16,20.96,20.96,20.94,20.96,20.7791,97576.0,0.0,1.0
2018-03-19,20.96,20.97,20.94,20.95,20.7692,134184.0,0.0,1.0
2018-03-20,20.94,20.96,20.94,20.95,20.7692,83294.0,0.0,1.0
2018-03-21,20.95,20.97,20.95,20.97,20.789,111649.0,0.0,1.0
2018-03-22,20.96,20.97,20.95,20.96,20.7791,150030.0,0.0,1.0
2018-03-23,20.97,20.979,20.95,20.96,20.7791,106153.0,0.0,1.0
2018-03-26,20.96,20.99,20.96,20.975,20.7939,160536.0,0.0,1.0
2018-03-27,20.96,20.98,20.96,20.975,20.7939,123682.0,0.0,1.0
2018-03-28,20.96,20.98,20.96,20.965,20.784,111865.0,0.0,1.0
2018-03-29,20.96,21.02,20.95,20.98,20.7989,817637.0,0.0,1.0
2018-04-02,20.99,20.993,20.97,20.97,20.789,195095.0,0.0,1.0
2018-04-03,20.9534,20.97,20.94,20.94,20.7915,91172.0,0.0325,1.0
2018-04-04,20.94,20.97,20.92,20.97,20.8212,511861.0,0.0,1.0
2018-04-05,20.96,20.97,20.95,20.9629,20.8142,147174.0,0.0,1.0
2018-04-06,20.97,20.98,20.96,20.97,20.8212,150657.0,0.0,1.0
2018-04-09,20.97,20.985,20.96,20.98,20.8312,137847.0,0.0,1.0
2018-04-10,20.99,20.995,20.97,20.985,20.8361,120221.0,0.0,1.0
2018-04-11,20.97,20.99,20.97,20.985,20.8361,151570.0,0.0,1.0
2018-04-12,20.98,20.99,20.96,20.98,20.8312,129560.0,0.0,1.0
2018-04-13,20.96,20.98,20.95,20.97,20.8212,351030.0,0.0,1.0
2018-04-16,20.97,21.0,20.96,20.99,20.8411,126752.0,0.0,1.0
2018-04-17,20.99,20.99,20.97,20.97,20.8212,186763.0,0.0,1.0
2018-04-18,20.99,21.0039,20.97,20.98,20.8312,181162.0,0.0,1.0
2018-04-19,20.99,20.99,20.96,20.99,20.8411,107604.0,0.0,1.0
2018-04-20,20.99,20.99,20.96,20.96,20.8113,114910.0,0.0,1.0
2018-04-23,20.99,20.99,20.96,20.96,20.8113,181454.0,0.0,1.0
2018-04-24,20.99,20.99,20.97,20.98,20.8312,106280.0,0.0,1.0
2018-04-25,20.99,20.99,20.97,20.975,20.8262,92097.0,0.0,1.0
2018-04-26,20.97,20.99,20.97,20.98,20.8312,150499.0,0.0,1.0
2018-04-27,20.98,21.01,20.98,20.98,20.8312,79614.0,0.0,1.0
2018-04-30,20.98,21.0,20.98,21.0,20.851,147981.0,0.0,1.0
2018-05-01,21.01,21.03,20.99,20.995,20.8461,196031.0,0.0,1.0
2018-05-02,20.97,20.99,20.97,20.99,20.8734,171393.0,0.0325,1.0
2018-05-03,20.99,21.03,20.97,20.98,20.8634,94905.0,0.0,1.0
2018-05-04,20.99,21.0,20.97,20.98,20.8634,107996.0,0.0,1.0
2018-05-07,20.99,20.99,20.97,20.99,20.8734,143541.0,0.0,1.0
2018-05-08,20.97,20.99,20.97,20.99,20.8734,148800.0,0.0,1.0
2018-05-09,20.97,20.99,20.97,20.99,20.8734,173374.0,0.0,1.0
2018-05-10,20.98,21.0,20.97,20.97,20.8535,308428.0,0.0,1.0
2018-05-11,20.97,21.0,20.97,21.0,20.8833,154262.0,0.0,1.0
2018-05-14,21.0,21.01,20.99,21.01,20.8933,183300.0,0.0,1.0
2018-05-15,21.0,21.01,20.99,21.01,20.8933,243692.0,0.0,1.0
2018-05-16,21.02,21.048,21.02,21.03,20.9131,150541.0,0.0,1.0
2018-05-17,21.04,21.04,21.01,21.03,20.9131,149196.0,0.0,1.0
2018-05-18,21.02,21.03,21.0,21.02,20.9032,202799.0,0.0,1.0
2018-05-21,21.0,21.01,20.99,21.01,20.8933,223316.0,0.0,1.0
2018-05-22,21.01,21.03,21.0064,21.01,20.8933,164365.0,0.0,1.0
2018-05-23,21.05,21.05,21.02,21.04,20.9231,233446.0,0.0,1.0
2018-05-24,21.05,21.05,21.0339,21.04,20.9231,122383.0,0.0,1.0
2018-05-25,21.05,21.0699,21.03,21.04,20.9231,132590.0,0.0,1.0
2018-05-29,21.06,21.09,21.06,21.08,20.9629,129200.0,0.0,1.0
2018-05-30,21.12,21.12,21.06,21.07,20.9529,335830.0,0.0,1.0
2018-05-31,21.07,21.109,21.04,21.06,20.943,96490.0,0.0,1.0
2018-06-01,21.05,21.05,21.03,21.04,20.9231,182090.0,0.0,1.0
2018-06-04,21.01,21.03,20.98,21.0,20.9183,99565.0,0.0352,1.0
2018-06-05,21.0,21.02,20.99,21.0,20.9183,190281.0,0.0,1.0
2018-06-06,21.0,21.02,21.0,21.0,20.9183,146384.0,0.0,1.0
2018-06-07,21.0,21.03,21.0,21.03,20.9482,292612.0,0.0,1.0
2018-06-08,21.02,21.03,21.01,21.03,20.9482,161739.0,0.0,1.0
2018-06-11,21.03,21.03,21.02,21.03,20.9482,160300.0,0.0,1.0
2018-06-12,21.01,21.05,21.01,21.04,20.9582,720569.0,0.0,1.0
2018-06-13,21.05,21.05,21.01,21.03,20.9482,401569.0,0.0,1.0
2018-06-14,21.04,21.04,21.03,21.04,20.9582,296601.0,0.0,1.0
2018-06-15,21.05,21.05,21.03,21.03,20.9482,305981.0,0.0,1.0
2018-06-18,21.06,21.06,21.03,21.05,20.9681,172417.0,0.0,1.0
2018-06-19,21.04,21.05,21.03,21.04,20.9582,169451.0,0.0,1.0
2018-06-20,21.03,21.05,21.029,21.05,20.9681,293032.0,0.0,1.0
2018-06-21,21.04,21.05,20.96,20.99,20.9084,1255950.0,0.0,1.0
2018-06-22,21.0,21.01,20.98,20.99,20.9084,266487.0,0.0,1.0
2018-06-25,20.99,21.0,20.98,20.99,20.9084,188200.0,0.0,1.0
2018-06-26,20.99,21.0,20.98,20.99,20.9084,145942.0,0.0,1.0
2018-06-27,20.99,21.0,20.98,20.99,20.9084,197712.0,0.0,1.0
2018-06-28,20.99,21.0,20.98,21.0,20.9183,189132.0,0.0,1.0
2018-06-29,21.0,21.0,20.99,20.995,20.9133,175866.0,0.0,1.0
2018-07-02,21.0,21.01,20.98,21.01,20.9283,272067.0,0.0,1.0
2018-07-03,20.97,20.98,20.97,20.98,20.9311,58748.0,0.0328,1.0
2018-07-05,20.99,21.0,20.98,21.0,20.951,211537.0,0.0,1.0
2018-07-06,21.01,21.02,20.98,20.995,20.946,104863.0,0.0,1.0
2018-07-09,20.98,21.01,20.98,21.01,20.961,277935.0,0.0,1.0
2018-07-10,21.0,21.02,20.98,20.99,20.9411,251220.0,0.0,1.0
2018-07-11,20.99,21.02,20.99,20.995,20.946,105494.0,0.0,1.0
2018-07-12,20.99,21.02,20.98,21.01,20.961,142135.0,0.0,1.0
2018-07-13,21.01,21.01,20.98,20.99,20.9411,385946.0,0.0,1.0
2018-07-16,20.99,21.0,20.98,20.99,20.9411,155055.0,0.0,1.0
2018-07-17,20.99,21.01,20.99,21.0,20.951,95283.0,0.0,1.0
2018-07-18,20.99,21.03,20.99,21.02,20.971,191080.0,0.0,1.0
2018-07-19,21.01,21.03,21.0,21.02,20.971,171100.0,0.0,1.0
2018-07-20,21.0,21.03,21.0,21.03,20.981,142895.0,0.0,1.0
2018-07-23,21.02,21.04,21.02,21.04,20.9909,134500.0,0.0,1.0
2018-07-24,21.02,21.04,21.02,21.04,20.9909,95575.0,0.0,1.0
2018-07-25,21.02,21.04,21.01,21.04,20.9909,108598.0,0.0,1.0
2018-07-26,21.04,21.05,21.02,21.03,20.981,182586.0,0.0,1.0
2018-07-27,21.03,21.05,21.021,21.05,21.0009,112320.0,0.0,1.0
2018-07-30,21.05,21.06,21.0307,21.05,21.0009,116750.0,0.0,1.0
2018-07-31,21.06,21.06,21.04,21.06,21.0109,151972.0,0.0,1.0
2018-08-01,21.06,21.06,21.045,21.06,21.0109,212510.0,0.0,1.0
2018-08-02,21.02,21.03,21.02,21.03,21.0141,106076.0,0.0332,1.0
2018-08-03,21.03,21.04,21.02,21.04,21.0241,156621.0,0.0,1.0
2018-08-06,21.05,21.05,21.02,21.04,21.0241,156300.0,0.0,1.0
2018-08-07,21.03,21.07,21.03,21.06,21.0441,1204447.0,0.0,1.0
2018-08-08,21.05,21.07,21.03,21.06,21.0441,394105.0,0.0,1.0
2018-08-09,21.07,21.07,21.0101,21.04,21.0241,735504.0,0.0,1.0
2018-08-10,21.04,21.09,21.04,21.07,21.0541,535274.0,0.0,1.0
2018-08-13,21.08,21.08,21.04,21.04,21.0241,917241.0,0.0,1.0
2018-08-14,21.05,21.07,21.05,21.06,21.0441,126422.0,0.0,1.0
2018-08-15,21.06,21.07,21.06,21.0668,21.0509,126337.0,0.0,1.0
2018-08-16,21.08,21.08,21.04,21.05,21.0341,330711.0,0.0,1.0
2018-08-17,21.06,21.07,21.05,21.06,21.0441,121598.0,0.0,1.0
2018-08-20,21.04,21.0703,21.04,21.05,21.05,130090.0,0.0159,1.0
2018-08-21,21.06,21.07,21.05,21.06,21.06,155978.0,0.0,1.0
2018-08-22,21.05,21.07,21.05,21.06,21.06,206350.0,0.0,1.0
2018-08-23,21.05,21.07,21.05,21.07,21.07,157194.0,0.0,1.0
2018-08-24,21.07,21.08,21.0524,21.07,21.07,198448.0,0.0,1.0
2018-08-27,21.07,21.08,21.07,21.0799,21.0799,158343.0,0.0,1.0
2018-08-28,21.08,21.0847,21.07,21.07,21.07,132648.0,0.0,1.0
2018-08-29,21.08,21.09,21.06,21.08,21.08,180950.0,0.0,1.0
2018-08-30,21.07,21.09,21.07,21.08,21.08,300500.0,0.0,1.0
2018-08-31,21.08,21.09,21.06,21.08,21.08,879735.0,0.0,1.0
2018-09-04,21.08,21.091,21.065,21.09,21.09,154613.0,0.0,1.0
