date,1. open,2. high,3. low,4. close,5. adjusted close,6. volume,7. dividend amount,8. split coefficient
2013-10-01,25.01,25.01,25.01,25.01,16.0822,200.0,0.0,1.0
2013-10-02,25.01,25.01,25.01,25.01,16.0822,0.0,0.0,1.0
2013-10-03,25.01,25.01,25.01,25.01,16.0822,0.0,0.0,1.0
2013-10-04,25.01,25.01,25.01,25.01,16.0822,0.0,0.0,1.0
2013-10-07,25.01,25.01,25.01,25.01,16.0822,0.0,0.0,1.0
2013-10-08,25.01,25.01,25.01,25.01,16.0822,0.0,0.0,1.0
2013-10-09,24.92,25.04,24.92,25.04,16.1015,400.0,0.0,1.0
2013-10-10,25.04,25.04,25.04,25.04,16.1015,0.0,0.0,1.0
2013-10-11,25.04,25.04,25.04,25.04,16.1015,0.0,0.0,1.0
2013-10-14,25.04,25.04,25.04,25.04,16.1015,0.0,0.0,1.0
2013-10-15,25.04,25.04,25.04,25.04,16.1015,0.0,0.0,1.0
2013-10-16,25.04,25.04,25.04,25.04,16.1015,0.0,0.0,1.0
2013-10-17,25.04,25.04,25.04,25.04,16.1015,0.0,0.0,1.0
2013-10-18,25.912,25.912,25.912,25.912,16.6622,500.0,0.0,1.0
2013-10-21,26.05,26.05,25.95,25.95,16.6867,800.0,0.0,1.0
2013-10-22,25.95,25.95,25.95,25.95,16.6867,0.0,0.0,1.0
2013-10-23,26.1,26.12,26.02,26.02,16.7317,600.0,0.0,1.0
2013-10-24,26.31,26.31,26.31,26.31,16.9182,200.0,0.0,1.0
2013-10-25,26.3699,26.3699,26.3499,26.3499,16.9438,400.0,0.0,1.0
2013-10-28,26.36,26.56,26.36,26.5,17.0403,19700.0,0.0,1.0
2013-10-29,26.44,26.44,26.44,26.44,17.0017,100.0,0.0,1.0
2013-10-30,26.44,26.44,26.44,26.44,17.0017,0.0,0.0,1.0
2013-10-31,26.44,26.44,26.44,26.44,17.0017,0.0,0.0,1.0
2013-11-01,26.45,26.47,26.39,26.47,17.021,1900.0,0.0,1.0
2013-11-04,26.54,26.54,26.54,26.54,17.066,500.0,0.0,1.0
2013-11-05,26.86,27.3,26.28,26.41,16.9825,14500.0,0.0,1.0
2013-11-06,26.41,26.41,26.41,26.41,16.9825,0.0,0.0,1.0
2013-11-07,26.13,26.3286,26.13,26.26,16.886,2436.0,0.0,1.0
2013-11-08,26.26,26.26,26.26,26.26,16.886,0.0,0.0,1.0
2013-11-11,26.26,26.26,26.26,26.26,16.886,0.0,0.0,1.0
2013-11-12,26.19,26.19,26.19,26.19,16.840999999999998,100.0,0.0,1.0
2013-11-13,26.02,26.05,26.02,26.05,16.750999999999998,300.0,0.0,1.0
2013-11-14,26.05,26.05,26.05,26.05,16.750999999999998,0.0,0.0,1.0
2013-11-15,26.05,26.05,26.05,26.05,16.750999999999998,0.0,0.0,1.0
2013-11-18,26.05,26.05,26.05,26.05,16.750999999999998,0.0,0.0,1.0
2013-11-19,26.05,26.05,26.05,26.05,16.750999999999998,0.0,0.0,1.0
2013-11-20,26.05,26.05,26.05,26.05,16.750999999999998,0.0,0.0,1.0
2013-11-21,26.05,26.05,26.05,26.05,16.750999999999998,0.0,0.0,1.0
2013-11-22,26.05,26.05,26.05,26.05,16.750999999999998,0.0,0.0,1.0
2013-11-25,26.05,26.05,26.05,26.05,16.750999999999998,0.0,0.0,1.0
2013-11-26,25.976,25.976,25.92,25.92,16.6674,3415.0,0.0,1.0
2013-11-27,25.92,25.92,25.92,25.92,16.6674,0.0,0.0,1.0
2013-11-29,25.92,25.92,25.92,25.92,16.6674,0.0,0.0,1.0
2013-12-02,25.92,25.92,25.92,25.92,16.6674,0.0,0.0,1.0
2013-12-03,25.92,25.92,25.92,25.92,16.6674,0.0,0.0,1.0
2013-12-04,25.92,25.92,25.92,25.92,16.6674,0.0,0.0,1.0
2013-12-05,25.46,25.46,25.46,25.46,16.3716,200.0,0.0,1.0
2013-12-06,25.46,25.46,25.46,25.46,16.3716,0.0,0.0,1.0
2013-12-09,25.46,25.46,25.46,25.46,16.3716,0.0,0.0,1.0
2013-12-10,25.0,25.0,25.0,25.0,16.0758,100.0,0.0,1.0
2013-12-11,25.5,25.5,25.5,25.5,16.3973,200.0,0.0,1.0
2013-12-12,25.5,25.5,25.5,25.5,16.3973,0.0,0.0,1.0
2013-12-13,25.5,25.5,25.5,25.5,16.3973,0.0,0.0,1.0
2013-12-16,25.5,25.5,25.5,25.5,16.3973,0.0,0.0,1.0
2013-12-17,25.44,25.44,25.38,25.39,16.3266,600.0,0.0,1.0
2013-12-18,25.39,25.39,25.39,25.39,16.3266,200.0,0.0,1.0
2013-12-19,25.39,25.39,25.39,25.39,16.3266,0.0,0.0,1.0
2013-12-20,24.96,24.96,24.96,24.96,16.3214,76.0,0.4219,1.0
2013-12-23,25.39,25.39,25.39,25.39,16.6025,0.0,0.0,1.0
2013-12-24,25.39,25.39,25.39,25.39,16.6025,0.0,0.0,1.0
2013-12-26,25.39,25.39,25.39,25.39,16.6025,0.0,0.0,1.0
2013-12-27,26.03,26.03,26.03,26.03,17.021,200.0,0.0,1.0
2013-12-30,26.03,26.03,26.03,26.03,17.021,2.0,0.0,1.0
2013-12-31,26.03,26.03,26.03,26.03,17.021,0.0,0.0,1.0
2014-01-02,26.03,26.03,26.03,26.03,17.021,0.0,0.0,1.0
2014-01-03,26.03,26.03,26.03,26.03,17.021,0.0,0.0,1.0
2014-01-06,26.03,26.03,26.03,26.03,17.021,0.0,0.0,1.0
2014-01-07,26.013,26.05,26.0,26.0,17.0014,618.0,0.0,1.0
2014-01-08,26.0,26.0,26.0,26.0,17.0014,2.0,0.0,1.0
2014-01-09,26.0,26.0,26.0,26.0,17.0014,0.0,0.0,1.0
2014-01-10,26.0,26.0,26.0,26.0,17.0014,0.0,0.0,1.0
2014-01-13,26.0,26.0,26.0,26.0,17.0014,0.0,0.0,1.0
2014-01-14,26.15,26.15,26.15,26.15,17.0995,100.0,0.0,1.0
2014-01-15,26.15,26.15,26.15,26.15,17.0995,0.0,0.0,1.0
2014-01-16,26.15,26.15,26.15,26.15,17.0995,0.0,0.0,1.0
2014-01-17,26.15,26.15,26.15,26.15,17.0995,0.0,0.0,1.0
2014-01-21,26.15,26.15,26.15,26.15,17.0995,0.0,0.0,1.0
2014-01-22,26.15,26.15,26.15,26.15,17.0995,0.0,0.0,1.0
2014-01-23,26.15,26.15,26.15,26.15,17.0995,0.0,0.0,1.0
2014-01-24,25.72,25.72,25.64,25.64,16.766,200.0,0.0,1.0
2014-01-27,25.64,25.64,25.64,25.64,16.766,0.0,0.0,1.0
2014-01-28,25.64,25.64,25.64,25.64,16.766,2.0,0.0,1.0
2014-01-29,25.64,25.64,25.64,25.64,16.766,0.0,0.0,1.0
2014-01-30,25.64,25.64,25.64,25.64,16.766,0.0,0.0,1.0
2014-01-31,25.64,25.64,25.64,25.64,16.766,0.0,0.0,1.0
2014-02-03,25.64,25.64,25.64,25.64,16.766,0.0,0.0,1.0
2014-02-04,25.64,25.64,25.64,25.64,16.766,0.0,0.0,1.0
2014-02-05,25.64,25.64,25.64,25.64,16.766,0.0,0.0,1.0
2014-02-06,25.64,25.64,25.64,25.64,16.766,0.0,0.0,1.0
2014-02-07,25.64,25.64,25.64,25.64,16.766,0.0,0.0,1.0
2014-02-10,25.31,25.31,25.115,25.14,16.4391,2100.0,0.0,1.0
2014-02-11,25.54,25.54,25.54,25.54,16.7006,2000.0,0.0,1.0
2014-02-12,25.54,25.54,25.54,25.54,16.7006,0.0,0.0,1.0
2014-02-13,25.54,25.54,25.54,25.54,16.7006,0.0,0.0,1.0
2014-02-14,25.54,25.54,25.54,25.54,16.7006,0.0,0.0,1.0
2014-02-18,25.54,25.54,25.54,25.54,16.7006,0.0,0.0,1.0
2014-02-19,25.54,25.54,25.54,25.54,16.7006,0.0,0.0,1.0
2014-02-20,25.54,25.54,25.54,25.54,16.7006,0.0,0.0,1.0
2014-02-21,26.26,26.26,26.07,26.07,17.0472,3000.0,0.0,1.0
2014-02-24,26.28,26.53,26.26,26.51,17.3349,2000.0,0.0,1.0
2014-02-25,26.06,26.27,26.06,26.18,17.1191,564.0,0.0,1.0
2014-02-26,26.18,26.18,26.18,26.18,17.1191,0.0,0.0,1.0
2014-02-27,26.18,26.18,26.18,26.18,17.1191,0.0,0.0,1.0
2014-02-28,26.18,26.18,26.18,26.18,17.1191,0.0,0.0,1.0
2014-03-03,26.18,26.18,26.18,26.18,17.1191,0.0,0.0,1.0
2014-03-04,26.18,26.18,26.18,26.18,17.1191,0.0,0.0,1.0
2014-03-05,26.18,26.18,26.18,26.18,17.1191,1.0,0.0,1.0
2014-03-06,26.18,26.18,26.18,26.18,17.1191,0.0,0.0,1.0
2014-03-07,26.18,26.18,26.18,26.18,17.1191,0.0,0.0,1.0
2014-03-10,26.18,26.18,26.18,26.18,17.1191,0.0,0.0,1.0
2014-03-11,26.18,26.18,26.18,26.18,17.1191,0.0,0.0,1.0
2014-03-12,25.57,25.6099,25.55,25.6099,16.7463,1400.0,0.0,1.0
2014-03-13,25.61,25.61,25.61,25.61,16.7464,0.0,0.0,1.0
2014-03-14,25.61,25.61,25.61,25.61,16.7464,0.0,0.0,1.0
2014-03-17,25.24,25.24,25.24,25.24,16.5045,200.0,0.0,1.0
2014-03-18,25.24,25.24,25.24,25.24,16.5045,0.0,0.0,1.0
2014-03-19,25.36,25.36,25.36,25.36,16.5829,400.0,0.0,1.0
2014-03-20,25.36,25.36,25.36,25.36,16.5829,0.0,0.0,1.0
2014-03-21,25.36,25.36,25.36,25.36,16.5829,0.0,0.0,1.0
2014-03-24,25.36,25.36,25.36,25.36,16.5829,74.0,0.0,1.0
2014-03-25,25.36,25.36,25.36,25.36,16.5829,0.0,0.0,1.0
2014-03-26,25.36,25.36,25.36,25.36,16.5829,0.0,0.0,1.0
2014-03-27,25.24,25.24,25.23,25.23,16.4979,400.0,0.0,1.0
2014-03-28,25.47,25.47,25.47,25.47,16.6549,400.0,0.0,1.0
2014-03-31,25.47,25.47,25.47,25.47,16.6549,0.0,0.0,1.0
2014-04-01,25.47,25.47,25.47,25.47,16.6549,0.0,0.0,1.0
2014-04-02,25.47,25.47,25.47,25.47,16.6549,0.0,0.0,1.0
2014-04-03,25.47,25.47,25.47,25.47,16.6549,0.0,0.0,1.0
2014-04-04,25.47,25.47,25.47,25.47,16.6549,0.0,0.0,1.0
2014-04-07,25.47,25.47,25.47,25.47,16.6549,0.0,0.0,1.0
2014-04-08,25.38,25.38,25.32,25.32,16.5568,3000.0,0.0,1.0
2014-04-09,25.32,25.32,25.32,25.32,16.5568,0.0,0.0,1.0
2014-04-10,25.32,25.32,25.32,25.32,16.5568,0.0,0.0,1.0
2014-04-11,25.32,25.32,25.32,25.32,16.5568,0.0,0.0,1.0
2014-04-14,25.32,25.32,25.32,25.32,16.5568,0.0,0.0,1.0
2014-04-15,25.32,25.32,25.32,25.32,16.5568,0.0,0.0,1.0
2014-04-16,25.32,25.32,25.32,25.32,16.5568,0.0,0.0,1.0
2014-04-17,25.32,25.32,25.32,25.32,16.5568,0.0,0.0,1.0
2014-04-21,25.32,25.32,25.32,25.32,16.5568,0.0,0.0,1.0
2014-04-22,25.86,25.86,25.81,25.81,16.8772,500.0,0.0,1.0
2014-04-23,25.81,25.81,25.81,25.81,16.8772,0.0,0.0,1.0
2014-04-24,25.81,25.81,25.81,25.81,16.8772,0.0,0.0,1.0
2014-04-25,25.89,25.91,25.84,25.84,16.8968,3300.0,0.0,1.0
2014-04-28,25.93,25.93,25.78,25.78,16.8576,1600.0,0.0,1.0
2014-04-29,25.78,25.78,25.78,25.78,16.8576,0.0,0.0,1.0
2014-04-30,25.78,25.78,25.78,25.78,16.8576,0.0,0.0,1.0
2014-05-01,25.78,25.78,25.78,25.78,16.8576,0.0,0.0,1.0
2014-05-02,25.78,25.78,25.78,25.78,16.8576,0.0,0.0,1.0
2014-05-05,25.78,25.78,25.78,25.78,16.8576,0.0,0.0,1.0
2014-05-06,25.78,25.78,25.78,25.78,16.8576,0.0,0.0,1.0
2014-05-07,25.78,25.78,25.78,25.78,16.8576,0.0,0.0,1.0
2014-05-08,25.78,25.78,25.78,25.78,16.8576,0.0,0.0,1.0
2014-05-09,26.46,26.46,26.37,26.37,17.2434,500.0,0.0,1.0
2014-05-12,26.37,26.37,26.37,26.37,17.2434,0.0,0.0,1.0
2014-05-13,26.6,26.6,26.56,26.56,17.3676,200.0,0.0,1.0
2014-05-14,26.56,26.56,26.56,26.56,17.3676,0.0,0.0,1.0
2014-05-15,26.56,26.56,26.56,26.56,17.3676,0.0,0.0,1.0
2014-05-16,26.56,26.56,26.56,26.56,17.3676,0.0,0.0,1.0
2014-05-19,26.64,26.64,26.53,26.6,17.3938,4600.0,0.0,1.0
2014-05-20,26.6,26.6,26.6,26.6,17.3938,0.0,0.0,1.0
2014-05-21,26.52,26.52,26.49,26.5,17.3284,1300.0,0.0,1.0
2014-05-22,26.5,26.5,26.5,26.5,17.3284,0.0,0.0,1.0
2014-05-23,26.5,26.5,26.5,26.5,17.3284,0.0,0.0,1.0
2014-05-27,26.5,26.5,26.5,26.5,17.3284,0.0,0.0,1.0
2014-05-28,26.65,26.66,26.56,26.6,17.3938,15916.0,0.0,1.0
2014-05-29,26.75,26.75,26.68,26.68,17.4461,300.0,0.0,1.0
2014-05-30,26.68,26.68,26.68,26.68,17.4461,0.0,0.0,1.0
2014-06-02,26.68,26.68,26.68,26.68,17.4461,0.0,0.0,1.0
2014-06-03,26.6199,26.6199,26.6199,26.6199,17.4068,100.0,0.0,1.0
2014-06-04,26.62,26.62,26.62,26.62,17.4068,0.0,0.0,1.0
2014-06-05,26.62,26.62,26.62,26.62,17.4068,0.0,0.0,1.0
2014-06-06,26.62,26.62,26.62,26.62,17.4068,0.0,0.0,1.0
2014-06-09,26.62,26.62,26.62,26.62,17.4068,0.0,0.0,1.0
2014-06-10,26.62,26.62,26.62,26.62,17.4068,0.0,0.0,1.0
2014-06-11,26.62,26.62,26.62,26.62,17.4068,0.0,0.0,1.0
2014-06-12,26.62,26.62,26.62,26.62,17.4068,0.0,0.0,1.0
2014-06-13,26.62,26.62,26.62,26.62,17.4068,0.0,0.0,1.0
2014-06-16,26.62,26.62,26.62,26.62,17.4068,0.0,0.0,1.0
2014-06-17,26.62,26.62,26.62,26.62,17.4068,0.0,0.0,1.0
2014-06-18,26.62,26.62,26.62,26.62,17.4068,0.0,0.0,1.0
2014-06-19,26.62,26.62,26.62,26.62,17.4068,0.0,0.0,1.0
2014-06-20,26.62,26.62,26.62,26.62,17.4068,0.0,0.0,1.0
2014-06-23,26.45,26.46,26.45,26.46,17.3022,300.0,0.0,1.0
2014-06-24,26.46,26.46,26.46,26.46,17.3022,0.0,0.0,1.0
2014-06-25,26.46,26.46,26.46,26.46,17.3022,0.0,0.0,1.0
2014-06-26,26.46,26.46,26.46,26.46,17.3022,0.0,0.0,1.0
2014-06-27,26.41,26.41,26.41,26.41,17.2982,0.0,0.0439,1.0
2014-06-30,26.41,26.41,26.41,26.41,17.2982,0.0,0.0,1.0
2014-07-01,26.4,26.4,26.4,26.4,17.2917,200.0,0.0,1.0
2014-07-02,26.4,26.4,26.4,26.4,17.2917,0.0,0.0,1.0
2014-07-03,26.4,26.4,26.4,26.4,17.2917,0.0,0.0,1.0
2014-07-07,26.4,26.4,26.4,26.4,17.2917,0.0,0.0,1.0
2014-07-08,26.4,26.4,26.4,26.4,17.2917,0.0,0.0,1.0
2014-07-09,26.4,26.4,26.4,26.4,17.2917,0.0,0.0,1.0
2014-07-10,26.4,26.4,26.4,26.4,17.2917,1.0,0.0,1.0
2014-07-11,26.4,26.4,26.4,26.4,17.2917,1.0,0.0,1.0
2014-07-14,26.31,26.31,26.31,26.31,17.2327,1200.0,0.0,1.0
2014-07-15,26.31,26.31,26.31,26.31,17.2327,0.0,0.0,1.0
2014-07-16,26.31,26.31,26.31,26.31,17.2327,0.0,0.0,1.0
2014-07-17,26.31,26.31,26.31,26.31,17.2327,0.0,0.0,1.0
2014-07-18,26.31,26.31,26.31,26.31,17.2327,0.0,0.0,1.0
2014-07-21,26.31,26.31,26.31,26.31,17.2327,0.0,0.0,1.0
2014-07-22,26.31,26.31,26.31,26.31,17.2327,0.0,0.0,1.0
2014-07-23,26.31,26.31,26.31,26.31,17.2327,0.0,0.0,1.0
2014-07-24,26.31,26.31,26.31,26.31,17.2327,0.0,0.0,1.0
2014-07-25,26.31,26.31,26.31,26.31,17.2327,0.0,0.0,1.0
2014-07-28,26.31,26.31,26.31,26.31,17.2327,0.0,0.0,1.0
2014-07-29,26.31,26.31,26.31,26.31,17.2327,0.0,0.0,1.0
2014-07-30,26.31,26.31,26.31,26.31,17.2327,0.0,0.0,1.0
2014-07-31,26.31,26.31,26.31,26.31,17.2327,0.0,0.0,1.0
2014-08-01,26.31,26.31,26.31,26.31,17.2327,0.0,0.0,1.0
2014-08-04,26.31,26.31,26.31,26.31,17.2327,0.0,0.0,1.0
2014-08-05,26.31,26.31,26.31,26.31,17.2327,0.0,0.0,1.0
2014-08-06,25.73,25.73,25.73,25.73,16.8528,200.0,0.0,1.0
2014-08-07,25.7,25.7,25.7,25.7,16.8332,100.0,0.0,1.0
2014-08-08,25.7,25.7,25.7,25.7,16.8332,0.0,0.0,1.0
2014-08-11,25.7,25.7,25.7,25.7,16.8332,0.0,0.0,1.0
2014-08-12,25.7,25.7,25.7,25.7,16.8332,0.0,0.0,1.0
2014-08-13,25.7,25.7,25.7,25.7,16.8332,0.0,0.0,1.0
2014-08-14,25.7,25.7,25.7,25.7,16.8332,0.0,0.0,1.0
2014-08-15,25.7,25.7,25.7,25.7,16.8332,0.0,0.0,1.0
2014-08-18,25.7,25.7,25.7,25.7,16.8332,1.0,0.0,1.0
2014-08-19,25.7,25.7,25.7,25.7,16.8332,0.0,0.0,1.0
2014-08-20,25.7,25.7,25.7,25.7,16.8332,0.0,0.0,1.0
2014-08-21,25.7,25.7,25.7,25.7,16.8332,0.0,0.0,1.0
2014-08-22,25.7,25.7,25.7,25.7,16.8332,0.0,0.0,1.0
2014-08-25,25.7,25.7,25.7,25.7,16.8332,0.0,0.0,1.0
2014-08-26,25.7,25.7,25.7,25.7,16.8332,0.0,0.0,1.0
2014-08-27,25.7,25.7,25.7,25.7,16.8332,0.0,0.0,1.0
2014-08-28,25.7,25.7,25.7,25.7,16.8332,0.0,0.0,1.0
2014-08-29,25.7,25.7,25.7,25.7,16.8332,0.0,0.0,1.0
2014-09-02,25.7,25.7,25.7,25.7,16.8332,0.0,0.0,1.0
2014-09-03,25.7,25.7,25.7,25.7,16.8332,0.0,0.0,1.0
2014-09-04,27.22,27.22,26.9201,26.9201,17.6323,200.0,0.0,1.0
2014-09-05,26.9201,26.9201,26.9201,26.9201,17.6323,0.0,0.0,1.0
2014-09-08,27.02,27.02,27.02,27.02,17.6978,100.0,0.0,1.0
2014-09-09,27.02,27.02,27.02,27.02,17.6978,0.0,0.0,1.0
2014-09-10,27.02,27.02,27.02,27.02,17.6978,0.0,0.0,1.0
2014-09-11,27.02,27.02,27.02,27.02,17.6978,0.0,0.0,1.0
2014-09-12,27.02,27.02,27.02,27.02,17.6978,0.0,0.0,1.0
2014-09-15,27.02,27.02,27.02,27.02,17.6978,0.0,0.0,1.0
2014-09-16,27.02,27.02,27.02,27.02,17.6978,0.0,0.0,1.0
2014-09-17,27.02,27.02,27.02,27.02,17.6978,0.0,0.0,1.0
2014-09-18,26.67,26.67,26.67,26.67,17.4685,200.0,0.0,1.0
2014-09-19,26.67,26.67,26.67,26.67,17.4685,0.0,0.0,1.0
2014-09-22,26.5202,26.5202,26.5202,26.5202,17.3704,200.0,0.0,1.0
2014-09-23,26.5202,26.5202,26.5202,26.5202,17.3704,0.0,0.0,1.0
2014-09-24,26.097,26.097,26.097,26.097,17.0932,100.0,0.0,1.0
2014-09-25,26.097,26.097,26.097,26.097,17.0932,0.0,0.0,1.0
2014-09-26,26.097,26.097,26.097,26.097,17.0932,0.0,0.0,1.0
2014-09-29,26.097,26.097,26.097,26.097,17.0932,0.0,0.0,1.0
2014-09-30,26.097,26.097,26.097,26.097,17.0932,0.0,0.0,1.0
2014-10-01,26.097,26.097,26.097,26.097,17.0932,0.0,0.0,1.0
2014-10-02,26.097,26.097,26.097,26.097,17.0932,0.0,0.0,1.0
2014-10-03,26.097,26.097,26.097,26.097,17.0932,0.0,0.0,1.0
2014-10-06,26.097,26.097,26.097,26.097,17.0932,0.0,0.0,1.0
2014-10-07,26.097,26.097,26.097,26.097,17.0932,0.0,0.0,1.0
2014-10-08,26.097,26.097,26.097,26.097,17.0932,0.0,0.0,1.0
2014-10-09,26.097,26.097,26.097,26.097,17.0932,0.0,0.0,1.0
2014-10-10,26.097,26.097,26.097,26.097,17.0932,0.0,0.0,1.0
2014-10-13,24.98,24.98,24.91,24.91,16.3157,200.0,0.0,1.0
2014-10-14,24.91,24.91,24.91,24.91,16.3157,0.0,0.0,1.0
2014-10-15,24.91,24.91,24.91,24.91,16.3157,0.0,0.0,1.0
2014-10-16,24.91,24.91,24.91,24.91,16.3157,0.0,0.0,1.0
2014-10-17,24.91,24.91,24.91,24.91,16.3157,0.0,0.0,1.0
2014-10-20,24.91,24.91,24.91,24.91,16.3157,0.0,0.0,1.0
2014-10-21,24.91,24.91,24.91,24.91,16.3157,0.0,0.0,1.0
2014-10-22,24.77,24.7952,24.77,24.7952,16.2405,600.0,0.0,1.0
2014-10-23,25.46,25.46,25.46,25.46,16.676,119.0,0.0,1.0
2014-10-24,25.46,25.46,25.46,25.46,16.676,0.0,0.0,1.0
2014-10-27,24.979,24.979,24.979,24.979,16.3609,1000.0,0.0,1.0
2014-10-28,24.979,24.979,24.979,24.979,16.3609,0.0,0.0,1.0
2014-10-29,24.979,24.979,24.979,24.979,16.3609,0.0,0.0,1.0
2014-10-30,25.4154,25.4154,25.36,25.36,16.6105,860.0,0.0,1.0
2014-10-31,25.75,25.77,25.75,25.77,16.879,500.0,0.0,1.0
2014-11-03,25.69,25.69,25.63,25.63,16.7873,623.0,0.0,1.0
2014-11-04,25.63,25.63,25.63,25.63,16.7873,0.0,0.0,1.0
2014-11-05,25.649,25.649,25.649,25.649,16.7998,1000.0,0.0,1.0
2014-11-06,25.649,25.649,25.649,25.649,16.7998,0.0,0.0,1.0
2014-11-07,25.649,25.649,25.649,25.649,16.7998,0.0,0.0,1.0
2014-11-10,25.649,25.649,25.649,25.649,16.7998,0.0,0.0,1.0
2014-11-11,25.649,25.649,25.649,25.649,16.7998,0.0,0.0,1.0
2014-11-12,25.649,25.649,25.649,25.649,16.7998,0.0,0.0,1.0
2014-11-13,25.649,25.649,25.649,25.649,16.7998,0.0,0.0,1.0
2014-11-14,25.649,25.649,25.649,25.649,16.7998,0.0,0.0,1.0
2014-11-17,26.41,26.41,26.41,26.41,17.2982,570.0,0.0,1.0
2014-11-18,26.64,26.64,26.64,26.64,17.4489,100.0,0.0,1.0
2014-11-19,26.64,26.64,26.64,26.64,17.4489,0.0,0.0,1.0
2014-11-20,26.64,26.64,26.64,26.64,17.4489,0.0,0.0,1.0
2014-11-21,26.5553,26.58,26.5,26.5,17.3572,620.0,0.0,1.0
2014-11-24,26.5,26.5,26.5,26.5,17.3572,10.0,0.0,1.0
2014-11-25,26.5,26.5,26.5,26.5,17.3572,25.0,0.0,1.0
2014-11-26,26.5,26.5,26.5,26.5,17.3572,82.0,0.0,1.0
2014-11-28,26.5,26.5,26.5,26.5,17.3572,1.0,0.0,1.0
2014-12-01,26.19,26.19,26.19,26.19,17.1541,141.0,0.0,1.0
2014-12-02,26.42,26.42,26.42,26.42,17.3048,700.0,0.0,1.0
2014-12-03,26.42,26.42,26.42,26.42,17.3048,30.0,0.0,1.0
2014-12-04,26.42,26.42,26.42,26.42,17.3048,81.0,0.0,1.0
2014-12-05,27.03,27.03,27.03,27.03,17.7043,1202.0,0.0,1.0
2014-12-08,26.08,26.08,26.08,26.08,17.0821,100.0,0.0,1.0
2014-12-09,25.64,25.64,25.64,25.64,16.7939,120.0,0.0,1.0
2014-12-10,25.45,25.48,25.45,25.46,16.676,2889.0,0.0,1.0
2014-12-11,25.33,25.34,25.33,25.34,16.5974,800.0,0.0,1.0
2014-12-12,25.34,25.34,25.34,25.34,16.5974,11.0,0.0,1.0
2014-12-15,25.34,25.34,25.34,25.34,16.5974,23.0,0.0,1.0
2014-12-16,25.34,25.34,25.34,25.34,16.5974,0.0,0.0,1.0
2014-12-17,25.34,25.34,25.34,25.34,16.5974,0.0,0.0,1.0
2014-12-18,25.34,25.34,25.34,25.34,16.5974,0.0,0.0,1.0
2014-12-19,24.104,24.32,24.09,24.32,16.9519,2500.0,1.5613,1.0
2014-12-22,24.2599,24.2599,24.2,24.2,16.8683,350.0,0.0,1.0
2014-12-23,24.34,24.34,24.2,24.2,16.8683,33647.0,0.0,1.0
2014-12-24,24.2,24.2,24.2,24.2,16.8683,0.0,0.0,1.0
2014-12-26,24.2801,24.51,24.24,24.51,17.0844,3705.0,0.0,1.0
2014-12-29,24.41,24.479,24.41,24.479,17.0628,3621.0,0.0,1.0
2014-12-30,24.479,24.479,24.479,24.479,17.0628,1.0,0.0,1.0
2014-12-31,24.21,24.21,24.16,24.16,16.8404,1266.0,0.0,1.0
2015-01-02,24.29,24.46,24.14,24.46,17.0495,5156.0,0.0,1.0
2015-01-05,23.6881,23.6881,23.6576,23.6576,16.4902,830.0,0.0,1.0
2015-01-06,23.6576,23.6576,23.6576,23.6576,16.4902,4.0,0.0,1.0
2015-01-07,23.6576,23.6576,23.6576,23.6576,16.4902,0.0,0.0,1.0
2015-01-08,23.6576,23.6576,23.6576,23.6576,16.4902,17.0,0.0,1.0
2015-01-09,23.6576,23.6576,23.6576,23.6576,16.4902,0.0,0.0,1.0
2015-01-12,23.86,24.23,23.86,24.16,16.8404,830.0,0.0,1.0
2015-01-13,24.2,24.2,24.2,24.2,16.8683,100.0,0.0,1.0
2015-01-14,24.2,24.2,24.2,24.2,16.8683,0.0,0.0,1.0
2015-01-15,24.2,24.2,24.2,24.2,16.8683,0.0,0.0,1.0
2015-01-16,24.11,24.11,24.08,24.08,16.7847,400.0,0.0,1.0
2015-01-20,24.08,24.08,24.08,24.08,16.7847,0.0,0.0,1.0
2015-01-21,24.08,24.08,24.08,24.08,16.7847,0.0,0.0,1.0
2015-01-22,25.05,25.05,25.05,25.05,17.4608,400.0,0.0,1.0
2015-01-23,25.05,25.05,25.05,25.05,17.4608,0.0,0.0,1.0
2015-01-26,25.07,25.07,24.91,24.91,17.3632,1000.0,0.0,1.0
2015-01-27,24.91,24.91,24.91,24.91,17.3632,4.0,0.0,1.0
2015-01-28,24.91,24.91,24.91,24.91,17.3632,50.0,0.0,1.0
2015-01-29,24.91,24.91,24.91,24.91,17.3632,0.0,0.0,1.0
2015-01-30,24.959,24.959,24.939,24.939,17.3834,1135.0,0.0,1.0
2015-02-02,24.939,24.939,24.939,24.939,17.3834,0.0,0.0,1.0
2015-02-03,25.4122,25.46,25.41,25.46,17.7466,6834.0,0.0,1.0
2015-02-04,25.46,25.46,25.46,25.46,17.7466,0.0,0.0,1.0
2015-02-05,25.46,25.46,25.46,25.46,17.7466,50.0,0.0,1.0
2015-02-06,25.27,25.27,25.27,25.27,17.6141,135.0,0.0,1.0
2015-02-09,25.16,25.4,25.16,25.34,17.6629,1000.0,0.0,1.0
2015-02-10,25.26,25.3,24.961,25.0,17.4259,5214.0,0.0,1.0
2015-02-11,25.0,25.0,25.0,25.0,17.4259,0.0,0.0,1.0
2015-02-12,25.07,25.214,25.07,25.214,17.5751,299.0,0.0,1.0
2015-02-13,25.12,25.217,25.12,25.217,17.5772,1265.0,0.0,1.0
2015-02-17,25.51,25.51,25.51,25.51,17.7814,294.0,0.0,1.0
2015-02-18,25.8,25.8,25.46,25.46,17.7466,4989.0,0.0,1.0
2015-02-19,25.25,25.47,25.25,25.43,17.7257,452.0,0.0,1.0
2015-02-20,25.64,25.64,25.63,25.63,17.8651,266.0,0.0,1.0
2015-02-23,25.5699,25.5699,25.5699,25.5699,17.8232,100.0,0.0,1.0
2015-02-24,25.5699,25.5699,25.5699,25.5699,17.8232,185.0,0.0,1.0
2015-02-25,25.61,25.69,25.59,25.68,17.8999,1654.0,0.0,1.0
2015-02-26,25.75,25.75,25.75,25.75,17.9487,151.0,0.0,1.0
2015-02-27,25.67,25.67,25.63,25.63,17.8651,300.0,0.0,1.0
2015-03-02,25.69,25.69,25.69,25.69,17.9069,153.0,0.0,1.0
2015-03-03,25.69,25.69,25.69,25.69,17.9069,0.0,0.0,1.0
2015-03-04,25.44,25.44,25.44,25.44,17.7326,125.0,0.0,1.0
2015-03-05,25.44,25.44,25.44,25.44,17.7326,0.0,0.0,1.0
2015-03-06,25.44,25.44,25.44,25.44,17.7326,0.0,0.0,1.0
2015-03-09,25.44,25.44,25.44,25.44,17.7326,0.0,0.0,1.0
2015-03-10,25.44,25.44,25.44,25.44,17.7326,0.0,0.0,1.0
2015-03-11,25.44,25.44,25.44,25.44,17.7326,25.0,0.0,1.0
2015-03-12,25.01,25.1699,24.99,24.99,17.419,694.0,0.0,1.0
2015-03-13,24.84,25.08,24.79,25.06,17.4678,13518.0,0.0,1.0
2015-03-16,25.06,25.06,25.06,25.06,17.4678,0.0,0.0,1.0
2015-03-17,25.06,25.06,25.06,25.06,17.4678,3.0,0.0,1.0
2015-03-18,25.06,25.06,25.06,25.06,17.4678,0.0,0.0,1.0
2015-03-19,25.8599,25.89,25.8599,25.89,18.0463,385.0,0.0,1.0
2015-03-20,25.93,26.06,25.93,26.06,18.1648,1368.0,0.0,1.0
2015-03-23,26.06,26.06,26.06,26.06,18.1648,0.0,0.0,1.0
2015-03-24,26.1694,26.1694,25.985,26.0599,18.1647,586.0,0.0,1.0
2015-03-25,26.0599,26.0599,26.0599,26.0599,18.1647,0.0,0.0,1.0
2015-03-26,25.64,25.64,25.64,25.64,17.872,201.0,0.0,1.0
2015-03-27,25.49,25.51,25.49,25.51,17.7814,1146.0,0.0,1.0
2015-03-30,25.51,25.51,25.51,25.51,17.7814,1.0,0.0,1.0
2015-03-31,25.51,25.51,25.51,25.51,17.7814,0.0,0.0,1.0
2015-04-01,25.38,25.38,25.38,25.38,17.6908,390.0,0.0,1.0
2015-04-02,25.38,25.38,25.38,25.38,17.6908,0.0,0.0,1.0
2015-04-06,25.18,25.19,25.18,25.18,17.5514,1038.0,0.0,1.0
2015-04-07,25.18,25.18,25.18,25.18,17.5514,0.0,0.0,1.0
2015-04-08,25.18,25.18,25.18,25.18,17.5514,0.0,0.0,1.0
2015-04-09,26.15,26.15,26.1146,26.1146,18.2028,706.0,0.0,1.0
2015-04-10,26.23,26.23,26.22,26.22,18.2763,5651.0,0.0,1.0
2015-04-13,26.23,26.24,26.23,26.2399,18.2902,3500.0,0.0,1.0
2015-04-14,26.031,26.33,26.031,26.33,18.353,390.0,0.0,1.0
2015-04-15,26.43,26.43,26.3239,26.3239,18.3487,1116.0,0.0,1.0
2015-04-16,26.36,26.36,26.183000000000003,26.3199,18.3459,895.0,0.0,1.0
2015-04-17,26.07,26.09,25.98,26.09,18.1857,8015.0,0.0,1.0
2015-04-20,26.2,26.23,26.2,26.22,18.2763,900.0,0.0,1.0
2015-04-21,26.04,26.04,26.04,26.04,18.1508,115.0,0.0,1.0
2015-04-22,26.04,26.04,26.04,26.04,18.1508,1.0,0.0,1.0
2015-04-23,26.04,26.04,26.04,26.04,18.1508,90.0,0.0,1.0
2015-04-24,26.08,26.232,26.062,26.062,18.1662,599.0,0.0,1.0
2015-04-27,26.28,26.28,26.231,26.248,18.2958,1164.0,0.0,1.0
2015-04-28,25.93,26.31,25.93,26.31,18.339,1883.0,0.0,1.0
2015-04-29,25.99,25.99,25.76,25.76,17.9557,1324.0,0.0,1.0
2015-04-30,25.7,25.7,25.64,25.64,17.872,500.0,0.0,1.0
2015-05-01,26.41,26.41,25.94,25.94,18.0811,2200.0,0.0,1.0
2015-05-04,25.94,25.94,25.94,25.94,18.0811,0.0,0.0,1.0
2015-05-05,25.94,25.94,25.94,25.94,18.0811,0.0,0.0,1.0
2015-05-06,25.94,25.94,25.94,25.94,18.0811,4.0,0.0,1.0
2015-05-07,25.94,25.94,25.94,25.94,18.0811,0.0,0.0,1.0
2015-05-08,26.32,26.32,26.31,26.32,18.346,1790.0,0.0,1.0
2015-05-11,26.39,26.39,26.39,26.39,18.3948,100.0,0.0,1.0
2015-05-12,25.87,25.87,25.87,25.87,18.0324,100.0,0.0,1.0
2015-05-13,25.87,25.87,25.87,25.87,18.0324,0.0,0.0,1.0
2015-05-14,25.72,26.1299,25.72,26.1299,18.2135,500.0,0.0,1.0
2015-05-15,26.1299,26.1299,26.1299,26.1299,18.2135,39.0,0.0,1.0
2015-05-18,26.1299,26.1299,26.1299,26.1299,18.2135,0.0,0.0,1.0
2015-05-19,26.1499,26.1499,26.1499,26.1499,18.2275,400.0,0.0,1.0
2015-05-20,26.1499,26.1499,26.1499,26.1499,18.2275,0.0,0.0,1.0
2015-05-21,26.1499,26.1499,26.1499,26.1499,18.2275,0.0,0.0,1.0
2015-05-22,26.1499,26.1499,26.1499,26.1499,18.2275,0.0,0.0,1.0
2015-05-26,26.1499,26.1499,26.1499,26.1499,18.2275,0.0,0.0,1.0
2015-05-27,26.1499,26.1499,26.1499,26.1499,18.2275,0.0,0.0,1.0
2015-05-28,26.29,26.33,26.2,26.33,18.353,522.0,0.0,1.0
2015-05-29,26.33,26.33,26.33,26.33,18.353,80.0,0.0,1.0
2015-06-01,26.2,26.2,26.2,26.2,18.2624,1120.0,0.0,1.0
2015-06-02,26.03,26.03,26.03,26.03,18.1439,650.0,0.0,1.0
2015-06-03,26.03,26.03,26.03,26.03,18.1439,0.0,0.0,1.0
2015-06-04,25.6,25.6,25.56,25.6,17.8442,549.0,0.0,1.0
2015-06-05,25.6,25.6,25.6,25.6,17.8442,0.0,0.0,1.0
2015-06-08,25.51,25.51,25.51,25.51,17.7814,568.0,0.0,1.0
2015-06-09,25.21,25.21,25.21,25.21,17.5723,540.0,0.0,1.0
2015-06-10,25.21,25.21,25.21,25.21,17.5723,89.0,0.0,1.0
2015-06-11,25.21,25.21,25.21,25.21,17.5723,0.0,0.0,1.0
2015-06-12,25.21,25.21,25.21,25.21,17.5723,0.0,0.0,1.0
2015-06-15,25.21,25.21,25.21,25.21,17.5723,40.0,0.0,1.0
2015-06-16,25.21,25.21,25.21,25.21,17.5723,0.0,0.0,1.0
2015-06-17,25.21,25.21,25.21,25.21,17.5723,0.0,0.0,1.0
2015-06-18,25.21,25.21,25.21,25.21,17.5723,12.0,0.0,1.0
2015-06-19,25.21,25.21,25.21,25.21,17.5723,3.0,0.0,1.0
2015-06-22,25.21,25.21,25.21,25.21,17.5723,0.0,0.0,1.0
2015-06-23,25.59,25.61,25.56,25.57,17.8232,695.0,0.0,1.0
2015-06-24,24.1001,24.1001,24.1001,24.1001,17.8232,0.0,1.4699,1.0
2015-06-25,24.1001,24.1001,24.1001,24.1001,17.8232,0.0,0.0,1.0
2015-06-26,25.0,25.0,25.0,25.0,18.4887,100.0,0.0,1.0
2015-06-29,23.46,23.66,23.31,23.34,17.2611,1629.0,0.0,1.0
2015-06-30,23.34,23.34,23.34,23.34,17.2611,31.0,0.0,1.0
2015-07-01,23.438,23.438,23.438,23.438,17.3336,106.0,0.0,1.0
2015-07-02,23.438,23.438,23.438,23.438,17.3336,1.0,0.0,1.0
2015-07-06,22.93,22.93,22.93,22.93,16.9579,186.0,0.0,1.0
2015-07-07,22.5001,23.0,22.5001,23.0,17.0096,973.0,0.0,1.0
2015-07-08,22.85,22.85,22.6201,22.63,16.736,818.0,0.0,1.0
2015-07-09,23.11,23.11,22.85,22.88,16.9209,2407.0,0.0,1.0
2015-07-10,23.38,23.38,23.38,23.38,17.2907,4300.0,0.0,1.0
2015-07-13,23.65,23.66,23.65,23.66,17.4978,1569.0,0.0,1.0
2015-07-14,23.66,23.66,23.66,23.66,17.4978,86.0,0.0,1.0
2015-07-15,23.5999,23.5999,23.52,23.52,17.3942,712.0,0.0,1.0
2015-07-16,23.52,23.52,23.52,23.52,17.3942,0.0,0.0,1.0
2015-07-17,23.52,23.52,23.52,23.52,17.3942,0.0,0.0,1.0
2015-07-20,23.52,23.52,23.52,23.52,17.3942,0.0,0.0,1.0
2015-07-21,23.52,23.52,23.52,23.52,17.3942,0.0,0.0,1.0
2015-07-22,23.52,23.52,23.52,23.52,17.3942,0.0,0.0,1.0
2015-07-23,23.15,23.325,23.15,23.325,17.25,4034.0,0.0,1.0
2015-07-24,23.325,23.325,23.325,23.325,17.25,0.0,0.0,1.0
2015-07-27,22.93,22.93,22.8399,22.8399,16.8912,405.0,0.0,1.0
2015-07-28,22.8399,22.8399,22.8399,22.8399,16.8912,0.0,0.0,1.0
2015-07-29,23.142,23.208,23.142,23.208,17.1635,449.0,0.0,1.0
2015-07-30,23.208,23.208,23.208,23.208,17.1635,19.0,0.0,1.0
2015-07-31,23.4524,23.4524,23.24,23.24,17.1871,1079.0,0.0,1.0
2015-08-03,23.44,23.44,23.44,23.44,17.3351,1372.0,0.0,1.0
2015-08-04,23.44,23.44,23.44,23.44,17.3351,0.0,0.0,1.0
2015-08-05,23.44,23.44,23.44,23.44,17.3351,0.0,0.0,1.0
2015-08-06,23.44,23.44,23.44,23.44,17.3351,0.0,0.0,1.0
2015-08-07,23.65,23.65,23.65,23.65,17.4904,200.0,0.0,1.0
2015-08-10,23.54,23.55,23.45,23.5104,17.3871,5032.0,0.0,1.0
2015-08-11,23.5104,23.5104,23.5104,23.5104,17.3871,0.0,0.0,1.0
2015-08-12,22.88,23.112,22.88,23.112,17.0925,1058.0,0.0,1.0
2015-08-13,23.112,23.112,23.112,23.112,17.0925,0.0,0.0,1.0
2015-08-14,23.112,23.112,23.112,23.112,17.0925,0.0,0.0,1.0
2015-08-17,23.0899,23.0899,23.0899,23.0899,17.0761,423.0,0.0,1.0
2015-08-18,22.792,22.792,22.792,22.792,16.8558,251.0,0.0,1.0
2015-08-19,22.792,22.792,22.792,22.792,16.8558,1.0,0.0,1.0
2015-08-20,22.3836,22.3836,22.3836,22.3836,16.5538,117.0,0.0,1.0
2015-08-21,22.1199,22.1199,22.1199,22.1199,16.3588,150.0,0.0,1.0
2015-08-24,20.4901,20.8,20.4901,20.7901,15.3753,837.0,0.0,1.0
2015-08-25,21.39,21.39,21.2668,21.3599,15.7967,9621.0,0.0,1.0
2015-08-26,21.3599,21.3599,21.3599,21.3599,15.7967,0.0,0.0,1.0
2015-08-27,21.3599,21.3599,21.3599,21.3599,15.7967,0.0,0.0,1.0
2015-08-28,21.3599,21.3599,21.3599,21.3599,15.7967,0.0,0.0,1.0
2015-08-31,21.3599,21.3599,21.3599,21.3599,15.7967,18.0,0.0,1.0
2015-09-01,21.26,21.26,21.26,21.26,15.7228,149.0,0.0,1.0
2015-09-02,21.69,21.74,21.5,21.5,15.9003,870.0,0.0,1.0
2015-09-03,21.5,21.5,21.5,21.5,15.9003,0.0,0.0,1.0
2015-09-04,21.5,21.5,21.5,21.5,15.9003,0.0,0.0,1.0
2015-09-08,21.5,21.5,21.5,21.5,15.9003,90.0,0.0,1.0
2015-09-09,21.5,21.5,21.5,21.5,15.9003,31.0,0.0,1.0
2015-09-10,22.04,22.04,21.7499,21.81,16.1296,1900.0,0.0,1.0
2015-09-11,21.81,21.81,21.81,21.81,16.1296,0.0,0.0,1.0
2015-09-14,21.56,21.56,21.51,21.51,15.9077,520.0,0.0,1.0
2015-09-15,21.5101,21.5101,21.5101,21.5101,15.9078,200.0,0.0,1.0
2015-09-16,21.5101,21.5101,21.5101,21.5101,15.9078,77.0,0.0,1.0
2015-09-17,21.5101,21.5101,21.5101,21.5101,15.9078,10.0,0.0,1.0
2015-09-18,21.51,21.66,21.51,21.59,15.9669,966.0,0.0,1.0
2015-09-21,21.59,21.59,21.59,21.59,15.9669,9.0,0.0,1.0
2015-09-22,21.2,21.2,20.88,20.88,15.4418,3445.0,0.0,1.0
2015-09-23,20.88,20.88,20.88,20.88,15.4418,0.0,0.0,1.0
2015-09-24,20.88,20.88,20.88,20.88,15.4418,20.0,0.0,1.0
2015-09-25,21.39,21.49,21.38,21.49,15.8929,482.0,0.0,1.0
2015-09-28,21.49,21.49,21.49,21.49,15.8929,25.0,0.0,1.0
2015-09-29,21.49,21.49,21.49,21.49,15.8929,0.0,0.0,1.0
2015-09-30,21.38,21.38,21.38,21.38,15.8116,276.0,0.0,1.0
2015-10-01,21.38,21.38,21.38,21.38,15.8116,0.0,0.0,1.0
2015-10-02,21.38,21.38,21.38,21.38,15.8116,0.0,0.0,1.0
2015-10-05,21.38,21.38,21.38,21.38,15.8116,0.0,0.0,1.0
2015-10-06,21.38,21.38,21.38,21.38,15.8116,0.0,0.0,1.0
2015-10-07,22.5,22.5,22.44,22.44,16.5955,200.0,0.0,1.0
2015-10-08,22.44,22.44,22.44,22.44,16.5955,0.0,0.0,1.0
2015-10-09,22.63,22.66,22.63,22.66,16.7582,373.0,0.0,1.0
2015-10-12,22.66,22.66,22.66,22.66,16.7582,0.0,0.0,1.0
2015-10-13,22.66,22.66,22.66,22.66,16.7582,0.0,0.0,1.0
2015-10-14,22.66,22.66,22.66,22.66,16.7582,5.0,0.0,1.0
2015-10-15,22.66,22.66,22.66,22.66,16.7582,44.0,0.0,1.0
2015-10-16,22.66,22.66,22.66,22.66,16.7582,0.0,0.0,1.0
2015-10-19,22.66,22.66,22.66,22.66,16.7582,0.0,0.0,1.0
2015-10-20,22.66,22.66,22.66,22.66,16.7582,0.0,0.0,1.0
2015-10-21,22.66,22.66,22.66,22.66,16.7582,1.0,0.0,1.0
2015-10-22,22.66,22.66,22.66,22.66,16.7582,7.0,0.0,1.0
2015-10-23,22.71,22.71,22.71,22.71,16.7952,1193.0,0.0,1.0
2015-10-26,22.71,22.71,22.71,22.71,16.7952,8.0,0.0,1.0
2015-10-27,22.71,22.71,22.71,22.71,16.7952,0.0,0.0,1.0
2015-10-28,22.71,22.71,22.71,22.71,16.7952,0.0,0.0,1.0
2015-10-29,22.54,22.54,22.54,22.54,16.6695,816.0,0.0,1.0
2015-10-30,22.54,22.54,22.54,22.54,16.6695,60.0,0.0,1.0
2015-11-02,22.54,22.54,22.54,22.54,16.6695,155.0,0.0,1.0
2015-11-03,22.55,22.55,22.55,22.55,16.6769,350.0,0.0,1.0
2015-11-04,22.55,22.55,22.55,22.55,16.6769,0.0,0.0,1.0
2015-11-05,22.52,22.52,22.52,22.52,16.6547,600.0,0.0,1.0
2015-11-06,22.52,22.52,22.52,22.52,16.6547,0.0,0.0,1.0
2015-11-09,22.27,22.27,22.27,22.27,16.4698,175.0,0.0,1.0
2015-11-10,22.27,22.27,22.27,22.27,16.4698,0.0,0.0,1.0
2015-11-11,22.27,22.27,22.27,22.27,16.4698,0.0,0.0,1.0
2015-11-12,21.9015,21.9015,21.9015,21.9015,16.1973,113.0,0.0,1.0
2015-11-13,21.9015,21.9015,21.9015,21.9015,16.1973,50.0,0.0,1.0
2015-11-16,21.9015,21.9015,21.9015,21.9015,16.1973,100.0,0.0,1.0
2015-11-17,21.9015,21.9015,21.9015,21.9015,16.1973,0.0,0.0,1.0
2015-11-18,21.9015,21.9015,21.9015,21.9015,16.1973,0.0,0.0,1.0
2015-11-19,21.9015,21.9015,21.9015,21.9015,16.1973,1.0,0.0,1.0
2015-11-20,22.51,22.51,22.46,22.46,16.6103,800.0,0.0,1.0
2015-11-23,22.31,22.31,22.31,22.31,16.4994,225.0,0.0,1.0
2015-11-24,22.32,22.32,22.28,22.28,16.4772,523.0,0.0,1.0
2015-11-25,22.28,22.28,22.28,22.28,16.4772,0.0,0.0,1.0
2015-11-27,22.55,22.55,22.55,22.55,16.6769,1006.0,0.0,1.0
2015-11-30,22.55,22.55,22.55,22.55,16.6769,0.0,0.0,1.0
2015-12-01,22.55,22.55,22.55,22.55,16.6769,0.0,0.0,1.0
2015-12-02,22.55,22.55,22.55,22.55,16.6769,70.0,0.0,1.0
2015-12-03,22.5,22.5,22.5,22.5,16.6399,107.0,0.0,1.0
2015-12-04,22.5,22.5,22.5,22.5,16.6399,0.0,0.0,1.0
2015-12-07,22.024,22.034,22.024,22.034,16.2952,1000.0,0.0,1.0
2015-12-08,22.034,22.034,22.034,22.034,16.2952,46.0,0.0,1.0
2015-12-09,21.5,21.5,21.42,21.42,15.8412,700.0,0.0,1.0
2015-12-10,21.42,21.42,21.42,21.42,15.8412,0.0,0.0,1.0
2015-12-11,21.42,21.42,21.42,21.42,15.8412,0.0,0.0,1.0
2015-12-14,20.99,20.99,20.86,20.86,15.427,1186.0,0.0,1.0
2015-12-15,21.24,21.24,21.23,21.23,15.7006,1974.0,0.0,1.0
2015-12-16,21.4,21.4,21.4,21.4,15.9434,107.0,0.1583,1.0
2015-12-17,21.4,21.4,21.4,21.4,15.9434,0.0,0.0,1.0
2015-12-18,21.19,21.19,21.19,21.19,15.7869,182906.0,0.0,1.0
2015-12-21,21.34,21.34,21.23,21.23,15.8167,202911.0,0.0,1.0
2015-12-22,21.35,21.39,21.32,21.36,15.9136,3700.0,0.0,1.0
2015-12-23,21.36,21.36,21.36,21.36,15.9136,1.0,0.0,1.0
2015-12-24,21.36,21.36,21.36,21.36,15.9136,15.0,0.0,1.0
2015-12-28,21.36,21.36,21.36,21.36,15.9136,4.0,0.0,1.0
2015-12-29,22.21,22.21,22.1916,22.1916,16.5332,2112.0,0.0,1.0
2015-12-30,22.05,22.05,22.05,22.05,16.4277,845.0,0.0,1.0
2015-12-31,22.05,22.05,22.05,22.05,16.4277,0.0,0.0,1.0
2016-01-04,22.05,22.05,22.05,22.05,16.4277,60.0,0.0,1.0
2016-01-05,21.55,21.55,21.5094,21.5094,16.0249,8701.0,0.0,1.0
2016-01-06,21.5094,21.5094,21.5094,21.5094,16.0249,1.0,0.0,1.0
2016-01-07,20.93,21.01,20.7899,20.7899,15.4889,1381.0,0.0,1.0
2016-01-08,20.9506,20.9506,20.73,20.73,15.4442,2215.0,0.0,1.0
2016-01-11,20.73,20.73,20.73,20.73,15.4442,0.0,0.0,1.0
2016-01-12,20.73,20.73,20.73,20.73,15.4442,0.0,0.0,1.0
2016-01-13,20.73,20.73,20.73,20.73,15.4442,0.0,0.0,1.0
2016-01-14,20.56,20.56,20.55,20.55,15.3101,3501.0,0.0,1.0
2016-01-15,20.55,20.55,20.55,20.55,15.3101,0.0,0.0,1.0
2016-01-19,20.55,20.55,20.55,20.55,15.3101,0.0,0.0,1.0
2016-01-20,20.03,20.03,20.03,20.03,14.9227,302.0,0.0,1.0
2016-01-21,20.3,20.3,20.3,20.3,15.1239,392.0,0.0,1.0
2016-01-22,20.3,20.3,20.3,20.3,15.1239,0.0,0.0,1.0
2016-01-25,20.3,20.3,20.3,20.3,15.1239,0.0,0.0,1.0
2016-01-26,20.3,20.3,20.3,20.3,15.1239,46.0,0.0,1.0
2016-01-27,20.3,20.3,20.3,20.3,15.1239,0.0,0.0,1.0
2016-01-28,20.3,20.3,20.3,20.3,15.1239,0.0,0.0,1.0
2016-01-29,21.29,21.29,21.29,21.29,15.8614,450.0,0.0,1.0
2016-02-01,21.1001,21.4,21.1001,21.4,15.9434,1021.0,0.0,1.0
2016-02-02,21.4,21.4,21.4,21.4,15.9434,41.0,0.0,1.0
2016-02-03,20.74,20.74,20.4201,20.4201,15.2134,1482.0,0.0,1.0
2016-02-04,20.87,20.87,20.87,20.87,15.5485,976.0,0.0,1.0
2016-02-05,20.78,20.78,20.78,20.78,15.4815,100.0,0.0,1.0
2016-02-08,20.78,20.78,20.78,20.78,15.4815,0.0,0.0,1.0
2016-02-09,20.78,20.78,20.78,20.78,15.4815,0.0,0.0,1.0
2016-02-10,19.9,19.92,19.89,19.91,14.8333,645.0,0.0,1.0
2016-02-11,19.52,19.5866,19.52,19.5866,14.5924,29096.0,0.0,1.0
2016-02-12,19.5866,19.5866,19.5866,19.5866,14.5924,0.0,0.0,1.0
2016-02-16,19.5866,19.5866,19.5866,19.5866,14.5924,0.0,0.0,1.0
2016-02-17,21.1777,21.36,21.16,21.3,15.8689,1450.0,0.0,1.0
2016-02-18,21.1,21.2,21.09,21.2,15.7944,8830.0,0.0,1.0
2016-02-19,21.0,21.0,21.0,21.0,15.6454,100.0,0.0,1.0
2016-02-22,21.31,21.42,21.31,21.42,15.9583,427.0,0.0,1.0
2016-02-23,21.42,21.42,21.42,21.42,15.9583,18.0,0.0,1.0
2016-02-24,21.42,21.42,21.42,21.42,15.9583,0.0,0.0,1.0
2016-02-25,21.32,21.37,21.25,21.25,15.8316,1568.0,0.0,1.0
2016-02-26,21.25,21.25,21.25,21.25,15.8316,44.0,0.0,1.0
2016-02-29,21.54,21.54,21.52,21.52,16.0328,1245.0,0.0,1.0
2016-03-01,21.52,21.52,21.52,21.52,16.0328,0.0,0.0,1.0
2016-03-02,21.72,21.72,21.72,21.72,16.1818,741.0,0.0,1.0
2016-03-03,21.83,21.83,21.83,21.83,16.2638,51608.0,0.0,1.0
2016-03-04,21.88,21.88,21.88,21.88,16.301,168.0,0.0,1.0
2016-03-07,21.82,21.82,21.82,21.82,16.2563,238.0,0.0,1.0
2016-03-08,21.65,21.85,21.65,21.81,16.2489,111157.0,0.0,1.0
2016-03-09,21.81,21.81,21.81,21.81,16.2489,25000.0,0.0,1.0
2016-03-10,21.78,21.78,21.78,21.78,16.2265,159.0,0.0,1.0
2016-03-11,21.842,21.85,21.842,21.85,16.2787,574.0,0.0,1.0
2016-03-14,21.85,21.85,21.85,21.85,16.2787,0.0,0.0,1.0
2016-03-15,21.78,21.85,21.78,21.85,16.2787,3879.0,0.0,1.0
2016-03-16,21.93,22.04,21.88,21.96,16.3606,4443.0,0.0,1.0
2016-03-17,21.96,21.96,21.96,21.96,16.3606,0.0,0.0,1.0
2016-03-18,22.13,22.13,22.04,22.04,16.4202,368.0,0.0,1.0
2016-03-21,22.02,22.02,21.97,22.02,16.4053,747.0,0.0,1.0
2016-03-22,22.02,22.02,22.02,22.02,16.4053,0.0,0.0,1.0
2016-03-23,22.03,22.03,21.96,21.96,16.3606,878.0,0.0,1.0
2016-03-24,21.96,21.96,21.96,21.96,16.3606,67.0,0.0,1.0
2016-03-28,21.96,21.96,21.96,21.96,16.3606,0.0,0.0,1.0
2016-03-29,21.96,21.96,21.96,21.96,16.3606,0.0,0.0,1.0
2016-03-30,21.96,21.96,21.96,21.96,16.3606,10.0,0.0,1.0
2016-03-31,21.96,21.96,21.96,21.96,16.3606,50.0,0.0,1.0
2016-04-01,21.803,21.803,21.803,21.803,16.2436,157.0,0.0,1.0
2016-04-04,21.876,21.876,21.876,21.876,16.298,800.0,0.0,1.0
2016-04-05,21.72,21.72,21.6899,21.6899,16.1594,804.0,0.0,1.0
2016-04-06,21.6899,21.6899,21.6899,21.6899,16.1594,0.0,0.0,1.0
2016-04-07,21.6899,21.6899,21.6899,21.6899,16.1594,0.0,0.0,1.0
2016-04-08,21.6899,21.6899,21.6899,21.6899,16.1594,0.0,0.0,1.0
2016-04-11,21.6899,21.6899,21.6899,21.6899,16.1594,0.0,0.0,1.0
2016-04-12,22.25,22.25,22.25,22.25,16.5767,458.0,0.0,1.0
2016-04-13,22.58,22.58,22.58,22.58,16.8225,350.0,0.0,1.0
2016-04-14,22.66,22.67,22.66,22.67,16.8896,1000.0,0.0,1.0
2016-04-15,22.48,22.48,22.48,22.48,16.748,450.0,0.0,1.0
2016-04-18,22.5848,22.6,22.5848,22.59,16.83,2167.0,0.0,1.0
2016-04-19,22.81,22.86,22.79,22.86,17.0311,1144.0,0.0,1.0
2016-04-20,22.86,22.86,22.86,22.86,17.0311,0.0,0.0,1.0
2016-04-21,22.86,22.86,22.86,22.86,17.0311,0.0,0.0,1.0
2016-04-22,22.5,22.5,22.5,22.5,16.7629,704.0,0.0,1.0
2016-04-25,22.3499,22.3499,22.3499,22.3499,16.6511,212.0,0.0,1.0
2016-04-26,22.379,22.379,22.379,22.379,16.6728,403.0,0.0,1.0
2016-04-27,22.379,22.379,22.379,22.379,16.6728,1.0,0.0,1.0
2016-04-28,22.379,22.379,22.379,22.379,16.6728,0.0,0.0,1.0
2016-04-29,22.3661,22.3789,22.32,22.32,16.6288,352.0,0.0,1.0
2016-05-02,22.34,22.34,22.2576,22.2576,16.5823,942.0,0.0,1.0
2016-05-03,22.06,22.17,22.06,22.17,16.5171,344.0,0.0,1.0
2016-05-04,22.17,22.17,22.17,22.17,16.5171,47.0,0.0,1.0
2016-05-05,21.88,21.88,21.74,21.75,16.2042,15951.0,0.0,1.0
2016-05-06,21.815,21.815,21.815,21.815,16.2526,153.0,0.0,1.0
2016-05-09,21.8,21.8,21.8,21.8,16.2414,689.0,0.0,1.0
2016-05-10,21.8,21.8,21.8,21.8,16.2414,0.0,0.0,1.0
2016-05-11,21.88,21.92,21.88,21.92,16.3308,1105.0,0.0,1.0
2016-05-12,21.96,21.96,21.76,21.89,16.3085,2622.0,0.0,1.0
2016-05-13,21.89,21.89,21.89,21.89,16.3085,5.0,0.0,1.0
2016-05-16,21.89,21.89,21.89,21.89,16.3085,0.0,0.0,1.0
2016-05-17,21.89,21.89,21.89,21.89,16.3085,0.0,0.0,1.0
2016-05-18,21.89,21.89,21.89,21.89,16.3085,0.0,0.0,1.0
2016-05-19,21.8,21.8,21.78,21.78,16.2265,800.0,0.0,1.0
2016-05-20,21.78,21.78,21.78,21.78,16.2265,0.0,0.0,1.0
2016-05-23,21.89,21.96,21.89,21.89,16.3085,4071.0,0.0,1.0
2016-05-24,21.89,21.89,21.89,21.89,16.3085,0.0,0.0,1.0
2016-05-25,22.3101,22.32,22.306,22.31,16.6214,4856.0,0.0,1.0
2016-05-26,22.3201,22.39,22.3201,22.38,16.6735,1694.0,0.0,1.0
2016-05-27,22.38,22.38,22.38,22.38,16.6735,0.0,0.0,1.0
2016-05-31,22.38,22.38,22.38,22.38,16.6735,93.0,0.0,1.0
2016-06-01,22.1,22.1,22.1,22.1,16.4649,193.0,0.0,1.0
2016-06-02,22.1,22.1,22.1,22.1,16.4649,0.0,0.0,1.0
2016-06-03,22.24,22.25,22.23,22.23,16.5618,5465.0,0.0,1.0
2016-06-06,22.23,22.23,22.23,22.23,16.5618,0.0,0.0,1.0
2016-06-07,22.23,22.23,22.23,22.23,16.5618,0.0,0.0,1.0
2016-06-08,22.23,22.23,22.23,22.23,16.5618,0.0,0.0,1.0
2016-06-09,22.39,22.39,22.39,22.39,16.680999999999994,200.0,0.0,1.0
2016-06-10,21.95,21.95,21.95,21.95,16.3532,200.0,0.0,1.0
2016-06-13,21.95,21.95,21.95,21.95,16.3532,0.0,0.0,1.0
2016-06-14,21.23,21.23,21.23,21.23,15.8167,700.0,0.0,1.0
2016-06-15,21.23,21.23,21.23,21.23,15.8167,54.0,0.0,1.0
2016-06-16,21.23,21.23,21.23,21.23,15.8167,0.0,0.0,1.0
2016-06-17,21.23,21.23,21.23,21.23,15.8167,0.0,0.0,1.0
2016-06-20,22.1248,22.1248,22.1194,22.1194,16.4794,300.0,0.0,1.0
2016-06-21,21.5994,21.5994,21.5994,21.5994,16.4727,0.0,0.5111,1.0
2016-06-22,21.972,21.972,21.937,21.937,16.7302,500.0,0.0,1.0
2016-06-23,22.17,22.28,22.17,22.28,16.9918,632.0,0.0,1.0
2016-06-24,21.7029,21.8,21.3001,21.37,16.2977,24233.0,0.0,1.0
2016-06-27,21.21,21.21,21.21,21.21,16.1757,535.0,0.0,1.0
2016-06-28,21.6,21.682,21.6,21.682,16.5357,1925.0,0.0,1.0
2016-06-29,21.95,22.2799,21.95,22.2799,16.9917,18579.0,0.0,1.0
2016-06-30,22.91,22.92,22.8501,22.8501,17.4265,7050.0,0.0,1.0
2016-07-01,22.9637,23.05,22.9637,23.05,17.579,26130.0,0.0,1.0
2016-07-05,23.05,23.05,23.05,23.05,17.579,27.0,0.0,1.0
2016-07-06,22.7606,22.77,22.7606,22.77,17.3655,412.0,0.0,1.0
2016-07-07,22.8,22.85,22.78,22.85,17.4265,17309.0,0.0,1.0
2016-07-08,22.85,22.85,22.85,22.85,17.4265,9.0,0.0,1.0
2016-07-11,23.3049,23.3199,23.3049,23.3199,17.7848,1159.0,0.0,1.0
2016-07-12,23.3199,23.3199,23.3199,23.3199,17.7848,9.0,0.0,1.0
2016-07-13,23.3199,23.3199,23.3199,23.3199,17.7848,33.0,0.0,1.0
2016-07-14,23.4,23.4199,23.1901,23.2,17.6934,3414.0,0.0,1.0
2016-07-15,23.3,23.315,23.3,23.315,17.7811,218.0,0.0,1.0
2016-07-18,23.43,23.44,23.322,23.322,17.7864,2030.0,0.0,1.0
2016-07-19,23.39,23.42,23.39,23.42,17.8612,505.0,0.0,1.0
2016-07-20,23.5,23.5,23.4799,23.4799,17.9069,1917.0,0.0,1.0
2016-07-21,23.39,23.451,23.39,23.451,17.8848,575.0,0.0,1.0
2016-07-22,23.48,23.48,23.4551,23.4551,17.8879,420.0,0.0,1.0
2016-07-25,23.4599,23.4599,23.4599,23.4599,17.8916,866.0,0.0,1.0
2016-07-26,23.51,23.51,23.51,23.51,17.9298,105.0,0.0,1.0
2016-07-27,23.68,23.68,23.68,23.68,18.0595,105.0,0.0,1.0
2016-07-28,23.68,23.68,23.68,23.68,18.0595,5.0,0.0,1.0
2016-07-29,23.4799,23.4799,23.4401,23.4401,17.8765,609.0,0.0,1.0
2016-08-01,23.47,23.47,23.33,23.34,17.8002,3151.0,0.0,1.0
2016-08-02,23.34,23.34,23.34,23.34,17.8002,1.0,0.0,1.0
2016-08-03,23.21,23.21,23.2001,23.2001,17.6935,401.0,0.0,1.0
2016-08-04,23.61,23.6375,23.6001,23.6001,17.9985,500.0,0.0,1.0
2016-08-05,23.78,23.78,23.7401,23.7696,18.1278,500.0,0.0,1.0
2016-08-08,23.78,23.84,23.78,23.84,18.1815,2600.0,0.0,1.0
2016-08-09,23.916,23.916,23.916,23.916,18.2394,207.0,0.0,1.0
2016-08-10,23.916,23.916,23.916,23.916,18.2394,0.0,0.0,1.0
2016-08-11,24.24,24.3,24.24,24.3,18.5323,415.0,0.0,1.0
2016-08-12,24.3,24.3,24.3,24.3,18.5323,0.0,0.0,1.0
2016-08-15,24.33,24.41,24.33,24.35,18.5704,5765.0,0.0,1.0
2016-08-16,24.24,24.24,24.24,24.24,18.4865,100.0,0.0,1.0
2016-08-17,24.24,24.24,24.24,24.24,18.4865,0.0,0.0,1.0
2016-08-18,24.12,24.17,24.07,24.17,18.4332,7195.0,0.0,1.0
2016-08-19,24.17,24.17,24.17,24.17,18.4332,0.0,0.0,1.0
2016-08-22,24.02,24.03,24.02,24.03,18.3264,1265.0,0.0,1.0
2016-08-23,24.172,24.2,24.13,24.16,18.4255,9400.0,0.0,1.0
2016-08-24,24.0785,24.0785,24.001,24.0545,18.3451,16696.0,0.0,1.0
2016-08-25,23.9228,24.0,23.9228,24.0,18.3035,945.0,0.0,1.0
2016-08-26,23.9,23.9,23.9,23.9,18.2272,100.0,0.0,1.0
2016-08-29,24.03,24.1,24.02,24.1,18.3798,300.0,0.0,1.0
2016-08-30,23.95,23.9628,23.94,23.96,18.273,7918.0,0.0,1.0
2016-08-31,23.84,23.87,23.84,23.87,18.2044,200.0,0.0,1.0
2016-09-01,23.87,23.87,23.87,23.87,18.2044,0.0,0.0,1.0
2016-09-02,24.144,24.2814,24.144,24.24,18.4865,8612.0,0.0,1.0
2016-09-06,24.24,24.24,24.24,24.24,18.4865,86.0,0.0,1.0
2016-09-07,24.24,24.24,24.24,24.24,18.4865,40.0,0.0,1.0
2016-09-08,24.24,24.24,24.24,24.24,18.4865,0.0,0.0,1.0
2016-09-09,23.7105,23.7105,23.7105,23.7105,18.0827,356.0,0.0,1.0
2016-09-12,23.51,23.75,23.51,23.75,18.1128,821.0,0.0,1.0
2016-09-13,23.75,23.75,23.75,23.75,18.1128,150.0,0.0,1.0
2016-09-14,23.5125,23.5125,23.38,23.41,17.8535,62253.0,0.0,1.0
2016-09-15,23.41,23.41,23.41,23.41,17.8535,0.0,0.0,1.0
2016-09-16,23.41,23.41,23.41,23.41,17.8535,89.0,0.0,1.0
2016-09-19,23.41,23.41,23.41,23.41,17.8535,26.0,0.0,1.0
2016-09-20,23.9701,23.9701,23.9701,23.9701,18.2807,201.0,0.0,1.0
2016-09-21,23.9885,24.07,23.86,24.0623,18.351,3267.0,0.0,1.0
2016-09-22,24.35,24.35,24.31,24.31,18.5399,512.0,0.0,1.0
2016-09-23,24.31,24.31,24.31,24.31,18.5399,0.0,0.0,1.0
2016-09-26,24.04,24.04,24.04,24.04,18.334,121.0,0.0,1.0
2016-09-27,24.04,24.04,24.04,24.04,18.334,43.0,0.0,1.0
2016-09-28,24.23,24.27,24.23,24.27,18.5094,200.0,0.0,1.0
2016-09-29,24.4,24.4,24.4,24.4,18.6086,338.0,0.0,1.0
2016-09-30,24.4,24.4,24.4,24.4,18.6086,0.0,0.0,1.0
2016-10-03,24.53,24.53,24.4543,24.4985,18.6837,2098.0,0.0,1.0
2016-10-04,24.4985,24.4985,24.4985,24.4985,18.6837,0.0,0.0,1.0
2016-10-05,24.761,24.761,24.761,24.761,18.8839,226.0,0.0,1.0
2016-10-06,24.761,24.761,24.761,24.761,18.8839,0.0,0.0,1.0
2016-10-07,24.8699,24.8699,24.8699,24.8699,18.9669,304.0,0.0,1.0
2016-10-10,24.8699,24.8699,24.8699,24.8699,18.9669,21.0,0.0,1.0
2016-10-11,24.949,24.949,24.88,24.88,18.9746,641.0,0.0,1.0
2016-10-12,24.88,24.88,24.88,24.88,18.9746,61.0,0.0,1.0
2016-10-13,24.88,24.88,24.88,24.88,18.9746,22.0,0.0,1.0
2016-10-14,24.88,24.88,24.88,24.88,18.9746,21.0,0.0,1.0
2016-10-17,24.44,24.44,24.44,24.44,18.6391,122.0,0.0,1.0
2016-10-18,24.63,24.63,24.63,24.63,18.784,131.0,0.0,1.0
2016-10-19,24.7,24.7,24.7,24.7,18.8374,521.0,0.0,1.0
2016-10-20,24.76,24.77,24.66,24.75,18.8755,3021.0,0.0,1.0
2016-10-21,24.75,24.75,24.75,24.75,18.8755,21.0,0.0,1.0
2016-10-24,24.75,24.75,24.75,24.75,18.8755,22.0,0.0,1.0
2016-10-25,24.75,24.75,24.75,24.75,18.8755,22.0,0.0,1.0
2016-10-26,24.39,24.41,24.39,24.4,18.6086,5866.0,0.0,1.0
2016-10-27,24.4,24.4,24.4,24.4,18.6086,21.0,0.0,1.0
2016-10-28,24.4,24.4,24.4,24.4,18.6086,21.0,0.0,1.0
2016-10-31,24.43,24.43,24.4101,24.4101,18.6163,625.0,0.0,1.0
2016-11-01,24.32,24.32,24.24,24.32,18.5476,3006.0,0.0,1.0
2016-11-02,24.1,24.15,24.06,24.15,18.4179,4300.0,0.0,1.0
2016-11-03,24.15,24.15,24.15,24.15,18.4179,41.0,0.0,1.0
2016-11-04,24.15,24.15,24.15,24.15,18.4179,15.0,0.0,1.0
2016-11-07,23.92,23.94,23.92,23.94,18.2578,507.0,0.0,1.0
2016-11-08,24.1,24.1,24.08,24.08,18.3645,201.0,0.0,1.0
2016-11-09,24.08,24.08,24.08,24.08,18.3645,23.0,0.0,1.0
2016-11-10,24.08,24.08,24.08,24.08,18.3645,0.0,0.0,1.0
2016-11-11,23.77,23.77,23.77,23.77,18.1281,207.0,0.0,1.0
2016-11-14,23.77,23.77,23.77,23.77,18.1281,0.0,0.0,1.0
2016-11-15,23.77,23.77,23.77,23.77,18.1281,42.0,0.0,1.0
2016-11-16,23.77,23.77,23.77,23.77,18.1281,0.0,0.0,1.0
2016-11-17,23.77,23.77,23.77,23.77,18.1281,0.0,0.0,1.0
2016-11-18,23.77,23.77,23.77,23.77,18.1281,0.0,0.0,1.0
2016-11-21,23.92,23.94,23.8584,23.9,18.2272,57652.0,0.0,1.0
2016-11-22,23.9,23.9,23.9,23.9,18.2272,1.0,0.0,1.0
2016-11-23,23.9,23.9,23.9,23.9,18.2272,0.0,0.0,1.0
2016-11-25,23.9,23.9,23.9,23.9,18.2272,0.0,0.0,1.0
2016-11-28,23.9,23.9,23.9,23.9,18.2272,18.0,0.0,1.0
2016-11-29,23.98,23.98,23.97,23.97,18.2806,653.0,0.0,1.0
2016-11-30,23.97,23.97,23.97,23.97,18.2806,4.0,0.0,1.0
2016-12-01,23.97,23.97,23.97,23.97,18.2806,2.0,0.0,1.0
2016-12-02,23.78,23.8,23.77,23.8,18.151,10850.0,0.0,1.0
2016-12-05,23.89,23.89,23.89,23.89,18.2196,641.0,0.0,1.0
2016-12-06,24.06,24.06,24.06,24.06,18.3493,141.0,0.0,1.0
2016-12-07,24.34,24.53,24.34,24.53,18.7077,1480.0,0.0,1.0
2016-12-08,24.53,24.53,24.53,24.53,18.7077,0.0,0.0,1.0
2016-12-09,20.0347,20.1599,20.005,20.1599,18.8973,5021.0,4.6186,1.0
2016-12-12,20.1599,20.1599,20.1599,20.1599,18.8973,1.0,0.0,1.0
2016-12-13,20.0395,20.0395,20.0395,20.0395,18.7844,570.0,0.0,1.0
2016-12-14,20.0037,20.095,20.0037,20.06,18.8036,725.0,0.0,1.0
2016-12-15,20.05,20.079,19.9751,20.079,18.8214,2888.0,0.0,1.0
2016-12-16,20.29,20.29,20.0501,20.12,18.8599,9735.0,0.0,1.0
2016-12-19,20.179,20.179,20.07,20.07,18.813,5103.0,0.0,1.0
2016-12-20,20.07,20.07,20.07,20.07,18.813,1.0,0.0,1.0
2016-12-21,19.95,19.95,19.95,19.95,18.8046,21.0,0.111,1.0
2016-12-22,19.95,19.95,19.95,19.95,18.8046,0.0,0.0,1.0
2016-12-23,20.17,20.2315,20.1301,20.15,18.9931,2695.0,0.0,1.0
2016-12-27,20.2,20.27,20.2,20.2,19.0402,2553.0,0.0,1.0
2016-12-28,20.34,20.35,20.2779,20.28,19.1156,726.0,0.0,1.0
2016-12-29,20.28,20.28,20.28,20.28,19.1156,13.0,0.0,1.0
2016-12-30,20.28,20.28,20.28,20.28,19.1156,2.0,0.0,1.0
2017-01-03,20.44,20.4907,20.44,20.4907,19.3142,802.0,0.0,1.0
2017-01-04,20.58,20.58,20.58,20.58,19.3984,689.0,0.0,1.0
2017-01-05,20.58,20.58,20.58,20.58,19.3984,572.0,0.0,1.0
2017-01-06,20.58,20.58,20.58,20.58,19.3984,10.0,0.0,1.0
2017-01-09,20.58,20.58,20.58,20.58,19.3984,44.0,0.0,1.0
2017-01-10,20.58,20.58,20.58,20.58,19.3984,11.0,0.0,1.0
2017-01-11,20.58,20.58,20.58,20.58,19.3984,46.0,0.0,1.0
2017-01-12,20.58,20.58,20.58,20.58,19.3984,5.0,0.0,1.0
2017-01-13,20.58,20.58,20.58,20.58,19.3984,5.0,0.0,1.0
2017-01-17,20.6728,20.6848,20.6728,20.6848,19.4972,539.0,0.0,1.0
2017-01-18,20.74,20.74,20.64,20.64,19.4549,287.0,0.0,1.0
2017-01-19,20.64,20.64,20.64,20.64,19.4549,0.0,0.0,1.0
2017-01-20,20.64,20.64,20.64,20.64,19.4549,1.0,0.0,1.0
2017-01-23,20.58,20.6,20.48,20.48,19.3041,10422.0,0.0,1.0
2017-01-24,20.48,20.48,20.48,20.48,19.3041,110.0,0.0,1.0
2017-01-25,20.48,20.48,20.48,20.48,19.3041,38.0,0.0,1.0
2017-01-26,20.5,20.5,20.5,20.5,19.323,125.0,0.0,1.0
2017-01-27,20.5,20.5,20.5,20.5,19.323,41.0,0.0,1.0
2017-01-30,20.41,20.41,20.41,20.41,19.2381,334.0,0.0,1.0
2017-01-31,20.39,20.39,20.3186,20.3186,19.152,3444.0,0.0,1.0
2017-02-01,20.47,20.47,20.34,20.34,19.1722,600.0,0.0,1.0
2017-02-02,20.41,20.4439,20.37,20.4439,19.2701,14228.0,0.0,1.0
2017-02-03,20.5,20.5,20.49,20.5,19.323,11600.0,0.0,1.0
2017-02-06,20.52,20.52,20.47,20.47,19.2947,14928.0,0.0,1.0
2017-02-07,20.48,20.51,20.48,20.51,19.3324,250.0,0.0,1.0
2017-02-08,20.47,20.54,20.44,20.54,19.3607,3400.0,0.0,1.0
2017-02-09,20.6,20.69,20.6,20.69,19.5021,1300.0,0.0,1.0
2017-02-10,20.78,20.79,20.7537,20.7537,19.5621,6540.0,0.0,1.0
2017-02-13,20.84,20.86,20.84,20.85,19.6529,2000.0,0.0,1.0
2017-02-14,20.85,20.85,20.85,20.85,19.6529,0.0,0.0,1.0
2017-02-15,20.88,20.89,20.88,20.88,19.6812,622.0,0.0,1.0
2017-02-16,20.87,20.91,20.86,20.91,19.7094,8986.0,0.0,1.0
2017-02-17,20.95,20.96,20.94,20.94,19.7377,3609.0,0.0,1.0
2017-02-21,20.8839,20.8839,20.8839,20.8839,19.6848,200.0,0.0,1.0
2017-02-22,20.92,20.9559,20.92,20.9559,19.7527,489.0,0.0,1.0
2017-02-23,20.9559,20.9559,20.9559,20.9559,19.7527,64.0,0.0,1.0
2017-02-24,20.93,20.93,20.89,20.89,19.6906,5476.0,0.0,1.0
2017-02-27,20.89,20.89,20.89,20.89,19.6906,2.0,0.0,1.0
2017-02-28,20.96,21.0,20.9092,20.92,19.7189,8555.0,0.0,1.0
2017-03-01,21.24,21.29,21.23,21.29,20.0676,424.0,0.0,1.0
2017-03-02,21.29,21.29,21.29,21.29,20.0676,0.0,0.0,1.0
2017-03-03,21.29,21.29,21.29,21.29,20.0676,24.0,0.0,1.0
2017-03-06,21.12,21.12,21.12,21.12,19.9074,102.0,0.0,1.0
2017-03-07,21.14,21.14,21.135,21.135,19.9215,1271.0,0.0,1.0
2017-03-08,21.05,21.05,21.05,21.05,19.8414,200.0,0.0,1.0
2017-03-09,21.05,21.05,21.05,21.05,19.8414,0.0,0.0,1.0
2017-03-10,21.05,21.05,21.05,21.05,19.8414,0.0,0.0,1.0
2017-03-13,21.05,21.05,21.05,21.05,19.8414,3.0,0.0,1.0
2017-03-14,21.05,21.05,21.05,21.05,19.8414,62.0,0.0,1.0
2017-03-15,21.05,21.05,21.05,21.05,19.8414,45.0,0.0,1.0
2017-03-16,21.05,21.05,21.05,21.05,19.8414,36.0,0.0,1.0
2017-03-17,21.4401,21.4499,21.4401,21.4499,20.2183,700.0,0.0,1.0
2017-03-20,21.4499,21.4499,21.4499,21.4499,20.2183,28.0,0.0,1.0
2017-03-21,21.2818,21.2818,21.2736,21.2736,20.0522,259.0,0.0,1.0
2017-03-22,21.1878,21.1878,21.1878,21.1878,19.9713,176.0,0.0,1.0
2017-03-23,21.1599,21.1715,21.1599,21.1715,19.9559,653.0,0.0,1.0
2017-03-24,21.2,21.21,21.19,21.2,19.9828,1609.0,0.0,1.0
2017-03-27,21.02,21.02,21.0,21.0,19.7943,700.0,0.0,1.0
2017-03-28,21.2102,21.2102,21.2102,21.2102,19.9924,160.0,0.0,1.0
2017-03-29,21.2102,21.2102,21.2102,21.2102,19.9924,0.0,0.0,1.0
2017-03-30,21.2102,21.2102,21.2102,21.2102,19.9924,0.0,0.0,1.0
2017-03-31,21.25,21.25,21.25,21.25,20.0299,1653.0,0.0,1.0
2017-04-03,21.169,21.169,21.169,21.169,19.9536,100.0,0.0,1.0
2017-04-04,21.12,21.12,21.12,21.12,19.9074,148.0,0.0,1.0
2017-04-05,21.2378,21.2378,21.2378,21.2378,20.0184,169.0,0.0,1.0
2017-04-06,21.1496,21.1496,21.1496,21.1496,19.9353,233.0,0.0,1.0
2017-04-07,21.1496,21.1496,21.1496,21.1496,19.9353,0.0,0.0,1.0
2017-04-10,21.1496,21.1496,21.1496,21.1496,19.9353,0.0,0.0,1.0
2017-04-11,21.1496,21.1496,21.1496,21.1496,19.9353,0.0,0.0,1.0
2017-04-12,21.1496,21.1496,21.1496,21.1496,19.9353,0.0,0.0,1.0
2017-04-13,21.1496,21.1496,21.1496,21.1496,19.9353,0.0,0.0,1.0
2017-04-17,21.31,21.31,21.19,21.19,19.9734,585.0,0.0,1.0
2017-04-18,20.78,20.78,20.78,20.78,19.5869,100.0,0.0,1.0
2017-04-19,20.6105,20.6105,20.5866,20.5866,19.4046,359.0,0.0,1.0
2017-04-20,20.5866,20.5866,20.5866,20.5866,19.4046,0.0,0.0,1.0
2017-04-21,20.5866,20.5866,20.5866,20.5866,19.4046,10.0,0.0,1.0
2017-04-24,20.5866,20.5866,20.5866,20.5866,19.4046,0.0,0.0,1.0
2017-04-25,20.5866,20.5866,20.5866,20.5866,19.4046,0.0,0.0,1.0
2017-04-26,21.13,21.13,21.13,21.13,19.9168,200.0,0.0,1.0
2017-04-27,21.13,21.13,21.13,21.13,19.9168,0.0,0.0,1.0
2017-04-28,21.13,21.13,21.13,21.13,19.9168,0.0,0.0,1.0
2017-05-01,20.912,21.0394,20.912,21.0185,19.8117,428.0,0.0,1.0
2017-05-02,20.93,21.0256,20.93,21.0256,19.8184,671.0,0.0,1.0
2017-05-03,20.98,20.98,20.98,20.98,19.7754,303.0,0.0,1.0
2017-05-04,20.98,20.98,20.98,20.98,19.7754,0.0,0.0,1.0
2017-05-05,20.98,20.98,20.98,20.98,19.7754,43.0,0.0,1.0
2017-05-08,20.98,20.98,20.98,20.98,19.7754,17.0,0.0,1.0
2017-05-09,20.98,20.98,20.98,20.98,19.7754,36.0,0.0,1.0
2017-05-10,21.4384,21.4384,21.4384,21.4384,20.2075,376.0,0.0,1.0
2017-05-11,21.441,21.441,21.441,21.441,20.2099,869.0,0.0,1.0
2017-05-12,21.46,21.615,21.46,21.615,20.374,43456.0,0.0,1.0
2017-05-15,21.59,21.59,21.59,21.59,20.3504,962.0,0.0,1.0
2017-05-16,21.59,21.59,21.59,21.59,20.3504,0.0,0.0,1.0
2017-05-17,21.8204,21.8204,21.69,21.69,20.4447,1305.0,0.0,1.0
2017-05-18,21.7,21.81,21.6873,21.78,20.5295,1679.0,0.0,1.0
2017-05-19,21.795,21.795,21.795,21.795,20.5436,100.0,0.0,1.0
2017-05-22,21.88,21.88,21.88,21.88,20.6237,2149.0,0.0,1.0
2017-05-23,21.88,21.88,21.88,21.88,20.6237,100.0,0.0,1.0
2017-05-24,21.91,21.915,21.91,21.915,20.6567,230.0,0.0,1.0
2017-05-25,21.92,21.93,21.91,21.91,20.652,2193.0,0.0,1.0
2017-05-26,21.91,21.91,21.91,21.91,20.652,0.0,0.0,1.0
2017-05-30,21.95,21.95,21.95,21.95,20.6897,420.0,0.0,1.0
2017-05-31,21.95,21.95,21.95,21.95,20.6897,50.0,0.0,1.0
2017-06-01,22.0201,22.0375,22.0201,22.0375,20.7722,1476.0,0.0,1.0
2017-06-02,22.0375,22.0375,22.0375,22.0375,20.7722,0.0,0.0,1.0
2017-06-05,22.0375,22.0375,22.0375,22.0375,20.7722,0.0,0.0,1.0
2017-06-06,22.0375,22.0375,22.0375,22.0375,20.7722,91.0,0.0,1.0
2017-06-07,22.0375,22.0375,22.0375,22.0375,20.7722,0.0,0.0,1.0
2017-06-08,22.0375,22.0375,22.0375,22.0375,20.7722,0.0,0.0,1.0
2017-06-09,22.0375,22.0375,22.0375,22.0375,20.7722,50.0,0.0,1.0
2017-06-12,22.0375,22.0375,22.0375,22.0375,20.7722,5.0,0.0,1.0
2017-06-13,22.0375,22.0375,22.0375,22.0375,20.7722,1.0,0.0,1.0
2017-06-14,21.82800000000001,21.82800000000001,21.82800000000001,21.82800000000001,20.5747,102.0,0.0,1.0
2017-06-15,21.63,21.675,21.63,21.673,20.4286,2265.0,0.0,1.0
2017-06-16,21.888,21.888,21.888,21.888,20.6313,100.0,0.0,1.0
2017-06-19,21.888,21.888,21.888,21.888,20.6313,0.0,0.0,1.0
2017-06-20,21.79,21.79,21.759,21.759,20.5097,300.0,0.0,1.0
2017-06-21,21.54,21.56,21.54,21.54,20.4494,500.0,0.155,1.0
2017-06-22,21.581,21.581,21.48,21.48,20.3924,2674.0,0.0,1.0
2017-06-23,21.52,21.52,21.52,21.52,20.4304,601.0,0.0,1.0
2017-06-26,21.55,21.5698,21.55,21.5698,20.4777,1433.0,0.0,1.0
2017-06-27,21.5,21.54,21.5,21.502,20.4133,701.0,0.0,1.0
2017-06-28,21.502,21.502,21.502,21.502,20.4133,16.0,0.0,1.0
2017-06-29,21.502,21.502,21.502,21.502,20.4133,41.0,0.0,1.0
2017-06-30,21.502,21.502,21.502,21.502,20.4133,2.0,0.0,1.0
2017-07-03,21.502,21.502,21.502,21.502,20.4133,0.0,0.0,1.0
2017-07-05,21.37,21.37,21.37,21.37,20.288,200.0,0.0,1.0
2017-07-06,21.37,21.37,21.37,21.37,20.288,0.0,0.0,1.0
2017-07-07,21.37,21.37,21.37,21.37,20.288,0.0,0.0,1.0
2017-07-10,21.37,21.37,21.37,21.37,20.288,38.0,0.0,1.0
2017-07-11,21.37,21.37,21.37,21.37,20.288,0.0,0.0,1.0
2017-07-12,21.46,21.46,21.46,21.46,20.3734,180.0,0.0,1.0
2017-07-13,21.46,21.46,21.46,21.46,20.3734,93.0,0.0,1.0
2017-07-14,21.46,21.46,21.46,21.46,20.3734,0.0,0.0,1.0
2017-07-17,21.489,21.489,21.489,21.489,20.4009,100.0,0.0,1.0
2017-07-18,21.44,21.455,21.44,21.455,20.3687,536.0,0.0,1.0
2017-07-19,21.455,21.455,21.455,21.455,20.3687,0.0,0.0,1.0
2017-07-20,21.7,21.7,21.7,21.7,20.6013,162.0,0.0,1.0
2017-07-21,21.7,21.7,21.7,21.7,20.6013,1.0,0.0,1.0
2017-07-24,21.4,21.4,21.37,21.37,20.288,435.0,0.0,1.0
2017-07-25,21.63,21.63,21.63,21.63,20.5348,224.0,0.0,1.0
2017-07-26,21.635,21.635,21.635,21.635,20.5396,100.0,0.0,1.0
2017-07-27,21.64,21.64,21.64,21.64,20.5443,100.0,0.0,1.0
2017-07-28,21.37,21.4321,21.37,21.4321,20.3469,786.0,0.0,1.0
2017-07-31,21.5,21.5,21.5,21.5,20.4114,100.0,0.0,1.0
2017-08-01,21.68,21.68,21.68,21.68,20.5823,142.0,0.0,1.0
2017-08-02,21.68,21.68,21.68,21.68,20.5823,1.0,0.0,1.0
2017-08-03,21.7,21.7,21.7,21.7,20.6013,14632.0,0.0,1.0
2017-08-04,21.7,21.7,21.7,21.7,20.6013,0.0,0.0,1.0
2017-08-07,21.7,21.7,21.7,21.7,20.6013,45.0,0.0,1.0
2017-08-08,21.7,21.7,21.7,21.7,20.6013,99.0,0.0,1.0
2017-08-09,21.7,21.7,21.7,21.7,20.6013,1.0,0.0,1.0
2017-08-10,21.7,21.72,21.7,21.7,20.6013,1312.0,0.0,1.0
2017-08-11,21.7,21.7,21.7,21.7,20.6013,0.0,0.0,1.0
2017-08-14,21.7,21.7,21.7,21.7,20.6013,0.0,0.0,1.0
2017-08-15,21.67,21.67,21.67,21.67,20.5728,100.0,0.0,1.0
2017-08-16,21.67,21.67,21.67,21.67,20.5728,0.0,0.0,1.0
2017-08-17,21.68,21.73,21.57,21.57,20.4778,4599.0,0.0,1.0
2017-08-18,21.57,21.57,21.57,21.57,20.4778,0.0,0.0,1.0
2017-08-21,21.57,21.57,21.57,21.57,20.4778,0.0,0.0,1.0
2017-08-22,21.72,21.72,21.72,21.72,20.6202,185.0,0.0,1.0
2017-08-23,21.72,21.72,21.72,21.72,20.6202,2.0,0.0,1.0
2017-08-24,21.72,21.72,21.72,21.72,20.6202,37.0,0.0,1.0
2017-08-25,21.8412,21.8412,21.7911,21.7911,20.6877,1520.0,0.0,1.0
2017-08-28,21.7911,21.7911,21.7911,21.7911,20.6877,0.0,0.0,1.0
2017-08-29,21.7911,21.7911,21.7911,21.7911,20.6877,0.0,0.0,1.0
2017-08-30,21.5801,21.6,21.58,21.58,20.4873,8953.0,0.0,1.0
2017-08-31,21.89,21.89,21.89,21.89,20.7816,100.0,0.0,1.0
2017-09-01,21.89,21.89,21.89,21.89,20.7816,46.0,0.0,1.0
2017-09-05,21.69,21.69,21.53,21.53,20.4399,7300.0,0.0,1.0
2017-09-06,21.5318,21.5318,21.5318,21.5318,20.4416,0.0,0.0,1.0
2017-09-07,21.7327,21.7327,21.7327,21.7327,20.6323,482.0,0.0,1.0
2017-09-08,21.73,21.73,21.73,21.73,20.6297,0.0,0.0,1.0
2017-09-11,21.73,21.73,21.73,21.73,20.6297,0.0,0.0,1.0
2017-09-12,21.68,21.68,21.68,21.68,20.5823,103.0,0.0,1.0
2017-09-13,21.7173,21.7173,21.7173,21.7173,20.6177,358.0,0.0,1.0
2017-09-14,21.55,21.55,21.55,21.55,20.4589,100.0,0.0,1.0
2017-09-15,21.24,21.24,21.24,21.24,20.1646,300.0,0.0,1.0
2017-09-18,21.24,21.24,21.24,21.24,20.1646,0.0,0.0,1.0
2017-09-19,21.24,21.24,21.24,21.24,20.1646,0.0,0.0,1.0
2017-09-20,21.31,21.31,21.31,21.31,20.231,224.0,0.0,1.0
2017-09-21,21.3336,21.3336,21.3336,21.3336,20.2534,100.0,0.0,1.0
2017-09-22,21.3336,21.3336,21.3336,21.3336,20.2534,4.0,0.0,1.0
2017-09-25,21.3336,21.3336,21.3336,21.3336,20.2534,0.0,0.0,1.0
2017-09-26,21.38,21.38,21.38,21.38,20.2975,109.0,0.0,1.0
2017-09-27,21.38,21.38,21.38,21.38,20.2975,0.0,0.0,1.0
2017-09-28,21.38,21.38,21.38,21.38,20.2975,0.0,0.0,1.0
2017-09-29,21.64,21.6833,21.64,21.6743,20.5769,1041.0,0.0,1.0
2017-10-02,21.6743,21.6743,21.6743,21.6743,20.5769,2.0,0.0,1.0
2017-10-03,21.67,21.67,21.67,21.67,20.5728,0.0,0.0,1.0
2017-10-04,21.8701,21.8701,21.8701,21.8701,20.7627,290.0,0.0,1.0
2017-10-05,21.87,21.87,21.87,21.87,20.7627,0.0,0.0,1.0
2017-10-06,22.031,22.031,22.031,22.031,20.9155,100.0,0.0,1.0
2017-10-09,22.031,22.031,22.031,22.031,20.9155,1.0,0.0,1.0
2017-10-10,22.13,22.15,22.13,22.15,21.0285,576.0,0.0,1.0
2017-10-11,22.08,22.08,22.08,22.08,20.962,100.0,0.0,1.0
2017-10-12,22.08,22.08,22.08,22.08,20.962,0.0,0.0,1.0
2017-10-13,22.08,22.08,22.08,22.08,20.962,0.0,0.0,1.0
2017-10-16,22.13,22.13,22.13,22.13,21.0095,145.0,0.0,1.0
2017-10-17,22.13,22.13,22.13,22.13,21.0095,0.0,0.0,1.0
2017-10-18,22.13,22.13,22.13,22.13,21.0095,37.0,0.0,1.0
2017-10-19,22.13,22.13,22.13,22.13,21.0095,0.0,0.0,1.0
2017-10-20,22.07,22.0826,22.06,22.0797,20.9617,1243.0,0.0,1.0
2017-10-23,22.041,22.041,22.041,22.041,20.925,200.0,0.0,1.0
2017-10-24,22.041,22.041,22.041,22.041,20.925,0.0,0.0,1.0
2017-10-25,22.041,22.041,22.041,22.041,20.925,7.0,0.0,1.0
2017-10-26,22.041,22.041,22.041,22.041,20.925,0.0,0.0,1.0
2017-10-27,22.041,22.041,22.041,22.041,20.925,0.0,0.0,1.0
2017-10-30,22.041,22.041,22.041,22.041,20.925,0.0,0.0,1.0
2017-10-31,22.041,22.041,22.041,22.041,20.925,0.0,0.0,1.0
2017-11-01,22.041,22.041,22.041,22.041,20.925,0.0,0.0,1.0
2017-11-02,22.041,22.041,22.041,22.041,20.925,74.0,0.0,1.0
2017-11-03,22.041,22.041,22.041,22.041,20.925,1.0,0.0,1.0
2017-11-06,22.1998,22.1998,22.1998,22.1998,21.0758,203.0,0.0,1.0
2017-11-07,22.1998,22.1998,22.1998,22.1998,21.0758,0.0,0.0,1.0
2017-11-08,22.1998,22.1998,22.1998,22.1998,21.0758,0.0,0.0,1.0
2017-11-09,22.1998,22.1998,22.1998,22.1998,21.0758,0.0,0.0,1.0
2017-11-10,22.1998,22.1998,22.1998,22.1998,21.0758,0.0,0.0,1.0
2017-11-13,22.1998,22.1998,22.1998,22.1998,21.0758,0.0,0.0,1.0
2017-11-14,22.1998,22.1998,22.1998,22.1998,21.0758,0.0,0.0,1.0
2017-11-15,21.682,21.682,21.682,21.682,20.5842,1012.0,0.0,1.0
2017-11-16,21.682,21.682,21.682,21.682,20.5842,0.0,0.0,1.0
2017-11-17,21.68,21.68,21.68,21.68,20.5823,0.0,0.0,1.0
2017-11-20,21.682,21.682,21.682,21.682,20.5842,1.0,0.0,1.0
2017-11-21,21.682,21.682,21.682,21.682,20.5842,0.0,0.0,1.0
2017-11-22,21.682,21.682,21.682,21.682,20.5842,0.0,0.0,1.0
2017-11-24,21.88,21.89,21.88,21.89,20.7816,5700.0,0.0,1.0
2017-11-27,21.89,21.89,21.89,21.89,20.7816,27.0,0.0,1.0
2017-11-28,21.89,21.89,21.89,21.89,20.7816,0.0,0.0,1.0
2017-11-29,21.89,21.89,21.89,21.89,20.7816,0.0,0.0,1.0
2017-11-30,21.72,21.72,21.72,21.72,20.6202,100.0,0.0,1.0
2017-12-01,21.72,21.72,21.72,21.72,20.6202,46.0,0.0,1.0
2017-12-04,21.72,21.72,21.72,21.72,20.6202,2.0,0.0,1.0
2017-12-05,21.56,21.6814,21.55,21.6814,20.5836,8777.0,0.0,1.0
2017-12-06,21.65,21.65,21.64,21.64,20.5443,525.0,0.0,1.0
2017-12-07,21.64,21.64,21.64,21.64,20.5443,0.0,0.0,1.0
2017-12-08,21.64,21.64,21.64,21.64,20.5443,0.0,0.0,1.0
2017-12-11,21.64,21.64,21.64,21.64,20.5443,0.0,0.0,1.0
2017-12-12,21.64,21.64,21.64,21.64,20.5443,0.0,0.0,1.0
2017-12-13,21.64,21.64,21.64,21.64,20.5443,0.0,0.0,1.0
2017-12-14,21.64,21.64,21.64,21.64,20.5443,0.0,0.0,1.0
2017-12-15,21.64,21.64,21.64,21.64,20.5443,10.0,0.0,1.0
2017-12-18,21.64,21.64,21.64,21.64,20.5443,0.0,0.0,1.0
2017-12-19,21.64,21.64,21.64,21.64,21.2383,20.0,0.731,1.0
2017-12-20,20.9091,20.9091,20.9091,20.9091,20.521,0.0,0.0,1.0
2017-12-21,20.9091,20.9091,20.9091,20.9091,20.521,95.0,0.0,1.0
2017-12-22,20.9091,20.9091,20.9091,20.9091,20.521,0.0,0.0,1.0
2017-12-26,21.73,21.7828,21.73,21.7828,21.3784,1939.0,0.0,1.0
2017-12-27,21.7828,21.7828,21.7828,21.7828,21.3784,65.0,0.0,1.0
2017-12-28,21.7828,21.7828,21.7828,21.7828,21.3784,1.0,0.0,1.0
2017-12-29,21.7828,21.7828,21.7828,21.7828,21.3784,0.0,0.0,1.0
2018-01-02,21.7828,21.7828,21.7828,21.7828,21.3784,0.0,0.0,1.0
2018-01-03,21.7828,21.7828,21.7828,21.7828,21.3784,40.0,0.0,1.0
2018-01-04,21.9577,21.978,21.9577,21.978,21.57,550.0,0.0,1.0
2018-01-05,21.978,21.978,21.978,21.978,21.57,2.0,0.0,1.0
2018-01-08,22.0631,22.0631,22.0631,22.0631,21.6535,155.0,0.0,1.0
2018-01-09,22.0631,22.0631,22.0631,22.0631,21.6535,0.0,0.0,1.0
2018-01-10,22.0631,22.0631,22.0631,22.0631,21.6535,0.0,0.0,1.0
2018-01-11,22.0631,22.0631,22.0631,22.0631,21.6535,0.0,0.0,1.0
2018-01-12,22.0631,22.0631,22.0631,22.0631,21.6535,0.0,0.0,1.0
2018-01-16,22.215,22.215,22.215,22.215,21.8026,252.0,0.0,1.0
2018-01-17,22.22,22.22,22.22,22.22,21.8075,0.0,0.0,1.0
2018-01-18,22.215,22.215,22.215,22.215,21.8026,0.0,0.0,1.0
2018-01-19,22.215,22.215,22.215,22.215,21.8026,0.0,0.0,1.0
2018-01-22,22.055,22.055,22.055,22.055,21.6456,3070.0,0.0,1.0
2018-01-23,22.1613,22.1613,22.1613,22.1613,21.7499,100.0,0.0,1.0
2018-01-24,22.1613,22.1613,22.1613,22.1613,21.7499,2.0,0.0,1.0
2018-01-25,22.1613,22.1613,22.1613,22.1613,21.7499,50.0,0.0,1.0
2018-01-26,21.89,22.0506,21.89,22.0506,21.6413,2502.0,0.0,1.0
2018-01-29,22.0506,22.0506,22.0506,22.0506,21.6413,5.0,0.0,1.0
2018-01-30,21.64,21.64,21.64,21.64,21.2383,200.0,0.0,1.0
2018-01-31,21.642,21.642,21.642,21.642,21.2402,0.0,0.0,1.0
2018-02-01,21.642,21.642,21.642,21.642,21.2402,0.0,0.0,1.0
2018-02-02,21.642,21.642,21.642,21.642,21.2402,0.0,0.0,1.0
2018-02-05,21.19,21.19,20.56,20.56,20.1783,794.0,0.0,1.0
2018-02-06,20.4509,20.86,20.4509,20.86,20.4728,1517.0,0.0,1.0
2018-02-07,20.64,20.64,20.64,20.64,20.2569,290.0,0.0,1.0
2018-02-08,20.52,20.52,20.52,20.52,20.1391,100.0,0.0,1.0
2018-02-09,20.52,20.52,20.52,20.52,20.1391,186.0,0.0,1.0
2018-02-12,20.52,20.52,20.52,20.52,20.1391,3.0,0.0,1.0
2018-02-13,20.52,20.52,20.52,20.52,20.1391,0.0,0.0,1.0
2018-02-14,20.6,20.6,20.6,20.6,20.2176,200.0,0.0,1.0
2018-02-15,20.6,20.6,20.6,20.6,20.2176,0.0,0.0,1.0
2018-02-16,20.9128,20.957,20.9128,20.957,20.568,275.0,0.0,1.0
2018-02-20,20.75,20.8046,20.75,20.8046,20.4184,354.0,0.0,1.0
2018-02-21,20.8,20.8,20.8,20.8,20.4139,0.0,0.0,1.0
2018-02-22,20.8046,20.8046,20.8046,20.8046,20.4184,1.0,0.0,1.0
2018-02-23,20.91,20.93,20.91,20.93,20.5415,1240.0,0.0,1.0
2018-02-26,20.93,20.93,20.93,20.93,20.5415,0.0,0.0,1.0
2018-02-27,20.93,20.93,20.93,20.93,20.5415,30.0,0.0,1.0
2018-02-28,20.93,20.93,20.93,20.93,20.5415,0.0,0.0,1.0
2018-03-01,20.93,20.93,20.93,20.93,20.5415,0.0,0.0,1.0
2018-03-02,20.93,20.93,20.93,20.93,20.5415,2.0,0.0,1.0
2018-03-05,20.93,20.93,20.93,20.93,20.5415,0.0,0.0,1.0
2018-03-06,20.93,20.93,20.93,20.93,20.5415,0.0,0.0,1.0
2018-03-07,20.93,20.93,20.93,20.93,20.5415,0.0,0.0,1.0
2018-03-08,20.93,20.93,20.93,20.93,20.5415,0.0,0.0,1.0
2018-03-09,20.93,20.93,20.93,20.93,20.5415,0.0,0.0,1.0
2018-03-12,20.93,20.93,20.93,20.93,20.5415,0.0,0.0,1.0
2018-03-13,20.93,20.93,20.93,20.93,20.5415,100.0,0.0,1.0
2018-03-14,20.93,20.93,20.93,20.93,20.5415,0.0,0.0,1.0
2018-03-15,20.93,20.93,20.93,20.93,20.5415,0.0,0.0,1.0
2018-03-16,20.93,20.93,20.93,20.93,20.5415,0.0,0.0,1.0
2018-03-19,20.93,20.93,20.93,20.93,20.5415,0.0,0.0,1.0
2018-03-20,20.93,20.93,20.93,20.93,20.5415,0.0,0.0,1.0
2018-03-21,20.93,20.93,20.93,20.93,20.5415,0.0,0.0,1.0
2018-03-22,20.93,20.93,20.93,20.93,20.5415,5.0,0.0,1.0
2018-03-23,20.93,20.93,20.93,20.93,20.5415,1.0,0.0,1.0
2018-03-26,20.16,20.16,20.16,20.16,19.7858,100.0,0.0,1.0
2018-03-27,19.98,19.98,19.98,19.98,19.6091,100.0,0.0,1.0
2018-03-28,19.98,19.98,19.98,19.98,19.6091,0.0,0.0,1.0
2018-03-29,19.98,19.98,19.98,19.98,19.6091,0.0,0.0,1.0
2018-04-02,20.15,20.201,20.15,20.201,19.826,200.0,0.0,1.0
2018-04-03,20.2,20.2,20.2,20.2,19.825,0.0,0.0,1.0
2018-04-04,20.201,20.201,20.201,20.201,19.826,0.0,0.0,1.0
2018-04-05,20.83,20.83,20.83,20.83,20.4433,600.0,0.0,1.0
2018-04-06,20.83,20.83,20.83,20.83,20.4433,0.0,0.0,1.0
2018-04-09,20.83,20.83,20.83,20.83,20.4433,0.0,0.0,1.0
2018-04-10,20.83,20.83,20.83,20.83,20.4433,0.0,0.0,1.0
2018-04-11,20.83,20.83,20.83,20.83,20.4433,0.0,0.0,1.0
2018-04-12,20.83,20.83,20.83,20.83,20.4433,0.0,0.0,1.0
2018-04-13,20.83,20.83,20.83,20.83,20.4433,1.0,0.0,1.0
2018-04-16,20.83,20.83,20.83,20.83,20.4433,10.0,0.0,1.0
2018-04-17,20.83,20.83,20.83,20.83,20.4433,0.0,0.0,1.0
2018-04-18,20.83,20.83,20.83,20.83,20.4433,3.0,0.0,1.0
2018-04-19,20.83,20.83,20.83,20.83,20.4433,50.0,0.0,1.0
2018-04-20,20.83,20.83,20.83,20.83,20.4433,81.0,0.0,1.0
2018-04-23,20.83,20.83,20.83,20.83,20.4433,0.0,0.0,1.0
2018-04-24,21.48,21.48,21.48,21.48,21.0813,100.0,0.0,1.0
2018-04-25,21.48,21.48,21.48,21.48,21.0813,0.0,0.0,1.0
2018-04-26,21.57,21.57,21.57,21.57,21.1696,330.0,0.0,1.0
2018-04-27,21.74,21.8384,21.74,21.8384,21.433000000000003,502.0,0.0,1.0
2018-04-30,21.8384,21.8384,21.8384,21.8384,21.433000000000003,0.0,0.0,1.0
2018-05-01,21.94,21.94,21.82,21.82,21.4149,400.0,0.0,1.0
2018-05-02,21.8765,21.8765,21.77,21.77,21.3659,1400.0,0.0,1.0
2018-05-03,21.83,21.83,21.83,21.83,21.4248,165.0,0.0,1.0
2018-05-04,22.0461,22.0461,22.0461,22.0461,21.6368,550.0,0.0,1.0
2018-05-07,21.93,21.93,21.93,21.93,21.5229,100.0,0.0,1.0
2018-05-08,21.86,21.86,21.86,21.86,21.4542,100.0,0.0,1.0
2018-05-09,21.86,21.86,21.86,21.86,21.4542,20.0,0.0,1.0
2018-05-10,22.33,22.33,22.33,22.33,21.9155,603.0,0.0,1.0
2018-05-11,22.37,22.37,22.37,22.37,21.9547,125.0,0.0,1.0
2018-05-14,22.37,22.37,22.37,22.37,21.9547,1790.0,0.0,1.0
2018-05-15,22.4,22.4,22.4,22.4,21.9842,1300.0,0.0,1.0
2018-05-16,22.4,22.4,22.4,22.4,21.9842,50.0,0.0,1.0
2018-05-17,22.4,22.4,22.4,22.4,21.9842,0.0,0.0,1.0
2018-05-18,22.4,22.4,22.4,22.4,21.9842,0.0,0.0,1.0
2018-05-21,22.4,22.4,22.4,22.4,21.9842,0.0,0.0,1.0
2018-05-22,22.4,22.4,22.4,22.4,21.9842,0.0,0.0,1.0
2018-05-23,22.4,22.4,22.4,22.4,21.9842,0.0,0.0,1.0
2018-05-24,22.4,22.4,22.4,22.4,21.9842,0.0,0.0,1.0
2018-05-25,22.4852,22.4852,22.37,22.39,21.9744,1100.0,0.0,1.0
2018-05-29,22.39,22.39,22.39,22.39,21.9744,0.0,0.0,1.0
2018-05-30,22.33,22.41,22.33,22.41,21.994,469.0,0.0,1.0
2018-05-31,22.33,22.33,22.33,22.33,21.9155,200.0,0.0,1.0
2018-06-01,22.332,22.332,22.332,22.332,21.9174,0.0,0.0,1.0
2018-06-04,22.332,22.332,22.332,22.332,21.9174,17.0,0.0,1.0
2018-06-05,22.332,22.332,22.332,22.332,21.9174,0.0,0.0,1.0
2018-06-06,22.332,22.332,22.332,22.332,21.9174,0.0,0.0,1.0
2018-06-07,22.332,22.332,22.332,22.332,21.9174,0.0,0.0,1.0
2018-06-08,22.332,22.332,22.332,22.332,21.9174,0.0,0.0,1.0
2018-06-11,22.332,22.332,22.332,22.332,21.9174,0.0,0.0,1.0
2018-06-12,22.332,22.332,22.332,22.332,21.9174,0.0,0.0,1.0
2018-06-13,22.332,22.332,22.332,22.332,21.9174,0.0,0.0,1.0
2018-06-14,22.332,22.332,22.332,22.332,21.9174,0.0,0.0,1.0
2018-06-15,22.332,22.332,22.332,22.332,21.9174,0.0,0.0,1.0
2018-06-18,22.332,22.332,22.332,22.332,21.9174,0.0,0.0,1.0
2018-06-19,22.332,22.332,22.332,22.332,21.9174,0.0,0.0,1.0
2018-06-20,22.332,22.332,22.332,22.332,22.332,0.0,0.4224,1.0
2018-06-21,22.332,22.332,22.332,22.332,22.332,0.0,0.0,1.0
2018-06-22,22.332,22.332,22.332,22.332,22.332,0.0,0.0,1.0
2018-06-25,21.5737,21.5737,21.5698,21.5698,21.5698,676.0,0.0,1.0
2018-06-26,21.5698,21.5698,21.5698,21.5698,21.5698,2.0,0.0,1.0
2018-06-27,21.5698,21.5698,21.5698,21.5698,21.5698,0.0,0.0,1.0
2018-06-28,21.5698,21.5698,21.5698,21.5698,21.5698,33.0,0.0,1.0
2018-06-29,21.5698,21.5698,21.5698,21.5698,21.5698,1.0,0.0,1.0
2018-07-02,21.5698,21.5698,21.5698,21.5698,21.5698,50.0,0.0,1.0
2018-07-03,21.5698,21.5698,21.5698,21.5698,21.5698,0.0,0.0,1.0
2018-07-05,21.5698,21.5698,21.5698,21.5698,21.5698,2.0,0.0,1.0
2018-07-06,21.8824,21.8824,21.8824,21.8824,21.8824,493.0,0.0,1.0
2018-07-09,21.8824,21.8824,21.8824,21.8824,21.8824,31.0,0.0,1.0
2018-07-10,22.08,22.08,22.04,22.04,22.04,238.0,0.0,1.0
2018-07-11,22.04,22.04,22.04,22.04,22.04,0.0,0.0,1.0
2018-07-12,22.04,22.04,22.04,22.04,22.04,2.0,0.0,1.0
2018-07-13,22.04,22.04,22.04,22.04,22.04,0.0,0.0,1.0
2018-07-16,22.04,22.04,22.04,22.04,22.04,2.0,0.0,1.0
2018-07-17,22.04,22.04,22.04,22.04,22.04,0.0,0.0,1.0
2018-07-18,22.04,22.04,22.04,22.04,22.04,0.0,0.0,1.0
2018-07-19,22.04,22.04,22.04,22.04,22.04,0.0,0.0,1.0
2018-07-20,22.04,22.04,22.04,22.04,22.04,20.0,0.0,1.0
2018-07-23,22.04,22.04,22.04,22.04,22.04,0.0,0.0,1.0
2018-07-24,22.04,22.04,22.04,22.04,22.04,0.0,0.0,1.0
2018-07-25,22.04,22.04,22.04,22.04,22.04,0.0,0.0,1.0
2018-07-26,22.04,22.04,22.04,22.04,22.04,13.0,0.0,1.0
2018-07-27,22.04,22.04,22.04,22.04,22.04,0.0,0.0,1.0
2018-07-30,22.04,22.04,22.04,22.04,22.04,0.0,0.0,1.0
2018-07-31,22.04,22.04,22.04,22.04,22.04,0.0,0.0,1.0
2018-08-01,22.04,22.04,22.04,22.04,22.04,0.0,0.0,1.0
2018-08-02,22.04,22.04,22.04,22.04,22.04,2.0,0.0,1.0
2018-08-03,22.04,22.04,22.04,22.04,22.04,10.0,0.0,1.0
2018-08-06,22.04,22.04,22.04,22.04,22.04,0.0,0.0,1.0
2018-08-07,22.04,22.04,22.04,22.04,22.04,0.0,0.0,1.0
2018-08-08,22.04,22.04,22.04,22.04,22.04,0.0,0.0,1.0
2018-08-09,22.04,22.04,22.04,22.04,22.04,2.0,0.0,1.0
2018-08-10,22.04,22.04,22.04,22.04,22.04,0.0,0.0,1.0
2018-08-13,22.04,22.04,22.04,22.04,22.04,1.0,0.0,1.0
2018-08-14,22.04,22.04,22.04,22.04,22.04,0.0,0.0,1.0
2018-08-15,22.04,22.04,22.04,22.04,22.04,50.0,0.0,1.0
2018-08-16,22.04,22.04,22.04,22.04,22.04,3.0,0.0,1.0
2018-08-17,22.04,22.04,22.04,22.04,22.04,2.0,0.0,1.0
2018-08-20,22.04,22.04,22.04,22.04,22.04,0.0,0.0,1.0
2018-08-21,22.04,22.04,22.04,22.04,22.04,0.0,0.0,1.0
2018-08-22,21.89,21.89,21.86,21.86,21.86,302.0,0.0,1.0
2018-08-23,21.89,21.89,21.89,21.89,21.89,200.0,0.0,1.0
2018-08-24,21.89,21.89,21.89,21.89,21.89,232.0,0.0,1.0
2018-08-27,21.89,21.89,21.89,21.89,21.89,0.0,0.0,1.0
2018-08-28,21.89,21.89,21.89,21.89,21.89,0.0,0.0,1.0
2018-08-29,21.89,21.89,21.89,21.89,21.89,1.0,0.0,1.0
2018-08-30,21.89,21.89,21.89,21.89,21.89,0.0,0.0,1.0
2018-08-31,21.89,21.89,21.89,21.89,21.89,0.0,0.0,1.0
