date,1. open,2. high,3. low,4. close,5. adjusted close,6. volume,7. dividend amount,8. split coefficient
2016-06-03,26.18,26.24,26.086,26.24,25.194,4675.0,0.0,1.0
2016-06-06,26.47,26.47,26.4,26.44,25.3861,1225.0,0.0,1.0
2016-06-07,26.44,26.44,26.44,26.44,25.3861,0.0,0.0,1.0
2016-06-08,26.44,26.44,26.44,26.44,25.3861,2.0,0.0,1.0
2016-06-09,26.44,26.44,26.44,26.44,25.3861,0.0,0.0,1.0
2016-06-10,25.99,25.99,25.99,25.99,24.954,700.0,0.0,1.0
2016-06-13,25.81,25.82,25.81,25.82,24.7908,200.0,0.0,1.0
2016-06-14,25.82,25.82,25.82,25.82,24.7908,75.0,0.0,1.0
2016-06-15,25.9,25.9,25.8999,25.8999,24.8675,300.0,0.0,1.0
2016-06-16,25.8999,25.8999,25.8999,25.8999,24.8675,0.0,0.0,1.0
2016-06-17,25.8999,25.8999,25.8999,25.8999,24.8675,20.0,0.0,1.0
2016-06-20,25.8999,25.8999,25.8999,25.8999,24.8675,0.0,0.0,1.0
2016-06-21,26.36,26.39,26.36,26.39,25.3381,3900.0,0.0,1.0
2016-06-22,26.5,26.5,26.4476,26.4476,25.3934,109374.0,0.0,1.0
2016-06-23,26.4476,26.4476,26.4476,26.4476,25.3934,0.0,0.0,1.0
2016-06-24,26.4476,26.4476,26.4476,26.4476,25.3934,1.0,0.0,1.0
2016-06-27,26.4476,26.4476,26.4476,26.4476,25.3934,0.0,0.0,1.0
2016-06-28,25.93,26.0268,25.93,26.0268,24.9893,270.0,0.0,1.0
2016-06-29,26.0268,26.0268,26.0268,26.0268,24.9893,0.0,0.0,1.0
2016-06-30,26.76,26.76,26.76,26.76,25.6933,158.0,0.0,1.0
2016-07-01,26.76,26.76,26.76,26.76,25.6933,0.0,0.0,1.0
2016-07-05,26.5,26.5,26.5,26.5,25.4437,400.0,0.0,1.0
2016-07-06,26.29,26.29,26.29,26.29,25.242,283.0,0.0,1.0
2016-07-07,26.29,26.29,26.29,26.29,25.242,0.0,0.0,1.0
2016-07-08,26.29,26.29,26.29,26.29,25.242,58.0,0.0,1.0
2016-07-11,26.29,26.29,26.29,26.29,25.242,0.0,0.0,1.0
2016-07-12,26.29,26.29,26.29,26.29,25.242,0.0,0.0,1.0
2016-07-13,26.29,26.29,26.29,26.29,25.242,14.0,0.0,1.0
2016-07-14,26.29,26.29,26.29,26.29,25.242,29.0,0.0,1.0
2016-07-15,27.65,27.65,27.65,27.65,26.5478,500.0,0.0,1.0
2016-07-18,27.65,27.65,27.65,27.65,26.5478,73.0,0.0,1.0
2016-07-19,27.65,27.65,27.65,27.65,26.5478,0.0,0.0,1.0
2016-07-20,27.71,27.71,27.665,27.665,26.5622,2500.0,0.0,1.0
2016-07-21,27.6472,27.6472,27.6472,27.6472,26.5451,215.0,0.0,1.0
2016-07-22,27.75,27.75,27.75,27.75,26.6438,400.0,0.0,1.0
2016-07-25,27.57,27.57,27.57,27.57,26.471,126.0,0.0,1.0
2016-07-26,27.57,27.57,27.57,27.57,26.471,0.0,0.0,1.0
2016-07-27,27.845,27.89,27.72,27.88,26.7687,2430.0,0.0,1.0
2016-07-28,27.8294,27.8999,27.817,27.8992,26.7871,1050.0,0.0,1.0
2016-07-29,27.99,27.99,27.99,27.99,26.8743,173.0,0.0,1.0
2016-08-01,27.99,27.99,27.99,27.99,26.8743,0.0,0.0,1.0
2016-08-02,27.99,27.99,27.99,27.99,26.8743,0.0,0.0,1.0
2016-08-03,27.99,27.99,27.99,27.99,26.8743,35.0,0.0,1.0
2016-08-04,27.96,28.11,27.96,28.11,26.9895,1574.0,0.0,1.0
2016-08-05,28.11,28.11,28.11,28.11,26.9895,0.0,0.0,1.0
2016-08-08,28.11,28.11,28.11,28.11,26.9895,0.0,0.0,1.0
2016-08-09,28.11,28.11,28.11,28.11,26.9895,0.0,0.0,1.0
2016-08-10,28.617,28.64,28.617,28.64,27.4984,442.0,0.0,1.0
2016-08-11,28.76,28.86,28.7592,28.8599,27.7095,1156.0,0.0,1.0
2016-08-12,28.8599,28.8599,28.8599,28.8599,27.7095,0.0,0.0,1.0
2016-08-15,28.927,28.927,28.927,28.927,27.7739,200.0,0.0,1.0
2016-08-16,28.7552,28.7958,28.72,28.7958,27.648,1075.0,0.0,1.0
2016-08-17,28.44,28.58,28.33,28.53,27.3928,2933.0,0.0,1.0
2016-08-18,28.6,28.68,28.6,28.68,27.5368,1328.0,0.0,1.0
2016-08-19,28.42,28.4347,28.42,28.4347,27.3012,2350.0,0.0,1.0
2016-08-22,28.07,28.08,28.07,28.08,26.9607,1770.0,0.0,1.0
2016-08-23,28.33,28.33,28.13,28.13,27.0087,83673.0,0.0,1.0
2016-08-24,28.16,28.16,27.995,28.0054,26.8891,686.0,0.0,1.0
2016-08-25,28.0054,28.0054,28.0054,28.0054,26.8891,0.0,0.0,1.0
2016-08-26,27.96,27.96,27.7499,27.77,26.663,585.0,0.0,1.0
2016-08-29,27.77,27.77,27.77,27.77,26.663,14.0,0.0,1.0
2016-08-30,27.988,27.988,27.9699,27.9699,26.855,989.0,0.0,1.0
2016-08-31,27.6786,27.73,27.66,27.73,26.6246,1250.0,0.0,1.0
2016-09-01,27.67,27.73,27.67,27.73,26.6246,1037.0,0.0,1.0
2016-09-02,28.06,28.1099,28.06,28.1099,26.9894,261.0,0.0,1.0
2016-09-06,28.49,28.789,28.47,28.766,27.6193,5984.0,0.0,1.0
2016-09-07,28.72,28.72,28.58,28.6319,27.4906,2650.0,0.0,1.0
2016-09-08,28.68,28.68,28.56,28.57,27.4312,1538.0,0.0,1.0
2016-09-09,28.08,28.08,27.78,27.84,26.7303,620.0,0.0,1.0
2016-09-12,27.8,27.8,27.76,27.76,26.6534,429.0,0.0,1.0
2016-09-13,27.73,27.73,27.2799,27.2799,26.1925,1926.0,0.0,1.0
2016-09-14,27.49,27.6,27.42,27.42,26.327,1667.0,0.0,1.0
2016-09-15,27.71,27.7795,27.71,27.7795,26.6722,200.0,0.0,1.0
2016-09-16,27.59,27.68,27.5801,27.68,26.5766,1971.0,0.0,1.0
2016-09-19,27.68,27.68,27.68,27.68,26.5766,0.0,0.0,1.0
2016-09-20,28.0,28.0,27.92,27.92,26.8071,1556.0,0.0,1.0
2016-09-21,28.0899,28.2024,28.0899,28.2024,27.0782,767.0,0.0,1.0
2016-09-22,28.59,28.59,28.57,28.5898,27.4502,345.0,0.0,1.0
2016-09-23,28.37,28.37,28.32,28.33,27.2007,1163.0,0.0,1.0
2016-09-26,28.1,28.1,28.07,28.07,26.9511,409.0,0.0,1.0
2016-09-27,28.25,28.25,28.2299,28.2299,27.1046,411.0,0.0,1.0
2016-09-28,28.4,28.53,28.25,28.53,27.3928,3100.0,0.0,1.0
2016-09-29,28.4399,28.4399,28.05,28.21,27.0855,1427.0,0.0,1.0
2016-09-30,28.17,28.26,28.17,28.26,27.1335,750.0,0.0,1.0
2016-10-03,28.26,28.26,28.26,28.26,27.1335,88.0,0.0,1.0
2016-10-04,28.08,28.13,28.05,28.13,27.0087,850.0,0.0,1.0
2016-10-05,28.3999,28.48,28.29,28.48,27.3447,2510.0,0.0,1.0
2016-10-06,28.14,28.3,28.11,28.3,27.1719,1432.0,0.0,1.0
2016-10-07,28.3,28.3,28.07,28.09,26.9703,750.0,0.0,1.0
2016-10-10,28.449,28.45,28.449,28.45,27.3159,210.0,0.0,1.0
2016-10-11,28.15,28.15,27.86,27.86,26.7495,910.0,0.0,1.0
2016-10-12,27.86,27.9199,27.86,27.9199,26.807,529.0,0.0,1.0
2016-10-13,27.643,27.643,27.643,27.643,26.5411,248.0,0.0,1.0
2016-10-14,27.8,27.8,27.7699,27.7699,26.6629,776.0,0.0,1.0
2016-10-17,27.7076,27.71,27.7076,27.71,26.6054,704.0,0.0,1.0
2016-10-18,27.71,27.71,27.71,27.71,26.6054,162.0,0.0,1.0
2016-10-19,28.15,28.28,28.15,28.28,27.1527,599.0,0.0,1.0
2016-10-20,28.22,28.22,28.19,28.19,27.0663,1214.0,0.0,1.0
2016-10-21,27.95,28.1,27.95,28.1,26.9799,743.0,0.0,1.0
2016-10-24,28.26,28.26,28.169,28.169,27.0461,270.0,0.0,1.0
2016-10-25,28.24,28.24,28.24,28.24,27.1143,756.0,0.0,1.0
2016-10-26,27.98,27.98,27.98,27.98,26.8647,10751.0,0.0,1.0
2016-10-27,27.98,27.98,27.98,27.98,26.8647,34.0,0.0,1.0
2016-10-28,27.8399,27.8399,27.8399,27.8399,26.7302,100.0,0.0,1.0
2016-10-31,27.8399,27.8399,27.8399,27.8399,26.7302,0.0,0.0,1.0
2016-11-01,27.8399,27.8399,27.8399,27.8399,26.7302,0.0,0.0,1.0
2016-11-02,27.48,27.4899,27.48,27.4899,26.3941,1237.0,0.0,1.0
2016-11-03,27.4899,27.4899,27.4899,27.4899,26.3941,38.0,0.0,1.0
2016-11-04,27.01,27.03,27.01,27.03,25.9525,7034909.0,0.0,1.0
2016-11-07,27.5857,27.64,27.5857,27.63,26.5286,2001785.0,0.0,1.0
2016-11-08,27.61,27.8683,27.61,27.8683,26.7574,19900.0,0.0,1.0
2016-11-09,27.18,27.3,27.17,27.2811,26.1936,1437.0,0.0,1.0
2016-11-10,26.51,26.55,26.3399,26.3399,25.29,1300.0,0.0,1.0
2016-11-11,25.97,25.97,25.84,25.84,24.81,600.0,0.0,1.0
2016-11-14,25.84,25.84,25.84,25.84,24.81,0.0,0.0,1.0
2016-11-15,25.83,25.95,25.83,25.95,24.9156,950.0,0.0,1.0
2016-11-16,25.865,25.865,25.85,25.85,24.8196,2399.0,0.0,1.0
2016-11-17,25.85,25.85,25.85,25.85,24.8196,116.0,0.0,1.0
2016-11-18,25.888,25.888,25.888,25.888,24.8561,170.0,0.0,1.0
2016-11-21,26.02,26.02,25.99,25.99,24.954,1561.0,0.0,1.0
2016-11-22,26.22,26.24,26.17,26.24,25.194,466.0,0.0,1.0
2016-11-23,26.04,26.099,25.97,26.0601,25.0213,35169.0,0.0,1.0
2016-11-25,26.16,26.16,26.16,26.16,25.1172,116.0,0.0,1.0
2016-11-28,26.28,26.37,26.19,26.32,25.2708,2770.0,0.0,1.0
2016-11-29,26.32,26.32,26.32,26.32,25.2708,0.0,0.0,1.0
2016-11-30,26.32,26.32,26.32,26.32,25.2708,114.0,0.0,1.0
2016-12-01,26.2456,26.26,26.1021,26.1021,25.0616,7218.0,0.0,1.0
2016-12-02,26.19,26.198,26.181,26.198,25.1537,2084.0,0.0,1.0
2016-12-05,26.32,26.32,26.31,26.31,25.2612,300.0,0.0,1.0
2016-12-06,26.52,26.53,26.5199,26.5281,25.4706,800.0,0.0,1.0
2016-12-07,26.72,26.9097,26.72,26.89,25.8181,28088.0,0.0,1.0
2016-12-08,26.88,26.99,26.84,26.99,25.9141,83953.0,0.0,1.0
2016-12-09,26.85,26.87,26.85,26.87,25.7989,200.0,0.0,1.0
2016-12-12,26.84,26.84,26.75,26.79,25.7221,18610.0,0.0,1.0
2016-12-13,27.04,27.04,26.9701,26.9745,25.8993,946.0,0.0,1.0
2016-12-14,26.86,26.9,26.4,26.4,25.3477,164087.0,0.0,1.0
2016-12-15,26.52,26.53,26.5,26.53,25.4725,32881.0,0.0,1.0
2016-12-16,26.56,26.58,26.56,26.58,25.5205,3300.0,0.0,1.0
2016-12-19,26.52,26.52,26.44,26.44,25.3861,278.0,0.0,1.0
2016-12-20,26.37,26.37,26.32,26.32,25.3603,56400.0,0.0932,1.0
2016-12-21,26.32,26.33,26.28,26.28,25.3218,4770.0,0.0,1.0
2016-12-22,26.19,26.19,25.97,26.0217,25.0729,4507.0,0.0,1.0
2016-12-23,26.04,26.1,26.04,26.1,25.1483,212.0,0.0,1.0
2016-12-27,26.25,26.34,26.17,26.26,25.3025,138875.0,0.0,1.0
2016-12-28,26.39,26.39,26.205,26.3059,25.3467,3085.0,0.0,1.0
2016-12-29,26.6197,26.6197,26.46,26.61,25.6398,1634.0,0.0,1.0
2016-12-30,26.61,26.61,26.61,26.61,25.6398,20.0,0.0,1.0
2017-01-03,26.81,26.81,26.62,26.74,25.765,13500.0,0.0,1.0
2017-01-04,26.74,26.74,26.74,26.74,25.765,0.0,0.0,1.0
2017-01-05,27.21,27.29,27.15,27.15,26.1601,46329.0,0.0,1.0
2017-01-06,27.07,27.07,27.07,27.07,26.083,200.0,0.0,1.0
2017-01-09,26.99,26.99,26.99,26.99,26.0059,2509.0,0.0,1.0
2017-01-10,27.14,27.1683,27.099,27.099,26.1109,1896.0,0.0,1.0
2017-01-11,27.09,27.22,27.01,27.22,26.2275,6273.0,0.0,1.0
2017-01-12,27.439,27.525,27.439,27.525,26.5214,6926.0,0.0,1.0
2017-01-13,27.4,27.45,27.4,27.44,26.4395,3682.0,0.0,1.0
2017-01-17,27.5022,27.5022,27.5022,27.5022,26.4994,266.0,0.0,1.0
2017-01-18,27.4899,27.4899,27.4899,27.4899,26.4876,187.0,0.0,1.0
2017-01-19,27.35,27.35,27.25,27.31,26.3142,873.0,0.0,1.0
2017-01-20,27.3724,27.3724,27.23,27.3199,26.3238,1400.0,0.0,1.0
2017-01-23,27.56,27.6603,27.56,27.6603,26.6518,40020.0,0.0,1.0
2017-01-24,27.779,27.7799,27.7709,27.779,26.7661,725.0,0.0,1.0
2017-01-25,27.93,27.97,27.93,27.96,26.9405,950.0,0.0,1.0
2017-01-26,27.87,27.89,27.8,27.89,26.8731,28620.0,0.0,1.0
2017-01-27,27.94,27.99,27.8981,27.921,26.9029,2768.0,0.0,1.0
2017-01-30,27.82,27.82,27.76,27.8,26.7864,26700.0,0.0,1.0
2017-01-31,27.75,27.8,27.75,27.75,26.7382,485.0,0.0,1.0
2017-02-01,27.89,27.89,27.8705,27.8705,26.8543,612.0,0.0,1.0
2017-02-02,27.93,28.03,27.9299,28.01,26.9887,12725.0,0.0,1.0
2017-02-03,28.18,28.2795,28.09,28.14,27.114,1118.0,0.0,1.0
2017-02-06,28.17,28.1773,28.17,28.1773,27.1499,1896.0,0.0,1.0
2017-02-07,28.08,28.1499,28.08,28.1499,27.1235,1836735.0,0.0,1.0
2017-02-08,28.2276,28.27,28.21,28.21,27.1814,1444.0,0.0,1.0
2017-02-09,28.39,28.47,28.33,28.35,27.3163,6202.0,0.0,1.0
2017-02-10,28.46,28.55,28.425,28.55,27.509,1784.0,0.0,1.0
2017-02-13,28.54,28.6623,28.51,28.65,27.6054,23470.0,0.0,1.0
2017-02-14,28.68,28.7,28.48,28.7,27.6535,11652.0,0.0,1.0
2017-02-15,28.6975,28.89,28.6545,28.83,27.7788,1261.0,0.0,1.0
2017-02-16,28.8059,28.81,28.69,28.69,27.6439,31025.0,0.0,1.0
2017-02-17,28.5739,28.63,28.54,28.57,27.5283,3817.0,0.0,1.0
2017-02-21,28.83,29.05,28.76,28.9,27.8463,43851.0,0.0,1.0
2017-02-22,28.88,28.99,28.81,28.92,27.8655,1780.0,0.0,1.0
2017-02-23,29.13,29.13,29.01,29.01,27.9522,20618.0,0.0,1.0
2017-02-24,28.76,28.81,28.72,28.72,27.6728,1204.0,0.0,1.0
2017-02-27,28.7,28.71,28.56,28.56,27.5187,2431.0,0.0,1.0
2017-02-28,28.5652,28.5652,28.5652,28.5652,27.5237,287.0,0.0,1.0
2017-03-01,28.61,28.7153,28.6,28.7153,27.6683,35388.0,0.0,1.0
2017-03-02,28.37,28.37,28.25,28.25,27.22,10982.0,0.0,1.0
2017-03-03,28.38,28.5495,28.38,28.53,27.4897,3000.0,0.0,1.0
2017-03-06,28.59,28.59,28.43,28.55,27.509,19556.0,0.0,1.0
2017-03-07,28.67,28.67,28.43,28.43,27.3934,28960.0,0.0,1.0
2017-03-08,28.44,28.44,28.26,28.26,27.2296,8956.0,0.0,1.0
2017-03-09,28.19,28.21,28.08,28.08,27.0562,45676.0,0.0,1.0
2017-03-10,28.33,28.35,28.28,28.33,27.297,3444.0,0.0,1.0
2017-03-13,28.64,28.6894,28.55,28.6894,27.6433,20259.0,0.0,1.0
2017-03-14,28.579,28.579,28.5605,28.5605,27.5191,602.0,0.0,1.0
2017-03-15,28.62,29.27,28.6,29.253,28.1864,24400.0,0.0,1.0
2017-03-16,29.5,29.5,29.3695,29.38,28.3088,3613.0,0.0,1.0
2017-03-17,29.37,29.38,29.18,29.38,28.3088,36030.0,0.0,1.0
2017-03-20,29.4996,29.67,29.4996,29.65,28.5689,7150.0,0.0,1.0
2017-03-21,29.8295,29.8295,29.39,29.399,28.3271,7743.0,0.0,1.0
2017-03-22,29.5,29.66,29.449,29.6511,28.57,6858.0,0.0,1.0
2017-03-23,29.609,29.68,29.57,29.67,28.5882,26115.0,0.0,1.0
2017-03-24,29.71,29.8,29.71,29.8,28.7134,713.0,0.0,1.0
2017-03-27,29.54,29.7,29.5,29.67,28.5882,13004.0,0.0,1.0
2017-03-28,29.58,29.72,29.5701,29.5945,28.5154,4679.0,0.0,1.0
2017-03-29,29.52,29.65,29.5,29.65,28.5689,25532.0,0.0,1.0
2017-03-30,29.6264,29.66,29.57,29.57,28.4918,2845.0,0.0,1.0
2017-03-31,29.39,29.44,29.39,29.44,28.3666,565.0,0.0,1.0
2017-04-03,29.515,29.55,29.4494,29.55,28.4726,22334.0,0.0,1.0
2017-04-04,29.42,29.5695,29.42,29.5695,28.4913,903.0,0.0,1.0
2017-04-05,29.61,29.61,29.42,29.43,28.3569,6426.0,0.0,1.0
2017-04-06,29.41,29.42,29.28,29.3592,28.2887,54804.0,0.0,1.0
2017-04-07,29.3592,29.3592,29.3592,29.3592,28.2887,27.0,0.0,1.0
2017-04-10,29.1,29.1,28.9434,29.04,27.9811,3090.0,0.0,1.0
2017-04-11,28.95,29.0687,28.9295,29.013,27.9551,2865.0,0.0,1.0
2017-04-12,29.0895,29.1296,28.973,29.1,28.039,2425.0,0.0,1.0
2017-04-13,29.21,29.28,29.18,29.2062,28.1413,20464.0,0.0,1.0
2017-04-17,29.56,29.56,29.33,29.33,28.2606,1425.0,0.0,1.0
2017-04-18,29.08,29.16,29.08,29.09,28.0293,6198.0,0.0,1.0
2017-04-19,29.09,29.27,28.92,28.95,27.8944,6814.0,0.0,1.0
2017-04-20,29.24,29.26,29.11,29.1962,28.1317,2759.0,0.0,1.0
2017-04-21,29.25,29.28,29.24,29.2666,28.1995,4312.0,0.0,1.0
2017-04-24,29.6001,29.66,29.55,29.66,28.5785,50423.0,0.0,1.0
2017-04-25,29.86,29.9779,29.84,29.94,28.8483,9067.0,0.0,1.0
2017-04-26,29.81,29.86,29.71,29.7599,28.6748,18630.0,0.0,1.0
2017-04-27,29.67,29.67,29.6,29.65,28.5689,17191.0,0.0,1.0
2017-04-28,29.6899,29.74,29.6899,29.7198,28.6362,1386.0,0.0,1.0
2017-05-01,29.78,29.87,29.76,29.83,28.7423,10231.0,0.0,1.0
2017-05-02,29.87,29.99,29.87,29.98,28.8869,16402.0,0.0,1.0
2017-05-03,29.89,29.89,29.73,29.74,28.6556,11352.0,0.0,1.0
2017-05-04,29.59,29.629,29.43,29.43,28.3569,27416.0,0.0,1.0
2017-05-05,29.64,29.64,29.622,29.622,28.5419,772.0,0.0,1.0
2017-05-08,29.9,29.9,29.7772,29.7772,28.6915,1638.0,0.0,1.0
2017-05-09,30.0,30.03,29.82,29.82,28.7327,34758.0,0.0,1.0
2017-05-10,29.96,30.12,29.96,30.065,28.9688,1160.0,0.0,1.0
2017-05-11,30.1,30.2238,30.05,30.19,29.0892,14467.0,0.0,1.0
2017-05-12,30.18,30.26,30.14,30.15,29.0507,3361.0,0.0,1.0
2017-05-15,30.36,30.39,30.28,30.3408,29.2345,40838.0,0.0,1.0
2017-05-16,30.39,30.468,30.3497,30.42,29.3108,19568.0,0.0,1.0
2017-05-17,30.19,30.19,29.92,29.95,28.858,7293.0,0.0,1.0
2017-05-18,29.38,29.6385,29.3,29.4824,28.4074,49196.0,0.0,1.0
2017-05-19,29.96,30.11,29.95,30.039,28.9437,4502.0,0.0,1.0
2017-05-22,29.96,30.1,29.95,30.01,28.9158,23775.0,0.0,1.0
2017-05-23,30.13,30.13,30.01,30.0699,28.9735,6595.0,0.0,1.0
2017-05-24,30.16,30.27,30.15,30.27,29.1663,5534.0,0.0,1.0
2017-05-25,31.32,31.32,30.191,30.25,29.147,84848.0,0.0,1.0
2017-05-26,30.31,30.34,30.28,30.32,29.2145,4366.0,0.0,1.0
2017-05-30,30.26,30.32,30.249,30.32,29.2145,8368.0,0.0,1.0
2017-05-31,30.25,30.25,29.99,30.04,28.9447,7949.0,0.0,1.0
2017-06-01,30.13,30.23,30.13,30.21,29.1085,3065.0,0.0,1.0
2017-06-02,30.43,30.46,30.419,30.44,29.3301,648.0,0.0,1.0
2017-06-05,30.5,30.56,30.3,30.3,29.1952,127399.0,0.0,1.0
2017-06-06,30.325,30.45,30.325,30.38,29.2723,12326.0,0.0,1.0
2017-06-07,30.44,30.44,30.22,30.3699,29.2626,13063.0,0.0,1.0
2017-06-08,30.4,30.48,30.4,30.4367,29.3269,42152.0,0.0,1.0
2017-06-09,30.45,30.47,30.31,30.32,29.2145,35349.0,0.0,1.0
2017-06-12,30.23,30.26,30.12,30.2364,29.1339,22034.0,0.0,1.0
2017-06-13,30.34,30.4194,30.32,30.4194,29.3103,10900.0,0.0,1.0
2017-06-14,30.61,30.61,30.34,30.34,29.2337,2163.0,0.0,1.0
2017-06-15,29.98,30.01,29.87,29.97,28.8772,19953.0,0.0,1.0
2017-06-16,30.12,30.12,29.99,30.0002,28.9063,1443.0,0.0,1.0
2017-06-19,30.25,30.3,30.23,30.2699,29.1662,14233.0,0.0,1.0
2017-06-20,29.97,29.97,29.6999,29.6999,28.8957,2771.0,0.2893,1.0
2017-06-21,29.89,29.89,29.72,29.72,28.9153,2318.0,0.0,1.0
2017-06-22,29.81,29.95,29.81,29.929,29.1186,25117.0,0.0,1.0
2017-06-23,29.94,30.02,29.8951,29.969,29.1575,1394.0,0.0,1.0
2017-06-26,30.23,30.26,30.15,30.1908,29.3733,14014.0,0.0,1.0
2017-06-27,30.1,30.1,29.88,29.9062,29.0964,4486.0,0.0,1.0
2017-06-28,29.952,30.11,29.94,30.1,29.285,6694.0,0.0,1.0
2017-06-29,30.05,30.05,29.6694,29.67,28.8666,14839.0,0.0,1.0
2017-06-30,29.92,30.0714,29.92,30.02,29.2071,176748.0,0.0,1.0
2017-07-03,30.27,30.27,30.13,30.13,29.3141,2664.0,0.0,1.0
2017-07-05,29.9,29.91,29.72,29.905,29.0952,27696.0,0.0,1.0
2017-07-06,29.72,29.93,29.7199,29.86,29.0515,2249657.0,0.0,1.0
2017-07-07,30.04,30.04,29.89,29.98,29.1682,113902.0,0.0,1.0
2017-07-10,30.08,30.1495,30.0701,30.12,29.3044,2920.0,0.0,1.0
2017-07-11,30.22,30.4399,30.22,30.4399,29.6157,37633.0,0.0,1.0
2017-07-12,30.753,30.899,30.74,30.88,30.0438,2211.0,0.0,1.0
2017-07-13,30.8699,30.95,30.77,30.9364,30.0987,4589.0,0.0,1.0
2017-07-14,31.12,31.36,31.12,31.31,30.4622,19654.0,0.0,1.0
2017-07-17,31.21,31.21,31.1132,31.1256,30.2828,4068.0,0.0,1.0
2017-07-18,31.24,31.26,31.14,31.26,30.4136,36972.0,0.0,1.0
2017-07-19,31.51,31.52,31.45,31.4872,30.6346,11767.0,0.0,1.0
2017-07-20,31.53,31.53,31.39,31.4,30.5498,16350.0,0.0,1.0
2017-07-21,31.333,31.3432,31.32,31.3432,30.4945,1396.0,0.0,1.0
2017-07-24,31.43,31.4527,31.39,31.4527,30.601,21559.0,0.0,1.0
2017-07-25,31.45,31.51,31.4402,31.46,30.6081,13947.0,0.0,1.0
2017-07-26,31.47,31.63,31.4,31.63,30.7735,3474.0,0.0,1.0
2017-07-27,31.7,31.7,31.46,31.46,30.6081,21162.0,0.0,1.0
2017-07-28,31.45,31.47,31.36,31.41,30.5595,2232.0,0.0,1.0
2017-07-31,31.29,31.399,31.29,31.36,30.5108,2050.0,0.0,1.0
2017-08-01,31.55,31.55,31.46,31.4996,30.6467,2017.0,0.0,1.0
2017-08-02,31.56,31.5699,31.402,31.55,30.6957,2991.0,0.0,1.0
2017-08-03,31.39,31.4596,31.39,31.4,30.5498,17243.0,0.0,1.0
2017-08-04,31.502,31.65,31.45,31.62,30.7638,19147.0,0.0,1.0
2017-08-07,31.67,31.7,31.6132,31.7,30.8416,7817.0,0.0,1.0
2017-08-08,31.7,31.73,31.6,31.6,30.7443,7783.0,0.0,1.0
2017-08-09,31.34,31.38,31.27,31.37,30.5206,21901.0,0.0,1.0
2017-08-10,31.23,31.23,30.919,30.919,30.0818,2747.0,0.0,1.0
2017-08-11,30.92,31.02,30.9164,31.02,30.1801,663.0,0.0,1.0
2017-08-14,31.18,31.28,31.18,31.2299,30.3843,35700.0,0.0,1.0
2017-08-15,31.159,31.2,31.15,31.19,30.3454,5974.0,0.0,1.0
2017-08-16,31.27,31.3221,31.16,31.3221,30.474,13504.0,0.0,1.0
2017-08-17,31.2801,31.3164,31.0662,31.0662,30.225,9234.0,0.0,1.0
2017-08-18,31.11,31.36,31.11,31.3,30.4525,23042.0,0.0,1.0
2017-08-21,31.38,31.38,31.24,31.3099,30.4621,187488.0,0.0,1.0
2017-08-22,31.52,31.58,31.5,31.58,30.7249,7472.0,0.0,1.0
2017-08-23,31.58,31.58,31.58,31.58,30.7249,195.0,0.0,1.0
2017-08-24,31.69,31.6931,31.67,31.6896,30.8315,37351.0,0.0,1.0
2017-08-25,31.8375,31.94,31.8375,31.9005,31.0367,2527.0,0.0,1.0
2017-08-28,32.02,32.02,31.92,31.98,31.1141,9622.0,0.0,1.0
2017-08-29,31.75,31.8899,31.72,31.87,31.007,4611.0,0.0,1.0
2017-08-30,31.83,32.01,31.83,32.01,31.1432,40452.0,0.0,1.0
2017-08-31,32.023,32.2,32.02,32.2,31.3281,208911.0,0.0,1.0
2017-09-01,32.2,32.28,32.1549,32.2316,31.3588,56266.0,0.0,1.0
2017-09-05,32.03,32.03,31.8,31.824,30.9623,28967.0,0.0,1.0
2017-09-06,31.91,32.02,31.893,31.98,31.1141,4212.0,0.0,1.0
2017-09-07,32.09,32.18,32.06,32.18,31.3086,11949.0,0.0,1.0
2017-09-08,32.12,32.12,31.8878,31.89,31.0265,64805.0,0.0,1.0
2017-09-11,32.17,32.32,32.17,32.2599,31.3864,41224.0,0.0,1.0
2017-09-12,32.7,32.7,32.15,32.2199,31.3475,5276.0,0.0,1.0
2017-09-13,32.0509,32.0509,31.9499,31.9699,31.1042,40584.0,0.0,1.0
2017-09-14,31.86,32.0572,31.86,32.011,31.1442,3096.0,0.0,1.0
2017-09-15,32.21,32.2872,32.21,32.2872,31.4129,8345.0,0.0,1.0
2017-09-18,32.5,32.5,32.35,32.43,31.5519,7465.0,0.0,1.0
2017-09-19,32.48,32.48,32.33,32.42,31.5421,11733.0,0.0,1.0
2017-09-20,32.3464,32.36,32.04,32.25,31.3767,3738.0,0.0,1.0
2017-09-21,32.2681,32.28,32.2,32.21,31.3378,40084.0,0.0,1.0
2017-09-22,32.04,32.04,31.94,32.0,31.1335,5253.0,0.0,1.0
2017-09-25,31.58,31.66,31.5,31.5499,30.6956,11766.0,0.0,1.0
2017-09-26,31.6,31.63,31.5298,31.594,30.7385,5153.0,0.0,1.0
2017-09-27,31.5,31.6325,31.42,31.6325,30.776,34141.0,0.0,1.0
2017-09-28,31.52,31.589,31.5084,31.56,30.7054,4683.0,0.0,1.0
2017-09-29,31.78,31.7962,31.71,31.7799,30.9194,14083.0,0.0,1.0
2017-10-02,31.81,31.81,31.77,31.77,30.9097,19236.0,0.0,1.0
2017-10-03,31.9799,32.02,31.972,31.98,31.1141,5696.0,0.0,1.0
2017-10-04,32.035,32.15,31.92,32.07,31.2016,33801.0,0.0,1.0
2017-10-05,32.19,32.24,32.18,32.2,31.3281,42366.0,0.0,1.0
2017-10-06,32.019,32.12,32.0033,32.12,31.2503,8890.0,0.0,1.0
2017-10-09,32.019,32.03,31.95,31.9999,31.1334,6182.0,0.0,1.0
2017-10-10,32.32,32.32,32.25,32.3021,31.4274,9966.0,0.0,1.0
2017-10-11,32.3,32.43,32.2973,32.43,31.5519,4133.0,0.0,1.0
2017-10-12,32.5,32.605,32.48,32.51,31.6297,3759.0,0.0,1.0
2017-10-13,32.77,32.8,32.7,32.77,31.8827,4802.0,0.0,1.0
2017-10-16,32.79,32.79,32.6645,32.6872,31.8021,25657.0,0.0,1.0
2017-10-17,32.58,32.58,32.475,32.56,31.6784,3831.0,0.0,1.0
2017-10-18,32.65,32.655,32.51,32.655,31.7708,13081.0,0.0,1.0
2017-10-19,32.36,32.36,32.279,32.36,31.4838,2826.0,0.0,1.0
2017-10-20,32.45,32.48,32.41,32.47,31.5908,17666.0,0.0,1.0
2017-10-23,32.48,32.48,32.2983,32.2983,31.4237,6624.0,0.0,1.0
2017-10-24,32.379,32.43,32.25,32.38,31.5032,6342.0,0.0,1.0
2017-10-25,32.38,32.38,32.13,32.15,31.2795,34490.0,0.0,1.0
2017-10-26,32.34,32.34,32.149,32.149,31.2785,3194.0,0.0,1.0
2017-10-27,32.1677,32.349,32.1677,32.349,31.4731,3627.0,0.0,1.0
2017-10-30,32.29,32.29,32.11,32.1268,31.2569,37148.0,0.0,1.0
2017-10-31,32.3501,32.43,32.35,32.38,31.5032,49807.0,0.0,1.0
2017-11-01,32.5,32.69,32.49,32.49,31.6102,11140.0,0.0,1.0
2017-11-02,32.55,32.65,32.455,32.65,31.7659,13888.0,0.0,1.0
2017-11-03,32.34,32.445,32.29,32.4201,31.5422,3441.0,0.0,1.0
2017-11-06,32.54,32.68,32.5173,32.679,31.7941,11584.0,0.0,1.0
2017-11-07,32.639,32.64,32.4364,32.4364,31.5581,2716.0,0.0,1.0
2017-11-08,32.6,32.71,32.55,32.641,31.7572,25793.0,0.0,1.0
2017-11-09,32.4757,32.505,32.2945,32.505,31.6248,4277.0,0.0,1.0
2017-11-10,32.46,32.46,32.409,32.44,31.5616,3160.0,0.0,1.0
2017-11-13,32.36,32.45,32.36,32.45,31.5713,34380.0,0.0,1.0
2017-11-14,32.36,32.36,32.25,32.253,31.3797,2819.0,0.0,1.0
2017-11-15,32.09,32.109,32.0064,32.02,31.153,5695.0,0.0,1.0
2017-11-16,32.46,32.63,32.41,32.5201,31.6395,4921.0,0.0,1.0
2017-11-17,32.54,32.695,32.54,32.6717,31.787,15344.0,0.0,1.0
2017-11-20,32.49,32.61,32.49,32.5999,31.7172,2744.0,0.0,1.0
2017-11-21,32.8,32.99,32.8,32.99,32.0967,8851.0,0.0,1.0
2017-11-22,33.09,33.11,33.0,33.07,32.1745,39978.0,0.0,1.0
2017-11-24,33.02,33.02,33.0,33.01,32.1162,2444.0,0.0,1.0
2017-11-27,32.783,32.783,32.67,32.679,31.7941,2129.0,0.0,1.0
2017-11-28,32.93,32.93,32.93,32.93,32.0383,65094.0,0.0,1.0
2017-11-29,32.76,32.83,32.51,32.515,31.6346,29827.0,0.0,1.0
2017-11-30,32.57,32.57,32.35,32.39,31.513,10572.0,0.0,1.0
2017-12-01,32.43,32.43,32.01,32.305,31.4303,16595.0,0.0,1.0
2017-12-04,32.43,32.4499,32.28,32.28,31.4059,13639.0,0.0,1.0
2017-12-05,32.38,32.43,32.31,32.349,31.4731,5226.0,0.0,1.0
2017-12-06,32.02,32.02,31.903,31.99,31.1238,23237.0,0.0,1.0
2017-12-07,32.109,32.109,32.05,32.05,31.1822,750.0,0.0,1.0
2017-12-08,32.3,32.3,32.14,32.22,31.3476,8796.0,0.0,1.0
2017-12-11,32.34,32.47,32.34,32.45,31.5713,20602.0,0.0,1.0
2017-12-12,32.25,32.25,32.17,32.23,31.3573,42433.0,0.0,1.0
2017-12-13,32.4416,32.609,32.4416,32.6013,31.7185,3201.0,0.0,1.0
2017-12-14,32.62,32.62,32.5396,32.543,31.6618,10076.0,0.0,1.0
2017-12-15,32.5951,32.7099,32.59,32.69,31.8048,10134.0,0.0,1.0
2017-12-18,32.8,32.97,32.8,32.91,32.0189,1211.0,0.0,1.0
2017-12-19,32.79,32.79,32.73,32.74,31.8535,4327.0,0.0,1.0
2017-12-20,32.25,32.35,32.24,32.245,31.9284,38381.0,0.572,1.0
2017-12-21,32.36,32.43,32.3567,32.39,32.072,21198.0,0.0,1.0
2017-12-22,32.4983,32.57,32.4983,32.569,32.2492,3968.0,0.0,1.0
2017-12-26,32.52,32.58,32.4952,32.532,32.2126,4534.0,0.0,1.0
2017-12-27,32.5,32.589,32.4583,32.589,32.269,2677.0,0.0,1.0
2017-12-28,32.87,32.87,32.78,32.79,32.468,12573.0,0.0,1.0
2017-12-29,33.019,33.1014,33.019,33.045,32.7205,4328.0,0.0,1.0
2018-01-02,33.38,33.46,33.2941,33.46,33.1315,47879.0,0.0,1.0
2018-01-03,33.45,33.67,33.45,33.57,33.2404,33683.0,0.0,1.0
2018-01-04,33.56,33.66,33.56,33.639,33.3087,9626.0,0.0,1.0
2018-01-05,33.67,33.86,33.67,33.86,33.5275,44164.0,0.0,1.0
2018-01-08,33.8701,33.94,33.8701,33.94,33.6067,3228.0,0.0,1.0
2018-01-09,33.88,33.88,33.7299,33.82,33.4879,3433.0,0.0,1.0
2018-01-10,33.68,33.7583,33.6334,33.6646,33.3341,7410.0,0.0,1.0
2018-01-11,33.82,34.085,33.82,34.073,33.7384,6924.0,0.0,1.0
2018-01-12,33.9648,34.2234,33.9648,34.2234,33.8874,1706.0,0.0,1.0
2018-01-16,34.2,34.269,34.13,34.13,33.7949,10162.0,0.0,1.0
2018-01-17,34.32,34.69,34.32,34.5851,34.2455,126058.0,0.0,1.0
2018-01-18,34.59,34.6667,34.58,34.6,34.2603,11138.0,0.0,1.0
2018-01-19,34.85,34.9599,34.8052,34.925,34.5821,4853.0,0.0,1.0
2018-01-22,34.93,34.999,34.9,34.9559,34.6127,109741.0,0.0,1.0
2018-01-23,35.04,35.189,34.9815,35.189,34.8435,15817.0,0.0,1.0
2018-01-24,35.37,35.47,35.25,35.43,35.0821,74838.0,0.0,1.0
2018-01-25,35.4,35.59,35.35,35.35,35.0029,300444.0,0.0,1.0
2018-01-26,35.32,35.4648,35.32,35.4648,35.1166,2739.0,0.0,1.0
2018-01-29,35.08,35.16,35.03,35.09,34.7455,46485.0,0.0,1.0
2018-01-30,34.9,34.9,34.7,34.7546,34.4134,8164.0,0.0,1.0
2018-01-31,34.9799,35.09,34.795,34.795,34.4534,23647.0,0.0,1.0
2018-02-01,34.82,35.0,34.82,34.8993,34.5566,6475.0,0.0,1.0
2018-02-02,34.62,34.62,34.29,34.29,33.9533,15065.0,0.0,1.0
2018-02-05,34.18,34.3707,33.3,33.5599,33.2304,24708.0,0.0,1.0
2018-02-06,33.29,34.289,33.26,34.125,33.7899,12395.0,0.0,1.0
2018-02-07,33.6182,33.97,33.371,33.371,33.0433,6687.0,0.0,1.0
2018-02-08,33.39,33.39,32.4,32.4,32.0819,24458.0,0.0,1.0
2018-02-09,32.9665,33.1691,32.261,32.9938,32.6698,7168.0,0.0,1.0
2018-02-12,33.24,33.35,33.04,33.28,32.9532,19207.0,0.0,1.0
2018-02-13,33.34,33.54,33.34,33.54,33.2107,2907.0,0.0,1.0
2018-02-14,33.329,34.06,33.323,34.0305,33.6964,10658.0,0.0,1.0
2018-02-15,34.4,34.45,34.18,34.379,34.0414,5920.0,0.0,1.0
2018-02-16,34.2,34.495,34.2,34.33,33.9929,16291.0,0.0,1.0
2018-02-20,33.89,33.98,33.8,33.8,33.4681,5242.0,0.0,1.0
2018-02-21,34.12,34.3538,33.91,33.91,33.577,4008.0,0.0,1.0
2018-02-22,34.0892,34.19,34.0,34.019,33.685,19377.0,0.0,1.0
2018-02-23,34.3,34.4536,34.275,34.4536,34.1153,1017.0,0.0,1.0
2018-02-26,34.6,34.71,34.48,34.71,34.3692,26125.0,0.0,1.0
2018-02-27,34.51,34.51,33.93,33.93,33.5968,12673.0,0.0,1.0
2018-02-28,33.955,33.955,33.8,33.8,33.4681,3085.0,0.0,1.0
2018-03-01,33.71,33.9037,33.34,33.61,33.28,5925.0,0.0,1.0
2018-03-02,33.319,33.65,33.2452,33.65,33.3196,4628.0,0.0,1.0
2018-03-05,33.45,33.84,33.45,33.81,33.478,29804.0,0.0,1.0
2018-03-06,34.0791,34.0791,33.899,33.899,33.5662,4099.0,0.0,1.0
2018-03-07,33.7094,33.82,33.6766,33.82,33.4879,1712.0,0.0,1.0
2018-03-08,33.79,33.8,33.65,33.7548,33.4234,35361.0,0.0,1.0
2018-03-09,34.09,34.25,34.09,34.25,33.9137,39439.0,0.0,1.0
2018-03-12,34.26,34.36,34.2223,34.36,34.0226,7006.0,0.0,1.0
2018-03-13,34.4172,34.419,33.9795,33.9795,33.6459,3555.0,0.0,1.0
2018-03-14,34.2,34.2,33.98,34.0799,33.7453,9596.0,0.0,1.0
2018-03-15,33.9603,34.09,33.855,33.9,33.5671,6601.0,0.0,1.0
2018-03-16,33.98,33.98,33.9035,33.915,33.582,3060.0,0.0,1.0
2018-03-19,33.68,33.75,33.451,33.485,33.1562,9725.0,0.0,1.0
2018-03-20,33.87,34.0,33.87,33.93,33.5968,2694.0,0.0,1.0
2018-03-21,33.97,34.26,33.94,34.2451,33.9089,53447.0,0.0,1.0
2018-03-22,33.67,33.8,33.39,33.39,33.0621,10544.0,0.0,1.0
2018-03-23,33.4399,33.4742,32.94,32.94,32.6166,5738.0,0.0,1.0
2018-03-26,33.59,33.6915,33.44,33.6428,33.3125,10493.0,0.0,1.0
2018-03-27,33.74,33.7552,33.26,33.26,32.9334,26865.0,0.0,1.0
2018-03-28,33.1422,33.4612,33.14,33.3436,33.0162,15382.0,0.0,1.0
2018-03-29,33.63,33.775,33.63,33.775,33.4434,987.0,0.0,1.0
2018-04-02,33.6,33.6,33.041,33.041,32.7166,5881.0,0.0,1.0
2018-04-03,33.5018,33.5695,33.5018,33.5337,33.2044,2326.0,0.0,1.0
2018-04-04,32.91,33.64,32.91,33.63,33.2998,87251.0,0.0,1.0
2018-04-05,33.68,33.739,33.68,33.739,33.4077,497.0,0.0,1.0
2018-04-06,33.5356,33.5356,32.9905,33.0998,32.7748,1299.0,0.0,1.0
2018-04-09,33.1036,33.2399,33.1036,33.1261,32.8008,5330.0,0.0,1.0
2018-04-10,33.28,33.33,33.26,33.319,32.9918,5752.0,0.0,1.0
2018-04-11,33.27,33.47,33.26,33.43,33.1018,12372.0,0.0,1.0
2018-04-12,33.49,33.51,33.395,33.4659,33.1373,42776.0,0.0,1.0
2018-04-13,33.16,33.275,33.0526,33.1,32.775,37627.0,0.0,1.0
2018-04-16,33.04,33.1662,33.04,33.15,32.8245,41180.0,0.0,1.0
2018-04-17,33.07,33.15,33.04,33.06,32.7354,35617.0,0.0,1.0
2018-04-18,33.2562,33.315,33.25,33.2601,32.9335,12983.0,0.0,1.0
2018-04-19,33.24,33.24,32.97,33.07,32.7453,18789.0,0.0,1.0
2018-04-20,32.87,32.88,32.66,32.66,32.3393,2693.0,0.0,1.0
2018-04-23,32.72,32.78,32.54,32.54,32.2205,49581.0,0.0,1.0
2018-04-24,32.73,32.7928,32.38,32.45,32.1314,9425.0,0.0,1.0
2018-04-25,32.25,32.3197,32.19,32.3,31.9829,9071.0,0.0,1.0
2018-04-26,32.47,32.722,32.4599,32.64,32.3195,16988.0,0.0,1.0
2018-04-27,32.78,32.78,32.78,32.78,32.4581,102.0,0.0,1.0
2018-04-30,32.6501,32.6501,32.59,32.6,32.2799,4101.0,0.0,1.0
2018-05-01,32.4,32.4748,32.14,32.44,32.1215,11346.0,0.0,1.0
2018-05-02,32.34,32.375,32.32,32.32,32.0027,5429.0,0.0,1.0
2018-05-03,32.155,32.155,31.8623,32.071,31.7561,3692.0,0.0,1.0
2018-05-04,31.83,32.2,31.83,32.11,31.7947,8276.0,0.0,1.0
2018-05-07,32.06,32.06,31.94,31.94,31.6264,9024.0,0.0,1.0
2018-05-08,31.86,31.969,31.86,31.969,31.6551,4526.0,0.0,1.0
2018-05-09,32.04,32.04,31.9,31.93,31.6165,4556.0,0.0,1.0
2018-05-10,32.3937,32.53,32.345,32.45,32.1314,5251.0,0.0,1.0
2018-05-11,32.65,32.65,32.44,32.465,32.1462,29925.0,0.0,1.0
2018-05-14,32.619,32.62,32.4601,32.4601,32.1414,15838.0,0.0,1.0
2018-05-15,31.98,32.06,31.8501,31.91,31.5967,3648.0,0.0,1.0
2018-05-16,32.22,32.3632,32.22,32.29,31.973,11038.0,0.0,1.0
2018-05-17,32.14,32.14,31.89,31.9067,31.5934,34243.0,0.0,1.0
2018-05-18,31.71,31.7435,31.66,31.7435,31.4318,5485.0,0.0,1.0
2018-05-21,31.97,31.97,31.8861,31.9376,31.624,12304.0,0.0,1.0
2018-05-22,32.09,32.1557,32.06,32.06,31.7452,34081.0,0.0,1.0
2018-05-23,31.71,32.033,31.71,32.033,31.7185,1861.0,0.0,1.0
2018-05-24,31.58,31.84,31.58,31.81,31.4977,3226.0,0.0,1.0
2018-05-25,31.905,32.0,31.905,32.0,31.6858,950.0,0.0,1.0
2018-05-29,31.81,31.8101,31.44,31.44,31.1313,6979.0,0.0,1.0
2018-05-30,31.6,31.81,31.6,31.81,31.4977,4646.0,0.0,1.0
2018-05-31,31.68,31.68,31.58,31.6735,31.3625,4453.0,0.0,1.0
2018-06-01,32.01,32.04,31.95,31.95,31.6363,7109.0,0.0,1.0
2018-06-04,32.081,32.1499,32.081,32.1499,31.8342,3998.0,0.0,1.0
2018-06-05,31.98,31.98,31.9395,31.94,31.6264,16186.0,0.0,1.0
2018-06-06,32.12,32.2198,32.12,32.2198,31.9034,2074.0,0.0,1.0
2018-06-07,32.1,32.1,31.7905,31.9,31.5868,19492.0,0.0,1.0
2018-06-08,31.78,31.9632,31.69,31.9,31.5868,73346.0,0.0,1.0
2018-06-11,31.97,31.97,31.8755,31.899,31.5858,7915.0,0.0,1.0
2018-06-12,31.799,31.799,31.68,31.71,31.3986,6535.0,0.0,1.0
2018-06-13,31.6,31.79,31.57,31.57,31.26,8828.0,0.0,1.0
2018-06-14,31.48,31.48,31.463,31.463,31.1541,1029.0,0.0,1.0
2018-06-15,31.07,31.07,30.87,30.9907,30.6864,7112.0,0.0,1.0
2018-06-18,30.6502,30.8,30.6,30.8,30.4976,4490.0,0.0,1.0
2018-06-19,30.46,30.7493,30.3534,30.6822,30.3809,146652.0,0.0,1.0
2018-06-20,30.5272,30.5272,30.4855,30.4855,30.4855,388.0,0.3023,1.0
2018-06-21,30.17,30.2358,30.17,30.2358,30.2358,94583.0,0.0,1.0
2018-06-22,30.4801,30.5069,30.44,30.44,30.44,2491.0,0.0,1.0
2018-06-25,30.33,30.33,30.04,30.25,30.25,8330.0,0.0,1.0
2018-06-26,30.185,30.27,30.09,30.19,30.19,16026.0,0.0,1.0
2018-06-27,30.07,30.115,29.834,29.834,29.834,45203.0,0.0,1.0
2018-06-28,29.58,29.79,29.55,29.76,29.76,8261.0,0.0,1.0
2018-06-29,30.06,30.16,29.97,30.1004,30.1004,5344.0,0.0,1.0
2018-07-02,29.81,29.92,29.81,29.91,29.91,5180.0,0.0,1.0
2018-07-03,30.0421,30.0424,30.0037,30.0037,30.0037,12309.0,0.0,1.0
2018-07-05,30.18,30.18,29.86,29.89,29.89,1804100.0,0.0,1.0
2018-07-06,30.21,30.242,30.195,30.2006,30.2006,8003.0,0.0,1.0
2018-07-09,30.46,30.6001,30.46,30.6001,30.6001,22014.0,0.0,1.0
2018-07-10,30.6281,30.6799,30.57,30.6799,30.6799,2300.0,0.0,1.0
2018-07-11,30.35,30.44,30.0898,30.0898,30.0898,1347.0,0.0,1.0
2018-07-12,30.36,30.38,30.3009,30.3009,30.3009,23604.0,0.0,1.0
2018-07-13,30.32,30.45,30.32,30.4398,30.4398,4602.0,0.0,1.0
2018-07-16,30.3,30.37,30.2901,30.35,30.35,168435.0,0.0,1.0
2018-07-17,30.33,30.6599,30.33,30.6599,30.6599,13904.0,0.0,1.0
2018-07-18,30.46,30.601,30.46,30.601,30.601,1271.0,0.0,1.0
2018-07-19,30.19,30.23,30.13,30.149,30.149,21335.0,0.0,1.0
2018-07-20,30.52,30.6146,30.48,30.48,30.48,55892.0,0.0,1.0
2018-07-23,30.56,30.56,30.45,30.45,30.45,2717.0,0.0,1.0
2018-07-24,30.76,30.9,30.73,30.74,30.74,6675.0,0.0,1.0
2018-07-25,30.92,31.13,30.89,31.13,31.13,26758.0,0.0,1.0
2018-07-26,30.95,30.95,30.8235,30.8235,30.8235,30794.0,0.0,1.0
2018-07-27,31.03,31.1,31.03,31.1,31.1,612.0,0.0,1.0
2018-07-30,31.08,31.08,31.07,31.07,31.07,2361.0,0.0,1.0
2018-07-31,31.16,31.251,31.1467,31.251,31.251,5456.0,0.0,1.0
2018-08-01,31.1,31.18,31.1,31.1548,31.1548,13190.0,0.0,1.0
2018-08-02,30.51,30.729,30.51,30.729,30.729,5570.0,0.0,1.0
2018-08-03,30.73,30.7938,30.73,30.7938,30.7938,4158.0,0.0,1.0
2018-08-06,30.67,30.6758,30.606,30.655,30.655,2937.0,0.0,1.0
2018-08-07,30.91,30.9168,30.91,30.91,30.91,16808.0,0.0,1.0
2018-08-08,30.68,30.769,30.68,30.7005,30.7005,2458.0,0.0,1.0
2018-08-09,30.65,30.66,30.579,30.579,30.579,12779.0,0.0,1.0
2018-08-10,29.97,30.04,29.85,29.9217,29.9217,48012.0,0.0,1.0
2018-08-13,29.79,29.823,29.51,29.58,29.58,22796.0,0.0,1.0
2018-08-14,29.82,29.918,29.82,29.91,29.91,16264.0,0.0,1.0
2018-08-15,29.3001,29.51,29.2406,29.455,29.455,13827.0,0.0,1.0
2018-08-16,29.65,29.78,29.64,29.7,29.7,10563.0,0.0,1.0
2018-08-17,29.67,29.86,29.52,29.86,29.86,19357.0,0.0,1.0
2018-08-20,29.73,29.86,29.7201,29.86,29.86,12067.0,0.0,1.0
2018-08-21,29.99,30.199,29.99,30.1239,30.1239,4157.0,0.0,1.0
2018-08-22,30.0979,30.219,30.0979,30.2039,30.2039,972.0,0.0,1.0
2018-08-23,30.07,30.07,29.827,29.827,29.827,15439.0,0.0,1.0
2018-08-24,30.09,30.23,30.09,30.2267,30.2267,1417.0,0.0,1.0
2018-08-27,30.55,30.62,30.5201,30.5201,30.5201,5779.0,0.0,1.0
2018-08-28,30.64,30.64,30.48,30.4801,30.4801,4976.0,0.0,1.0
2018-08-29,30.4189,30.6521,30.4189,30.635,30.635,1563.0,0.0,1.0
2018-08-30,30.13,30.135,29.9406,29.992,29.992,14335.0,0.0,1.0
2018-08-31,30.16,30.35,30.04,30.34,30.34,27799.0,0.0,1.0
2018-09-04,29.741,29.815,29.73,29.7672,29.7672,25399.0,0.0,1.0
2018-09-05,29.52,29.6,29.44,29.55,29.55,13129.0,0.0,1.0
2018-09-06,29.4579,29.483,29.42,29.42,29.42,12225.0,0.0,1.0
2018-09-07,29.5678,29.5678,29.3903,29.408,29.408,5181.0,0.0,1.0
2018-09-10,29.342,29.342,29.2566,29.2869,29.2869,1349.0,0.0,1.0
2018-09-11,29.04,29.27,29.04,29.27,29.27,972.0,0.0,1.0
2018-09-12,29.32,29.584,29.2762,29.48,29.48,5231.0,0.0,1.0
2018-09-13,29.84,29.9569,29.77,29.851,29.851,13197.0,0.0,1.0
2018-09-14,29.9,29.94,29.73,29.73,29.73,16897.0,0.0,1.0
2018-09-17,29.6101,29.6721,29.59,29.59,29.59,5908.0,0.0,1.0
2018-09-18,29.8,29.87,29.7801,29.87,29.87,1249.0,0.0,1.0
2018-09-19,29.94,30.0671,29.94,30.06,30.06,14701.0,0.0,1.0
2018-09-20,30.25,30.3027,30.1844,30.3027,30.3027,7315.0,0.0,1.0
2018-09-21,30.33,30.4,30.33,30.3999,30.3999,6308.0,0.0,1.0
