date,1. open,2. high,3. low,4. close,5. adjusted close,6. volume,7. dividend amount,8. split coefficient
2012-02-16,30.52,30.52,30.52,30.52,26.8491,100.0,0.0,1.0
2012-02-17,30.52,30.52,30.52,30.52,26.8491,0.0,0.0,1.0
2012-02-21,30.52,30.52,30.52,30.52,26.8491,0.0,0.0,1.0
2012-02-22,30.52,30.52,30.52,30.52,26.8491,0.0,0.0,1.0
2012-02-23,30.52,30.52,30.52,30.52,26.8491,0.0,0.0,1.0
2012-02-24,30.52,30.52,30.52,30.52,26.8491,0.0,0.0,1.0
2012-02-27,31.066,31.066,31.066,31.066,27.3294,327.0,0.0,1.0
2012-02-28,31.01,31.01,31.01,31.01,27.2802,225.0,0.0,1.0
2012-02-29,31.19,31.26,31.19,31.26,27.5001,900.0,0.0,1.0
2012-03-01,31.21,31.45,31.21,31.44,27.6584,9134.0,0.0,1.0
2012-03-02,30.99,31.17,30.99,31.17,27.4209,600.0,0.0,1.0
2012-03-05,31.17,31.17,31.17,31.17,27.4209,0.0,0.0,1.0
2012-03-06,31.17,31.17,31.17,31.17,27.4209,0.0,0.0,1.0
2012-03-07,30.25,30.37,30.25,30.28,26.638,535.0,0.0,1.0
2012-03-08,30.88,30.88,30.88,30.88,27.1658,269.0,0.0,1.0
2012-03-09,30.88,30.88,30.88,30.88,27.1658,0.0,0.0,1.0
2012-03-12,30.88,30.88,30.88,30.88,27.1658,0.0,0.0,1.0
2012-03-13,30.88,30.88,30.88,30.88,27.1658,0.0,0.0,1.0
2012-03-14,30.89,30.89,30.47,30.47,26.8051,300.0,0.0,1.0
2012-03-15,31.37,31.47,31.37,31.47,27.6848,323.0,0.0,1.0
2012-03-16,31.81,31.81,31.8099,31.8099,27.9839,250.0,0.0,1.0
2012-03-19,31.88,31.88,31.88,31.88,28.0455,125.0,0.0,1.0
2012-03-20,31.88,31.88,31.88,31.88,28.0455,0.0,0.0,1.0
2012-03-21,31.33,31.33,31.33,31.33,27.6013,348.0,0.045,1.0
2012-03-22,30.7,30.9,30.7,30.75,27.0903,1884.0,0.0,1.0
2012-03-23,30.93,31.04,30.93,31.04,27.3458,533.0,0.0,1.0
2012-03-26,31.04,31.04,31.04,31.04,27.3458,0.0,0.0,1.0
2012-03-27,31.35,31.46,31.05,31.0501,27.3547,7985.0,0.0,1.0
2012-03-28,30.8,30.8,30.75,30.75,27.0903,389.0,0.0,1.0
2012-03-29,30.41,30.41,30.41,30.41,26.7908,200.0,0.0,1.0
2012-03-30,30.41,30.41,30.41,30.41,26.7908,0.0,0.0,1.0
2012-04-02,30.95,31.29,30.95,31.29,27.566,236.0,0.0,1.0
2012-04-03,31.29,31.29,31.29,31.29,27.566,0.0,0.0,1.0
2012-04-04,31.29,31.29,31.29,31.29,27.566,0.0,0.0,1.0
2012-04-05,30.059,30.12,29.97,29.97,26.4031,59735.0,0.0,1.0
2012-04-09,30.0,30.2,29.94,29.94,26.3767,300.0,0.0,1.0
2012-04-10,29.98,30.189,29.4385,29.4385,25.9349,2458.0,0.0,1.0
2012-04-11,29.85,29.85,29.78,29.78,26.2357,600.0,0.0,1.0
2012-04-12,30.3199,30.6099,30.3199,30.4399,26.8171,5024.0,0.0,1.0
2012-04-13,29.9,30.172,29.72,29.8733,26.3179,5273.0,0.0,1.0
2012-04-16,29.9325,29.9325,29.9325,29.9325,26.3701,129.0,0.0,1.0
2012-04-17,30.34,30.34,30.34,30.34,26.7291,200.0,0.0,1.0
2012-04-18,30.2051,30.33,30.2051,30.27,26.6674,1373.0,0.0,1.0
2012-04-19,30.26,30.34,30.26,30.34,26.7291,10935.0,0.0,1.0
2012-04-20,30.64,30.71,30.64,30.71,27.0551,1452.0,0.0,1.0
2012-04-23,29.81,29.81,29.8,29.8,26.2534,1000.0,0.0,1.0
2012-04-24,30.05,30.16,30.05,30.16,26.5705,1000.0,0.0,1.0
2012-04-25,30.62,30.63,30.53,30.63,26.9846,1015.0,0.0,1.0
2012-04-26,30.6024,30.7436,30.5576,30.742,27.0832,914.0,0.0,1.0
2012-04-27,30.9,30.92,30.9,30.917,27.2374,1995.0,0.0,1.0
2012-04-30,30.77,30.804,30.63,30.804,27.1379,719.0,0.0,1.0
2012-05-01,31.07,31.08,31.06,31.08,27.381,1000.0,0.0,1.0
2012-05-02,30.67,30.67,30.63,30.63,26.9846,800.0,0.0,1.0
2012-05-03,30.52,30.52,30.52,30.52,26.8877,130.0,0.0,1.0
2012-05-04,30.0,30.046,29.941,29.95,26.3855,2722.0,0.0,1.0
2012-05-07,29.95,29.95,29.95,29.95,26.3855,0.0,0.0,1.0
2012-05-08,29.63,29.65,29.63,29.65,26.1212,700.0,0.0,1.0
2012-05-09,29.05,29.16,29.03,29.16,25.6895,620.0,0.0,1.0
2012-05-10,29.16,29.16,29.16,29.16,25.6895,0.0,0.0,1.0
2012-05-11,29.25,29.25,29.222,29.224,25.7459,1729.0,0.0,1.0
2012-05-14,29.224,29.224,29.224,29.224,25.7459,0.0,0.0,1.0
2012-05-15,28.1,28.1,28.1,28.1,24.7557,100.0,0.0,1.0
2012-05-16,27.97,28.02,27.97,28.02,24.6852,600.0,0.0,1.0
2012-05-17,27.89,27.89,27.7717,27.7717,24.4665,758.0,0.0,1.0
2012-05-18,27.8501,27.86,27.69,27.76,24.4561,3968.0,0.0,1.0
2012-05-21,27.76,27.76,27.76,27.76,24.4561,0.0,0.0,1.0
2012-05-22,28.38,28.38,28.36,28.36,24.9847,900.0,0.0,1.0
2012-05-23,28.36,28.36,28.36,28.36,24.9847,0.0,0.0,1.0
2012-05-24,28.36,28.36,28.36,28.36,24.9847,0.0,0.0,1.0
2012-05-25,27.56,27.56,27.53,27.54,24.2623,631.0,0.0,1.0
2012-05-29,27.54,27.54,27.54,27.54,24.2623,0.0,0.0,1.0
2012-05-30,27.17,27.21,26.95,26.98,23.769,17940.0,0.0,1.0
2012-05-31,26.98,26.98,26.98,26.98,23.769,0.0,0.0,1.0
2012-06-01,26.98,26.98,26.98,26.98,23.769,0.0,0.0,1.0
2012-06-04,26.98,26.98,26.98,26.98,23.769,0.0,0.0,1.0
2012-06-05,26.306,26.306,26.306,26.306,23.1752,200.0,0.0,1.0
2012-06-06,26.306,26.306,26.306,26.306,23.1752,0.0,0.0,1.0
2012-06-07,26.306,26.306,26.306,26.306,23.1752,0.0,0.0,1.0
2012-06-08,26.306,26.306,26.306,26.306,23.1752,0.0,0.0,1.0
2012-06-11,26.306,26.306,26.306,26.306,23.1752,0.0,0.0,1.0
2012-06-12,27.129,27.19,27.129,27.19,23.954,370.0,0.0,1.0
2012-06-13,27.19,27.19,27.19,27.19,23.954,0.0,0.0,1.0
2012-06-14,27.47,27.47,27.47,27.47,24.2007,100.0,0.0,1.0
2012-06-15,27.63,27.6601,27.512,27.6554,24.364,3000.0,0.0,1.0
2012-06-18,27.6554,27.6554,27.6554,27.6554,24.364,0.0,0.0,1.0
2012-06-19,28.1499,28.25,28.11,28.2001,24.8439,3025.0,0.0,1.0
2012-06-20,28.2001,28.2001,28.2001,28.2001,24.8439,0.0,0.0,1.0
2012-06-21,28.2001,28.2001,28.2001,28.2001,25.235,0.0,0.444,1.0
2012-06-22,28.2001,28.2001,28.2001,28.2001,25.235,0.0,0.0,1.0
2012-06-25,26.73,26.7399,25.36,26.7399,23.9284,465.0,0.0,1.0
2012-06-26,26.86,27.03,26.86,27.03,24.188,380.0,0.0,1.0
2012-06-27,27.03,27.03,27.03,27.03,24.188,0.0,0.0,1.0
2012-06-28,27.03,27.03,27.03,27.03,24.188,0.0,0.0,1.0
2012-06-29,27.9114,27.9476,27.868,27.878,24.9468,1695.0,0.0,1.0
2012-07-02,27.878,27.878,27.878,27.878,24.9468,0.0,0.0,1.0
2012-07-03,28.28,28.32,28.28,28.32,25.3423,500.0,0.0,1.0
2012-07-05,28.32,28.32,28.32,28.32,25.3423,0.0,0.0,1.0
2012-07-06,27.4684,27.47300000000001,27.414,27.47300000000001,24.5844,611.0,0.0,1.0
2012-07-09,27.31,27.31,27.31,27.31,24.4385,100.0,0.0,1.0
2012-07-10,27.31,27.31,27.31,27.31,24.4385,0.0,0.0,1.0
2012-07-11,27.31,27.31,27.31,27.31,24.4385,0.0,0.0,1.0
2012-07-12,27.31,27.31,27.31,27.31,24.4385,0.0,0.0,1.0
2012-07-13,27.31,27.31,27.31,27.31,24.4385,0.0,0.0,1.0
2012-07-16,27.31,27.31,27.31,27.31,24.4385,0.0,0.0,1.0
2012-07-17,27.31,27.31,27.31,27.31,24.4385,0.0,0.0,1.0
2012-07-18,27.31,27.31,27.31,27.31,24.4385,0.0,0.0,1.0
2012-07-19,27.31,27.31,27.31,27.31,24.4385,0.0,0.0,1.0
2012-07-20,27.63,27.63,27.5673,27.5673,24.6688,1033.0,0.0,1.0
2012-07-23,26.76,26.8078,26.76,26.8078,23.9891,511.0,0.0,1.0
2012-07-24,26.8078,26.8078,26.8078,26.8078,23.9891,0.0,0.0,1.0
2012-07-25,27.03,27.03,27.03,27.03,24.188,134.0,0.0,1.0
2012-07-26,27.03,27.03,27.03,27.03,24.188,0.0,0.0,1.0
2012-07-27,27.94,27.94,27.94,27.94,25.0023,150.0,0.0,1.0
2012-07-30,27.94,27.94,27.94,27.94,25.0023,0.0,0.0,1.0
2012-07-31,27.94,27.94,27.94,27.94,25.0023,0.0,0.0,1.0
2012-08-01,27.94,27.94,27.94,27.94,25.0023,600.0,0.0,1.0
2012-08-02,27.94,27.94,27.94,27.94,25.0023,0.0,0.0,1.0
2012-08-03,28.0,28.16,27.99,28.16,25.1991,1857.0,0.0,1.0
2012-08-06,28.43,28.43,28.43,28.43,25.4408,322.0,0.0,1.0
2012-08-07,28.47,28.47,28.47,28.47,25.4765,122.0,0.0,1.0
2012-08-08,28.4902,28.4902,28.4902,28.4902,25.4946,260.0,0.0,1.0
2012-08-09,28.595,28.6,28.595,28.6,25.5929,300.0,0.0,1.0
2012-08-10,28.51,28.53,28.48,28.48,25.4855,597.0,0.0,1.0
2012-08-13,28.52,28.52,28.5,28.5,25.5034,400.0,0.0,1.0
2012-08-14,28.69,28.69,28.64,28.65,25.6376,600.0,0.0,1.0
2012-08-15,28.65,28.65,28.65,28.65,25.6376,0.0,0.0,1.0
2012-08-16,28.65,28.65,28.65,28.65,25.6376,0.0,0.0,1.0
2012-08-17,28.86,28.8662,28.86,28.8662,25.8311,286.0,0.0,1.0
2012-08-20,28.8662,28.8662,28.8662,28.8662,25.8311,0.0,0.0,1.0
2012-08-21,28.8662,28.8662,28.8662,28.8662,25.8311,0.0,0.0,1.0
2012-08-22,28.8662,28.8662,28.8662,28.8662,25.8311,0.0,0.0,1.0
2012-08-23,28.8662,28.8662,28.8662,28.8662,25.8311,0.0,0.0,1.0
2012-08-24,29.0503,29.0503,29.0503,29.0503,25.9958,154.0,0.0,1.0
2012-08-27,29.0503,29.0503,29.0503,29.0503,25.9958,0.0,0.0,1.0
2012-08-28,29.0503,29.0503,29.0503,29.0503,25.9958,0.0,0.0,1.0
2012-08-29,28.9799,28.9799,28.9799,28.9799,25.9328,265.0,0.0,1.0
2012-08-30,28.63,28.6858,28.63,28.6858,25.6697,494.0,0.0,1.0
2012-08-31,28.6858,28.6858,28.6858,28.6858,25.6697,0.0,0.0,1.0
2012-09-04,29.07,29.07,29.07,29.07,26.0135,153.0,0.0,1.0
2012-09-05,29.0599,29.0599,28.92,28.92,25.8792,540.0,0.0,1.0
2012-09-06,28.92,28.92,28.92,28.92,25.8792,0.0,0.0,1.0
2012-09-07,28.92,28.92,28.92,28.92,25.8792,0.0,0.0,1.0
2012-09-10,28.92,28.92,28.92,28.92,25.8792,0.0,0.0,1.0
2012-09-11,30.27,30.27,30.27,30.27,27.0873,214.0,0.0,1.0
2012-09-12,30.5801,30.5801,30.5801,30.5801,27.3648,120.0,0.0,1.0
2012-09-13,31.01,31.14,31.01,31.14,27.8658,1000.0,0.0,1.0
2012-09-14,31.5345,31.56,31.49,31.49,28.179,454.0,0.0,1.0
2012-09-17,31.4899,31.4899,31.4899,31.4899,28.1789,200.0,0.0,1.0
2012-09-18,31.4899,31.4899,31.4899,31.4899,28.1789,0.0,0.0,1.0
2012-09-19,31.4899,31.4899,31.4899,31.4899,28.1789,0.0,0.0,1.0
2012-09-20,31.4899,31.4899,31.4899,31.4899,28.1789,0.0,0.0,1.0
2012-09-21,31.07,31.1126,30.92,30.98,27.7768,3647.0,0.0605,1.0
2012-09-24,30.52,30.52,30.48,30.48,27.3285,924.0,0.0,1.0
2012-09-25,30.76,30.76,30.76,30.76,27.5795,100.0,0.0,1.0
2012-09-26,30.05,30.05,30.01,30.02,26.916,764.0,0.0,1.0
2012-09-27,30.02,30.02,30.02,30.02,26.916,0.0,0.0,1.0
2012-09-28,29.99,30.14,29.99,30.1365,27.0205,426.0,0.0,1.0
2012-10-01,30.1365,30.1365,30.1365,30.1365,27.0205,0.0,0.0,1.0
2012-10-02,30.1365,30.1365,30.1365,30.1365,27.0205,0.0,0.0,1.0
2012-10-03,30.1365,30.1365,30.1365,30.1365,27.0205,0.0,0.0,1.0
2012-10-04,30.78,30.78,30.7,30.75,27.5706,2161.0,0.0,1.0
2012-10-05,31.16,31.16,31.15,31.15,27.9292,400.0,0.0,1.0
2012-10-08,30.69,30.701,30.69,30.701,27.5266,458.0,0.0,1.0
2012-10-09,30.701,30.701,30.701,30.701,27.5266,0.0,0.0,1.0
2012-10-10,30.701,30.701,30.701,30.701,27.5266,0.0,0.0,1.0
2012-10-11,30.52,30.69,30.52,30.64,27.4719,8913.0,0.0,1.0
2012-10-12,30.88,30.88,30.72,30.72,27.5437,8451.0,0.0,1.0
2012-10-15,30.72,30.72,30.72,30.72,27.5437,0.0,0.0,1.0
2012-10-16,30.72,30.72,30.72,30.72,27.5437,0.0,0.0,1.0
2012-10-17,31.75,31.75,31.75,31.75,28.4672,800.0,0.0,1.0
2012-10-18,31.75,31.75,31.75,31.75,28.4672,0.0,0.0,1.0
2012-10-19,31.75,31.75,31.75,31.75,28.4672,0.0,0.0,1.0
2012-10-22,31.75,31.75,31.75,31.75,28.4672,0.0,0.0,1.0
2012-10-23,30.79,30.85,30.79,30.85,27.6602,400.0,0.0,1.0
2012-10-24,30.77,30.77,30.77,30.77,27.5885,119.0,0.0,1.0
2012-10-25,30.73,30.73,30.73,30.73,27.5526,545.0,0.0,1.0
2012-10-26,30.73,30.73,30.73,30.73,27.5526,0.0,0.0,1.0
2012-10-31,30.73,30.73,30.73,30.73,27.5526,0.0,0.0,1.0
2012-11-01,30.73,30.73,30.73,30.73,27.5526,0.0,0.0,1.0
2012-11-02,30.65,30.7499,30.65,30.7499,27.5705,304.0,0.0,1.0
2012-11-05,30.7499,30.7499,30.7499,30.7499,27.5705,0.0,0.0,1.0
2012-11-06,30.7499,30.7499,30.7499,30.7499,27.5705,0.0,0.0,1.0
2012-11-07,30.53,30.62,30.53,30.53,27.3733,666.0,0.0,1.0
2012-11-08,30.44,30.48,30.26,30.3235,27.1882,712.0,0.0,1.0
2012-11-09,30.1377,30.1865,30.07,30.1299,27.0146,1103.0,0.0,1.0
2012-11-12,30.1299,30.1299,30.1299,30.1299,27.0146,0.0,0.0,1.0
2012-11-13,29.81,29.89,29.79,29.83,26.7457,3127.0,0.0,1.0
2012-11-14,29.86,29.8812,29.86,29.8812,26.7916,397.0,0.0,1.0
2012-11-15,29.8812,29.8812,29.8812,29.8812,26.7916,0.0,0.0,1.0
2012-11-16,29.3907,29.3907,29.3907,29.3907,26.3518,133.0,0.0,1.0
2012-11-19,30.16,30.16,30.16,30.16,27.0416,204.0,0.0,1.0
2012-11-20,29.92,29.92,29.88,29.88,26.7905,400.0,0.0,1.0
2012-11-21,29.88,29.88,29.88,29.88,26.7905,0.0,0.0,1.0
2012-11-23,30.96,30.96,30.96,30.96,27.7588,139.0,0.0,1.0
2012-11-26,30.96,30.96,30.96,30.96,27.7588,0.0,0.0,1.0
2012-11-27,30.91,30.9563,30.888,30.888,27.6943,566.0,0.0,1.0
2012-11-28,30.888,30.888,30.888,30.888,27.6943,0.0,0.0,1.0
2012-11-29,30.888,30.888,30.888,30.888,27.6943,0.0,0.0,1.0
2012-11-30,31.63,31.63,31.5672,31.59,28.3237,462.0,0.0,1.0
2012-12-03,31.71,31.71,31.54,31.58,28.3147,5357.0,0.0,1.0
2012-12-04,31.58,31.58,31.58,31.58,28.3147,0.0,0.0,1.0
2012-12-05,31.58,31.58,31.58,31.58,28.3147,0.0,0.0,1.0
2012-12-06,31.74,31.93,31.74,31.93,28.6285,7386.0,0.0,1.0
2012-12-07,31.7469,31.85,31.7469,31.8499,28.5567,868.0,0.0,1.0
2012-12-10,31.84,31.8999,31.84,31.8999,28.6016,990.0,0.0,1.0
2012-12-11,31.96,32.04,31.96,31.9656,28.6605,2521.0,0.0,1.0
2012-12-12,32.1406,32.1406,32.1406,32.1406,28.8174,125.0,0.0,1.0
2012-12-13,32.14,32.14,32.05,32.05,28.7361,700.0,0.0,1.0
2012-12-14,32.1,32.23,32.1,32.23,28.8975,775.0,0.0,1.0
2012-12-17,32.36,32.36,32.36,32.36,29.0141,167.0,0.0,1.0
2012-12-18,32.6,32.7163,32.6,32.7163,29.3335,438.0,0.0,1.0
2012-12-19,32.8279,32.8279,32.8279,32.8279,29.4336,511.0,0.0,1.0
2012-12-20,32.93,32.93,32.93,32.93,29.5251,100.0,0.0,1.0
2012-12-21,32.93,32.93,32.93,32.93,29.6354,0.0,0.123,1.0
2012-12-24,32.93,32.93,32.93,32.93,29.6354,0.0,0.0,1.0
2012-12-26,32.93,32.93,32.93,32.93,29.6354,0.0,0.0,1.0
2012-12-27,32.5799,32.5799,32.5799,32.5799,29.3204,100.0,0.0,1.0
2012-12-28,32.46,32.46,32.4059,32.4059,29.1638,1927.0,0.0,1.0
2012-12-31,32.4059,32.4059,32.4059,32.4059,29.1638,0.0,0.0,1.0
2013-01-02,32.97,33.02,32.7542,32.8395,29.554,9631.0,0.0,1.0
2013-01-03,32.62,32.83,32.5606,32.5606,29.303,3070.0,0.0,1.0
2013-01-04,32.75,32.9899,32.75,32.9899,29.6893,1371.0,0.0,1.0
2013-01-07,32.95,33.0299,32.82,33.0299,29.7253,350.0,0.0,1.0
2013-01-08,32.94,32.98,32.94,32.9433,29.6474,1409.0,0.0,1.0
2013-01-09,33.04,33.22,33.04,33.22,29.8964,5783.0,0.0,1.0
2013-01-10,33.79,33.79,33.79,33.79,30.4094,200.0,0.0,1.0
2013-01-11,33.76,33.81,33.7175,33.76,30.3824,1401.0,0.0,1.0
2013-01-14,33.68,33.68,33.56,33.5608,30.2031,4635.0,0.0,1.0
2013-01-15,33.5608,33.5608,33.5608,33.5608,30.2031,0.0,0.0,1.0
2013-01-16,33.28,33.28,33.21,33.21,29.8874,660.0,0.0,1.0
2013-01-17,33.54,33.64,33.54,33.64,30.2744,400.0,0.0,1.0
2013-01-18,33.6,33.62,33.348,33.59,30.2294,17346.0,0.0,1.0
2013-01-22,33.36,33.4801,33.36,33.4701,30.1215,533.0,0.0,1.0
2013-01-23,33.4701,33.4701,33.4701,33.4701,30.1215,0.0,0.0,1.0
2013-01-24,33.5399,33.5899,33.5399,33.5825,30.2227,651.0,0.0,1.0
2013-01-25,33.92,33.95,33.755,33.8362,30.451,2090.0,0.0,1.0
2013-01-28,33.76,33.9,33.76,33.8,30.4184,59782.0,0.0,1.0
2013-01-29,33.68,33.79,33.68,33.79,30.4094,7685.0,0.0,1.0
2013-01-30,33.92,34.07,33.85,33.92,30.5264,60187.0,0.0,1.0
2013-01-31,33.8635,34.1,33.75,33.77,30.3914,70626.0,0.0,1.0
2013-02-01,34.39,34.59,34.2201,34.36,30.9224,5554.0,0.0,1.0
2013-02-04,34.14,34.2,33.9,33.9269,30.5326,3893.0,0.0,1.0
2013-02-05,34.2,34.27,34.17,34.17,30.7514,2076.0,0.0,1.0
2013-02-06,34.01,34.1852,34.01,34.16,30.7424,5646.0,0.0,1.0
2013-02-07,34.05,34.23,33.68,34.23,30.8054,27698.0,0.0,1.0
2013-02-08,34.09,34.12,34.0452,34.09,30.6794,14218.0,0.0,1.0
2013-02-11,34.1099,34.1499,34.0495,34.0962,30.685,12409.0,0.0,1.0
2013-02-12,34.25,34.3499,34.06,34.06,30.6524,14528.0,0.0,1.0
2013-02-13,34.55,34.66,34.55,34.6299,31.1653,64735.0,0.0,1.0
2013-02-14,34.49,34.73,34.49,34.73,31.2553,1667.0,0.0,1.0
2013-02-15,34.6396,34.6632,34.6032,34.63,31.1654,1354.0,0.0,1.0
2013-02-19,34.89,34.98,34.83,34.859,31.3714,2179.0,0.0,1.0
2013-02-20,35.19,35.2,34.78,34.78,31.3003,12211.0,0.0,1.0
2013-02-21,34.33,34.33,34.07,34.1545,30.7374,2078.0,0.0,1.0
2013-02-22,34.29,34.4495,34.29,34.4301,30.9855,1892.0,0.0,1.0
2013-02-25,34.71,34.71,34.0,34.0,30.5984,3439.0,0.0,1.0
2013-02-26,34.0,34.0,33.9502,33.99,30.5894,976.0,0.0,1.0
2013-02-27,34.433,34.5652,34.433,34.5652,31.107,790.0,0.0,1.0
2013-02-28,34.68,34.68,34.63,34.66,31.1923,889.0,0.0,1.0
2013-03-01,34.1899,34.29,34.1899,34.26,30.8324,894.0,0.0,1.0
2013-03-04,34.101,34.1984,34.101,34.1984,30.7769,628.0,0.0,1.0
2013-03-05,34.88,34.88,34.74,34.87,31.3813,1871.0,0.0,1.0
2013-03-06,34.67,34.7072,34.6699,34.7072,31.2348,650.0,0.0,1.0
2013-03-07,35.0,35.0,34.85,34.94,31.4443,23234.0,0.0,1.0
2013-03-08,34.68,34.7199,34.5,34.7199,31.2463,4398.0,0.0,1.0
2013-03-11,34.67,34.75,34.67,34.68,31.2103,3340.0,0.0,1.0
2013-03-12,34.9156,34.9156,34.71,34.7228,31.2489,1045.0,0.0,1.0
2013-03-13,34.36,34.39,34.36,34.39,30.9494,717.0,0.0,1.0
2013-03-14,34.78,34.98,34.78,34.97,31.4713,1495.0,0.0,1.0
2013-03-15,35.17,35.43,35.155,35.19,31.6693,7525.0,0.0,1.0
2013-03-18,34.83,35.15,34.83,35.02,31.5163,3870.0,0.0,1.0
2013-03-19,34.83,34.88,34.5099,34.88,31.3903,28579.0,0.0,1.0
2013-03-20,34.68,34.93,34.68,34.84,31.3543,3015.0,0.0,1.0
2013-03-21,34.3699,34.42,34.27,34.27,30.8493,6155.0,0.0088,1.0
2013-03-22,34.31,34.38,34.2499,34.2785,30.8569,2181.0,0.0,1.0
2013-03-25,34.14,34.14,34.08,34.08,30.6783,3335.0,0.0,1.0
2013-03-26,34.2354,34.31,34.1599,34.22,30.8043,2496.0,0.0,1.0
2013-03-27,33.7565,33.8,33.68,33.7922,30.4192,3779.0,0.0,1.0
2013-03-28,34.2123,34.25,33.98,33.98,30.5882,86021.0,0.0,1.0
2013-04-01,34.06,34.06,33.85,33.85,30.4712,448.0,0.0,1.0
2013-04-02,34.2458,34.3169,34.18,34.2854,30.8632,1526.0,0.0,1.0
2013-04-03,34.34,34.34,34.25,34.25,30.8313,1758.0,0.0,1.0
2013-04-04,33.92,34.18,33.8645,33.98,30.5882,7280.0,0.0,1.0
2013-04-05,33.63,33.97,33.5188,33.96,30.5702,12403.0,0.0,1.0
2013-04-08,33.96,33.96,33.96,33.96,30.5702,0.0,0.0,1.0
2013-04-09,33.61,33.83,33.61,33.83,30.4532,1163.0,0.0,1.0
2013-04-10,34.34,34.5,34.34,34.4,30.9663,2183.0,0.0,1.0
2013-04-11,34.9,34.9,34.73,34.88,31.3984,26188.0,0.0,1.0
2013-04-12,34.68,34.81,34.68,34.73,31.2634,1203.0,0.0,1.0
2013-04-15,34.51,34.51,34.1378,34.2062,30.7919,1171.0,0.0,1.0
2013-04-16,34.52,34.5948,34.438,34.438,31.0005,859.0,0.0,1.0
2013-04-17,33.434,33.4399,33.3201,33.3201,29.9942,766.0,0.0,1.0
2013-04-18,33.2501,33.4155,33.2501,33.4155,30.0801,766.0,0.0,1.0
2013-04-19,33.4155,33.4155,33.4155,33.4155,30.0801,0.0,0.0,1.0
2013-04-22,33.55,33.55,33.55,33.55,30.2012,300.0,0.0,1.0
2013-04-23,34.1448,34.28,34.1448,34.28,30.8583,228.0,0.0,1.0
2013-04-24,34.3,34.33,34.178000000000004,34.3,30.8763,2575.0,0.0,1.0
2013-04-25,34.66,34.72,34.66,34.72,31.2544,4992.0,0.0,1.0
2013-04-26,34.72,34.8,34.72,34.7792,31.3077,1681.0,0.0,1.0
2013-04-29,35.13,35.26,35.09,35.12,31.6144,13993.0,0.0,1.0
2013-04-30,35.3,35.552,35.3,35.3101,31.7856,934.0,0.0,1.0
2013-05-01,35.68,35.68,35.4306,35.4499,31.9114,1105.0,0.0,1.0
2013-05-02,35.2486,35.34,35.1,35.1,31.5964,13182.0,0.0,1.0
2013-05-03,35.34,35.92,35.34,35.55,32.0015,841.0,0.0,1.0
2013-05-06,35.74,35.81,35.561,35.74,32.1726,3522.0,0.0,1.0
2013-05-07,36.04,36.04,35.7,35.97,32.3796,8852.0,0.0,1.0
2013-05-08,36.53,36.58,36.28,36.55,32.9017,21059.0,0.0,1.0
2013-05-09,36.37,36.37,36.08,36.1099,32.5055,2167.0,0.0,1.0
2013-05-10,35.95,36.01,35.9125,36.01,32.4156,2535.0,0.0,1.0
2013-05-13,35.9999,35.9999,35.9999,35.9999,32.4065,380.0,0.0,1.0
2013-05-14,36.03,36.03,35.71,35.7699,32.1995,2004.0,0.0,1.0
2013-05-15,35.77,36.1425,35.7401,35.7401,32.1726,4585.0,0.0,1.0
2013-05-16,36.26,36.3899,35.9734,35.9734,32.3827,860.0,0.0,1.0
2013-05-17,35.79,35.89,35.76,35.88,32.2986,1982.0,0.0,1.0
2013-05-20,35.9699,36.21,35.811,36.19,32.5776,6003.0,0.0,1.0
2013-05-21,35.99,36.11,35.94,36.11,32.5056,1420.0,0.0,1.0
2013-05-22,36.14,36.14,35.481,35.6221,32.0664,25796.0,0.0,1.0
2013-05-23,35.73,35.73,35.12,35.5636,32.0138,5669.0,0.0,1.0
2013-05-24,35.5948,35.795,35.39,35.75,32.1816,4670.0,0.0,1.0
2013-05-28,36.01,36.01,35.82,35.82,32.2446,1456.0,0.0,1.0
2013-05-29,35.6772,35.77,35.4309,35.75,32.1816,1493.0,0.0,1.0
2013-05-30,35.89,36.12,35.79,36.12,32.5146,1600.0,0.0,1.0
2013-05-31,35.76,35.76,35.18,35.18,31.6685,25022.0,0.0,1.0
2013-06-03,35.4799,35.6703,35.45,35.56,32.0105,1080.0,0.0,1.0
2013-06-04,35.6999,35.6999,35.6999,35.6999,32.1365,239.0,0.0,1.0
2013-06-05,35.21,35.3499,35.2,35.3232,31.7974,1583.0,0.0,1.0
2013-06-06,35.32,35.32,35.32,35.32,31.7945,0.0,0.0,1.0
2013-06-07,35.4,35.91,35.4,35.84,32.2626,1072.0,0.0,1.0
2013-06-10,35.8999,35.8999,35.702,35.87,32.2896,523.0,0.0,1.0
2013-06-11,35.6605,35.6605,35.37,35.6061,32.052,1293.0,0.0,1.0
2013-06-12,35.53,35.68,35.53,35.68,32.1185,1100.0,0.0,1.0
2013-06-13,35.74,35.74,35.26,35.72,32.1546,2069.0,0.0,1.0
2013-06-14,35.94,36.11,35.89,35.93,32.3436,9798.0,0.0,1.0
2013-06-17,35.98,36.1399,35.7801,36.1399,32.5325,2072.0,0.0,1.0
2013-06-18,36.3336,36.4599,36.24,36.4599,32.8206,1266.0,0.0,1.0
2013-06-19,36.3,36.4,35.9352,35.94,32.3526,15483.0,0.0,1.0
2013-06-20,35.21,35.21,34.8799,34.8799,31.3983,4869.0,0.0,1.0
2013-06-21,33.81,33.941,33.27,33.84,31.162,21735.0,0.7774,1.0
2013-06-24,32.8918,33.3,32.84,32.9942,30.3831,27303.0,0.0,1.0
2013-06-25,33.24,33.4425,33.21,33.4425,30.796,1146.0,0.0,1.0
2013-06-26,33.7,33.86,33.7,33.743,31.0727,9751.0,0.0,1.0
2013-06-27,33.9638,33.9638,33.7501,33.7501,31.0792,885.0,0.0,1.0
2013-06-28,34.03,34.03,33.98,33.98,31.2909,766.0,0.0,1.0
2013-07-01,34.0,34.3599,34.0,34.0874,31.3898,8282.0,0.0,1.0
2013-07-02,34.07,34.0708,33.85,33.85,31.1712,4188.0,0.0,1.0
2013-07-03,34.0199,34.0199,33.9476,33.9476,31.2611,854.0,0.0,1.0
2013-07-05,33.95,34.0468,33.95,33.9998,31.3092,1140.0,0.0,1.0
2013-07-08,34.34,34.34,34.32,34.34,31.6224,3173.0,0.0,1.0
2013-07-09,34.39,34.39,34.2,34.24,31.5304,8586.0,0.0,1.0
2013-07-10,34.5299,34.6795,34.436,34.6795,31.9351,856.0,0.0,1.0
2013-07-11,35.22,35.6399,35.22,35.6399,32.8195,5113.0,0.0,1.0
2013-07-12,35.7999,35.7999,35.54,35.7,32.8748,4135.0,0.0,1.0
2013-07-15,35.7,35.842,35.5,35.842,33.0056,13620.0,0.0,1.0
2013-07-16,35.6,35.79,35.58,35.79,32.9577,4662.0,0.0,1.0
2013-07-17,35.6574,35.6593,35.5901,35.6593,32.8373,800.0,0.0,1.0
2013-07-18,35.6593,35.6593,35.6593,35.6593,32.8373,0.0,0.0,1.0
2013-07-19,35.91,36.1784,35.91,36.13,33.2708,2089.0,0.0,1.0
2013-07-22,36.31,36.33,36.1068,36.1068,33.2494,900.0,0.0,1.0
2013-07-23,36.1295,36.25,36.01,36.16,33.2984,2741.0,0.0,1.0
2013-07-24,35.9538,36.1,35.9232,36.0262,33.1752,1578.0,0.0,1.0
2013-07-25,35.7648,35.7648,35.7648,35.7648,32.9345,143.0,0.0,1.0
2013-07-26,35.831,36.032,35.831,35.95,33.105,889.0,0.0,1.0
2013-07-29,36.1,36.1,35.904,35.904,33.0627,313.0,0.0,1.0
2013-07-30,36.15,36.1719,36.04,36.1719,33.3094,474.0,0.0,1.0
2013-07-31,36.29,36.72,36.2488,36.613,33.7156,66681.0,0.0,1.0
2013-08-01,36.65,36.7325,36.6,36.72,33.8141,1359.0,0.0,1.0
2013-08-02,36.8588,37.025,36.8588,37.025,34.095,526.0,0.0,1.0
2013-08-05,37.1126,37.1139,37.0515,37.0515,34.1194,557.0,0.0,1.0
2013-08-06,37.2695,37.27,37.2464,37.2464,34.2988,462.0,0.0,1.0
2013-08-07,37.3369,37.36,37.28,37.28,34.3298,23526.0,0.0,1.0
2013-08-08,37.81,37.8899,37.7907,37.7907,34.8001,8274.0,0.0,1.0
2013-08-09,37.65,37.68,37.6349,37.66,34.6797,5341.0,0.0,1.0
2013-08-12,37.374,37.409,37.374,37.3905,34.4315,800.0,0.0,1.0
2013-08-13,37.1931,37.2589,37.1931,37.2589,34.3104,537.0,0.0,1.0
2013-08-14,37.41,37.41,37.24,37.41,34.4495,2263.0,0.0,1.0
2013-08-15,37.04,37.2492,37.04,37.2492,34.3014,305.0,0.0,1.0
2013-08-16,37.16,37.16,37.15,37.15,34.2101,585.0,0.0,1.0
2013-08-19,37.57,37.57,37.1851,37.1851,34.2424,2722.0,0.0,1.0
2013-08-20,37.4899,37.571,37.42,37.42,34.4587,2995.0,0.0,1.0
2013-08-21,37.53,37.53,37.15,37.15,34.2101,3455.0,0.0,1.0
2013-08-22,37.53,37.53,37.31,37.48,34.514,900.0,0.0,1.0
2013-08-23,37.86,37.86,37.57,37.634,34.6558,861.0,0.0,1.0
2013-08-26,37.501,37.55,37.3519,37.3519,34.396,547.0,0.0,1.0
2013-08-27,37.29,37.29,36.8,36.8,33.8878,5159.0,0.0,1.0
2013-08-28,36.215,36.367,36.1305,36.132,33.2726,13026.0,0.0,1.0
2013-08-29,36.151,36.28,36.046,36.1,33.2432,2602.0,0.0,1.0
2013-08-30,35.934,35.934,35.934,35.934,33.0903,275.0,0.0,1.0
2013-09-03,36.23,36.4363,36.23,36.4363,33.5528,6816.0,0.0,1.0
2013-09-04,35.93,36.46,35.93,36.44,33.5563,13855.0,0.0,1.0
2013-09-05,36.452,36.452,36.4053,36.4279,33.5451,568.0,0.0,1.0
2013-09-06,36.7,36.7,36.464,36.464,33.5784,360.0,0.0,1.0
2013-09-09,36.464,36.464,36.464,36.464,33.5784,0.0,0.0,1.0
2013-09-10,37.3497,37.3499,37.3269,37.3269,34.373000000000005,1399.0,0.0,1.0
2013-09-11,37.5753,37.7499,37.5147,37.705,34.7211,14722.0,0.0,1.0
2013-09-12,37.3376,37.5099,37.2151,37.3016,34.3497,2752.0,0.0,1.0
2013-09-13,37.5299,37.5299,37.5199,37.5199,34.5507,803.0,0.0,1.0
2013-09-16,38.02,38.02,37.7699,37.7699,34.7809,2405.0,0.0,1.0
2013-09-17,37.68,37.68,37.39,37.6608,34.6804,2896.0,0.0,1.0
2013-09-18,37.23,38.4,37.23,38.4,35.3611,17000.0,0.0,1.0
2013-09-19,38.68,38.68,38.35,38.3699,35.3334,4812.0,0.0,1.0
2013-09-20,38.2499,38.3,38.07,38.19,35.1678,17332.0,0.0,1.0
2013-09-23,38.12,38.1699,38.12,38.1699,35.1493,606.0,0.0,1.0
2013-09-24,38.1,38.2,38.08,38.08,35.0665,1656.0,0.0,1.0
2013-09-25,38.15,38.2,37.9776,38.13,35.1125,3749.0,0.0,1.0
2013-09-26,38.15,38.15,37.96,38.04,35.0296,1669.0,0.0,1.0
2013-09-27,38.32,38.39,38.25,38.25,35.223,582.0,0.0,1.0
2013-09-30,37.9392,38.07,37.9392,38.07,35.0573,1242.0,0.0,1.0
2013-10-01,38.2968,38.42,38.13,38.328,35.2948,6634.0,0.0,1.0
2013-10-02,38.33,38.33,38.1943,38.2099,35.1861,4281.0,0.0,1.0
2013-10-03,38.058,38.15,37.8862,37.9596,34.9556,5658.0,0.0,1.0
2013-10-04,38.0168,38.02,37.875,37.875,34.8777,3016.0,0.0,1.0
2013-10-07,37.7156,37.814,37.7156,37.7472,34.76,1501.0,0.0,1.0
2013-10-08,37.714,37.76,37.58,37.6,34.6245,3831.0,0.0,1.0
2013-10-09,37.4,37.4,37.12,37.2489,34.3011,2175.0,0.0,1.0
2013-10-10,37.66,37.9899,37.636,37.9899,34.9835,1401.0,0.0,1.0
2013-10-11,38.03,38.1499,37.9176,38.1499,35.1308,1664.0,0.0,1.0
2013-10-14,38.13,38.2399,37.9293,38.2399,35.2137,589.0,0.0,1.0
2013-10-15,38.0922,38.1,37.84,37.84,34.8455,671.0,0.0,1.0
2013-10-16,37.89,38.1858,37.89,38.1858,35.1639,3420.0,0.0,1.0
2013-10-17,38.63,38.74,38.5074,38.68,35.619,3976.0,0.0,1.0
2013-10-18,39.0295,39.2,39.0295,39.14,36.0426,7348.0,0.0,1.0
2013-10-21,39.24,39.37,39.15,39.37,36.2544,2169.0,0.0,1.0
2013-10-22,39.4,39.7499,39.4,39.716,36.573,2420.0,0.0,1.0
2013-10-23,40.04,40.04,39.75,39.7857,36.6372,2482.0,0.0,1.0
2013-10-24,40.04,40.04,39.846,39.925,36.7655,10346.0,0.0,1.0
2013-10-25,39.602,39.9165,39.602,39.9165,36.7576,1024.0,0.0,1.0
2013-10-28,39.69,39.7013,39.68,39.68,36.5399,465.0,0.0,1.0
2013-10-29,39.34,39.7,39.31,39.7,36.5583,3719.0,0.0,1.0
2013-10-30,40.06,40.07,39.82,39.82,36.6688,1975.0,0.0,1.0
2013-10-31,39.645,39.7199,39.645,39.7199,36.5766,322.0,0.0,1.0
2013-11-01,39.4929,39.528,39.4726,39.528,36.3999,384.0,0.0,1.0
2013-11-04,39.7,39.7,39.6,39.665,36.526,20584.0,0.0,1.0
2013-11-05,39.3,39.33,39.285,39.314,36.2028,1186.0,0.0,1.0
2013-11-06,39.4735,39.65,39.4684,39.65,36.5122,1786.0,0.0,1.0
2013-11-07,39.49,39.65,39.256,39.31,36.1991,28477.0,0.0,1.0
2013-11-08,39.0405,39.29,39.0405,39.29,36.1807,29241.0,0.0,1.0
2013-11-11,39.68,39.71,39.61,39.6175,36.4823,578.0,0.0,1.0
2013-11-12,39.7879,39.79,39.6899,39.758,36.6117,2810.0,0.0,1.0
2013-11-13,39.34,39.49,39.224,39.49,36.3649,3173.0,0.0,1.0
2013-11-14,39.7343,39.76,39.6642,39.74,36.5951,3333.0,0.0,1.0
2013-11-15,40.02,40.02,39.87,39.87,36.7148,225.0,0.0,1.0
2013-11-18,40.0578,40.08,39.66,39.8936,36.7365,1419.0,0.0,1.0
2013-11-19,39.86,39.86,39.6848,39.6849,36.5444,2022.0,0.0,1.0
2013-11-20,39.44,39.44,39.23,39.23,36.1255,1078.0,0.0,1.0
2013-11-21,39.378,39.378,39.3339,39.3704,36.2548,1066.0,0.0,1.0
2013-11-22,39.6299,39.71,39.6,39.686,36.5454,3367.0,0.0,1.0
2013-11-25,39.55,39.55,39.4899,39.4899,36.3648,552.0,0.0,1.0
2013-11-26,39.4,39.74,39.4,39.74,36.5951,2324.0,0.0,1.0
2013-11-27,39.89,39.89,39.67,39.75,36.6043,3975.0,0.0,1.0
2013-11-29,40.0,40.008,39.56,39.7344,36.5899,2600.0,0.0,1.0
2013-12-02,39.56,39.635,39.3201,39.51,36.3833,1275.0,0.0,1.0
2013-12-03,39.2099,39.2099,38.8201,39.04,35.9505,865.0,0.0,1.0
2013-12-04,38.69,38.7,38.5,38.64,35.5822,3346.0,0.0,1.0
2013-12-05,38.7701,39.05,38.7701,38.976,35.8916,1665.0,0.0,1.0
2013-12-06,39.3,39.3,39.15,39.2851,36.1762,6144.0,0.0,1.0
2013-12-09,39.61,39.61,39.3176,39.33,36.2176,2542.0,0.0,1.0
2013-12-10,39.46,39.4899,39.3599,39.4099,36.2911,2111.0,0.0,1.0
2013-12-11,39.36,39.36,39.09,39.27,36.1623,1695.0,0.0,1.0
2013-12-12,39.09,39.09,38.69,38.764,35.6963,4735.0,0.0,1.0
2013-12-13,38.87,38.9,38.8699,38.9,35.8216,1486.0,0.0,1.0
2013-12-16,39.285,39.29,39.255,39.27,36.1623,1361.0,0.0,1.0
2013-12-17,39.28,39.46,39.16,39.46,36.3373,4329.0,0.0,1.0
2013-12-18,39.53,40.06,39.416,39.45,36.3281,4958.0,0.0,1.0
2013-12-19,39.8,39.85,39.8,39.85,36.6964,1269.0,0.0,1.0
2013-12-20,40.12,40.16,39.87,39.87,36.7148,2777.0,0.0,1.0
2013-12-23,40.47,40.48,40.16,40.47,37.2673,2968.0,0.0,1.0
2013-12-24,40.4,40.5299,40.4,40.516,37.3097,1553.0,0.0,1.0
2013-12-26,40.27,40.71,40.27,40.382,37.1863,2843.0,0.0,1.0
2013-12-27,41.02,41.02,41.02,41.02,37.7738,419.0,0.0,1.0
2013-12-30,41.04,41.18,41.02,41.18,37.9211,4053.0,0.0,1.0
2013-12-31,41.11,41.23,40.8589,41.2,37.9396,2457.0,0.0,1.0
2014-01-02,39.9601,40.33,39.9601,40.29,37.1016,34914.0,0.0,1.0
2014-01-03,40.29,40.6428,40.29,40.54,37.3318,15762.0,0.0,1.0
2014-01-06,40.4,40.68,40.37,40.68,37.4607,9618.0,0.0,1.0
2014-01-07,40.72,40.72,40.53,40.63,37.4147,2586.0,0.0,1.0
2014-01-08,40.5099,40.59,40.3,40.48,37.2765,5915.0,0.0,1.0
2014-01-09,40.828,41.0,40.6,41.0,37.7554,5566.0,0.0,1.0
2014-01-10,41.3535,41.5699,41.34,41.56,38.2711,10424.0,0.0,1.0
2014-01-13,41.55,41.55,41.267,41.268,38.0022,3585.0,0.0,1.0
2014-01-14,41.45,41.67,41.45,41.6664,38.3691,14075.0,0.0,1.0
2014-01-15,41.494,41.6984,41.47,41.6589,38.3621,13469.0,0.0,1.0
2014-01-16,41.46,41.6599,41.46,41.6599,38.3631,3927.0,0.0,1.0
2014-01-17,41.68,41.68,41.2,41.258,37.993,16772.0,0.0,1.0
2014-01-21,41.63,41.63,41.31,41.45,38.1698,10277.0,0.0,1.0
2014-01-22,41.335,41.4,41.32,41.357,38.0841,8844.0,0.0,1.0
2014-01-23,41.865,41.865,41.665,41.7508,38.4468,3716.0,0.0,1.0
2014-01-24,40.9543,41.0583,40.8204,40.8204,37.59,31042.0,0.0,1.0
2014-01-27,40.39,40.45,40.01,40.03,36.8622,44723.0,0.0,1.0
2014-01-28,40.88,40.97,40.8201,40.966,37.7241,8825.0,0.0,1.0
2014-01-29,40.68,40.85,40.68,40.69,37.4699,2449.0,0.0,1.0
2014-01-30,40.51,40.8499,40.51,40.81,37.5804,2808.0,0.0,1.0
2014-01-31,40.1901,40.68,40.1001,40.5099,37.3041,4334.0,0.0,1.0
2014-02-03,40.4555,40.4555,39.7601,39.78,36.6319,4593.0,0.0,1.0
2014-02-04,40.1,40.1599,39.8801,40.149,36.9717,16316.0,0.0,1.0
2014-02-05,40.33,40.3399,40.1101,40.3399,37.1475,10634.0,0.0,1.0
2014-02-06,40.968,40.968,40.9487,40.9487,37.7082,546.0,0.0,1.0
2014-02-07,41.0201,41.6099,41.02,41.6099,38.317,30832.0,0.0,1.0
2014-02-10,41.55,41.55,41.3601,41.496,38.2121,4066.0,0.0,1.0
2014-02-11,41.67,41.84,41.67,41.79600000000001,38.4884,8321.0,0.0,1.0
2014-02-12,41.78,41.835,41.7,41.7906,38.4834,2431.0,0.0,1.0
2014-02-13,42.0299,42.1981,41.97,42.0701,38.7408,6823.0,0.0,1.0
2014-02-14,42.24,42.353,42.09,42.3274,38.9777,2479.0,0.0,1.0
2014-02-18,42.47,42.565,42.47,42.5106,39.1464,2663.0,0.0,1.0
2014-02-19,42.5599,42.64,42.472,42.472,39.1109,4078.0,0.0,1.0
2014-02-20,42.15,42.23,42.0,42.21,38.8696,8832.0,0.0,1.0
2014-02-21,42.4,42.4935,42.14,42.4,39.0446,7582.0,0.0,1.0
2014-02-24,42.3899,42.5999,42.3479,42.4372,39.0789,3834.0,0.0,1.0
2014-02-25,42.56,42.7599,42.5466,42.5466,39.1796,1123.0,0.0,1.0
2014-02-26,42.67,42.675,42.471,42.506,39.1422,1153.0,0.0,1.0
2014-02-27,42.9199,42.9499,42.7662,42.9499,39.551,4411.0,0.0,1.0
2014-02-28,43.2901,43.5299,43.2901,43.5299,40.0851,2893.0,0.0,1.0
2014-03-03,42.4019,42.5899,42.237,42.237,38.8945,4904.0,0.0,1.0
2014-03-04,42.85,43.02,42.76,43.02,39.6155,3176.0,0.0,1.0
2014-03-05,43.21,43.21,43.21,43.21,39.7905,392.0,0.0,1.0
2014-03-06,43.7799,43.83,43.6,43.7699,40.3061,3353.0,0.0,1.0
2014-03-07,43.6668,43.679,43.33,43.679,40.2224,4203.0,0.0,1.0
2014-03-10,43.2301,43.54,43.2301,43.39,39.9563,7907.0,0.0,1.0
2014-03-11,43.58,43.58,43.3115,43.42,39.9839,1416.0,0.0,1.0
2014-03-12,43.23,43.3799,43.2079,43.3799,39.947,3747.0,0.0,1.0
2014-03-13,43.354,43.354,42.59,42.59,39.2196,3333.0,0.0,1.0
2014-03-14,42.59,42.59,42.428,42.428,39.0704,1954.0,0.0,1.0
2014-03-17,43.03,43.1496,43.03,43.1496,39.7349,15805.0,0.0,1.0
2014-03-18,43.2801,43.5388,43.2801,43.5388,40.0933,12745.0,0.0,1.0
2014-03-19,43.4199,43.4199,42.7301,42.79,39.4037,8997.0,0.0,1.0
2014-03-20,42.4099,42.72,42.4099,42.6399,39.2655,4582.0,0.0,1.0
2014-03-21,43.04,43.04,42.504,42.6599,39.2839,1117.0,0.0,1.0
2014-03-24,42.06,42.41,42.05,42.34,38.9893,7128.0,0.0,1.0
2014-03-25,42.62,42.72,42.5201,42.71,39.3332,6816.0,0.0034,1.0
2014-03-26,42.97,42.97,42.7738,42.82,39.4345,5978.0,0.0,1.0
2014-03-27,43.07,43.07,42.59,42.785,39.4023,4067.0,0.0,1.0
2014-03-28,42.98,43.0099,42.75,42.89,39.499,1914.0,0.0,1.0
2014-03-31,43.38,43.42,43.31,43.3568,39.9289,3755.0,0.0,1.0
2014-04-01,43.7016,43.71,43.5554,43.6994,40.2444,10392.0,0.0,1.0
2014-04-02,43.38,43.63,43.38,43.63,40.1805,1628.0,0.0,1.0
2014-04-03,43.45,43.5335,43.2601,43.5335,40.0916,3371.0,0.0,1.0
2014-04-04,43.54,43.708,43.4301,43.475,40.0377,2560.0,0.0,1.0
2014-04-07,43.5243,43.6099,43.31,43.555,40.1114,2465.0,0.0,1.0
2014-04-08,43.0201,43.39,43.0201,43.34,39.9134,2000.0,0.0,1.0
2014-04-09,43.7152,44.0316,43.7152,44.0316,40.5503,3842.0,0.0,1.0
2014-04-10,43.94,43.9499,43.598,43.63,40.1805,2077.0,0.0,1.0
2014-04-11,43.07,43.28,42.9852,42.9852,39.5866,3828.0,0.0,1.0
2014-04-14,42.4901,42.5596,42.4901,42.5596,39.1947,607.0,0.0,1.0
2014-04-15,42.36,42.46,42.02,42.2401,38.9005,3529.0,0.0,1.0
2014-04-16,42.85,42.9,42.68,42.9,39.5082,149617.0,0.0,1.0
2014-04-17,43.3577,43.46,43.254,43.42,39.9871,3587.0,0.0,1.0
2014-04-21,43.4,43.4199,43.3,43.4199,39.987,12832.0,0.0,1.0
2014-04-22,43.764,43.91,43.7398,43.77,40.3094,4031.0,0.0,1.0
2014-04-23,44.0299,44.0299,44.01,44.01,40.5304,879.0,0.0,1.0
2014-04-24,43.9399,43.97,43.815,43.9368,40.463,2110.0,0.0,1.0
2014-04-25,43.775,43.84,43.75,43.77,40.3094,4301.0,0.0,1.0
2014-04-28,43.77,43.88,43.54,43.88,40.4107,9119.0,0.0,1.0
2014-04-29,44.3,44.3,43.7973,44.12,40.6317,4683.0,0.0,1.0
2014-04-30,44.2565,44.455,44.21,44.455,40.9402,4155.0,0.0,1.0
2014-05-01,44.4838,44.49,44.1202,44.1202,40.6319,7434.0,0.0,1.0
2014-05-02,44.34,44.6082,44.3358,44.6082,41.0813,3205.0,0.0,1.0
2014-05-05,44.23,44.44,43.8736,44.44,40.9264,2521.0,0.0,1.0
2014-05-06,44.1201,44.39,44.1201,44.292,40.7901,2591.0,0.0,1.0
2014-05-07,44.099,44.26,44.099,44.195,40.7008,1241.0,0.0,1.0
2014-05-08,44.15,44.34,43.8,43.8,40.337,50370.0,0.0,1.0
2014-05-09,43.7665,44.0,43.7564,43.7918,40.3295,25802.0,0.0,1.0
2014-05-12,44.46,44.46,43.86,44.12,40.6317,30929.0,0.0,1.0
2014-05-13,43.92,43.9399,43.8025,43.8025,40.3393,5892.0,0.0,1.0
2014-05-14,43.7277,43.75,43.5425,43.675,40.2219,9035.0,0.0,1.0
2014-05-15,43.3,43.325,43.1997,43.2337,39.8155,3752.0,0.0,1.0
2014-05-16,42.9699,42.97,42.73,42.73,39.3516,2130.0,0.0,1.0
2014-05-19,43.15600000000001,43.15600000000001,42.9,43.0799,39.6739,2764.0,0.0,1.0
2014-05-20,43.228,43.26600000000001,42.82,43.07,39.6647,7285.0,0.0,1.0
2014-05-21,43.07,43.207,42.93,43.18,39.766,12107.0,0.0,1.0
2014-05-22,43.31,43.37,43.12600000000001,43.3498,39.9224,25661.0,0.0,1.0
2014-05-23,43.1778,43.36,43.1778,43.35,39.9226,1835.0,0.0,1.0
2014-05-27,43.49,43.57,43.49,43.57,40.1252,708.0,0.0,1.0
2014-05-28,43.77,43.81,43.54,43.76,40.3002,17391.0,0.0,1.0
2014-05-29,43.74,43.82,43.6166,43.82,40.3554,3279.0,0.0,1.0
2014-05-30,43.84,43.985,43.84,43.985,40.5074,2151.0,0.0,1.0
2014-06-02,43.98,43.98,43.6824,43.82,40.3554,1709.0,0.0,1.0
2014-06-03,43.7999,43.7999,43.4601,43.7199,40.2633,2924.0,0.0,1.0
2014-06-04,43.8799,43.8799,43.6601,43.82,40.3554,10805.0,0.0,1.0
2014-06-05,44.1485,44.3463,44.1,44.2873,40.7858,16798.0,0.0,1.0
2014-06-06,44.43,44.56,44.18,44.27,40.7699,23356.0,0.0,1.0
2014-06-09,44.29,44.49,44.21,44.44,40.9264,11006.0,0.0,1.0
2014-06-10,44.25,44.33,44.2136,44.2385,40.7409,14349.0,0.0,1.0
2014-06-11,44.65,44.65,43.7275,43.798,40.3352,6675.0,0.0,1.0
2014-06-12,44.0,44.0,43.7042,43.8107,40.3469,2660.0,0.0,1.0
2014-06-13,43.5432,43.75,43.5432,43.66,40.2081,1351.0,0.0,1.0
2014-06-16,43.64,43.92,43.6324,43.92,40.4475,1578.0,0.0,1.0
2014-06-17,43.5484,43.82,43.5201,43.7507,40.2916,2624.0,0.0,1.0
2014-06-18,43.91,44.0673,43.66,44.0673,40.5832,1380.0,0.0,1.0
2014-06-19,44.3899,44.3899,44.03,44.05,40.5673,3163.0,0.0,1.0
2014-06-20,44.0368,44.05,44.0368,44.05,40.5673,794.0,0.0,1.0
2014-06-23,43.9,43.95,43.9,43.95,40.4752,1100.0,0.0,1.0
2014-06-24,43.44,43.44,42.95,43.2099,40.4518,3437.0,0.7147,1.0
2014-06-25,43.06,43.09,42.905,43.09,40.3395,26890.0,0.0,1.0
2014-06-26,43.17,43.17,42.71,43.02,40.274,3193.0,0.0,1.0
2014-06-27,42.96,43.07899999999999,42.8446,43.07899999999999,40.3292,2137.0,0.0,1.0
2014-06-30,42.9871,43.0501,42.8045,43.0028,40.2579,1145.0,0.0,1.0
2014-07-01,43.32,43.62,43.2801,43.548,40.7683,7345.0,0.0,1.0
2014-07-02,43.44,43.52,43.28,43.52,40.7421,4417.0,0.0,1.0
2014-07-03,43.8,43.8,43.4886,43.6678,40.8804,2080.0,0.0,1.0
2014-07-07,43.2599,43.27,43.062,43.07,40.3208,7549.0,0.0,1.0
2014-07-08,43.07,43.07,42.7401,42.9202,40.1806,2296.0,0.0,1.0
2014-07-09,42.7101,43.04,42.71,42.9432,40.2021,22789.0,0.0,1.0
2014-07-10,42.47,42.56,42.29,42.53,39.8153,14465.0,0.0,1.0
2014-07-11,42.4972,42.64,42.28,42.42,39.7123,7412.0,0.0,1.0
2014-07-14,43.0,43.19,42.97,43.119,40.3667,2390.0,0.0,1.0
2014-07-15,43.02,43.02,42.738,42.89,40.1523,1443.0,0.0,1.0
2014-07-16,43.09,43.1,42.9374,43.07,40.3208,2210.0,0.0,1.0
2014-07-17,42.774,42.91,42.6114,42.7194,39.9926,4893.0,0.0,1.0
2014-07-18,42.6899,42.9,42.6012,42.9,40.1616,4240.0,0.0,1.0
2014-07-21,42.61,42.61,42.41,42.41,39.7029,2110.0,0.0,1.0
2014-07-22,42.5501,42.6576,42.5501,42.558,39.8415,1202.0,0.0,1.0
2014-07-23,43.01,43.01,42.61,42.77,40.0399,4737.0,0.0,1.0
2014-07-24,42.76,42.85,42.68,42.81,40.0774,3830.0,0.0,1.0
2014-07-25,42.62,42.63,42.32,42.502,39.7891,10468.0,0.0,1.0
2014-07-28,42.32,42.32,41.99,42.17,39.4782,14748.0,0.0,1.0
2014-07-29,42.4,42.4,42.14,42.17,39.4782,2525.0,0.0,1.0
2014-07-30,41.8,41.88,41.4125,41.7,39.0382,18684.0,0.0,1.0
2014-07-31,41.86,41.86,41.03,41.03,38.411,10928.0,0.0,1.0
2014-08-01,40.85,41.03,40.62,40.68,38.0834,31439.0,0.0,1.0
2014-08-04,40.7796,40.9081,40.593,40.9081,38.2969,2497.0,0.0,1.0
2014-08-05,40.6552,40.74,40.37,40.49,37.9055,26260.0,0.0,1.0
2014-08-06,40.1999,40.375,40.1675,40.375,37.7978,7702.0,0.0,1.0
2014-08-07,40.18,40.18,39.92,40.06,37.5029,2350.0,0.0,1.0
2014-08-08,40.01,40.0799,40.01,40.07,37.5123,1196.0,0.0,1.0
2014-08-11,40.45,40.65,40.43,40.5464,37.9583,1845.0,0.0,1.0
2014-08-12,40.66,40.66,40.4455,40.6172,38.0246,1428.0,0.0,1.0
2014-08-13,40.8692,40.97,40.834,40.834,38.2275,4503.0,0.0,1.0
2014-08-14,41.17,41.3,41.14,41.28,38.6451,22293.0,0.0,1.0
2014-08-15,41.2701,41.279,41.14,41.279,38.6441,7352.0,0.0,1.0
2014-08-18,40.72,41.47,40.72,41.47,38.8229,6503.0,0.0,1.0
2014-08-19,41.74,41.7892,41.7058,41.7892,39.1218,2497.0,0.0,1.0
2014-08-20,41.4812,41.6361,41.4812,41.63,38.9727,1035.0,0.0,1.0
2014-08-21,41.69,41.75,41.5513,41.62,38.9634,26124.0,0.0,1.0
2014-08-22,41.464,41.64,41.44300000000001,41.5627,38.9097,10891.0,0.0,1.0
2014-08-25,41.76,41.87,41.76,41.84,39.1693,3825.0,0.0,1.0
2014-08-26,42.0046,42.0046,41.9,41.93,39.2536,11316.0,0.0,1.0
2014-08-27,42.06,42.08,41.92,41.987,39.3069,24099.0,0.0,1.0
2014-08-28,41.72,41.89,41.72,41.8832,39.2098,6771.0,0.0,1.0
2014-08-29,41.81,41.8487,41.7356,41.8487,39.1775,5222.0,0.0,1.0
2014-09-02,41.66,42.011,41.6458,41.98,39.3004,3029866.0,0.0,1.0
2014-09-03,42.4,42.4,42.01,42.0496,39.3655,15816.0,0.0,1.0
2014-09-04,41.84,41.84,41.44,41.46,38.8136,46427.0,0.0,1.0
2014-09-05,41.4108,41.51,41.4108,41.49,38.8417,12236.0,0.0,1.0
2014-09-08,41.2004,41.24,40.9753,41.06,38.4391,32004.0,0.0,1.0
2014-09-09,40.92,40.99,40.88,40.96,38.3455,34429.0,0.0,1.0
2014-09-10,40.87,40.87,40.65,40.86,38.2519,16881.0,0.0,1.0
2014-09-11,40.77,40.8,40.67,40.77,38.1676,33195.0,0.0,1.0
2014-09-12,40.93,40.93,40.5712,40.67,38.074,14256.0,0.0,1.0
2014-09-15,40.64,40.7218,40.533,40.72,38.1208,122613.0,0.0,1.0
2014-09-16,40.5099,40.772,40.38,40.73,38.1302,18846.0,0.0,1.0
2014-09-17,40.4671,40.5548,40.39,40.41,37.8306,15049.0,0.0,1.0
2014-09-18,40.47,40.75,40.47,40.65,38.0553,10176.0,0.0,1.0
2014-09-19,40.6337,40.6337,40.37,40.47,37.8868,12495.0,0.0,1.0
2014-09-22,40.4532,40.58,40.2801,40.4935,37.9088,32707.0,0.0,1.0
2014-09-23,40.28,40.28,40.03,40.16,37.5965,17232.0,0.0,1.0
2014-09-24,39.9584,40.07,39.81,40.01,37.4561,51777.0,0.0,1.0
2014-09-25,39.6,39.68,39.3876,39.48,36.96,23967.0,0.0,1.0
2014-09-26,39.4,39.6299,39.3501,39.43,36.9131,17138.0,0.0,1.0
2014-09-29,39.06,39.175,38.9901,39.06,36.5668,220942.0,0.0,1.0
2014-09-30,38.937,39.1899,38.937,39.02,36.5293,20810.0,0.0,1.0
2014-10-01,38.78,38.84,38.54,38.6,36.1361,95085.0,0.0,1.0
2014-10-02,38.45,38.45,38.12,38.3,35.8553,35555.0,0.0,1.0
2014-10-03,38.09,38.1926,38.01,38.18,35.7429,68604.0,0.0,1.0
2014-10-06,38.063,38.28,38.05,38.21,35.771,107356.0,0.0,1.0
2014-10-07,37.94,37.94,37.47,37.61,35.2093,25079.0,0.0,1.0
2014-10-08,37.49,38.09,37.4501,38.06,35.6306,17722.0,0.0,1.0
2014-10-09,37.94,37.94,37.06,37.1,34.7319,31383.0,0.0,1.0
2014-10-10,36.74,36.74,36.4401,36.4401,34.1141,11293.0,0.0,1.0
2014-10-13,36.83,36.86,36.36,36.45,34.1234,195445.0,0.0,1.0
2014-10-14,36.48,36.73,36.32,36.32,34.0017,142463.0,0.0,1.0
2014-10-15,36.24,36.4454,35.6,36.17,33.8612,134240.0,0.0,1.0
2014-10-16,35.5431,36.04,35.5431,35.85,33.5617,36776.0,0.0,1.0
2014-10-17,36.75,36.82,36.552,36.62,34.2825,15373.0,0.0,1.0
2014-10-20,36.78,37.0,36.6784,36.88,34.5259,523011.0,0.0,1.0
2014-10-21,37.3901,37.66,37.3901,37.66,35.2561,102043.0,0.0,1.0
2014-10-22,37.43,37.7,37.3,37.3,34.9191,33065.0,0.0,1.0
2014-10-23,37.65,37.85,37.54,37.68,35.2748,15435.0,0.0,1.0
2014-10-24,37.88,37.88,37.62,37.785,35.3731,34359.0,0.0,1.0
2014-10-27,37.67,37.825,37.52,37.71,35.3029,9601.0,0.0,1.0
2014-10-28,38.15,38.32,38.15,38.32,35.874,13206.0,0.0,1.0
2014-10-29,38.5037,38.56,37.957,38.01,35.5838,21726.0,0.0,1.0
2014-10-30,38.54,38.8178,38.53,38.711,36.24,9414.0,0.0,1.0
2014-10-31,38.26,38.56,38.25,38.4956,36.0384,14334.0,0.0,1.0
2014-11-03,38.15,38.1933,37.82,37.9166,35.4963,2449960.0,0.0,1.0
2014-11-04,37.98,38.149,37.98,38.05,35.6212,9387.0,0.0,1.0
2014-11-05,38.35,38.4382,38.32,38.4382,35.9847,5054.0,0.0,1.0
2014-11-06,38.28,38.3,38.17,38.2167,35.7773,2607.0,0.0,1.0
2014-11-07,38.1302,38.3,38.12,38.25,35.8085,8095.0,0.0,1.0
2014-11-10,38.569,38.569,38.42,38.42,35.9676,27775.0,0.0,1.0
2014-11-11,38.54,38.8178,38.53,38.711,36.24,9414.0,0.0,1.0
2014-11-12,38.67,38.7,38.56,38.6,36.1361,28719.0,0.0,1.0
2014-11-13,38.74,38.7888,38.67,38.7888,36.3129,3479.0,0.0,1.0
2014-11-14,38.54,38.74,38.54,38.74,36.2672,816.0,0.0,1.0
2014-11-17,38.48,38.57,38.48,38.54,36.08,2105.0,0.0,1.0
2014-11-18,38.99800000000001,39.1392,38.99800000000001,39.11,36.6136,4753.0,0.0,1.0
2014-11-19,39.1501,39.556,39.056,39.27,36.7634,49460.0,0.0,1.0
2014-11-20,39.0536,39.23,39.0148,39.18,36.6791,22584.0,0.0,1.0
2014-11-21,39.28,39.34,39.0232,39.1,36.6042,28898.0,0.0,1.0
2014-11-24,39.2138,39.37,39.2138,39.37,36.857,5257.0,0.0,1.0
2014-11-25,39.3603,39.58,39.3603,39.5087,36.9868,15935.0,0.0,1.0
2014-11-26,39.4399,39.55,39.4101,39.55,37.0255,8977.0,0.0,1.0
2014-11-28,39.45,39.5,39.34,39.36,36.8476,5266.0,0.0,1.0
2014-12-01,39.58,39.58,39.33,39.3804,36.8667,7559.0,0.0,1.0
2014-12-02,39.1245,39.15,39.081,39.14,36.6417,8123.0,0.0,1.0
2014-12-03,39.08,39.1347,39.02,39.13,36.6323,2492.0,0.0,1.0
2014-12-04,39.2307,39.48,39.2307,39.35,36.8382,21927.0,0.0,1.0
2014-12-05,39.34,39.56,39.31,39.56,37.0348,34855.0,0.0,1.0
2014-12-08,39.13,39.13,38.98,39.02,36.5293,3440.0,0.0,1.0
2014-12-09,38.8824,38.9028,38.78,38.8963,36.4135,6722.0,0.0,1.0
2014-12-10,38.9099,38.9099,38.5528,38.5881,36.125,3652.0,0.0,1.0
2014-12-11,38.62,38.74,38.4645,38.47,36.0144,3785.0,0.0,1.0
2014-12-12,38.66,38.66,38.26,38.28,35.8365,87020.0,0.0,1.0
2014-12-15,38.36,38.361,37.77,37.77,35.3591,9399.0,0.0,1.0
2014-12-16,37.79,38.55,37.71,38.19,35.7523,40445.0,0.0,1.0
2014-12-17,38.06,38.3576,37.938,38.15,35.7148,53478.0,0.0,1.0
2014-12-18,38.59,38.6099,38.2801,38.54,36.08,15773.0,0.0,1.0
2014-12-19,38.68,38.68,38.4522,38.56,36.0987,21003.0,0.0,1.0
2014-12-22,39.04,39.04,38.76,38.83,36.3514,10598.0,0.0,1.0
2014-12-23,38.93,38.93,38.67,38.79,36.314,23847.0,0.0,1.0
2014-12-24,38.9599,39.02,38.8101,38.91,36.4263,13062.0,0.0,1.0
2014-12-26,38.84,39.02,38.84,38.9066,36.4232,2572.0,0.0,1.0
2014-12-29,38.67,38.7199,38.45,38.54,36.08,28038.0,0.0,1.0
2014-12-30,38.5,38.5899,38.35,38.36,35.9114,7576.0,0.0,1.0
2014-12-31,38.3601,38.3799,38.045,38.045,35.6165,19621.0,0.0,1.0
2015-01-02,38.13,38.13,37.7609,37.83,35.4153,17376.0,0.0,1.0
2015-01-05,37.5111,37.5111,37.262,37.38,34.994,3311.0,0.0,1.0
2015-01-06,37.4101,37.4388,36.991,37.0,34.6383,21042.0,0.0,1.0
2015-01-07,37.13,37.19,36.95,37.17,34.7974,4869.0,0.0,1.0
2015-01-08,37.54,37.54,37.35,37.48,35.0876,4555.0,0.0,1.0
2015-01-09,37.73,37.78,37.6969,37.76,35.3497,3800.0,0.0,1.0
2015-01-12,37.82,37.82,37.63,37.66,35.2561,10225.0,0.0,1.0
2015-01-13,37.85,38.01,37.587,37.62,35.2187,6508.0,0.0,1.0
2015-01-14,37.86,37.86,37.612,37.78,35.3685,37744.0,0.0,1.0
2015-01-15,39.09,39.271,38.2131,39.16,36.6604,10520.0,0.0,1.0
2015-01-16,38.69,38.96,38.42,38.72,36.2485,24247.0,0.0,1.0
2015-01-20,38.77,38.84,38.45,38.49,36.0331,8640.0,0.0,1.0
2015-01-21,38.6601,38.688,38.4665,38.5999,36.136,4787.0,0.0,1.0
2015-01-22,37.99,38.45,37.99,38.34,35.8927,44428.0,0.0,1.0
2015-01-23,38.4601,38.66,38.311,38.37,35.9208,3069.0,0.0,1.0
2015-01-26,38.1884,38.2699,38.1,38.19,35.7523,17985.0,0.0,1.0
2015-01-27,38.1993,38.2999,38.05,38.23,35.7897,3099.0,0.0,1.0
2015-01-28,37.849,38.04,37.43,37.43,35.0408,33325.0,0.0,1.0
2015-01-29,37.735,37.88,37.73,37.88,35.4621,6545.0,0.0,1.0
2015-01-30,37.73,37.8783,37.6,37.6,35.2,33421.0,0.0,1.0
2015-02-02,38.03,38.1574,37.94,38.11,35.6774,15536.0,0.0,1.0
2015-02-03,38.3443,38.659,38.3443,38.63,36.1642,11450.0,0.0,1.0
2015-02-04,38.77,38.85,38.65,38.68,36.211,17859.0,0.0,1.0
2015-02-05,38.86,39.01,38.79,38.9888,36.5001,8162.0,0.0,1.0
2015-02-06,39.01,39.115,38.8638,38.98,36.4919,67704.0,0.0,1.0
2015-02-09,38.9513,39.09,38.9358,39.06,36.5668,2048.0,0.0,1.0
2015-02-10,39.23,39.41,39.15,39.39,36.8757,13470.0,0.0,1.0
2015-02-11,39.12,39.29,38.87,39.03,36.5387,141324.0,0.0,1.0
2015-02-12,39.33,39.78,39.33,39.7208,37.1854,14156.0,0.0,1.0
2015-02-13,39.9464,39.9464,39.6478,39.72,37.1846,5876.0,0.0,1.0
2015-02-17,39.9,39.9976,39.47,39.92,37.3719,3149.0,0.0,1.0
2015-02-18,39.97,40.04,39.59,40.03,37.4748,211770.0,0.0,1.0
2015-02-19,40.03,40.06,39.72,39.78,37.2408,23736.0,0.0,1.0
2015-02-20,40.09,40.46,40.0701,40.41,37.8306,15054.0,0.0,1.0
2015-02-23,40.39,40.39,40.04,40.07,37.5123,35880.0,0.0,1.0
2015-02-24,40.24,40.41,40.1676,40.26,37.6902,25268.0,0.0,1.0
2015-02-25,40.36,40.4699,40.22,40.32,37.7463,16744.0,0.0,1.0
2015-02-26,40.3,40.3,40.2,40.2,37.634,7391.0,0.0,1.0
2015-02-27,40.52,40.55,40.3435,40.43,37.8493,5261.0,0.0,1.0
2015-03-02,40.25,40.41,40.1701,40.38,37.8025,6773.0,0.0,1.0
2015-03-03,40.23,40.23,39.83,39.85,37.3063,67652.0,0.0,1.0
2015-03-04,39.86,39.86,39.51,39.84,37.297,19754.0,0.0,1.0
2015-03-05,39.9,39.98,39.66,39.79,37.2502,12235.0,0.0,1.0
2015-03-06,39.5662,39.57,39.2411,39.2411,36.7363,2143.0,0.0,1.0
2015-03-09,39.42,39.42,39.21,39.4,36.8851,5368.0,0.0,1.0
2015-03-10,38.959,38.959,38.59,38.63,36.1642,9099.0,0.0,1.0
2015-03-11,38.66,38.66,38.58,38.64,36.1736,1805.0,0.0,1.0
2015-03-12,38.9109,39.03,38.77,39.03,36.5387,45496.0,0.0,1.0
2015-03-13,38.89,39.21,38.89,39.21,36.7072,3653.0,0.0,1.0
2015-03-16,39.34,39.36,39.2984,39.31,36.8008,9823.0,0.0,1.0
2015-03-17,39.14,39.43,39.14,39.43,36.9131,9717.0,0.0,1.0
2015-03-18,39.71,40.55,39.58,40.48,37.8961,8045.0,0.0,1.0
2015-03-19,40.0548,40.175,39.963,40.03,37.4748,23904.0,0.0,1.0
2015-03-20,40.79,41.229,40.79,41.0001,38.383,7291.0,0.0,1.0
2015-03-23,41.597,41.6,41.1401,41.6,38.9446,4404.0,0.0,1.0
2015-03-24,41.82,41.82,41.71,41.71,39.0476,12654.0,0.0,1.0
2015-03-25,41.7,41.7,41.27,41.4,38.7574,14208.0,0.0,1.0
2015-03-26,40.9,41.0,40.6601,40.76,38.1582,8597.0,0.0,1.0
2015-03-27,40.91,40.9484,40.82,40.87,38.2612,9336.0,0.0,1.0
2015-03-30,40.96,40.96,40.8,40.84,38.2331,6070.0,0.0,1.0
2015-03-31,40.43,40.45,40.22,40.3399,37.765,30016.0,0.0,1.0
2015-04-01,40.4325,40.74,40.4325,40.69,38.0927,20541.0,0.0,1.0
2015-04-02,41.06,41.2299,41.06,41.12,38.4953,42300.0,0.0,1.0
2015-04-06,41.5,41.72,41.41,41.5299,38.879,3621.0,0.0,1.0
2015-04-07,41.61,41.64,41.14,41.14,38.514,52245.0,0.0,1.0
2015-04-08,41.7983,41.7983,41.41,41.46,38.8136,25006.0,0.0,1.0
2015-04-09,41.58,41.6,41.33,41.45,38.8042,168644.0,0.0,1.0
2015-04-10,41.5287,41.589,41.41,41.584,38.9297,18217.0,0.0,1.0
2015-04-13,41.44,41.51,41.25,41.415,38.7714,47635.0,0.0,1.0
2015-04-14,41.63,41.76,41.63,41.7288,39.0652,8425.0,0.0,1.0
2015-04-15,42.0098,42.04,41.67,41.9852,39.3052,23682.0,0.0,1.0
2015-04-16,41.96,42.26,41.8796,42.18,39.4876,154061.0,0.0,1.0
2015-04-17,41.645,41.76,41.54,41.74,39.0757,103809.0,0.0,1.0
2015-04-20,41.87,41.91,41.63,41.67,39.0102,63253.0,0.0,1.0
2015-04-21,41.927,42.14,41.87,42.09,39.4034,68282.0,0.0,1.0
2015-04-22,41.61,41.61,41.359,41.48,38.8323,54029.0,0.0,1.0
2015-04-23,41.4812,42.1,41.4812,42.05,39.3659,49901.0,0.0,1.0
2015-04-24,41.85,42.0,41.7799,41.89,39.2161,10433.0,0.0,1.0
2015-04-27,42.03,42.09,41.74,41.74,39.0757,21268.0,0.0,1.0
2015-04-28,41.48,41.77,41.48,41.6236,38.9667,15751.0,0.0,1.0
2015-04-29,41.93,42.28,41.87,41.97,39.291,84858.0,0.0,1.0
2015-04-30,41.92,42.14,41.92,42.04,39.3565,10457.0,0.0,1.0
2015-05-01,42.4053,42.57,42.305,42.57,39.8527,40790.0,0.0,1.0
2015-05-04,42.5886,42.5886,42.38,42.49,39.7778,18140.0,0.0,1.0
2015-05-05,42.78,42.78,42.23,42.23,39.5344,18178.0,0.0,1.0
2015-05-06,42.4599,42.56,42.24,42.31,39.6093,21276.0,0.0,1.0
2015-05-07,42.06,42.105,41.8945,42.02,39.3378,26011.0,0.0,1.0
2015-05-08,42.52,42.69,42.3895,42.41,39.7029,9451.0,0.0,1.0
2015-05-11,42.45,42.565,42.35,42.39,39.6842,176391.0,0.0,1.0
2015-05-12,42.42,42.5709,42.356,42.44,39.731,24424.0,0.0,1.0
2015-05-13,42.69,42.9435,42.69,42.89,40.1523,61463.0,0.0,1.0
2015-05-14,43.41,43.6941,43.2701,43.63,40.8451,213845.0,0.0,1.0
2015-05-15,43.04,43.45,42.8601,43.41,40.6391,50119.0,0.0,1.0
2015-05-18,43.37,43.37,42.96,43.01,40.2646,47437.0,0.0,1.0
2015-05-19,43.01,43.08,42.82,42.88,40.1429,38446.0,0.0,1.0
2015-05-20,42.87,43.056,42.72,42.94,40.1991,14792.0,0.0,1.0
2015-05-21,43.17,43.21,43.026,43.07,40.3208,14793.0,0.0,1.0
2015-05-22,42.8,42.81,42.64,42.7,39.9744,27539.0,0.0,1.0
2015-05-26,42.33,42.33,41.8,41.84,39.1693,16320.0,0.0,1.0
2015-05-27,42.1882,42.31,42.1591,42.27,39.5719,17629.0,0.0,1.0
2015-05-28,42.31,42.4097,42.11,42.3897,39.6839,60586.0,0.0,1.0
2015-05-29,42.55,42.55,41.82,41.82,39.1506,117610.0,0.0,1.0
2015-06-01,41.89,42.39,41.76,41.96,39.2817,129343.0,0.0,1.0
2015-06-02,42.27,42.35,42.11,42.15,39.4595,41231.0,0.0,1.0
2015-06-03,42.3869,42.5692,42.3869,42.41,39.7029,38635.0,0.0,1.0
2015-06-04,42.43,42.58,42.03,42.1314,39.4421,82422.0,0.0,1.0
2015-06-05,41.39,41.64,41.21,41.64,38.9821,105023.0,0.0,1.0
2015-06-08,41.6201,41.7759,41.573,41.7664,39.1004,46180.0,0.0,1.0
2015-06-09,41.7985,41.86,41.61,41.68,39.0195,41085.0,0.0,1.0
2015-06-10,42.18,42.37,42.1017,42.31,39.6093,44994.0,0.0,1.0
2015-06-11,42.238,42.24,41.9989,42.19,39.497,47530.0,0.0,1.0
2015-06-12,42.02,42.13,41.838,41.92,39.2442,45933.0,0.0,1.0
2015-06-15,41.18,41.48,41.06,41.43,38.7855,54050.0,0.0,1.0
2015-06-16,41.4,41.55,41.3452,41.48,38.8323,99886.0,0.0,1.0
2015-06-17,41.57,41.5786,41.08,41.43,38.7855,88273.0,0.0,1.0
2015-06-18,41.4901,41.78,41.42,41.62,38.9634,52990.0,0.0,1.0
2015-06-19,41.6901,41.8599,41.52,41.82,39.1506,50265.0,0.0,1.0
2015-06-22,42.34,42.3899,42.08,42.15,39.4595,33291.0,0.0,1.0
2015-06-23,41.8,42.16,41.8,42.08,39.394,37949.0,0.0,1.0
2015-06-24,41.46,41.6178,41.18,41.29,39.0177,52703.0,0.388,1.0
2015-06-25,41.24,41.35,41.0,41.0,38.7436,35996.0,0.0,1.0
2015-06-26,41.5054,41.5054,41.07,41.29,39.0177,21925.0,0.0,1.0
2015-06-29,41.0,41.0685,40.56,40.59,38.3562,1157892.0,0.0,1.0
2015-06-30,40.93,40.96,39.98,40.15,37.9404,106090.0,0.0,1.0
2015-07-01,40.56,40.61,39.94,40.13,37.9215,59359.0,0.0,1.0
2015-07-02,40.6884,40.6884,40.25,40.38,38.1577,39839.0,0.0,1.0
2015-07-06,39.71,40.06,39.71,39.87,37.6758,51665.0,0.0,1.0
2015-07-07,39.6204,39.812,39.02,39.79,37.6002,64892.0,0.0,1.0
2015-07-08,39.309,39.3999,39.19,39.26,37.0994,13829.0,0.0,1.0
2015-07-09,39.88,40.07,39.63,39.77,37.5813,170100.0,0.0,1.0
2015-07-10,40.56,41.14,40.56,41.05,38.7909,277237.0,0.0,1.0
2015-07-13,40.98,41.041,40.93,40.99,38.7342,38515.0,0.0,1.0
2015-07-14,41.18,41.66,41.17,41.66,39.3673,64040.0,0.0,1.0
2015-07-15,41.32,41.32,40.84,40.84,38.5924,69007.0,0.0,1.0
2015-07-16,41.43,41.63,41.3121,41.55,39.2633,34522.0,0.0,1.0
2015-07-17,41.36,41.4291,41.35,41.41,39.131,6519.0,0.0,1.0
2015-07-20,41.38,41.44,41.36,41.428,39.1481,13607.0,0.0,1.0
2015-07-21,41.23,41.4899,41.23,41.36,39.0838,22051.0,0.0,1.0
2015-07-22,40.99,41.1173,40.99,41.01,38.7531,6539.0,0.0,1.0
2015-07-23,41.24,41.43,41.23,41.26,38.9893,17563.0,0.0,1.0
2015-07-24,41.1666,41.1666,40.69,40.72,38.479,40584.0,0.0,1.0
2015-07-27,40.6,40.66,40.12,40.21,37.9971,103134.0,0.0,1.0
2015-07-28,40.52,40.88,40.44,40.88,38.6302,73908.0,0.0,1.0
2015-07-29,40.89,41.18,40.89,40.98,38.7247,31680.0,0.0,1.0
2015-07-30,40.7,40.91,40.65,40.91,38.6586,34565.0,0.0,1.0
2015-07-31,41.32,41.5369,41.0712,41.0712,38.8109,23078.0,0.0,1.0
2015-08-03,41.32,41.42,41.1,41.2201,38.9516,32546.0,0.0,1.0
2015-08-04,41.23,41.27,40.9905,41.0008,38.7444,16388.0,0.0,1.0
2015-08-05,41.2,41.32,41.14,41.26,38.9893,29933.0,0.0,1.0
2015-08-06,41.1,41.1286,40.79,40.97,38.7153,39939.0,0.0,1.0
2015-08-07,40.64,40.768,40.53,40.63,38.394,10006.0,0.0,1.0
2015-08-10,40.51,40.98,40.51,40.88,38.6302,10052.0,0.0,1.0
2015-08-11,40.59,40.92,40.42,40.48,38.2522,19627.0,0.0,1.0
2015-08-12,40.3074,40.54,40.15,40.46,38.2333,64164.0,0.0,1.0
2015-08-13,40.55,40.61,40.4301,40.4808,38.253,11735.0,0.0,1.0
2015-08-14,40.54,40.75,40.54,40.62,38.3845,11185.0,0.0,1.0
2015-08-17,40.6596,40.81,40.53,40.69,38.4507,6175.0,0.0,1.0
2015-08-18,40.46,40.58,40.4,40.523,38.2929,22180.0,0.0,1.0
2015-08-19,40.36,40.48,40.1401,40.44,38.2144,25630.0,0.0,1.0
2015-08-20,39.93,40.0999,39.59,39.6,37.4207,43038.0,0.0,1.0
2015-08-21,39.5,39.7999,38.78,38.83,36.69300000000001,138741.0,0.0,1.0
2015-08-24,37.85,39.06,37.578,38.14,36.041,79306.0,0.0,1.0
2015-08-25,39.53,40.27,38.57,38.57,36.4473,63799.0,0.0,1.0
2015-08-26,39.38,39.38,38.7454,39.2836,37.1217,90232.0,0.0,1.0
2015-08-27,39.51,39.51,38.9292,39.18,37.0238,9976.0,0.0,1.0
2015-08-28,38.96,39.2424,38.95,39.2,37.0427,4940.0,0.0,1.0
2015-08-31,39.0344,39.25,39.0,39.1,36.9482,21628.0,0.0,1.0
2015-09-01,38.24,38.66,38.24,38.33,36.2206,29621.0,0.0,1.0
2015-09-02,38.71,38.71,38.1701,38.46,36.3434,93468.0,0.0,1.0
2015-09-03,38.83,38.83,38.59,38.62,36.4946,8015.0,0.0,1.0
2015-09-04,38.0,38.25,37.98,38.25,36.145,5031.0,0.0,1.0
2015-09-08,38.63,38.66,38.37,38.66,36.5324,21898.0,0.0,1.0
2015-09-09,39.01,39.01,38.5,38.5199,36.4,14253.0,0.0,1.0
2015-09-10,38.675,39.0,38.63,38.8999,36.7591,13974.0,0.0,1.0
2015-09-11,38.5812,38.9999,38.5812,38.9999,36.8536,7662.0,0.0,1.0
2015-09-14,38.61,38.81,38.6,38.81,36.6741,13423.0,0.0,1.0
2015-09-15,38.69,38.92,38.69,38.86,36.7214,5448.0,0.0,1.0
2015-09-16,39.11,39.11,39.11,39.11,36.9576,695.0,0.0,1.0
2015-09-17,39.24,39.67,39.19,39.51,37.3356,2281.0,0.0,1.0
2015-09-18,39.06,39.266,38.84,38.84,36.7025,8872.0,0.0,1.0
2015-09-21,38.8401,38.885,38.6772,38.69,36.5607,19685.0,0.0,1.0
2015-09-22,38.02,38.02,37.67,37.89,35.8048,54417.0,0.0,1.0
2015-09-23,37.89,37.89,37.36,37.43,35.3701,117592.0,0.0,1.0
2015-09-24,37.19,37.32,37.0101,37.32,35.2661,28171.0,0.0,1.0
2015-09-25,37.55,37.6,37.07,37.12,35.0771,157656.0,0.0,1.0
2015-09-28,37.08,37.1165,36.7,36.82,34.7937,17377.0,0.0,1.0
2015-09-29,36.78,36.83,36.64,36.71,34.6897,42966.0,0.0,1.0
2015-09-30,37.17,37.34,37.08,37.3,35.2472,33097.0,0.0,1.0
2015-10-01,37.4301,37.4301,37.31,37.43,35.3701,20334.0,0.0,1.0
2015-10-02,37.5224,37.89,37.5224,37.81,35.7292,20928.0,0.0,1.0
2015-10-05,38.35,38.5,38.31,38.4,36.2867,58294.0,0.0,1.0
2015-10-06,39.0608,39.0608,38.97,38.99,36.8442,4610.0,0.0,1.0
2015-10-07,39.13,39.13,38.6994,38.9,36.7592,4395.0,0.0,1.0
2015-10-08,38.76,39.36,38.76,39.34,37.175,1248.0,0.0,1.0
2015-10-09,39.61,39.62,39.4595,39.4976,37.3239,14065.0,0.0,1.0
2015-10-12,39.53,39.65,39.4901,39.6199,37.4395,3419.0,0.0,1.0
2015-10-13,39.15,39.4,39.12,39.19,37.0332,19257.0,0.0,1.0
2015-10-14,39.31,39.37,39.2201,39.33,37.1655,20052.0,0.0,1.0
2015-10-15,39.28,39.72,39.28,39.7,37.5152,11159.0,0.0,1.0
2015-10-16,39.8484,39.9584,39.7701,39.95,37.7514,11579.0,0.0,1.0
2015-10-19,39.61,39.61,39.5,39.5,37.3262,875.0,0.0,1.0
2015-10-20,39.7,39.78,39.59,39.59,37.4112,7151.0,0.0,1.0
2015-10-21,39.76,39.79,39.51,39.51,37.3356,1599.0,0.0,1.0
2015-10-22,39.74,40.01,39.74,39.79,37.6002,13855.0,0.0,1.0
2015-10-23,40.12,40.34,40.12,40.34,38.1199,23957.0,0.0,1.0
2015-10-26,40.15,40.173,39.9,39.91,37.7136,55341.0,0.0,1.0
2015-10-27,39.88,39.88,39.51,39.65,37.4679,3551.0,0.0,1.0
2015-10-28,39.886,40.18,39.6625,39.8,37.6097,4123.0,0.0,1.0
2015-10-29,39.53,39.85,39.53,39.85,37.6569,12219.0,0.0,1.0
2015-10-30,39.81,40.0,39.72,39.72,37.5341,5201.0,0.0,1.0
2015-11-02,40.27,40.38,40.24,40.36,38.1388,9327.0,0.0,1.0
2015-11-03,40.13,40.29,40.11,40.29,38.0727,23918.0,0.0,1.0
2015-11-04,40.13,40.13,39.87,39.87,37.6758,6274.0,0.0,1.0
2015-11-05,39.8108,39.8699,39.62,39.86,37.6663,34781.0,0.0,1.0
2015-11-06,39.46,39.68,39.4244,39.65,37.4679,13863.0,0.0,1.0
2015-11-09,39.38,39.38,39.14,39.29,37.1277,33003.0,0.0,1.0
2015-11-10,39.02,39.06,38.82,39.05,36.9009,20031.0,0.0,1.0
2015-11-11,39.45,39.51,39.2723,39.28,37.1183,14686.0,0.0,1.0
2015-11-12,39.0479,39.08,38.87,38.87,36.7308,4402.0,0.0,1.0
2015-11-13,38.66,38.78,38.5101,38.64,36.5135,31054.0,0.0,1.0
2015-11-16,38.5817,39.03,38.5817,39.03,36.882,11048.0,0.0,1.0
2015-11-17,39.21,39.21,38.94,38.95,36.8064,16842.0,0.0,1.0
2015-11-18,39.1351,39.2294,39.02,39.14,36.986,173457.0,0.0,1.0
2015-11-19,39.3,39.41,39.2717,39.352,37.1863,114249.0,0.0,1.0
2015-11-20,39.4972,39.4972,39.14,39.14,36.986,11487.0,0.0,1.0
2015-11-23,39.1,39.1,38.875,38.93,36.7875,4585.0,0.0,1.0
2015-11-24,38.74,38.89,38.5201,38.75,36.6174,37828.0,0.0,1.0
2015-11-25,38.98,39.121,38.85,38.91,36.7686,10039.0,0.0,1.0
2015-11-27,38.92,38.92,38.77,38.77,36.6363,1151.0,0.0,1.0
2015-11-30,39.1934,39.24,38.95,39.07,36.9198,14825.0,0.0,1.0
2015-12-01,39.2132,39.33,39.11,39.28,37.1183,7531.0,0.0,1.0
2015-12-02,39.33,39.3952,39.19,39.2665,37.1055,4127.0,0.0,1.0
2015-12-03,39.7601,39.86,39.65,39.86,37.6663,21773.0,0.0,1.0
2015-12-04,39.63,40.2999,39.63,40.18,37.9687,28362.0,0.0,1.0
2015-12-07,39.98,40.15,39.98,40.11,37.9026,9398.0,0.0,1.0
2015-12-08,39.62,39.82,39.6,39.81,37.6191,12040.0,0.0,1.0
2015-12-09,39.64,39.71,39.3,39.53,37.3545,54638.0,0.0,1.0
2015-12-10,39.6,39.61,39.4101,39.4101,37.2412,11761.0,0.0,1.0
2015-12-11,39.12,39.12,38.945,38.99,36.8442,4056.0,0.0,1.0
2015-12-14,38.9778,38.98,38.79,38.98,36.8348,52426.0,0.0,1.0
2015-12-15,39.3552,39.3552,39.15,39.19,37.0332,31399.0,0.0,1.0
2015-12-16,39.69,40.03,39.46,39.93,37.7325,35070.0,0.0,1.0
2015-12-17,39.64,39.69300000000001,39.53,39.69300000000001,37.5085,1826.0,0.0,1.0
2015-12-18,39.5899,39.5899,39.01,39.04,36.8915,52877.0,0.0,1.0
2015-12-21,39.3,39.3,39.14,39.27,37.1088,13674.0,0.0,1.0
2015-12-22,39.51,39.6994,39.4301,39.59,37.4112,24486.0,0.0,1.0
2015-12-23,39.94,40.11,39.74,40.11,37.9444,19980.0,0.0442,1.0
2015-12-24,40.2999,40.33,40.2,40.28,38.1052,8544.0,0.0,1.0
2015-12-28,40.127,40.3199,40.0963,40.234,38.0617,29488.0,0.0,1.0
2015-12-29,40.4,40.68,40.4,40.58,38.389,46785.0,0.0,1.0
2015-12-30,40.6885,40.745,40.53,40.58,38.389,6376.0,0.0,1.0
2015-12-31,40.33,40.33,39.8744,40.11,37.9444,6191.0,0.0,1.0
2016-01-04,39.52,39.52,39.0611,39.416,37.2878,18745.0,0.0,1.0
2016-01-05,39.28,39.32,39.0,39.3,37.1781,55813.0,0.0,1.0
2016-01-06,38.6,38.79,38.57,38.6787,36.5903,12322.0,0.0,1.0
2016-01-07,37.93,38.2193,37.93,38.02,35.9672,39019.0,0.0,1.0
2016-01-08,37.7636,37.7636,37.57,37.57,35.5415,55649.0,0.0,1.0
2016-01-11,37.575,37.575,37.2526,37.43,35.4091,60510.0,0.0,1.0
2016-01-12,37.9,37.965,37.54,37.81,35.7685,22272.0,0.0,1.0
2016-01-13,37.7,37.71,37.2201,37.32,35.305,25002.0,0.0,1.0
2016-01-14,37.1,37.4538,37.01,37.32,35.305,36027.0,0.0,1.0
2016-01-15,36.45,36.45,36.01,36.1001,34.151,40601.0,0.0,1.0
2016-01-19,36.6711,36.9,36.46,36.58,34.605,77801.0,0.0,1.0
2016-01-20,36.1021,36.18,35.4739,36.0599,34.1129,126855.0,0.0,1.0
2016-01-21,35.85,35.92,35.3701,35.89,33.9522,24559.0,0.0,1.0
2016-01-22,36.32,36.4975,36.17,36.42,34.4536,11857.0,0.0,1.0
2016-01-25,36.3736,36.5,36.234,36.36,34.3968,16517.0,0.0,1.0
2016-01-26,36.39,36.79,36.39,36.71,34.7279,111060.0,0.0,1.0
2016-01-27,36.81,37.1999,36.66,36.7,34.7185,67042.0,0.0,1.0
2016-01-28,37.2171,37.2171,36.8101,37.03,35.0307,55686.0,0.0,1.0
2016-01-29,37.0,37.43,36.95,37.2,35.1915,526347.0,0.0,1.0
2016-02-01,37.17,37.3455,37.135,37.3455,35.3291,173044.0,0.0,1.0
2016-02-02,36.56,36.741,36.46,36.64,34.6617,75039.0,0.0,1.0
2016-02-03,36.96,37.28,36.9259,37.28,35.2672,55290.0,0.0,1.0
2016-02-04,36.68,37.06,36.5,36.99,34.9928,10764.0,0.0,1.0
2016-02-05,37.04,37.04,36.6931,36.74,34.7563,40274.0,0.0,1.0
2016-02-08,36.1,36.1,35.56,35.84,33.9049,34477.0,0.0,1.0
2016-02-09,35.07,35.4194,34.99,35.28,33.3751,132932.0,0.0,1.0
2016-02-10,35.7112,35.86,35.53,35.53,33.6116,46152.0,0.0,1.0
2016-02-11,35.1576,35.25,34.89,35.16,33.2616,75515.0,0.0,1.0
2016-02-12,35.2488,35.56,35.11,35.56,33.64,36964.0,0.0,1.0
2016-02-16,35.84,36.36,35.83,36.3599,34.3967,457496.0,0.0,1.0
2016-02-17,36.71,36.8808,36.71,36.7764,34.7907,11308.0,0.0,1.0
2016-02-18,36.975,37.0356,36.84,36.85,34.8604,14855.0,0.0,1.0
2016-02-19,36.79,36.9421,36.7648,36.87,34.8793,16685.0,0.0,1.0
2016-02-22,36.9,37.11,36.9,37.015,35.0165,7440.0,0.0,1.0
2016-02-23,37.04,37.09,36.78,36.82,34.832,47968.0,0.0,1.0
2016-02-24,36.2565,37.02,36.2565,36.93,34.9361,78990.0,0.0,1.0
2016-02-25,37.11,37.39,37.1,37.33,35.3145,43109.0,0.0,1.0
2016-02-26,37.3201,37.47,37.2701,37.36,35.3428,9733.0,0.0,1.0
2016-02-29,37.52,37.66,37.3,37.36,35.3428,35654.0,0.0,1.0
2016-03-01,37.79,38.2199,37.75,38.15,36.0902,26073.0,0.0,1.0
2016-03-02,37.94,38.14,37.8,38.14,36.0807,21358.0,0.0,1.0
2016-03-03,38.4,38.6099,38.4,38.6099,36.5253,11261.0,0.0,1.0
2016-03-04,38.74,38.85,38.66,38.67,36.5821,39645.0,0.0,1.0
2016-03-07,38.7,39.01,38.7,38.82,36.724,8769.0,0.0,1.0
2016-03-08,38.6048,38.6048,38.47,38.47,36.3929,17915.0,0.0,1.0
2016-03-09,38.33,38.45,38.28,38.38,36.3078,20149.0,0.0,1.0
2016-03-10,38.65,38.77,38.3,38.48,36.4024,24589.0,0.0,1.0
2016-03-11,39.205,39.33,39.14,39.2799,37.1591,17585.0,0.0,1.0
2016-03-14,39.17,39.22,39.1,39.1,36.9889,5192.0,0.0,1.0
2016-03-15,38.648,38.71,38.61,38.7,36.6105,22436.0,0.0,1.0
2016-03-16,38.64,39.31,38.5511,39.31,37.1876,14040.0,0.0,1.0
2016-03-17,39.47,39.93,39.44,39.8,37.6511,18521.0,0.0,1.0
2016-03-18,39.67,39.8,39.5088,39.7,37.5565,12542.0,0.0,1.0
2016-03-21,39.7,39.7,39.5181,39.56,37.4241,1574.0,0.0,1.0
2016-03-22,39.29,39.48,39.29,39.35,37.2254,19430.0,0.0,1.0
2016-03-23,39.32,39.46,39.25,39.25,37.1308,23706.0,0.0,1.0
2016-03-24,38.95,38.95,38.745,38.85,36.7524,1753.0,0.0,1.0
2016-03-28,39.15,39.15,39.0201,39.0201,36.9133,1106.0,0.0,1.0
2016-03-29,38.83,39.445,38.83,39.44,37.3105,11208.0,0.0,1.0
2016-03-30,39.84,40.148,39.84,39.92,37.7646,4169.0,0.0,1.0
2016-03-31,40.1627,40.31,40.1014,40.11,37.9444,49099.0,0.0,1.0
2016-04-01,39.8,40.11,39.8,40.11,37.9444,11550.0,0.0,1.0
2016-04-04,40.04,40.21,39.99,40.04,37.8781,16284.0,0.0,1.0
2016-04-05,39.77,39.79,39.72,39.72,37.5754,10085.0,0.0,1.0
2016-04-06,40.14,40.3599,40.14,40.3599,38.1808,13391.0,0.0,1.0
2016-04-07,40.02,40.178,39.9,39.9,37.7457,35846.0,0.0,1.0
2016-04-08,40.2996,40.54,40.2996,40.54,38.3511,5743.0,0.0,1.0
2016-04-11,40.64,40.7299,40.4301,40.44,38.2565,3616.0,0.0,1.0
2016-04-12,40.53,40.69,40.31,40.6,38.4079,9834.0,0.0,1.0
2016-04-13,40.96,40.96,40.81,40.95,38.739,8965.0,0.0,1.0
2016-04-14,41.18,41.18,40.9374,41.0985,38.8795,33391.0,0.0,1.0
2016-04-15,40.97,40.97,40.851,40.8972,38.6891,3429.0,0.0,1.0
2016-04-18,41.02,41.13,41.02,41.13,38.9093,69310.0,0.0,1.0
2016-04-19,41.745,41.79,41.65,41.78,39.5242,15368.0,0.0,1.0
2016-04-20,41.48,41.48,41.2551,41.34,39.1079,53349.0,0.0,1.0
2016-04-21,40.94,41.14,40.46,40.5799,38.3889,48556.0,0.0,1.0
2016-04-22,40.4715,40.59,40.3515,40.48,38.2944,26109.0,0.0,1.0
2016-04-25,40.3701,40.45,40.3701,40.43,38.2471,1906.0,0.0,1.0
2016-04-26,40.67,40.67,40.5,40.5,38.3133,9237.0,0.0,1.0
2016-04-27,40.79,40.93,40.76,40.76,38.5593,7407.0,0.0,1.0
2016-04-28,40.78,40.859,40.49,40.49,38.3038,5035.0,0.0,1.0
2016-04-29,40.69,40.86,40.62300000000001,40.72,38.5214,23346.0,0.0,1.0
2016-05-02,41.09,41.23,41.06,41.18,38.9566,6528.0,0.0,1.0
2016-05-03,40.94,40.97,40.7,40.72,38.5214,12796.0,0.0,1.0
2016-05-04,40.47,40.48,40.2,40.25,38.0768,4227.0,0.0,1.0
2016-05-05,40.16,40.16,39.755,39.86,37.7079,10678.0,0.0,1.0
2016-05-06,39.848,39.983,39.848,39.94,37.7835,24447.0,0.0,1.0
2016-05-09,40.07,40.07,40.07,40.07,37.9065,432.0,0.0,1.0
2016-05-10,40.36,40.36,40.24,40.3,38.1241,2893.0,0.0,1.0
2016-05-11,40.21,40.3319,40.0201,40.12,37.9538,29806.0,0.0,1.0
2016-05-12,40.2,40.25,40.08,40.2383,38.0657,6381.0,0.0,1.0
2016-05-13,40.08,40.09,39.83,39.83,37.6795,8338.0,0.0,1.0
2016-05-16,39.9,40.0099,39.7975,39.97,37.8119,7299.0,0.0,1.0
2016-05-17,40.0,40.0,39.6801,39.71,37.566,14708.0,0.0,1.0
2016-05-18,39.56,39.88,39.45,39.53,37.3957,6731.0,0.0,1.0
2016-05-19,39.36,39.487,39.36,39.42,37.2916,9721.0,0.0,1.0
2016-05-20,39.75,39.8766,39.7044,39.82,37.67,7709.0,0.0,1.0
2016-05-23,39.68,39.9514,39.68,39.85,37.6984,11395.0,0.0,1.0
2016-05-24,40.15,40.17,40.07,40.09,37.9254,5043.0,0.0,1.0
2016-05-25,40.4068,40.4068,40.23,40.23,38.0579,903.0,0.0,1.0
2016-05-26,40.57,40.6099,40.539,40.5705,38.38,2364.0,0.0,1.0
2016-05-27,40.39,40.52,40.27,40.27,38.0957,2341.0,0.0,1.0
2016-05-31,40.36,40.48,40.3,40.35,38.1714,57420.0,0.0,1.0
2016-06-01,40.4923,40.6,40.4558,40.6,38.4079,3329.0,0.0,1.0
2016-06-02,40.34,40.47,40.31,40.46,38.2755,19802.0,0.0,1.0
2016-06-03,40.85,40.97,40.63,40.95,38.739,12831.0,0.0,1.0
2016-06-06,41.03,41.27,41.03,41.17,38.9471,9803.0,0.0,1.0
2016-06-07,41.47,41.6533,41.47,41.625,39.3776,3655.0,0.0,1.0
2016-06-08,41.73,41.73,41.5803,41.582,39.3369,3446.0,0.0,1.0
2016-06-09,41.21,41.21,41.03,41.11,38.8904,5882.0,0.0,1.0
2016-06-10,40.5,40.5,40.0601,40.17,38.0011,23925.0,0.0,1.0
2016-06-13,39.54,39.54,39.24,39.32,37.197,9523.0,0.0,1.0
2016-06-14,39.08,39.08,38.651,38.88,36.7808,5058.0,0.0,1.0
2016-06-15,39.19,39.34,39.02,39.02,36.9132,27957.0,0.0,1.0
2016-06-16,38.59,39.02,38.37,39.02,36.9132,13118.0,0.0,1.0
2016-06-17,39.28,39.625,39.26,39.59,37.4524,51865.0,0.0,1.0
2016-06-20,40.69,40.69,40.34,40.34,38.1619,12701.0,0.0,1.0
2016-06-21,40.45,40.76,40.43,40.45,38.266,45212.0,0.0,1.0
2016-06-22,39.8,39.83,39.46,39.46,38.0754,3968.0,0.7885,1.0
2016-06-23,40.05,40.52,40.04,40.51,39.0885,18449.0,0.0,1.0
2016-06-24,38.27,38.618,37.39,37.39,36.078,10382.0,0.0,1.0
2016-06-27,36.9,36.9,36.18,36.47,35.1903,81310.0,0.0,1.0
2016-06-28,37.08,37.38,36.91,37.38,36.0684,14711.0,0.0,1.0
2016-06-29,38.07,38.07,37.81,37.83,36.5026,14303.0,0.0,1.0
2016-06-30,38.34,38.6072,38.19,38.59,37.2359,27648.0,0.0,1.0
2016-07-01,39.144,39.144,38.9,38.9,37.535,136142.0,0.0,1.0
2016-07-05,38.15,38.15,37.6,37.62,36.2999,15014.0,0.0,1.0
2016-07-06,37.27,37.42,36.975,37.42,36.107,28236.0,0.0,1.0
2016-07-07,37.65,37.84,37.3664,37.48,36.1649,8655.0,0.0,1.0
2016-07-08,37.75,37.78,37.68,37.78,36.4543,10476.0,0.0,1.0
2016-07-11,38.32,38.67,38.32,38.53,37.178,33977.0,0.0,1.0
2016-07-12,38.82,38.82,38.485,38.485,37.1346,4894.0,0.0,1.0
2016-07-13,38.71,38.89,38.67,38.69,37.3324,26934.0,0.0,1.0
2016-07-14,38.93,39.1199,38.93,39.037,37.6672,2412.0,0.0,1.0
2016-07-15,38.6,38.6,38.5201,38.58,37.2263,7178.0,0.0,1.0
2016-07-18,38.81,38.85,38.75,38.81,37.4482,4947.0,0.0,1.0
2016-07-19,38.5478,38.5478,38.5478,38.5478,37.1952,502.0,0.0,1.0
2016-07-20,38.7398,38.909,38.7398,38.8788,37.5146,838.0,0.0,1.0
2016-07-21,38.67,38.7,38.54,38.65,37.2938,17225.0,0.0,1.0
2016-07-22,38.71,38.765,38.63,38.63,37.2745,723.0,0.0,1.0
2016-07-25,38.7911,38.7911,38.74,38.74,37.3806,2834.0,0.0,1.0
2016-07-26,38.69,38.69,38.49,38.59,37.2359,3048.0,0.0,1.0
2016-07-27,38.8001,39.0051,38.6849,39.0051,37.6364,2872.0,0.0,1.0
2016-07-28,39.145,39.145,38.92,38.98,37.6122,20807.0,0.0,1.0
2016-07-29,39.3781,39.71,39.3781,39.58,38.1912,44769.0,0.0,1.0
2016-08-01,39.57,39.58,39.3955,39.445,38.0609,6478.0,0.0,1.0
2016-08-02,39.349,39.38,39.32,39.37,37.9885,3420.0,0.0,1.0
2016-08-03,39.09,39.09,38.96,39.06,37.6894,3517.0,0.0,1.0
2016-08-04,39.2799,39.339,39.2799,39.29,37.9113,6334.0,0.0,1.0
2016-08-05,39.24,39.43,39.24,39.2801,37.9018,10642.0,0.0,1.0
2016-08-08,39.26,39.51,39.26,39.4667,38.0818,10667.0,0.0,1.0
2016-08-09,39.8029,39.9306,39.8029,39.9306,38.5295,1114.0,0.0,1.0
2016-08-10,40.24,40.29,40.2255,40.2691,38.8561,2800.0,0.0,1.0
2016-08-11,40.71,40.7999,40.6501,40.7222,39.2933,3495.0,0.0,1.0
2016-08-12,40.655,40.7237,40.655,40.72,39.2912,1672.0,0.0,1.0
2016-08-15,40.73,40.8591,40.6744,40.7782,39.3473,7015.0,0.0,1.0
2016-08-16,40.8301,40.9496,40.8301,40.89,39.4552,7295.0,0.0,1.0
2016-08-17,40.589,40.75,40.533,40.75,39.3201,1686.0,0.0,1.0
2016-08-18,40.97,41.2,40.97,41.2,39.7543,5620.0,0.0,1.0
2016-08-19,40.86,40.86,40.62,40.66,39.2333,6995.0,0.0,1.0
2016-08-22,40.63,40.77,40.6,40.715,39.2863,6012.0,0.0,1.0
2016-08-23,41.02,41.0528,40.87,40.9199,39.4841,4299.0,0.0,1.0
2016-08-24,40.76,40.8,40.52,40.53,39.1078,67906.0,0.0,1.0
2016-08-25,40.59,40.59,40.4924,40.52,39.0982,6004.0,0.0,1.0
2016-08-26,40.69,40.74,40.115,40.24,38.828,5402.0,0.0,1.0
2016-08-29,40.25,40.28,40.22,40.22,38.8087,670.0,0.0,1.0
2016-08-30,40.3,40.3,40.21,40.21,38.7991,697.0,0.0,1.0
2016-08-31,40.0981,40.0999,39.9001,40.0154,38.6113,1350.0,0.0,1.0
2016-09-01,40.095,40.26,40.06,40.15,38.7412,19726.0,0.0,1.0
2016-09-02,40.33,40.58,40.31,40.58,39.1561,87742.0,0.0,1.0
2016-09-06,40.84,41.0,40.84,40.98,39.542,4991.0,0.0,1.0
2016-09-07,41.1,41.1,41.0211,41.0211,39.5817,14099.0,0.0,1.0
2016-09-08,41.1038,41.1038,40.952,40.952,39.515,3168.0,0.0,1.0
2016-09-09,40.5725,40.5725,40.2015,40.3957,38.9782,4430.0,0.0,1.0
2016-09-12,40.2644,40.54,40.2644,40.54,39.1175,3745.0,0.0,1.0
2016-09-13,40.4513,40.4513,40.1,40.174,38.7643,1747.0,0.0,1.0
2016-09-14,40.41,40.41,40.18,40.18,38.7701,4067.0,0.0,1.0
2016-09-15,40.522,40.522,40.3856,40.4022,38.9845,943.0,0.0,1.0
2016-09-16,39.8822,39.8822,39.8822,39.8822,38.4828,551.0,0.0,1.0
2016-09-19,40.33,40.335,40.2695,40.2695,38.8565,4949.0,0.0,1.0
2016-09-20,40.392,40.43,40.36,40.36,38.9438,21318.0,0.0,1.0
2016-09-21,40.55,40.97,40.5358,40.97,39.5324,8228.0,0.0,1.0
2016-09-22,41.5,41.5586,41.4108,41.4108,39.9577,34725.0,0.0,1.0
2016-09-23,41.21,41.3736,41.21,41.3,39.8508,1970.0,0.0,1.0
2016-09-26,41.14,41.18,41.015,41.015,39.5758,2829.0,0.0,1.0
2016-09-27,40.73,41.0189,40.73,41.01,39.571,3579.0,0.0,1.0
2016-09-28,41.03,41.43,41.03,41.39,39.9377,9086.0,0.0,1.0
2016-09-29,41.15,41.28,40.94,41.08,39.6385,76250.0,0.0,1.0
2016-09-30,40.97,41.24,40.88,41.18,39.735,11517.0,0.0,1.0
2016-10-03,41.17,41.17,41.0976,41.0976,39.6555,2586.0,0.0,1.0
2016-10-04,40.94,40.96,40.785,40.81,39.378,1869.0,0.0,1.0
2016-10-05,41.08,41.1748,41.08,41.1651,39.7207,823.0,0.0,1.0
2016-10-06,40.9199,40.9199,40.7999,40.8125,39.3804,3659.0,0.0,1.0
2016-10-07,40.8799,40.8799,40.41,40.61,39.185,15665.0,0.0,1.0
2016-10-10,40.75,40.8445,40.73,40.73,39.3008,3821.0,0.0,1.0
2016-10-11,40.67,40.67,40.252,40.32,38.9052,5398.0,0.0,1.0
2016-10-12,40.28,40.34,40.085,40.18,38.7701,5624.0,0.0,1.0
2016-10-13,39.95,40.07,39.9,40.0,38.5964,15012.0,0.0,1.0
2016-10-14,40.47,40.56,40.38,40.41,38.992,16661.0,0.0,1.0
2016-10-17,40.13,40.13,39.93,39.9801,38.5772,1392.0,0.0,1.0
2016-10-18,40.26,40.3441,40.15,40.2501,38.8378,2696.0,0.0,1.0
2016-10-19,40.55,40.57,40.4501,40.53,39.1078,9401.0,0.0,1.0
2016-10-20,40.3,40.4,40.17,40.2699,38.8569,4640.0,0.0,1.0
2016-10-21,40.0467,40.22,40.0451,40.22,38.8087,1267.0,0.0,1.0
2016-10-24,40.1,40.1,39.9,39.93,38.5289,1409.0,0.0,1.0
2016-10-25,39.93,39.93,39.93,39.93,38.5289,189.0,0.0,1.0
2016-10-26,40.05,40.05,39.87,39.98,38.5771,5429.0,0.0,1.0
2016-10-27,39.96,39.96,39.89,39.9,38.4999,7258.0,0.0,1.0
2016-10-28,39.75,39.83,39.75,39.83,38.4324,3320.0,0.0,1.0
2016-10-31,39.85,39.88,39.7701,39.81,38.4131,18498.0,0.0,1.0
2016-11-01,40.1,40.16,40.06,40.1122,38.7047,54152.0,0.0,1.0
2016-11-02,39.84,39.89,39.6353,39.69,38.2973,13573.0,0.0,1.0
2016-11-03,39.74,39.759,39.57,39.58,38.1912,49411.0,0.0,1.0
2016-11-04,39.59,39.61,39.301,39.301,37.922,7478.0,0.0,1.0
2016-11-07,39.89,40.18,39.89,40.18,38.7701,30232.0,0.0,1.0
2016-11-08,40.04,40.16,39.98,40.08,38.6736,26188.0,0.0,1.0
2016-11-09,40.24,40.24,39.97,40.2,38.7894,40880.0,0.0,1.0
2016-11-10,40.06,40.13,39.72,40.1,38.6929,42426.0,0.0,1.0
2016-11-11,40.02,40.02,39.53,39.682,38.2896,11130.0,0.0,1.0
2016-11-14,39.33,39.43,39.09,39.2501,37.8728,84932.0,0.0,1.0
2016-11-15,39.4,39.67,39.37,39.67,38.278,15644.0,0.0,1.0
2016-11-16,39.6,39.6,39.4507,39.4507,38.0664,12693.0,0.0,1.0
2016-11-17,39.7841,39.86,39.7,39.73,38.3359,2908.0,0.0,1.0
2016-11-18,39.59,39.64,39.55,39.6,38.2105,33415.0,0.0,1.0
2016-11-21,39.64,39.66,39.4106,39.63,38.2394,5851.0,0.0,1.0
2016-11-22,39.32,39.47,39.29,39.47,38.085,17305.0,0.0,1.0
2016-11-23,39.11,39.13,39.0,39.09,37.7184,17503.0,0.0,1.0
2016-11-25,39.66,39.88,39.66,39.83,38.4324,23440.0,0.0,1.0
2016-11-28,39.86,39.86,39.52,39.52,38.1333,14251.0,0.0,1.0
2016-11-29,39.937,40.11,39.937,40.03,38.6254,6802.0,0.0,1.0
2016-11-30,39.83,39.8495,39.76,39.84,38.442,15882.0,0.0,1.0
2016-12-01,39.72,39.72,39.62,39.64,38.2491,2000.0,0.0,1.0
2016-12-02,39.6212,39.78,39.6212,39.73,38.3359,6337.0,0.0,1.0
2016-12-05,40.22,40.31,40.06,40.27,38.857,10040.0,0.0,1.0
2016-12-06,40.27,40.46,40.26,40.379,38.9621,6334.0,0.0,1.0
2016-12-07,40.3,40.57,40.3,40.57,39.1464,2615.0,0.0,1.0
2016-12-08,40.07,40.07,39.86,39.99,38.5868,11492.0,0.0,1.0
2016-12-09,40.09,40.25,40.03,40.25,38.8377,6796.0,0.0,1.0
2016-12-12,40.14,40.14,39.91,39.96,38.5578,63299.0,0.0,1.0
2016-12-13,40.2,40.52,40.2,40.4886,39.0679,20169.0,0.0,1.0
2016-12-14,40.331,40.331,39.7911,39.7911,38.3949,1650.0,0.0,1.0
2016-12-15,39.48,39.59,39.4088,39.42,38.0368,8204.0,0.0,1.0
2016-12-16,39.7692,40.12,39.7692,39.96,38.5578,22696.0,0.0,1.0
2016-12-19,40.05,40.09,39.98,39.98,38.5771,2878.0,0.0,1.0
2016-12-20,39.8301,40.007,39.8301,39.93,38.5289,19427.0,0.0,1.0
2016-12-21,40.26,40.29,40.11,40.175,38.7653,25672.0,0.0,1.0
2016-12-22,40.27,40.28,40.185,40.185,38.7749,4793.0,0.0,1.0
2016-12-23,40.18,40.32,40.18,40.2301,38.8185,2907.0,0.0,1.0
2016-12-27,40.39,40.44,40.32,40.3701,38.9535,5381.0,0.0,1.0
2016-12-28,40.22,40.3,40.22,40.3,38.8859,2709.0,0.0,1.0
2016-12-29,40.5407,40.59,40.5407,40.59,39.1657,827.0,0.0,1.0
2016-12-30,40.9,40.99,40.75,40.81,39.378,12631.0,0.0,1.0
2017-01-03,40.6,40.82,40.57,40.79,39.3587,143804.0,0.0,1.0
2017-01-04,41.057,41.18,41.05,41.18,39.735,5413.0,0.0,1.0
2017-01-05,41.2,41.58,41.2,41.5519,40.0939,11742.0,0.0,1.0
2017-01-06,41.41,41.58,41.3713,41.52,40.0631,9072.0,0.0,1.0
2017-01-09,41.38,41.45,41.38,41.45,39.9956,23871.0,0.0,1.0
2017-01-10,41.63,41.63,41.42,41.42,39.9666,44211.0,0.0,1.0
2017-01-11,41.32,41.6294,41.32,41.58,40.121,63307.0,0.0,1.0
2017-01-12,42.06,42.06,41.93,41.98,40.507,5004.0,0.0,1.0
2017-01-13,42.0,42.21,42.0,42.17,40.6903,27313.0,0.0,1.0
2017-01-17,41.97,42.0589,41.96,41.98,40.507,6069.0,0.0,1.0
2017-01-18,41.86,41.96,41.83,41.8633,40.3944,16553.0,0.0,1.0
2017-01-19,41.77,41.93,41.75,41.89,40.4201,8996.0,0.0,1.0
2017-01-20,41.9138,42.06,41.9138,42.06,40.5841,1115.0,0.0,1.0
2017-01-23,42.0199,42.16,41.94,42.1,40.6227,27467.0,0.0,1.0
2017-01-24,41.88,41.898,41.79,41.83,40.3622,4174.0,0.0,1.0
2017-01-25,42.44,42.56,42.399,42.56,41.0666,16745.0,0.0,1.0
2017-01-26,42.79,42.79,42.51,42.56,41.0666,44545.0,0.0,1.0
2017-01-27,42.61,42.61,42.39,42.49,40.9991,26804.0,0.0,1.0
2017-01-30,42.34,42.39,42.0401,42.3674,40.8808,22347.0,0.0,1.0
2017-01-31,42.71,42.71,42.31,42.46,40.9701,82141.0,0.0,1.0
2017-02-01,42.93,42.93,42.59,42.68,41.1824,19428.0,0.0,1.0
2017-02-02,42.95,42.95,42.65,42.72,41.221,39119.0,0.0,1.0
2017-02-03,42.8399,43.0,42.8399,42.9222,41.4161,16303.0,0.0,1.0
2017-02-06,42.91,42.91,42.73,42.8299,41.327,4076.0,0.0,1.0
2017-02-07,42.7552,42.92,42.7552,42.82,41.3175,48309.0,0.0,1.0
2017-02-08,42.74,42.87,42.72,42.84,41.3368,10657.0,0.0,1.0
2017-02-09,42.75,42.8054,42.75,42.79,41.2885,1621.0,0.0,1.0
2017-02-10,42.79,42.95,42.7607,42.91,41.4043,11670.0,0.0,1.0
2017-02-13,42.91,42.93,42.8484,42.91,41.4043,4946.0,0.0,1.0
2017-02-14,42.9101,43.02,42.87,43.02,41.5105,9603.0,0.0,1.0
2017-02-15,42.8145,43.08,42.8145,43.08,41.5684,5968.0,0.0,1.0
2017-02-16,43.17,43.37,43.17,43.34,41.8192,18984.0,0.0,1.0
2017-02-17,43.15,43.22,43.06,43.22,41.7034,22597.0,0.0,1.0
2017-02-21,43.31,43.355,43.28,43.34,41.8192,9174.0,0.0,1.0
2017-02-22,43.11,43.2796,43.06,43.25,41.7324,9355.0,0.0,1.0
2017-02-23,43.22,43.41,43.22,43.28,41.7613,5130.0,0.0,1.0
2017-02-24,42.8774,42.9743,42.8701,42.89,41.385,4073.0,0.0,1.0
2017-02-27,43.0401,43.22,43.0401,43.08,41.5684,2648.0,0.0,1.0
2017-02-28,43.29,43.41,43.28,43.3072,41.7876,5408.0,0.0,1.0
2017-03-01,43.4,43.81,43.4,43.7362,42.2015,74066.0,0.0,1.0
2017-03-02,43.45,43.4881,43.3347,43.39,41.8675,23444.0,0.0,1.0
2017-03-03,43.47,43.6776,43.4534,43.67,42.1377,4385.0,0.0,1.0
2017-03-06,43.54,43.5534,43.4245,43.48,41.9543,5491.0,0.0,1.0
2017-03-07,43.3,43.588,43.3,43.5742,42.0452,5782.0,0.0,1.0
2017-03-08,43.5,43.51,43.41,43.41,41.8868,48169.0,0.0,1.0
2017-03-09,43.4795,43.708,43.4795,43.6999,42.1665,3182.0,0.0,1.0
2017-03-10,43.9,43.98,43.8157,43.92,42.3789,158908.0,0.0,1.0
2017-03-13,43.99,44.19,43.99,44.16,42.6105,17256.0,0.0,1.0
2017-03-14,43.92,44.02,43.9199,44.0,42.4561,24400.0,0.0,1.0
2017-03-15,44.17,44.57,44.04,44.55,42.9868,6137.0,0.0,1.0
2017-03-16,44.65,44.87,44.65,44.835,43.2618,16121.0,0.0,1.0
2017-03-17,44.8542,44.9242,44.8,44.9242,43.3478,1193.0,0.0,1.0
2017-03-20,45.01,45.01,44.799,44.8,43.228,36183.0,0.0,1.0
2017-03-21,45.14,45.14,44.43,44.43,42.871,22860.0,0.0,1.0
2017-03-22,44.32,44.53,44.3005,44.53,42.9675,4255.0,0.0,1.0
2017-03-23,44.58,44.8699,44.5741,44.7286,43.1591,19174.0,0.0,1.0
2017-03-24,44.68899999999999,44.88,44.6652,44.8379,43.2646,4117.0,0.0,1.0
2017-03-27,44.7,44.97,44.7,44.95,43.3727,20859.0,0.0,1.0
2017-03-28,44.9659,45.0899,44.8845,44.8845,43.3095,3383.0,0.0,1.0
2017-03-29,44.6,44.77,44.6,44.7588,43.1883,2629.0,0.0,1.0
2017-03-30,44.85,44.86,44.7467,44.7716,43.2006,2085.0,0.0,1.0
2017-03-31,44.67,44.9,44.67,44.86,43.2859,10292.0,0.0,1.0
2017-04-03,44.76,44.76,44.5694,44.72,43.1508,8469.0,0.0,1.0
2017-04-04,44.8,44.8,44.6463,44.78,43.2087,2887.0,0.0,1.0
2017-04-05,44.65,44.65,44.42,44.44,42.8806,29740.0,0.0,1.0
2017-04-06,44.556,44.556,44.49,44.52,42.9578,4744.0,0.0,1.0
2017-04-07,44.57,44.58,44.4901,44.5396,42.9767,981.0,0.0,1.0
2017-04-10,44.49,44.4901,44.45,44.4789,42.9182,2043.0,0.0,1.0
2017-04-11,44.7,44.84,44.68,44.84,43.2666,11051.0,0.0,1.0
2017-04-12,44.9738,45.09,44.85,45.04,43.4596,4140.0,0.0,1.0
2017-04-13,44.9699,44.9699,44.85,44.85,43.2762,2253.0,0.0,1.0
2017-04-17,45.02,45.0699,44.96,44.96,43.3824,7869.0,0.0,1.0
2017-04-18,44.73,44.8994,44.69,44.86,43.2859,3246.0,0.0,1.0
2017-04-19,44.98,44.98,44.85,44.85,43.2762,1804.0,0.0,1.0
2017-04-20,45.25,45.41,45.25,45.31,43.7201,16186.0,0.0,1.0
2017-04-21,45.09,45.24,45.09,45.24,43.6526,5146.0,0.0,1.0
2017-04-24,45.93,45.9848,45.93,45.9848,44.3712,1931.0,0.0,1.0
2017-04-25,46.6727,46.71,46.67,46.71,45.07100000000001,3913.0,0.0,1.0
2017-04-26,46.94,46.98,46.8,46.8,45.1578,7796.0,0.0,1.0
2017-04-27,47.12,47.2314,47.12,47.17,45.5148,4569.0,0.0,1.0
2017-04-28,47.37,47.37,47.1814,47.23,45.5727,1717.0,0.0,1.0
2017-05-01,47.36,47.53,47.36,47.4903,45.8239,8083.0,0.0,1.0
2017-05-02,47.81,47.95,47.7588,47.93,46.2482,11812.0,0.0,1.0
2017-05-03,47.96,47.97,47.81,47.895,46.2144,40852.0,0.0,1.0
2017-05-04,48.03,48.39,47.9796,48.39,46.692,16194.0,0.0,1.0
2017-05-05,48.45,48.73,48.41,48.695,46.9863,6811.0,0.0,1.0
2017-05-08,48.18,48.18,48.0621,48.14,46.4508,11133.0,0.0,1.0
2017-05-09,48.06,48.12,47.9,47.95,46.2675,31530.0,0.0,1.0
2017-05-10,47.95,48.14,47.95,48.13,46.4412,13631.0,0.0,1.0
2017-05-11,48.0,48.0,47.89,47.95,46.2675,16467.0,0.0,1.0
2017-05-12,48.09,48.48,47.95,48.47,46.7692,5380.0,0.0,1.0
2017-05-15,48.85,48.91,48.85,48.91,47.1938,4306.0,0.0,1.0
2017-05-16,49.35,49.52,49.35,49.52,47.7824,3176.0,0.0,1.0
2017-05-17,49.31,49.31,48.43,48.44,46.7403,23214.0,0.0,1.0
2017-05-18,48.07,48.63,48.07,48.63,46.9236,20866.0,0.0,1.0
2017-05-19,49.25,49.45,49.2457,49.32,47.5894,294271.0,0.0,1.0
2017-05-22,49.77,49.92,49.681,49.69,47.9464,11704.0,0.0,1.0
2017-05-23,49.82,49.9,49.675,49.83,48.0815,26466.0,0.0,1.0
2017-05-24,49.72,49.7679,49.57,49.7679,48.0216,3099.0,0.0,1.0
2017-05-25,49.9939,49.9939,49.78,49.8724,48.1224,74396.0,0.0,1.0
2017-05-26,49.76,49.99,49.76,49.98,48.2262,32911.0,0.0,1.0
2017-05-30,49.62,49.7672,49.62,49.7672,48.0209,2510.0,0.0,1.0
2017-05-31,50.0,50.03,49.84,49.85,48.1008,6146.0,0.0,1.0
2017-06-01,50.12,50.2199,49.99,49.99,48.2359,27847.0,0.0,1.0
2017-06-02,50.45,50.62,50.3796,50.57,48.7955,3560.0,0.0,1.0
2017-06-05,50.45,50.45,50.2,50.36,48.5929,48801.0,0.0,1.0
2017-06-06,50.13,50.28,50.1,50.28,48.5157,5106.0,0.0,1.0
2017-06-07,50.1888,50.27,50.0014,50.21,48.4482,20930.0,0.0,1.0
2017-06-08,49.85,49.85,49.7,49.81,48.0622,23429.0,0.0,1.0
2017-06-09,49.94,50.05,49.78,49.98,48.2262,57499.0,0.0,1.0
2017-06-12,49.43,49.43,49.0,49.31,47.5798,14870.0,0.0,1.0
2017-06-13,49.58,49.8399,49.58,49.794,48.0468,9267.0,0.0,1.0
2017-06-14,50.02,50.0847,49.66,49.83,48.0815,6748.0,0.0,1.0
2017-06-15,49.01,49.236,48.97,49.236,47.5083,6589.0,0.0,1.0
2017-06-16,49.64,50.07,49.64,50.07,48.3131,13392.0,0.0,1.0
2017-06-19,50.3132,50.3132,50.2,50.3,48.535,7034.0,0.0,1.0
2017-06-20,50.08,50.08,49.7414,49.8,48.0526,13810.0,0.0,1.0
2017-06-21,49.8,49.84,49.76,49.795,48.0477,26498.0,0.0,1.0
2017-06-22,49.12,49.12,48.9472,48.98,48.0177,7022.0,0.7839,1.0
2017-06-23,48.8632,49.1615,48.8632,49.07,48.106,4164.0,0.0,1.0
2017-06-26,49.25,49.25,48.9401,48.98,48.0177,12431.0,0.0,1.0
2017-06-27,49.01,49.14,48.9836,49.07,48.106,66744.0,0.0,1.0
2017-06-28,49.03,49.08,48.86,49.0168,48.0538,7019.0,0.0,1.0
2017-06-29,48.82,48.82,48.445,48.56,47.606,22833.0,0.0,1.0
2017-06-30,48.79,48.894,48.6001,48.77,47.8119,7583.0,0.0,1.0
2017-07-03,48.88,48.98,48.88,48.89,47.9295,3656.0,0.0,1.0
2017-07-05,48.84,49.04,48.82,48.9,47.9393,28747.0,0.0,1.0
2017-07-06,48.41,48.63,48.275,48.55,47.5962,5471.0,0.0,1.0
2017-07-07,48.74,48.8568,48.71,48.82,47.8609,3401.0,0.0,1.0
2017-07-10,48.91,49.0297,48.91,48.994,48.0315,4975.0,0.0,1.0
2017-07-11,48.5,48.78,48.44,48.7,47.7432,6186.0,0.0,1.0
2017-07-12,49.1503,49.27,49.1503,49.21,48.2432,3556.0,0.0,1.0
2017-07-13,49.1776,49.32,49.1776,49.3,48.3314,6674.0,0.0,1.0
2017-07-14,49.37,49.62,49.34,49.62,48.6452,24891.0,0.0,1.0
2017-07-17,49.71,49.77,49.64,49.72,48.7432,4643.0,0.0,1.0
2017-07-18,49.88,49.98,49.8274,49.9,48.9197,2716.0,0.0,1.0
2017-07-19,50.24,50.4,50.24,50.27,49.2824,2865.0,0.0,1.0
2017-07-20,50.35,50.565,50.27,50.53,49.5373,3151.0,0.0,1.0
2017-07-21,50.15,50.31,50.015,50.26,49.2726,2836.0,0.0,1.0
2017-07-24,50.15,50.24,50.053,50.15,49.1647,8224.0,0.0,1.0
2017-07-25,50.24,50.24,49.7488,49.79,48.8118,4017.0,0.0,1.0
2017-07-26,50.02,50.3384,50.02,50.3384,49.3494,1444.0,0.0,1.0
2017-07-27,50.21,50.21,49.788,49.788,48.8099,3015.0,0.0,1.0
2017-07-28,49.51,49.5692,49.51,49.5692,48.5953,2323.0,0.0,1.0
2017-07-31,49.88,50.0,49.8,49.87,48.8902,6267.0,0.0,1.0
2017-08-01,50.19,50.2775,50.1448,50.23,49.2432,8081.0,0.0,1.0
2017-08-02,50.32,50.44,50.23,50.36,49.3706,24903.0,0.0,1.0
2017-08-03,50.44,50.52,50.39,50.39,49.4,2086.0,0.0,1.0
2017-08-04,50.37,50.48,50.37,50.48,49.4883,6235.0,0.0,1.0
2017-08-07,50.477,50.48,50.477,50.48,49.4883,1055.0,0.0,1.0
2017-08-08,50.298,50.298,50.18,50.18,49.1941,1725.0,0.0,1.0
2017-08-09,50.24,50.4062,50.1504,50.4062,49.4159,5557.0,0.0,1.0
2017-08-10,49.89,49.89,49.43,49.49,48.5177,6377.0,0.0,1.0
2017-08-11,49.3,49.37,49.09,49.32,48.351000000000006,6161.0,0.0,1.0
2017-08-14,49.6,49.8,49.59,49.59,48.6157,5917.0,0.0,1.0
2017-08-15,49.48,49.64,49.48,49.63,48.655,1734.0,0.0,1.0
2017-08-16,49.7144,49.9516,49.7144,49.8986,48.9183,7655.0,0.0,1.0
2017-08-17,50.269,50.3,50.0224,50.0224,49.0396,5726.0,0.0,1.0
2017-08-18,49.9476,49.9655,49.7,49.7,48.7236,5815.0,0.0,1.0
2017-08-21,49.8507,50.03,49.8271,49.97,48.9883,1968.0,0.0,1.0
2017-08-22,50.1452,50.2571,50.1452,50.215,49.2285,5294.0,0.0,1.0
2017-08-23,50.175,50.228,50.14,50.228,49.2412,510.0,0.0,1.0
2017-08-24,50.308,50.35,50.2403,50.2403,49.2533,3456.0,0.0,1.0
2017-08-25,50.36,50.543,50.36,50.47,49.4785,4159.0,0.0,1.0
2017-08-28,50.242,50.2694,50.1788,50.1788,49.19300000000001,3944.0,0.0,1.0
2017-08-29,50.04,50.1,49.87,49.87,48.8902,25116.0,0.0,1.0
2017-08-30,49.94,49.989,49.86,49.86,48.8804,2515.0,0.0,1.0
2017-08-31,49.87,50.23,49.87,50.22,49.2334,2466.0,0.0,1.0
2017-09-01,50.34,50.34,50.07,50.07,49.0863,4023.0,0.0,1.0
2017-09-05,50.25,50.25,49.89,50.01,49.0275,41691.0,0.0,1.0
2017-09-06,49.9258,50.075,49.92,50.0395,49.0564,13590.0,0.0,1.0
2017-09-07,50.36,50.6089,50.35,50.6,49.6059,17858.0,0.0,1.0
2017-09-08,50.74,51.04,50.74,50.93,49.9294,4942.0,0.0,1.0
2017-09-11,51.3981,51.4399,51.34,51.34,50.3314,1558.0,0.0,1.0
2017-09-12,51.44,51.47,51.261,51.41,50.4,3450.0,0.0,1.0
2017-09-13,51.3068,51.3068,50.98,50.99,49.9882,2580.0,0.0,1.0
2017-09-14,51.08,51.28,51.07,51.21,50.2039,6225.0,0.0,1.0
2017-09-15,51.33,51.4,51.16,51.31,50.3019,4052.0,0.0,1.0
2017-09-18,51.45,51.4699,51.25,51.3,50.2921,5766.0,0.0,1.0
2017-09-19,51.44,51.55,51.4304,51.49,50.4784,4008.0,0.0,1.0
2017-09-20,51.49,51.49,50.98,50.98,49.9784,30673.0,0.0,1.0
2017-09-21,50.9162,50.93,50.82,50.82,49.8216,12313.0,0.0,1.0
2017-09-22,51.11,51.1286,51.04,51.06,50.0569,3421.0,0.0,1.0
2017-09-25,50.93,51.01,50.84,50.84,49.8412,8740.0,0.0,1.0
2017-09-26,50.53,50.7024,50.39,50.5337,49.5409,5235.0,0.0,1.0
2017-09-27,50.0,50.35,50.0,50.3,49.3118,6222.0,0.0,1.0
2017-09-28,50.49,50.77,50.4796,50.75,49.753,8824.0,0.0,1.0
2017-09-29,51.13,51.37,51.13,51.37,50.3608,1676.0,0.0,1.0
2017-10-02,51.33,51.37,51.1,51.1,50.0961,6034.0,0.0,1.0
2017-10-03,51.4,51.535,51.36,51.5,50.4882,25306.0,0.0,1.0
2017-10-04,51.51,51.61,51.4,51.48,50.4686,5660.0,0.0,1.0
2017-10-05,51.331,51.45,51.3301,51.41,50.4,7793.0,0.0,1.0
2017-10-06,50.87,51.12,50.87,51.02,50.0176,4152.0,0.0,1.0
2017-10-09,51.31,51.31,51.15,51.15,50.1451,46512.0,0.0,1.0
2017-10-10,51.66,51.8,51.66,51.8,50.7823,3841.0,0.0,1.0
2017-10-11,51.9157,51.9157,51.75,51.75,50.7333,9668.0,0.0,1.0
2017-10-12,51.91,51.96,51.81,51.92,50.9,2994.0,0.0,1.0
2017-10-13,52.08,52.129,52.0001,52.129,51.1049,2937.0,0.0,1.0
2017-10-16,51.64,51.73,51.64,51.73,50.7137,1271.0,0.0,1.0
2017-10-17,51.4,51.4,51.21,51.37,50.3608,6450.0,0.0,1.0
2017-10-18,51.3201,51.559,51.3201,51.42,50.4098,3235.0,0.0,1.0
2017-10-19,51.2365,51.4,51.2365,51.4,50.3902,2025.0,0.0,1.0
2017-10-20,51.18,51.258,51.122,51.125,50.1206,4662.0,0.0,1.0
2017-10-23,51.3341,51.3341,51.1713,51.18,50.1745,2771.0,0.0,1.0
2017-10-24,51.02,51.02,50.86,50.95,49.949,9957.0,0.0,1.0
2017-10-25,51.11,51.13,50.8601,51.0,49.99800000000001,3008.0,0.0,1.0
2017-10-26,51.3,51.4972,51.3,51.45,50.4392,2792.0,0.0,1.0
2017-10-27,51.35,51.35,51.205,51.26,50.2529,3556.0,0.0,1.0
2017-10-30,51.3,51.37,51.17,51.37,50.3608,4172.0,0.0,1.0
2017-10-31,51.4313,51.5068,51.43,51.43,50.4196,1207.0,0.0,1.0
2017-11-01,51.52,51.575,51.365,51.37,50.3608,5045.0,0.0,1.0
2017-11-02,51.38,51.43,51.31,51.43,50.4196,1457.0,0.0,1.0
2017-11-03,51.63,51.76,51.52,51.71,50.6941,2661.0,0.0,1.0
2017-11-06,51.8,51.8,51.6052,51.69,50.6745,5469.0,0.0,1.0
2017-11-07,51.5708,51.5708,51.42,51.4662,50.4551,3414.0,0.0,1.0
2017-11-08,51.45,51.63,51.45,51.6,50.5863,6742.0,0.0,1.0
2017-11-09,51.03,51.21,50.93,51.21,50.2039,6077.0,0.0,1.0
2017-11-10,51.01,51.12,50.9956,51.1,50.0961,6758.0,0.0,1.0
2017-11-13,50.46,50.83,50.4,50.72,49.7235,22007.0,0.0,1.0
2017-11-14,50.87,51.02,50.87,51.02,50.0176,2746.0,0.0,1.0
2017-11-15,50.61,50.79,50.5608,50.61,49.6157,4168.0,0.0,1.0
2017-11-16,51.12,51.12,50.96,50.96,49.9588,1490.0,0.0,1.0
2017-11-17,50.99,51.16,50.84,51.13,50.1255,20891.0,0.0,1.0
2017-11-20,51.32,51.54,51.32,51.34,50.3314,7236.0,0.0,1.0
2017-11-21,51.81,51.85,51.72,51.72,50.7039,14281.0,0.0,1.0
2017-11-22,51.978,51.99,51.77,51.84,50.8215,7331.0,0.0,1.0
2017-11-24,52.07,52.07,52.07,52.07,51.047,230.0,0.0,1.0
2017-11-27,51.8899,51.8899,51.6102,51.62,50.6059,2085.0,0.0,1.0
2017-11-28,51.7344,51.98,51.7085,51.948,50.9274,4817.0,0.0,1.0
2017-11-29,51.9,51.9,51.37,51.54,50.5274,21362.0,0.0,1.0
2017-11-30,51.7745,51.9355,51.6162,51.74,50.7235,7532.0,0.0,1.0
2017-12-01,51.78,52.03,51.6,51.95,50.9294,12893.0,0.0,1.0
2017-12-04,51.96,52.11,51.64,51.66,50.6451,29720.0,0.0,1.0
2017-12-05,51.44,51.46,51.19,51.19,50.1843,7172.0,0.0,1.0
2017-12-06,51.17,51.34,51.17,51.23,50.2235,5109.0,0.0,1.0
2017-12-07,51.25,51.319,51.2043,51.21,50.2039,2430.0,0.0,1.0
2017-12-08,51.39,51.6,51.39,51.58,50.5666,14047.0,0.0,1.0
2017-12-11,51.39,51.46,51.38,51.38,50.3706,3573.0,0.0,1.0
2017-12-12,51.31,51.4296,51.29,51.4,50.3902,6542.0,0.0,1.0
2017-12-13,51.6352,51.74,51.6,51.73,50.7137,3512.0,0.0,1.0
2017-12-14,51.9,51.9,51.72,51.75899999999999,50.7421,2159.0,0.0,1.0
2017-12-15,51.77,51.87,51.69,51.868,50.849,3741.0,0.0,1.0
2017-12-18,52.254,52.44,52.254,52.37,51.3411,5861.0,0.0,1.0
2017-12-19,52.1501,52.2699,52.05,52.2,51.1745,4545.0,0.0,1.0
2017-12-20,52.022,52.022,51.75,51.75,50.7333,13890.0,0.0,1.0
2017-12-21,51.95,52.117,51.95,52.03,51.0078,5530.0,0.0,1.0
2017-12-22,51.9869,52.0161,51.96,51.96,50.9392,1521.0,0.0,1.0
2017-12-26,51.86,52.13800000000001,51.86,51.999,50.9774,4495.0,0.0,1.0
2017-12-27,52.28,52.55,52.28,52.55,51.5176,6180.0,0.0,1.0
2017-12-28,52.869,52.87,52.82,52.82,51.7823,1251.0,0.0,1.0
2017-12-29,52.9,52.9,52.737,52.737,51.7009,3004.0,0.0,1.0
2018-01-02,52.82,52.92,52.7,52.92,51.8803,9802.0,0.0,1.0
2018-01-03,53.28,53.38,53.25,53.35,52.3019,8945.0,0.0,1.0
2018-01-04,53.74,53.91,53.74,53.91,52.8509,14947.0,0.0,1.0
2018-01-05,54.12,54.29,53.9959,54.29,53.2234,10100.0,0.0,1.0
2018-01-08,54.27,54.27,54.15,54.22,53.1548,3036.0,0.0,1.0
2018-01-09,54.1118,54.34,54.1118,54.33,53.2626,6890.0,0.0,1.0
2018-01-10,54.32,54.32,54.07,54.22,53.1548,8317.0,0.0,1.0
2018-01-11,54.28,54.49,54.28,54.43,53.3607,6774.0,0.0,1.0
2018-01-12,54.88,54.99,54.58,54.88,53.8018,5432.0,0.0,1.0
2018-01-16,55.17,55.27,55.06,55.18,54.0959,5932.0,0.0,1.0
2018-01-17,55.232,55.49,55.201,55.42,54.3312,5204.0,0.0,1.0
2018-01-18,55.39,55.43,55.2163,55.29,54.2038,10521.0,0.0,1.0
2018-01-19,55.739,55.739,55.6002,55.7132,54.6186,8075.0,0.0,1.0
2018-01-22,55.71,55.71,55.59,55.64,54.5469,5754.0,0.0,1.0
2018-01-23,55.72,55.93,55.72,55.76,54.6645,6673.0,0.0,1.0
2018-01-24,56.42,56.5,56.1,56.1,54.9978,31883.0,0.0,1.0
2018-01-25,56.609,56.7414,55.9971,56.03,54.9292,18327.0,0.0,1.0
2018-01-26,56.51,56.69,56.45,56.69,55.5763,3488.0,0.0,1.0
2018-01-29,56.45,56.45,55.97,56.07,54.9684,4527.0,0.0,1.0
2018-01-30,55.82,55.9,55.62,55.75,54.6547,24162.0,0.0,1.0
2018-01-31,56.2,56.2,55.865,55.9,54.8018,16599.0,0.0,1.0
2018-02-01,56.13,56.3,56.08,56.3,55.1939,2531.0,0.0,1.0
2018-02-02,55.37,55.6017,55.18,55.18,54.0959,16729.0,0.0,1.0
2018-02-05,54.35,54.35,53.12,53.12,52.0764,9590.0,0.0,1.0
2018-02-06,52.78,53.34,52.43,53.33,52.2823,51909.0,0.0,1.0
2018-02-07,53.15,53.53,53.1182,53.452,52.4019,17728.0,0.0,1.0
2018-02-08,53.41,53.4699,52.18,52.18,51.1549,14461.0,0.0,1.0
2018-02-09,52.52,52.52,51.34,52.27,51.2431,20585.0,0.0,1.0
2018-02-12,52.62,53.15,52.53,52.87,51.8313,10822.0,0.0,1.0
2018-02-13,54.99,54.99,52.74,52.94,51.8999,70537.0,0.0,1.0
2018-02-14,52.63,53.8853,52.63,53.83,52.7724,16605.0,0.0,1.0
2018-02-15,54.46,54.69,54.14,54.69,53.6155,9582.0,0.0,1.0
2018-02-16,54.66,54.97,54.62,54.7,53.6253,11928.0,0.0,1.0
2018-02-20,53.94,54.19,53.69,53.72,52.6646,11438.0,0.0,1.0
2018-02-21,53.9,54.06,53.786,53.92,52.8607,10670.0,0.0,1.0
2018-02-22,53.9,53.9034,53.8376,53.9034,52.8444,5379.0,0.0,1.0
2018-02-23,53.82,54.19,53.7592,54.13,53.0665,11326.0,0.0,1.0
2018-02-26,54.2,54.51,54.15,54.51,53.4391,4830.0,0.0,1.0
2018-02-27,54.16,54.37,54.0,54.11,53.0469,5410.0,0.0,1.0
2018-02-28,53.75,53.78,53.06,53.06,52.0176,7447.0,0.0,1.0
2018-03-01,52.51,52.51,51.81,52.115,51.0911,8640.0,0.0,1.0
2018-03-02,52.02,52.03,51.8,52.0,50.9784,5529.0,0.0,1.0
2018-03-05,52.28,52.665,52.19,52.665,51.6303,3764.0,0.0,1.0
2018-03-06,53.15,53.2944,53.15,53.21,52.1646,3359.0,0.0,1.0
2018-03-07,52.83,53.12,52.68,52.96,51.9195,9816.0,0.0,1.0
2018-03-08,53.16,53.1852,52.9201,52.94,51.8999,5792.0,0.0,1.0
2018-03-09,53.3,54.65,53.3,53.61,52.5568,13764.0,0.0,1.0
2018-03-12,53.705,53.74,53.695,53.7,52.645,4412.0,0.0,1.0
2018-03-13,53.81,53.9899,53.25,53.3,52.2529,7981.0,0.0,1.0
2018-03-14,53.4919,53.4919,53.26,53.27,52.2234,10351.0,0.0,1.0
2018-03-15,53.32,53.54600000000001,53.31,53.46,52.4097,4768.0,0.0,1.0
2018-03-16,53.23,53.35,53.02,53.02,51.9784,3384.0,0.0,1.0
2018-03-19,53.28,53.28,52.969,52.98,51.9391,4237.0,0.0,1.0
2018-03-20,52.85,52.96,52.85,52.96,51.9195,3052.0,0.0,1.0
2018-03-21,52.73,52.73,52.5699,52.7,51.6646,2175.0,0.0,1.0
2018-03-22,52.09,52.28,51.85,51.85,50.8313,2621.0,0.0,1.0
2018-03-23,51.9,52.072,51.808,51.808,50.7902,17653.0,0.0,1.0
2018-03-26,52.31,52.53,51.82,52.188,51.1627,13036.0,0.0,1.0
2018-03-27,52.19,52.43,51.8878,52.02,50.99800000000001,3118.0,0.0,1.0
2018-03-28,52.06,52.33,51.9574,52.1,51.0764,11347.0,0.0,1.0
2018-03-29,51.981,52.49,51.981,52.44,51.4097,5381.0,0.0,1.0
2018-04-02,52.44,52.44,51.5601,51.77,50.7529,2965.0,0.0,1.0
2018-04-03,51.56,51.5794,51.38,51.3887,50.3791,2539.0,0.0,1.0
2018-04-04,50.65,51.16,50.47,51.1597,50.1546,6967.0,0.0,1.0
2018-04-05,51.62,51.726000000000006,51.5327,51.726000000000006,50.7098,1602.0,0.0,1.0
2018-04-06,51.95,51.95,51.4,51.4,50.3902,1989.0,0.0,1.0
2018-04-09,51.63,51.8243,51.5862,51.81,50.7921,2223.0,0.0,1.0
2018-04-10,52.0564,52.0564,51.99,52.0,50.9784,1913.0,0.0,1.0
2018-04-11,51.68,51.7004,51.46,51.46,50.449,2855.0,0.0,1.0
2018-04-12,51.78,52.049,51.71,52.03,51.0078,4551.0,0.0,1.0
2018-04-13,51.89,51.89,51.86,51.8852,50.8658,1897.0,0.0,1.0
2018-04-16,51.9118,52.0912,51.8917,51.8917,50.8722,4622.0,0.0,1.0
2018-04-17,52.35,52.45,52.15,52.375,51.346,3286.0,0.0,1.0
2018-04-18,52.61,52.67,52.56,52.62,51.5862,7000.0,0.0,1.0
2018-04-19,52.6586,52.6586,52.4,52.53,51.49800000000001,17276.0,0.0,1.0
2018-04-20,52.31,52.3708,52.31,52.33,51.3019,1242.0,0.0,1.0
2018-04-23,52.33,52.5869,52.33,52.51,51.4784,3925.0,0.0,1.0
2018-04-24,52.63,52.63,52.05,52.12,51.096,4606.0,0.0,1.0
2018-04-25,51.66,51.9,51.5,51.9,50.8804,2499.0,0.0,1.0
2018-04-26,52.19,52.26,52.19,52.26,51.2333,733.0,0.0,1.0
2018-04-27,52.26,52.26,52.26,52.26,51.2333,412.0,0.0,1.0
2018-04-30,52.0147,52.04,52.0147,52.019,50.997,1087.0,0.0,1.0
2018-05-01,51.7401,51.82,51.511,51.71,50.6941,5840.0,0.0,1.0
2018-05-02,52.21,52.21,51.9301,51.9301,50.9099,2791.0,0.0,1.0
2018-05-03,52.08,52.08,51.73,52.07,51.047,3138.0,0.0,1.0
2018-05-04,51.817,51.87,51.817,51.87,50.8509,1576.0,0.0,1.0
2018-05-07,52.23,52.35,52.23,52.28,51.2529,7369.0,0.0,1.0
2018-05-08,52.25,52.35,52.2005,52.35,51.3215,2545.0,0.0,1.0
2018-05-09,52.46,52.63,52.3652,52.58,51.547,4803.0,0.0,1.0
2018-05-10,52.6144,52.94,52.6144,52.85,51.8117,3440.0,0.0,1.0
2018-05-11,53.06,53.06,52.97,52.97,51.9293,2843.0,0.0,1.0
2018-05-14,53.0528,53.1,52.92,52.92,51.8803,1308.0,0.0,1.0
2018-05-15,52.8191,53.07,52.8191,53.0088,51.9674,6284.0,0.0,1.0
2018-05-16,53.0,53.1,52.87,52.94,51.8999,4292.0,0.0,1.0
2018-05-17,52.92,53.06,52.92,53.02,51.9784,3039.0,0.0,1.0
2018-05-18,53.1,53.1492,52.83,53.0736,52.0309,6807.0,0.0,1.0
2018-05-21,53.28,53.33,53.12,53.25,52.2038,5832.0,0.0,1.0
2018-05-22,53.48,53.48,53.23,53.23,52.1842,5276.0,0.0,1.0
2018-05-23,52.6,52.63,52.34,52.49,51.4588,18110.0,0.0,1.0
2018-05-24,52.5,52.54,52.32,52.42,51.3901,3486.0,0.0,1.0
2018-05-25,52.49,52.5,52.31,52.49,51.4588,2978.0,0.0,1.0
2018-05-29,51.88,51.9476,51.56,51.56,50.547,9029.0,0.0,1.0
2018-05-30,51.72,51.89,51.67,51.82,50.8019,2182.0,0.0,1.0
2018-05-31,51.71,51.8,51.57,51.75,50.7333,8789.0,0.0,1.0
2018-06-01,52.42,52.4509,52.25,52.29,51.2627,6854.0,0.0,1.0
2018-06-04,52.61,52.79,52.3057,52.4157,51.3859,4410.0,0.0,1.0
2018-06-05,52.61,52.65,52.4562,52.5106,51.479,8093.0,0.0,1.0
2018-06-06,52.38,52.8599,52.38,52.8599,51.8214,4018.0,0.0,1.0
2018-06-07,52.925,53.03,52.63,52.63,51.596,1554.0,0.0,1.0
2018-06-08,52.44,52.6875,52.44,52.6875,51.6524,1796.0,0.0,1.0
2018-06-11,53.1,53.1745,53.08,53.08,52.0372,2199.0,0.0,1.0
2018-06-12,53.42,53.42,53.1858,53.295,52.24800000000001,3461.0,0.0,1.0
2018-06-13,53.5039,53.555,53.35,53.35,52.3019,1286.0,0.0,1.0
2018-06-14,53.37,53.58,53.28100000000001,53.33,52.2823,3615.0,0.0,1.0
2018-06-15,52.88,52.9506,52.85,52.93,51.8901,4624.0,0.0,1.0
2018-06-18,52.27,52.27,52.2201,52.26,51.2333,3221.0,0.0,1.0
2018-06-19,51.62,51.76,51.4998,51.76,50.7431,4120.0,0.0,1.0
2018-06-20,51.69,51.89,51.41,51.59,50.5764,65961.0,0.0,1.0
2018-06-21,50.39,50.4066,50.01,50.01,50.01,58054.0,1.0022,1.0
2018-06-22,50.91,51.0999,50.76,50.76,50.76,15084.0,0.0,1.0
2018-06-25,50.24,50.3468,50.08,50.14,50.14,11999.0,0.0,1.0
2018-06-26,50.36,50.36,50.12,50.16,50.16,18242.0,0.0,1.0
2018-06-27,50.4,50.4,49.67,49.68,49.68,6614.0,0.0,1.0
2018-06-28,49.43,49.6,49.3,49.45,49.45,7516.0,0.0,1.0
2018-06-29,50.34,50.38,50.26,50.26,50.26,3289.0,0.0,1.0
2018-07-02,49.61,49.7,49.55,49.68,49.68,3787.0,0.0,1.0
2018-07-03,50.09,50.1592,49.98,49.9879,49.9879,2233.0,0.0,1.0
2018-07-05,50.35,50.41,50.2637,50.27,50.27,6248.0,0.0,1.0
2018-07-06,50.5343,50.7197,50.5024,50.61,50.61,44657.0,0.0,1.0
2018-07-09,50.98,51.02,50.861,50.91,50.91,14640.0,0.0,1.0
2018-07-10,50.94,51.0328,50.93,51.03,51.03,23405.0,0.0,1.0
2018-07-11,50.66,50.7238,50.341,50.38,50.38,12923.0,0.0,1.0
2018-07-12,50.38,50.63,50.38,50.5,50.5,3922.0,0.0,1.0
2018-07-13,50.6,50.73,50.54,50.72,50.72,7881.0,0.0,1.0
2018-07-16,50.9153,51.0272,50.9153,50.98,50.98,3556.0,0.0,1.0
2018-07-17,50.91,51.05,50.91,51.05,51.05,10372.0,0.0,1.0
2018-07-18,51.06,51.103,50.96,50.96,50.96,2044.0,0.0,1.0
2018-07-19,50.69,50.84,50.541,50.8,50.8,5327.0,0.0,1.0
2018-07-20,51.1,51.13,51.041,51.12,51.12,3052.0,0.0,1.0
2018-07-23,51.1204,51.1316,51.05,51.075,51.075,1634.0,0.0,1.0
2018-07-24,51.43,51.475,51.15,51.18,51.18,22302.0,0.0,1.0
2018-07-25,51.45,51.65,51.42,51.65,51.65,1511.0,0.0,1.0
2018-07-26,51.7108,51.7108,51.56,51.56,51.56,3656.0,0.0,1.0
2018-07-27,51.7665,51.8103,51.5654,51.62,51.62,6502.0,0.0,1.0
2018-07-30,51.96,52.0068,51.81,51.81,51.81,1781.0,0.0,1.0
2018-07-31,51.96,51.96,51.6072,51.6072,51.6072,3066.0,0.0,1.0
2018-08-01,51.48,51.4983,51.2475,51.3,51.3,30045.0,0.0,1.0
2018-08-02,51.23,51.7187,51.23,51.38,51.38,37700.0,0.0,1.0
2018-08-03,51.4,51.5699,51.27,51.53,51.53,10500.0,0.0,1.0
2018-08-06,51.38,51.62,51.14,51.62,51.62,12839.0,0.0,1.0
2018-08-07,51.92,52.0,51.88,52.0,52.0,10404.0,0.0,1.0
2018-08-08,51.708,52.0,51.708,52.0,52.0,1169.0,0.0,1.0
2018-08-09,52.05,52.1738,52.0168,52.0168,52.0168,6869.0,0.0,1.0
2018-08-10,51.43,51.43,51.18,51.212,51.212,5448.0,0.0,1.0
2018-08-13,51.1957,51.1957,51.03,51.03,51.03,2152.0,0.0,1.0
2018-08-14,51.12,51.2,51.12,51.15,51.15,4296.0,0.0,1.0
2018-08-15,50.57,50.63,50.3845,50.59,50.59,3111.0,0.0,1.0
2018-08-16,50.7806,50.8083,50.59,50.59,50.59,9241.0,0.0,1.0
2018-08-17,50.46,50.91,50.46,50.91,50.91,2363.0,0.0,1.0
2018-08-20,51.03,51.07899999999999,51.03,51.07899999999999,51.07899999999999,1055.0,0.0,1.0
2018-08-21,51.53,51.68,51.53,51.62,51.62,2117.0,0.0,1.0
2018-08-22,51.91,51.955,51.83,51.9318,51.9318,5765.0,0.0,1.0
2018-08-23,51.96,52.14,51.96,51.96,51.96,2011.0,0.0,1.0
2018-08-24,52.1722,52.1733,52.15,52.15,52.15,672.0,0.0,1.0
2018-08-27,52.5,52.61,52.5,52.59,52.59,4957.0,0.0,1.0
2018-08-28,52.7949,52.8037,52.59,52.59,52.59,2736.0,0.0,1.0
2018-08-29,52.7313,52.87,52.6959,52.79,52.79,11625.0,0.0,1.0
2018-08-30,52.63,52.63,52.3477,52.49,52.49,9458.0,0.0,1.0
2018-08-31,52.37,52.39,52.22,52.2546,52.2546,9631.0,0.0,1.0
