date,1. open,2. high,3. low,4. close,5. adjusted close,6. volume,7. dividend amount,8. split coefficient
2013-10-24,25.49,25.49,24.98,25.061,23.7192,17687.0,0.0,1.0
2013-10-25,25.28,25.2899,25.06,25.13,23.7845,41667.0,0.0,1.0
2013-10-28,25.16,25.185,25.051,25.15,23.8035,50547.0,0.0,1.0
2013-10-29,25.43,25.43,25.15,25.27,23.917,44745.0,0.0,1.0
2013-10-30,25.42,25.42,25.1,25.151,23.8044,186437.0,0.0,1.0
2013-10-31,25.1,25.59,25.055,25.2,23.8508,14366.0,0.0,1.0
2013-11-01,25.26,25.26,25.0199,25.14,23.794,20563.0,0.0,1.0
2013-11-04,25.24,25.24,25.11,25.21,23.8603,44051.0,0.0,1.0
2013-11-05,25.18,25.275,25.1,25.23,23.8792,32419.0,0.0,1.0
2013-11-06,25.49,25.49,25.3,25.4,24.0401,96501.0,0.0,1.0
2013-11-07,25.47,25.49,25.06,25.07,23.7278,48970.0,0.0,1.0
2013-11-08,25.21,25.33,25.091,25.33,23.9738,13659.0,0.0,1.0
2013-11-11,25.37,25.4,25.25,25.37,24.0117,67364.0,0.0,1.0
2013-11-12,25.35,25.4999,25.31,25.46,24.0969,220547.0,0.0,1.0
2013-11-13,25.4,25.72,25.38,25.72,24.343,21177.0,0.0,1.0
2013-11-14,25.66,25.66,25.521,25.635,24.2625,24394.0,0.0,1.0
2013-11-15,25.73,25.74,25.63,25.74,24.3619,27895.0,0.0,1.0
2013-11-18,25.81,25.81,25.49,25.5,24.1347,56161.0,0.0,1.0
2013-11-19,25.58,25.58,25.39,25.39,24.0306,24324.0,0.0,1.0
2013-11-20,25.53,25.55,25.32,25.37,24.0117,27705.0,0.0,1.0
2013-11-21,25.5,25.61,25.44,25.61,24.2388,43034.0,0.0,1.0
2013-11-22,25.67,25.67,25.551,25.571,24.2019,27087.0,0.0,1.0
2013-11-25,25.69,25.69,25.47,25.53,24.1631,42527.0,0.0,1.0
2013-11-26,25.6,25.7399,25.54,25.68,24.3051,36819.0,0.0,1.0
2013-11-27,25.78,25.9,25.741,25.9,24.5133,29269.0,0.0,1.0
2013-11-29,26.01,26.0799,25.981,25.99,24.5985,43450.0,0.0,1.0
2013-12-02,26.07,26.07,25.861,25.87,24.4849,43657.0,0.0,1.0
2013-12-03,25.86,25.98,25.83,25.92,24.5322,34792.0,0.0,1.0
2013-12-04,25.92,26.0601,25.8399,26.0,24.608,60390.0,0.0,1.0
2013-12-05,26.13,26.13,25.961,26.0,24.608,25411.0,0.0,1.0
2013-12-06,26.18,26.21,26.08,26.155,24.7547,47180.0,0.0,1.0
2013-12-09,26.3,26.3,26.2,26.23,24.8256,63156.0,0.0,1.0
2013-12-10,26.23,26.2499,26.15,26.221,24.8171,41401.0,0.0,1.0
2013-12-11,26.28,26.28,25.9,25.92,24.5322,57867.0,0.0,1.0
2013-12-12,25.98,25.98,25.8,25.8,24.4187,32512.0,0.0,1.0
2013-12-13,25.82,25.9,25.771,25.82,24.4376,27293.0,0.0,1.0
2013-12-16,25.94,26.0799,25.885,26.04,24.6458,79745.0,0.0,1.0
2013-12-17,26.1,26.1299,26.021,26.08,24.6837,39043.0,0.0,1.0
2013-12-18,26.1,26.27,25.75,26.27,24.8635,83404.0,0.0,1.0
2013-12-19,26.29,26.32,26.2,26.3,24.8919,57501.0,0.0,1.0
2013-12-20,26.34,26.61,26.31,26.61,25.2317,66429.0,0.049,1.0
2013-12-23,26.78,27.23,26.695,26.87,25.4782,106647.0,0.0,1.0
2013-12-24,26.93,26.94,26.87,26.91,25.5161,38065.0,0.0,1.0
2013-12-26,27.02,27.02,26.951,26.99,25.592,73795.0,0.0,1.0
2013-12-27,27.14,27.14,26.94,26.94,25.5446,59400.0,0.0,1.0
2013-12-30,26.96,26.96,26.83,26.92,25.5256,67560.0,0.0,1.0
2013-12-31,27.01,27.1099,26.9401,27.09,25.6868,73690.0,0.0,1.0
2014-01-02,27.05,27.05,26.77,26.82,25.4308,62859.0,0.0,1.0
2014-01-03,26.92,26.92,26.69,26.76,25.3739,71278.0,0.0,1.0
2014-01-06,26.81,26.81,26.609,26.69,25.3075,86583.0,0.0,1.0
2014-01-07,26.84,26.9699,26.75,26.93,25.5351,60420.0,0.0,1.0
2014-01-08,26.96,27.01,26.9,26.96,25.5635,72602.0,0.0,1.0
2014-01-09,27.09,27.09,26.761,26.84,25.4498,76454.0,0.0,1.0
2014-01-10,26.95,26.97,26.761,26.9,25.5067,41804.0,0.0,1.0
2014-01-13,26.92,27.0,26.501,26.57,25.1937,132757.0,0.0,1.0
2014-01-14,26.68,27.12,26.68,27.09,25.6868,63413.0,0.0,1.0
2014-01-15,27.24,27.45,27.15,27.399,25.9798,119064.0,0.0,1.0
2014-01-16,27.49,27.49,27.3501,27.41,25.9902,241217.0,0.0,1.0
2014-01-17,27.39,27.39,27.2,27.24,25.829,140809.0,0.0,1.0
2014-01-21,27.44,27.44,27.2,27.35,25.9333,75928.0,0.0,1.0
2014-01-22,27.39,27.421,27.321,27.42,25.9997,54338.0,0.0,1.0
2014-01-23,27.37,27.37,27.115,27.27,25.8575,78256.0,0.0,1.0
2014-01-24,27.24,27.24,26.7,26.705,25.3218,113354.0,0.0,1.0
2014-01-27,26.79,26.79,26.25,26.41,25.042,96250.0,0.0,1.0
2014-01-28,26.23,26.325,26.1,26.304,24.9415,88827.0,0.0,1.0
2014-01-29,26.22,26.2599,26.011,26.059,24.7092,68627.0,0.0,1.0
2014-01-30,26.6,26.6,26.301,26.5,25.1274,58323.0,0.0,1.0
2014-01-31,26.3,26.56,26.26,26.4799,25.1083,44740.0,0.0,1.0
2014-02-03,26.38,26.5,25.831,25.88,24.5395,263339.0,0.0,1.0
2014-02-04,26.04,26.0999,25.8801,26.03,24.6817,94199.0,0.0,1.0
2014-02-05,26.02,26.094,25.73,26.01,24.6628,83147.0,0.0,1.0
2014-02-06,26.09,26.3399,26.09,26.321,24.9576,25964.0,0.0,1.0
2014-02-07,26.54,26.73,26.43,26.721,25.3369,87319.0,0.0,1.0
2014-02-10,26.76,26.81,26.72,26.81,25.4213,45147.0,0.0,1.0
2014-02-11,26.84,27.15,26.84,27.1,25.6963,111032.0,0.0,1.0
2014-02-12,27.18,27.26,27.121,27.2,25.7911,96081.0,0.0,1.0
2014-02-13,27.1,27.45,27.035,27.45,26.0282,69947.0,0.0,1.0
2014-02-14,27.45,27.559,27.37,27.52,26.0945,46059.0,0.0,1.0
2014-02-18,27.57,27.66,27.49,27.61,26.1799,99647.0,0.0,1.0
2014-02-19,27.62,27.68,27.444,27.46,26.0376,86789.0,0.0,1.0
2014-02-20,27.41,27.62,27.39,27.6,26.1704,86909.0,0.0,1.0
2014-02-21,27.72,27.73,27.53,27.55,26.123,103420.0,0.0,1.0
2014-02-24,27.6,27.8,27.52,27.71,26.2747,97595.0,0.0,1.0
2014-02-25,27.75,27.75,27.51,27.59,26.1609,52322.0,0.0,1.0
2014-02-26,27.73,27.79,27.59,27.67,26.2368,50102.0,0.0,1.0
2014-02-27,27.71,27.89,27.67,27.86,26.4169,43412.0,0.0,1.0
2014-02-28,27.92,27.99,27.5581,27.77,26.3316,49249.0,0.0,1.0
2014-03-03,27.6,27.64,27.3183,27.56,26.1325,93220.0,0.0,1.0
2014-03-04,27.92,28.06,27.8999,28.029,26.5772,51611.0,0.0,1.0
2014-03-05,28.1,28.11,28.0,28.07,26.6161,43110.0,0.0,1.0
2014-03-06,28.17,28.17,28.0299,28.06,26.6066,44020.0,0.0,1.0
2014-03-07,28.19,28.19,27.869,27.9315,26.4847,34656.0,0.0,1.0
2014-03-10,28.04,28.04,27.81,27.88,26.4359,73235.0,0.0,1.0
2014-03-11,27.98,28.031,27.721,27.79,26.3506,22671.0,0.0,1.0
2014-03-12,27.73,27.8699,27.5501,27.8699,26.4263,37039.0,0.0,1.0
2014-03-13,28.03,28.03,27.379,27.44,26.0187,58275.0,0.0,1.0
2014-03-14,27.45,27.5,27.281,27.3,25.8859,51693.0,0.0,1.0
2014-03-17,27.42,27.69,27.42,27.61,26.1799,42919.0,0.0,1.0
2014-03-18,27.72,28.0497,27.69,28.03,26.5781,33463.0,0.0,1.0
2014-03-19,28.09,28.09,27.805,27.89,26.4454,47331.0,0.0,1.0
2014-03-20,27.91,28.13,27.8004,28.06,26.6066,53067.0,0.0,1.0
2014-03-21,28.12,28.1494,27.77,27.81,26.4425,43573.0,0.077,1.0
2014-03-24,27.93,27.96,27.4501,27.68,26.3189,63910.0,0.0,1.0
2014-03-25,27.83,27.97,27.61,27.83,26.4615,27168.0,0.0,1.0
2014-03-26,28.0,28.01,27.425,27.43,26.0812,65000.0,0.0,1.0
2014-03-27,27.45,27.45,27.16,27.26,25.9196,63685.0,0.0,1.0
2014-03-28,27.36,27.6,27.3,27.37,26.0242,31879.0,0.0,1.0
2014-03-31,27.59,27.739,27.54,27.65,26.2904,55704.0,0.0,1.0
2014-04-01,27.77,28.02,27.73,28.02,26.6422,47659.0,0.0,1.0
2014-04-02,28.15,28.15,27.93,28.04,26.6612,31200.0,0.0,1.0
2014-04-03,28.16,28.16,27.7274,27.81,26.4425,129795.0,0.0,1.0
2014-04-04,27.98,27.98,27.0889,27.15,25.815,76288.0,0.0,1.0
2014-04-07,26.98,27.18,26.75,26.91,25.5868,126995.0,0.0,1.0
2014-04-08,26.84,27.1801,26.84,27.14,25.8055,39932.0,0.0,1.0
2014-04-09,27.17,27.6,27.17,27.58,26.2238,46454.0,0.0,1.0
2014-04-10,27.61,27.62,26.8,26.87,25.5488,62593.0,0.0,1.0
2014-04-11,26.69,26.86,26.44,26.5,25.1969,90825.0,0.0,1.0
2014-04-14,26.66,26.8499,26.54,26.7,25.3871,50102.0,0.0,1.0
2014-04-15,26.86,26.9399,26.36,26.86,25.5392,208728.0,0.0,1.0
2014-04-16,27.01,27.15,26.86,27.14,25.8055,26722.0,0.0,1.0
2014-04-17,27.04,27.2399,26.92,27.14,25.8055,98013.0,0.0,1.0
2014-04-21,27.2,27.2701,27.1101,27.25,25.9101,28102.0,0.0,1.0
2014-04-22,27.33,27.47,27.21,27.4001,26.0528,48403.0,0.0,1.0
2014-04-23,27.32,27.32,27.16,27.1699,25.8339,28339.0,0.0,1.0
2014-04-24,27.63,27.63,27.25,27.38,26.0337,38363.0,0.0,1.0
2014-04-25,27.28,27.29,26.9,26.92,25.5963,53998.0,0.0,1.0
2014-04-28,27.06,27.2499,26.73,27.07,25.7389,32142.0,0.0,1.0
2014-04-29,27.21,27.35,27.12,27.32,25.9766,110462.0,0.0,1.0
2014-04-30,27.25,27.44,27.18,27.39,26.0432,1278889.0,0.0,1.0
2014-05-01,27.36,27.5899,27.32,27.41,26.0622,46168.0,0.0,1.0
2014-05-02,27.43,27.49,27.34,27.3799,26.0336,32279.0,0.0,1.0
2014-05-05,27.18,27.4499,27.15,27.4399,26.0906,32911.0,0.0,1.0
2014-05-06,27.36,27.4,27.13,27.1399,25.8054,30505.0,0.0,1.0
2014-05-07,27.13,27.17,26.73,27.04,25.7104,44801.0,0.0,1.0
2014-05-08,27.0,27.36,26.92,27.03,25.7009,32002.0,0.0,1.0
2014-05-09,27.05,27.12,26.8801,27.12,25.7865,32108.0,0.0,1.0
2014-05-12,27.21,27.59,27.21,27.55,26.1953,68719.0,0.0,1.0
2014-05-13,27.58,27.681,27.5143,27.57,26.2143,93844.0,0.0,1.0
2014-05-14,27.55,27.55,27.36,27.38,26.0337,165431.0,0.0,1.0
2014-05-15,27.39,27.43,27.03,27.2,25.8625,44321.0,0.0,1.0
2014-05-16,27.25,27.36,27.05,27.36,26.0147,24881.0,0.0,1.0
2014-05-19,27.36,27.64,27.36,27.62,26.2619,23540.0,0.0,1.0
2014-05-20,27.64,27.64,27.34,27.42,26.0717,22344.0,0.0,1.0
2014-05-21,27.4842,27.6617,27.4842,27.6617,26.3015,35455.0,0.0,1.0
2014-05-22,27.66,27.8199,27.6229,27.73,26.3665,38724.0,0.0,1.0
2014-05-23,27.72,27.99,27.72,27.9899,26.6136,34688.0,0.0,1.0
2014-05-27,28.1,28.28,28.0789,28.28,26.8894,59097.0,0.0,1.0
2014-05-28,28.24,28.3095,28.17,28.23,26.8419,1182341.0,0.0,1.0
2014-05-29,28.34,28.38,28.27,28.38,26.9845,45397.0,0.0,1.0
2014-05-30,28.42,28.42,28.21,28.36,26.9655,119366.0,0.0,1.0
2014-06-02,28.45,28.45,28.17,28.2885,26.8975,42704.0,0.0,1.0
2014-06-03,28.22,28.32,28.14,28.28,26.8894,153487.0,0.0,1.0
2014-06-04,28.26,28.38,28.16,28.3403,26.9468,43786.0,0.0,1.0
2014-06-05,28.46,28.62,28.2899,28.6,27.1937,54450.0,0.0,1.0
2014-06-06,28.71,28.7899,28.67,28.75,27.3363,54675.0,0.0,1.0
2014-06-09,28.79,28.92,28.76,28.86,27.4409,72887.0,0.0,1.0
2014-06-10,28.96,28.96,28.82,28.9,27.4789,51134.0,0.0,1.0
2014-06-11,28.8,28.93,28.7701,28.87,27.4504,131702.0,0.0,1.0
2014-06-12,29.3,29.3,28.53,28.62,27.2127,46914.0,0.0,1.0
2014-06-13,28.85,28.8502,28.65,28.8,27.3839,87157.0,0.0,1.0
2014-06-16,28.76,28.8913,28.7,28.84,27.4219,36697.0,0.0,1.0
2014-06-17,28.88,29.01,28.8,28.9504,27.5269,74470.0,0.0,1.0
2014-06-18,29.03,29.09,28.83,29.09,27.6596,55409.0,0.0,1.0
2014-06-19,29.15,29.15,28.89,28.99,27.5645,35154.0,0.0,1.0
2014-06-20,28.96,28.96,28.82,28.87,27.517,43817.0,0.07,1.0
2014-06-23,28.85,28.98,28.84,28.98,27.6218,207117.0,0.0,1.0
2014-06-24,29.03,29.15,28.76,28.81,27.4598,59385.0,0.0,1.0
2014-06-25,28.75,29.0,28.75,28.98,27.6218,709490.0,0.0,1.0
2014-06-26,29.07,29.07,28.75,28.94,27.5837,21095.0,0.0,1.0
2014-06-27,28.91,29.09,28.91,29.09,27.7267,34322.0,0.0,1.0
2014-06-30,29.19,29.25,29.1001,29.1691,27.8021,50211.0,0.0,1.0
2014-07-01,29.21,29.6,29.1801,29.51,28.127,59464.0,0.0,1.0
2014-07-02,29.54,29.5499,29.44,29.45,28.0698,81633.0,0.0,1.0
2014-07-03,29.56,29.62,29.47,29.6,28.2128,28470.0,0.0,1.0
2014-07-07,29.6,29.62,29.47,29.56,28.1746,52479.0,0.0,1.0
2014-07-08,29.52,29.52,29.031,29.2,27.8315,84780.0,0.0,1.0
2014-07-09,29.29,29.34,29.1618,29.29,27.9173,27956.0,0.0,1.0
2014-07-10,29.03,29.3399,28.82,29.2188,27.8494,36048.0,0.0,1.0
2014-07-11,29.27,29.33,29.18,29.2987,27.9256,32895.0,0.0,1.0
2014-07-14,29.54,29.61,29.4501,29.54,28.1556,59519.0,0.0,1.0
2014-07-15,29.72,29.72,29.27,29.45,28.0698,53850.0,0.0,1.0
2014-07-16,29.75,29.77,29.609,29.68,28.289,65253.0,0.0,1.0
2014-07-17,29.7,29.7099,29.2101,29.3,27.9268,68672.0,0.0,1.0
2014-07-18,29.688,29.71,29.439,29.68,28.289,48317.0,0.0,1.0
2014-07-21,29.61,29.74,29.5279,29.69,28.2985,47790.0,0.0,1.0
2014-07-22,29.88,29.96,29.8,29.93,28.5273,188776.0,0.0,1.0
2014-07-23,30.05,30.06,29.88,29.96,28.5559,62619.0,0.0,1.0
2014-07-24,30.07,30.07,29.922,30.0,28.594,74573.0,0.0,1.0
2014-07-25,29.99,29.99,29.7515,29.86,28.4606,52432.0,0.0,1.0
2014-07-28,29.9,29.98,29.66,29.92,28.5178,254593.0,0.0,1.0
2014-07-29,30.06,30.06,29.8,29.8,28.4034,148707.0,0.0,1.0
2014-07-30,29.93,29.99,29.8,29.91,28.5082,84012.0,0.0,1.0
2014-07-31,29.79,29.79,29.31,29.33,27.9554,78800.0,0.0,1.0
2014-08-01,29.33,29.4,29.0,29.2,27.8315,113379.0,0.0,1.0
2014-08-04,29.25,29.48,29.1401,29.39,28.0126,139454.0,0.0,1.0
2014-08-05,29.29,29.3425,29.0444,29.17,27.8029,54343.0,0.0,1.0
2014-08-06,29.0,29.275,28.92,29.12,27.7553,425524.0,0.0,1.0
2014-08-07,29.29,29.31,28.92,29.01,27.6504,58605.0,0.0,1.0
2014-08-08,29.03,29.21,28.92,29.21,27.841,104867.0,0.0,1.0
2014-08-11,29.31,29.48,29.27,29.42,28.0412,90249.0,0.0,1.0
2014-08-12,29.39,29.44,29.21,29.32,27.9459,48460.0,0.0,1.0
2014-08-13,29.44,29.67,29.41,29.67,28.2795,77385.0,0.0,1.0
2014-08-14,29.71,29.71,29.62,29.71,28.3176,70130.0,0.0,1.0
2014-08-15,29.88,29.88,29.5327,29.73,28.3367,51737.0,0.0,1.0
2014-08-18,29.93,30.06,29.8586,30.05,28.6417,129099.0,0.0,1.0
2014-08-19,30.23,30.28,30.1,30.27,28.8514,74957.0,0.0,1.0
2014-08-20,30.35,30.35,30.2,30.27,28.8514,112166.0,0.0,1.0
2014-08-21,30.41,30.4536,30.279,30.42,28.9943,65946.0,0.0,1.0
2014-08-22,30.48,30.51,30.35,30.45,29.0229,66060.0,0.0,1.0
2014-08-25,30.68,30.68,30.38,30.43,29.0039,363211.0,0.0,1.0
2014-08-26,30.49,30.54,30.4401,30.51,29.0801,109381.0,0.0,1.0
2014-08-27,30.53,30.53,30.37,30.45,29.0229,56819.0,0.0,1.0
2014-08-28,30.31,30.44,30.273,30.3786,28.9549,71229.0,0.0,1.0
2014-08-29,30.49,30.57,30.3998,30.56,29.1278,119570.0,0.0,1.0
2014-09-02,30.7,30.7,30.5,30.64,29.204,284721.0,0.0,1.0
2014-09-03,30.81,30.81,30.37,30.41,28.9848,111615.0,0.0,1.0
2014-09-04,30.49,30.63,30.3001,30.38,28.9562,77860.0,0.0,1.0
2014-09-05,30.45,30.56,30.37,30.54,29.1087,44231.0,0.0,1.0
2014-09-08,30.58,30.7299,30.506,30.63,29.1945,61670.0,0.0,1.0
2014-09-09,30.66,30.79,30.35,30.39,28.9657,80887.0,0.0,1.0
2014-09-10,30.44,30.6699,30.38,30.63,29.1945,435602.0,0.0,1.0
2014-09-11,30.54,30.7,30.4688,30.68,29.2421,36116.0,0.0,1.0
2014-09-12,30.71,30.71,30.5,30.57,29.1373,36433.0,0.0,1.0
2014-09-15,30.63,30.63,30.22,30.29,28.8704,223681.0,0.0,1.0
2014-09-16,30.23,30.54,30.07,30.52,29.0896,57383.0,0.0,1.0
2014-09-17,30.53,30.67,30.39,30.5447,29.1132,52757.0,0.0,1.0
2014-09-18,30.65,30.76,30.64,30.748,29.307,50040.0,0.0,1.0
2014-09-19,30.77,30.77,30.42,30.53,29.185,56575.0,0.09,1.0
2014-09-22,30.5,30.51,30.18,30.25,28.9173,83246.0,0.0,1.0
2014-09-23,30.15,30.2999,30.08,30.15,28.8217,68434.0,0.0,1.0
2014-09-24,30.15,30.39,30.0403,30.38,29.0416,38930.0,0.0,1.0
2014-09-25,30.32,30.32,29.71,29.72,28.4106,121322.0,0.0,1.0
2014-09-26,29.76,30.09,29.76,30.06,28.7357,63405.0,0.0,1.0
2014-09-29,29.79,30.1,29.7005,30.04,28.7165,314099.0,0.0,1.0
2014-09-30,30.15,30.22,29.98,30.09,28.7643,90046.0,0.0,1.0
2014-10-01,30.03,30.03,29.501,29.57,28.2672,260993.0,0.0,1.0
2014-10-02,29.57,29.6899,29.22,29.62,28.315,162580.0,0.0,1.0
2014-10-03,29.8,29.93,29.7,29.88,28.5636,130539.0,0.0,1.0
2014-10-06,30.06,30.06,29.762,29.82,28.5062,67836.0,0.0,1.0
2014-10-07,29.73,29.73,29.33,29.35,28.0569,120235.0,0.0,1.0
2014-10-08,29.41,29.9006,29.1,29.88,28.5636,52652.0,0.0,1.0
2014-10-09,29.9,29.9,29.32,29.38,28.0856,77513.0,0.0,1.0
2014-10-10,29.2,29.22,28.4701,28.478,27.2234,157327.0,0.0,1.0
2014-10-13,28.45,28.7,28.1,28.1199,26.881,161394.0,0.0,1.0
2014-10-14,28.3,28.5599,28.168,28.23,26.9863,75647.0,0.0,1.0
2014-10-15,27.91,28.2,27.42,28.08,26.8429,154201.0,0.0,1.0
2014-10-16,27.68,28.1199,27.5001,27.98,26.7473,79126.0,0.0,1.0
2014-10-17,28.45,28.5434,28.18,28.34,27.0914,77814.0,0.0,1.0
2014-10-20,28.22,28.51,28.02,28.5,27.2444,668696.0,0.0,1.0
2014-10-21,28.81,29.12,28.77,29.12,27.8371,255829.0,0.0,1.0
2014-10-22,29.26,29.31,28.9,28.91,27.6363,91931.0,0.0,1.0
2014-10-23,29.25,29.52,29.17,29.37,28.0761,132430.0,0.0,1.0
2014-10-24,29.42,29.61,29.35,29.6,28.2959,173401.0,0.0,1.0
2014-10-27,29.59,29.64,29.41,29.59,28.2864,107766.0,0.0,1.0
2014-10-28,29.77,30.06,29.72,30.06,28.7357,117948.0,0.0,1.0
2014-10-29,30.13,30.13,29.82,29.9899,28.6686,68830.0,0.0,1.0
2014-10-30,30.99,31.1299,30.92,31.1,29.7298,93286.0,0.0,1.0
2014-10-31,30.55,30.67,30.5,30.67,29.3188,150086.0,0.0,1.0
2014-11-03,30.77,30.86,30.64,30.77,29.4144,210843.0,0.0,1.0
2014-11-04,30.78,30.88,30.59,30.79,29.4335,103290.0,0.0,1.0
2014-11-05,31.05,31.06,30.74,30.8401,29.4814,131480.0,0.0,1.0
2014-11-06,30.94,30.94,30.71,30.89,29.5291,147986.0,0.0,1.0
2014-11-07,30.95,30.95,30.7316,30.89,29.5291,72150.0,0.0,1.0
2014-11-10,30.92,31.0299,30.8401,30.98,29.6151,80551.0,0.0,1.0
2014-11-11,31.05,31.05,30.9,31.03,29.6629,94283.0,0.0,1.0
2014-11-12,30.99,31.1299,30.92,31.1,29.7298,93286.0,0.0,1.0
2014-11-13,31.17,31.32,31.0978,31.19,29.8159,110429.0,0.0,1.0
2014-11-14,31.25,31.4061,31.2,31.3901,30.0072,73463.0,0.0,1.0
2014-11-17,31.39,31.44,31.18,31.31,29.9306,92557.0,0.0,1.0
2014-11-18,31.42,31.54,31.38,31.5,30.1122,125227.0,0.0,1.0
2014-11-19,31.52,31.52,31.11,31.25,29.8732,185451.0,0.0,1.0
2014-11-20,31.19,31.4699,31.08,31.45,30.0644,94307.0,0.0,1.0
2014-11-21,31.79,31.8,31.4558,31.52,30.1313,116546.0,0.0,1.0
2014-11-24,31.67,31.7899,31.6,31.7827,30.3825,100367.0,0.0,1.0
2014-11-25,31.84,31.95,31.8,31.83,30.4277,178823.0,0.0,1.0
2014-11-26,31.88,32.1,31.837,32.1,30.6858,79365.0,0.0,1.0
2014-11-28,32.2,32.27,32.06,32.15,30.7336,65760.0,0.0,1.0
2014-12-01,32.1,32.13,31.66,31.78,30.3799,200825.0,0.0,1.0
2014-12-02,31.81,31.93,31.7039,31.86,30.4564,480335.0,0.0,1.0
2014-12-03,31.93,32.12,31.869,32.04,30.6284,439980.0,0.0,1.0
2014-12-04,32.11,32.15,31.97,32.07,30.6571,146629.0,0.0,1.0
2014-12-05,32.2,32.22,32.02,32.09,30.6762,76108.0,0.0,1.0
2014-12-08,32.02,32.06,31.53,31.67,30.2747,144648.0,0.0,1.0
2014-12-09,31.34,31.87,31.2,31.8586,30.455,131303.0,0.0,1.0
2014-12-10,31.82,31.87,31.28,31.34,29.9593,131179.0,0.0,1.0
2014-12-11,31.46,31.83,31.41,31.49,30.1027,66086.0,0.0,1.0
2014-12-12,31.27,31.42,31.0,31.02,29.6534,140594.0,0.0,1.0
2014-12-15,31.21,31.37,30.7,30.83,29.4717,113959.0,0.0,1.0
2014-12-16,30.58,31.11,30.39,30.39,29.0511,462242.0,0.0,1.0
2014-12-17,30.43,31.0299,30.43,31.01,29.6438,112427.0,0.0,1.0
2014-12-18,31.59,31.9,31.4715,31.8999,30.4945,153446.0,0.0,1.0
2014-12-19,31.95,32.0,31.79,31.8701,30.5712,78112.0,0.11,1.0
2014-12-22,31.97,32.19,31.97,32.19,30.878,260495.0,0.0,1.0
2014-12-23,32.32,32.4,32.2501,32.31,30.9931,359758.0,0.0,1.0
2014-12-24,32.42,32.42,32.2858,32.3,30.9835,172137.0,0.0,1.0
2014-12-26,32.44,32.47,32.32,32.41,31.0891,71039.0,0.0,1.0
2014-12-29,32.44,32.44,32.21,32.24,30.926,178381.0,0.0,1.0
2014-12-30,32.21,32.22,31.96,32.02,30.715,131348.0,0.0,1.0
2014-12-31,32.14,32.1599,31.6886,31.69,30.3984,103552.0,0.0,1.0
2015-01-02,31.9,31.95,31.36,31.54,30.2545,212604.0,0.0,1.0
2015-01-05,31.48,31.48,30.9601,31.02,29.7557,143582.0,0.0,1.0
2015-01-06,31.14,31.15,30.47,30.6201,29.3721,298851.0,0.0,1.0
2015-01-07,30.84,30.9699,30.728,30.9116,29.6517,159542.0,0.0,1.0
2015-01-08,31.22,31.6859,31.2,31.61,30.3217,147482.0,0.0,1.0
2015-01-09,31.75,31.77,31.3,31.53,30.2449,109715.0,0.0,1.0
2015-01-12,31.59,31.59,31.01,31.13,29.8612,133346.0,0.0,1.0
2015-01-13,31.42,31.8,30.88,31.11,29.842,120630.0,0.0,1.0
2015-01-14,30.84,31.0699,30.6381,30.92,29.6598,162613.0,0.0,1.0
2015-01-15,31.1,31.1,30.43,30.47,29.2281,195020.0,0.0,1.0
2015-01-16,30.37,30.79,30.3,30.78,29.5255,168161.0,0.0,1.0
2015-01-20,30.94,31.07,30.61,30.98,29.7173,1072150.0,0.0,1.0
2015-01-21,30.95,31.1695,30.75,31.06,29.7941,293463.0,0.0,1.0
2015-01-22,31.12,31.65,30.89,31.61,30.3217,84568.0,0.0,1.0
2015-01-23,31.69,31.84,31.5942,31.74,30.4464,77810.0,0.0,1.0
2015-01-26,31.77,31.77,31.5,31.65,30.36,120428.0,0.0,1.0
2015-01-27,31.15,31.17,30.58,30.74,29.4871,150543.0,0.0,1.0
2015-01-28,31.35,31.35,30.69,30.7,29.4488,111548.0,0.0,1.0
2015-01-29,30.81,31.02,30.4001,30.99,29.7269,154178.0,0.0,1.0
2015-01-30,30.95,31.08,30.5,30.56,29.3145,66925.0,0.0,1.0
2015-02-02,30.66,30.86,30.11,30.82,29.5639,2469359.0,0.0,1.0
2015-02-03,30.92,31.21,30.8677,31.18,29.9092,133080.0,0.0,1.0
2015-02-04,31.19,31.45,31.19,31.24,29.9667,93450.0,0.0,1.0
2015-02-05,31.39,31.56,31.3,31.54,30.2545,64062.0,0.0,1.0
2015-02-06,31.61,31.74,31.3332,31.4,30.1202,366573.0,0.0,1.0
2015-02-09,31.36,31.5099,31.29,31.3643,30.086,66327.0,0.0,1.0
2015-02-10,31.64,31.86,31.43,31.83,30.5327,144521.0,0.0,1.0
2015-02-11,31.83,32.0289,31.81,31.97,30.667,65769.0,0.0,1.0
2015-02-12,32.24,32.49,32.24,32.49,31.1658,113396.0,0.0,1.0
2015-02-13,32.6,32.74,32.5,32.71,31.3768,101973.0,0.0,1.0
2015-02-17,32.78,32.78,32.63,32.73,31.396,124197.0,0.0,1.0
2015-02-18,32.79,32.82,32.6798,32.8,31.4632,138212.0,0.0,1.0
2015-02-19,32.76,32.9587,32.7145,32.92,31.5783,75156.0,0.0,1.0
2015-02-20,32.96,33.15,32.7728,33.14,31.7893,93981.0,0.0,1.0
2015-02-23,33.22,33.22,32.97,33.15,31.7989,103522.0,0.0,1.0
2015-02-24,33.12,33.28,32.99,33.23,31.8756,83762.0,0.0,1.0
2015-02-25,33.2,33.2,32.97,33.06,31.7126,111736.0,0.0,1.0
2015-02-26,33.14,33.28,33.0697,33.253,31.8977,68867.0,0.0,1.0
2015-02-27,33.25,33.28,33.05,33.09,31.7413,115538.0,0.0,1.0
2015-03-02,33.13,33.42,33.11,33.407,32.0454,313095.0,0.0,1.0
2015-03-03,33.41,33.42,33.013,33.15,31.7989,248611.0,0.0,1.0
2015-03-04,33.09,33.09,32.8301,33.02,31.6742,171755.0,0.0,1.0
2015-03-05,33.16,33.16,32.902,33.03,31.6838,177315.0,0.0,1.0
2015-03-06,33.14,33.14,32.5801,32.65,31.3193,159110.0,0.0,1.0
2015-03-09,32.81,32.92,32.6301,32.8,31.4632,119599.0,0.0,1.0
2015-03-10,32.6,32.6,32.122,32.13,30.8205,133380.0,0.0,1.0
2015-03-11,32.15,32.196,31.936,31.96,30.6574,93063.0,0.0,1.0
2015-03-12,31.89,32.17,31.82,32.17,30.8588,128531.0,0.0,1.0
2015-03-13,32.12,32.1799,31.7806,31.99,30.6862,256542.0,0.0,1.0
2015-03-16,32.12,32.38,32.07,32.38,31.0603,77356.0,0.0,1.0
2015-03-17,32.33,32.45,32.24,32.4,31.0795,49949.0,0.0,1.0
2015-03-18,32.35,32.91,32.22,32.8,31.4632,91120.0,0.0,1.0
2015-03-19,32.75,32.89,32.72,32.76,31.4248,102093.0,0.0,1.0
2015-03-20,32.94,33.0,32.81,32.82,31.5773,101273.0,0.099,1.0
2015-03-23,32.95,33.01,32.86,32.86,31.6158,55385.0,0.0,1.0
2015-03-24,32.91,32.97,32.76,32.76,31.5196,74801.0,0.0,1.0
2015-03-25,32.81,32.81,31.87,31.88,30.6729,160454.0,0.0,1.0
2015-03-26,31.71,32.02,31.55,31.9,30.6921,108372.0,0.0,1.0
2015-03-27,31.92,32.05,31.75,31.99,30.7787,444496.0,0.0,1.0
2015-03-30,32.14,32.35,32.14,32.33,31.1059,103116.0,0.0,1.0
2015-03-31,32.23,32.298,32.073,32.08,30.8653,91498.0,0.0,1.0
2015-04-01,32.05,32.05,31.74,31.92,30.7114,332234.0,0.0,1.0
2015-04-02,31.92,32.0555,31.86,31.9,30.6921,93775.0,0.0,1.0
2015-04-06,31.69,32.25,31.68,32.21,30.9904,138719.0,0.0,1.0
2015-04-07,32.21,32.42,32.18,32.1904,30.9716,80671.0,0.0,1.0
2015-04-08,32.21,32.3701,32.15,32.28,31.0578,71543.0,0.0,1.0
2015-04-09,32.28,32.4305,32.13,32.4195,31.192,100186.0,0.0,1.0
2015-04-10,32.42,32.56,32.36,32.56,31.3272,50958.0,0.0,1.0
2015-04-13,32.6,32.72,32.4106,32.42,31.1925,100927.0,0.0,1.0
2015-04-14,32.43,32.4899,32.16,32.33,31.1059,57342.0,0.0,1.0
2015-04-15,32.44,32.6786,32.419,32.6093,31.3746,95090.0,0.0,1.0
2015-04-16,32.55,32.6198,32.47,32.5499,31.3174,52534.0,0.0,1.0
2015-04-17,32.33,32.33,31.9201,32.0243,30.8117,91171.0,0.0,1.0
2015-04-20,32.27,32.6099,32.24,32.57,31.3368,78061.0,0.0,1.0
2015-04-21,32.74,32.78,32.56,32.5809,31.3473,47087.0,0.0,1.0
2015-04-22,32.71,32.95,32.5299,32.9,31.6543,51988.0,0.0,1.0
2015-04-23,32.85,33.1,32.7395,32.98,31.7313,105824.0,0.0,1.0
2015-04-24,33.33,33.33,33.0301,33.17,31.9141,73120.0,0.0,1.0
2015-04-27,33.32,33.42,33.17,33.23,31.9718,121400.0,0.0,1.0
2015-04-28,33.3,33.42,32.96,33.27,32.0103,90643.0,0.0,1.0
2015-04-29,33.13,33.28,32.9001,33.13,31.8756,52925.0,0.0,1.0
2015-04-30,32.97,32.97,32.45,32.57,31.3368,338117.0,0.0,1.0
2015-05-01,32.7,32.99,32.68,32.9899,31.7408,88373.0,0.0,1.0
2015-05-04,33.1,33.1899,33.0041,33.03,31.7794,98142.0,0.0,1.0
2015-05-05,32.98,32.98,32.467,32.5,31.2694,87085.0,0.0,1.0
2015-05-06,32.68,32.71,32.09,32.31,31.0866,114296.0,0.0,1.0
2015-05-07,32.29,32.65,32.29,32.57,31.3368,72959.0,0.0,1.0
2015-05-08,32.98,33.04,32.898,33.01,31.7601,87475.0,0.0,1.0
2015-05-11,33.01,33.04,32.8801,32.89,31.6447,128168.0,0.0,1.0
2015-05-12,32.75,32.831,32.45,32.71,31.4715,117517.0,0.0,1.0
2015-05-13,32.9,33.05,32.8201,32.86,31.6158,128236.0,0.0,1.0
2015-05-14,33.2,33.4,33.07,33.4,32.1354,96465.0,0.0,1.0
2015-05-15,33.48,33.49,33.2188,33.3,32.0391,77416.0,0.0,1.0
2015-05-18,33.37,33.52,33.21,33.49,32.2219,68570.0,0.0,1.0
2015-05-19,33.55,33.57,33.4,33.43,32.1642,253598.0,0.0,1.0
2015-05-20,33.43,33.5798,33.3,33.43,32.1642,87414.0,0.0,1.0
2015-05-21,33.32,33.57,33.32,33.53,32.2604,92613.0,0.0,1.0
2015-05-22,33.52,33.62,33.5137,33.55,32.2797,87749.0,0.0,1.0
2015-05-26,33.46,33.48,32.96,33.09,31.8371,114072.0,0.0,1.0
2015-05-27,33.22,33.6702,33.1743,33.65,32.3759,87504.0,0.0,1.0
2015-05-28,33.53,33.67,33.5201,33.62,32.347,43087.0,0.0,1.0
2015-05-29,33.56,33.6,33.3,33.4,32.1354,71886.0,0.0,1.0
2015-06-01,33.56,33.594,33.2699,33.479,32.2114,43982.0,0.0,1.0
2015-06-02,33.41,33.5613,33.2,33.42,32.1546,61399.0,0.0,1.0
2015-06-03,33.62,33.684,33.4682,33.55,32.2797,80670.0,0.0,1.0
2015-06-04,33.42,33.47,33.1291,33.2,31.9429,122765.0,0.0,1.0
2015-06-05,33.2,33.2595,32.97,33.22,31.9622,80919.0,0.0,1.0
2015-06-08,33.26,33.26,32.73,32.811,31.5687,109750.0,0.0,1.0
2015-06-09,32.79,32.84,32.47,32.75,31.51,118587.0,0.0,1.0
2015-06-10,32.98,33.314,32.89,33.26,32.0007,115691.0,0.0,1.0
2015-06-11,33.43,33.43,33.2,33.25,31.991,65771.0,0.0,1.0
2015-06-12,33.17,33.17,32.95,32.99,31.7409,46263.0,0.0,1.0
2015-06-15,32.87,32.87,32.5354,32.8,31.5581,49524.0,0.0,1.0
2015-06-16,32.75,33.08,32.75,33.0035,31.7539,28901.0,0.0,1.0
2015-06-17,33.1,33.19,32.916,33.09,31.8371,64243.0,0.0,1.0
2015-06-18,33.07,33.392,33.07,33.34,32.0776,59854.0,0.0,1.0
2015-06-19,33.26,33.26,33.0199,33.03,31.8679,58275.0,0.092,1.0
2015-06-22,33.28,33.3224,33.19,33.26,32.0898,41803.0,0.0,1.0
2015-06-23,33.38,33.38,33.14,33.26,32.0898,56296.0,0.0,1.0
2015-06-24,33.2,33.32,33.062,33.08,31.9161,60621.0,0.0,1.0
2015-06-25,33.23,33.23,32.9401,32.9877,31.8271,54271.0,0.0,1.0
2015-06-26,32.96,32.96,32.58,32.66,31.5109,81677.0,0.0,1.0
2015-06-29,32.28,32.449,31.9,31.93,30.8066,147288.0,0.0,1.0
2015-06-30,32.19,32.19,31.9,32.01,30.8838,626450.0,0.0,1.0
2015-07-01,32.45,32.45,32.03,32.18,31.0478,219685.0,0.0,1.0
2015-07-02,32.23,32.29,32.05,32.21,31.0767,120209.0,0.0,1.0
2015-07-06,31.94,32.19,31.85,32.06,30.932,1167364.0,0.0,1.0
2015-07-07,32.09,32.101,31.44,32.08,30.9513,130721.0,0.0,1.0
2015-07-08,31.81,31.8336,31.51,31.54,30.4303,95024.0,0.0,1.0
2015-07-09,31.87,31.9799,31.45,31.45,30.3435,88579.0,0.0,1.0
2015-07-10,31.86,32.0299,31.74,31.9373,30.8136,93945.0,0.0,1.0
2015-07-13,32.19,32.4132,32.1401,32.3892,31.2496,201743.0,0.0,1.0
2015-07-14,32.46,32.6386,32.46,32.57,31.4241,63401.0,0.0,1.0
2015-07-15,32.54,32.66,32.4539,32.5006,31.3571,58975.0,0.0,1.0
2015-07-16,32.76,32.93,32.7101,32.93,31.7714,89438.0,0.0,1.0
2015-07-17,33.29,33.3799,33.1981,33.37,32.1959,87610.0,0.0,1.0
2015-07-20,33.5,33.6399,33.4,33.5,32.3213,896082.0,0.0,1.0
2015-07-21,33.5,33.561,33.32,33.37,32.1959,76214.0,0.0,1.0
2015-07-22,32.73,33.03,32.71,32.86,31.7039,102845.0,0.0,1.0
2015-07-23,32.99,33.15,32.75,32.8,31.646,59616.0,0.0,1.0
2015-07-24,33.01,33.01,32.5701,32.63,31.482,79369.0,0.0,1.0
2015-07-27,32.42,32.49,32.25,32.3,31.1636,122408.0,0.0,1.0
2015-07-28,32.45,32.67,32.179,32.5971,31.4502,61358.0,0.0,1.0
2015-07-29,32.6,32.8127,32.4448,32.8,31.646,50158.0,0.0,1.0
2015-07-30,32.77,32.9125,32.5,32.87,31.7135,209256.0,0.0,1.0
2015-07-31,32.93,32.94,32.68,32.72,31.5688,90850.0,0.0,1.0
2015-08-03,32.7,32.8,32.31,32.5,31.3565,490758.0,0.0,1.0
2015-08-04,32.47,32.49,32.2316,32.33,31.1925,71315.0,0.0,1.0
2015-08-05,32.51,32.89,32.4,32.6523,31.5035,69183.0,0.0,1.0
2015-08-06,32.72,32.72,32.2,32.28,31.1443,105756.0,0.0,1.0
2015-08-07,32.23,32.341,32.11,32.318,31.1809,75464.0,0.0,1.0
2015-08-10,32.57,32.87,32.57,32.79,31.6363,66854.0,0.0,1.0
2015-08-11,32.68,32.71,32.18,32.29,31.1539,70046.0,0.0,1.0
2015-08-12,32.1,32.4799,31.74,32.41,31.2697,104895.0,0.0,1.0
2015-08-13,32.51,32.59,32.3199,32.374,31.235,27777.0,0.0,1.0
2015-08-14,32.29,32.5399,32.28,32.5199,31.3757,175191.0,0.0,1.0
2015-08-17,32.41,32.7199,32.2801,32.7001,31.5496,64835.0,0.0,1.0
2015-08-18,32.65,32.68,32.49,32.5,31.3565,226891.0,0.0,1.0
2015-08-19,32.41,32.5291,32.1,32.32,31.1829,45922.0,0.0,1.0
2015-08-20,32.02,32.0201,31.45,31.45,30.3435,122532.0,0.0,1.0
2015-08-21,31.02,31.3,30.24,30.24,29.176,847838.0,0.0,1.0
2015-08-24,26.74,30.2599,25.0,29.18,28.1533,671710.0,0.0,1.0
2015-08-25,30.29,30.365,28.86,28.86,27.8446,314991.0,0.0,1.0
2015-08-26,29.43,30.33,29.2,30.2492,29.1849,168709.0,0.0,1.0
2015-08-27,30.62,30.998,30.35,30.99,29.8997,332989.0,0.0,1.0
2015-08-28,30.86,31.1373,30.835,31.07,29.9768,63863.0,0.0,1.0
2015-08-31,30.95,31.1699,30.74,30.83,29.7453,395041.0,0.0,1.0
2015-09-01,30.22,30.4099,29.68,29.82,28.7708,1274144.0,0.0,1.0
2015-09-02,30.28,30.55,29.97,30.55,29.4751,339526.0,0.0,1.0
2015-09-03,30.66,30.9139,30.4601,30.57,29.4944,112221.0,0.0,1.0
2015-09-04,30.18,30.3,29.9999,30.15,29.0892,51082.0,0.0,1.0
2015-09-08,30.66,30.99,30.64,30.97,29.8804,673415.0,0.0,1.0
2015-09-09,31.26,31.32,30.53,30.55,29.4751,88653.0,0.0,1.0
2015-09-10,30.56,31.08,30.56,30.88,29.7935,38429.0,0.0,1.0
2015-09-11,30.73,31.01,30.7,31.01,29.919,50447.0,0.0,1.0
2015-09-14,31.22,31.22,30.89,30.96,29.8707,367586.0,0.0,1.0
2015-09-15,31.089,31.44,31.08,31.37,30.2663,468091.0,0.0,1.0
2015-09-16,31.4,31.54,31.3,31.53,30.4207,88410.0,0.0,1.0
2015-09-17,31.43,31.79,31.27,31.35,30.247,130755.0,0.0,1.0
2015-09-18,30.82,31.098,30.76,30.81,29.8485,52161.0,0.127,1.0
2015-09-21,30.97,31.22,30.848,31.0699,30.1003,42558.0,0.0,1.0
2015-09-22,30.62,30.694,30.4101,30.55,29.5966,59262.0,0.0,1.0
2015-09-23,30.64,30.74,30.475,30.64,29.6838,217251.0,0.0,1.0
2015-09-24,30.36,30.66,30.11,30.59,29.6354,68322.0,0.0,1.0
2015-09-25,30.9,30.9299,30.39,30.54,29.5869,64537.0,0.0,1.0
2015-09-28,30.38,30.442,29.792,29.85,28.9185,72079.0,0.0,1.0
2015-09-29,29.86,30.05,29.45,29.69,28.7635,52093.0,0.0,1.0
2015-09-30,30.02,30.29,29.94,30.26,29.3157,78423.0,0.0,1.0
2015-10-01,30.31,30.31,29.92,30.3,29.3544,125351.0,0.0,1.0
2015-10-02,29.92,30.77,29.84,30.77,29.8098,63865.0,0.0,1.0
2015-10-05,30.96,31.464,30.96,31.37,30.391,99533.0,0.0,1.0
2015-10-06,31.34,31.5,31.26,31.43,30.4492,42068.0,0.0,1.0
2015-10-07,31.64,31.6899,31.22,31.61,30.6236,57444.0,0.0,1.0
2015-10-08,31.56,31.8174,31.38,31.77,30.7786,45449.0,0.0,1.0
2015-10-09,31.82,31.96,31.74,31.92,30.9239,227897.0,0.0,1.0
2015-10-12,31.96,31.98,31.83,31.92,30.9239,47219.0,0.0,1.0
2015-10-13,31.77,32.06,31.77,31.81,30.8173,65567.0,0.0,1.0
2015-10-14,31.79,31.97,31.653,31.76,30.7689,741680.0,0.0,1.0
2015-10-15,31.93,32.1587,31.8999,32.1562,31.1527,65321.0,0.0,1.0
2015-10-16,32.26,32.26,32.0496,32.24,31.2339,50346.0,0.0,1.0
2015-10-19,32.19,32.37,32.1801,32.37,31.3598,237411.0,0.0,1.0
2015-10-20,32.27,32.3299,32.1401,32.24,31.2339,335853.0,0.0,1.0
2015-10-21,32.34,32.36,31.92,31.92,30.9239,91118.0,0.0,1.0
2015-10-22,32.2,32.74,32.16,32.69,31.6699,51079.0,0.0,1.0
2015-10-23,33.47,33.6926,33.32,33.55,32.503,384028.0,0.0,1.0
2015-10-26,33.53,33.53,33.306,33.42,32.3771,235551.0,0.0,1.0
2015-10-27,33.29,33.4199,33.16,33.19,32.1542,42829.0,0.0,1.0
2015-10-28,33.31,33.82,33.31,33.8,32.7452,542205.0,0.0,1.0
2015-10-29,33.58,33.6695,33.49,33.62,32.5708,84409.0,0.0,1.0
2015-10-30,33.79,33.79,33.47,33.51,32.4643,89694.0,0.0,1.0
2015-11-02,33.64,33.81,33.45,33.76,32.7065,620259.0,0.0,1.0
2015-11-03,33.76,34.146,33.72,33.9857,32.9251,668321.0,0.0,1.0
2015-11-04,34.13,34.1485,33.98,34.08,33.0165,92845.0,0.0,1.0
2015-11-05,34.22,34.24,33.9,33.932,32.8731,48614.0,0.0,1.0
2015-11-06,33.92,34.1572,33.81,34.15,33.0843,71322.0,0.0,1.0
2015-11-09,34.14,34.14,33.64,33.85,32.7937,517294.0,0.0,1.0
2015-11-10,33.64,33.64,33.43,33.56,32.5127,1045233.0,0.0,1.0
2015-11-11,33.75,33.8112,33.5399,33.57,32.5224,50870.0,0.0,1.0
2015-11-12,33.44,33.554,33.2244,33.23,32.193,111150.0,0.0,1.0
2015-11-13,33.18,33.18,32.58,32.585,31.5681,110809.0,0.0,1.0
2015-11-16,32.51,33.04,32.51,33.04,32.0089,329129.0,0.0,1.0
2015-11-17,33.11,33.2999,32.98,33.03,31.9992,203108.0,0.0,1.0
2015-11-18,33.22,33.5899,33.185,33.54,32.4933,103835.0,0.0,1.0
2015-11-19,33.57,33.8769,33.565,33.71,32.658,499694.0,0.0,1.0
2015-11-20,33.89,33.99,33.8501,33.9439,32.8846,61736.0,0.0,1.0
2015-11-23,34.0,34.0,33.68,33.81,32.7549,85064.0,0.0,1.0
2015-11-24,33.64,33.88,33.47,33.83,32.7743,63458.0,0.0,1.0
2015-11-25,33.86,33.86,33.737,33.77,32.7161,77908.0,0.0,1.0
2015-11-27,33.84,33.9,33.74,33.85,32.7937,42158.0,0.0,1.0
2015-11-30,33.94,33.96,33.76,33.86,32.8033,674880.0,0.0,1.0
2015-12-01,34.0,34.18,33.93,34.16,33.094,112353.0,0.0,1.0
2015-12-02,34.17,34.33,33.93,33.98,32.9196,158268.0,0.0,1.0
2015-12-03,34.1,34.12,33.34,33.5025,32.457,79738.0,0.0,1.0
2015-12-04,33.58,34.2999,33.5448,34.26,33.1909,67772.0,0.0,1.0
2015-12-07,34.26,34.26,33.88,34.0005,32.9395,68009.0,0.0,1.0
2015-12-08,33.74,34.005,33.5924,33.93,32.8712,93348.0,0.0,1.0
2015-12-09,33.83,34.01,33.26,33.4,32.3577,604181.0,0.0,1.0
2015-12-10,33.52,33.7455,33.42,33.54,32.4933,70524.0,0.0,1.0
2015-12-11,33.18,33.183,32.7827,32.83,31.8055,97019.0,0.0,1.0
2015-12-14,32.84,32.98,32.42,32.97,31.9411,95646.0,0.0,1.0
2015-12-15,33.19,33.38,33.12,33.16,32.1252,112959.0,0.0,1.0
2015-12-16,33.39,33.62,33.1,33.5808,32.5329,68117.0,0.0,1.0
2015-12-17,33.74,33.74,33.05,33.05,32.0186,83982.0,0.0,1.0
2015-12-18,32.89,32.914,32.33,32.35,31.4354,88981.0,0.098,1.0
2015-12-21,32.57,32.7099,32.35,32.65,31.7269,236779.0,0.0,1.0
2015-12-22,32.74,32.9,32.61,32.83,31.9018,330966.0,0.0,1.0
2015-12-23,33.0,33.15,32.99,33.15,32.2128,68685.0,0.0,1.0
2015-12-24,33.13,33.22,33.112,33.13,32.1934,23655.0,0.0,1.0
2015-12-28,33.04,33.11,32.8201,33.1,32.1642,46539.0,0.0,1.0
2015-12-29,33.3,33.63,33.3,33.54,32.5918,55056.0,0.0,1.0
2015-12-30,33.52,33.54,33.27,33.2701,32.3295,521733.0,0.0,1.0
2015-12-31,33.2,33.2,32.84,32.84,31.9115,92740.0,0.0,1.0
2016-01-04,32.18,32.2399,31.82,32.23,31.3188,557224.0,0.0,1.0
2016-01-05,32.42,32.469,32.047,32.16,31.2508,69847.0,0.0,1.0
2016-01-06,31.68,31.91,31.5,31.68,30.7843,106539.0,0.0,1.0
2016-01-07,31.05,31.42,30.69,30.73,29.8612,147874.0,0.0,1.0
2016-01-08,30.93,31.01,30.3905,30.4,29.5405,251290.0,0.0,1.0
2016-01-11,30.64,30.7199,30.18,30.59,29.7252,490468.0,0.0,1.0
2016-01-12,30.87,31.05,30.5571,30.98,30.1041,99007.0,0.0,1.0
2016-01-13,31.14,31.1799,30.0,30.06,29.2101,139708.0,0.0,1.0
2016-01-14,30.19,30.835,29.76,30.61,29.7446,739838.0,0.0,1.0
2016-01-15,29.66,29.92,29.31,29.74,28.8992,161887.0,0.0,1.0
2016-01-19,30.05,30.084,29.37,29.64,28.802,401548.0,0.0,1.0
2016-01-20,29.16,29.7683,28.594,29.51,28.6757,234501.0,0.0,1.0
2016-01-21,29.65,30.01,29.26,29.59,28.7534,190177.0,0.0,1.0
2016-01-22,30.17,30.41,30.1,30.41,29.5503,119236.0,0.0,1.0
2016-01-25,30.36,30.4026,29.913,29.98,29.1324,339764.0,0.0,1.0
2016-01-26,30.1,30.337,29.8701,30.27,29.4142,110265.0,0.0,1.0
2016-01-27,30.03,30.122,29.42,29.54,28.7048,72261.0,0.0,1.0
2016-01-28,29.95,29.96,29.53,29.85,29.0061,103111.0,0.0,1.0
2016-01-29,30.11,30.91,30.11,30.91,30.0361,120256.0,0.0,1.0
2016-02-01,30.79,31.0982,30.68,30.99,30.1139,547281.0,0.0,1.0
2016-02-02,30.87,30.88,30.22,30.35,29.4919,1247529.0,0.0,1.0
2016-02-03,30.53,30.53,29.79,30.29,29.4336,108151.0,0.0,1.0
2016-02-04,30.2,30.539,30.0,30.37,29.5114,192816.0,0.0,1.0
2016-02-05,30.15,30.15,29.12,29.24,28.4133,1015651.0,0.0,1.0
2016-02-08,28.72,28.7601,28.17,28.71,27.8983,140258.0,0.0,1.0
2016-02-09,28.34,28.9701,28.3,28.55,27.7428,97488.0,0.0,1.0
2016-02-10,28.87,29.2,28.66,28.6932,27.882,66069.0,0.0,1.0
2016-02-11,28.29,28.7795,28.24,28.59,27.7817,63558.0,0.0,1.0
2016-02-12,28.87,29.02,28.67,28.99,28.1704,78128.0,0.0,1.0
2016-02-16,29.37,29.66,29.28,29.62,28.7826,230206.0,0.0,1.0
2016-02-17,29.82,30.39,29.82,30.33,29.4725,219799.0,0.0,1.0
2016-02-18,30.48,30.48,30.13,30.14,29.2879,65383.0,0.0,1.0
2016-02-19,30.07,30.3,29.97,30.26,29.4045,43887.0,0.0,1.0
2016-02-22,30.54,30.72,30.54,30.68,29.8126,80923.0,0.0,1.0
2016-02-23,30.57,30.6099,30.1547,30.165,29.3122,139533.0,0.0,1.0
2016-02-24,29.89,30.491,29.711,30.46,29.5988,73711.0,0.0,1.0
2016-02-25,30.57,30.84,30.264,30.84,29.9681,23939.0,0.0,1.0
2016-02-26,31.0,31.0724,30.73,30.8,29.9292,46265.0,0.0,1.0
2016-02-29,30.78,31.02,30.6,30.6,29.7349,61960.0,0.0,1.0
2016-03-01,30.89,31.5,30.86,31.5,30.6094,162909.0,0.0,1.0
2016-03-02,31.49,31.61,31.376,31.61,30.7163,39598.0,0.0,1.0
2016-03-03,31.62,31.63,31.37,31.63,30.7358,43406.0,0.0,1.0
2016-03-04,31.74,31.9,31.535,31.715,30.8184,97210.0,0.0,1.0
2016-03-07,31.56,31.651,31.31,31.54,30.6483,1295362.0,0.0,1.0
2016-03-08,31.35,31.4983,31.181,31.22,30.3374,54337.0,0.0,1.0
2016-03-09,31.39,31.5399,31.32,31.53,30.6386,58914.0,0.0,1.0
2016-03-10,31.7,31.79,31.08,31.46,30.5706,38183.0,0.0,1.0
2016-03-11,31.75,32.0,31.69,32.0,31.0953,54140.0,0.0,1.0
2016-03-14,31.91,32.11,31.73,32.05,31.1439,115593.0,0.0,1.0
2016-03-15,31.93,32.13,31.86,32.06,31.1536,53436.0,0.0,1.0
2016-03-16,32.06,32.5,32.06,32.46,31.5423,51103.0,0.0,1.0
2016-03-17,32.4,32.7087,32.39,32.6,31.6783,93019.0,0.0,1.0
2016-03-18,32.66,32.674,32.46,32.61,31.8066,87093.0,0.122,1.0
2016-03-21,32.57,32.73,32.5,32.71,31.9041,59806.0,0.0,1.0
2016-03-22,32.52,32.86,32.52,32.74,31.9334,67845.0,0.0,1.0
2016-03-23,32.72,32.74,32.429,32.48,31.6798,46745.0,0.0,1.0
2016-03-24,32.3,32.56,32.28,32.56,31.7578,120463.0,0.0,1.0
2016-03-28,32.63,32.63,32.4201,32.45,31.6505,203793.0,0.0,1.0
2016-03-29,32.39,33.05,32.39,33.01,32.1967,47055.0,0.0,1.0
2016-03-30,33.23,33.4299,33.1508,33.25,32.4308,114344.0,0.0,1.0
2016-03-31,33.23,33.35,33.1546,33.2001,32.3822,49710.0,0.0,1.0
2016-04-01,33.04,33.47,32.97,33.47,32.6454,169810.0,0.0,1.0
2016-04-04,33.46,33.485,33.2465,33.3,32.4796,288154.0,0.0,1.0
2016-04-05,33.06,33.18,32.91,32.91,32.0992,49265.0,0.0,1.0
2016-04-06,32.98,33.29,32.8835,33.2808,32.4609,46868.0,0.0,1.0
2016-04-07,33.13,33.13,32.73,32.798,31.99,71647.0,0.0,1.0
2016-04-08,33.04,33.16,32.7352,32.82,32.0114,59217.0,0.0,1.0
2016-04-11,33.01,33.215,32.7501,32.76,31.9529,243716.0,0.0,1.0
2016-04-12,32.82,32.9452,32.54,32.92,32.109,49597.0,0.0,1.0
2016-04-13,33.13,33.4596,33.13,33.44,32.6162,65943.0,0.0,1.0
2016-04-14,33.4,33.4764,33.26,33.4,32.5771,41830.0,0.0,1.0
2016-04-15,33.35,33.4052,33.2,33.23,32.4113,44405.0,0.0,1.0
2016-04-18,33.18,33.41,33.16,33.3701,32.548,68482.0,0.0,1.0
2016-04-19,33.45,33.45,33.0,33.18,32.3626,740764.0,0.0,1.0
2016-04-20,33.17,33.4308,33.13,33.26,32.4406,318597.0,0.0,1.0
2016-04-21,33.33,33.37,33.1999,33.26,32.4406,58517.0,0.0,1.0
2016-04-22,32.78,32.93,32.5501,32.74,31.9334,132260.0,0.0,1.0
2016-04-25,32.61,32.74,32.56,32.65,31.8456,297214.0,0.0,1.0
2016-04-26,32.71,32.8144,32.5027,32.59,31.7871,119940.0,0.0,1.0
2016-04-27,32.15,32.4185,32.04,32.37,31.5725,103094.0,0.0,1.0
2016-04-28,32.42,32.5798,31.86,31.89,31.1043,63559.0,0.0,1.0
2016-04-29,31.79,31.85,31.38,31.64,30.8605,99368.0,0.0,1.0
2016-05-02,31.7,31.9,31.53,31.84,31.0556,153484.0,0.0,1.0
2016-05-03,31.68,31.73,31.45,31.57,30.7922,399733.0,0.0,1.0
2016-05-04,31.44,31.575,31.31,31.41,30.6362,75021.0,0.0,1.0
2016-05-05,31.55,31.57,31.37,31.42,30.6459,67188.0,0.0,1.0
2016-05-06,31.41,31.65,31.26,31.65,30.8703,34706.0,0.0,1.0
2016-05-09,31.67,31.79,31.62,31.62,30.841,99377.0,0.0,1.0
2016-05-10,31.71,32.06,31.71,32.06,31.2702,107125.0,0.0,1.0
2016-05-11,32.01,32.1886,31.85,31.85,31.0653,58503.0,0.0,1.0
2016-05-12,31.92,31.93,31.47,31.69,30.9093,94538.0,0.0,1.0
2016-05-13,31.67,31.888,31.55,31.6,30.8215,50719.0,0.0,1.0
2016-05-16,31.68,32.15,31.68,32.02,31.2311,69961.0,0.0,1.0
2016-05-17,32.01,32.12,31.6107,31.67,30.8898,47547.0,0.0,1.0
2016-05-18,31.66,32.06,31.65,31.88,31.0946,44383.0,0.0,1.0
2016-05-19,31.81,31.87,31.49,31.68,30.8995,59561.0,0.0,1.0
2016-05-20,31.89,32.1979,31.89,32.1,31.3092,38441.0,0.0,1.0
2016-05-23,32.11,32.263,32.08,32.08,31.2897,60109.0,0.0,1.0
2016-05-24,32.24,32.82,32.24,32.8,31.9919,109683.0,0.0,1.0
2016-05-25,32.98,33.0999,32.9,33.05,32.2358,93990.0,0.0,1.0
2016-05-26,33.07,33.15,32.9514,33.09,32.2748,42670.0,0.0,1.0
2016-05-27,33.08,33.3,33.08,33.28,32.4601,43437.0,0.0,1.0
2016-05-31,33.31,33.38,33.1401,33.38,32.5576,48677.0,0.0,1.0
2016-06-01,33.23,33.39,33.1598,33.3,32.4796,104176.0,0.0,1.0
2016-06-02,33.25,33.33,33.09,33.3,32.4796,34193.0,0.0,1.0
2016-06-03,33.28,33.33,33.0501,33.22,32.4016,51524.0,0.0,1.0
2016-06-06,33.25,33.43,33.25,33.38,32.5576,24831.0,0.0,1.0
2016-06-07,33.43,33.53,33.4,33.4,32.5771,143057.0,0.0,1.0
2016-06-08,33.45,33.54,33.36,33.51,32.6844,48134.0,0.0,1.0
2016-06-09,33.4,33.5,33.3,33.5,32.6747,52177.0,0.0,1.0
2016-06-10,33.19,33.27,33.0001,33.11,32.2943,39181.0,0.0,1.0
2016-06-13,32.92,33.065,32.64,32.81,32.0017,45775.0,0.0,1.0
2016-06-14,32.7,32.923,32.63,32.81,32.0017,36331.0,0.0,1.0
2016-06-15,32.88,32.9699,32.7501,32.79,31.9822,41029.0,0.0,1.0
2016-06-16,32.61,32.87,32.36,32.83,32.0212,128561.0,0.0,1.0
2016-06-17,32.71,32.71,32.32,32.4,31.7159,48889.0,0.117,1.0
2016-06-20,32.72,32.901,32.61,32.63,31.941,36100.0,0.0,1.0
2016-06-21,32.69,32.87,32.68,32.81,32.1172,50767.0,0.0,1.0
2016-06-22,32.81,32.93,32.61,32.67,31.9802,113572.0,0.0,1.0
2016-06-23,32.9,33.17,32.7787,33.16,32.4598,96019.0,0.0,1.0
2016-06-24,31.92,32.4,31.64,31.75,31.0796,179485.0,0.0,1.0
2016-06-27,31.47,31.5784,30.76,30.92,30.2671,201217.0,0.0,1.0
2016-06-28,31.24,31.5299,31.2,31.49,30.8251,111806.0,0.0,1.0
2016-06-29,31.78,32.13,31.7501,32.05,31.3733,191174.0,0.0,1.0
2016-06-30,32.12,32.41,32.0519,32.38,31.6963,69953.0,0.0,1.0
2016-07-01,32.44,32.6099,32.44,32.49,31.804,47165.0,0.0,1.0
2016-07-05,32.3,32.3357,32.075,32.2,31.5201,120323.0,0.0,1.0
2016-07-06,32.06,32.4036,31.95,32.39,31.7061,45864.0,0.0,1.0
2016-07-07,32.44,32.6299,32.37,32.49,31.804,211963.0,0.0,1.0
2016-07-08,32.73,33.1,32.62,33.06,32.362,103889.0,0.0,1.0
2016-07-11,33.21,33.4,33.2,33.29,32.5871,95726.0,0.0,1.0
2016-07-12,33.46,33.65,33.46,33.65,32.9395,194856.0,0.0,1.0
2016-07-13,33.7,33.75,33.5814,33.6,32.8906,94394.0,0.0,1.0
2016-07-14,33.79,33.89,33.75,33.846,33.1314,60449.0,0.0,1.0
2016-07-15,33.9,33.94,33.7,33.7899,33.0764,53432.0,0.0,1.0
2016-07-18,33.83,34.045,33.83,34.0,33.2821,65836.0,0.0,1.0
2016-07-19,33.97,34.03,33.91,33.95,33.2332,44647.0,0.0,1.0
2016-07-20,34.22,34.4963,34.1608,34.4301,33.7031,443925.0,0.0,1.0
2016-07-21,34.44,34.496,34.15,34.22,33.4975,48770.0,0.0,1.0
2016-07-22,34.25,34.43,34.09,34.43,33.703,50210.0,0.0,1.0
2016-07-25,34.41,34.44,34.29,34.39,33.6639,167650.0,0.0,1.0
2016-07-26,34.42,34.63,34.3405,34.54,33.8107,50069.0,0.0,1.0
2016-07-27,34.94,34.949,34.66,34.81,34.075,102090.0,0.0,1.0
2016-07-28,34.9,34.97,34.75,34.91,34.1729,50292.0,0.0,1.0
2016-07-29,35.0,35.03,34.841,34.95,34.2121,75394.0,0.0,1.0
2016-08-01,34.95,35.14,34.91,35.07,34.3295,86878.0,0.0,1.0
2016-08-02,35.03,35.089,34.605,34.7309,33.9976,119830.0,0.0,1.0
2016-08-03,34.68,34.88,34.678,34.88,34.1435,38189.0,0.0,1.0
2016-08-04,34.93,35.14,34.8201,35.09,34.3491,102194.0,0.0,1.0
2016-08-05,35.24,35.51,35.1955,35.49,34.7407,124519.0,0.0,1.0
2016-08-08,35.55,35.6,35.4035,35.53,34.7798,54555.0,0.0,1.0
2016-08-09,35.53,35.669,35.47,35.56,34.8092,169284.0,0.0,1.0
2016-08-10,35.57,35.5794,35.39,35.46,34.7113,121175.0,0.0,1.0
2016-08-11,35.59,35.66,35.52,35.59,34.8385,75436.0,0.0,1.0
2016-08-12,35.52,35.58,35.48,35.57,34.819,73807.0,0.0,1.0
2016-08-15,35.62,35.8499,35.62,35.77,35.0147,97165.0,0.0,1.0
2016-08-16,35.7,35.7,35.58,35.58,34.8288,190521.0,0.0,1.0
2016-08-17,35.6,35.6399,35.3426,35.52,34.77,69743.0,0.0,1.0
2016-08-18,35.53,35.6126,35.47,35.6,34.8483,45584.0,0.0,1.0
2016-08-19,35.56,35.7,35.46,35.67,34.9169,64485.0,0.0,1.0
2016-08-22,35.63,35.7123,35.51,35.6599,34.907,178104.0,0.0,1.0
2016-08-23,35.79,35.91,35.79,35.83,35.0735,67396.0,0.0,1.0
2016-08-24,35.8,35.82,35.57,35.64,34.8875,47188.0,0.0,1.0
2016-08-25,35.56,35.73,35.5,35.7,34.9462,50409.0,0.0,1.0
2016-08-26,35.73,35.9704,35.57,35.74,34.9854,84178.0,0.0,1.0
2016-08-29,35.77,35.94,35.75,35.8301,35.0736,72147.0,0.0,1.0
2016-08-30,35.79,35.88,35.67,35.77,35.0147,39784.0,0.0,1.0
2016-08-31,35.74,35.76,35.59,35.71,34.956,72800.0,0.0,1.0
2016-09-01,35.69,35.86,35.5893,35.8501,35.0931,89239.0,0.0,1.0
2016-09-02,36.0,36.099,35.87,36.03,35.2692,70119.0,0.0,1.0
2016-09-06,36.07,36.17,35.99,36.17,35.4063,87640.0,0.0,1.0
2016-09-07,36.18,36.28,36.1,36.25,35.4846,121182.0,0.0,1.0
2016-09-08,36.14,36.1404,35.8824,35.96,35.2007,84590.0,0.0,1.0
2016-09-09,35.71,35.76,35.12,35.12,34.3785,128878.0,0.0,1.0
2016-09-12,34.95,35.68,34.7622,35.67,34.9169,138768.0,0.0,1.0
2016-09-13,35.51,35.64,35.2899,35.4,34.6526,84986.0,0.0,1.0
2016-09-14,35.43,35.783,35.43,35.6,34.8483,77686.0,0.0,1.0
2016-09-15,35.66,36.2399,35.61,36.1701,35.4064,87040.0,0.0,1.0
2016-09-16,36.11,36.11,35.8,35.95,35.2967,82092.0,0.108,1.0
2016-09-19,36.07,36.2799,35.87,35.9,35.2476,139922.0,0.0,1.0
2016-09-20,36.05,36.08,35.87,35.9533,35.2999,76822.0,0.0,1.0
2016-09-21,36.07,36.33,35.92,36.2901,35.6306,93108.0,0.0,1.0
2016-09-22,36.51,36.59,36.48,36.56,35.8956,156599.0,0.0,1.0
2016-09-23,36.5,36.5,36.18,36.24,35.5814,75113.0,0.0,1.0
2016-09-26,36.05,36.12,35.91,36.02,35.3654,86585.0,0.0,1.0
2016-09-27,36.0,36.41,36.0,36.4,35.7385,71921.0,0.0,1.0
2016-09-28,36.46,36.55,36.31,36.53,35.8661,99870.0,0.0,1.0
2016-09-29,36.52,36.56,36.2,36.3,35.6403,299970.0,0.0,1.0
2016-09-30,36.39,36.62,36.33,36.5499,35.8857,106503.0,0.0,1.0
2016-10-03,36.49,36.51,36.3173,36.42,35.7581,268417.0,0.0,1.0
2016-10-04,36.51,36.6,36.2204,36.35,35.6894,89129.0,0.0,1.0
2016-10-05,36.42,36.62,36.37,36.53,35.8661,191010.0,0.0,1.0
2016-10-06,36.53,36.6,36.36,36.58,35.9152,205702.0,0.0,1.0
2016-10-07,36.6,36.66,36.2687,36.46,35.7974,67909.0,0.0,1.0
2016-10-10,36.67,36.82,36.665,36.7,36.033,106638.0,0.0,1.0
2016-10-11,36.7,36.7,36.0482,36.2,35.5421,280297.0,0.0,1.0
2016-10-12,36.23,36.3199,36.015,36.23,35.5716,84227.0,0.0,1.0
2016-10-13,36.0,36.08,35.6632,35.99,35.3359,186601.0,0.0,1.0
2016-10-14,36.14,36.35,36.05,36.1,35.4439,127664.0,0.0,1.0
2016-10-17,36.11,36.17,35.99,36.02,35.3654,57814.0,0.0,1.0
2016-10-18,36.3,36.38,36.1832,36.22,35.5618,86593.0,0.0,1.0
2016-10-19,36.22,36.33,36.18,36.28,35.6207,212631.0,0.0,1.0
2016-10-20,36.25,36.25,36.02,36.22,35.5618,116550.0,0.0,1.0
2016-10-21,36.31,36.38,36.16,36.37,35.709,85537.0,0.0,1.0
2016-10-24,36.56,36.83,36.56,36.82,36.1508,107264.0,0.0,1.0
2016-10-25,36.83,36.83,36.5768,36.67,36.0036,133512.0,0.0,1.0
2016-10-26,36.45,36.66,36.36,36.46,35.7974,102611.0,0.0,1.0
2016-10-27,36.62,36.672,36.268,36.29,35.6305,76636.0,0.0,1.0
2016-10-28,36.36,36.6608,36.2196,36.3,35.6403,155072.0,0.0,1.0
2016-10-31,36.47,36.47,36.29,36.29,35.6305,172731.0,0.0,1.0
2016-11-01,36.34,36.35,35.75,36.0035,35.3492,183359.0,0.0,1.0
2016-11-02,35.98,36.07,35.651,35.75,35.1003,86645.0,0.0,1.0
2016-11-03,35.64,35.735,35.41,35.48,34.8352,95007.0,0.0,1.0
2016-11-04,35.36,35.69,35.28,35.35,34.7076,126116.0,0.0,1.0
2016-11-07,35.88,36.18,35.8748,36.18,35.5225,119468.0,0.0,1.0
2016-11-08,36.13,36.5002,36.03,36.31,35.6501,113097.0,0.0,1.0
2016-11-09,35.61,36.3799,35.5,36.28,35.6207,191379.0,0.0,1.0
2016-11-10,36.5,36.59,35.3201,35.77,35.1199,270550.0,0.0,1.0
2016-11-11,35.71,36.06,35.58,36.05,35.3948,119372.0,0.0,1.0
2016-11-14,36.1,36.1,35.33,35.5,34.8548,706791.0,0.0,1.0
2016-11-15,35.74,36.14,35.74,36.0,35.3457,277739.0,0.0,1.0
2016-11-16,35.87,36.33,35.87,36.27,35.6108,192933.0,0.0,1.0
2016-11-17,36.41,36.59,36.3,36.59,35.925,298574.0,0.0,1.0
2016-11-18,36.61,36.74,36.48,36.54,35.8759,189636.0,0.0,1.0
2016-11-21,36.75,36.9,36.5851,36.86,36.1901,350948.0,0.0,1.0
2016-11-22,37.09,37.09,36.8317,36.9,36.2294,230960.0,0.0,1.0
2016-11-23,36.86,36.86,36.64,36.78,36.1116,195184.0,0.0,1.0
2016-11-25,36.85,36.91,36.78,36.91,36.2392,250172.0,0.0,1.0
2016-11-28,36.9,37.06,36.83,36.86,36.1901,213355.0,0.0,1.0
2016-11-29,36.87,37.08,36.77,36.91,36.2392,271022.0,0.0,1.0
2016-11-30,36.98,36.99,36.48,36.51,35.8465,225002.0,0.0,1.0
2016-12-01,36.51,36.52,35.5,35.62,34.9727,228876.0,0.0,1.0
2016-12-02,35.52,35.849,35.46,35.77,35.1199,261909.0,0.0,1.0
2016-12-05,35.97,36.2607,35.86,36.14,35.4832,100158.0,0.0,1.0
2016-12-06,36.26,36.322,36.09,36.26,35.601,86835.0,0.0,1.0
2016-12-07,36.24,36.96,36.24,36.9022,36.2316,144787.0,0.0,1.0
2016-12-08,36.97,37.23,36.9,37.1,36.4258,121784.0,0.0,1.0
2016-12-09,37.25,37.32,37.18,37.3,36.6221,115801.0,0.0,1.0
2016-12-12,37.19,37.23,36.97,37.13,36.4552,113793.0,0.0,1.0
2016-12-13,37.27,37.77,37.2441,37.57,36.8872,163053.0,0.0,1.0
2016-12-14,37.62,37.72,37.384,37.45,36.7694,157605.0,0.0,1.0
2016-12-15,37.58,37.8099,37.5,37.6,36.9167,175817.0,0.0,1.0
2016-12-16,37.59,37.59,37.16,37.24,36.6751,135541.0,0.114,1.0
2016-12-19,37.29,37.5873,37.217,37.4319,36.8641,115417.0,0.0,1.0
2016-12-20,37.56,37.6325,37.45,37.53,36.9607,152779.0,0.0,1.0
2016-12-21,37.57,37.57,37.4,37.5,36.9312,107719.0,0.0,1.0
2016-12-22,37.53,37.53,37.21,37.31,36.7441,105403.0,0.0,1.0
2016-12-23,37.28,37.39,37.22,37.38,36.813,86792.0,0.0,1.0
2016-12-27,37.45,37.708,37.45,37.55,36.9804,149837.0,0.0,1.0
2016-12-28,37.64,37.64,37.1518,37.19,36.6279,114895.0,0.002,1.0
2016-12-29,37.14,37.2568,37.0622,37.2,36.6377,114215.0,0.0,1.0
2016-12-30,37.21,37.2432,36.7655,36.91,36.3521,141624.0,0.0,1.0
2017-01-03,37.1,37.33,36.9,37.16,36.5983,626224.0,0.0,1.0
2017-01-04,37.22,37.4132,37.22,37.38,36.815,126833.0,0.0,1.0
2017-01-05,37.35,37.53,37.28,37.41,36.8445,154477.0,0.0,1.0
2017-01-06,37.55,37.81,37.35,37.71,37.14,244548.0,0.0,1.0
2017-01-09,37.78,37.912,37.78,37.81,37.2385,148168.0,0.0,1.0
2017-01-10,37.84,37.96,37.73,37.81,37.2385,249056.0,0.0,1.0
2017-01-11,37.83,38.04,37.77,38.02,37.4453,166108.0,0.0,1.0
2017-01-12,37.93,37.95,37.51,37.94,37.3665,126322.0,0.0,1.0
2017-01-13,37.98,38.125,37.98,38.06,37.4847,175497.0,0.0,1.0
2017-01-17,38.01,38.01,37.7632,37.86,37.2877,154717.0,0.0,1.0
2017-01-18,37.97,38.02,37.85,38.01,37.4355,115714.0,0.0,1.0
2017-01-19,37.99,38.12,37.8583,37.93,37.3567,86457.0,0.0,1.0
2017-01-20,38.08,38.18,38.0,38.08,37.5044,110796.0,0.0,1.0
2017-01-23,38.06,38.1565,37.89,38.12,37.5438,116480.0,0.0,1.0
2017-01-24,38.2,38.6,38.1704,38.54,37.9575,189119.0,0.0,1.0
2017-01-25,38.82,38.96,38.77,38.94,38.3514,292450.0,0.0,1.0
2017-01-26,39.0,39.05,38.7316,38.86,38.2726,186809.0,0.0,1.0
2017-01-27,38.98,39.03,38.8775,38.94,38.3514,219619.0,0.0,1.0
2017-01-30,38.85,38.85,38.4,38.66,38.0757,292756.0,0.0,1.0
2017-01-31,38.49,38.53,38.2481,38.45,37.8688,171616.0,0.0,1.0
2017-02-01,38.83,38.9,38.5214,38.74,38.1544,333637.0,0.0,1.0
2017-02-02,38.68,38.85,38.54,38.7469,38.1612,362321.0,0.0,1.0
2017-02-03,38.99,39.1,38.906,39.08,38.4893,343934.0,0.0,1.0
2017-02-06,39.02,39.11,38.932,39.0941,38.5032,178717.0,0.0,1.0
2017-02-07,39.2,39.35,39.15,39.26,38.6666,211940.0,0.0,1.0
2017-02-08,39.28,39.39,39.12,39.32,38.7257,364799.0,0.0,1.0
2017-02-09,39.39,39.59,39.33,39.51,38.9128,196387.0,0.0,1.0
2017-02-10,39.64,39.68,39.46,39.6,39.0014,237057.0,0.0,1.0
2017-02-13,39.74,39.89,39.725,39.81,39.2083,231494.0,0.0,1.0
2017-02-14,39.84,39.97,39.7,39.97,39.3659,294424.0,0.0,1.0
2017-02-15,39.99,40.1698,39.91,40.13,39.5234,326384.0,0.0,1.0
2017-02-16,40.2,40.2952,40.09,40.19,39.5825,207910.0,0.0,1.0
2017-02-17,40.14,40.32,40.07,40.32,39.7106,174452.0,0.0,1.0
2017-02-21,40.45,40.55,40.37,40.54,39.9272,536727.0,0.0,1.0
2017-02-22,40.51,40.6,40.41,40.6,39.9863,167260.0,0.0,1.0
2017-02-23,40.68,40.68,40.301,40.5,39.8878,207120.0,0.0,1.0
2017-02-24,40.44,40.57,40.15,40.57,39.9568,212982.0,0.0,1.0
2017-02-27,40.57,40.6,40.4475,40.5832,39.9698,224867.0,0.0,1.0
2017-02-28,40.62,40.62,40.3,40.36,39.75,771117.0,0.0,1.0
2017-03-01,40.63,40.97,40.5384,40.92,40.3015,465539.0,0.0,1.0
2017-03-02,40.92,40.93,40.6,40.63,40.0159,388735.0,0.0,1.0
2017-03-03,40.63,40.6829,40.5,40.68,40.0651,162969.0,0.0,1.0
2017-03-06,40.55,40.6648,40.43,40.6,39.9863,160697.0,0.0,1.0
2017-03-07,40.61,40.785,40.5592,40.64,40.0257,194763.0,0.0,1.0
2017-03-08,40.68,40.81,40.63,40.66,40.0454,127892.0,0.0,1.0
2017-03-09,40.66,40.72,40.45,40.67,40.0553,167360.0,0.0,1.0
2017-03-10,40.87,40.9311,40.6807,40.84,40.2227,253769.0,0.0,1.0
2017-03-13,40.87,40.9454,40.85,40.93,40.3113,156288.0,0.0,1.0
2017-03-14,40.9,40.9,40.65,40.8,40.1833,203120.0,0.0,1.0
2017-03-15,40.9,41.15,40.76,41.06,40.4394,138964.0,0.0,1.0
2017-03-16,41.27,41.28,41.1,41.19,40.5674,153623.0,0.0,1.0
2017-03-17,41.29,41.3,41.08,41.12,40.5979,215993.0,0.101,1.0
2017-03-20,41.13,41.25,41.0401,41.1292,40.607,146862.0,0.0,1.0
2017-03-21,41.31,41.35,40.4345,40.45,39.9364,294601.0,0.0,1.0
2017-03-22,40.45,40.8081,40.43,40.79,40.2721,258420.0,0.0,1.0
2017-03-23,40.7,40.8259,40.5876,40.68,40.1635,107417.0,0.0,1.0
2017-03-24,40.85,40.98,40.54,40.72,40.203,158726.0,0.0,1.0
2017-03-27,40.46,40.822,40.26,40.75,40.2326,172038.0,0.0,1.0
2017-03-28,40.71,41.14,40.65,41.03,40.5091,156883.0,0.0,1.0
2017-03-29,41.02,41.15,40.93,41.13,40.6078,121299.0,0.0,1.0
2017-03-30,41.16,41.2493,41.08,41.18,40.6572,163050.0,0.0,1.0
2017-03-31,41.14,41.2683,41.08,41.15,40.6276,178735.0,0.0,1.0
2017-04-03,41.18,41.25,40.79,41.04,40.519,1045367.0,0.0,1.0
2017-04-04,40.91,41.0582,40.88,41.0,40.4795,110137.0,0.0,1.0
2017-04-05,41.12,41.35,40.84,40.87,40.3511,238661.0,0.0,1.0
2017-04-06,40.9,40.9799,40.7306,40.89,40.3709,154765.0,0.0,1.0
2017-04-07,40.88,40.96,40.71,40.88,40.361,103052.0,0.0,1.0
2017-04-10,40.91,41.01,40.72,40.78,40.2623,210923.0,0.0,1.0
2017-04-11,40.76,40.76,40.33,40.66,40.1438,280009.0,0.0,1.0
2017-04-12,40.69,40.69,40.4,40.46,39.9463,155289.0,0.0,1.0
2017-04-13,40.44,40.6926,40.3,40.3,39.7884,169469.0,0.0,1.0
2017-04-17,40.41,40.71,40.41,40.67,40.1537,105006.0,0.0,1.0
2017-04-18,40.59,40.769,40.59,40.71,40.1931,94834.0,0.0,1.0
2017-04-19,40.82,40.92,40.6353,40.68,40.1635,153875.0,0.0,1.0
2017-04-20,40.87,41.18,40.78,41.11,40.5881,117597.0,0.0,1.0
2017-04-21,41.16,41.16,41.0,41.09,40.5683,121539.0,0.0,1.0
2017-04-24,41.54,41.65,41.47,41.64,41.1113,173496.0,0.0,1.0
2017-04-25,41.81,41.9599,41.75,41.9,41.368,244580.0,0.0,1.0
2017-04-26,41.89,41.94,41.75,41.79,41.2594,184000.0,0.0,1.0
2017-04-27,41.95,42.07,41.88,42.07,41.5359,184767.0,0.0,1.0
2017-04-28,42.24,42.24,42.0103,42.08,41.5458,401850.0,0.0,1.0
2017-05-01,42.27,42.5337,42.19,42.49,41.9505,298483.0,0.0,1.0
2017-05-02,42.62,42.63,42.4132,42.56,42.0197,464957.0,0.0,1.0
2017-05-03,42.49,42.5206,42.3,42.5,41.9604,176693.0,0.0,1.0
2017-05-04,42.55,42.61,42.4172,42.54,41.9999,140875.0,0.0,1.0
2017-05-05,42.65,42.75,42.51,42.75,42.2072,120750.0,0.0,1.0
2017-05-08,42.77,42.92,42.7009,42.91,42.3652,207053.0,0.0,1.0
2017-05-09,42.98,43.1,42.9,42.99,42.4442,214345.0,0.0,1.0
2017-05-10,43.06,43.18,42.95,43.15,42.6022,173769.0,0.0,1.0
2017-05-11,43.04,43.12,42.838,43.09,42.5429,152475.0,0.0,1.0
2017-05-12,43.14,43.23,43.07,43.19,42.6417,156074.0,0.0,1.0
2017-05-15,43.3,43.51,43.256,43.51,42.9576,198599.0,0.0,1.0
2017-05-16,43.64,43.75,43.45,43.75,43.1946,233188.0,0.0,1.0
2017-05-17,43.4,43.42,42.45,42.45,41.9111,460730.0,0.0,1.0
2017-05-18,42.34,42.83,42.25,42.72,42.1776,247327.0,0.0,1.0
2017-05-19,42.91,43.1,42.91,42.95,42.4047,228306.0,0.0,1.0
2017-05-22,43.09,43.4,43.09,43.38,42.8292,180654.0,0.0,1.0
2017-05-23,43.55,43.56,43.3,43.42,42.8687,206158.0,0.0,1.0
2017-05-24,43.56,43.66,43.46,43.64,43.0859,119971.0,0.0,1.0
2017-05-25,43.82,44.08,43.7215,43.99,43.4315,241663.0,0.0,1.0
2017-05-26,43.99,44.01,43.8457,44.0,43.4414,227523.0,0.0,1.0
2017-05-30,43.98,44.13,43.9112,44.1,43.5401,198877.0,0.0,1.0
2017-05-31,44.25,44.3,43.82,44.0,43.4414,276690.0,0.0,1.0
2017-06-01,44.12,44.18,43.871,44.18,43.6191,194602.0,0.0,1.0
2017-06-02,44.34,44.6291,44.1961,44.59,44.0239,172897.0,0.0,1.0
2017-06-05,44.59,44.78,44.5562,44.61,44.0436,313721.0,0.0,1.0
2017-06-06,44.58,44.78,44.51,44.58,44.014,213260.0,0.0,1.0
2017-06-07,44.7,44.76,44.49,44.67,44.1029,150920.0,0.0,1.0
2017-06-08,44.78,44.88,44.563,44.82,44.251,158401.0,0.0,1.0
2017-06-09,44.94,45.0,42.96,43.61,43.0563,602853.0,0.0,1.0
2017-06-12,43.14,43.37,42.46,43.26,42.7108,796452.0,0.0,1.0
2017-06-13,43.51,43.78,43.3,43.66,43.1057,399634.0,0.0,1.0
2017-06-14,43.82,43.82,43.03,43.37,42.8194,152089.0,0.0,1.0
2017-06-15,42.91,43.2454,42.6602,43.2,42.6515,186502.0,0.0,1.0
2017-06-16,43.02,43.0999,42.8,42.98,42.5548,132799.0,0.122,1.0
2017-06-19,43.35,43.71,43.24,43.7,43.2677,203187.0,0.0,1.0
2017-06-20,43.7,43.71,43.31,43.31,42.8815,116280.0,0.0,1.0
2017-06-21,43.47,43.63,43.38,43.63,43.1983,140085.0,0.0,1.0
2017-06-22,43.8,43.81,43.5032,43.69,43.2578,99444.0,0.0,1.0
2017-06-23,43.67,44.12,43.58,44.03,43.5944,147071.0,0.0,1.0
2017-06-26,44.25,44.36,43.7001,43.75,43.3172,252568.0,0.0,1.0
2017-06-27,43.54,43.63,43.01,43.02,42.5944,177080.0,0.0,1.0
2017-06-28,43.15,43.63,42.9,43.57,43.1389,113442.0,0.0,1.0
2017-06-29,43.4,43.4,42.4,42.81,42.3865,268104.0,0.0,1.0
2017-06-30,42.96,43.02,42.71,42.72,42.2974,292041.0,0.0,1.0
2017-07-03,42.95,42.97,42.3403,42.4,41.9805,177896.0,0.0,1.0
2017-07-05,42.51,42.9005,42.44,42.83,42.4063,341535.0,0.0,1.0
2017-07-06,42.53,42.66,42.32,42.45,42.03,203737.0,0.0,1.0
2017-07-07,42.56,43.124,42.56,42.99,42.5647,156699.0,0.0,1.0
2017-07-10,43.04,43.418,42.95,43.32,42.8914,180727.0,0.0,1.0
2017-07-11,43.29,43.53,43.12,43.51,43.0795,117478.0,0.0,1.0
2017-07-12,43.85,44.1,43.75,44.09,43.6538,282122.0,0.0,1.0
2017-07-13,44.16,44.31,44.05,44.19,43.7528,123968.0,0.0,1.0
2017-07-14,44.32,44.6,44.27,44.52,44.0795,132956.0,0.0,1.0
2017-07-17,44.61,44.68,44.47,44.56,44.1191,212524.0,0.0,1.0
2017-07-18,44.51,44.77,44.35,44.77,44.3271,130455.0,0.0,1.0
2017-07-19,44.87,45.1,44.81,45.06,44.6142,208763.0,0.0,1.0
2017-07-20,45.17,45.17,44.8501,45.09,44.6439,173354.0,0.0,1.0
2017-07-21,44.93,45.04,44.85,44.98,44.535,97005.0,0.0,1.0
2017-07-24,45.04,45.22,44.93,45.17,44.7231,180946.0,0.0,1.0
2017-07-25,45.08,45.1999,44.9039,45.14,44.6934,192966.0,0.0,1.0
2017-07-26,45.27,45.5,45.07,45.2,44.7528,105954.0,0.0,1.0
2017-07-27,45.47,45.47,44.25,44.81,44.3667,342155.0,0.0,1.0
2017-07-28,44.55,44.83,44.51,44.72,44.2776,132094.0,0.0,1.0
2017-07-31,44.84,44.8799,44.4418,44.49,44.0498,271777.0,0.0,1.0
2017-08-01,44.66,44.75,44.561,44.71,44.2677,105786.0,0.0,1.0
2017-08-02,45.19,45.19,44.47,44.82,44.3766,168850.0,0.0,1.0
2017-08-03,44.82,44.85,44.5909,44.69,44.2479,111435.0,0.0,1.0
2017-08-04,44.79,44.9,44.65,44.75,44.3073,98178.0,0.0,1.0
2017-08-07,44.85,45.03,44.79,44.9,44.4558,154079.0,0.0,1.0
2017-08-08,44.95,45.3299,44.84,44.98,44.535,184667.0,0.0,1.0
2017-08-09,44.67,44.94,44.6,44.94,44.4954,172326.0,0.0,1.0
2017-08-10,44.69,44.7399,43.93,43.97,43.535,283452.0,0.0,1.0
2017-08-11,44.01,44.41,43.98,44.31,43.8716,178708.0,0.0,1.0
2017-08-14,44.74,45.07,44.7,45.0,44.5548,138335.0,0.0,1.0
2017-08-15,45.14,45.19,44.98,45.12,44.6736,167898.0,0.0,1.0
2017-08-16,45.23,45.45,45.12,45.28,44.832,126014.0,0.0,1.0
2017-08-17,45.12,45.1799,44.38,44.38,43.9409,210943.0,0.0,1.0
2017-08-18,44.4,44.64,44.18,44.36,43.9211,225024.0,0.0,1.0
2017-08-21,44.35,44.4,44.019,44.3412,43.9025,111342.0,0.0,1.0
2017-08-22,44.55,45.0,44.55,44.98,44.535,159723.0,0.0,1.0
2017-08-23,44.74,44.9625,44.7,44.86,44.4162,81843.0,0.0,1.0
2017-08-24,45.01,45.04,44.6731,44.88,44.436,77787.0,0.0,1.0
2017-08-25,45.03,45.15,44.78,44.84,44.3964,114629.0,0.0,1.0
2017-08-28,44.94,45.01,44.7807,44.95,44.5053,76458.0,0.0,1.0
2017-08-29,44.59,45.21,44.5,45.16,44.7132,97885.0,0.0,1.0
2017-08-30,45.2,45.58,45.13,45.52,45.0696,118107.0,0.0,1.0
2017-08-31,45.66,45.95,45.64,45.86,45.4063,253940.0,0.0,1.0
2017-09-01,46.01,46.04,45.8,45.88,45.4261,157951.0,0.0,1.0
2017-09-05,45.74,45.83,45.15,45.49,45.0399,249488.0,0.0,1.0
2017-09-06,45.64,45.64,45.2913,45.54,45.0895,146606.0,0.0,1.0
2017-09-07,45.65,45.81,45.52,45.77,45.3172,105320.0,0.0,1.0
2017-09-08,45.72,45.72,45.35,45.38,44.931,213522.0,0.0,1.0
2017-09-11,45.76,46.09,45.74,46.07,45.6142,114686.0,0.0,1.0
2017-09-12,46.22,46.2399,45.952,46.14,45.6835,202862.0,0.0,1.0
2017-09-13,46.09,46.09,45.9235,46.09,45.634,135631.0,0.0,1.0
2017-09-14,45.92,46.12,45.7803,45.95,45.4954,118623.0,0.0,1.0
2017-09-15,45.82,46.02,45.69,45.95,45.6172,136727.0,0.123,1.0
2017-09-18,46.02,46.1999,45.8771,46.01,45.6767,164695.0,0.0,1.0
2017-09-19,46.11,46.24,45.97,46.15,45.8157,217361.0,0.0,1.0
2017-09-20,46.17,46.17,45.6,45.93,45.5973,161023.0,0.0,1.0
2017-09-21,45.93,45.93,45.51,45.69,45.3591,85690.0,0.0,1.0
2017-09-22,45.54,45.75,45.4911,45.74,45.4087,108226.0,0.0,1.0
2017-09-25,45.58,45.58,44.871,45.09,44.7634,228336.0,0.0,1.0
2017-09-26,45.33,45.45,45.11,45.25,44.9222,125054.0,0.0,1.0
2017-09-27,45.48,45.93,45.48,45.75,45.4186,123592.0,0.0,1.0
2017-09-28,45.71,45.86,45.61,45.86,45.5278,90684.0,0.0,1.0
2017-09-29,45.93,46.18,45.8876,46.16,45.8257,249714.0,0.0,1.0
2017-10-02,46.25,46.4,46.031,46.28,45.9448,198173.0,0.0,1.0
2017-10-03,46.33,46.41,46.2791,46.4,46.0639,150520.0,0.0,1.0
2017-10-04,46.32,46.42,46.19,46.37,46.0341,107189.0,0.0,1.0
2017-10-05,46.56,46.82,46.463,46.81,46.4709,154466.0,0.0,1.0
2017-10-06,46.71,46.9516,46.64,46.92,46.5802,164569.0,0.0,1.0
2017-10-09,47.04,47.1609,46.98,47.06,46.7191,171098.0,0.0,1.0
2017-10-10,47.2,47.24,46.86,47.05,46.7092,166605.0,0.0,1.0
2017-10-11,47.05,47.28,47.02,47.28,46.9375,120647.0,0.0,1.0
2017-10-12,47.24,47.46,47.2001,47.3,46.9574,219152.0,0.0,1.0
2017-10-13,47.51,47.61,47.48,47.53,47.1857,150644.0,0.0,1.0
2017-10-16,47.68,47.68,47.49,47.65,47.3049,177818.0,0.0,1.0
2017-10-17,47.68,47.68,47.51,47.63,47.285,166145.0,0.0,1.0
2017-10-18,47.79,47.88,47.62,47.79,47.4439,182786.0,0.0,1.0
2017-10-19,47.54,47.63,47.23,47.63,47.285,204567.0,0.0,1.0
2017-10-20,47.91,48.04,47.85,47.94,47.5928,150856.0,0.0,1.0
2017-10-23,48.1,48.1,47.7171,47.77,47.424,213477.0,0.0,1.0
2017-10-24,47.84,47.99,47.7233,47.94,47.5928,166692.0,0.0,1.0
2017-10-25,47.88,48.0299,47.41,47.76,47.4141,178425.0,0.0,1.0
2017-10-26,48.01,48.11,47.88,47.96,47.6126,130715.0,0.0,1.0
2017-10-27,48.77,49.31,48.68,49.19,48.8337,321059.0,0.0,1.0
2017-10-30,49.24,49.47,49.071,49.34,48.9826,280789.0,0.0,1.0
2017-10-31,49.51,49.68,49.33,49.59,49.2308,411151.0,0.0,1.0
2017-11-01,49.8,49.82,49.27,49.52,49.1613,374971.0,0.0,1.0
2017-11-02,49.5,49.6,49.18,49.57,49.211,218563.0,0.0,1.0
2017-11-03,49.87,49.99,49.517,49.98,49.618,240189.0,0.0,1.0
2017-11-06,50.04,50.2,49.99,50.19,49.8265,261092.0,0.0,1.0
2017-11-07,50.25,50.25,49.97,50.17,49.8066,232526.0,0.0,1.0
2017-11-08,50.18,50.46,50.03,50.42,50.0548,166251.0,0.0,1.0
2017-11-09,50.08,50.1,49.49,50.0,49.6378,316073.0,0.0,1.0
2017-11-10,49.96,50.0651,49.8201,50.04,49.6776,212908.0,0.0,1.0
2017-11-13,49.87,50.05,49.8,50.02,49.6577,157462.0,0.0,1.0
2017-11-14,49.91,50.0,49.66,49.92,49.5584,194321.0,0.0,1.0
2017-11-15,49.69,49.74,49.35,49.54,49.1812,272335.0,0.0,1.0
2017-11-16,49.86,50.3312,49.84,50.22,49.8562,186933.0,0.0,1.0
2017-11-17,50.2,50.2,49.9384,49.98,49.618,151382.0,0.0,1.0
2017-11-20,50.1,50.21,50.0,50.18,49.8165,191176.0,0.0,1.0
2017-11-21,50.43,50.79,50.33,50.78,50.4122,250143.0,0.0,1.0
2017-11-22,50.82,50.82,50.6,50.66,50.2931,190643.0,0.0,1.0
2017-11-24,50.71,50.96,50.71,50.92,50.5512,80275.0,0.0,1.0
2017-11-27,50.9,50.99,50.76,50.88,50.5115,185815.0,0.0,1.0
2017-11-28,50.98,51.07,50.71,50.99,50.6207,229776.0,0.0,1.0
2017-11-29,50.97,50.97,49.32,49.69,49.3301,585270.0,0.0,1.0
2017-11-30,49.93,50.21,49.69,50.05,49.6875,281462.0,0.0,1.0
2017-12-01,49.81,50.0499,49.01,49.83,49.4691,379103.0,0.0,1.0
2017-12-04,50.12,50.12,48.79,48.81,48.4565,512695.0,0.0,1.0
2017-12-05,48.76,49.509,48.56,48.94,48.5855,481697.0,0.0,1.0
2017-12-06,48.74,49.35,48.609,49.26,48.9032,177305.0,0.0,1.0
2017-12-07,49.33,49.7,49.33,49.63,49.2705,199934.0,0.0,1.0
2017-12-08,50.01,50.12,49.73,49.81,49.4492,146201.0,0.0,1.0
2017-12-11,49.82,50.22,49.81,50.21,49.8463,173955.0,0.0,1.0
2017-12-12,50.17,50.3083,49.9444,50.07,49.7073,153891.0,0.0,1.0
2017-12-13,50.23,50.35,50.07,50.13,49.7669,243638.0,0.0,1.0
2017-12-14,50.31,50.39,50.0568,50.06,49.6974,213648.0,0.0,1.0
2017-12-15,50.24,50.6079,49.96,50.54,50.307,160462.0,0.134,1.0
2017-12-18,51.005,51.02,50.7955,51.01,50.7748,230780.0,0.0,1.0
2017-12-19,50.72,50.93,50.58,50.71,50.4762,233070.0,0.0,1.0
2017-12-20,50.83,50.93,50.43,50.68,50.4463,194696.0,0.0,1.0
2017-12-21,50.7,50.8501,50.51,50.52,50.2871,172011.0,0.0,1.0
2017-12-22,50.44,50.52,50.36,50.45,50.2174,219325.0,0.0,1.0
2017-12-26,50.16,50.18,49.91,50.14,49.9088,209480.0,0.0,1.0
2017-12-27,50.12,50.28,50.1147,50.21,49.9785,166893.0,0.0,1.0
2017-12-28,50.36,50.36,50.19,50.27,50.0382,240042.0,0.0,1.0
2017-12-29,50.34,50.34,49.97,49.97,49.7396,259519.0,0.0,1.0
2018-01-02,50.21,50.67,50.11,50.67,50.4364,375647.0,0.0,1.0
2018-01-03,50.8,51.26,50.79,51.23,50.9938,645487.0,0.0,1.0
2018-01-04,51.45,51.66,51.3705,51.52,51.2824,498914.0,0.0,1.0
2018-01-05,51.78,52.1,51.69,52.02,51.7801,390200.0,0.0,1.0
2018-01-08,52.09,52.36,52.0,52.31,52.0688,357806.0,0.0,1.0
2018-01-09,52.42,52.43,52.06,52.15,51.9095,325028.0,0.0,1.0
2018-01-10,51.92,52.0,51.72,52.0,51.7602,268301.0,0.0,1.0
2018-01-11,52.15,52.34,52.0316,52.34,52.0987,216966.0,0.0,1.0
2018-01-12,52.28,52.69,52.2174,52.64,52.3973,246832.0,0.0,1.0
2018-01-16,52.97,53.15,52.2418,52.42,52.1783,564532.0,0.0,1.0
2018-01-17,52.71,53.24,52.5357,53.22,52.9746,3723019.0,0.0,1.0
2018-01-18,53.22,53.45,53.099,53.31,53.0642,260635.0,0.0,1.0
2018-01-19,53.42,53.5,53.19,53.44,53.1936,226272.0,0.0,1.0
2018-01-22,53.4,53.85,53.27,53.85,53.6017,317093.0,0.0,1.0
2018-01-23,53.97,54.216,53.93,54.16,53.9103,436379.0,0.0,1.0
2018-01-24,54.27,54.34,53.46,53.68,53.4325,467960.0,0.0,1.0
2018-01-25,54.0,54.03,53.42,53.53,53.2832,331826.0,0.0,1.0
2018-01-26,53.92,54.4,53.8,54.39,54.1392,302598.0,0.0,1.0
2018-01-29,54.32,54.33,53.84,53.95,53.7012,355044.0,0.0,1.0
2018-01-30,53.49,53.68,53.24,53.42,53.1737,437100.0,0.0,1.0
2018-01-31,53.71,53.87,53.435,53.74,53.4922,336316.0,0.0,1.0
2018-02-01,53.54,54.1154,53.5,53.71,53.4623,319453.0,0.0,1.0
2018-02-02,53.16,53.22,52.1801,52.24,51.9991,834903.0,0.0,1.0
2018-02-05,51.62,52.61,50.13,50.15,49.9188,1536775.0,0.0,1.0
2018-02-06,49.5,51.53,48.63,51.48,51.2426,1402713.0,0.0,1.0
2018-02-07,51.35,51.84,50.84,50.85,50.6155,855328.0,0.0,1.0
2018-02-08,51.01,51.2,48.79,48.79,48.565,837368.0,0.0,1.0
2018-02-09,49.47,50.249,47.9418,49.87,49.6401,1218337.0,0.0,1.0
2018-02-12,50.45,51.129,50.0695,50.83,50.5956,784794.0,0.0,1.0
2018-02-13,50.56,51.09,50.45,51.0,50.7648,494017.0,0.0,1.0
2018-02-14,50.73,52.1,50.57,52.05,51.81,568371.0,0.0,1.0
2018-02-15,52.52,53.04,51.92,53.04,52.7954,743135.0,0.0,1.0
2018-02-16,52.87,53.43,52.66,52.89,52.6461,609742.0,0.0,1.0
2018-02-20,52.62,53.4452,52.45,53.01,52.7656,540368.0,0.0,1.0
2018-02-21,53.23,53.72,52.76,52.77,52.5267,901206.0,0.0,1.0
2018-02-22,52.94,53.2604,52.64,52.81,52.5665,616834.0,0.0,1.0
2018-02-23,53.19,53.88,53.1,53.88,53.6316,294036.0,0.0,1.0
2018-02-26,54.1,54.67,54.0,54.66,54.408,505264.0,0.0,1.0
2018-02-27,54.71,54.9434,54.17,54.17,53.9202,493298.0,0.0,1.0
2018-02-28,54.42,54.7,53.82,53.83,53.5818,483543.0,0.0,1.0
2018-03-01,53.92,54.12,52.5,52.98,52.7357,847518.0,0.0,1.0
2018-03-02,52.38,53.64,52.17,53.55,53.3031,627965.0,0.0,1.0
2018-03-05,53.27,54.27,53.16,54.09,53.8406,604998.0,0.0,1.0
2018-03-06,54.38,54.49,54.0,54.3,54.0496,339210.0,0.0,1.0
2018-03-07,53.9,54.6848,53.68,54.63,54.3781,446141.0,0.0,1.0
2018-03-08,54.8,54.93,54.53,54.83,54.5772,358934.0,0.0,1.0
2018-03-09,55.23,55.91,55.16,55.91,55.6522,496132.0,0.0,1.0
2018-03-12,56.1,56.32,55.91,56.12,55.8612,538946.0,0.0,1.0
2018-03-13,56.37,56.55,55.25,55.42,55.1645,537394.0,0.0,1.0
2018-03-14,55.71,55.75,55.15,55.46,55.2043,365607.0,0.0,1.0
2018-03-15,55.47,55.78,55.22,55.46,55.2043,204158.0,0.0,1.0
2018-03-16,55.46,55.609,55.22,55.29,55.1535,174210.0,0.119,1.0
2018-03-19,54.81,55.02,53.69,54.17,54.0363,575043.0,0.0,1.0
2018-03-20,54.03,54.4,53.921,54.26,54.1261,278233.0,0.0,1.0
2018-03-21,54.18,54.677,53.85,54.01,53.8767,289391.0,0.0,1.0
2018-03-22,53.38,53.66,52.54,52.54,52.4103,460631.0,0.0,1.0
2018-03-23,52.55,52.7526,51.13,51.15,51.0237,551442.0,0.0,1.0
2018-03-26,52.18,53.125,51.47,53.09,52.9589,527314.0,0.0,1.0
2018-03-27,53.47,53.47,50.88,51.3,51.1734,498856.0,0.0,1.0
2018-03-28,51.14,51.58,50.48,50.76,50.6347,573502.0,0.0,1.0
2018-03-29,51.15,52.3899,50.77,51.87,51.742,300974.0,0.0,1.0
2018-04-02,51.64,51.841,50.04,50.57,50.4452,1040043.0,0.0,1.0
2018-04-03,51.02,51.2,50.29,51.06,50.934,370947.0,0.0,1.0
2018-04-04,50.03,51.9,50.0002,51.76,51.6322,587453.0,0.0,1.0
2018-04-05,52.22,52.35,51.63,52.01,51.8816,259132.0,0.0,1.0
2018-04-06,51.44,51.91,50.475,50.72,50.5948,593581.0,0.0,1.0
2018-04-09,51.13,52.06,51.03,51.06,50.934,669159.0,0.0,1.0
2018-04-10,51.9,52.54,51.635,52.34,52.2108,571740.0,0.0,1.0
2018-04-11,52.02,52.58,51.975,52.12,51.9913,435229.0,0.0,1.0
2018-04-12,52.47,52.99,52.38,52.78,52.6497,282959.0,0.0,1.0
2018-04-13,53.12,53.15,52.31,52.56,52.4302,527528.0,0.0,1.0
2018-04-16,52.9,53.1251,52.5751,52.9,52.7694,548735.0,0.0,1.0
2018-04-17,53.37,54.1667,53.22,54.01,53.8767,739310.0,0.0,1.0
2018-04-18,53.95,54.1,53.52,53.93,53.7969,473810.0,0.0,1.0
2018-04-19,53.59,53.59,53.09,53.31,53.1784,583382.0,0.0,1.0
2018-04-20,53.18,53.1815,52.35,52.54,52.4103,646612.0,0.0,1.0
2018-04-23,52.74,52.9,52.08,52.31,52.1809,340373.0,0.0,1.0
2018-04-24,52.58,52.71,50.95,51.31,51.1833,496895.0,0.0,1.0
2018-04-25,51.39,51.45,50.5905,51.21,51.0836,488879.0,0.0,1.0
2018-04-26,51.92,52.49,51.77,52.3,52.1709,559905.0,0.0,1.0
2018-04-27,52.81,52.81,51.8,52.09,51.9614,302811.0,0.0,1.0
2018-04-30,52.24,52.5858,51.73,51.88,51.7519,558469.0,0.0,1.0
2018-05-01,51.74,52.55,51.61,52.53,52.4003,389229.0,0.0,1.0
2018-05-02,52.82,53.1,52.46,52.54,52.4103,413132.0,0.0,1.0
2018-05-03,52.35,52.86,51.82,52.67,52.54,510411.0,0.0,1.0
2018-05-04,52.47,53.76,52.39,53.66,53.5275,579905.0,0.0,1.0
2018-05-07,53.9,54.355,53.83,54.13,53.9964,538975.0,0.0,1.0
2018-05-08,54.09,54.34,53.84,54.31,54.1759,626464.0,0.0,1.0
2018-05-09,54.47,55.06,54.33,55.05,54.9141,680990.0,0.0,1.0
2018-05-10,55.28,55.74,55.22,55.72,55.5824,632178.0,0.0,1.0
2018-05-11,55.62,55.78,55.37,55.57,55.4328,416860.0,0.0,1.0
2018-05-14,55.78,55.98,55.43,55.52,55.3829,552261.0,0.0,1.0
2018-05-15,55.15,55.18,54.72,54.99,54.8543,576409.0,0.0,1.0
2018-05-16,55.07,55.39,54.96,55.27,55.1336,280943.0,0.0,1.0
2018-05-17,55.07,55.4549,54.76,55.02,54.8842,228694.0,0.0,1.0
2018-05-18,54.87,55.11,54.76,54.82,54.6847,214018.0,0.0,1.0
2018-05-21,55.3,55.57,54.97,55.23,55.0937,270969.0,0.0,1.0
2018-05-22,55.49,55.55,55.0,55.08,54.944,308922.0,0.0,1.0
2018-05-23,54.71,55.53,54.66,55.53,55.3929,372880.0,0.0,1.0
2018-05-24,55.54,55.58,54.9,55.48,55.343,337528.0,0.0,1.0
2018-05-25,55.46,55.66,55.3272,55.47,55.3331,301888.0,0.0,1.0
2018-05-29,55.25,55.48,54.8,55.16,55.0238,856140.0,0.0,1.0
2018-05-30,55.45,55.67,55.32,55.58,55.4428,389263.0,0.0,1.0
2018-05-31,55.57,55.99,55.5,55.54,55.4029,573077.0,0.0,1.0
2018-06-01,55.92,56.57,55.885,56.57,56.4304,442646.0,0.0,1.0
2018-06-04,56.75,57.11,56.67,57.08,56.9391,504247.0,0.0,1.0
2018-06-05,57.23,57.42,57.11,57.36,57.2184,458111.0,0.0,1.0
2018-06-06,57.42,57.68,57.149,57.68,57.5376,470012.0,0.0,1.0
2018-06-07,57.71,57.71,56.64,56.99,56.8493,445989.0,0.0,1.0
2018-06-08,56.69,57.1,56.54,57.04,56.8992,268184.0,0.0,1.0
2018-06-11,57.04,57.249,56.89,57.08,56.9391,346070.0,0.0,1.0
2018-06-12,57.16,57.48,57.11,57.43,57.2882,236976.0,0.0,1.0
2018-06-13,57.52,57.84,57.265,57.35,57.2084,417865.0,0.0,1.0
2018-06-14,57.58,57.889,57.525,57.73,57.5875,320269.0,0.0,1.0
2018-06-15,57.41,57.42,56.96,57.38,57.38,364685.0,0.142,1.0
2018-06-18,57.0,57.53,56.7802,57.51,57.51,329924.0,0.0,1.0
2018-06-19,56.77,57.13,56.35,57.13,57.13,407895.0,0.0,1.0
2018-06-20,57.26,57.59,57.25,57.32,57.32,310646.0,0.0,1.0
2018-06-21,57.48,57.5,56.67,56.83,56.83,340275.0,0.0,1.0
2018-06-22,56.94,56.95,56.32,56.52,56.52,246585.0,0.0,1.0
2018-06-25,56.08,56.08,54.72,55.21,55.21,839416.0,0.0,1.0
2018-06-26,55.42,55.854,55.251,55.47,55.47,325974.0,0.0,1.0
2018-06-27,55.66,55.89,54.62,54.64,54.64,586092.0,0.0,1.0
2018-06-28,54.53,55.43,54.52,55.23,55.23,403768.0,0.0,1.0
2018-06-29,55.48,55.75,55.26,55.27,55.27,632472.0,0.0,1.0
2018-07-02,54.84,55.84,54.64,55.84,55.84,725171.0,0.0,1.0
2018-07-03,56.02,56.04,55.11,55.17,55.17,385961.0,0.0,1.0
2018-07-05,55.48,55.99,55.3349,55.98,55.98,415287.0,0.0,1.0
2018-07-06,56.04,56.74,55.8739,56.68,56.68,417565.0,0.0,1.0
2018-07-09,56.98,57.13,56.65,57.13,57.13,357097.0,0.0,1.0
2018-07-10,57.22,57.4,57.09,57.24,57.24,339443.0,0.0,1.0
2018-07-11,56.78,57.23,56.55,56.96,56.96,585717.0,0.0,1.0
2018-07-12,57.24,58.0,57.2209,57.99,57.99,432123.0,0.0,1.0
2018-07-13,57.99,58.06,57.715,57.92,57.92,410406.0,0.0,1.0
2018-07-16,57.94,58.04,57.63,57.73,57.73,383482.0,0.0,1.0
2018-07-17,57.34,58.31,57.11,58.23,58.23,421568.0,0.0,1.0
2018-07-18,58.23,58.25,57.939,58.2,58.2,299326.0,0.0,1.0
2018-07-19,58.05,58.26,57.91,58.04,58.04,305539.0,0.0,1.0
2018-07-20,58.23,58.35,57.96,58.04,58.04,294532.0,0.0,1.0
2018-07-23,57.98,58.32,57.62,58.3,58.3,381916.0,0.0,1.0
2018-07-24,58.83,59.0452,58.18,58.42,58.42,483370.0,0.0,1.0
2018-07-25,58.5,59.28,58.43,59.28,59.28,513868.0,0.0,1.0
2018-07-26,58.38,58.65,58.2,58.48,58.48,672726.0,0.0,1.0
2018-07-27,58.56,58.5696,56.9,57.25,57.25,772845.0,0.0,1.0
2018-07-30,57.27,57.42,55.8152,56.19,56.19,769605.0,0.0,1.0
2018-07-31,56.35,56.74,55.96,56.37,56.37,689505.0,0.0,1.0
2018-08-01,56.75,57.09,56.59,56.92,56.92,438941.0,0.0,1.0
2018-08-02,56.47,57.8,56.4022,57.72,57.72,578468.0,0.0,1.0
2018-08-03,57.83,57.86,57.44,57.86,57.86,359988.0,0.0,1.0
2018-08-06,57.86,58.28,57.75,58.28,58.28,413148.0,0.0,1.0
2018-08-07,58.48,58.74,58.23,58.5,58.5,311107.0,0.0,1.0
2018-08-08,58.47,58.75,58.3,58.63,58.63,298453.0,0.0,1.0
2018-08-09,58.72,58.9399,58.63,58.7,58.7,230554.0,0.0,1.0
2018-08-10,58.26,58.55,58.1,58.3,58.3,325090.0,0.0,1.0
2018-08-13,58.37,58.81,58.15,58.19,58.19,304355.0,0.0,1.0
2018-08-14,58.39,58.61,58.03,58.53,58.53,261396.0,0.0,1.0
2018-08-15,58.15,58.38,57.45,57.94,57.94,422388.0,0.0,1.0
2018-08-16,58.39,58.48,58.0001,58.09,58.09,232325.0,0.0,1.0
2018-08-17,57.91,58.32,57.7101,58.2,58.2,259205.0,0.0,1.0
2018-08-20,58.37,58.37,57.871,58.17,58.17,250976.0,0.0,1.0
2018-08-21,58.32,58.64,58.22,58.26,58.26,260656.0,0.0,1.0
2018-08-22,58.12,58.68,58.07,58.6,58.6,272995.0,0.0,1.0
2018-08-23,58.54,59.0566,58.51,58.72,58.72,255054.0,0.0,1.0
2018-08-24,58.91,59.4,58.91,59.4,59.4,658174.0,0.0,1.0
2018-08-27,59.71,59.977,59.55,59.91,59.91,652646.0,0.0,1.0
2018-08-28,60.08,60.18,59.89,60.09,60.09,277550.0,0.0,1.0
2018-08-29,60.14,60.69,60.14,60.66,60.66,290174.0,0.0,1.0
2018-08-30,60.54,60.8951,60.34,60.5,60.5,333292.0,0.0,1.0
2018-08-31,60.43,60.7151,60.39,60.56,60.56,329929.0,0.0,1.0
2018-09-04,60.41,60.49,59.96,60.47,60.47,342385.0,0.0,1.0
2018-09-05,60.38,60.3212,59.1948,59.47,59.47,335368.0,0.0,1.0
