date,1. open,2. high,3. low,4. close,5. adjusted close,6. volume,7. dividend amount,8. split coefficient
2015-05-04,38.0,42.0,37.98,42.0,0.4124,765.0,0.0,1.0
2015-05-05,55.0,94.86,55.0,55.0,0.54,435.0,0.0,1.0
2015-05-06,55.0,55.0,55.0,55.0,0.54,125.0,0.0,1.0
2015-05-07,65.0,66.0,40.0,40.0,0.3928,2844.0,0.0,1.0
2015-05-08,50.0,59.0,49.0,49.0,0.4811,14807.0,0.0,1.0
2015-05-11,57.95,57.95,50.0,50.0,0.491,2756.0,0.0,1.0
2015-05-12,50.01,50.01,49.0,49.95,0.4905,2286.0,0.0,1.0
2015-05-13,49.0,49.0,49.0,49.0,0.4811,327.0,0.0,1.0
2015-05-14,49.0,49.0,44.0,45.0,0.4419,19894.0,0.0,1.0
2015-05-15,45.0,45.0,38.0,38.0,0.3731,2320.0,0.0,1.0
2015-05-18,38.0,38.0,27.15,27.15,0.2666,4950.0,0.0,1.0
2015-05-19,28.0,29.5,27.9,29.0,0.2848,4308.0,0.0,1.0
2015-05-20,29.5,32.25,29.25,31.5,0.3093,4859.0,0.0,1.0
2015-05-21,31.0,32.0,30.5,32.0,0.3142,2882.0,0.0,1.0
2015-05-22,32.0,33.1,31.9,31.9,0.3132,4971.0,0.0,1.0
2015-05-26,31.92,32.0,31.92,32.0,0.3142,1148.0,0.0,1.0
2015-05-27,31.51,31.51,30.55,30.55,0.3,404.0,0.0,1.0
2015-05-28,30.55,33.0,30.5,33.0,0.324,1140.0,0.0,1.0
2015-05-29,31.95,33.0,31.95,33.0,0.324,463.0,0.0,1.0
2015-06-01,33.0,33.0,30.65,30.65,0.301,1046.0,0.0,1.0
2015-06-02,30.65,30.65,28.52,29.15,0.2862,1408.0,0.0,1.0
2015-06-03,30.0,30.0,29.0,29.0,0.2848,414.0,0.0,1.0
2015-06-04,29.25,29.25,29.2,29.2,0.2867,1926.0,0.0,1.0
2015-06-05,29.25,29.25,29.2,29.2,0.2867,875.0,0.0,1.0
2015-06-08,29.5,29.5,29.0,29.25,0.2872,1866.0,0.0,1.0
2015-06-09,29.15,29.15,28.5,29.0,0.2848,737.0,0.0,1.0
2015-06-10,29.1,29.5,29.1,29.25,0.2872,796.0,0.0,1.0
2015-06-11,29.25,29.25,29.01,29.15,0.2862,1329.0,0.0,1.0
2015-06-12,29.01,29.01,28.91,28.94,0.2842,1838.0,0.0,1.0
2015-06-15,29.1,29.1,28.95,29.0,0.2848,1156.0,0.0,1.0
2015-06-16,29.045,29.1,28.5,29.0,0.2848,4750.0,0.0,1.0
2015-06-17,29.1,30.0,29.0,29.0,0.2848,21115.0,0.0,1.0
2015-06-18,29.15,29.15,28.85,29.0,0.2848,1713.0,0.0,1.0
2015-06-19,29.0,29.0,28.6,28.62,0.281,1772.0,0.0,1.0
2015-06-22,28.9,28.9,28.55,28.55,0.2803,2325.0,0.0,1.0
2015-06-23,28.6,28.6,28.0,28.0,0.2749,2376.0,0.0,1.0
2015-06-24,28.99,28.99,28.32,28.5,0.2798,1965.0,0.0,1.0
2015-06-25,28.5,28.5,28.5,28.5,0.2798,165.0,0.0,1.0
2015-06-26,29.0,29.0,29.0,29.0,0.2848,3019.0,0.0,1.0
2015-06-29,29.95,29.95,29.0,29.09,0.2856,22701.0,0.0,1.0
2015-06-30,29.5,30.5,29.4,30.12,0.2957,2396.0,0.0,1.0
2015-07-01,30.01,30.5,29.31,30.35,0.298,3468.0,0.0,1.0
2015-07-02,30.35,30.4,30.35,30.35,0.298,2258.0,0.0,1.0
2015-07-06,30.6,30.6,30.1,30.5,0.2995,4836.0,0.0,1.0
2015-07-07,30.6,30.6,29.41,30.5,0.2995,6217.0,0.0,1.0
2015-07-08,30.6,30.6,30.5,30.6,0.3005,7372.0,0.0,1.0
2015-07-09,30.6,32.0,30.45,30.45,0.299,6067.0,0.0,1.0
2015-07-10,30.6,30.75,30.51,30.6,0.3005,27256.0,0.0,1.0
2015-07-13,30.6,30.6,30.33,30.33,0.2978,5740.0,0.0,1.0
2015-07-14,30.6,30.6,30.45,30.5,0.2995,9471.0,0.0,1.0
2015-07-15,30.51,30.6,30.48,30.5,0.2995,14385.0,0.0,1.0
2015-07-16,30.48,30.5,29.41,30.5,0.2995,5269.0,0.0,1.0
2015-07-17,30.5,30.5,30.45,30.45,0.299,3139.0,0.0,1.0
2015-07-20,30.1,30.2999,30.1,30.11,0.2957,3331.0,0.0,1.0
2015-07-21,30.6,30.6,30.4,30.4,0.2985,6248.0,0.0,1.0
2015-07-22,30.4,30.5,30.16,30.5,0.2995,3548.0,0.0,1.0
2015-07-23,30.6,30.6,30.5,30.5,0.2995,992.0,0.0,1.0
2015-07-24,30.6,30.6,30.2,30.55,0.3,1436.0,0.0,1.0
2015-07-27,30.6,30.6,30.5,30.5,0.2995,5065.0,0.0,1.0
2015-07-28,30.55,30.55,30.47,30.55,0.3,3871.0,0.0,1.0
2015-07-29,30.55,30.6,30.4,30.45,0.299,6834.0,0.0,1.0
2015-07-30,30.5,30.5,30.5,30.5,0.2995,306.0,0.0,1.0
2015-07-31,30.15,30.15,30.15,30.15,0.296,203.0,0.0,1.0
2015-08-03,30.5,30.5,30.1,30.1,0.2956,1288.0,0.0,1.0
2015-08-04,30.1,30.1,30.0,30.0,0.2946,608.0,0.0,1.0
2015-08-05,30.0,30.0,29.41,29.41,0.2888,892.0,0.0,1.0
2015-08-06,30.3,30.3,30.2999,30.3,0.2975,1262.0,0.0,1.0
2015-08-07,30.4,30.4,29.41,29.91,0.2937,1282.0,0.0,1.0
2015-08-10,29.91,29.91,29.91,29.91,0.2937,100.0,0.0,1.0
2015-08-11,29.275,30.49,29.275,30.45,0.299,790.0,0.0,1.0
2015-08-12,30.49,30.49,29.51,29.51,0.2898,983.0,0.0,1.0
2015-08-13,30.45,30.5,30.05,30.4,0.2985,1141.0,0.0,1.0
2015-08-14,30.0,30.4,30.0,30.0,0.2946,1038.0,0.0,1.0
2015-08-17,29.86,30.0,29.5,29.5,0.2897,883.0,0.0,1.0
2015-08-18,29.5,29.5,29.35,29.4,0.2887,1629.0,0.0,1.0
2015-08-19,29.0,29.7,29.0,29.4,0.2887,5870.0,0.0,1.0
2015-08-20,29.7,29.7,29.0,29.0,0.2848,2623.0,0.0,1.0
2015-08-21,29.0,29.0,25.3,27.0,0.2651,2975.0,0.0,1.0
2015-08-24,27.0,27.0,21.22,24.0,0.2357,3508.0,0.0,1.0
2015-08-25,25.0,25.5,24.0,24.0,0.2357,2030.0,0.0,1.0
2015-08-26,24.0,24.5,23.12,23.12,0.227,1137.0,0.0,1.0
2015-08-27,23.75,23.75,23.55,23.74,0.2331,1594.0,0.0,1.0
2015-08-28,23.75,25.0,23.75,24.99,0.2454,1896.0,0.0,1.0
2015-08-31,26.0,26.0,26.0,26.0,0.2553,1661.0,0.0,1.0
2015-09-01,26.25,27.0,26.0,26.0,0.2553,1941.0,0.0,1.0
2015-09-02,26.0,27.5,26.0,27.5,0.27,624.0,0.0,1.0
2015-09-03,28.0,28.95,28.0,28.75,0.2823,1818.0,0.0,1.0
2015-09-04,28.75,28.95,28.75,28.95,0.2843,528.0,0.0,1.0
2015-09-08,29.0,30.0,29.0,29.9,0.2936,11040.0,0.0,1.0
2015-09-09,29.5,29.5,29.5,29.5,0.2897,751.0,0.0,1.0
2015-09-10,29.9,29.9,29.9,29.9,0.2936,587.0,0.0,1.0
2015-09-11,29.9,30.0,29.9,30.0,0.2946,3429.0,0.0,1.0
2015-09-14,29.5,29.5,29.5,29.5,0.2897,170.0,0.0,1.0
2015-09-15,29.99,29.99,29.99,29.99,0.2945,298.0,0.0,1.0
2015-09-16,29.0,29.0,29.0,29.0,0.2848,515.0,0.0,1.0
2015-09-17,28.8,28.8,27.2,28.5,0.2798,1314.0,0.0,1.0
2015-09-18,29.4,29.5,29.4,29.5,0.2897,1487.0,0.0,1.0
2015-09-21,29.5,29.5,29.0,29.0,0.2848,850.0,0.0,1.0
2015-09-22,29.5,29.5,29.5,29.5,0.2897,241.0,0.0,1.0
2015-09-23,29.4,29.4,28.75,29.0,0.2848,1715.0,0.0,1.0
2015-09-24,28.5,28.5,28.5,28.5,0.2798,1159.0,0.0,1.0
2015-09-25,28.0,28.0,28.0,28.0,0.2749,121.0,0.0,1.0
2015-09-28,28.5,30.0,28.5,29.0,0.2848,2874.0,0.0,1.0
2015-09-29,29.99,29.99,29.25,29.25,0.2872,2913.0,0.0,1.0
2015-09-30,29.99,29.99,28.01,28.01,0.275,1840.0,0.0,1.0
2015-10-01,27.75,27.75,27.5,27.71,0.2721,1248.0,0.0,1.0
2015-10-02,27.7,28.0,27.4,27.4,0.269,880.0,0.0,1.0
2015-10-05,28.0,28.5,28.0,28.5,0.2798,605.0,0.0,1.0
2015-10-06,28.5,28.5,26.01,28.0,0.2749,7567.0,0.0,1.0
2015-10-07,28.0,28.01,28.0,28.01,0.275,577.0,0.0,1.0
2015-10-08,27.0,27.25,26.75,27.0,0.2651,1965.0,0.0,1.0
2015-10-09,27.0,27.0,27.0,27.0,0.2651,290.0,0.0,1.0
2015-10-12,27.0,27.0,27.0,27.0,0.2651,11.0,0.0,1.0
2015-10-13,27.01,27.02,27.0,27.0,0.2651,1521.0,0.0,1.0
2015-10-14,26.725,27.0,26.5,26.5,0.2602,1443.0,0.0,1.0
2015-10-15,26.9,27.0,26.8,26.8,0.2632,1135.0,0.0,1.0
2015-10-16,26.7,28.99,26.7,28.99,0.2847,10892.0,0.0,1.0
2015-10-19,28.9,29.0,27.45,27.45,0.2695,4068.0,0.0,1.0
2015-10-20,28.0,28.0,27.55,28.0,0.2749,2886.0,0.0,1.0
2015-10-21,28.0,28.0,27.0,27.25,0.2676,9731.0,0.0,1.0
2015-10-22,28.0,28.0,27.25,27.25,0.2676,2791.0,0.0,1.0
2015-10-23,28.0,28.0,28.0,28.0,0.2749,412.0,0.0,1.0
2015-10-26,28.0,28.9499,26.68,28.32,0.2781,12736.0,0.0,1.0
2015-10-27,28.0,28.5,27.0,28.15,0.2764,9545.0,0.0,1.0
2015-10-28,29.0,29.0,28.5,28.85,0.2833,10720.0,0.0,1.0
2015-10-29,29.0,32.0,29.0,32.0,0.3142,24690.0,0.0,1.0
2015-10-30,33.0,33.9,32.36,33.9,0.3329,36698.0,0.0,1.0
2015-11-02,34.26,39.0,34.26,39.0,0.3829,24010.0,0.0,1.0
2015-11-03,45.0,49.0,40.0,42.0,0.4124,71697.0,0.0,1.0
2015-11-04,48.5,57.0,48.5,54.0,0.5302,48818.0,0.0,1.0
2015-11-05,50.25,52.35,45.85,51.0,0.5008,37387.0,0.0,1.0
2015-11-06,47.995,47.995,44.0,45.75,0.4492,17813.0,0.0,1.0
2015-11-09,42.5,44.5,42.0,42.0,0.4124,16411.0,0.0,1.0
2015-11-10,42.0,42.5,39.17,42.0,0.4124,8964.0,0.0,1.0
2015-11-11,39.9899,40.0,37.64,39.1,0.3839,12790.0,0.0,1.0
2015-11-12,39.5,45.67,39.5,45.0,0.4419,8763.0,0.0,1.0
2015-11-13,45.9,45.9,43.0,45.8999,0.4507,5259.0,0.0,1.0
2015-11-16,45.25,45.25,43.75,44.75,0.4394,4890.0,0.0,1.0
2015-11-17,44.75,45.0,42.0,42.0,0.4124,6099.0,0.0,1.0
2015-11-18,43.75,43.75,43.25,43.75,0.4296,861.0,0.0,1.0
2015-11-19,43.75,45.5,43.5,45.0,0.4419,5674.0,0.0,1.0
2015-11-20,44.5,44.5,42.0,42.5,0.4173,5793.0,0.0,1.0
2015-11-23,41.15,42.11,40.6,41.0,0.4026,1413.0,0.0,1.0
2015-11-24,44.0,44.99,38.51,38.55,0.3785,4659.0,0.0,1.0
2015-11-25,39.35,42.0,39.35,41.98,0.4122,1289.0,0.0,1.0
2015-11-27,45.0,51.5,42.5,47.0,0.4615,12496.0,0.0,1.0
2015-11-30,50.0,54.0,44.9,45.0,0.4419,10773.0,0.0,1.0
2015-12-01,46.0,49.0,45.0,47.25,0.4639,5904.0,0.0,1.0
2015-12-02,47.25,47.25,44.25,46.5,0.4566,4385.0,0.0,1.0
2015-12-03,45.0,47.1,45.0,45.1,0.4428,2345.0,0.0,1.0
2015-12-04,46.0,46.5,45.6,46.0,0.4517,958.0,0.0,1.0
2015-12-07,49.0,55.98,49.0,52.8,0.5184,19990.0,0.0,1.0
2015-12-08,55.99,55.99,53.25,55.3,0.543,10255.0,0.0,1.0
2015-12-09,55.0,72.5,51.95,55.25,0.5425,36266.0,0.0,1.0
2015-12-10,64.5,64.5,54.25,58.0,0.5695,4517.0,0.0,1.0
2015-12-11,64.0,67.0,60.15,63.0,0.6186,63439.0,0.0,1.0
2015-12-14,63.0,64.0,56.0,61.5,0.6039,11951.0,0.0,1.0
2015-12-15,65.0,65.0,63.01,65.0,0.6382,17288.0,0.0,1.0
2015-12-16,67.5,69.0,63.0,63.16,0.6202,10801.0,0.0,1.0
2015-12-17,63.9,63.9,61.5,62.0,0.6088,7475.0,0.0,1.0
2015-12-18,62.5,62.9,61.05,62.0,0.6088,11261.0,0.0,1.0
2015-12-21,60.99,61.5,59.0,59.95,0.5887,7603.0,0.0,1.0
2015-12-22,60.0,60.0,59.0,59.4,0.5833,4475.0,0.0,1.0
2015-12-23,61.0,62.75,59.11,60.0,0.5891,10778.0,0.0,1.0
2015-12-24,62.9,62.9,62.7,62.88,0.6174,5503.0,0.0,1.0
2015-12-28,59.5,61.7,59.0,59.0,0.5793,10003.0,0.0,1.0
2015-12-29,60.98,62.55,60.79,61.75,0.6063,5569.0,0.0,1.0
2015-12-30,62.25,63.0,61.75,63.0,0.6186,7534.0,0.0,1.0
2015-12-31,62.9,63.0,62.0,63.0,0.6186,12596.0,0.0,1.0
2016-01-04,63.0,64.99,63.0,64.0,0.6284,15093.0,0.0,1.0
2016-01-05,64.99,64.99,64.1,64.75,0.6358,5776.0,0.0,1.0
2016-01-06,64.95,65.0,64.55,65.0,0.6382,10536.0,0.0,1.0
2016-01-07,65.0,65.93,62.0,64.75,0.6358,21129.0,0.0,1.0
2016-01-08,64.9,65.0,63.0,64.99,0.6381,5853.0,0.0,1.0
2016-01-11,64.99,65.0,63.0,63.25,0.6211,7357.0,0.0,1.0
2016-01-12,64.9,64.9,56.01,56.31,0.5529,10862.0,0.0,1.0
2016-01-13,56.5,59.0,55.2,55.8,0.5479,10290.0,0.0,1.0
2016-01-14,55.95,58.89,55.81,58.89,0.5782,8501.0,0.0,1.0
2016-01-15,51.5,51.5,42.51,46.5,0.4566,42866.0,0.0,1.0
2016-01-19,46.75,47.0,38.99,41.96,0.412,16725.0,0.0,1.0
2016-01-20,43.8,49.86,43.8,49.1,0.4821,20224.0,0.0,1.0
2016-01-21,52.5,53.75,51.01,51.5,0.5057,9562.0,0.0,1.0
2016-01-22,51.25,51.25,46.0,48.5,0.4762,10599.0,0.0,1.0
2016-01-25,48.5,48.5,48.5,48.5,0.4762,582.0,0.0,1.0
2016-01-26,47.0,48.75,46.0,46.5,0.4566,4268.0,0.0,1.0
2016-01-27,46.5,46.5,45.0,45.25,0.4443,3054.0,0.0,1.0
2016-01-28,45.059,45.059,42.25,43.9,0.4311,6708.0,0.0,1.0
2016-01-29,42.6,43.5,42.25,43.0,0.4222,2881.0,0.0,1.0
2016-02-01,42.75,43.59,42.5,42.99,0.4221,1818.0,0.0,1.0
2016-02-02,43.0,43.5,42.15,42.16,0.414,2152.0,0.0,1.0
2016-02-03,42.5,42.5,40.0,41.0,0.4026,7690.0,0.0,1.0
2016-02-04,41.11,45.0,41.11,43.95,0.4315,6079.0,0.0,1.0
2016-02-05,44.0,44.0,42.26,42.26,0.415,3297.0,0.0,1.0
2016-02-08,46.25,46.25,41.0,41.3,0.4055,3031.0,0.0,1.0
2016-02-09,41.9,41.9,41.9,41.9,0.4114,275.0,0.0,1.0
2016-02-10,43.0,43.95,43.0,43.95,0.4315,4296.0,0.0,1.0
2016-02-11,43.95,43.95,41.51,42.9,0.4212,4647.0,0.0,1.0
2016-02-12,42.15,43.9,42.15,43.0,0.4222,1464.0,0.0,1.0
2016-02-16,44.0,49.0,44.0,48.9,0.4802,13354.0,0.0,1.0
2016-02-17,50.0,53.0,48.0,52.0,0.5106,11324.0,0.0,1.0
2016-02-18,59.0,59.0,51.55,54.0,0.5302,6119.0,0.0,1.0
2016-02-19,52.9,52.9,51.0,52.63,0.5168,4911.0,0.0,1.0
2016-02-22,55.01,57.0,55.01,55.05,0.5405,7386.0,0.0,1.0
2016-02-23,56.02,56.02,51.0,52.48,0.5153,4679.0,0.0,1.0
2016-02-24,53.01,54.2,52.01,54.2,0.5322,3413.0,0.0,1.0
2016-02-25,53.1,55.0,53.1,55.0,0.54,1293.0,0.0,1.0
2016-02-26,55.0,56.0,53.6,56.0,0.5499,2020.0,0.0,1.0
2016-02-29,56.55,57.5,56.0,56.0,0.5499,2739.0,0.0,1.0
2016-03-01,57.0,58.0,55.27,56.8,0.5577,6955.0,0.0,1.0
2016-03-02,56.25,57.5,56.25,57.5,0.5646,3044.0,0.0,1.0
2016-03-03,53.5,54.9,50.25,53.7,0.5273,11129.0,0.0,1.0
2016-03-04,53.0,53.5,52.0,52.0,0.5106,7004.0,0.0,1.0
2016-03-07,53.8,54.0,52.2,53.55,0.5258,5870.0,0.0,1.0
2016-03-08,53.85,56.0,53.75,54.0,0.5302,2603.0,0.0,1.0
2016-03-09,54.9,54.9,54.0,54.0,0.5302,1301.0,0.0,1.0
2016-03-10,55.75,55.95,55.1,55.95,0.5494,1538.0,0.0,1.0
2016-03-11,54.9,55.0,54.54,55.0,0.54,6926.0,0.0,1.0
2016-03-14,54.95,54.95,52.05,52.05,0.5111,2657.0,0.0,1.0
2016-03-15,53.01,54.5,53.01,53.25,0.5229,2262.0,0.0,1.0
2016-03-16,53.5,54.0,53.25,54.0,0.5302,846.0,0.0,1.0
2016-03-17,54.0,54.05,52.5,54.05,0.5307,1578.0,0.0,1.0
2016-03-18,52.5,54.0,52.5,53.0,0.5204,1895.0,0.0,1.0
2016-03-21,53.0,54.0,53.0,53.2,0.5224,2493.0,0.0,1.0
2016-03-22,53.6,54.0,53.2,54.0,0.5302,2909.0,0.0,1.0
2016-03-23,53.99,54.0,53.5,54.0,0.5302,2000.0,0.0,1.0
2016-03-24,53.9,53.95,52.6,53.0,0.5204,1809.0,0.0,1.0
2016-03-28,53.25,54.8,53.25,54.4,0.5342,2301.0,0.0,1.0
2016-03-29,54.6,54.95,54.6,54.6,0.5361,1897.0,0.0,1.0
2016-03-30,54.95,54.95,54.4,54.5,0.5351,2562.0,0.0,1.0
2016-03-31,54.2,54.5,54.2,54.4,0.5342,2407.0,0.0,1.0
2016-04-01,54.4,55.0,54.14,54.75,0.5376,3324.0,0.0,1.0
2016-04-04,54.75,56.99,54.5,56.99,0.5596,2132.0,0.0,1.0
2016-04-05,58.0,58.0,57.0,57.85,0.568,3828.0,0.0,1.0
2016-04-06,57.85,57.85,57.1,57.39,0.5635,2121.0,0.0,1.0
2016-04-07,57.0,57.0,55.27,55.27,0.5427,4935.0,0.0,1.0
2016-04-08,55.26,58.3,55.26,58.3,0.5725,3609.0,0.0,1.0
2016-04-11,59.5,59.5,56.0,56.0,0.5499,3995.0,0.0,1.0
2016-04-12,57.0,57.56,56.99,56.99,0.5596,5792.0,0.0,1.0
2016-04-13,56.22,56.22,55.33,55.33,0.5433,4030.0,0.0,1.0
2016-04-14,55.55,58.0,55.55,56.05,0.5504,1676.0,0.0,1.0
2016-04-15,56.7,59.5,56.7,58.6,0.5754,9332.0,0.0,1.0
2016-04-18,59.5,59.5,58.0,59.4,0.5833,4555.0,0.0,1.0
2016-04-19,59.39,59.9,59.15,59.5,0.5842,3818.0,0.0,1.0
2016-04-20,59.9,63.5,59.85,62.5,0.6137,9947.0,0.0,1.0
2016-04-21,63.0,69.5,62.95,65.71,0.6452,10616.0,0.0,1.0
2016-04-22,68.0,71.49,67.85,70.9,0.6962,10186.0,0.0,1.0
2016-04-25,73.0,78.5,71.0,74.01,0.7267,10042.0,0.0,1.0
2016-04-26,77.0,79.5,73.6,73.6,0.7227,16248.0,0.0,1.0
2016-04-27,72.0,78.9,68.1,72.0,0.707,18256.0,0.0,1.0
2016-04-28,71.0,72.0,68.55,69.6,0.6834,10121.0,0.0,1.0
2016-04-29,71.99,74.5,68.55,71.7,0.704,5194.0,0.0,1.0
2016-05-02,71.7,76.95,70.69,74.76,0.7341,16061.0,0.0,1.0
2016-05-03,74.0,77.9,74.0,74.75,0.734,9556.0,0.0,1.0
2016-05-04,74.5,76.29,72.1,75.0,0.7364,2997.0,0.0,1.0
2016-05-05,75.0,75.75,73.75,73.75,0.7242,3965.0,0.0,1.0
2016-05-06,73.75,75.0,73.0,74.9,0.7354,5315.0,0.0,1.0
2016-05-09,74.9,75.8,74.55,75.78,0.7441,12220.0,0.0,1.0
2016-05-10,76.49,76.7,73.5,73.5,0.7217,4029.0,0.0,1.0
2016-05-11,73.5,74.0,73.49,73.49,0.7216,1580.0,0.0,1.0
2016-05-12,73.48,73.5,72.5,72.51,0.712,4393.0,0.0,1.0
2016-05-13,72.55,73.5,72.0,72.05,0.7075,7956.0,0.0,1.0
2016-05-16,71.5,71.5,65.0,65.0,0.6382,12088.0,0.0,1.0
2016-05-17,65.26,71.49,65.26,69.0,0.6775,6929.0,0.0,1.0
2016-05-18,69.0,69.5,62.2,64.5,0.6333,10936.0,0.0,1.0
2016-05-19,64.1,64.1,60.0,62.0,0.6088,9332.0,0.0,1.0
2016-05-20,63.99,64.9,61.0,64.9,0.6373,3882.0,0.0,1.0
2016-05-23,64.0,66.25,64.0,66.0,0.6481,3308.0,0.0,1.0
2016-05-24,67.0,70.0,66.5,70.0,0.6873,3578.0,0.0,1.0
2016-05-25,70.51,70.75,68.9999,69.0,0.6775,3499.0,0.0,1.0
2016-05-26,69.0,70.9,69.0,70.025,0.6876,2389.0,0.0,1.0
2016-05-27,71.9,73.7,69.8,72.0,0.707,12373.0,0.0,1.0
2016-05-31,75.0,81.7,74.6,78.1,0.7669,17557.0,0.0,1.0
2016-06-01,79.5,82.0,76.25,77.9,0.7649,16580.0,0.0,1.0
2016-06-02,77.9,78.0,77.0,78.0,0.7659,5171.0,0.0,1.0
2016-06-03,77.9,89.9,77.9,88.45,0.8685,21379.0,0.0,1.0
2016-06-06,91.5,96.5,88.91,93.5,0.9181,13366.0,0.0,1.0
2016-06-07,96.5,102.0,86.48,94.0,0.923,14510.0,0.0,1.0
2016-06-08,94.5,100.0,94.5,100.0,0.9819,10775.0,0.0,1.0
2016-06-09,98.0,98.0,94.0,98.0,0.9623,8149.0,0.0,1.0
2016-06-10,100.0,100.0,90.15,92.92,0.9124,11836.0,0.0,1.0
2016-06-13,107.5,129.0,107.5,115.0,1.1292,39139.0,0.0,1.0
2016-06-14,119.9,119.9,107.0,112.55,1.1051,15752.0,0.0,1.0
2016-06-15,111.0,116.49,111.0,115.0,1.1292,11684.0,0.0,1.0
2016-06-16,125.0,132.0,124.0,129.0,1.2667,43490.0,0.0,1.0
2016-06-17,130.0,144.0,128.0,135.0,1.3256,40652.0,0.0,1.0
2016-06-20,134.245,135.0,118.0,120.0,1.1783,47009.0,0.0,1.0
2016-06-21,111.55,112.5,100.01,104.5,1.0261,41953.0,0.0,1.0
2016-06-22,110.0,110.0,99.55,101.0,0.9917,13999.0,0.0,1.0
2016-06-23,99.0,111.5,85.0,106.0,1.0408,44215.0,0.0,1.0
2016-06-24,117.0,130.0,115.0,123.0,1.2077,24604.0,0.0,1.0
2016-06-27,125.0,125.0,113.0,121.0,1.1881,9284.0,0.0,1.0
2016-06-28,124.0,124.0,113.5,118.95,1.168,7922.0,0.0,1.0
2016-06-29,117.3,119.81,114.25,117.0,1.1488,12752.0,0.0,1.0
2016-06-30,122.01,125.0,118.15,119.55,1.1739,13719.0,0.0,1.0
2016-07-01,119.0,119.75,116.7,117.34,1.1522,5925.0,0.0,1.0
2016-07-05,116.15,118.9999,110.0,114.0,1.1194,7795.0,0.0,1.0
2016-07-06,114.0,119.0,113.0,117.0,1.1488,7658.0,0.0,1.0
2016-07-07,117.2,117.2,110.0,113.5,1.1145,8250.0,0.0,1.0
2016-07-08,122.5,123.0,118.5,119.6,1.1744,13473.0,0.0,1.0
2016-07-11,121.1,121.1,118.1,120.5,1.1832,11457.0,0.0,1.0
2016-07-12,118.6,120.45,118.2,119.0,1.1685,7683.0,0.0,1.0
2016-07-13,120.0,120.0,117.5001,120.0,1.1783,5889.0,0.0,1.0
2016-07-14,120.35,120.35,116.25,119.5,1.1734,4723.0,0.0,1.0
2016-07-15,118.25,120.3999,118.25,120.0,1.1783,5010.0,0.0,1.0
2016-07-18,119.5,121.0,117.5,117.5,1.1537,6958.0,0.0,1.0
2016-07-19,116.0,116.5,103.5,103.5,1.0163,18491.0,0.0,1.0
2016-07-20,108.0,111.0,102.0,105.0,1.031,8250.0,0.0,1.0
2016-07-21,105.0,107.1,102.5,106.0,1.0408,2589.0,0.0,1.0
2016-07-22,106.0,108.0,104.0,105.0,1.031,2996.0,0.0,1.0
2016-07-25,105.25,105.25,101.25,104.0,1.0212,6584.0,0.0,1.0
2016-07-26,101.35,104.5,101.1,104.5,1.0261,2620.0,0.0,1.0
2016-07-27,104.5,104.5,100.0,100.0,0.9819,4036.0,0.0,1.0
2016-07-28,101.0,101.0,86.0,94.65,0.9294,26240.0,0.0,1.0
2016-07-29,95.0,95.0,88.16,95.0,0.9328,8485.0,0.0,1.0
2016-08-01,91.0,91.0,82.0,87.0,0.8543,13647.0,0.0,1.0
2016-08-02,86.0,86.3,80.15,82.0,0.8052,15168.0,0.0,1.0
2016-08-03,81.0,93.0,78.05,90.0,0.8837,14807.0,0.0,1.0
2016-08-04,95.0,99.88,95.0,97.5,0.9574,10975.0,0.0,1.0
2016-08-05,97.99,98.9,89.2,90.0,0.8837,5999.0,0.0,1.0
2016-08-08,92.0,95.0,91.3,92.0,0.9034,1758.0,0.0,1.0
2016-08-09,91.25,94.0,91.25,92.0,0.9034,1243.0,0.0,1.0
2016-08-10,94.0,97.0,92.0,96.0,0.9426,3333.0,0.0,1.0
2016-08-11,95.0,96.0,94.5,94.5,0.9279,1835.0,0.0,1.0
2016-08-12,95.0,97.5,95.0,97.5,0.9574,2671.0,0.0,1.0
2016-08-15,98.0,98.0,95.01,95.05,0.9333,4495.0,0.0,1.0
2016-08-16,97.5,100.0,97.5,99.99,0.9818,5407.0,0.0,1.0
2016-08-17,104.0,104.0,97.0,99.0,0.9721,5136.0,0.0,1.0
2016-08-18,101.75,101.75,96.0,96.0,0.9426,1269.0,0.0,1.0
2016-08-19,98.0,98.89,96.0,98.0,0.9623,1909.0,0.0,1.0
2016-08-22,98.5,101.5,94.0,95.0,0.9328,6200.0,0.0,1.0
2016-08-23,95.0,95.0,89.0,89.0,0.8739,8389.0,0.0,1.0
2016-08-24,90.0,90.0001,81.63,82.0,0.8052,17711.0,0.0,1.0
2016-08-25,84.4,84.4,75.9999,79.0,0.7757,16111.0,0.0,1.0
2016-08-26,79.0,83.99,74.9,82.97,0.8147,6336.0,0.0,1.0
2016-08-29,83.5,87.0,83.5,83.5,0.8199,1504.0,0.0,1.0
2016-08-30,86.75,87.0,85.0,85.0,0.8346,1667.0,0.0,1.0
2016-08-31,81.6,84.0,80.5,82.0,0.8052,4502.0,0.0,1.0
2016-09-01,80.1,80.1,79.0,79.0,0.7757,1979.0,0.0,1.0
2016-09-02,79.0,82.0,79.0,80.1,0.7865,2155.0,0.0,1.0
2016-09-06,85.0,90.0,85.0,89.5,0.8788,8480.0,0.0,1.0
2016-09-07,89.5,94.0,89.5,93.5,0.9181,5856.0,0.0,1.0
2016-09-08,94.5,96.5,94.5,96.3,0.9456,7534.0,0.0,1.0
2016-09-09,96.0,96.0,91.75,92.01,0.9035,2028.0,0.0,1.0
2016-09-12,90.2,90.2,84.9,87.0,0.8543,10418.0,0.0,1.0
2016-09-13,87.5,91.5,86.5,91.0,0.8935,3082.0,0.0,1.0
2016-09-14,91.0,91.25,91.0,91.25,0.896,559.0,0.0,1.0
2016-09-15,91.0,91.0,87.5,87.5,0.8592,1180.0,0.0,1.0
2016-09-16,88.0,88.0,87.02,87.02,0.8545,3219.0,0.0,1.0
2016-09-19,91.0,92.5,90.43,90.43,0.8879,1018.0,0.0,1.0
2016-09-20,89.75,89.75,89.75,89.75,0.8813,370.0,0.0,1.0
2016-09-21,90.0,93.0,87.0,93.0,0.9132,3018.0,0.0,1.0
2016-09-22,92.5,92.5,92.5,92.5,0.9083,632.0,0.0,1.0
2016-09-23,87.0,92.5,87.0,90.0,0.8837,2951.0,0.0,1.0
2016-09-26,90.0,92.5,90.0,92.5,0.9083,1019.0,0.0,1.0
2016-09-27,92.0,92.0,90.0,90.0,0.8837,795.0,0.0,1.0
2016-09-28,88.0,90.26,88.0,90.26,0.8863,1093.0,0.0,1.0
2016-09-29,91.15,91.19,90.26,90.5,0.8886,2058.0,0.0,1.0
2016-09-30,90.0,90.0,90.0,90.0,0.8837,634.0,0.0,1.0
2016-10-03,91.25,91.25,90.25,90.25,0.8862,1040.0,0.0,1.0
2016-10-04,90.25,90.25,88.0,88.0,0.8641,2082.0,0.0,1.0
2016-10-05,89.0,89.0,87.8,87.8,0.8621,1250.0,0.0,1.0
2016-10-06,87.425,91.2,86.0,86.0,0.8444,3144.0,0.0,1.0
2016-10-07,89.5,91.0,89.5,90.15,0.8852,1864.0,0.0,1.0
2016-10-10,90.0,91.0,90.0,91.0,0.8935,1081.0,0.0,1.0
2016-10-11,92.0,95.0,92.0,95.0,0.9328,7439.0,0.0,1.0
2016-10-12,96.9,97.4,95.01,96.98,0.9523,4309.0,0.0,1.0
2016-10-13,97.25,98.0,92.0,92.0,0.9034,3857.0,0.0,1.0
2016-10-14,92.06,94.755,90.0,92.0,0.9034,2810.0,0.0,1.0
2016-10-17,92.0,92.0,88.0,89.0,0.8739,3707.0,0.0,1.0
2016-10-18,90.25,90.25,89.75,90.0,0.8837,516.0,0.0,1.0
2016-10-19,90.16,91.0,86.0,88.5,0.869,2897.0,0.0,1.0
2016-10-20,88.75,88.75,88.5,88.5,0.869,684.0,0.0,1.0
2016-10-21,89.0,89.0,89.0,89.0,0.8739,555.0,0.0,1.0
2016-10-24,91.0,93.0,90.15,90.51,0.8887,3399.0,0.0,1.0
2016-10-25,91.77,96.0,91.77,96.0,0.9426,4074.0,0.0,1.0
2016-10-26,96.0,105.0,96.0,99.8,0.9799,12701.0,0.0,1.0
2016-10-27,101.0,102.0,99.0,99.0,0.9721,3474.0,0.0,1.0
2016-10-28,100.0,104.9,98.8,104.5,1.0261,7213.0,0.0,1.0
2016-10-31,104.5,107.9,103.0,107.9,1.0595,3866.0,0.0,1.0
2016-11-01,110.0,110.0,103.0,109.0,1.0703,11525.0,0.0,1.0
2016-11-02,110.0,110.0,104.0,106.0,1.0408,4749.0,0.0,1.0
2016-11-03,110.0,110.0,95.0,101.0,0.9917,11286.0,0.0,1.0
2016-11-04,96.0,98.31,93.0,97.0,0.9524,5889.0,0.0,1.0
2016-11-07,96.99,98.0,96.5,96.5,0.9475,2737.0,0.0,1.0
2016-11-08,98.0,101.0,98.0,101.0,0.9917,2076.0,0.0,1.0
2016-11-09,107.0,107.0,102.8,103.75,1.0187,5809.0,0.0,1.0
2016-11-10,105.0,105.0,99.0,99.0,0.9721,9208.0,0.0,1.0
2016-11-11,98.0,104.9,98.0,101.0,0.9917,1844.0,0.0,1.0
2016-11-14,99.5,101.0,96.0,100.0,0.9819,5773.0,0.0,1.0
2016-11-15,100.5,105.0,96.55,105.0,1.031,4721.0,0.0,1.0
2016-11-16,105.5,106.5,98.5,106.5,1.0457,9208.0,0.0,1.0
2016-11-17,104.0,108.0,104.0,107.05,1.0511,6142.0,0.0,1.0
2016-11-18,108.0,108.5,108.0,108.5,1.0654,2506.0,0.0,1.0
2016-11-21,108.0,108.0,104.85,107.0,1.0506,3951.0,0.0,1.0
2016-11-22,109.0,109.0,106.0,108.0,1.0605,4318.0,0.0,1.0
2016-11-23,106.0,106.0,100.5,103.0,1.0114,3823.0,0.0,1.0
2016-11-25,103.5,103.5,100.55,101.0,0.9917,1812.0,0.0,1.0
2016-11-28,101.0,101.0,100.0,100.99,0.9916,3091.0,0.0,1.0
2016-11-29,100.05,101.0,97.0,97.0,0.9524,14196.0,0.0,1.0
2016-11-30,98.0,98.5,92.5,98.5,0.9672,20072.0,0.0,1.0
2016-12-01,98.0,100.5,98.0,100.255,0.9844,2309.0,0.0,1.0
2016-12-02,101.15,104.755,101.15,103.3,1.0143,5660.0,0.0,1.0
2016-12-05,102.51,102.51,99.0,99.0,0.9721,3443.0,0.0,1.0
2016-12-06,101.45,102.25,99.1,99.1,0.9731,5526.0,0.0,1.0
2016-12-07,101.1,101.99,100.5,101.75,0.9991,3950.0,0.0,1.0
2016-12-08,102.1,106.5,102.1,104.0,1.0212,17093.0,0.0,1.0
2016-12-09,104.0,106.0,102.5,103.0,1.0114,3428.0,0.0,1.0
2016-12-12,103.55,105.0,103.55,105.0,1.031,4026.0,0.0,1.0
2016-12-13,105.0,105.86,102.1,102.7,1.0084,5697.0,0.0,1.0
2016-12-14,103.95,105.98,102.35,102.51,1.0066,3453.0,0.0,1.0
2016-12-15,103.0,103.0,100.0,101.19,0.9936,8748.0,0.0,1.0
2016-12-16,100.605,103.0,100.35,101.6,0.9976,3843.0,0.0,1.0
2016-12-19,101.5,103.5,100.5,101.0,0.9917,6872.0,0.0,1.0
2016-12-20,101.5,102.0,100.5,101.0,0.9917,3539.0,0.0,1.0
2016-12-21,103.9,107.01,103.12,103.75,1.0187,24822.0,0.0,1.0
2016-12-22,107.0,108.1,105.0,105.02,1.0312,13358.0,0.0,1.0
2016-12-23,108.4,116.75,107.5,110.7,1.087,24624.0,0.0,1.0
2016-12-27,115.7,121.8,114.75,114.75,1.1267,35983.0,0.0,1.0
2016-12-28,117.25,127.0,117.25,120.0,1.1783,29140.0,0.0,1.0
2016-12-29,127.5,127.5,119.99,121.5,1.193,18306.0,0.0,1.0
2016-12-30,124.0,124.75,121.0,121.65,1.1945,15405.0,0.0,1.0
2017-01-03,130.5,142.0,125.8,136.0,1.3354,43388.0,0.0,1.0
2017-01-04,142.0,152.0,140.5,146.0,1.4336,80240.0,0.0,1.0
2017-01-05,132.5,138.5,126.0,129.0,1.2667,54273.0,0.0,1.0
2017-01-06,119.5,126.0,111.0,116.75,1.1464,59694.0,0.0,1.0
2017-01-09,116.0,118.5,112.0,114.55,1.1248,14712.0,0.0,1.0
2017-01-10,115.125,118.5,114.5,115.0,1.1292,18701.0,0.0,1.0
2017-01-11,112.0,112.01,105.0,110.5,1.085,58328.0,0.0,1.0
2017-01-12,110.875,110.875,105.6,108.0,1.0605,39423.0,0.0,1.0
2017-01-13,108.0,109.0,107.0,108.99,1.0702,18935.0,0.0,1.0
2017-01-17,114.75,120.0,113.0,117.0,1.1488,42240.0,0.0,1.0
2017-01-18,116.5,118.0,112.6,116.0,1.139,25895.0,0.0,1.0
2017-01-19,118.0,118.5,116.05,117.0,1.1488,25175.0,0.0,1.0
2017-01-20,117.5,118.75,116.0,116.0,1.139,22226.0,0.0,1.0
2017-01-23,117.505,118.5,117.0,117.0,1.1488,12893.0,0.0,1.0
2017-01-24,117.0,117.0,111.88,111.88,1.0986,18804.0,0.0,1.0
2017-01-25,111.88,111.88,105.5,106.51,1.0458,31228.0,0.0,1.0
2017-01-26,106.75,112.99,106.75,107.75,1.058,24396.0,0.0,1.0
2017-01-27,109.0,111.98,109.0,110.0,1.0801,20415.0,0.0,1.0
2017-01-30,110.0,112.0,106.5,107.74,1.0579,16712.0,0.0,1.0
2017-01-31,109.55,111.95,108.45,108.495,1.0653,31101.0,0.0,1.0
2017-02-01,110.0,110.0,105.25,107.95,1.06,36923.0,0.0,1.0
2017-02-02,107.0,110.1,107.0,109.5,1.0752,37177.0,0.0,1.0
2017-02-03,109.5,111.8,109.5,110.0,1.0801,22522.0,0.0,1.0
2017-02-06,112.0,112.0,109.12,110.0,1.0801,9854.0,0.0,1.0
2017-02-07,111.0,113.0,110.0,110.01,1.0802,28842.0,0.0,1.0
2017-02-08,110.0,110.7,107.1,109.0,1.0703,20522.0,0.0,1.0
2017-02-09,105.825,106.75,103.35,104.0,1.0212,33231.0,0.0,1.0
2017-02-10,103.75,105.5,102.5,105.5,1.0359,28296.0,0.0,1.0
2017-02-13,106.39,107.0,104.75,105.55,1.0364,9711.0,0.0,1.0
2017-02-14,107.5,108.0,105.5,108.0,1.0605,21042.0,0.0,1.0
2017-02-15,109.5,109.5,106.1,108.0,1.0605,8041.0,0.0,1.0
2017-02-16,109.0,109.025,107.25,108.0,1.0605,12841.0,0.0,1.0
2017-02-17,107.99,109.0,107.85,108.0,1.0605,13631.0,0.0,1.0
2017-02-21,111.505,112.0,110.1,111.0,1.0899,42439.0,0.0,1.0
2017-02-22,111.495,114.05,111.495,113.5,1.1145,28530.0,0.0,1.0
2017-02-23,115.0,117.3,114.99,117.0,1.1488,49314.0,0.0,1.0
2017-02-24,119.5,120.05,118.0,118.97,1.1682,41080.0,0.0,1.0
2017-02-27,118.0,118.75,116.3,117.0,1.1488,26039.0,0.0,1.0
2017-02-28,116.95,117.2,114.0,115.0,1.1292,20313.0,0.0,1.0
2017-03-01,116.5,118.37,115.05,117.05,1.1493,33392.0,0.0,1.0
2017-03-02,119.5,125.45,117.6,125.4,1.2313,53917.0,0.0,1.0
2017-03-03,128.9,130.5,123.25,129.0,1.2667,46711.0,0.0,1.0
2017-03-06,129.475,139.5,129.475,139.0,1.3648,53546.0,0.0,1.0
2017-03-07,136.9,138.5,130.15,132.0,1.2961,56208.0,0.0,1.0
2017-03-08,128.5,128.5,120.0,123.15,1.2092,43533.0,0.0,1.0
2017-03-09,125.125,132.0,121.5,127.5,1.2519,32396.0,0.0,1.0
2017-03-10,132.99,137.0,126.0,135.0,1.3256,45358.0,0.0,1.0
2017-03-13,135.25,136.5,128.51,133.75,1.3133,44877.0,0.0,1.0
2017-03-14,135.5,137.0,131.0,131.0,1.2863,18450.0,0.0,1.0
2017-03-15,131.5,135.75,131.5,132.05,1.2966,17659.0,0.0,1.0
2017-03-16,129.5,132.0,122.5,122.5,1.2028,37045.0,0.0,1.0
2017-03-17,120.25,126.98,117.0,118.0,1.1586,63033.0,0.0,1.0
2017-03-20,113.0,113.25,104.0,106.0,1.0408,77844.0,0.0,1.0
2017-03-21,109.0,123.0,109.0,123.0,1.2077,39578.0,0.0,1.0
2017-03-22,119.1001,119.475,109.12,111.04,1.0903,36085.0,0.0,1.0
2017-03-23,116.5,116.5,110.99,112.0,1.0997,7562.0,0.0,1.0
2017-03-24,110.0,110.25,105.8,109.0,1.0703,22583.0,0.0,1.0
2017-03-27,107.6,114.0,107.1,113.95,1.1189,13473.0,0.0,1.0
2017-03-28,115.15,118.0,111.5,111.5,1.0948,16354.0,0.0,1.0
2017-03-29,111.51,115.64,111.51,113.5,1.1145,7779.0,0.0,1.0
2017-03-30,114.0,114.25,111.01,112.0,1.0997,5169.0,0.0,1.0
2017-03-31,112.0,120.9,112.0,116.11,1.1401,18881.0,0.0,1.0
2017-04-03,120.0,122.12,120.0,121.25,1.1906,16578.0,0.0,1.0
2017-04-04,121.1,121.9,119.5,120.1,1.1793,10761.0,0.0,1.0
2017-04-05,120.1,120.1,118.2,118.5,1.1636,5879.0,0.0,1.0
2017-04-06,120.75,123.9,120.5,122.4,1.2019,15449.0,0.0,1.0
2017-04-07,122.5,124.24,121.05,123.0,1.2077,10402.0,0.0,1.0
2017-04-10,125.0,127.5,122.0,125.0,1.2274,13872.0,0.0,1.0
2017-04-11,124.0,127.4,123.0,126.02,1.2374,11123.0,0.0,1.0
2017-04-12,126.02,126.94,126.01,126.01,1.2373,4314.0,0.0,1.0
2017-04-13,126.01,126.01,120.0,120.01,1.1784,15040.0,0.0,1.0
2017-04-17,120.75,124.94,120.75,123.0,1.2077,8043.0,0.0,1.0
2017-04-18,125.77,126.15,124.0,126.13,1.2385,11683.0,0.0,1.0
2017-04-19,126.13,126.13,124.1,125.5,1.2323,3964.0,0.0,1.0
2017-04-20,127.4,128.9,126.5,128.4,1.2608,9643.0,0.0,1.0
2017-04-21,127.6,128.9,124.8,126.5,1.2421,11063.0,0.0,1.0
2017-04-24,127.0,128.75,127.0,127.45,1.2514,6797.0,0.0,1.0
2017-04-25,127.7,130.1,127.66,128.6,1.2627,20317.0,0.0,1.0
2017-04-26,129.495,135.7,129.495,134.0,1.3158,36940.0,0.0,1.0
2017-04-27,135.9,142.0,135.5,142.0,1.3943,44576.0,0.0,1.0
2017-04-28,140.0,143.0,137.0,137.7,1.3521,23166.0,0.0,1.0
2017-05-01,143.955,157.0,143.01,154.49,1.5169,53612.0,0.0,1.0
2017-05-02,157.5,162.79,147.02,150.4,1.4768,45573.0,0.0,1.0
2017-05-03,154.5,169.0,154.0,166.5,1.6349,34087.0,0.0,1.0
2017-05-04,173.1,191.0,167.0,170.0,1.6692,56260.0,0.0,1.0
2017-05-05,172.5,188.0,172.5,183.0,1.7969,35966.0,0.0,1.0
2017-05-08,195.445,200.0,188.7,200.0,1.9638,44005.0,0.0,1.0
2017-05-09,212.125,234.0,212.125,233.0,2.2878,65621.0,0.0,1.0
2017-05-10,233.0,265.0,210.5,220.0,2.1602,128300.0,0.0,1.0
2017-05-11,220.45,239.9,213.0001,214.0,2.1013,60562.0,0.0,1.0
2017-05-12,213.95,213.95,183.61,188.0,1.846,60928.0,0.0,1.0
2017-05-15,189.0,204.0,188.55,200.0,1.9638,32118.0,0.0,1.0
2017-05-16,202.9,205.0,198.0,205.0,2.0129,41476.0,0.0,1.0
2017-05-17,215.01,219.99,211.0,211.5,2.0767,41261.0,0.0,1.0
2017-05-18,215.625,219.9,212.0,215.0,2.1111,48607.0,0.0,1.0
2017-05-19,218.08,232.37,217.11,219.0,2.1504,49199.0,0.0,1.0
2017-05-22,250.0,264.99,226.0,241.0,2.3664,123325.0,0.0,1.0
2017-05-23,257.445,295.0,255.5,294.0,2.8868,141904.0,0.0,1.0
2017-05-24,315.45,419.95,310.0,415.0,4.0749,337500.0,0.0,1.0
2017-05-25,495.0,565.0,375.0,477.0,4.6837,448000.0,0.0,1.0
2017-05-26,464.505,464.51,389.0,405.0,3.9767,221743.0,0.0,1.0
2017-05-30,400.0,438.6,370.0,427.0,4.1927,138242.0,0.0,1.0
2017-05-31,426.5,496.0,426.0,484.05,4.7529,123197.0,0.0,1.0
2017-06-01,521.5,534.9,481.0,511.75,5.0249,136270.0,0.0,1.0
2017-06-02,513.5,521.45,482.1,500.0,4.9095,86817.0,0.0,1.0
2017-06-05,520.0,524.0,510.0,516.0,5.0666,81889.0,0.0,1.0
2017-06-06,541.73,560.0,525.0,546.45,5.3656,113399.0,0.0,1.0
2017-06-07,544.875,545.0,525.0,528.0,5.1845,58004.0,0.0,1.0
2017-06-08,528.95,528.95,467.52,485.0,4.7622,100126.0,0.0,1.0
2017-06-09,487.52,507.84,425.0,455.0,4.4677,105618.0,0.0,1.0
2017-06-12,448.75,449.5,377.5,386.81,3.7981,127076.0,0.0,1.0
2017-06-13,386.875,414.0,385.0,398.25,3.9104,57670.0,0.0,1.0
2017-06-14,396.0,397.0,343.0,350.0,3.4367,74670.0,0.0,1.0
2017-06-15,309.1,384.35,297.5,382.5,3.7558,124056.0,0.0,1.0
2017-06-16,385.0,410.0,385.0,400.0,3.9276,52825.0,0.0,1.0
2017-06-19,412.0,434.95,412.0,424.0,4.1633,49032.0,0.0,1.0
2017-06-20,436.0,460.95,433.0,459.99,4.5167,54675.0,0.0,1.0
2017-06-21,463.95,470.0,429.0,435.0,4.2713,50815.0,0.0,1.0
2017-06-22,438.216,445.85,422.5,424.135,4.1646,26549.0,0.0,1.0
2017-06-23,435.5,438.5,424.0,438.3,4.3037,22149.0,0.0,1.0
2017-06-26,404.505,405.0,385.25,391.8,3.8471,58305.0,0.0,1.0
2017-06-27,388.5,400.0,365.0,396.75,3.8957,44431.0,0.0,1.0
2017-06-28,405.04,420.0,403.55,412.0,4.0454,30947.0,0.0,1.0
2017-06-29,412.0,412.0,385.5,400.0,3.9276,18758.0,0.0,1.0
2017-06-30,391.26,397.0,386.5,390.0,3.8294,13131.0,0.0,1.0
2017-07-03,390.1,408.5,390.02,404.0,3.9669,20576.0,0.0,1.0
2017-07-05,404.25,410.0,395.81,407.35,3.9998,14519.0,0.0,1.0
2017-07-06,410.5,410.5,397.25,400.0,3.9276,12421.0,0.0,1.0
2017-07-07,396.99,396.99,380.5,393.01,3.859,18675.0,0.0,1.0
2017-07-10,395.5,395.5,380.25,385.0,3.7803,26406.0,0.0,1.0
2017-07-11,387.0,387.0,375.25,376.0,3.692,20758.0,0.0,1.0
2017-07-12,378.0,399.91,375.05,399.91,3.9267,29055.0,0.0,1.0
2017-07-13,398.89,398.89,383.0,391.5,3.8442,15786.0,0.0,1.0
2017-07-14,379.5,382.75,373.1,375.0,3.6821,26835.0,0.0,1.0
2017-07-17,352.875,359.75,252.0,346.0,3.3974,62500.0,0.0,1.0
2017-07-18,352.255,378.0,352.01,378.0,3.7116,62037.0,0.0,1.0
2017-07-19,381.45,386.75,358.0,358.0,3.5152,45665.0,0.0,1.0
2017-07-20,379.925,393.01,379.925,390.05,3.8299,63746.0,0.0,1.0
2017-07-21,397.75,414.4,390.3,396.0,3.8883,45926.0,0.0,1.0
2017-07-24,405.1,430.0,405.1,418.0,4.1044,39290.0,0.0,1.0
2017-07-25,408.0,408.25,391.0,404.0,3.9669,34062.0,0.0,1.0
2017-07-26,397.1,406.98,394.0,400.5,3.9325,15372.0,0.0,1.0
2017-07-27,406.1,414.5,403.03,405.0,3.9767,16481.0,0.0,1.0
2017-07-28,425.495,430.0,410.02,420.0,4.124,33155.0,0.0,1.0
2017-07-31,426.0,426.44,402.98,420.0,4.124,34078.0,0.0,1.0
2017-08-01,415.24,426.5,399.0,424.0,4.1633,28496.0,0.0,1.0
2017-08-02,426.11,461.1,426.11,443.1,4.3508,61445.0,0.0,1.0
2017-08-03,458.0,475.5,458.0,472.0,4.6346,34994.0,0.0,1.0
2017-08-04,477.0,480.0,472.0,475.0,4.664,29271.0,0.0,1.0
2017-08-07,525.25,550.0,511.11,539.0,5.2925,80156.0,0.0,1.0
2017-08-08,541.49,549.25,525.0,529.0,5.1943,58287.0,0.0,1.0
2017-08-09,526.75,529.0,512.75,520.0,5.1059,32413.0,0.0,1.0
2017-08-10,520.95,563.0,520.9,560.0,5.4987,62913.0,0.0,1.0
2017-08-11,580.495,624.5,580.49,616.55,6.0539,95338.0,0.0,1.0
2017-08-14,730.0,765.0,651.25,740.0,7.2661,141658.0,0.0,1.0
2017-08-15,713.8,721.0,620.0,685.01,6.7261,127290.0,0.0,1.0
2017-08-16,699.0,746.5,698.99,733.0,7.1974,74287.0,0.0,1.0
2017-08-17,740.0,777.0,696.15,743.0,7.2956,101356.0,0.0,1.0
2017-08-18,744.0,753.0,703.5001,703.5001,6.9077,85400.0,0.0,1.0
2017-08-21,703.0,708.0,680.26,699.0,6.8635,71426.0,0.0,1.0
2017-08-22,694.99,720.0,679.0,717.75,7.0476,60293.0,0.0,1.0
2017-08-23,725.9,744.0,720.2,730.0,7.1679,32752.0,0.0,1.0
2017-08-24,739.825,766.0,738.9,750.0,7.3643,45377.0,0.0,1.0
2017-08-25,767.0,778.0,755.0,755.0,7.4134,57771.0,0.0,1.0
2017-08-28,764.96,773.01,755.5,766.25,7.5238,36003.0,0.0,1.0
2017-08-29,783.25,843.0,783.25,832.99,8.1792,87985.0,0.0,1.0
2017-08-30,841.3,932.3,840.0,927.0,9.1023,105135.0,0.0,1.0
2017-08-31,988.995,1064.95,970.0,1005.0,9.8681,166100.0,0.0,1.0
2017-09-01,1003.12,1025.74,760.0,800.0,7.8552,283098.0,0.0,1.0
2017-09-05,689.5,800.0,663.0,775.0,7.6098,148271.0,0.0,1.0
2017-09-06,821.0,855.0,815.2,830.25,8.1523,61988.0,0.0,1.0
2017-09-07,858.0,882.95,790.0,790.0,7.757,73774.0,0.0,1.0
2017-09-08,790.26,790.26,701.01,719.02,7.0601,87874.0,0.0,1.0
2017-09-11,700.0,733.0,676.0,690.0,6.7751,75040.0,0.0,1.0
2017-09-12,710.0,732.69,680.3,695.0,6.8242,64180.0,0.0,1.0
2017-09-13,650.0,650.0,566.0,566.0,5.5576,169029.0,0.0,1.0
2017-09-14,499.12,549.9,481.0,518.38,5.09,139976.0,0.0,1.0
2017-09-15,515.525,647.8,508.01,630.005,6.186,161301.0,0.0,1.0
2017-09-18,705.45,759.0,705.4,744.98,7.315,117750.0,0.0,1.0
2017-09-19,740.275,744.5,675.0,705.0,6.9224,68935.0,0.0,1.0
2017-09-20,708.475,740.0,705.0,710.0,6.9715,37413.0,0.0,1.0
2017-09-21,704.495,704.5,648.0,655.01,6.4316,66290.0,0.0,1.0
2017-09-22,635.005,664.0,607.01,663.0,6.51,44056.0,0.0,1.0
2017-09-25,707.505,717.4,690.0,690.1,6.7761,54564.0,0.0,1.0
2017-09-26,714.25,725.0,691.0,692.5,6.7997,27712.0,0.0,1.0
2017-09-27,726.06,745.4,715.0,739.5,7.2612,56560.0,0.0,1.0
2017-09-28,741.75,742.0,710.0,715.5,7.0255,32925.0,0.0,1.0
2017-09-29,722.75,725.0,698.5,702.0,6.893,32091.0,0.0,1.0
2017-10-02,719.5,735.0,705.76,710.51,6.9765,37568.0,0.0,1.0
2017-10-03,697.95,699.0,675.0,686.0,6.7359,30075.0,0.0,1.0
2017-10-04,686.015,686.02,675.0,684.625,6.7224,18610.0,0.0,1.0
2017-10-05,699.75,705.0,688.5,696.0,6.8341,19529.0,0.0,1.0
2017-10-06,701.0,704.0,685.01,688.0,6.7555,19528.0,0.0,1.0
2017-10-09,704.125,712.0,666.0,697.75,6.8512,63403.0,0.0,1.0
2017-10-10,697.955,701.0,661.15,669.43,6.5732,52918.0,0.0,1.0
2017-10-11,667.25,667.5,601.0,625.02,6.1371,87069.0,0.0,1.0
2017-10-12,680.825,690.0,648.5,678.63,6.6635,74211.0,0.0,1.0
2017-10-13,700.755,709.99,677.0,677.3,6.6504,66203.0,0.0,1.0
2017-10-16,683.0,684.0,652.5,656.0,6.4413,38272.0,0.0,1.0
2017-10-17,651.98,686.0,625.0,671.9,6.5974,62304.0,0.0,1.0
2017-10-18,647.025,679.8,641.0,666.16,6.5411,31675.0,0.0,1.0
2017-10-19,679.25,687.5,668.01,676.08,6.6385,27855.0,0.0,1.0
2017-10-20,676.6,708.99,668.0,702.51,6.898,60684.0,0.0,1.0
2017-10-23,698.5,699.0,679.0,688.0,6.7555,36266.0,0.0,1.0
2017-10-24,679.35,692.0,675.0,680.0,6.677,18301.0,0.0,1.0
2017-10-25,678.245,688.0,670.05,677.0,6.6475,25467.0,0.0,1.0
2017-10-26,689.895,705.0,689.89,699.75,6.8709,52812.0,0.0,1.0
2017-10-27,699.71,700.0,672.5,681.5,6.6917,43586.0,0.0,1.0
2017-10-30,707.0,726.5,702.2,726.0,7.1286,64079.0,0.0,1.0
2017-10-31,731.725,834.75,731.0,828.36,8.1337,129576.0,0.0,1.0
2017-11-01,860.195,949.0,840.0,848.0,8.3266,145961.0,0.0,1.0
2017-11-02,934.995,954.5,892.0,927.0,9.1023,108618.0,0.0,1.0
2017-11-03,967.55,985.0,940.0,950.0,10.4396,91917.0,113.195,1.0
2017-11-06,958.995,979.9,888.0,924.01,10.154,99760.0,0.0,1.0
2017-11-07,907.5,910.0,882.5,899.0,9.8791,54663.0,0.0,1.0
2017-11-08,936.275,965.0,905.0,921.0,10.1209,115291.0,0.0,1.0
2017-11-09,913.695,930.74,900.0,926.25,10.1786,35307.0,0.0,1.0
2017-11-10,879.9,921.49,869.74,880.0,9.6703,84542.0,0.0,1.0
2017-11-13,872.68,904.97,856.0,857.0,9.4176,69393.0,0.0,1.0
2017-11-14,858.805,869.5,785.5,800.0,8.7912,76149.0,0.0,1.0
2017-11-15,860.0,885.0,850.0,870.0,9.5604,64587.0,0.0,1.0
2017-11-16,886.75,915.0,886.5,902.995,9.923,54519.0,0.0,1.0
2017-11-17,920.005,940.01,904.01,905.5,9.9505,55769.0,0.0,1.0
2017-11-20,949.745,970.0,949.5,960.0,10.5495,59875.0,0.0,1.0
2017-11-21,968.255,982.0,956.01,971.2,10.6725,53293.0,0.0,1.0
2017-11-22,976.695,998.0,922.0,995.0,10.9341,49843.0,0.0,1.0
2017-11-24,999.9,1075.0,997.0,1074.01,11.8023,48756.0,0.0,1.0
2017-11-27,1266.01,1357.0,1200.0,1329.0,14.6044,181615.0,0.0,1.0
2017-11-28,1436.47,1611.11,1425.0,1470.01,16.154,231657.0,0.0,1.0
2017-11-29,1736.54,1823.99,1350.0,1563.0,17.1758,338813.0,0.0,1.0
2017-11-30,1460.5,1590.0,1358.05,1521.0,16.7143,173866.0,0.0,1.0
2017-12-01,1698.95,1724.0,1585.0,1665.0,18.2967,123219.0,0.0,1.0
2017-12-04,1781.75,1830.0,1705.2,1824.99,20.0548,124991.0,0.0,1.0
2017-12-05,1880.5,1905.55,1350.0,1573.88,17.2954,297056.0,0.0,1.0
2017-12-06,1738.0,1750.0,1565.0,1672.0,18.3736,190481.0,0.0,1.0
2017-12-07,1830.0,1900.0,1740.0,1820.01,20.0001,244107.0,0.0,1.0
2017-12-08,1712.75,1797.99,1640.0,1649.9,18.1308,164520.0,0.0,1.0
2017-12-11,1749.02,1859.99,1740.0,1850.24,20.3323,161205.0,0.0,1.0
2017-12-12,1893.0,2327.0,1880.0,2273.0,24.978,235966.0,0.0,1.0
2017-12-13,2351.0,2549.0,2100.0,2335.0,25.6593,263761.0,0.0,1.0
2017-12-14,2355.0,2461.0,2252.26,2374.99,26.0988,107456.0,0.0,1.0
2017-12-15,2550.0,2750.0,2470.0,2699.0,29.6593,147202.0,0.0,1.0
2017-12-18,2899.84,3485.0,2860.0,3463.0,38.0549,229079.0,0.0,1.0
2017-12-19,3242.47,3523.0,2630.0,3020.99,33.1977,256116.0,0.0,1.0
2017-12-20,2865.99,2926.0,2272.0,2382.99,26.1867,266626.0,0.0,1.0
2017-12-21,2210.0,2244.0,1762.4,1772.0,19.4725,282615.0,0.0,1.0
2017-12-22,1349.0,2015.0,1155.0,1990.0,21.8681,332871.0,0.0,1.0
2017-12-26,2269.63,2488.0,2230.0,2360.0,25.9341,183667.0,0.0,1.0
2017-12-27,2437.0,2440.0,2040.0,2150.0,23.6264,129202.0,0.0,1.0
2017-12-28,1943.5,2117.0,1865.0,1937.0,21.2857,104952.0,0.0,1.0
2017-12-29,2025.0,2090.0,2000.0,2016.0,22.1538,69730.0,0.0,1.0
2018-01-02,1931.62,2320.0,1931.62,2261.5,24.8516,117396.0,0.0,1.0
2018-01-03,2400.0,2444.0,2228.48,2255.0,24.7802,84108.0,0.0,1.0
2018-01-04,2200.0,2278.05,2101.0,2204.0,24.2198,53875.0,0.0,1.0
2018-01-05,2428.49,2476.0,2320.0,2337.88,25.691,80844.0,0.0,1.0
2018-01-08,2169.55,2293.1,2030.0,2204.73,24.2278,87459.0,0.0,1.0
2018-01-09,2060.0,2240.0,2060.0,2160.0,23.7363,52368.0,0.0,1.0
2018-01-10,2120.0,2125.35,1955.0,1961.0,21.5495,107135.0,0.0,1.0
2018-01-11,1876.96,1924.0,1686.0,1708.01,18.7693,134580.0,0.0,1.0
2018-01-12,1801.0,1988.0,1801.0,1970.0,21.6484,93713.0,0.0,1.0
2018-01-16,1650.0,1840.99,1650.0,1736.0,19.0769,110509.0,0.0,1.0
2018-01-17,1535.0,1657.5,1419.0,1636.0,17.978,171970.0,0.0,1.0
2018-01-18,1817.0,1869.0,1775.0,1857.0,20.4066,94488.0,0.0,1.0
2018-01-19,1898.0,1905.0,1721.37,1768.03,19.4289,74158.0,0.0,1.0
2018-01-22,1692.05,1735.25,1610.0,1686.0,18.5275,49758.0,0.0,1.0
2018-01-23,1655.5,1717.0,1610.0,1652.65,18.161,59581.0,0.0,1.0
2018-01-24,1699.0,1733.0,1650.0,1670.05,18.3522,34783.0,0.0,1.0
2018-01-25,1673.25,1696.0,1651.28,1685.0,18.5165,25926.0,0.0,1.0
2018-01-26,1631.0,1675.0,1600.0,1645.0,18.0769,32166.0,0.0,1.0
2018-01-29,18.785,19.6,18.77,19.14,19.14,4823899.0,0.0,91.0
2018-01-30,18.5,18.69,17.31,17.51,17.51,5061831.0,0.0,1.0
2018-01-31,17.4,17.4,14.75,15.59,15.59,8460770.0,0.0,1.0
2018-02-01,14.25,14.25,12.05,13.11,13.11,12841735.0,0.0,1.0
2018-02-02,11.89,13.1,11.64,12.0,12.0,10203583.0,0.0,1.0
2018-02-05,10.96,11.12,9.6,10.05,10.05,12165786.0,0.0,1.0
2018-02-06,10.15,12.75,10.0,12.31,12.31,9410048.0,0.0,1.0
2018-02-07,13.1,14.4,13.05,13.69,13.69,9820615.0,0.0,1.0
2018-02-08,14.66,14.95,13.76,13.945,13.945,5211696.0,0.0,1.0
2018-02-09,14.6,14.67,13.54,14.34,14.34,3938123.0,0.0,1.0
2018-02-12,14.665,15.05,14.37,14.87,14.87,4172032.0,0.0,1.0
2018-02-13,14.695,14.7,14.05,14.39,14.39,2317114.0,0.0,1.0
2018-02-14,15.205,16.5875,15.2,16.44,16.44,6482816.0,0.0,1.0
2018-02-15,17.36,19.41,16.44,18.64,18.64,9015808.0,0.0,1.0
2018-02-16,17.75,19.4,17.49,17.76,17.76,6899786.0,0.0,1.0
2018-02-20,20.06,20.4,19.53,19.99,19.99,6919252.0,0.0,1.0
2018-02-21,18.19,18.7,17.75,17.86,17.86,5963642.0,0.0,1.0
2018-02-22,17.01,17.24,16.28,16.92,16.92,6643852.0,0.0,1.0
2018-02-23,17.72,18.25,17.13,17.21,17.21,4660164.0,0.0,1.0
2018-02-26,18.05,18.19,17.51,17.82,17.82,4027363.0,0.0,1.0
2018-02-27,18.555,18.76,18.0601,18.16,18.16,3504878.0,0.0,1.0
2018-02-28,17.86,18.1,17.54,17.83,17.83,2028532.0,0.0,1.0
2018-03-01,17.9401,18.15,17.68,18.1,18.1,2036547.0,0.0,1.0
2018-03-02,17.925,18.05,17.32,18.0,18.0,1998813.0,0.0,1.0
2018-03-05,18.71,18.9,18.3,18.6101,18.6101,3143133.0,0.0,1.0
2018-03-06,17.685,17.9,17.02,17.1599,17.1599,3915040.0,0.0,1.0
2018-03-07,16.995,17.36,14.8,15.74,15.74,7850750.0,0.0,1.0
2018-03-08,15.61,16.2899,14.91,15.74,15.74,4784385.0,0.0,1.0
2018-03-09,14.61,15.49,14.53,14.9899,14.9899,4362168.0,0.0,1.0
2018-03-12,15.84,15.87,15.01,15.16,15.16,3085645.0,0.0,1.0
2018-03-13,15.23,15.38,14.52,14.8,14.8,2607587.0,0.0,1.0
2018-03-14,14.15,14.34,13.28,13.305,13.305,5493265.0,0.0,1.0
2018-03-15,13.2,13.54,12.91,13.46,13.46,3971861.0,0.0,1.0
2018-03-16,13.845,14.5,13.64,14.23,14.23,3515383.0,0.0,1.0
2018-03-19,13.935,14.6,13.46,13.6,13.6,3263841.0,0.0,1.0
2018-03-20,13.795,14.6,13.65,14.6,14.6,3474798.0,0.0,1.0
2018-03-21,14.78,15.59,14.26,14.75,14.75,4044044.0,0.0,1.0
2018-03-22,14.35,14.6,13.85,14.09,14.09,2364270.0,0.0,1.0
2018-03-23,13.61,14.39,13.5,13.72,13.72,2319132.0,0.0,1.0
2018-03-26,13.2,13.3,12.25,12.61,12.61,4264022.0,0.0,1.0
2018-03-27,12.55,13.15,11.74,11.95,11.95,4114409.0,0.0,1.0
2018-03-28,11.94,12.1,11.11,11.28,11.28,3885889.0,0.0,1.0
2018-03-29,10.74,10.95,10.17,10.49,10.49,5229403.0,0.0,1.0
2018-04-02,10.235,11.32,10.23,11.19,11.19,3366176.0,0.0,1.0
2018-04-03,11.445,12.84,11.44,12.67,12.67,3808861.0,0.0,1.0
2018-04-04,11.6,11.91,11.01,11.12,11.12,3450871.0,0.0,1.0
2018-04-05,10.79,11.29,10.44,11.01,11.01,3308872.0,0.0,1.0
2018-04-06,10.67,10.8299,10.45,10.55,10.55,2934548.0,0.0,1.0
2018-04-09,10.8,10.98,10.54,10.55,10.55,2137848.0,0.0,1.0
2018-04-10,10.725,11.14,10.56,11.05,11.05,2322218.0,0.0,1.0
2018-04-11,11.05,11.54,11.0,11.48,11.48,2214684.0,0.0,1.0
2018-04-12,12.64,12.86,11.9,12.48,12.48,4328163.0,0.0,1.0
2018-04-13,13.2,13.52,13.0,13.52,13.52,4595658.0,0.0,1.0
2018-04-16,13.595,13.6,12.77,13.18,13.18,2480680.0,0.0,1.0
2018-04-17,13.37,13.55,12.19,12.43,12.43,3136711.0,0.0,1.0
2018-04-18,12.975,13.25,12.75,13.24,13.24,2134557.0,0.0,1.0
2018-04-19,13.4,13.88,13.35,13.65,13.65,2516055.0,0.0,1.0
2018-04-20,14.56,14.85,14.25,14.85,14.85,4060123.0,0.0,1.0
2018-04-23,15.41,15.55,15.01,15.25,15.25,3006712.0,0.0,1.0
2018-04-24,16.14,16.8801,16.0,16.88,16.88,5614493.0,0.0,1.0
2018-04-25,15.925,15.93,13.9,15.07,15.07,6974751.0,0.0,1.0
2018-04-26,14.9,15.55,14.5,15.35,15.35,3008876.0,0.0,1.0
2018-04-27,15.99,16.2,15.37,15.5,15.5,3294509.0,0.0,1.0
2018-04-30,16.14,16.24,15.62,15.85,15.85,2348925.0,0.0,1.0
2018-05-01,15.3,15.33,14.76,14.94,14.94,2554877.0,0.0,1.0
2018-05-02,14.9,15.15,14.3,14.44,14.44,2087751.0,0.0,1.0
2018-05-03,14.89,15.64,14.89,15.2,15.2,3854155.0,0.0,1.0
2018-05-04,15.525,15.7,15.26,15.59,15.59,2529075.0,0.0,1.0
2018-05-07,14.97,15.14,14.61,14.97,14.97,3125884.0,0.0,1.0
2018-05-08,14.67,14.7101,14.36,14.7101,14.7101,2462899.0,0.0,1.0
2018-05-09,15.02,15.17,14.9,14.97,14.97,2343370.0,0.0,1.0
2018-05-10,15.2,15.2,14.36,14.58,14.58,2666364.0,0.0,1.0
2018-05-11,13.71,14.19,13.36,14.1,14.1,3952731.0,0.0,1.0
2018-05-14,13.975,14.75,13.81,14.5,14.5,2890429.0,0.0,1.0
2018-05-15,14.59,14.68,13.9,14.25,14.25,1953235.0,0.0,1.0
2018-05-16,13.9,13.99,13.55,13.75,13.75,2136296.0,0.0,1.0
2018-05-17,13.765,13.92,13.49,13.53,13.53,1590529.0,0.0,1.0
2018-05-18,13.54,13.82,13.1,13.535,13.535,1947860.0,0.0,1.0
2018-05-21,13.955,13.98,13.54,13.61,13.61,1253617.0,0.0,1.0
2018-05-22,13.31,13.35,13.08,13.08,13.08,1926438.0,0.0,1.0
2018-05-23,12.855,12.9,11.56,12.22,12.22,6441486.0,0.0,1.0
2018-05-24,11.555,12.28,11.55,12.24,12.24,2258571.0,0.0,1.0
2018-05-25,12.15,12.27,11.96,12.15,12.15,1077130.0,0.0,1.0
2018-05-29,12.445,12.6,11.91,12.15,12.15,2226461.0,0.0,1.0
2018-05-30,12.25,12.4,11.76,11.96,11.96,1789650.0,0.0,1.0
2018-05-31,12.1,12.3,11.91,12.2799,12.2799,1407743.0,0.0,1.0
2018-06-01,12.3,12.3,11.9,12.1,12.1,937828.0,0.0,1.0
2018-06-04,12.09,12.11,11.91,11.98,11.98,1263455.0,0.0,1.0
2018-06-05,11.92,12.45,11.8,12.43,12.43,1855877.0,0.0,1.0
2018-06-06,12.45,12.86,12.3,12.45,12.45,2567948.0,0.0,1.0
2018-06-07,12.72,12.86,12.61,12.86,12.86,1069467.0,0.0,1.0
2018-06-08,12.555,12.91,12.35,12.7,12.7,1022366.0,0.0,1.0
2018-06-11,11.11,11.74,11.1,11.7,11.7,4427020.0,0.0,1.0
2018-06-12,11.485,11.86,11.16,11.29,11.29,3516336.0,0.0,1.0
2018-06-13,11.19,11.2,10.52,10.6,10.6,5518034.0,0.0,1.0
2018-06-14,10.73,11.59,10.61,11.53,11.53,4186580.0,0.0,1.0
2018-06-15,11.29,11.29,10.9,10.95,10.95,2481050.0,0.0,1.0
2018-06-18,10.84,11.39,10.76,11.05,11.05,2086369.0,0.0,1.0
2018-06-19,11.16,11.4,10.79,11.0,11.0,1592406.0,0.0,1.0
2018-06-20,10.91,11.12,10.8175,10.9,10.9,1320829.0,0.0,1.0
2018-06-21,10.85,10.9,10.7,10.7,10.7,1112121.0,0.0,1.0
2018-06-22,10.33,10.33,10.06,10.1,10.1,3690889.0,0.0,1.0
2018-06-25,10.085,10.23,9.7,9.8,9.8,3921987.0,0.0,1.0
2018-06-26,9.86,9.88,9.2,9.23,9.23,3693069.0,0.0,1.0
2018-06-27,9.075,9.08,8.34,8.52,8.52,5544879.0,0.0,1.0
2018-06-28,8.495,9.24,8.24,8.94,8.94,2173975.0,0.0,1.0
2018-06-29,8.265,8.69,8.25,8.53,8.53,1892482.0,0.0,1.0
2018-07-02,9.26,10.3,9.2,10.2,10.2,4230882.0,0.0,1.0
2018-07-03,10.305,10.31,9.8,10.01,10.01,1000581.0,0.0,1.0
2018-07-05,10.02,10.31,9.95,10.05,10.05,1853712.0,0.0,1.0
2018-07-06,10.085,10.28,10.03,10.23,10.23,1277628.0,0.0,1.0
2018-07-09,10.37,10.66,10.25,10.3,10.3,2172048.0,0.0,1.0
2018-07-10,9.57,9.85,9.25,9.27,9.27,3730074.0,0.0,1.0
2018-07-11,9.425,9.54,9.23,9.35,9.35,885748.0,0.0,1.0
2018-07-12,9.05,9.4,8.85,9.31,9.31,1577593.0,0.0,1.0
2018-07-13,9.41,9.55,9.2,9.24,9.24,1141174.0,0.0,1.0
2018-07-16,9.875,10.33,9.82,10.3,10.3,3047461.0,0.0,1.0
2018-07-17,10.45,11.6,10.32,11.49,11.49,5224545.0,0.0,1.0
2018-07-18,11.78,12.16,10.75,10.83,10.83,6400224.0,0.0,1.0
2018-07-19,10.945,11.35,10.56,10.95,10.95,3275185.0,0.0,1.0
2018-07-20,11.2,11.59,10.865,11.0,11.0,2883560.0,0.0,1.0
2018-07-23,11.68,11.87,11.4,11.58,11.58,3378356.0,0.0,1.0
2018-07-24,12.2,12.36,12.14,12.26,12.26,4184048.0,0.0,1.0
2018-07-25,12.335,12.34,11.57,11.88,11.88,3138477.0,0.0,1.0
2018-07-26,11.91,12.12,11.65,12.1,12.1,1322281.0,0.0,1.0
2018-07-27,11.575,12.11,11.15,11.95,11.95,3081955.0,0.0,1.0
2018-07-30,11.85,11.86,10.81,11.11,11.11,2299853.0,0.0,1.0
2018-07-31,10.84,10.84,10.37,10.42,10.42,2814303.0,0.0,1.0
2018-08-01,10.365,10.39,9.92,10.1,10.1,1870940.0,0.0,1.0
2018-08-02,10.05,10.5,9.9,10.35,10.35,1672324.0,0.0,1.0
2018-08-03,10.09,10.64,10.0,10.15,10.15,2150111.0,0.0,1.0
2018-08-06,9.685,10.1,9.66,9.97,9.97,2340849.0,0.0,1.0
2018-08-07,10.22,10.37,10.07,10.13,10.13,1333246.0,0.0,1.0
2018-08-08,9.545,9.94,9.5,9.73,9.73,3777128.0,0.0,1.0
2018-08-09,9.715,10.03,9.56,9.74,9.74,2174935.0,0.0,1.0
2018-08-10,9.765,9.99,9.57,9.6,9.6,1281395.0,0.0,1.0
2018-08-13,9.845,9.98,9.35,9.41,9.41,2099204.0,0.0,1.0
2018-08-14,9.21,9.4,9.1,9.2,9.2,1993300.0,0.0,1.0
2018-08-15,9.605,9.78,9.26,9.64,9.64,2357140.0,0.0,1.0
2018-08-16,9.59,9.6,9.05,9.1,9.1,2923424.0,0.0,1.0
2018-08-17,9.15,9.24,8.76,8.87,8.87,3089786.0,0.0,1.0
2018-08-20,8.875,9.05,8.75,8.76,8.76,1266183.0,0.0,1.0
2018-08-21,8.94,9.0,8.73,8.87,8.87,1247028.0,0.0,1.0
2018-08-22,9.22,9.22,8.82,8.9,8.9,1417487.0,0.0,1.0
