date,1. open,2. high,3. low,4. close,5. adjusted close,6. volume,7. dividend amount,8. split coefficient
2015-02-11,25.04,25.05,24.9,24.9,20.6931,2201.0,0.0,1.0
2015-02-12,25.2399,25.27,25.2399,25.26,20.9923,1573.0,0.0,1.0
2015-02-13,25.39,25.39,25.31,25.3599,21.0753,3697.0,0.0,1.0
2015-02-17,25.51,25.51,25.2,25.369,21.0829,6027.0,0.0,1.0
2015-02-18,25.2,25.3,25.2,25.3,21.0255,1528.0,0.0,1.0
2015-02-19,25.23,25.26,25.1675,25.26,20.9923,1982.0,0.0,1.0
2015-02-20,25.15,25.26,25.08,25.26,20.9923,8612.0,0.0,1.0
2015-02-23,25.26,25.26,25.13,25.17,20.9175,6649.0,0.0,1.0
2015-02-24,25.35,25.4,25.35,25.38,21.092,9200.0,0.0,1.0
2015-02-25,25.48,25.48,25.465,25.4799,21.175,1800.0,0.0,1.0
2015-02-26,25.1599,25.1599,25.058000000000003,25.14,20.8925,2900.0,0.0,1.0
2015-02-27,25.1,25.4,25.1,25.34,21.0588,15820.0,0.0,1.0
2015-03-02,25.38,25.38,25.26,25.26,20.9923,3203.0,0.0,1.0
2015-03-03,25.26,25.28,25.235,25.2419,20.9772,3611.0,0.0,1.0
2015-03-04,25.01,25.03,24.9,25.03,20.8011,3443.0,0.0,1.0
2015-03-05,25.18,25.18,25.0499,25.06,20.8261,819.0,0.0,1.0
2015-03-06,24.72,24.72,24.45,24.45,20.3191,4100.0,0.0,1.0
2015-03-09,24.67,24.67,24.563,24.563,20.413,1125.0,0.0,1.0
2015-03-10,24.1599,24.1599,24.094,24.094,20.0233,700.0,0.0,1.0
2015-03-11,24.0,24.0,24.0,24.0,19.9452,300.0,0.0,1.0
2015-03-12,24.0,24.0,24.0,24.0,19.9452,0.0,0.0,1.0
2015-03-13,24.07,24.07,24.07,24.07,20.0033,100.0,0.0,1.0
2015-03-16,24.07,24.07,24.07,24.07,20.0033,0.0,0.0,1.0
2015-03-17,24.3099,24.3327,24.3099,24.3327,20.2216,592.0,0.0,1.0
2015-03-18,24.3749,24.86,24.3749,24.86,20.6599,1201.0,0.0,1.0
2015-03-19,24.86,24.86,24.86,24.86,20.6599,0.0,0.0,1.0
2015-03-20,24.9101,24.9101,24.9101,24.9101,20.7015,139.0,0.0,1.0
2015-03-23,24.9101,24.9101,24.9101,24.9101,20.7015,40.0,0.0,1.0
2015-03-24,25.3095,25.3095,25.3095,25.3095,21.0334,114.0,0.0,1.0
2015-03-25,25.08,25.08,25.08,25.08,20.9187,550.0,0.0915,1.0
2015-03-26,25.08,25.08,25.08,25.08,20.9187,0.0,0.0,1.0
2015-03-27,25.08,25.08,25.08,25.08,20.9187,0.0,0.0,1.0
2015-03-30,25.0,25.0,25.0,25.0,20.852,411.0,0.0,1.0
2015-03-31,24.74,24.969,24.74,24.83,20.7102,6688.0,0.0,1.0
2015-04-01,24.9451,24.9451,24.9451,24.9451,20.8062,150.0,0.0,1.0
2015-04-02,24.96,25.0,24.96,25.0,20.852,202.0,0.0,1.0
2015-04-06,25.1982,25.2028,25.1982,25.2028,21.0211,924.0,0.0,1.0
2015-04-07,25.24,25.24,25.24,25.24,21.0522,203.0,0.0,1.0
2015-04-08,25.6,25.6,25.25,25.43,21.2107,3659.0,0.0,1.0
2015-04-09,25.43,25.43,25.43,25.43,21.2107,0.0,0.0,1.0
2015-04-10,25.45,25.45,25.45,25.45,21.2273,118.0,0.0,1.0
2015-04-13,25.5,25.5,25.4718,25.4718,21.2455,322.0,0.0,1.0
2015-04-14,25.53,25.53,25.53,25.53,21.2941,100.0,0.0,1.0
2015-04-15,25.7,25.7,25.62,25.62,21.3691,3973.0,0.0,1.0
2015-04-16,25.9,25.9,25.9,25.9,21.6027,130.0,0.0,1.0
2015-04-17,25.74,25.74,25.49,25.5199,21.2856,819.0,0.0,1.0
2015-04-20,25.5199,25.5199,25.5199,25.5199,21.2856,1.0,0.0,1.0
2015-04-21,25.5199,25.5199,25.5199,25.5199,21.2856,0.0,0.0,1.0
2015-04-22,25.5199,25.5199,25.5199,25.5199,21.2856,0.0,0.0,1.0
2015-04-23,25.77,25.9,25.77,25.9,21.6027,1120.0,0.0,1.0
2015-04-24,25.9,25.9,25.9,25.9,21.6027,65.0,0.0,1.0
2015-04-27,26.298,26.298,26.298,26.298,21.9346,260.0,0.0,1.0
2015-04-28,26.298,26.298,26.298,26.298,21.9346,0.0,0.0,1.0
2015-04-29,26.298,26.298,26.298,26.298,21.9346,60.0,0.0,1.0
2015-04-30,26.298,26.298,26.298,26.298,21.9346,0.0,0.0,1.0
2015-05-01,26.298,26.298,26.298,26.298,21.9346,20.0,0.0,1.0
2015-05-04,26.17,26.17,26.17,26.17,21.8279,100.0,0.0,1.0
2015-05-05,25.95,25.95,25.6497,25.6497,21.3939,1701.0,0.0,1.0
2015-05-06,25.6497,25.6497,25.6497,25.6497,21.3939,0.0,0.0,1.0
2015-05-07,25.6497,25.6497,25.6497,25.6497,21.3939,0.0,0.0,1.0
2015-05-08,25.6497,25.6497,25.6497,25.6497,21.3939,0.0,0.0,1.0
2015-05-11,25.6497,25.6497,25.6497,25.6497,21.3939,0.0,0.0,1.0
2015-05-12,25.6497,25.6497,25.6497,25.6497,21.3939,0.0,0.0,1.0
2015-05-13,25.92,25.93,25.8831,25.8831,21.5886,608.0,0.0,1.0
2015-05-14,25.8831,25.8831,25.8831,25.8831,21.5886,0.0,0.0,1.0
2015-05-15,26.235,26.235,26.235,26.235,21.8821,152.0,0.0,1.0
2015-05-18,26.2201,26.2201,26.2201,26.2201,21.8697,200.0,0.0,1.0
2015-05-19,26.2201,26.2201,26.2201,26.2201,21.8697,0.0,0.0,1.0
2015-05-20,26.2201,26.2201,26.2201,26.2201,21.8697,0.0,0.0,1.0
2015-05-21,26.2201,26.2201,26.2201,26.2201,21.8697,0.0,0.0,1.0
2015-05-22,26.2201,26.2201,26.2201,26.2201,21.8697,0.0,0.0,1.0
2015-05-26,26.2201,26.2201,26.2201,26.2201,21.8697,54.0,0.0,1.0
2015-05-27,25.66,25.8575,25.66,25.8575,21.5672,398.0,0.0,1.0
2015-05-28,25.8299,25.8299,25.75,25.79,21.5109,880.0,0.0,1.0
2015-05-29,25.76,25.76,25.72,25.72,21.4525,377.0,0.0,1.0
2015-06-01,25.72,25.72,25.72,25.72,21.4525,0.0,0.0,1.0
2015-06-02,25.83,25.83,25.8299,25.8299,21.5442,1000.0,0.0,1.0
2015-06-03,25.8299,25.8299,25.8299,25.8299,21.5442,0.0,0.0,1.0
2015-06-04,25.69,25.69,25.35,25.35,21.1439,256.0,0.0,1.0
2015-06-05,25.35,25.35,25.35,25.35,21.1439,43.0,0.0,1.0
2015-06-08,25.35,25.35,25.35,25.35,21.1439,0.0,0.0,1.0
2015-06-09,24.788,24.8699,24.788,24.8699,20.7435,366.0,0.0,1.0
2015-06-10,25.11,25.1599,25.11,25.1599,20.9854,590.0,0.0,1.0
2015-06-11,25.1499,25.18,25.1499,25.1699,20.9937,400.0,0.0,1.0
2015-06-12,25.1699,25.1699,25.1699,25.1699,20.9937,0.0,0.0,1.0
2015-06-15,25.1699,25.1699,25.1699,25.1699,20.9937,0.0,0.0,1.0
2015-06-16,25.1699,25.1699,25.1699,25.1699,20.9937,2.0,0.0,1.0
2015-06-17,25.1699,25.1699,25.1699,25.1699,20.9937,0.0,0.0,1.0
2015-06-18,25.1699,25.1699,25.1699,25.1699,20.9937,238.0,0.0,1.0
2015-06-19,24.9,24.9,24.9,24.9,20.7686,100.0,0.0,1.0
2015-06-22,24.9,24.9,24.9,24.9,20.7686,1.0,0.0,1.0
2015-06-23,25.62,25.62,25.57,25.57,21.3274,416.0,0.0,1.0
2015-06-24,25.174,25.174,25.14,25.14,21.2563,200.0,0.3447,1.0
2015-06-25,25.14,25.14,25.14,25.14,21.2563,0.0,0.0,1.0
2015-06-26,25.14,25.14,25.14,25.14,21.2563,51.0,0.0,1.0
2015-06-29,25.14,25.14,25.14,25.14,21.2563,42.0,0.0,1.0
2015-06-30,25.14,25.14,25.14,25.14,21.2563,1.0,0.0,1.0
2015-07-01,24.5,24.5,24.3201,24.3201,20.563,412.0,0.0,1.0
2015-07-02,24.3201,24.3201,24.3201,24.3201,20.563,1.0,0.0,1.0
2015-07-06,24.07,24.07,24.07,24.07,20.3516,300.0,0.0,1.0
2015-07-07,24.07,24.07,24.07,24.07,20.3516,41.0,0.0,1.0
2015-07-08,24.07,24.07,24.07,24.07,20.3516,0.0,0.0,1.0
2015-07-09,24.07,24.07,24.07,24.07,20.3516,0.0,0.0,1.0
2015-07-10,24.07,24.07,24.07,24.07,20.3516,30.0,0.0,1.0
2015-07-13,24.61,24.61,24.58,24.58,20.7828,1200.0,0.0,1.0
2015-07-14,24.58,24.6,24.58,24.6,20.7997,706.0,0.0,1.0
2015-07-15,24.6,24.6,24.6,24.6,20.7997,0.0,0.0,1.0
2015-07-16,24.6,24.6,24.6,24.6,20.7997,0.0,0.0,1.0
2015-07-17,24.6,24.6,24.6,24.6,20.7997,0.0,0.0,1.0
2015-07-20,24.6,24.6,24.6,24.6,20.7997,50.0,0.0,1.0
2015-07-21,24.63,24.63,24.63,24.63,20.8251,100.0,0.0,1.0
2015-07-22,24.2899,24.2899,24.1409,24.1409,20.4115,340.0,0.0,1.0
2015-07-23,24.0401,24.13,24.0401,24.13,20.4023,1200.0,0.0,1.0
2015-07-24,23.99,23.99,23.9633,23.9633,20.2614,1000.0,0.0,1.0
2015-07-27,23.929,23.929,23.8301,23.8896,20.199,2400.0,0.0,1.0
2015-07-28,23.9,23.9,23.9,23.9,20.2078,100.0,0.0,1.0
2015-07-29,24.06,24.06,24.06,24.06,20.3431,1365.0,0.0,1.0
2015-07-30,24.06,24.06,24.06,24.06,20.3431,0.0,0.0,1.0
2015-07-31,24.21,24.3,24.0701,24.0701,20.3517,900.0,0.0,1.0
2015-08-03,24.0701,24.0701,24.0701,24.0701,20.3517,9.0,0.0,1.0
2015-08-04,24.0701,24.0701,24.0701,24.0701,20.3517,0.0,0.0,1.0
2015-08-05,24.0701,24.0701,24.0701,24.0701,20.3517,0.0,0.0,1.0
2015-08-06,23.6849,23.69,23.6849,23.6849,20.026,1800.0,0.0,1.0
2015-08-07,23.6849,23.6849,23.6849,23.6849,20.026,25.0,0.0,1.0
2015-08-10,23.6849,23.6849,23.6849,23.6849,20.026,0.0,0.0,1.0
2015-08-11,23.687,23.7876,23.687,23.7876,20.1128,770.0,0.0,1.0
2015-08-12,23.9193,23.94,23.9193,23.94,20.2417,300.0,0.0,1.0
2015-08-13,24.05,24.05,24.05,24.05,20.3347,924.0,0.0,1.0
2015-08-14,23.94,23.94,23.94,23.94,20.2417,290.0,0.0,1.0
2015-08-17,23.94,23.94,23.94,23.94,20.2417,0.0,0.0,1.0
2015-08-18,23.94,23.94,23.94,23.94,20.2417,0.0,0.0,1.0
2015-08-19,23.71,23.71,23.5,23.5,19.8696,825.0,0.0,1.0
2015-08-20,23.5,23.5,23.5,23.5,19.8696,0.0,0.0,1.0
2015-08-21,22.9201,22.9201,22.9201,22.9201,19.3793,132.0,0.0,1.0
2015-08-24,22.9201,22.9201,22.9201,22.9201,19.3793,10.0,0.0,1.0
2015-08-25,22.9201,22.9201,22.9201,22.9201,19.3793,0.0,0.0,1.0
2015-08-26,22.1106,22.1106,22.1106,22.1106,18.6949,125.0,0.0,1.0
2015-08-27,22.56,22.56,22.56,22.56,19.0748,400.0,0.0,1.0
2015-08-28,22.56,22.56,22.56,22.56,19.0748,0.0,0.0,1.0
2015-08-31,22.56,22.56,22.56,22.56,19.0748,0.0,0.0,1.0
2015-09-01,22.56,22.56,22.56,22.56,19.0748,30.0,0.0,1.0
2015-09-02,22.56,22.56,22.56,22.56,19.0748,0.0,0.0,1.0
2015-09-03,22.56,22.56,22.56,22.56,19.0748,0.0,0.0,1.0
2015-09-04,22.128,22.128,22.128,22.128,18.7096,170.0,0.0,1.0
2015-09-08,22.128,22.128,22.128,22.128,18.7096,0.0,0.0,1.0
2015-09-09,22.96,22.96,22.59,22.59,19.1002,715.0,0.0,1.0
2015-09-10,22.5,22.51,22.5,22.51,19.0326,300.0,0.0,1.0
2015-09-11,22.32,22.3262,22.28,22.3262,18.8772,704.0,0.0,1.0
2015-09-14,22.3262,22.3262,22.3262,22.3262,18.8772,2.0,0.0,1.0
2015-09-15,22.2315,22.2315,22.2315,22.2315,18.7971,100.0,0.0,1.0
2015-09-16,22.2315,22.2315,22.2315,22.2315,18.7971,32.0,0.0,1.0
2015-09-17,22.72,22.7263,22.72,22.7263,19.2155,375.0,0.0,1.0
2015-09-18,22.83,22.83,22.83,22.83,19.3031,135.0,0.0,1.0
2015-09-21,22.83,22.83,22.83,22.83,19.3031,0.0,0.0,1.0
2015-09-22,22.83,22.83,22.83,22.83,19.3031,0.0,0.0,1.0
2015-09-23,22.83,22.83,22.83,22.83,19.3031,50.0,0.0,1.0
2015-09-24,21.72,21.8201,21.71,21.8201,18.7128,500.0,0.3117,1.0
2015-09-25,22.0601,22.0601,22.0601,22.0601,18.9186,120.0,0.0,1.0
2015-09-28,22.0601,22.0601,22.0601,22.0601,18.9186,5.0,0.0,1.0
2015-09-29,22.0601,22.0601,22.0601,22.0601,18.9186,43.0,0.0,1.0
2015-09-30,22.0601,22.0601,22.0601,22.0601,18.9186,20.0,0.0,1.0
2015-10-01,22.0601,22.0601,22.0601,22.0601,18.9186,43.0,0.0,1.0
2015-10-02,22.0601,22.0601,22.0601,22.0601,18.9186,0.0,0.0,1.0
2015-10-05,22.0601,22.0601,22.0601,22.0601,18.9186,0.0,0.0,1.0
2015-10-06,22.0601,22.0601,22.0601,22.0601,18.9186,50.0,0.0,1.0
2015-10-07,22.0601,22.0601,22.0601,22.0601,18.9186,18.0,0.0,1.0
2015-10-08,22.0601,22.0601,22.0601,22.0601,18.9186,70.0,0.0,1.0
2015-10-09,22.0601,22.0601,22.0601,22.0601,18.9186,25.0,0.0,1.0
2015-10-12,22.0601,22.0601,22.0601,22.0601,18.9186,0.0,0.0,1.0
2015-10-13,23.46,23.46,23.46,23.46,20.1192,178.0,0.0,1.0
2015-10-14,23.46,23.46,23.46,23.46,20.1192,0.0,0.0,1.0
2015-10-15,23.46,23.46,23.46,23.46,20.1192,0.0,0.0,1.0
2015-10-16,23.46,23.46,23.46,23.46,20.1192,0.0,0.0,1.0
2015-10-19,23.46,23.46,23.46,23.46,20.1192,4.0,0.0,1.0
2015-10-20,23.46,23.46,23.46,23.46,20.1192,18.0,0.0,1.0
2015-10-21,23.46,23.46,23.46,23.46,20.1192,0.0,0.0,1.0
2015-10-22,23.46,23.46,23.46,23.46,20.1192,0.0,0.0,1.0
2015-10-23,23.46,23.46,23.46,23.46,20.1192,0.0,0.0,1.0
2015-10-26,23.46,23.46,23.46,23.46,20.1192,15.0,0.0,1.0
2015-10-27,23.46,23.46,23.46,23.46,20.1192,0.0,0.0,1.0
2015-10-28,23.1599,23.1599,23.1599,23.1599,19.8618,100.0,0.0,1.0
2015-10-29,23.1599,23.1599,23.1599,23.1599,19.8618,0.0,0.0,1.0
2015-10-30,23.1599,23.1599,23.1599,23.1599,19.8618,16.0,0.0,1.0
2015-11-02,23.1599,23.1599,23.1599,23.1599,19.8618,0.0,0.0,1.0
2015-11-03,23.1599,23.1599,23.1599,23.1599,19.8618,0.0,0.0,1.0
2015-11-04,22.9,22.92,22.88,22.92,19.6561,2500.0,0.0,1.0
2015-11-05,22.786,22.786,22.6437,22.6437,19.4191,2492.0,0.0,1.0
2015-11-06,22.15,22.255,22.15,22.15,18.9957,1186.0,0.0,1.0
2015-11-09,22.16,22.16,22.16,22.16,19.0043,100.0,0.0,1.0
2015-11-10,22.01,22.01,22.01,22.01,18.8757,100.0,0.0,1.0
2015-11-11,22.15,22.15,22.15,22.15,18.9957,100.0,0.0,1.0
2015-11-12,21.89,21.89,21.89,21.89,18.7727,100.0,0.0,1.0
2015-11-13,21.73,21.73,21.66,21.73,18.6355,2327.0,0.0,1.0
2015-11-16,21.83,22.01,21.75,22.01,18.8757,1787.0,0.0,1.0
2015-11-17,22.01,22.01,21.94,21.94,18.8156,1787.0,0.0,1.0
2015-11-18,21.94,21.94,21.94,21.94,18.8156,0.0,0.0,1.0
2015-11-19,22.31,22.31,22.29,22.29,19.1158,200.0,0.0,1.0
2015-11-20,22.29,22.29,22.29,22.29,19.1158,0.0,0.0,1.0
2015-11-23,22.2399,22.24,22.2399,22.2399,19.0728,581.0,0.0,1.0
2015-11-24,21.956,22.1945,21.956,22.1435,18.9901,420.0,0.0,1.0
2015-11-25,22.1435,22.1435,22.1435,22.1435,18.9901,0.0,0.0,1.0
2015-11-27,22.1435,22.1435,22.1435,22.1435,18.9901,0.0,0.0,1.0
2015-11-30,22.1435,22.1435,22.1435,22.1435,18.9901,45.0,0.0,1.0
2015-12-01,22.1435,22.1435,22.1435,22.1435,18.9901,0.0,0.0,1.0
2015-12-02,22.14,22.14,22.14,22.14,18.9871,325.0,0.0,1.0
2015-12-03,22.14,22.14,22.14,22.14,18.9871,0.0,0.0,1.0
2015-12-04,21.75,21.75,21.75,21.75,18.6527,200.0,0.0,1.0
2015-12-07,21.75,21.75,21.75,21.75,18.6527,1.0,0.0,1.0
2015-12-08,21.75,21.75,21.75,21.75,18.6527,4.0,0.0,1.0
2015-12-09,21.75,21.75,21.75,21.75,18.6527,0.0,0.0,1.0
2015-12-10,21.75,21.75,21.75,21.75,18.6527,0.0,0.0,1.0
2015-12-11,21.75,21.75,21.75,21.75,18.6527,0.0,0.0,1.0
2015-12-14,21.75,21.75,21.75,21.75,18.6527,36.0,0.0,1.0
2015-12-15,21.75,21.75,21.75,21.75,18.6527,39.0,0.0,1.0
2015-12-16,21.75,21.75,21.75,21.75,18.6527,0.0,0.0,1.0
2015-12-17,20.9999,20.9999,20.99,20.99,18.0009,200.0,0.0,1.0
2015-12-18,20.99,20.99,20.99,20.99,18.0009,0.0,0.0,1.0
2015-12-21,20.95,20.95,20.908,20.908,17.9306,1559.0,0.0,1.0
2015-12-22,21.04,21.29,21.04,21.29,18.2582,1014.0,0.0,1.0
2015-12-23,21.29,21.29,21.29,21.29,18.2582,0.0,0.0,1.0
2015-12-24,21.29,21.29,21.29,21.29,18.5024,0.0,0.2848,1.0
2015-12-28,21.16,21.267,21.16,21.267,18.4824,660.0,0.0,1.0
2015-12-29,21.5846,21.5846,21.5846,21.5846,18.7585,100.0,0.0,1.0
2015-12-30,21.5846,21.5846,21.5846,21.5846,18.7585,31.0,0.0,1.0
2015-12-31,21.3602,21.41,21.3602,21.41,18.6067,273.0,0.0,1.0
2016-01-04,21.51,21.51,20.8997,20.8997,18.1632,813.0,0.0,1.0
2016-01-05,20.8997,20.8997,20.8997,20.8997,18.1632,0.0,0.0,1.0
2016-01-06,21.0,21.0,21.0,21.0,18.2504,800.0,0.0,1.0
2016-01-07,21.0,21.0,21.0,21.0,18.2504,0.0,0.0,1.0
2016-01-08,20.255,20.255,20.255,20.255,17.6029,200.0,0.0,1.0
2016-01-11,20.255,20.255,20.255,20.255,17.6029,0.0,0.0,1.0
2016-01-12,20.0,20.0,20.0,20.0,17.3813,510.0,0.0,1.0
2016-01-13,20.0,20.0,20.0,20.0,17.3813,0.0,0.0,1.0
2016-01-14,20.0,20.0,20.0,20.0,17.3813,0.0,0.0,1.0
2016-01-15,19.67,19.67,19.67,19.67,17.0945,500.0,0.0,1.0
2016-01-19,19.5419,19.5419,19.5419,19.5419,16.9832,180.0,0.0,1.0
2016-01-20,19.08,19.1178,19.08,19.1178,16.6146,500.0,0.0,1.0
2016-01-21,19.27,19.77,19.27,19.77,17.1814,10185.0,0.0,1.0
2016-01-22,20.39,20.39,20.378,20.378,17.7098,700.0,0.0,1.0
2016-01-25,20.28,20.2999,20.26,20.26,17.6073,1665.0,0.0,1.0
2016-01-26,20.26,20.26,20.26,20.26,17.6073,0.0,0.0,1.0
2016-01-27,20.26,20.26,20.26,20.26,17.6073,0.0,0.0,1.0
2016-01-28,20.26,20.26,20.26,20.26,17.6073,7.0,0.0,1.0
2016-01-29,21.02,21.15,20.97,21.0799,18.3198,33344.0,0.0,1.0
2016-02-01,20.97,21.19,20.74,21.19,18.4155,18735.0,0.0,1.0
2016-02-02,20.2904,20.2904,20.2904,20.2904,17.6337,157.0,0.0,1.0
2016-02-03,20.49,20.67,20.49,20.67,17.9636,1600.0,0.0,1.0
2016-02-04,21.0999,21.0999,21.0999,21.0999,18.3372,348.0,0.0,1.0
2016-02-05,20.72,20.798,20.72,20.76,18.0418,510.0,0.0,1.0
2016-02-08,19.91,19.91,19.57,19.799,17.2066,2386.0,0.0,1.0
2016-02-09,19.395,19.395,18.95,18.95,16.4688,407.0,0.0,1.0
2016-02-10,18.95,18.95,18.95,18.95,16.4688,0.0,0.0,1.0
2016-02-11,18.48,18.48,18.16,18.16,15.7822,492.0,0.0,1.0
2016-02-12,18.71,18.71,18.71,18.71,16.2602,100.0,0.0,1.0
2016-02-16,18.71,18.71,18.71,18.71,16.2602,9.0,0.0,1.0
2016-02-17,20.56,20.56,20.56,20.56,17.868,142.0,0.0,1.0
2016-02-18,20.51,20.51,20.51,20.51,17.8246,205.0,0.0,1.0
2016-02-19,20.37,20.37,20.37,20.37,17.7029,250.0,0.0,1.0
2016-02-22,20.7301,20.7301,20.7301,20.7301,18.0158,100.0,0.0,1.0
2016-02-23,20.4433,20.4433,20.4433,20.4433,17.7666,139.0,0.0,1.0
2016-02-24,20.4139,20.4139,20.4139,20.4139,17.741,134.0,0.0,1.0
2016-02-25,20.4139,20.4139,20.4139,20.4139,17.741,0.0,0.0,1.0
2016-02-26,21.0,21.05,21.0,21.05,18.2939,313.0,0.0,1.0
2016-02-29,21.05,21.05,21.05,21.05,18.2939,0.0,0.0,1.0
2016-03-01,21.05,21.05,21.05,21.05,18.2939,4.0,0.0,1.0
2016-03-02,21.8126,21.8126,21.8126,21.8126,18.9566,250.0,0.0,1.0
2016-03-03,21.8126,21.8126,21.8126,21.8126,18.9566,0.0,0.0,1.0
2016-03-04,22.9,22.92,22.89,22.89,19.8929,2091.0,0.0,1.0
2016-03-07,23.1156,23.2799,23.1156,23.2799,20.2318,300.0,0.0,1.0
2016-03-08,22.62,22.62,22.2,22.2,19.2933,1100.0,0.0,1.0
2016-03-09,22.2101,22.2101,22.21,22.21,19.302,200.0,0.0,1.0
2016-03-10,22.21,22.21,22.21,22.21,19.302,0.0,0.0,1.0
2016-03-11,22.21,22.21,22.21,22.21,19.302,2.0,0.0,1.0
2016-03-14,23.1399,23.1399,23.1399,23.1399,20.1101,200.0,0.0,1.0
2016-03-15,22.96,22.96,22.32,22.32,19.3976,2491.0,0.0,1.0
2016-03-16,22.32,22.32,22.32,22.32,19.3976,8.0,0.0,1.0
2016-03-17,23.5,23.5,23.5,23.5,20.4231,120.0,0.0,1.0
2016-03-18,23.5,23.5,23.5,23.5,20.4231,0.0,0.0,1.0
2016-03-21,23.5,23.5,23.5,23.5,20.4231,0.0,0.0,1.0
2016-03-22,23.5,23.5,23.5,23.5,20.4231,0.0,0.0,1.0
2016-03-23,23.32,23.32,23.32,23.32,20.2666,55.0,0.0,1.0
2016-03-24,22.29,22.52,22.29,22.52,19.7256,771.0,0.1774,1.0
2016-03-28,22.52,22.52,22.52,22.52,19.7256,0.0,0.0,1.0
2016-03-29,22.52,22.52,22.52,22.52,19.7256,67.0,0.0,1.0
2016-03-30,22.52,22.52,22.52,22.52,19.7256,13.0,0.0,1.0
2016-03-31,22.52,22.52,22.52,22.52,19.7256,0.0,0.0,1.0
2016-04-01,22.75,22.75,22.53,22.53,19.7343,211.0,0.0,1.0
2016-04-04,22.53,22.53,22.53,22.53,19.7343,1.0,0.0,1.0
2016-04-05,22.53,22.53,22.53,22.53,19.7343,0.0,0.0,1.0
2016-04-06,22.53,22.53,22.53,22.53,19.7343,67.0,0.0,1.0
2016-04-07,22.53,22.53,22.53,22.53,19.7343,0.0,0.0,1.0
2016-04-08,22.53,22.53,22.53,22.53,19.7343,19.0,0.0,1.0
2016-04-11,22.53,22.53,22.53,22.53,19.7343,0.0,0.0,1.0
2016-04-12,22.53,22.53,22.53,22.53,19.7343,0.0,0.0,1.0
2016-04-13,23.932,23.932,23.932,23.932,20.9623,100.0,0.0,1.0
2016-04-14,23.932,23.932,23.932,23.932,20.9623,0.0,0.0,1.0
2016-04-15,23.932,23.932,23.932,23.932,20.9623,0.0,0.0,1.0
2016-04-18,23.8,23.8,23.8,23.8,20.8467,150.0,0.0,1.0
2016-04-19,23.8,23.8,23.8,23.8,20.8467,0.0,0.0,1.0
2016-04-20,23.8,23.8,23.8,23.8,20.8467,20.0,0.0,1.0
2016-04-21,25.06,25.06,24.75,24.8299,21.7488,17900.0,0.0,1.0
2016-04-22,25.05,25.0623,25.04,25.0623,21.9524,1171.0,0.0,1.0
2016-04-25,25.0623,25.0623,25.0623,25.0623,21.9524,25.0,0.0,1.0
2016-04-26,25.0623,25.0623,25.0623,25.0623,21.9524,0.0,0.0,1.0
2016-04-27,25.45,25.45,25.1,25.18,22.0555,2592.0,0.0,1.0
2016-04-28,25.18,25.18,25.18,25.18,22.0555,0.0,0.0,1.0
2016-04-29,24.83,24.89,24.8,24.86,21.7752,2401.0,0.0,1.0
2016-05-02,24.97,25.03,24.79,24.9,21.8102,23500.0,0.0,1.0
2016-05-03,24.46,24.55,24.08,24.08,21.092,10965.0,0.0,1.0
2016-05-04,24.386,24.386,24.386,24.386,21.36,232.0,0.0,1.0
2016-05-05,25.0,25.0,25.0,25.0,21.8978,202.0,0.0,1.0
2016-05-06,24.624,24.624,24.624,24.624,21.5685,608.0,0.0,1.0
2016-05-09,24.5,24.75,24.15,24.16,21.162,857.0,0.0,1.0
2016-05-10,24.26,24.55,24.2501,24.47,21.4336,4914.0,0.0,1.0
2016-05-11,24.87,24.96,24.84,24.95,21.854,2220.0,0.0,1.0
2016-05-12,25.01,25.06,25.01,25.06,21.9504,650.0,0.0,1.0
2016-05-13,24.82,24.832,24.68,24.73,21.6613,2540.0,0.0,1.0
2016-05-16,24.834,24.834,24.834,24.834,21.7524,243.0,0.0,1.0
2016-05-17,25.1,25.29,25.1,25.13,22.0117,2342.0,0.0,1.0
2016-05-18,24.6072,24.6072,24.6072,24.6072,21.5538,1272.0,0.0,1.0
2016-05-19,24.66,24.66,24.6599,24.6599,21.5999,512.0,0.0,1.0
2016-05-20,24.84,24.915,24.78,24.915,21.8234,1349.0,0.0,1.0
2016-05-23,24.76,24.76,24.76,24.76,21.6876,200.0,0.0,1.0
2016-05-24,24.63,24.63,24.63,24.63,21.5737,183.0,0.0,1.0
2016-05-25,25.308000000000003,25.31900000000001,25.308000000000003,25.31900000000001,22.1772,1402.0,0.0,1.0
2016-05-26,25.44,25.44,25.2,25.2,22.073,724.0,0.0,1.0
2016-05-27,25.25,25.25,25.23,25.2395,22.1076,310.0,0.0,1.0
2016-05-31,25.33,25.51,25.2095,25.28,22.1431,1135.0,0.0,1.0
2016-06-01,25.012,25.07,25.012,25.07,21.9591,731.0,0.0,1.0
2016-06-02,25.13,25.37,25.13,25.37,22.2219,1027.0,0.0,1.0
2016-06-03,25.49,25.62,25.49,25.62,22.4409,876.0,0.0,1.0
2016-06-06,25.9968,25.9968,25.9968,25.9968,22.7709,109.0,0.0,1.0
2016-06-07,26.2624,26.2624,26.2624,26.2624,23.0036,167.0,0.0,1.0
2016-06-08,26.2624,26.2624,26.2624,26.2624,23.0036,79.0,0.0,1.0
2016-06-09,26.2,26.4,26.2,26.29,23.0277,1097.0,0.0,1.0
2016-06-10,25.589,25.589,25.45,25.45,22.292,236.0,0.0,1.0
2016-06-13,25.45,25.45,25.45,25.45,22.292,355.0,0.0,1.0
2016-06-14,25.0,25.0,25.0,25.0,21.8978,487.0,0.0,1.0
2016-06-15,25.0,25.0,25.0,25.0,21.8978,0.0,0.0,1.0
2016-06-16,25.0,25.0,24.8101,24.959,21.8619,534.0,0.0,1.0
2016-06-17,25.3799,25.38,25.3193,25.38,22.2307,1243.0,0.0,1.0
2016-06-20,25.8919,25.8919,25.8919,25.8919,22.679,400.0,0.0,1.0
2016-06-21,25.6288,25.6288,25.6288,25.6288,22.4486,100.0,0.0,1.0
2016-06-22,25.82,25.82,25.82,25.82,22.6161,116.0,0.0,1.0
2016-06-23,26.06,26.17,25.8701,26.1,22.8613,1936.0,0.0,1.0
2016-06-24,24.63,24.8165,24.54,24.54,21.9308,2621.0,0.4977,1.0
2016-06-27,23.68,23.68,23.68,23.68,21.1623,150.0,0.0,1.0
2016-06-28,24.1,24.1,24.1,24.1,21.5376,101.0,0.0,1.0
2016-06-29,24.1,24.1,24.1,24.1,21.5376,38.0,0.0,1.0
2016-06-30,25.16,25.401,25.16,25.36,22.6637,601.0,0.0,1.0
2016-07-01,25.36,25.36,25.36,25.36,22.6637,53.0,0.0,1.0
2016-07-05,25.99,25.99,25.22,25.38,22.6815,1809.0,0.0,1.0
2016-07-06,25.11,25.32,25.1056,25.28,22.5922,3645.0,0.0,1.0
2016-07-07,25.28,25.28,25.28,25.28,22.5922,0.0,0.0,1.0
2016-07-08,25.28,25.28,25.28,25.28,22.5922,16.0,0.0,1.0
2016-07-11,25.69,25.69,25.69,25.69,22.9586,101.0,0.0,1.0
2016-07-12,25.69,25.69,25.69,25.69,22.9586,23.0,0.0,1.0
2016-07-13,26.04,26.04,26.04,26.04,23.2714,180.0,0.0,1.0
2016-07-14,26.0,26.2599,26.0,26.24,23.4501,2597.0,0.0,1.0
2016-07-15,26.37,26.37,26.3208,26.3208,23.5223,885.0,0.0,1.0
2016-07-18,26.2,26.2,26.2,26.2,23.4143,231.0,0.0,1.0
2016-07-19,26.0681,26.0681,26.0199,26.0199,23.2534,409.0,0.0,1.0
2016-07-20,26.0199,26.0199,26.0199,26.0199,23.2534,7.0,0.0,1.0
2016-07-21,26.3632,26.3632,26.1,26.1,23.325,4170.0,0.0,1.0
2016-07-22,25.988000000000003,26.06,25.988000000000003,26.05,23.2803,3329.0,0.0,1.0
2016-07-25,26.2,26.2,25.9,25.9,23.1462,2064.0,0.0,1.0
2016-07-26,26.1,26.1,25.95,25.9638,23.2033,818.0,0.0,1.0
2016-07-27,26.13,26.13,25.6599,25.6599,22.9317,2330.0,0.0,1.0
2016-07-28,25.7707,25.7707,25.7199,25.7199,22.9853,1892.0,0.0,1.0
2016-07-29,25.57,25.97,25.56,25.97,23.2088,1140.0,0.0,1.0
2016-08-01,26.49,26.49,25.6941,25.7699,23.03,2154.0,0.0,1.0
2016-08-02,25.7699,25.7699,25.7699,25.7699,23.03,0.0,0.0,1.0
2016-08-03,25.7699,25.7699,25.7699,25.7699,23.03,13.0,0.0,1.0
2016-08-04,26.2474,26.3085,26.22,26.27,23.4769,1406.0,0.0,1.0
2016-08-05,26.0399,26.31,26.0399,26.29,23.4948,5131.0,0.0,1.0
2016-08-08,26.48,26.48,26.4117,26.46,23.6467,1298.0,0.0,1.0
2016-08-09,26.5135,26.5135,26.494,26.494,23.6771,1179.0,0.0,1.0
2016-08-10,26.45,26.45,26.32,26.32,23.5216,2864.0,0.0,1.0
2016-08-11,26.66,26.72,26.58,26.72,23.8791,6603.0,0.0,1.0
2016-08-12,27.3,27.3,26.82,26.91,24.0489,5939.0,0.0,1.0
2016-08-15,26.91,27.0499,26.91,27.00800000000001,24.1364,2360.0,0.0,1.0
2016-08-16,27.0,27.0,26.8875,26.8972,24.0374,1177.0,0.0,1.0
2016-08-17,26.8,26.8,26.7792,26.7792,23.932,1402.0,0.0,1.0
2016-08-18,27.04,27.39,26.935,27.1201,24.2366,21198.0,0.0,1.0
2016-08-19,26.96,27.02,26.9259,26.9259,24.0631,1417.0,0.0,1.0
2016-08-22,27.14,27.14,26.815,26.95,24.0846,23160.0,0.0,1.0
2016-08-23,27.23,27.3,27.18,27.2,24.308000000000003,1710.0,0.0,1.0
2016-08-24,27.2,27.2,26.74,26.74,23.8969,19699.0,0.0,1.0
2016-08-25,26.8,26.8,26.59,26.6099,23.7807,20053.0,0.0,1.0
2016-08-26,26.9499,26.9499,26.5,26.5,23.6824,1115.0,0.0,1.0
2016-08-29,26.5,26.5504,26.4836,26.4836,23.6678,775.0,0.0,1.0
2016-08-30,26.76,26.78,26.55,26.55,23.7271,9464.0,0.0,1.0
2016-08-31,26.55,26.6599,26.4299,26.48,23.6646,11836.0,0.0,1.0
2016-09-01,26.4699,26.48,26.28,26.37,23.5663,4979.0,0.0,1.0
2016-09-02,26.7941,26.8222,26.79,26.8222,23.9704,604.0,0.0,1.0
2016-09-06,27.15,27.325,27.068,27.306,24.4027,3789.0,0.0,1.0
2016-09-07,27.25,27.488000000000003,27.25,27.41800000000001,24.5028,4833.0,0.0,1.0
2016-09-08,27.87,27.87,27.59,27.73,24.7817,5135.0,0.0,1.0
2016-09-09,27.478,27.478,27.01,27.0816,24.2022,3582.0,0.0,1.0
2016-09-12,27.13,27.13,26.749,27.04,24.165,9189.0,0.0,1.0
2016-09-13,26.74,26.74,26.2,26.2875,23.4925,2690.0,0.0,1.0
2016-09-14,26.24,26.32,26.17,26.21,23.4233,5271.0,0.0,1.0
2016-09-15,26.424,26.424,26.35,26.35,23.5484,703.0,0.0,1.0
2016-09-16,26.33,26.33,26.31,26.31,23.5126,602.0,0.0,1.0
2016-09-19,26.58,26.742,26.54,26.55,23.7271,1272.0,0.0,1.0
2016-09-20,26.6135,26.6527,26.46,26.46,23.6467,1773.0,0.0,1.0
2016-09-21,26.45,26.6698,26.45,26.52,23.7003,5452.0,0.0,1.0
2016-09-22,26.9992,26.9992,26.845,26.9234,24.0608,956.0,0.0,1.0
2016-09-23,26.46,26.507,26.46,26.507,23.6887,655.0,0.0,1.0
2016-09-26,26.1645,26.1645,25.9759,25.9759,23.4781,935.0,0.2954,1.0
2016-09-27,26.0,26.0,25.8975,25.8975,23.4072,697.0,0.0,1.0
2016-09-28,25.89,26.3396,25.89,26.3396,23.8068,2582.0,0.0,1.0
2016-09-29,26.4652,26.4652,26.33,26.33,23.7981,2925.0,0.0,1.0
2016-09-30,26.39,26.61,26.39,26.6032,24.045,5310.0,0.0,1.0
2016-10-03,27.0,27.0,26.57,26.57,24.015,2591.0,0.0,1.0
2016-10-04,26.07,26.21,26.07,26.21,23.6896,2916.0,0.0,1.0
2016-10-05,26.21,26.4961,26.21,26.48,23.9337,2105.0,0.0,1.0
2016-10-06,26.4766,26.4766,26.4766,26.4766,23.9306,217.0,0.0,1.0
2016-10-07,26.42,26.42,26.24,26.24,23.7168,2504.0,0.0,1.0
2016-10-10,26.25,26.395,26.24,26.395,23.8569,1790.0,0.0,1.0
2016-10-11,26.4,26.4,25.8,25.8,23.3191,3393.0,0.0,1.0
2016-10-12,26.32,26.32,25.8,25.85,23.3643,2303.0,0.0,1.0
2016-10-13,26.0969,26.0969,26.0054,26.0054,23.5047,560.0,0.0,1.0
2016-10-14,26.0972,26.1076,26.0972,26.1076,23.5971,530.0,0.0,1.0
2016-10-17,26.36,26.36,25.8264,25.84,23.3552,5790.0,0.0,1.0
2016-10-18,26.3309,26.3674,26.01,26.3674,23.8319,2013.0,0.0,1.0
2016-10-19,26.5566,26.6999,26.54,26.69,24.1235,3612.0,0.0,1.0
2016-10-20,26.78,26.78,26.3,26.4091,23.8696,4088.0,0.0,1.0
2016-10-21,26.25,26.381,26.2408,26.381,23.8442,3140.0,0.0,1.0
2016-10-24,26.35,26.35,26.0972,26.0972,23.5877,1456.0,0.0,1.0
2016-10-25,26.1574,26.1578,25.88,25.88,23.3914,2420.0,0.0,1.0
2016-10-26,25.8802,25.8802,25.7004,25.7436,23.2681,1108.0,0.0,1.0
2016-10-27,25.762,25.762,25.5712,25.66,23.1925,3584.0,0.0,1.0
2016-10-28,25.77,25.77,25.2453,25.2453,22.8177,4278.0,0.0,1.0
2016-10-31,25.2,25.2077,25.1451,25.2077,22.7837,2087.0,0.0,1.0
2016-11-01,25.033,25.033,25.033,25.033,22.6258,332.0,0.0,1.0
2016-11-02,24.92,24.93,24.56,24.56,22.1983,4645.0,0.0,1.0
2016-11-03,24.7,24.7299,24.6347,24.7299,22.3519,925.0,0.0,1.0
2016-11-04,24.49,24.57,24.49,24.49,22.135,1310.0,0.0,1.0
2016-11-07,24.8,24.9548,24.8,24.94,22.5418,6125.0,0.0,1.0
2016-11-08,24.92,25.165,24.92,25.046,22.6376,3533.0,0.0,1.0
2016-11-09,24.66,25.49,24.66,25.29,22.8581,49133.0,0.0,1.0
2016-11-10,25.69,25.69,25.1,25.14,22.7225,60263.0,0.0,1.0
2016-11-11,25.25,25.25,24.3458,24.67,22.2977,54779.0,0.0,1.0
2016-11-14,24.67,24.67,24.41,24.6183,22.251,62214.0,0.0,1.0
2016-11-15,24.9,25.0,24.64,24.97,22.5689,100599.0,0.0,1.0
2016-11-16,24.89,25.18,24.75,25.01,22.605,39129.0,0.0,1.0
2016-11-17,25.15,25.15,24.6,24.82,22.4333,33755.0,0.0,1.0
2016-11-18,24.95,25.13,24.78,24.93,22.5327,90474.0,0.0,1.0
2016-11-21,25.14,25.37,25.1,25.3,22.8672,70877.0,0.0,1.0
2016-11-22,25.47,25.62,25.2917,25.44,22.9937,37144.0,0.0,1.0
2016-11-23,25.45,25.4848,25.15,25.24,22.8129,21568.0,0.0,1.0
2016-11-25,25.5,25.66,25.18,25.39,22.9485,27478.0,0.0,1.0
2016-11-28,25.4,25.5496,25.1,25.1,22.6864,24260.0,0.0,1.0
2016-11-29,25.1,25.1,24.75,25.01,22.605,22229.0,0.0,1.0
2016-11-30,25.31,25.6189,25.31,25.5,23.0479,66486.0,0.0,1.0
2016-12-01,25.62,25.638,25.149,25.255,22.8265,34057.0,0.0,1.0
2016-12-02,25.35,25.4159,25.1111,25.38,22.9395,19589.0,0.0,1.0
2016-12-05,25.43,25.78,25.43,25.7288,23.2547,16762.0,0.0,1.0
2016-12-06,26.27,26.27,25.61,25.89,23.4004,16612.0,0.0,1.0
2016-12-07,26.02,26.13,25.7657,26.1065,23.5961,32161.0,0.0,1.0
2016-12-08,26.2,26.24,25.81,26.18,23.6625,46578.0,0.0,1.0
2016-12-09,26.66,26.66,26.05,26.1841,23.6662,21106.0,0.0,1.0
2016-12-12,26.5,26.5,26.0,26.0,23.4998,22326.0,0.0,1.0
2016-12-13,26.27,26.49,26.126,26.31,23.78,80359.0,0.0,1.0
2016-12-14,26.35,26.35,25.8,25.8,23.3191,20732.0,0.0,1.0
2016-12-15,25.74,25.836,25.4,25.63,23.1654,41989.0,0.0,1.0
2016-12-16,25.88,26.06,25.85,25.94,23.4456,17623.0,0.0,1.0
2016-12-19,26.45,26.45,25.53,25.53,23.075,16525.0,0.0,1.0
2016-12-20,25.8,26.1099,25.8,25.95,23.4546,25238.0,0.0,1.0
2016-12-21,26.38,26.38,25.97,26.08,23.5721,14376.0,0.0,1.0
2016-12-22,26.0,26.1599,25.9518,25.961,23.4646,6721.0,0.0,1.0
2016-12-23,25.8546,25.942,25.8546,25.942,23.4566,6267.0,0.0102,1.0
2016-12-27,26.1,26.1,25.8978,26.01,23.5181,12254.0,0.0,1.0
2016-12-28,26.16,26.16,25.8287,25.89,23.4096,16063.0,0.0,1.0
2016-12-29,25.99,26.0999,25.99,26.042,23.5471,15145.0,0.0,1.0
2016-12-30,26.25,26.25,26.01,26.01,23.5181,15209.0,0.0,1.0
2017-01-03,26.18,26.4,26.161,26.277,23.7595,21018.0,0.0,1.0
2017-01-04,26.33,26.57,26.33,26.57,24.0245,36641.0,0.0,1.0
2017-01-05,26.7,26.7,26.57,26.6383,24.0862,16990.0,0.0,1.0
2017-01-06,26.58,26.62,26.45,26.545,24.0019,15255.0,0.0,1.0
2017-01-09,26.52,26.64,26.5,26.5,23.9612,28532.0,0.0,1.0
2017-01-10,26.28,26.28,25.93,25.9501,23.464,10744.0,0.0,1.0
2017-01-11,25.86,26.329,25.86,26.28,23.7623,5668.0,0.0,1.0
2017-01-12,26.39,26.4501,26.3096,26.35,23.8255,13426.0,0.0,1.0
2017-01-13,26.46,26.47,26.3836,26.41,23.8798,17476.0,0.0,1.0
2017-01-17,26.45,26.95,26.45,26.6,24.0516,16992.0,0.0,1.0
2017-01-18,26.7,26.72,26.401,26.61,24.0606,16314.0,0.0,1.0
2017-01-19,26.75,26.8,26.6,26.7025,24.1443,17662.0,0.0,1.0
2017-01-20,26.87,26.87,26.75,26.8,24.2324,18603.0,0.0,1.0
2017-01-23,26.87,26.87,26.5,26.7,24.142,9785.0,0.0,1.0
2017-01-24,26.59,27.05,26.59,27.02,24.4314,31131.0,0.0,1.0
2017-01-25,27.2,27.59,26.9316,27.18,24.576,29531.0,0.0,1.0
2017-01-26,27.33,27.3928,27.03,27.1,24.5037,33676.0,0.0,1.0
2017-01-27,26.97,26.97,26.75,26.8302,24.2597,15022.0,0.0,1.0
2017-01-30,26.84,26.84,26.541,26.61,24.0606,12373.0,0.0,1.0
2017-01-31,26.6,26.83,26.54,26.83,24.2596,14630.0,0.0,1.0
2017-02-01,26.7598,26.7844,26.56,26.62,24.0697,14914.0,0.0,1.0
2017-02-02,26.86,26.8799,26.7472,26.805,24.237,7885.0,0.0,1.0
2017-02-03,26.94,27.18,26.94,27.15,24.5489,18379.0,0.0,1.0
2017-02-06,27.1,27.1037,26.84,26.9319,24.3517,14923.0,0.0,1.0
2017-02-07,26.8547,26.8672,26.55,26.6309,24.0795,6616.0,0.0,1.0
2017-02-08,26.74,26.7999,26.6009,26.7066,24.148000000000003,2852.0,0.0,1.0
2017-02-09,26.91,27.083,26.8879,27.06,24.4675,13186.0,0.0,1.0
2017-02-10,27.09,27.28,27.09,27.26,24.6484,9387.0,0.0,1.0
2017-02-13,27.41,27.463,27.3727,27.4,24.775,15838.0,0.0,1.0
2017-02-14,27.5,27.5,27.2899,27.48,24.8473,9726.0,0.0,1.0
2017-02-15,27.35,27.46,27.35,27.455,24.8247,8531.0,0.0,1.0
2017-02-16,27.36,27.4,27.349,27.3496,24.7294,6833.0,0.0,1.0
2017-02-17,27.25,27.3,27.18,27.2337,24.6246,4484.0,0.0,1.0
2017-02-21,27.16,27.4,27.1514,27.36,24.7388,13707.0,0.0,1.0
2017-02-22,27.2,27.39,27.2,27.39,24.7659,14558.0,0.0,1.0
2017-02-23,27.5,27.5,27.2639,27.2784,24.665,10649.0,0.0,1.0
2017-02-24,27.12,27.12,27.0,27.02,24.4314,12466.0,0.0,1.0
2017-02-27,27.11,27.13,27.028,27.09,24.4947,14660.0,0.0,1.0
2017-02-28,27.06,27.178,27.0,27.08,24.4856,4732.0,0.0,1.0
2017-03-01,27.24,27.339,27.1624,27.3,24.6845,29098.0,0.0,1.0
2017-03-02,27.19,27.21,27.15,27.16,24.5579,8323.0,0.0,1.0
2017-03-03,27.25,27.31,27.11,27.31,24.6936,10292.0,0.0,1.0
2017-03-06,27.39,27.39,27.101,27.3,24.6845,8775.0,0.0,1.0
2017-03-07,27.32,27.32,27.1243,27.18,24.576,10488.0,0.0,1.0
2017-03-08,27.1,27.11,26.831,26.8376,24.2664,13110.0,0.0,1.0
2017-03-09,26.92,26.9216,26.7101,26.8663,24.2924,16058.0,0.0,1.0
2017-03-10,27.0099,27.0099,26.8697,27.0,24.4133,9270.0,0.0,1.0
2017-03-13,27.09,27.13,27.0481,27.0892,24.4939,3717.0,0.0,1.0
2017-03-14,27.0,27.0,26.8375,26.875,24.3003,4867.0,0.0,1.0
2017-03-15,27.11,27.34,26.97,27.34,24.7207,4022.0,0.0,1.0
2017-03-16,27.23,27.485,27.23,27.485,24.8518,5868.0,0.0,1.0
2017-03-17,27.57,27.6,27.4865,27.56,24.9196,16401.0,0.0,1.0
2017-03-20,27.88,27.88,27.526,27.65,25.001,22267.0,0.0,1.0
2017-03-21,27.81,27.84,27.3595,27.4753,24.843000000000004,9183.0,0.0,1.0
2017-03-22,27.32,27.3874,27.23,27.3295,24.7112,13625.0,0.0,1.0
2017-03-23,27.29,27.432,27.2501,27.37,24.7478,6831.0,0.0,1.0
2017-03-24,27.23,27.44,27.23,27.33,24.7117,7593.0,0.0,1.0
2017-03-27,27.7,27.7,27.0,27.17,24.7539,31203.0,0.2067,1.0
2017-03-28,27.2,27.369,27.2,27.3152,24.8862,3696.0,0.0,1.0
2017-03-29,27.27,27.4658,27.27,27.4658,25.0234,1902.0,0.0,1.0
2017-03-30,27.58,27.58,27.3641,27.48,25.0363,8503.0,0.0,1.0
2017-03-31,27.48,27.573,27.47,27.54,25.091,9136.0,0.0,1.0
2017-04-03,27.59,27.61,27.38,27.48,25.0363,32093.0,0.0,1.0
2017-04-04,27.46,27.7365,27.4479,27.546,25.0965,2902.0,0.0,1.0
2017-04-05,27.65,27.68,27.42,27.42,24.9817,7916.0,0.0,1.0
2017-04-06,27.59,27.645,27.4925,27.5,25.0545,4523.0,0.0,1.0
2017-04-07,27.5,27.623,27.411,27.5058,25.0598,5534.0,0.0,1.0
2017-04-10,27.5,27.8128,27.411,27.76,25.2914,6285.0,0.0,1.0
2017-04-11,27.84,27.84,27.6679,27.75,25.2823,2182.0,0.0,1.0
2017-04-12,27.82,27.8312,27.715,27.83,25.3552,15231.0,0.0,1.0
2017-04-13,27.7,27.7532,27.5401,27.58,25.1274,5762.0,0.0,1.0
2017-04-17,27.5,27.78,27.5,27.78,25.3096,10277.0,0.0,1.0
2017-04-18,27.71,27.71,27.4841,27.6216,25.1653,5911.0,0.0,1.0
2017-04-19,27.55,27.55,27.12,27.13,24.7174,5794.0,0.0,1.0
2017-04-20,27.41,27.425,27.32,27.36,24.927,3985.0,0.0,1.0
2017-04-21,27.4,27.5,27.21,27.4,24.9634,25228.0,0.0,1.0
2017-04-24,27.76,27.95,27.6,27.8652,25.3873,8950.0,0.0,1.0
2017-04-25,27.76,27.89,27.71,27.8526,25.3758,4793.0,0.0,1.0
2017-04-26,27.84,27.91,27.64,27.8002,25.32800000000001,6101.0,0.0,1.0
2017-04-27,27.77,27.77,27.6101,27.6991,25.2359,4393.0,0.0,1.0
2017-04-28,27.62,27.824,27.5601,27.731,25.265,7019.0,0.0,1.0
2017-05-01,27.88,27.899,27.7564,27.85,25.3734,6043.0,0.0,1.0
2017-05-02,28.11,28.11,28.04,28.1,25.6012,5152.0,0.0,1.0
2017-05-03,27.9973,27.999,27.8412,27.9056,25.4241,5054.0,0.0,1.0
2017-05-04,28.0,28.0,27.647,27.7681,25.2988,5529.0,0.0,1.0
2017-05-05,27.81,27.945,27.8001,27.94,25.4554,2528.0,0.0,1.0
2017-05-08,27.86,27.94,27.7898,27.8724,25.3938,4704.0,0.0,1.0
2017-05-09,27.94,28.14,27.8401,27.9875,25.4987,7755.0,0.0,1.0
2017-05-10,28.0103,28.1544,27.9223,28.1544,25.6507,3222.0,0.0,1.0
2017-05-11,28.0,28.089,27.98,28.01,25.5192,6956.0,0.0,1.0
2017-05-12,27.97,28.24,27.95,28.24,25.7287,5222.0,0.0,1.0
2017-05-15,28.04,28.46,28.04,28.458,25.9274,3273.0,0.0,1.0
2017-05-16,28.6008,28.625,28.4601,28.53,25.9929,5109.0,0.0,1.0
2017-05-17,28.33,28.51,27.97,27.97,25.4827,42914.0,0.0,1.0
2017-05-18,27.91,28.21,27.82,28.21,25.7014,19145.0,0.0,1.0
2017-05-19,28.36,28.6558,28.31,28.6558,26.1076,10484.0,0.0,1.0
2017-05-22,28.74,28.8799,28.71,28.8799,26.3117,4411.0,0.0,1.0
2017-05-23,28.96,28.96,28.67,28.68,26.1296,9658.0,0.0,1.0
2017-05-24,28.62,28.64,28.5106,28.64,26.0932,5085.0,0.0,1.0
2017-05-25,28.55,28.5929,28.4076,28.4641,25.9329,1555.0,0.0,1.0
2017-05-26,28.33,28.34,28.1771,28.1771,25.6714,14777.0,0.0,1.0
2017-05-30,28.33,28.33,28.16,28.21,25.7014,13089.0,0.0,1.0
2017-05-31,28.21,28.29,28.21,28.2485,25.7365,9003.0,0.0,1.0
2017-06-01,28.4062,28.61,28.4062,28.61,26.0658,5315.0,0.0,1.0
2017-06-02,28.5,28.5,28.4,28.5,25.9656,10912.0,0.0,1.0
2017-06-05,28.37,28.3775,28.28,28.34,25.8198,7482.0,0.0,1.0
2017-06-06,28.39,28.41,28.3156,28.38,25.8563,11074.0,0.0,1.0
2017-06-07,28.49,28.8638,28.35,28.35,25.829,4898.0,0.0,1.0
2017-06-08,28.392,28.4874,28.341,28.4874,25.9541,2599.0,0.0,1.0
2017-06-09,28.34,28.519,28.34,28.3799,25.8562,2586.0,0.0,1.0
2017-06-12,28.32,28.334,28.3008,28.323,25.8044,4831.0,0.0,1.0
2017-06-13,28.519,28.519,28.44,28.4628,25.9317,3500.0,0.0,1.0
2017-06-14,28.4996,28.4996,28.2901,28.31,25.7925,2410.0,0.0,1.0
2017-06-15,28.15,28.1651,28.13,28.14,25.6376,3171.0,0.0,1.0
2017-06-16,28.1805,28.44,28.1805,28.44,25.911,51646.0,0.0,1.0
2017-06-19,28.39,28.56,28.35,28.4366,25.9079,5227.0,0.0,1.0
2017-06-20,28.2,28.2,28.0185,28.0804,25.5833,6589.0,0.0,1.0
2017-06-21,28.0842,28.29,28.02,28.14,25.6376,7566.0,0.0,1.0
2017-06-22,28.309,28.309,28.2424,28.2424,25.7309,1353.0,0.0,1.0
2017-06-23,28.1,28.53,28.1,28.53,25.9929,12336.0,0.0,1.0
2017-06-26,28.01,28.045,27.7715,27.82,25.8937,5803.0,0.6011,1.0
2017-06-27,27.65,27.964,27.6001,27.75,25.8286,6014.0,0.0,1.0
2017-06-28,27.87,28.1,27.8,28.1,26.1543,6542.0,0.0,1.0
2017-06-29,28.13,28.13,27.7,27.9,25.9682,7440.0,0.0,1.0
2017-06-30,27.92,27.98,27.8332,27.98,26.0427,3254.0,0.0,1.0
2017-07-03,27.9722,28.03,27.894,28.0283,26.0876,1352.0,0.0,1.0
2017-07-05,27.87,27.87,27.55,27.6812,25.7645,10171.0,0.0,1.0
2017-07-06,27.66,27.66,27.53,27.6,25.689,2418.0,0.0,1.0
2017-07-07,27.74,27.76,27.4,27.65,25.7355,7347.0,0.0,1.0
2017-07-10,27.63,27.7593,27.63,27.7593,25.8372,2492.0,0.0,1.0
2017-07-11,27.59,27.77,27.435,27.76,25.8379,22541.0,0.0,1.0
2017-07-12,27.925,28.09,27.925,28.06,26.1171,5814.0,0.0,1.0
2017-07-13,28.0,28.1345,28.0,28.1345,26.1865,6673.0,0.0,1.0
2017-07-14,28.19,28.41,28.19,28.41,26.4429,6183.0,0.0,1.0
2017-07-17,28.21,28.36,28.21,28.3,26.3405,2527.0,0.0,1.0
2017-07-18,28.3,28.3054,28.2577,28.2935,26.3344,5758.0,0.0,1.0
2017-07-19,28.4399,28.44,28.3974,28.44,26.4708,595.0,0.0,1.0
2017-07-20,28.55,28.5714,28.476,28.55,26.5732,4338.0,0.0,1.0
2017-07-21,28.52,28.6,28.3254,28.4864,26.514,4747.0,0.0,1.0
2017-07-24,28.5,28.5,28.3729,28.4587,26.4882,3579.0,0.0,1.0
2017-07-25,28.6,28.6072,28.4501,28.488000000000003,26.5155,3256.0,0.0,1.0
2017-07-26,28.46,28.54,28.46,28.5,26.5266,8943.0,0.0,1.0
2017-07-27,28.59,28.59,28.3801,28.5115,26.5374,5813.0,0.0,1.0
2017-07-28,28.49,28.5783,28.405,28.5783,26.5995,3881.0,0.0,1.0
2017-07-31,28.57,28.7114,28.57,28.6,26.6197,3286.0,0.0,1.0
2017-08-01,28.8047,28.8047,28.6624,28.6624,26.6778,4257.0,0.0,1.0
2017-08-02,28.6,28.6472,28.6,28.6,26.6197,4731.0,0.0,1.0
2017-08-03,28.48,28.6184,28.4119,28.5,26.5266,6074.0,0.0,1.0
2017-08-04,28.59,28.59,28.51,28.58,26.6011,6454.0,0.0,1.0
2017-08-07,28.44,28.565,28.44,28.49,26.5173,11773.0,0.0,1.0
2017-08-08,28.42,28.504,28.16,28.3675,26.4033,6113.0,0.0,1.0
2017-08-09,28.3399,28.3399,28.01,28.1281,26.1805,10536.0,0.0,1.0
2017-08-10,28.01,28.23,27.8601,27.9112,25.9786,13837.0,0.0,1.0
2017-08-11,27.89,28.0,27.7,27.731,25.8109,12546.0,0.0,1.0
2017-08-14,27.96,28.17,27.92,28.1381,26.1898,3668.0,0.0,1.0
2017-08-15,28.1,28.1,27.841,27.9481,26.013,2503.0,0.0,1.0
2017-08-16,27.9,28.0942,27.86,27.98,26.0427,5743.0,0.0,1.0
2017-08-17,27.91,28.0622,27.83,27.8865,25.9556,4467.0,0.0,1.0
2017-08-18,27.81,27.9975,27.79,27.9975,26.0589,5215.0,0.0,1.0
2017-08-21,28.0,28.0,27.77,27.88,25.9496,6258.0,0.0,1.0
2017-08-22,27.85,28.1,27.85,28.1,26.1543,4753.0,0.0,1.0
2017-08-23,28.15,28.22,27.93,28.22,26.266,11608.0,0.0,1.0
2017-08-24,28.24,28.2872,28.151,28.151,26.2018,5010.0,0.0,1.0
2017-08-25,28.16,28.36,28.16,28.36,26.3963,11041.0,0.0,1.0
2017-08-28,28.41,28.41,28.185,28.31,26.3498,4125.0,0.0,1.0
2017-08-29,28.19,28.3216,28.1514,28.3216,26.3606,2729.0,0.0,1.0
2017-08-30,28.15,28.2032,27.9601,28.0418,26.1002,9995.0,0.0,1.0
2017-08-31,28.2,28.4471,28.185,28.3501,26.3871,4474.0,0.0,1.0
2017-09-01,28.53,28.649,28.458,28.5862,26.6069,9613.0,0.0,1.0
2017-09-05,28.52,28.5438,28.3027,28.4159,26.4484,3682.0,0.0,1.0
2017-09-06,28.63,29.0,28.63,28.92,26.9176,21346.0,0.0,1.0
2017-09-07,28.93,29.1256,28.93,28.9616,26.9563,1258.0,0.0,1.0
2017-09-08,28.91,28.95,28.75,28.9115,26.9097,36820.0,0.0,1.0
2017-09-11,29.03,29.2,29.0264,29.15,27.1316,15382.0,0.0,1.0
2017-09-12,29.24,29.24,29.07,29.07,27.0572,3443.0,0.0,1.0
2017-09-13,29.04,29.155,29.04,29.15,27.1316,7468.0,0.0,1.0
2017-09-14,28.99,29.25,28.99,29.2,27.1782,6912.0,0.0,1.0
2017-09-15,29.23,29.24,29.1183,29.18,27.1596,3247.0,0.0,1.0
2017-09-18,29.14,29.22,29.14,29.1532,27.1346,3753.0,0.0,1.0
2017-09-19,29.31,29.36,29.27,29.31,27.2806,6651.0,0.0,1.0
2017-09-20,29.3943,29.49,29.31,29.31,27.2806,3797.0,0.0,1.0
2017-09-21,29.05,29.1426,29.01,29.09,27.0758,4889.0,0.0,1.0
2017-09-22,29.06,29.14,29.0418,29.08,27.0665,4437.0,0.0,1.0
2017-09-25,29.15,29.2599,29.1301,29.23,27.2061,3867.0,0.0,1.0
2017-09-26,28.97,28.97,28.78,28.83,27.1821,6973.0,0.3742,1.0
2017-09-27,28.98,28.98,28.8,28.8,27.1538,4041.0,0.0,1.0
2017-09-28,28.77,28.9094,28.75,28.87,27.2198,13235.0,0.0,1.0
2017-09-29,28.8442,28.868,28.8,28.8,27.1538,4019.0,0.0,1.0
2017-10-02,28.9,28.9,28.7196,28.81,27.1632,6960.0,0.0,1.0
2017-10-03,28.71,28.88,28.71,28.82,27.1727,6660.0,0.0,1.0
2017-10-04,28.96,28.96,28.71,28.71,27.0689,9718.0,0.0,1.0
2017-10-05,28.64,28.78,28.64,28.75,27.1067,8417.0,0.0,1.0
2017-10-06,28.46,28.51,28.3805,28.4478,26.8217,12706.0,0.0,1.0
2017-10-09,28.5,28.66,28.5,28.6,26.9652,12676.0,0.0,1.0
2017-10-10,28.59,28.87,28.59,28.7584,27.1146,2985.0,0.0,1.0
2017-10-11,28.79,28.949,28.79,28.91800000000001,27.2651,11785.0,0.0,1.0
2017-10-12,28.95,29.029,28.89,28.978,27.3216,2664.0,0.0,1.0
2017-10-13,29.0778,29.13,29.04,29.0936,27.4306,4262.0,0.0,1.0
2017-10-16,29.0,29.0,28.9343,28.945,27.2905,3003.0,0.0,1.0
2017-10-17,28.82,28.9202,28.82,28.86,27.2104,5637.0,0.0,1.0
2017-10-18,28.92,29.0,28.904,29.0,27.3424,5650.0,0.0,1.0
2017-10-19,28.85,28.94,28.8301,28.902,27.25,2989.0,0.0,1.0
2017-10-20,28.86,28.86,28.7,28.7284,27.0863,3626.0,0.0,1.0
2017-10-23,28.73,28.73,28.32,28.41,26.7861,8605.0,0.0,1.0
2017-10-24,28.44,28.549,28.41,28.41,26.7861,11638.0,0.0,1.0
2017-10-25,28.3,28.3,27.94,28.0652,26.461,7505.0,0.0,1.0
2017-10-26,28.11,28.17,28.041,28.05,26.4467,14672.0,0.0,1.0
2017-10-27,28.03,28.2758,28.01,28.25,26.6352,4157.0,0.0,1.0
2017-10-30,28.19,28.3865,28.19,28.3865,26.7639,9765.0,0.0,1.0
2017-10-31,28.32,28.3813,28.305,28.35,26.7295,4667.0,0.0,1.0
2017-11-01,28.55,28.561,28.4501,28.5,26.871,6305.0,0.0,1.0
2017-11-02,28.48,28.65,28.4589,28.53,26.8992,4042.0,0.0,1.0
2017-11-03,28.58,28.58,28.391,28.58,26.9464,10250.0,0.0,1.0
2017-11-06,28.56,28.69,28.5434,28.6692,27.0305,14880.0,0.0,1.0
2017-11-07,28.54,28.68,28.54,28.6462,27.0088,5333.0,0.0,1.0
2017-11-08,28.87,28.925,28.8628,28.92,27.2669,1744.0,0.0,1.0
2017-11-09,28.83,28.83,28.7053,28.7646,27.1204,2494.0,0.0,1.0
2017-11-10,28.74,28.74,28.38,28.38,26.7578,11657.0,0.0,1.0
2017-11-13,28.33,28.33,28.15,28.2064,26.5941,11041.0,0.0,1.0
2017-11-14,28.15,28.1986,28.1,28.1375,26.5292,2514.0,0.0,1.0
2017-11-15,28.02,28.08,27.9,27.9955,26.3953,11061.0,0.0,1.0
2017-11-16,28.0,28.03,27.96,28.03,26.4278,8691.0,0.0,1.0
2017-11-17,27.9,27.924,27.8217,27.924,26.3279,1239.0,0.0,1.0
2017-11-20,27.76,27.762,27.6225,27.76,26.1733,11383.0,0.0,1.0
2017-11-21,27.86,27.994,27.84,27.994,26.3939,4056.0,0.0,1.0
2017-11-22,27.97,28.1528,27.97,28.12,26.5127,2848.0,0.0,1.0
2017-11-24,28.3,28.3,28.2492,28.2743,26.6582,10538.0,0.0,1.0
2017-11-27,28.31,28.31,27.97,27.97,26.3712,10412.0,0.0,1.0
2017-11-28,28.04,28.04,27.97,28.03,26.4278,4300.0,0.0,1.0
2017-11-29,28.02,28.05,27.91,28.0148,26.4135,6925.0,0.0,1.0
2017-11-30,28.05,28.26,28.05,28.15,26.541,7426.0,0.0,1.0
2017-12-01,28.06,28.2666,28.06,28.25,26.6352,6451.0,0.0,1.0
2017-12-04,28.35,28.3516,28.111,28.111,26.5042,7755.0,0.0,1.0
2017-12-05,28.3,28.3,28.0753,28.0753,26.4705,2241.0,0.0,1.0
2017-12-06,27.96,28.0894,27.9,27.9,26.3052,9057.0,0.0,1.0
2017-12-07,27.84,27.847,27.7553,27.82,26.2298,10118.0,0.0,1.0
2017-12-08,27.82,27.82,27.77,27.815,26.2251,10908.0,0.0,1.0
2017-12-11,27.74,27.9368,27.74,27.84,26.2487,3262.0,0.0,1.0
2017-12-12,27.87,28.0,27.87,28.0,26.3995,3748.0,0.0,1.0
2017-12-13,27.84,27.84,27.7685,27.7855,26.1973,3640.0,0.0,1.0
2017-12-14,27.82,27.82,27.72,27.73,26.145,2775.0,0.0,1.0
2017-12-15,27.71,27.7512,27.671,27.69400000000001,26.111,8033.0,0.0,1.0
2017-12-18,27.76,27.8697,27.74,27.794,26.2053,15988.0,0.0,1.0
2017-12-19,27.73,27.73,27.65,27.705,26.1214,1513.0,0.0,1.0
2017-12-20,27.73,27.73,27.5884,27.6013,26.0236,6906.0,0.0,1.0
2017-12-21,27.71,27.7107,27.57,27.57,25.9941,3310.0,0.0,1.0
2017-12-22,27.63,27.78,27.63,27.7723,26.8428,1693.0,0.6978,1.0
2017-12-26,27.08,27.247,27.08,27.18,26.5557,5561.0,0.2953,1.0
2017-12-27,27.13,27.2842,27.13,27.2536,26.6276,5935.0,0.0,1.0
2017-12-28,27.31,27.4702,27.2889,27.4702,26.8392,3374.0,0.0,1.0
2017-12-29,27.61,27.6125,27.3993,27.5808,26.9473,3994.0,0.0,1.0
2018-01-02,27.71,27.85,27.62,27.76,27.1224,24616.0,0.0,1.0
2018-01-03,27.76,27.8728,27.76,27.7872,27.149,10992.0,0.0,1.0
2018-01-04,27.98,28.0,27.85,27.9517,27.3097,6552.0,0.0,1.0
2018-01-05,27.93,27.98,27.8501,27.906,27.265,11005.0,0.0,1.0
2018-01-08,27.92,27.92,27.8,27.85,27.2103,10842.0,0.0,1.0
2018-01-09,27.7,27.745,27.57,27.58,26.9465,12526.0,0.0,1.0
2018-01-10,27.41,27.53,27.39,27.391,26.7619,32801.0,0.0,1.0
2018-01-11,27.64,27.72,27.575,27.68,27.0442,9123.0,0.0,1.0
2018-01-12,27.75,27.909,27.75,27.85,27.2103,9758.0,0.0,1.0
2018-01-16,28.24,28.24,27.96,27.96,27.3178,20867.0,0.0,1.0
2018-01-17,28.15,28.163,27.85,28.14,27.4937,17674.0,0.0,1.0
2018-01-18,28.11,28.11,27.98,28.07,27.4253,11159.0,0.0,1.0
2018-01-19,28.08,28.17,28.011,28.17,27.523000000000003,4640.0,0.0,1.0
2018-01-22,27.98,28.31,27.98,28.31,27.6597,10687.0,0.0,1.0
2018-01-23,28.18,28.37,28.08,28.29,27.6402,15329.0,0.0,1.0
2018-01-24,28.54,28.54,28.21,28.46,27.8063,14026.0,0.0,1.0
2018-01-25,28.49,28.52,28.28,28.28,27.6304,7661.0,0.0,1.0
2018-01-26,28.43,28.47,28.3163,28.4295,27.7765,12923.0,0.0,1.0
2018-01-29,28.26,28.26,27.92,28.064,27.4194,14349.0,0.0,1.0
2018-01-30,27.86,27.86,27.6,27.77,27.1322,8722.0,0.0,1.0
2018-01-31,27.75,27.91,27.5521,27.58,26.9465,10781.0,0.0,1.0
2018-02-01,27.43,27.78,27.43,27.78,27.1419,11138.0,0.0,1.0
2018-02-02,27.37,27.37,27.0,27.0,26.3798,12755.0,0.0,1.0
2018-02-05,26.64,26.95,25.99,26.001,25.4038,29413.0,0.0,1.0
2018-02-06,25.57,26.53,25.38,26.32,25.7155,27631.0,0.0,1.0
2018-02-07,26.29,26.38300000000001,26.1101,26.1101,25.5104,11861.0,0.0,1.0
2018-02-08,26.21,26.3262,25.6112,25.6112,25.0229,7173.0,0.0,1.0
2018-02-09,25.46,25.808000000000003,24.921,25.65,25.0608,16900.0,0.0,1.0
2018-02-12,25.72,26.2999,25.69,26.17,25.5689,16844.0,0.0,1.0
2018-02-13,26.01,26.2199,25.78,26.01,25.4126,7852.0,0.0,1.0
2018-02-14,25.82,26.4007,25.7124,26.2383,25.6356,46485.0,0.0,1.0
2018-02-15,26.2957,26.725,26.1422,26.39,25.7838,12928.0,0.0,1.0
2018-02-16,26.4,26.6863,26.4,26.4,25.7936,3944.0,0.0,1.0
2018-02-20,26.33,26.4992,26.3,26.3,25.6959,5604.0,0.0,1.0
2018-02-21,26.41,26.63,26.3039,26.41,25.8034,4250.0,0.0,1.0
2018-02-22,26.02,26.07,25.75,25.75,25.1585,10693.0,0.0,1.0
2018-02-23,25.86,26.09,25.86,26.08,25.481,11671.0,0.0,1.0
2018-02-26,26.1532,26.23,25.9645,26.23,25.6275,17548.0,0.0,1.0
2018-02-27,26.1,26.131,25.83,25.83,25.2367,53555.0,0.0,1.0
2018-02-28,25.97,25.97,25.53,25.53,24.9436,20526.0,0.0,1.0
2018-03-01,25.34,25.4104,25.06,25.11,24.5332,13914.0,0.0,1.0
2018-03-02,25.17,25.32,25.05,25.17,24.5919,5302.0,0.0,1.0
2018-03-05,25.01,25.5399,25.01,25.3607,24.7782,5387.0,0.0,1.0
2018-03-06,25.72,25.72,25.34,25.3466,24.7644,2207.0,0.0,1.0
2018-03-07,25.21,25.4908,25.18,25.32,24.7384,55323.0,0.0,1.0
2018-03-08,25.39,25.51,25.37,25.51,24.9241,7755.0,0.0,1.0
2018-03-09,25.63,25.76,25.55,25.76,25.1683,15884.0,0.0,1.0
2018-03-12,25.75,25.84,25.73,25.82,25.2269,4875.0,0.0,1.0
2018-03-13,25.86,26.04,25.75,25.75,25.1585,7651.0,0.0,1.0
2018-03-14,25.88,25.905,25.763,25.7959,25.2034,3658.0,0.0,1.0
2018-03-15,25.75,25.78,25.5822,25.73,25.139,7765.0,0.0,1.0
2018-03-16,25.56,25.8507,25.56,25.75,25.1585,38184.0,0.0,1.0
2018-03-19,25.72,25.72,25.44,25.5603,24.9732,11187.0,0.0,1.0
2018-03-20,25.54,25.54,25.42,25.47,24.885,1297.0,0.0,1.0
2018-03-21,25.53,25.85,25.53,25.8306,25.2373,9581.0,0.0,1.0
2018-03-22,25.43,25.72,25.29,25.3,24.7189,17454.0,0.0,1.0
2018-03-23,26.16,26.16,25.31,25.31,24.7287,2078.0,0.0,1.0
2018-03-26,25.1,25.4376,25.1,25.221,24.8878,8557.0,0.2519,1.0
2018-03-27,25.44,25.44,25.1327,25.1327,24.8007,2411.0,0.0,1.0
2018-03-28,25.37,25.4202,25.1968,25.25,24.9164,1585.0,0.0,1.0
2018-03-29,25.32,25.5659,25.25,25.38,25.0447,39570.0,0.0,1.0
2018-04-02,25.36,25.4385,24.9,25.0,24.6697,15085.0,0.0,1.0
2018-04-03,25.09,25.2288,24.905,25.16,24.8276,9321.0,0.0,1.0
2018-04-04,25.22,25.499,25.2,25.35,25.0151,7083.0,0.0,1.0
2018-04-05,25.34,25.6091,25.34,25.5867,25.2487,3070.0,0.0,1.0
2018-04-06,25.56,25.65,25.37,25.37,25.0348,2839.0,0.0,1.0
2018-04-09,25.79,25.9399,25.67,25.82,25.4789,9023.0,0.0,1.0
2018-04-10,25.8,25.9699,25.7726,25.79,25.4493,2520.0,0.0,1.0
2018-04-11,25.83,25.99,25.82,25.82,25.4789,10935.0,0.0,1.0
2018-04-12,25.89,25.9798,25.878,25.89,25.548,3976.0,0.0,1.0
2018-04-13,25.89,25.89,25.86,25.89,25.548,697.0,0.0,1.0
2018-04-16,26.0,26.1501,26.0,26.11,25.7651,2433.0,0.0,1.0
2018-04-17,26.17,26.4211,26.16,26.3581,26.0099,4196.0,0.0,1.0
2018-04-18,26.5,26.6,26.43,26.58,26.2289,7846.0,0.0,1.0
2018-04-19,26.44,26.44,26.1201,26.15,25.8045,9286.0,0.0,1.0
2018-04-20,26.2,26.2,26.0,26.1,25.7552,3315.0,0.0,1.0
2018-04-23,26.04,26.04,25.885,25.885,25.54300000000001,2358.0,0.0,1.0
2018-04-24,25.92,26.0672,25.75,25.75,25.4098,6207.0,0.0,1.0
2018-04-25,25.5401,25.839,25.5401,25.8317,25.4904,2947.0,0.0,1.0
2018-04-26,25.9702,25.9702,25.9218,25.9218,25.5794,290.0,0.0,1.0
2018-04-27,26.00800000000001,26.1499,25.9901,25.9901,25.6468,4567.0,0.0,1.0
2018-04-30,25.9,26.1316,25.9,26.04,25.696,3714.0,0.0,1.0
2018-05-01,25.89,26.027,25.83,25.83,25.4888,1877.0,0.0,1.0
2018-05-02,26.02,26.2,26.01,26.16,25.8144,7164.0,0.0,1.0
2018-05-03,26.11,26.11,25.9228,26.085,25.7404,2567.0,0.0,1.0
2018-05-04,26.07,26.3363,26.07,26.27,25.923,4371.0,0.0,1.0
2018-05-07,26.29,26.455,26.29,26.32,25.9723,8732.0,0.0,1.0
2018-05-08,26.33,26.33,26.05,26.1313,25.7861,9960.0,0.0,1.0
2018-05-09,26.24,26.48,26.24,26.39,26.0414,6603.0,0.0,1.0
2018-05-10,26.36,26.5,26.36,26.4999,26.1498,6714.0,0.0,1.0
2018-05-11,26.57,26.5996,26.54,26.545,26.1943,11083.0,0.0,1.0
2018-05-14,26.62,26.7944,26.62,26.7573,26.4038,2780.0,0.0,1.0
2018-05-15,26.5,26.6018,26.38,26.38,26.0315,5692.0,0.0,1.0
2018-05-16,26.33,26.33,26.3236,26.3236,25.9758,656.0,0.0,1.0
2018-05-17,26.37,26.6059,26.37,26.6,26.2486,3573.0,0.0,1.0
2018-05-18,26.3,26.3048,26.28,26.3048,25.9573,2418.0,0.0,1.0
2018-05-21,26.54,26.72,26.48,26.72,26.367,876560.0,0.0,1.0
2018-05-22,26.67,26.9156,26.6377,26.7,26.3473,8638.0,0.0,1.0
2018-05-23,26.7,26.7643,26.6661,26.6661,26.3138,4158.0,0.0,1.0
2018-05-24,26.46,26.55,26.31,26.351,26.0029,19784.0,0.0,1.0
2018-05-25,26.0,26.273000000000003,26.0,26.12,25.7749,9939.0,0.0,1.0
2018-05-29,26.01,26.1182,26.0,26.01,25.6664,21884.0,0.0,1.0
2018-05-30,26.03,26.61,26.03,26.61,26.2585,5973.0,0.0,1.0
2018-05-31,26.5,26.52,26.4274,26.51,26.1598,7101.0,0.0,1.0
2018-06-01,26.35,26.5363,26.35,26.375,26.0266,2755.0,0.0,1.0
2018-06-04,26.6922,26.72,26.45,26.72,26.367,12719.0,0.0,1.0
2018-06-05,26.54,26.5771,26.4639,26.5771,26.226,2293.0,0.0,1.0
2018-06-06,26.61,26.768,26.61,26.6496,26.2975,6103.0,0.0,1.0
2018-06-07,26.67,26.748,26.67,26.735,26.3818,6901.0,0.0,1.0
2018-06-08,26.52,26.6,26.52,26.6,26.2486,1017.0,0.0,1.0
2018-06-11,26.61,26.779,26.61,26.779,26.4252,9323.0,0.0,1.0
2018-06-12,26.65,26.7,26.57,26.57,26.219,2452.0,0.0,1.0
2018-06-13,26.7,26.72,26.7,26.7095,26.3566,10388.0,0.0,1.0
2018-06-14,26.74,26.86,26.74,26.79,26.4361,20176.0,0.0,1.0
2018-06-15,26.6212,26.6212,26.501,26.55,26.1993,13494.0,0.0,1.0
2018-06-18,26.4287,26.61,26.4287,26.61,26.2585,20337.0,0.0,1.0
2018-06-19,26.33,26.5946,26.33,26.56,26.2091,31976.0,0.0,1.0
2018-06-20,26.58,26.769,26.58,26.73,26.3769,7887.0,0.0,1.0
2018-06-21,26.69,26.69,26.53,26.56,26.2091,11301.0,0.0,1.0
2018-06-22,26.77,27.0,26.77,26.96,26.6038,8922.0,0.0,1.0
2018-06-25,26.92,26.92,26.6517,26.74,26.3867,10655.0,0.0,1.0
2018-06-26,26.51,26.52,26.41,26.42,26.42,3461.0,0.3537,1.0
2018-06-27,26.49,26.49,26.19,26.19,26.19,10919.0,0.0,1.0
2018-06-28,26.14,26.43,26.14,26.36,26.36,4310.0,0.0,1.0
2018-06-29,26.5798,26.6293,26.57,26.59,26.59,11342.0,0.0,1.0
2018-07-02,26.31,26.53,26.3,26.4644,26.4644,13139.0,0.0,1.0
2018-07-03,26.832,26.9,26.82,26.82,26.82,9727.0,0.0,1.0
2018-07-05,26.87,27.02,26.8,27.02,27.02,867.0,0.0,1.0
2018-07-06,27.14,27.3,27.14,27.2741,27.2741,25329.0,0.0,1.0
2018-07-09,27.25,27.3282,27.1875,27.265,27.265,3762.0,0.0,1.0
2018-07-10,27.13,27.32,27.13,27.18,27.18,5172.0,0.0,1.0
2018-07-11,27.06,27.14,26.8,26.83,26.83,10820.0,0.0,1.0
2018-07-12,27.09,27.09,26.9,26.96,26.96,4124.0,0.0,1.0
2018-07-13,26.7538,26.895,26.7538,26.8,26.8,4437.0,0.0,1.0
2018-07-16,26.8,26.8,26.6634,26.7007,26.7007,1394.0,0.0,1.0
2018-07-17,26.6233,26.7984,26.62,26.7586,26.7586,11420.0,0.0,1.0
2018-07-18,26.69,26.69,26.531,26.6353,26.6353,15600.0,0.0,1.0
2018-07-19,26.611,26.699,26.611,26.67,26.67,4772.0,0.0,1.0
2018-07-20,26.84,26.94,26.781,26.85,26.85,125080.0,0.0,1.0
2018-07-23,26.8089,26.85,26.6913,26.7781,26.7781,6492.0,0.0,1.0
2018-07-24,26.81,26.81,26.59,26.6,26.6,12242.0,0.0,1.0
2018-07-25,26.31,26.8,26.31,26.8,26.8,14120.0,0.0,1.0
2018-07-26,26.82,26.913,26.76,26.8668,26.8668,4084.0,0.0,1.0
2018-07-27,27.0,27.1608,26.9613,27.0,27.0,7276.0,0.0,1.0
2018-07-30,26.995,27.0,26.9145,26.9451,26.9451,1916.0,0.0,1.0
2018-07-31,26.96,27.11,26.96,27.03,27.03,1425.0,0.0,1.0
2018-08-01,26.8261,26.83,26.78,26.78,26.78,1806.0,0.0,1.0
2018-08-02,26.7752,26.989,26.7752,26.88,26.88,34912.0,0.0,1.0
2018-08-03,26.87,27.0647,26.87,26.97,26.97,5472.0,0.0,1.0
2018-08-06,26.99,27.1,26.99,27.1,27.1,10145.0,0.0,1.0
2018-08-07,27.14,27.2785,27.0848,27.0848,27.0848,6594.0,0.0,1.0
2018-08-08,26.89,27.06,26.89,27.06,27.06,1465.0,0.0,1.0
2018-08-09,27.0217,27.0704,27.0001,27.0001,27.0001,4388.0,0.0,1.0
2018-08-10,26.91,26.91,26.7,26.7912,26.7912,21488.0,0.0,1.0
2018-08-13,26.7,26.9361,26.6962,26.8103,26.8103,1885.0,0.0,1.0
2018-08-14,26.64,26.7268,26.64,26.67,26.67,1912.0,0.0,1.0
2018-08-15,26.35,26.4661,26.35,26.4574,26.4574,2250.0,0.0,1.0
2018-08-16,26.59,26.825,26.59,26.7045,26.7045,4680.0,0.0,1.0
2018-08-17,26.7,27.0094,26.7,26.9944,26.9944,8522.0,0.0,1.0
2018-08-20,26.85,27.1043,26.85,27.1008,27.1008,1891.0,0.0,1.0
2018-08-21,27.26,27.26,27.155,27.21,27.21,15750.0,0.0,1.0
2018-08-22,27.15,27.1821,27.14,27.1704,27.1704,1085.0,0.0,1.0
2018-08-23,27.16,27.16,26.95,27.0925,27.0925,4647.0,0.0,1.0
2018-08-24,26.961,27.0634,26.961,27.0634,27.0634,1004.0,0.0,1.0
2018-08-27,27.2,27.215,27.1101,27.1728,27.1728,4213.0,0.0,1.0
2018-08-28,27.219,27.219,27.0905,27.1398,27.1398,2648.0,0.0,1.0
2018-08-29,27.1,27.1,27.0,27.088,27.088,5627.0,0.0,1.0
2018-08-30,27.0,27.0256,26.8132,26.9401,26.9401,10868.0,0.0,1.0
2018-08-31,26.79,26.8896,26.6415,26.7885,26.7885,6758.0,0.0,1.0
