date,1. open,2. high,3. low,4. close,5. adjusted close,6. volume,7. dividend amount,8. split coefficient
2015-08-18,24.62,24.62,24.5599,24.5599,20.9988,559.0,0.0,1.0
2015-08-19,24.5599,24.5599,24.5599,24.5599,20.9988,0.0,0.0,1.0
2015-08-20,24.5599,24.5599,24.5599,24.5599,20.9988,0.0,0.0,1.0
2015-08-21,23.59,23.59,23.0,23.0,19.6651,3100.0,0.0,1.0
2015-08-24,22.24,22.24,22.24,22.24,19.0153,500.0,0.0,1.0
2015-08-25,23.34,24.1,23.0,24.1,20.6056,1100.0,0.0,1.0
2015-08-26,24.1,24.1,24.1,24.1,20.6056,0.0,0.0,1.0
2015-08-27,23.53,23.53,23.22,23.22,19.8532,502.0,0.0,1.0
2015-08-28,23.4999,23.4999,23.4999,23.4999,20.0925,100.0,0.0,1.0
2015-08-31,23.35,23.7,23.34,23.34,19.9558,10300.0,0.0,1.0
2015-09-01,22.76,22.76,22.76,22.76,19.4599,40000.0,0.0,1.0
2015-09-02,22.76,22.76,22.76,22.76,19.4599,0.0,0.0,1.0
2015-09-03,22.76,22.76,22.76,22.76,19.4599,0.0,0.0,1.0
2015-09-04,22.76,22.76,22.76,22.76,19.4599,0.0,0.0,1.0
2015-09-08,23.35,23.43,23.35,23.35,19.9644,68000.0,0.0,1.0
2015-09-09,23.6394,23.6394,23.6394,23.6394,20.2118,453.0,0.0,1.0
2015-09-10,23.6394,23.6394,23.6394,23.6394,20.2118,0.0,0.0,1.0
2015-09-11,23.15,23.15,22.99,23.1399,19.7847,1460.0,0.0,1.0
2015-09-14,23.1399,23.1399,23.1399,23.1399,19.7847,50.0,0.0,1.0
2015-09-15,23.0915,23.0915,23.0915,23.0915,19.7847,0.0,0.0484,1.0
2015-09-16,23.0915,23.0915,23.0915,23.0915,19.7847,0.0,0.0,1.0
2015-09-17,23.36,23.37,23.36,23.365,20.0191,548.0,0.0,1.0
2015-09-18,22.98,22.98,22.98,22.98,19.6892,614.0,0.0,1.0
2015-09-21,22.98,22.98,22.98,22.98,19.6892,0.0,0.0,1.0
2015-09-22,22.98,22.98,22.98,22.98,19.6892,50.0,0.0,1.0
2015-09-23,22.98,22.98,22.98,22.98,19.6892,0.0,0.0,1.0
2015-09-24,22.57,22.57,22.57,22.57,19.3379,950.0,0.0,1.0
2015-09-25,22.57,22.57,22.57,22.57,19.3379,0.0,0.0,1.0
2015-09-28,22.57,22.57,22.57,22.57,19.3379,0.0,0.0,1.0
2015-09-29,22.232,22.232,22.232,22.232,19.0483,265.0,0.0,1.0
2015-09-30,22.702,22.702,22.702,22.702,19.451,270.0,0.0,1.0
2015-10-01,22.702,22.702,22.702,22.702,19.451,0.0,0.0,1.0
2015-10-02,22.52,22.83,22.5,22.83,19.5607,1320.0,0.0,1.0
2015-10-05,22.83,22.83,22.83,22.83,19.5607,0.0,0.0,1.0
2015-10-06,22.83,22.83,22.83,22.83,19.5607,0.0,0.0,1.0
2015-10-07,23.86,23.86,23.65,23.65,20.2633,265.0,0.0,1.0
2015-10-08,23.65,23.65,23.65,23.65,20.2633,0.0,0.0,1.0
2015-10-09,23.65,23.65,23.65,23.65,20.2633,0.0,0.0,1.0
2015-10-12,23.65,23.65,23.65,23.65,20.2633,0.0,0.0,1.0
2015-10-13,23.65,23.65,23.65,23.65,20.2633,0.0,0.0,1.0
2015-10-14,23.73,23.73,23.73,23.73,20.3318,100.0,0.0,1.0
2015-10-15,23.73,23.73,23.73,23.73,20.3318,0.0,0.0,1.0
2015-10-16,23.73,23.73,23.73,23.73,20.3318,0.0,0.0,1.0
2015-10-19,23.88,23.94,23.88,23.94,20.5117,4250.0,0.0,1.0
2015-10-20,23.77,23.77,23.77,23.77,20.3661,150.0,0.0,1.0
2015-10-21,23.77,23.77,23.77,23.77,20.3661,0.0,0.0,1.0
2015-10-22,23.77,23.77,23.77,23.77,20.3661,0.0,0.0,1.0
2015-10-23,24.15,24.46,24.15,24.46,20.9573,1864.0,0.0,1.0
2015-10-26,24.33,24.33,24.266,24.266,20.791,1710.0,0.0,1.0
2015-10-27,24.11,24.17,24.11,24.14,20.6831,1000.0,0.0,1.0
2015-10-28,24.3,24.3,24.3,24.3,20.8202,500.0,0.0,1.0
2015-10-29,24.21,24.21,24.06,24.06,20.6145,300.0,0.0,1.0
2015-10-30,24.06,24.06,24.06,24.06,20.6145,0.0,0.0,1.0
2015-11-02,24.06,24.06,24.06,24.06,20.6145,0.0,0.0,1.0
2015-11-03,24.06,24.06,24.06,24.06,20.6145,0.0,0.0,1.0
2015-11-04,24.06,24.06,24.06,24.06,20.6145,0.0,0.0,1.0
2015-11-05,24.15,24.15,24.15,24.15,20.6917,1200.0,0.0,1.0
2015-11-06,24.15,24.15,24.15,24.15,20.6917,661.0,0.0,1.0
2015-11-09,24.05,24.05,23.75,23.7899,20.3831,5172.0,0.0,1.0
2015-11-10,23.7899,23.7899,23.7899,23.7899,20.3831,0.0,0.0,1.0
2015-11-11,23.7899,23.7899,23.7899,23.7899,20.3831,0.0,0.0,1.0
2015-11-12,23.75,23.75,23.5,23.5,20.1347,3750.0,0.0,1.0
2015-11-13,23.46,23.46,23.3097,23.36,20.0148,6201.0,0.0,1.0
2015-11-16,23.36,23.36,23.36,23.36,20.0148,0.0,0.0,1.0
2015-11-17,23.92,23.92,23.92,23.92,20.4946,925.0,0.0,1.0
2015-11-18,24.0468,24.0468,24.0468,24.0468,20.6032,149.0,0.0,1.0
2015-11-19,24.0468,24.0468,24.0468,24.0468,20.6032,0.0,0.0,1.0
2015-11-20,24.0468,24.0468,24.0468,24.0468,20.6032,0.0,0.0,1.0
2015-11-23,24.14,24.18,24.11,24.11,20.6574,800.0,0.0,1.0
2015-11-24,23.9,23.9,23.9,23.9,20.4775,100.0,0.0,1.0
2015-11-25,23.9,23.9,23.9,23.9,20.4775,0.0,0.0,1.0
2015-11-27,24.21,24.21,24.21,24.21,20.7431,149.0,0.0,1.0
2015-11-30,23.78,24.17,23.78,24.13,20.6745,9200.0,0.0,1.0
2015-12-01,24.04,24.15,24.04,24.14,20.6831,2350.0,0.0,1.0
2015-12-02,24.17,24.19,23.95,23.96,20.5289,1300.0,0.0,1.0
2015-12-03,23.9,23.9,23.75,23.75,20.3489,2080.0,0.0,1.0
2015-12-04,23.42,23.426,23.42,23.426,20.0713,640.0,0.0,1.0
2015-12-07,23.426,23.426,23.426,23.426,20.0713,0.0,0.0,1.0
2015-12-08,23.11,23.18,23.06,23.13,19.8177,865.0,0.0,1.0
2015-12-09,23.0,23.01,22.94,22.9603,19.6723,2615.0,0.0,1.0
2015-12-10,22.9603,22.9603,22.9603,22.9603,19.6723,0.0,0.0,1.0
2015-12-11,22.9603,22.9603,22.9603,22.9603,19.6723,0.0,0.0,1.0
2015-12-14,22.24,22.24,22.0,22.2,19.0209,6172.0,0.0,1.0
2015-12-15,22.3,22.62,22.3,22.62,19.3808,25017.0,0.0,1.0
2015-12-16,22.5,22.7,22.49,22.7,19.7765,3090.0,0.3819,1.0
2015-12-17,22.7194,22.7194,22.62,22.62,19.7068,1118.0,0.0,1.0
2015-12-18,22.62,22.62,22.62,22.62,19.7068,0.0,0.0,1.0
2015-12-21,22.62,22.62,22.62,22.62,19.7068,35.0,0.0,1.0
2015-12-22,22.38,22.3899,22.38,22.3899,19.5063,540.0,0.0,1.0
2015-12-23,22.3899,22.3899,22.3899,22.3899,19.5063,0.0,0.0,1.0
2015-12-24,22.3899,22.3899,22.3899,22.3899,19.5063,0.0,0.0,1.0
2015-12-28,22.8,22.82,22.79,22.81,19.8723,1100.0,0.0,1.0
2015-12-29,23.14,23.2,23.14,23.2,20.2121,200.0,0.0,1.0
2015-12-30,23.02,23.02,23.012,23.02,20.0553,1140.0,0.0,1.0
2015-12-31,22.88,22.98,22.87,22.98,20.0204,300.0,0.0,1.0
2016-01-04,22.75,22.75,22.46,22.55,19.6458,5768.0,0.0,1.0
2016-01-05,22.55,22.55,22.55,22.55,19.6458,0.0,0.0,1.0
2016-01-06,22.2999,22.3,22.299,22.3,19.428,1790.0,0.0,1.0
2016-01-07,22.3,22.3,22.3,22.3,19.428,0.0,0.0,1.0
2016-01-08,22.07,22.07,21.4,21.4,18.6439,7616.0,0.0,1.0
2016-01-11,21.4,21.4,21.4,21.4,18.6439,0.0,0.0,1.0
2016-01-12,21.4,21.4,21.4,21.4,18.6439,0.0,0.0,1.0
2016-01-13,21.4,21.4,21.4,21.4,18.6439,0.0,0.0,1.0
2016-01-14,21.4,21.4,21.4,21.4,18.6439,0.0,0.0,1.0
2016-01-15,21.19,21.19,20.78,21.0073,18.3018,6317.0,0.0,1.0
2016-01-19,21.0073,21.0073,21.0073,21.0073,18.3018,0.0,0.0,1.0
2016-01-20,20.8223,20.8223,20.71,20.71,18.0428,2545.0,0.0,1.0
2016-01-21,20.71,20.71,20.71,20.71,18.0428,0.0,0.0,1.0
2016-01-22,20.71,20.71,20.71,20.71,18.0428,0.0,0.0,1.0
2016-01-25,20.71,20.71,20.71,20.71,18.0428,0.0,0.0,1.0
2016-01-26,20.71,20.71,20.71,20.71,18.0428,0.0,0.0,1.0
2016-01-27,21.4897,21.4897,21.4897,21.4897,18.7221,100.0,0.0,1.0
2016-01-28,21.4897,21.4897,21.4897,21.4897,18.7221,0.0,0.0,1.0
2016-01-29,21.4897,21.4897,21.4897,21.4897,18.7221,0.0,0.0,1.0
2016-02-01,21.98,21.98,21.98,21.98,19.1492,100.0,0.0,1.0
2016-02-02,21.98,21.98,21.98,21.98,19.1492,0.0,0.0,1.0
2016-02-03,21.98,21.98,21.98,21.98,19.1492,0.0,0.0,1.0
2016-02-04,21.98,21.98,21.98,21.98,19.1492,0.0,0.0,1.0
2016-02-05,21.98,21.98,21.98,21.98,19.1492,0.0,0.0,1.0
2016-02-08,21.98,21.98,21.98,21.98,19.1492,1.0,0.0,1.0
2016-02-09,20.68,20.68,20.5,20.5,17.8598,200.0,0.0,1.0
2016-02-10,20.5,20.5,20.5,20.5,17.8598,0.0,0.0,1.0
2016-02-11,20.5,20.5,20.5,20.5,17.8598,0.0,0.0,1.0
2016-02-12,20.5,20.5,20.5,20.5,17.8598,0.0,0.0,1.0
2016-02-16,20.5,20.5,20.5,20.5,17.8598,0.0,0.0,1.0
2016-02-17,20.5,20.5,20.5,20.5,17.8598,0.0,0.0,1.0
2016-02-18,20.5,20.5,20.5,20.5,17.8598,0.0,0.0,1.0
2016-02-19,20.5,20.5,20.5,20.5,17.8598,0.0,0.0,1.0
2016-02-22,20.5,20.5,20.5,20.5,17.8598,0.0,0.0,1.0
2016-02-23,20.5,20.5,20.5,20.5,17.8598,0.0,0.0,1.0
2016-02-24,20.5,20.5,20.5,20.5,17.8598,3.0,0.0,1.0
2016-02-25,20.5,20.5,20.5,20.5,17.8598,0.0,0.0,1.0
2016-02-26,21.88,21.88,21.88,21.88,19.0621,120.0,0.0,1.0
2016-02-29,21.88,21.88,21.88,21.88,19.0621,0.0,0.0,1.0
2016-03-01,21.88,21.88,21.88,21.88,19.0621,0.0,0.0,1.0
2016-03-02,22.14,22.14,22.14,22.14,19.2886,100.0,0.0,1.0
2016-03-03,22.14,22.14,22.14,22.14,19.2886,0.0,0.0,1.0
2016-03-04,22.55,22.55,22.5499,22.5499,19.6457,1166.0,0.0,1.0
2016-03-07,22.5499,22.5499,22.5499,22.5499,19.6457,0.0,0.0,1.0
2016-03-08,22.5499,22.5499,22.5499,22.5499,19.6457,0.0,0.0,1.0
2016-03-09,22.5499,22.5499,22.5499,22.5499,19.6457,0.0,0.0,1.0
2016-03-10,22.5499,22.5499,22.5499,22.5499,19.6457,0.0,0.0,1.0
2016-03-11,22.5499,22.5499,22.5499,22.5499,19.6457,0.0,0.0,1.0
2016-03-14,22.5499,22.5499,22.5499,22.5499,19.6457,0.0,0.0,1.0
2016-03-15,22.5499,22.5499,22.5499,22.5499,19.6457,3.0,0.0,1.0
2016-03-16,22.5499,22.5499,22.5499,22.5499,19.6457,0.0,0.0,1.0
2016-03-17,22.5499,22.5499,22.5499,22.5499,19.6457,0.0,0.0,1.0
2016-03-18,22.5499,22.5499,22.5499,22.5499,19.6457,0.0,0.0,1.0
2016-03-21,22.4299,22.4299,22.4299,22.4299,19.5412,1.0,0.0,1.0
2016-03-22,22.51,22.51,22.49,22.49,19.6971,1800.0,0.1188,1.0
2016-03-23,22.49,22.49,22.49,22.49,19.6971,0.0,0.0,1.0
2016-03-24,22.49,22.49,22.49,22.49,19.6971,0.0,0.0,1.0
2016-03-28,22.49,22.49,22.49,22.49,19.6971,0.0,0.0,1.0
2016-03-29,22.49,22.49,22.49,22.49,19.6971,1.0,0.0,1.0
2016-03-30,22.49,22.49,22.49,22.49,19.6971,0.0,0.0,1.0
2016-03-31,22.51,22.54,22.51,22.54,19.7409,1000.0,0.0,1.0
2016-04-01,22.54,22.54,22.54,22.54,19.7409,0.0,0.0,1.0
2016-04-04,22.54,22.54,22.54,22.54,19.7409,0.0,0.0,1.0
2016-04-05,22.54,22.54,22.54,22.54,19.7409,0.0,0.0,1.0
2016-04-06,22.54,22.54,22.54,22.54,19.7409,0.0,0.0,1.0
2016-04-07,22.54,22.54,22.54,22.54,19.7409,0.0,0.0,1.0
2016-04-08,22.54,22.54,22.54,22.54,19.7409,0.0,0.0,1.0
2016-04-11,22.54,22.54,22.54,22.54,19.7409,1.0,0.0,1.0
2016-04-12,22.54,22.54,22.54,22.54,19.7409,0.0,0.0,1.0
2016-04-13,22.54,22.54,22.54,22.54,19.7409,0.0,0.0,1.0
2016-04-14,22.54,22.54,22.54,22.54,19.7409,0.0,0.0,1.0
2016-04-15,23.2,23.2,23.2,23.2,20.3189,100.0,0.0,1.0
2016-04-18,23.28,23.2886,23.28,23.2886,20.3965,599.0,0.0,1.0
2016-04-19,23.2886,23.2886,23.2886,23.2886,20.3965,0.0,0.0,1.0
2016-04-20,23.5999,23.5999,23.59,23.5994,20.6687,500.0,0.0,1.0
2016-04-21,23.5994,23.5994,23.5994,23.5994,20.6687,0.0,0.0,1.0
2016-04-22,23.5994,23.5994,23.5994,23.5994,20.6687,0.0,0.0,1.0
2016-04-25,23.5994,23.5994,23.5994,23.5994,20.6687,0.0,0.0,1.0
2016-04-26,23.5994,23.5994,23.5994,23.5994,20.6687,0.0,0.0,1.0
2016-04-27,23.5994,23.5994,23.5994,23.5994,20.6687,0.0,0.0,1.0
2016-04-28,23.5994,23.5994,23.5994,23.5994,20.6687,0.0,0.0,1.0
2016-04-29,23.5994,23.5994,23.5994,23.5994,20.6687,0.0,0.0,1.0
2016-05-02,23.5994,23.5994,23.5994,23.5994,20.6687,0.0,0.0,1.0
2016-05-03,23.0,23.0,23.0,23.0,20.1437,2875.0,0.0,1.0
2016-05-04,22.65,22.65,22.62,22.65,19.8372,701.0,0.0,1.0
2016-05-05,22.65,22.65,22.65,22.65,19.8372,0.0,0.0,1.0
2016-05-06,22.58,22.69,22.57,22.69,19.8722,5500.0,0.0,1.0
2016-05-09,22.69,22.69,22.69,22.69,19.8722,0.0,0.0,1.0
2016-05-10,22.69,22.69,22.69,22.69,19.8722,0.0,0.0,1.0
2016-05-11,22.77,22.77,22.77,22.77,19.9423,100.0,0.0,1.0
2016-05-12,22.77,22.77,22.77,22.77,19.9423,0.0,0.0,1.0
2016-05-13,22.77,22.77,22.77,22.77,19.9423,0.0,0.0,1.0
2016-05-16,22.77,22.77,22.77,22.77,19.9423,0.0,0.0,1.0
2016-05-17,22.77,22.77,22.77,22.77,19.9423,0.0,0.0,1.0
2016-05-18,22.77,22.77,22.77,22.77,19.9423,0.0,0.0,1.0
2016-05-19,22.77,22.77,22.77,22.77,19.9423,0.0,0.0,1.0
2016-05-20,22.77,22.77,22.77,22.77,19.9423,0.0,0.0,1.0
2016-05-23,22.77,22.77,22.77,22.77,19.9423,0.0,0.0,1.0
2016-05-24,23.04,23.04,23.04,23.04,20.1788,100.0,0.0,1.0
2016-05-25,23.04,23.04,23.04,23.04,20.1788,0.0,0.0,1.0
2016-05-26,23.04,23.04,23.04,23.04,20.1788,0.0,0.0,1.0
2016-05-27,23.04,23.04,23.04,23.04,20.1788,0.0,0.0,1.0
2016-05-31,23.04,23.04,23.04,23.04,20.1788,0.0,0.0,1.0
2016-06-01,23.04,23.04,23.04,23.04,20.1788,0.0,0.0,1.0
2016-06-02,23.04,23.04,23.04,23.04,20.1788,0.0,0.0,1.0
2016-06-03,22.89,22.89,22.89,22.89,20.0474,500.0,0.0,1.0
2016-06-06,23.08,23.08,23.0754,23.0754,20.2098,780.0,0.0,1.0
2016-06-07,23.0754,23.0754,23.0754,23.0754,20.2098,0.0,0.0,1.0
2016-06-08,23.0754,23.0754,23.0754,23.0754,20.2098,0.0,0.0,1.0
2016-06-09,23.0754,23.0754,23.0754,23.0754,20.2098,0.0,0.0,1.0
2016-06-10,23.0754,23.0754,23.0754,23.0754,20.2098,0.0,0.0,1.0
2016-06-13,23.0754,23.0754,23.0754,23.0754,20.2098,0.0,0.0,1.0
2016-06-14,21.81,21.81,21.73,21.75,19.049,1944.0,0.0,1.0
2016-06-15,22.0499,22.0499,22.0499,22.0499,19.3116,464.0,0.0,1.0
2016-06-16,22.0499,22.0499,22.0499,22.0499,19.3116,0.0,0.0,1.0
2016-06-17,22.0499,22.0499,22.0499,22.0499,19.3116,0.0,0.0,1.0
2016-06-20,22.5599,22.5599,22.5599,22.5599,19.7583,180.0,0.0,1.0
2016-06-21,22.09,22.09,22.09,22.09,19.8874,1000.0,0.6173,1.0
2016-06-22,22.19,22.19,22.19,22.19,19.9774,1000.0,0.0,1.0
2016-06-23,22.19,22.19,22.19,22.19,19.9774,0.0,0.0,1.0
2016-06-24,21.75,21.75,21.75,21.75,19.5813,575.0,0.0,1.0
2016-06-27,21.75,21.75,21.75,21.75,19.5813,3.0,0.0,1.0
2016-06-28,21.75,21.75,21.75,21.75,19.5813,0.0,0.0,1.0
2016-06-29,21.75,21.75,21.75,21.75,19.5813,0.0,0.0,1.0
2016-06-30,21.75,21.75,21.75,21.75,19.5813,0.0,0.0,1.0
2016-07-01,21.75,21.75,21.75,21.75,19.5813,0.0,0.0,1.0
2016-07-05,21.75,21.75,21.75,21.75,19.5813,0.0,0.0,1.0
2016-07-06,21.75,21.75,21.75,21.75,19.5813,0.0,0.0,1.0
2016-07-07,22.3,22.3,22.3,22.3,20.0765,630.0,0.0,1.0
2016-07-08,22.4801,22.4801,22.4801,22.4801,20.2386,200.0,0.0,1.0
2016-07-11,22.71,22.71,22.7,22.7,20.4366,400.0,0.0,1.0
2016-07-12,22.91,22.9115,22.91,22.9115,20.627,292.0,0.0,1.0
2016-07-13,22.96,22.96,22.96,22.96,20.6707,100.0,0.0,1.0
2016-07-14,22.96,22.96,22.96,22.96,20.6707,0.0,0.0,1.0
2016-07-15,22.97,22.97,22.97,22.97,20.6797,218.0,0.0,1.0
2016-07-18,22.97,22.97,22.97,22.97,20.6797,0.0,0.0,1.0
2016-07-19,22.97,22.97,22.97,22.97,20.6797,0.0,0.0,1.0
2016-07-20,22.97,22.97,22.97,22.97,20.6797,0.0,0.0,1.0
2016-07-21,22.97,22.97,22.97,22.97,20.6797,0.0,0.0,1.0
2016-07-22,22.97,22.97,22.97,22.97,20.6797,3.0,0.0,1.0
2016-07-25,22.97,22.97,22.97,22.97,20.6797,55.0,0.0,1.0
2016-07-26,22.97,22.97,22.97,22.97,20.6797,0.0,0.0,1.0
2016-07-27,22.97,22.97,22.97,22.97,20.6797,0.0,0.0,1.0
2016-07-28,22.97,22.97,22.97,22.97,20.6797,0.0,0.0,1.0
2016-07-29,22.97,22.97,22.97,22.97,20.6797,0.0,0.0,1.0
2016-08-01,22.97,22.97,22.97,22.97,20.6797,0.0,0.0,1.0
2016-08-02,22.97,22.97,22.97,22.97,20.6797,0.0,0.0,1.0
2016-08-03,22.69,23.02,22.69,23.01,20.7157,10612.0,0.0,1.0
2016-08-04,23.01,23.01,23.01,23.01,20.7157,0.0,0.0,1.0
2016-08-05,23.01,23.01,23.01,23.01,20.7157,0.0,0.0,1.0
2016-08-08,23.01,23.01,23.01,23.01,20.7157,0.0,0.0,1.0
2016-08-09,23.01,23.01,23.01,23.01,20.7157,0.0,0.0,1.0
2016-08-10,23.58,23.635,23.58,23.58,21.2288,3700.0,0.0,1.0
2016-08-11,23.58,23.58,23.58,23.58,21.2288,0.0,0.0,1.0
2016-08-12,23.58,23.58,23.58,23.58,21.2288,0.0,0.0,1.0
2016-08-15,23.98,23.98,23.78,23.82,21.4449,1949.0,0.0,1.0
2016-08-16,23.5863,23.5863,23.5863,23.5863,21.2345,575.0,0.0,1.0
2016-08-17,23.5863,23.5863,23.5863,23.5863,21.2345,0.0,0.0,1.0
2016-08-18,23.5863,23.5863,23.5863,23.5863,21.2345,0.0,0.0,1.0
2016-08-19,23.5,23.5,23.3965,23.3965,21.0636,200.0,0.0,1.0
2016-08-22,23.3501,23.3501,23.3501,23.3501,21.0219,180.0,0.0,1.0
2016-08-23,23.498,23.498,23.498,23.498,21.155,100.0,0.0,1.0
2016-08-24,23.41,23.42,23.41,23.41,21.0758,4430.0,0.0,1.0
2016-08-25,23.41,23.41,23.41,23.41,21.0758,0.0,0.0,1.0
2016-08-26,23.41,23.41,23.41,23.41,21.0758,0.0,0.0,1.0
2016-08-29,23.79,23.79,23.37,23.37,21.0398,1152.0,0.0,1.0
2016-08-30,23.4012,23.4012,23.4012,23.4012,21.0679,198.0,0.0,1.0
2016-08-31,23.4012,23.4012,23.4012,23.4012,21.0679,0.0,0.0,1.0
2016-09-01,23.4012,23.4012,23.4012,23.4012,21.0679,8.0,0.0,1.0
2016-09-02,23.5893,23.5893,23.5893,23.5893,21.2372,731.0,0.0,1.0
2016-09-06,23.5893,23.5893,23.5893,23.5893,21.2372,0.0,0.0,1.0
2016-09-07,23.5893,23.5893,23.5893,23.5893,21.2372,3.0,0.0,1.0
2016-09-08,23.5893,23.5893,23.5893,23.5893,21.2372,0.0,0.0,1.0
2016-09-09,23.5893,23.5893,23.5893,23.5893,21.2372,0.0,0.0,1.0
2016-09-12,23.5893,23.5893,23.5893,23.5893,21.2372,2.0,0.0,1.0
2016-09-13,23.5893,23.5893,23.5893,23.5893,21.2372,18.0,0.0,1.0
2016-09-14,23.5893,23.5893,23.5893,23.5893,21.2372,4.0,0.0,1.0
2016-09-15,23.5893,23.5893,23.5893,23.5893,21.2372,0.0,0.0,1.0
2016-09-16,23.5893,23.5893,23.5893,23.5893,21.2372,0.0,0.0,1.0
2016-09-19,23.2104,23.2176,23.2,23.2176,20.9026,975.0,0.0,1.0
2016-09-20,23.2176,23.2176,23.2176,23.2176,20.9026,0.0,0.0,1.0
2016-09-21,23.2176,23.2176,23.2176,23.2176,20.9336,0.0,0.0345,1.0
2016-09-22,23.1776,23.1776,23.1776,23.1776,20.8976,3.0,0.0,1.0
2016-09-23,23.1776,23.1776,23.1776,23.1776,20.8976,0.0,0.0,1.0
2016-09-26,23.1776,23.1776,23.1776,23.1776,20.8976,0.0,0.0,1.0
2016-09-27,23.2112,23.2112,23.2014,23.2014,20.919,200.0,0.0,1.0
2016-09-28,23.2014,23.2014,23.2014,23.2014,20.919,3.0,0.0,1.0
2016-09-29,23.2014,23.2014,23.2014,23.2014,20.919,0.0,0.0,1.0
2016-09-30,23.2014,23.2014,23.2014,23.2014,20.919,10.0,0.0,1.0
2016-10-03,23.2014,23.2014,23.2014,23.2014,20.919,0.0,0.0,1.0
2016-10-04,23.2014,23.2014,23.2014,23.2014,20.919,0.0,0.0,1.0
2016-10-05,23.2014,23.2014,23.2014,23.2014,20.919,0.0,0.0,1.0
2016-10-06,23.2014,23.2014,23.2014,23.2014,20.919,56.0,0.0,1.0
2016-10-07,23.2014,23.2014,23.2014,23.2014,20.919,0.0,0.0,1.0
2016-10-10,23.8901,23.9355,23.8901,23.9355,21.5809,3001.0,0.0,1.0
2016-10-11,23.9355,23.9355,23.9355,23.9355,21.5809,1.0,0.0,1.0
2016-10-12,23.9355,23.9355,23.9355,23.9355,21.5809,0.0,0.0,1.0
2016-10-13,23.9355,23.9355,23.9355,23.9355,21.5809,0.0,0.0,1.0
2016-10-14,23.9355,23.9355,23.9355,23.9355,21.5809,0.0,0.0,1.0
2016-10-17,23.6354,23.6354,23.6354,23.6354,21.3103,118.0,0.0,1.0
2016-10-18,23.6354,23.6354,23.6354,23.6354,21.3103,0.0,0.0,1.0
2016-10-19,23.6354,23.6354,23.6354,23.6354,21.3103,1.0,0.0,1.0
2016-10-20,23.6354,23.6354,23.6354,23.6354,21.3103,0.0,0.0,1.0
2016-10-21,23.6354,23.6354,23.6354,23.6354,21.3103,0.0,0.0,1.0
2016-10-24,23.6354,23.6354,23.6354,23.6354,21.3103,0.0,0.0,1.0
2016-10-25,23.6354,23.6354,23.6354,23.6354,21.3103,0.0,0.0,1.0
2016-10-26,23.6354,23.6354,23.6354,23.6354,21.3103,0.0,0.0,1.0
2016-10-27,23.6354,23.6354,23.6354,23.6354,21.3103,0.0,0.0,1.0
2016-10-28,23.6354,23.6354,23.6354,23.6354,21.3103,0.0,0.0,1.0
2016-10-31,23.6354,23.6354,23.6354,23.6354,21.3103,2.0,0.0,1.0
2016-11-01,23.59,23.59,23.5781,23.5781,21.2587,540.0,0.0,1.0
2016-11-02,23.5781,23.5781,23.5781,23.5781,21.2587,0.0,0.0,1.0
2016-11-03,23.5781,23.5781,23.5781,23.5781,21.2587,0.0,0.0,1.0
2016-11-04,23.0,23.0,23.0,23.0,20.7374,1370.0,0.0,1.0
2016-11-07,23.0,23.0,23.0,23.0,20.7374,0.0,0.0,1.0
2016-11-08,23.0,23.0,23.0,23.0,20.7374,0.0,0.0,1.0
2016-11-09,23.66,23.6947,23.66,23.6947,21.3638,250.0,0.0,1.0
2016-11-10,23.6947,23.6947,23.6947,23.6947,21.3638,0.0,0.0,1.0
2016-11-11,23.35,23.3501,23.34,23.34,21.044,911.0,0.0,1.0
2016-11-14,23.34,23.34,23.34,23.34,21.044,0.0,0.0,1.0
2016-11-15,23.34,23.34,23.34,23.34,21.044,0.0,0.0,1.0
2016-11-16,23.34,23.34,23.34,23.34,21.044,0.0,0.0,1.0
2016-11-17,23.34,23.34,23.34,23.34,21.044,0.0,0.0,1.0
2016-11-18,23.34,23.34,23.34,23.34,21.044,1.0,0.0,1.0
2016-11-21,23.34,23.34,23.34,23.34,21.044,0.0,0.0,1.0
2016-11-22,23.34,23.34,23.34,23.34,21.044,0.0,0.0,1.0
2016-11-23,23.61,23.65,23.61,23.65,21.3235,850.0,0.0,1.0
2016-11-25,23.65,23.65,23.65,23.65,21.3235,0.0,0.0,1.0
2016-11-28,23.65,23.65,23.65,23.65,21.3235,0.0,0.0,1.0
2016-11-29,23.65,23.65,23.65,23.65,21.3235,0.0,0.0,1.0
2016-11-30,23.65,23.65,23.65,23.65,21.3235,0.0,0.0,1.0
2016-12-01,23.65,23.65,23.65,23.65,21.3235,0.0,0.0,1.0
2016-12-02,23.4899,23.4899,23.4343,23.4343,21.129,350.0,0.0,1.0
2016-12-05,23.4343,23.4343,23.4343,23.4343,21.129,0.0,0.0,1.0
2016-12-06,23.4343,23.4343,23.4343,23.4343,21.129,0.0,0.0,1.0
2016-12-07,23.4343,23.4343,23.4343,23.4343,21.129,0.0,0.0,1.0
2016-12-08,23.4343,23.4343,23.4343,23.4343,21.129,0.0,0.0,1.0
2016-12-09,23.4343,23.4343,23.4343,23.4343,22.311,0.0,1.3109,1.0
2016-12-12,23.4343,23.4343,23.4343,23.4343,22.311,0.0,0.0,1.0
2016-12-13,23.4343,23.4343,23.4343,23.4343,22.311,0.0,0.0,1.0
2016-12-14,22.1143,22.1143,22.1143,22.1143,21.0543,23.0,0.0,1.0
2016-12-15,22.1143,22.1143,22.1143,22.1143,21.0543,7.0,0.0,1.0
2016-12-16,23.206,23.206,23.206,23.206,22.0936,108.0,0.0,1.0
2016-12-19,23.206,23.206,23.206,23.206,22.0936,0.0,0.0,1.0
2016-12-20,23.206,23.206,23.206,23.206,22.0936,0.0,0.0,1.0
2016-12-21,23.107,23.107,23.107,23.107,22.1279,100.0,0.135,1.0
2016-12-22,23.107,23.107,23.107,23.107,22.1279,0.0,0.0,1.0
2016-12-23,23.107,23.107,23.107,23.107,22.1279,0.0,0.0,1.0
2016-12-27,23.43,23.43,23.27,23.27,22.284,260.0,0.0,1.0
2016-12-28,23.27,23.27,23.27,23.27,22.284,1.0,0.0,1.0
2016-12-29,23.27,23.27,23.27,23.27,22.284,13.0,0.0,1.0
2016-12-30,23.27,23.27,23.27,23.27,22.284,101.0,0.0,1.0
2017-01-03,23.27,23.27,23.27,23.27,22.284,0.0,0.0,1.0
2017-01-04,23.27,23.27,23.27,23.27,22.284,0.0,0.0,1.0
2017-01-05,23.27,23.27,23.27,23.27,22.284,0.0,0.0,1.0
2017-01-06,23.27,23.27,23.27,23.27,22.284,0.0,0.0,1.0
2017-01-09,23.27,23.27,23.27,23.27,22.284,12.0,0.0,1.0
2017-01-10,23.61,23.6319,23.61,23.6319,22.6306,210.0,0.0,1.0
2017-01-11,23.6319,23.6319,23.6319,23.6319,22.6306,0.0,0.0,1.0
2017-01-12,23.65,23.65,23.59,23.6283,22.6271,18113.0,0.0,1.0
2017-01-13,23.65,23.69,23.64,23.68,22.6766,4200.0,0.0,1.0
2017-01-17,23.4323,23.4739,23.4323,23.4739,22.4793,625.0,0.0,1.0
2017-01-18,23.4739,23.4739,23.4739,23.4739,22.4793,0.0,0.0,1.0
2017-01-19,23.3976,23.3976,23.3724,23.3724,22.3821,291.0,0.0,1.0
2017-01-20,23.33,23.33,23.3,23.3,22.3127,1000.0,0.0,1.0
2017-01-23,23.3,23.3,23.17,23.17,22.1882,3409.0,0.0,1.0
2017-01-24,23.17,23.17,23.17,23.17,22.1882,0.0,0.0,1.0
2017-01-25,23.17,23.17,23.17,23.17,22.1882,75.0,0.0,1.0
2017-01-26,23.17,23.17,23.17,23.17,22.1882,0.0,0.0,1.0
2017-01-27,23.17,23.17,23.17,23.17,22.1882,0.0,0.0,1.0
2017-01-30,23.3025,23.3033,23.3025,23.3033,22.3159,206.0,0.0,1.0
2017-01-31,23.2592,23.2761,23.17,23.17,22.1882,7131.0,0.0,1.0
2017-02-01,23.17,23.17,23.17,23.17,22.1882,92.0,0.0,1.0
2017-02-02,23.17,23.17,23.17,23.17,22.1882,0.0,0.0,1.0
2017-02-03,23.17,23.17,23.17,23.17,22.1882,0.0,0.0,1.0
2017-02-06,23.27,23.29,23.27,23.29,22.3031,600.0,0.0,1.0
2017-02-07,23.29,23.29,23.29,23.29,22.3031,42.0,0.0,1.0
2017-02-08,23.29,23.29,23.29,23.29,22.3031,0.0,0.0,1.0
2017-02-09,23.29,23.29,23.29,23.29,22.3031,0.0,0.0,1.0
2017-02-10,23.29,23.29,23.29,23.29,22.3031,50.0,0.0,1.0
2017-02-13,23.91,23.92,23.91,23.92,22.9064,2000.0,0.0,1.0
2017-02-14,23.61,23.835,23.61,23.835,22.8251,1300.0,0.0,1.0
2017-02-15,23.835,23.835,23.835,23.835,22.8251,0.0,0.0,1.0
2017-02-16,23.8,23.8248,23.8,23.8248,22.8153,400.0,0.0,1.0
2017-02-17,23.94,23.94,23.94,23.94,22.9256,800.0,0.0,1.0
2017-02-21,23.94,23.94,23.94,23.94,22.9256,0.0,0.0,1.0
2017-02-22,24.05,24.05,24.05,24.05,23.0309,100.0,0.0,1.0
2017-02-23,24.05,24.05,24.05,24.05,23.0309,0.0,0.0,1.0
2017-02-24,23.93,23.93,23.86,23.93,22.916,572.0,0.0,1.0
2017-02-27,23.88,23.89,23.88,23.89,22.8777,1001.0,0.0,1.0
2017-02-28,23.91,23.9499,23.91,23.915,22.9017,1400.0,0.0,1.0
2017-03-01,24.1902,24.1902,24.1902,24.1902,23.1652,830.0,0.0,1.0
2017-03-02,24.2022,24.24,24.2022,24.24,23.2129,500.0,0.0,1.0
2017-03-03,24.24,24.24,24.24,24.24,23.2129,0.0,0.0,1.0
2017-03-06,24.24,24.24,24.24,24.24,23.2129,50.0,0.0,1.0
2017-03-07,24.21,24.212,24.21,24.212,23.1861,865.0,0.0,1.0
2017-03-08,24.23,24.23,24.2299,24.23,23.2033,3300.0,0.0,1.0
2017-03-09,24.2,24.28,24.2,24.215,23.1889,1265.0,0.0,1.0
2017-03-10,24.215,24.215,24.215,24.215,23.1889,0.0,0.0,1.0
2017-03-13,24.2363,24.47,24.2363,24.45,23.414,6500.0,0.0,1.0
2017-03-14,24.45,24.45,24.45,24.45,23.414,8000.0,0.0,1.0
2017-03-15,24.3089,24.3089,24.3089,24.3089,23.2789,582.0,0.0,1.0
2017-03-16,24.3089,24.3089,24.3089,24.3089,23.2789,0.0,0.0,1.0
2017-03-17,24.3089,24.3089,24.3089,24.3089,23.2789,0.0,0.0,1.0
2017-03-20,24.4833,24.4833,24.4833,24.4833,23.4459,500.0,0.0,1.0
2017-03-21,24.4199,24.4199,24.4199,24.4199,23.3852,300.0,0.0,1.0
2017-03-22,24.18,24.28,24.18,24.28,23.4092,1548.0,0.165,1.0
2017-03-23,24.28,24.28,24.28,24.28,23.4092,0.0,0.0,1.0
2017-03-24,24.28,24.28,24.28,24.28,23.4092,0.0,0.0,1.0
2017-03-27,24.21,24.21,24.21,24.21,23.3417,126.0,0.0,1.0
2017-03-28,24.59,24.62,24.59,24.6,23.7177,2101.0,0.0,1.0
2017-03-29,24.6,24.6,24.6,24.6,23.7177,21.0,0.0,1.0
2017-03-30,24.6,24.6,24.6,24.6,23.7177,1.0,0.0,1.0
2017-03-31,24.6,24.6,24.6,24.6,23.7177,4.0,0.0,1.0
2017-04-03,24.6,24.6,24.6,24.6,23.7177,1.0,0.0,1.0
2017-04-04,24.6,24.6,24.6,24.6,23.7177,19.0,0.0,1.0
2017-04-05,24.6,24.6,24.6,24.6,23.7177,15.0,0.0,1.0
2017-04-06,24.6,24.6,24.6,24.6,23.7177,100.0,0.0,1.0
2017-04-07,24.6,24.6,24.6,24.6,23.7177,100.0,0.0,1.0
2017-04-10,24.6,24.6154,24.6,24.6154,23.7326,200.0,0.0,1.0
2017-04-11,24.6,24.6,24.6,24.6,23.7177,1274.0,0.0,1.0
2017-04-12,24.5501,24.64,24.5501,24.64,23.7563,1900.0,0.0,1.0
2017-04-13,24.55,24.55,24.55,24.55,23.6695,577.0,0.0,1.0
2017-04-17,24.47,24.5,24.47,24.5,23.6213,201.0,0.0,1.0
2017-04-18,24.29,24.5,24.0402,24.0402,23.178,1595.0,0.0,1.0
2017-04-19,24.0402,24.0402,24.0402,24.0402,23.178,0.0,0.0,1.0
2017-04-20,24.18,24.3,24.18,24.23,23.361,2260.0,0.0,1.0
2017-04-21,24.23,24.23,24.23,24.23,23.361,0.0,0.0,1.0
2017-04-24,24.6028,24.6028,24.6,24.6,23.7177,671.0,0.0,1.0
2017-04-25,24.5924,24.65,24.5924,24.65,23.7659,1577.0,0.0,1.0
2017-04-26,24.65,24.65,24.65,24.65,23.7659,0.0,0.0,1.0
2017-04-27,24.4556,24.5,24.4394,24.5,23.6213,450.0,0.0,1.0
2017-04-28,24.44,24.44,24.44,24.44,23.5635,5100.0,0.0,1.0
2017-05-01,24.44,24.44,24.44,24.44,23.5635,4.0,0.0,1.0
2017-05-02,24.44,24.44,24.44,24.44,23.5635,2.0,0.0,1.0
2017-05-03,24.63,24.63,24.63,24.63,23.7467,600.0,0.0,1.0
2017-05-04,24.71,24.76,24.71,24.76,23.872,258.0,0.0,1.0
2017-05-05,24.8399,24.89,24.8399,24.89,23.9973,503.0,0.0,1.0
2017-05-08,24.89,24.89,24.89,24.89,23.9973,158.0,0.0,1.0
2017-05-09,24.89,24.89,24.89,24.89,23.9973,61.0,0.0,1.0
2017-05-10,25.0899,25.0899,25.0899,25.0899,24.1901,552.0,0.0,1.0
2017-05-11,24.914,24.9628,24.914,24.9628,24.0675,558.0,0.0,1.0
2017-05-12,24.9628,24.9628,24.9628,24.9628,24.0675,0.0,0.0,1.0
2017-05-15,25.26,25.26,25.26,25.26,24.3541,210.0,0.0,1.0
2017-05-16,25.31,25.31,25.31,25.31,24.4023,101.0,0.0,1.0
2017-05-17,25.33,25.33,25.09,25.09,24.1902,1960.0,0.0,1.0
2017-05-18,25.04,25.04,25.04,25.04,24.1419,100.0,0.0,1.0
2017-05-19,25.04,25.04,25.04,25.04,24.1419,0.0,0.0,1.0
2017-05-22,25.04,25.04,25.04,25.04,24.1419,0.0,0.0,1.0
2017-05-23,25.1001,25.1001,25.1001,25.1001,24.1999,320.0,0.0,1.0
2017-05-24,25.1001,25.1001,25.1001,25.1001,24.1999,0.0,0.0,1.0
2017-05-25,25.1001,25.1001,25.1001,25.1001,24.1999,0.0,0.0,1.0
2017-05-26,25.1001,25.1001,25.1001,25.1001,24.1999,0.0,0.0,1.0
2017-05-30,25.1001,25.1001,25.1001,25.1001,24.1999,0.0,0.0,1.0
2017-05-31,25.15,25.15,25.15,25.15,24.248,200.0,0.0,1.0
2017-06-01,25.2,25.34,24.93,25.34,24.4312,2030.0,0.0,1.0
2017-06-02,25.27,25.27,25.27,25.27,24.3637,106.0,0.0,1.0
2017-06-05,25.3,25.3,25.3,25.3,24.3926,101.0,0.0,1.0
2017-06-06,25.3,25.3,25.3,25.3,24.3926,0.0,0.0,1.0
2017-06-07,25.1,25.102,25.1,25.1,24.1998,2100.0,0.0,1.0
2017-06-08,25.1,25.14,25.1,25.14,24.2384,300.0,0.0,1.0
2017-06-09,25.14,25.14,25.14,25.14,24.2384,0.0,0.0,1.0
2017-06-12,25.14,25.14,25.14,25.14,24.2384,4.0,0.0,1.0
2017-06-13,25.22,25.22,25.22,25.22,24.3155,101.0,0.0,1.0
2017-06-14,25.2,25.2,25.2,25.2,24.2962,101.0,0.0,1.0
2017-06-15,25.2,25.2,25.2,25.2,24.2962,0.0,0.0,1.0
2017-06-16,25.14,25.14,25.14,25.14,24.2384,102.0,0.0,1.0
2017-06-19,25.35,25.35,25.35,25.35,24.4408,100.0,0.0,1.0
2017-06-20,25.1472,25.16,25.1336,25.1336,24.2322,1238.0,0.0,1.0
2017-06-21,24.7056,24.7056,24.6903,24.6903,24.1393,517.0,0.347,1.0
2017-06-22,24.75,24.75,24.75,24.75,24.1977,350.0,0.0,1.0
2017-06-23,24.75,24.75,24.75,24.75,24.1977,21.0,0.0,1.0
2017-06-26,24.7429,24.7429,24.7429,24.7429,24.1908,559.0,0.0,1.0
2017-06-27,24.62,24.62,24.5668,24.57,24.0217,1685.0,0.0,1.0
2017-06-28,24.62,24.63,24.62,24.63,24.0804,432.0,0.0,1.0
2017-06-29,24.63,24.63,24.63,24.63,24.0804,1.0,0.0,1.0
2017-06-30,24.23,24.23,24.23,24.23,23.6893,350.0,0.0,1.0
2017-07-03,24.4,24.4,24.4,24.4,23.8555,201.0,0.0,1.0
2017-07-05,24.48,24.5,24.34,24.48,23.9337,1826.0,0.0,1.0
2017-07-06,24.2925,24.41,24.2925,24.39,23.8457,800.0,0.0,1.0
2017-07-07,24.51,24.51,24.51,24.51,23.9631,200.0,0.0,1.0
2017-07-10,24.5864,24.5864,24.5864,24.5864,24.0378,272.0,0.0,1.0
2017-07-11,24.5864,24.5864,24.5864,24.5864,24.0378,1.0,0.0,1.0
2017-07-12,24.81,24.81,24.73,24.73,24.1782,235.0,0.0,1.0
2017-07-13,24.77,24.77,24.77,24.77,24.2173,100.0,0.0,1.0
2017-07-14,24.68,24.68,24.68,24.68,24.1293,400.0,0.0,1.0
2017-07-17,24.74,24.74,24.7071,24.7071,24.1558,370.0,0.0,1.0
2017-07-18,24.53,24.5388,24.47,24.5388,23.9912,910.0,0.0,1.0
2017-07-19,24.59,24.59,24.59,24.59,24.0413,214.0,0.0,1.0
2017-07-20,24.5704,24.59,24.5596,24.59,24.0413,612.0,0.0,1.0
2017-07-21,24.373,24.373,24.373,24.373,23.8291,200.0,0.0,1.0
2017-07-24,24.2655,24.29,24.2655,24.29,23.748,548.0,0.0,1.0
2017-07-25,24.4,24.44,24.39,24.39,23.8457,7990.0,0.0,1.0
2017-07-26,24.48,24.49,24.45,24.49,23.9435,946.0,0.0,1.0
2017-07-27,24.35,24.35,24.35,24.35,23.8066,200.0,0.0,1.0
2017-07-28,23.91,24.15,23.6,24.15,23.6111,4510.0,0.0,1.0
2017-07-31,24.12,24.12,23.99,23.99,23.4547,675.0,0.0,1.0
2017-08-01,24.28,24.3,24.2469,24.26,23.7186,2672.0,0.0,1.0
2017-08-02,24.26,24.26,24.26,24.26,23.7186,10001.0,0.0,1.0
2017-08-03,24.37,24.39,24.37,24.39,23.8457,2082.0,0.0,1.0
2017-08-04,24.531,24.55,24.531,24.55,24.0022,200.0,0.0,1.0
2017-08-07,24.52,24.52,24.52,24.52,23.9728,100.0,0.0,1.0
2017-08-08,24.52,24.52,24.52,24.52,23.9728,1.0,0.0,1.0
2017-08-09,24.52,24.52,24.52,24.52,23.9728,0.0,0.0,1.0
2017-08-10,24.0572,24.07,24.0572,24.07,23.5329,1689.0,0.0,1.0
2017-08-11,24.0,24.0,24.0,24.0,23.4644,100.0,0.0,1.0
2017-08-14,24.1728,24.23,24.16,24.23,23.6893,508.0,0.0,1.0
2017-08-15,24.25,24.25,24.25,24.25,23.7089,876.0,0.0,1.0
2017-08-16,24.35,24.386,24.35,24.3544,23.8109,3187.0,0.0,1.0
2017-08-17,24.1701,24.215,24.11,24.11,23.572,1929.0,0.0,1.0
2017-08-18,24.07,24.15,24.07,24.15,23.6111,1106.0,0.0,1.0
2017-08-21,24.051,24.051,24.05,24.05,23.5133,463.0,0.0,1.0
2017-08-22,24.19,24.3,24.0861,24.3,23.7578,1425.0,0.0,1.0
2017-08-23,24.3,24.3,24.3,24.3,23.7578,0.0,0.0,1.0
2017-08-24,24.38,24.38,24.38,24.38,23.836,782.0,0.0,1.0
2017-08-25,24.38,24.38,24.38,24.38,23.836,0.0,0.0,1.0
2017-08-28,24.38,24.38,24.38,24.38,23.836,50.0,0.0,1.0
2017-08-29,24.38,24.38,24.38,24.38,23.836,0.0,0.0,1.0
2017-08-30,24.15,24.15,24.15,24.15,23.6111,100.0,0.0,1.0
2017-08-31,24.15,24.15,24.15,24.15,23.6111,0.0,0.0,1.0
2017-09-01,24.45,24.45,24.45,24.45,23.9044,409.0,0.0,1.0
2017-09-05,24.0972,24.11,24.0844,24.0844,23.547,736.0,0.0,1.0
2017-09-06,24.191,24.32,24.191,24.32,23.7773,763.0,0.0,1.0
2017-09-07,24.39,24.39,24.39,24.39,23.8457,100.0,0.0,1.0
2017-09-08,24.39,24.39,24.39,24.39,23.8457,0.0,0.0,1.0
2017-09-11,24.48,24.64,24.48,24.64,24.0902,1900.0,0.0,1.0
2017-09-12,24.64,24.64,24.64,24.64,24.0902,0.0,0.0,1.0
2017-09-13,24.64,24.64,24.64,24.64,24.0902,0.0,0.0,1.0
2017-09-14,24.5,24.5,24.4664,24.4664,23.9204,250.0,0.0,1.0
2017-09-15,24.405,24.405,24.36,24.3892,23.845,4156.0,0.0,1.0
2017-09-18,24.5,24.5,24.5,24.5,23.9533,200.0,0.0,1.0
2017-09-19,24.62,24.62,24.448,24.5128,23.9658,1079.0,0.0,1.0
2017-09-20,24.5128,24.5128,24.5128,24.5128,23.9658,0.0,0.0,1.0
2017-09-21,24.33,24.33,24.1,24.16,23.8321,2000.0,0.216,1.0
2017-09-22,24.43,24.43,24.43,24.43,24.0984,200.0,0.0,1.0
2017-09-25,24.37,24.37,24.3637,24.37,24.0392,2554.0,0.0,1.0
2017-09-26,24.37,24.37,24.37,24.37,24.0392,201.0,0.0,1.0
2017-09-27,24.37,24.37,24.37,24.37,24.0392,1.0,0.0,1.0
2017-09-28,24.3757,24.43,24.3757,24.43,24.0984,337.0,0.0,1.0
2017-09-29,24.65,24.65,24.65,24.65,24.3154,567.0,0.0,1.0
2017-10-02,24.651,24.76,24.651,24.76,24.4239,609.0,0.0,1.0
2017-10-03,24.79,24.79,24.79,24.79,24.4535,206.0,0.0,1.0
2017-10-04,24.74,24.74,24.74,24.74,24.4042,235.0,0.0,1.0
2017-10-05,24.94,24.94,24.9,24.9,24.562,603.0,0.0,1.0
2017-10-06,24.91,24.91,24.8673,24.8673,24.5298,514.0,0.0,1.0
2017-10-09,24.867,24.867,24.867,24.867,24.5295,0.0,0.0,1.0
2017-10-10,24.8673,24.8673,24.8673,24.8673,24.5298,0.0,0.0,1.0
2017-10-11,24.95,24.95,24.95,24.95,24.6113,213.0,0.0,1.0
2017-10-12,24.95,24.95,24.95,24.95,24.6113,38.0,0.0,1.0
2017-10-13,25.04,25.06,25.04,25.06,24.7198,301.0,0.0,1.0
2017-10-16,24.9377,24.9377,24.9377,24.9377,24.5992,10124.0,0.0,1.0
2017-10-17,24.9377,24.9377,24.9377,24.9377,24.5992,21.0,0.0,1.0
2017-10-18,25.015,25.015,25.015,25.015,24.6755,159.0,0.0,1.0
2017-10-19,24.95,24.95,24.95,24.95,24.6113,524.0,0.0,1.0
2017-10-20,24.95,24.95,24.95,24.95,24.6113,5.0,0.0,1.0
2017-10-23,25.0094,25.0094,25.0094,25.0094,24.6699,256.0,0.0,1.0
2017-10-24,25.07,25.07,25.07,25.07,24.7297,150.0,0.0,1.0
2017-10-25,25.07,25.07,25.07,25.07,24.7297,29.0,0.0,1.0
2017-10-26,25.22,25.22,25.0612,25.0612,24.721,491.0,0.0,1.0
2017-10-27,25.36,25.36,25.2306,25.27,24.927,5827.0,0.0,1.0
2017-10-30,25.1529,25.1529,25.1529,25.1529,24.8115,300.0,0.0,1.0
2017-10-31,25.1701,25.28,25.1701,25.28,24.9369,1187.0,0.0,1.0
2017-11-01,25.39,25.4,25.39,25.4,25.0552,2600.0,0.0,1.0
2017-11-02,25.41,25.41,25.41,25.41,25.0651,229.0,0.0,1.0
2017-11-03,25.41,25.41,25.41,25.41,25.0651,2.0,0.0,1.0
2017-11-06,25.41,25.41,25.41,25.41,25.0651,3.0,0.0,1.0
2017-11-07,25.35,25.35,25.35,25.35,25.0059,430.0,0.0,1.0
2017-11-08,25.38,25.38,25.38,25.38,25.0355,200.0,0.0,1.0
2017-11-09,25.38,25.38,25.38,25.38,25.0355,0.0,0.0,1.0
2017-11-10,25.38,25.38,25.38,25.38,25.0355,0.0,0.0,1.0
2017-11-13,25.35,25.35,25.35,25.35,25.0059,9.0,0.0,1.0
2017-11-14,25.38,25.38,25.38,25.38,25.0355,10.0,0.0,1.0
2017-11-15,24.7492,24.7492,24.7492,24.7492,24.4133,1000.0,0.0,1.0
2017-11-16,24.76,24.8,24.59,24.79,24.4535,25982.0,0.0,1.0
2017-11-17,24.6235,24.6235,24.6235,24.6235,24.2893,211.0,0.0,1.0
2017-11-20,24.6235,24.6235,24.6235,24.6235,24.2893,0.0,0.0,1.0
2017-11-21,24.9099,24.9099,24.9099,24.9099,24.5718,331.0,0.0,1.0
2017-11-22,24.9099,24.9099,24.9099,24.9099,24.5718,0.0,0.0,1.0
2017-11-24,24.9099,24.9099,24.9099,24.9099,24.5718,0.0,0.0,1.0
2017-11-27,24.9099,24.9099,24.9099,24.9099,24.5718,0.0,0.0,1.0
2017-11-28,24.9,24.9,24.9,24.9,24.562,183.0,0.0,1.0
2017-11-29,24.9,24.9,24.9,24.9,24.562,0.0,0.0,1.0
2017-11-30,25.01,25.01,25.01,25.01,24.6705,400.0,0.0,1.0
2017-12-01,25.01,25.01,25.01,25.01,24.6705,0.0,0.0,1.0
2017-12-04,25.01,25.01,25.01,25.01,24.6705,147.0,0.0,1.0
2017-12-05,24.705,24.71,24.705,24.71,24.3746,284.0,0.0,1.0
2017-12-06,24.71,24.71,24.71,24.71,24.3746,75.0,0.0,1.0
2017-12-07,24.6601,24.691,24.5793,24.6427,24.3082,12047.0,0.0,1.0
2017-12-08,24.76,24.76,24.76,24.76,24.4239,1000.0,0.0,1.0
2017-12-11,24.76,24.76,24.76,24.76,24.4239,0.0,0.0,1.0
2017-12-12,24.76,24.76,24.76,24.76,24.4239,0.0,0.0,1.0
2017-12-13,24.91,24.92,24.8972,24.9,24.562,3000.0,0.0,1.0
2017-12-14,24.96,24.96,24.79,24.79,24.4535,807.0,0.0,1.0
2017-12-15,24.79,24.79,24.79,24.79,24.4535,0.0,0.0,1.0
2017-12-18,24.96,24.97,24.915,24.97,24.6311,1006.0,0.0,1.0
2017-12-19,24.8299,24.83,24.75,24.75,24.5206,876.0,0.108,1.0
2017-12-20,24.59,24.59,24.2,24.2,23.9757,7140.0,0.0,1.0
2017-12-21,24.66,24.66,24.66,24.66,24.4314,100.0,0.0,1.0
2017-12-22,24.66,24.66,24.66,24.66,24.4314,0.0,0.0,1.0
2017-12-26,24.66,24.66,24.66,24.66,24.4314,1.0,0.0,1.0
2017-12-27,24.7699,24.7699,24.7699,24.7699,24.5403,134.0,0.0,1.0
2017-12-28,24.72,24.72,24.72,24.72,24.4909,100.0,0.0,1.0
2017-12-29,24.72,24.72,24.72,24.72,24.4909,0.0,0.0,1.0
2018-01-02,24.76,24.76,24.7312,24.7312,24.502,800.0,0.0,1.0
2018-01-03,24.87,24.87,24.87,24.87,24.6395,300.0,0.0,1.0
2018-01-04,24.87,24.87,24.87,24.87,24.6395,0.0,0.0,1.0
2018-01-05,24.87,24.87,24.87,24.87,24.6395,10.0,0.0,1.0
2018-01-08,25.03,25.24,25.03,25.18,24.9466,2921.0,0.0,1.0
2018-01-09,25.3,25.333,25.3,25.333,25.0982,590.0,0.0,1.0
2018-01-10,25.27,25.27,25.27,25.27,25.0358,397.0,0.0,1.0
2018-01-11,25.3,25.3,25.3,25.3,25.0655,400.0,0.0,1.0
2018-01-12,25.3,25.3,25.3,25.3,25.0655,0.0,0.0,1.0
2018-01-16,25.21,25.21,25.21,25.21,24.9763,400.0,0.0,1.0
2018-01-17,25.21,25.21,25.21,25.21,24.9763,0.0,0.0,1.0
2018-01-18,25.21,25.21,25.21,25.21,24.9763,0.0,0.0,1.0
2018-01-19,25.21,25.21,25.21,25.21,24.9763,0.0,0.0,1.0
2018-01-22,25.41,25.41,25.376,25.376,25.1408,318.0,0.0,1.0
2018-01-23,25.31,25.31,25.31,25.31,25.0754,500.0,0.0,1.0
2018-01-24,25.3098,25.3098,25.3098,25.3098,25.0752,0.0,0.0,1.0
2018-01-25,25.3098,25.3098,25.3098,25.3098,25.0752,0.0,0.0,1.0
2018-01-26,25.3098,25.3098,25.3098,25.3098,25.0752,0.0,0.0,1.0
2018-01-29,25.3098,25.3098,25.3098,25.3098,25.0752,10.0,0.0,1.0
2018-01-30,25.3098,25.3098,25.3098,25.3098,25.0752,0.0,0.0,1.0
2018-01-31,25.3098,25.3098,25.3098,25.3098,25.0752,1.0,0.0,1.0
2018-02-01,25.3098,25.3098,25.3098,25.3098,25.0752,87.0,0.0,1.0
2018-02-02,24.77,24.77,24.77,24.77,24.5404,100.0,0.0,1.0
2018-02-05,24.77,24.77,24.77,24.77,24.5404,10.0,0.0,1.0
2018-02-06,23.97,23.97,23.97,23.97,23.7478,200.0,0.0,1.0
2018-02-07,23.97,23.97,23.97,23.97,23.7478,0.0,0.0,1.0
2018-02-08,23.97,23.97,23.97,23.97,23.7478,0.0,0.0,1.0
2018-02-09,23.97,23.97,23.97,23.97,23.7478,0.0,0.0,1.0
2018-02-12,23.64,23.848,23.42,23.848,23.6269,5323.0,0.0,1.0
2018-02-13,23.8444,23.8444,23.8401,23.8401,23.6191,217.0,0.0,1.0
2018-02-14,23.84,23.84,23.84,23.84,23.619,0.0,0.0,1.0
2018-02-15,23.8401,23.8401,23.8401,23.8401,23.6191,0.0,0.0,1.0
2018-02-16,23.8401,23.8401,23.8401,23.8401,23.6191,0.0,0.0,1.0
2018-02-20,24.51,24.51,24.13,24.13,23.9063,775.0,0.0,1.0
2018-02-21,24.13,24.13,24.13,24.13,23.9063,1.0,0.0,1.0
2018-02-22,24.13,24.13,24.13,24.13,23.9063,0.0,0.0,1.0
2018-02-23,24.13,24.13,24.13,24.13,23.9063,0.0,0.0,1.0
2018-02-26,24.7,24.704,24.69,24.704,24.475,5906.0,0.0,1.0
2018-02-27,24.75,24.75,24.43,24.43,24.2035,300.0,0.0,1.0
2018-02-28,24.43,24.43,24.43,24.43,24.2035,0.0,0.0,1.0
2018-03-01,24.43,24.43,24.43,24.43,24.2035,1.0,0.0,1.0
2018-03-02,23.8186,23.8186,23.8186,23.8186,23.5978,467.0,0.0,1.0
2018-03-05,23.9302,23.9302,23.9267,23.9267,23.7049,770.0,0.0,1.0
2018-03-06,23.9267,23.9267,23.9267,23.9267,23.7049,0.0,0.0,1.0
2018-03-07,23.93,23.93,23.93,23.93,23.7082,100.0,0.0,1.0
2018-03-08,24.07,24.07,24.07,24.07,23.8469,466.0,0.0,1.0
2018-03-09,24.17,24.17,24.17,24.17,23.946,204.0,0.0,1.0
2018-03-12,24.21,24.21,24.21,24.21,23.9856,900.0,0.0,1.0
2018-03-13,24.2101,24.2101,24.2101,24.2101,23.9857,96.0,0.0,1.0
2018-03-14,24.2101,24.2101,24.2101,24.2101,23.9857,0.0,0.0,1.0
2018-03-15,24.2101,24.2101,24.2101,24.2101,23.9857,75.0,0.0,1.0
2018-03-16,24.2101,24.2101,24.2101,24.2101,23.9857,0.0,0.0,1.0
2018-03-19,24.2101,24.2101,24.2101,24.2101,23.9857,0.0,0.0,1.0
2018-03-20,24.2101,24.2101,24.2101,24.2101,23.9857,0.0,0.0,1.0
2018-03-21,24.2101,24.2101,24.2101,24.2101,24.1218,0.0,0.1373,1.0
2018-03-22,23.58,23.58,23.58,23.58,23.494,100.0,0.0,1.0
2018-03-23,23.44,23.44,23.44,23.44,23.3545,110.0,0.0,1.0
2018-03-26,23.44,23.44,23.44,23.44,23.3545,32.0,0.0,1.0
2018-03-27,23.62,23.62,23.6172,23.6172,23.531,712.0,0.0,1.0
2018-03-28,23.63,23.63,23.6272,23.6272,23.541,504.0,0.0,1.0
2018-03-29,24.01,24.01,24.01,24.01,23.9224,237.0,0.0,1.0
2018-04-02,24.01,24.01,24.01,24.01,23.9224,1.0,0.0,1.0
2018-04-03,23.6599,23.66,23.6599,23.66,23.5737,359.0,0.0,1.0
2018-04-04,23.62,23.62,23.54,23.54,23.4541,3250.0,0.0,1.0
2018-04-05,23.54,23.54,23.54,23.54,23.4541,0.0,0.0,1.0
2018-04-06,23.54,23.54,23.54,23.54,23.4541,2.0,0.0,1.0
2018-04-09,23.54,23.54,23.54,23.54,23.4541,0.0,0.0,1.0
2018-04-10,23.54,23.54,23.54,23.54,23.4541,0.0,0.0,1.0
2018-04-11,23.54,23.54,23.54,23.54,23.4541,0.0,0.0,1.0
2018-04-12,24.32,24.4542,24.32,24.4542,24.365,298.0,0.0,1.0
2018-04-13,24.4542,24.4542,24.4542,24.4542,24.365,0.0,0.0,1.0
2018-04-16,24.4542,24.4542,24.4542,24.4542,24.365,2.0,0.0,1.0
2018-04-17,24.4542,24.4542,24.4542,24.4542,24.365,0.0,0.0,1.0
2018-04-18,24.4542,24.4542,24.4542,24.4542,24.365,0.0,0.0,1.0
2018-04-19,24.53,24.6642,24.53,24.6642,24.5742,309.0,0.0,1.0
2018-04-20,24.6642,24.6642,24.6642,24.6642,24.5742,10.0,0.0,1.0
2018-04-23,24.6642,24.6642,24.6642,24.6642,24.5742,11.0,0.0,1.0
2018-04-24,24.6642,24.6642,24.6642,24.6642,24.5742,95.0,0.0,1.0
2018-04-25,24.6642,24.6642,24.6642,24.6642,24.5742,0.0,0.0,1.0
2018-04-26,24.6642,24.6642,24.6642,24.6642,24.5742,0.0,0.0,1.0
2018-04-27,24.6642,24.6642,24.6642,24.6642,24.5742,1.0,0.0,1.0
2018-04-30,24.6642,24.6642,24.6642,24.6642,24.5742,10.0,0.0,1.0
2018-05-01,24.3,24.3001,24.3,24.3001,24.2114,520.0,0.0,1.0
2018-05-02,24.4,24.4,24.4,24.4,24.311,22700.0,0.0,1.0
2018-05-03,24.4,24.4,24.4,24.4,24.311,3.0,0.0,1.0
2018-05-04,24.4,24.4,24.4,24.4,24.311,0.0,0.0,1.0
2018-05-07,24.4,24.4,24.4,24.4,24.311,0.0,0.0,1.0
2018-05-08,24.4,24.4,24.4,24.4,24.311,0.0,0.0,1.0
2018-05-09,24.4,24.4,24.4,24.4,24.311,0.0,0.0,1.0
2018-05-10,24.4,24.4,24.4,24.4,24.311,3.0,0.0,1.0
2018-05-11,24.4,24.4,24.4,24.4,24.311,0.0,0.0,1.0
2018-05-14,24.74,24.74,24.7176,24.7176,24.6274,658.0,0.0,1.0
2018-05-15,24.5704,24.5704,24.5654,24.5654,24.4758,285.0,0.0,1.0
2018-05-16,24.59,24.96,24.59,24.64,24.5501,2727.0,0.0,1.0
2018-05-17,24.64,24.64,24.64,24.64,24.5501,0.0,0.0,1.0
2018-05-18,24.8,24.8,24.8,24.8,24.7095,375.0,0.0,1.0
2018-05-21,24.8,24.8,24.8,24.8,24.7095,0.0,0.0,1.0
2018-05-22,24.8,24.8,24.8,24.8,24.7095,0.0,0.0,1.0
2018-05-23,24.8,24.8,24.8,24.8,24.7095,20.0,0.0,1.0
2018-05-24,24.8,24.8,24.8,24.8,24.7095,0.0,0.0,1.0
2018-05-25,24.17,24.17,24.17,24.17,24.0818,146.0,0.0,1.0
2018-05-29,23.5,23.5,23.5,23.5,23.4142,200.0,0.0,1.0
2018-05-30,23.5,23.5,23.5,23.5,23.4142,0.0,0.0,1.0
2018-05-31,23.82,23.86,23.82,23.86,23.7729,400.0,0.0,1.0
2018-06-01,23.99,24.01,23.91,23.98,23.8925,18300.0,0.0,1.0
2018-06-04,24.18,24.24,24.07,24.07,23.9822,5700.0,0.0,1.0
2018-06-05,24.08,24.11,24.05,24.05,23.9622,9675.0,0.0,1.0
2018-06-06,24.23,24.3,24.1,24.28,24.1914,7562807.0,0.0,1.0
2018-06-07,24.3432,24.352,24.29,24.3,24.2113,35128.0,0.0,1.0
2018-06-08,23.96,24.19,23.96,24.15,24.0619,28046.0,0.0,1.0
2018-06-11,24.18,24.33,24.18,24.29,24.2014,20474.0,0.0,1.0
2018-06-12,24.27,24.27,24.15,24.189,24.1007,23843.0,0.0,1.0
2018-06-13,24.0,24.2157,24.0,24.185,24.0967,41368.0,0.0,1.0
2018-06-14,24.04,24.28,24.04,24.16,24.0718,24587.0,0.0,1.0
2018-06-15,23.73,24.196,23.73,24.03,23.9423,68471.0,0.0,1.0
2018-06-18,23.839,23.9093,23.78,23.87,23.7829,252312.0,0.0,1.0
2018-06-19,23.61,23.62,23.42,23.5,23.4142,1617319.0,0.0,1.0
2018-06-20,23.4927,23.66,23.4927,23.5746,23.4886,38730.0,0.0,1.0
2018-06-21,23.52,23.52,23.35,23.35,23.2648,228100.0,0.0,1.0
2018-06-22,23.63,23.68,23.63,23.67,23.5836,74622.0,0.0,1.0
2018-06-25,23.4,23.4,23.3688,23.37,23.2847,213337.0,0.0,1.0
2018-06-26,23.45,23.45,23.4,23.442,23.3565,86123.0,0.0,1.0
2018-06-27,23.18,23.3608,23.18,23.29,23.29,37918.0,0.0853,1.0
2018-06-28,23.1567,23.17,23.08,23.17,23.17,292940.0,0.0,1.0
2018-06-29,23.24,23.44,23.24,23.3908,23.3908,264073.0,0.0,1.0
2018-07-02,23.1,23.1388,23.08,23.12,23.12,110306.0,0.0,1.0
2018-07-03,23.16,23.35,23.16,23.31,23.31,26396.0,0.0,1.0
2018-07-05,23.77,23.77,23.6,23.62,23.62,23447.0,0.0,1.0
2018-07-06,23.53,23.79,23.53,23.747,23.747,17179.0,0.0,1.0
2018-07-09,23.81,23.87,23.79,23.8079,23.8079,55732.0,0.0,1.0
2018-07-10,23.8849,23.89,23.8648,23.88,23.88,32376.0,0.0,1.0
2018-07-11,23.58,23.58,23.3868,23.3868,23.3868,31572.0,0.0,1.0
2018-07-12,23.4,23.64,23.4,23.61,23.61,24604.0,0.0,1.0
2018-07-13,23.48,23.72,23.48,23.72,23.72,31638.0,0.0,1.0
2018-07-16,23.78,23.78,23.55,23.59,23.59,45552.0,0.0,1.0
2018-07-17,23.6,23.7594,23.6,23.7594,23.7594,42854.0,0.0,1.0
2018-07-18,23.5,23.69,23.5,23.64,23.64,19983.0,0.0,1.0
2018-07-19,23.33,23.5671,23.33,23.56,23.56,23057.0,0.0,1.0
2018-07-20,23.51,23.66,23.51,23.6437,23.6437,27579.0,0.0,1.0
2018-07-23,23.68,23.68,23.6201,23.6249,23.6249,26460.0,0.0,1.0
2018-07-24,23.7,23.87,23.7,23.8106,23.8106,38361.0,0.0,1.0
2018-07-25,23.766,23.8804,23.68,23.8804,23.8804,28666.0,0.0,1.0
2018-07-26,23.88,23.88,23.78,23.7801,23.7801,42538.0,0.0,1.0
2018-07-27,23.8,23.89,23.79,23.8184,23.8184,44174.0,0.0,1.0
2018-07-30,23.88,24.04,23.88,23.9756,23.9756,35254.0,0.0,1.0
2018-07-31,24.11,24.18,24.05,24.0804,24.0804,26610.0,0.0,1.0
2018-08-01,23.88,23.88,23.87,23.87,23.87,22085.0,0.0,1.0
2018-08-02,23.34,23.65,23.34,23.57,23.57,35227.0,0.0,1.0
2018-08-03,23.6,23.68,23.6,23.67,23.67,12819.0,0.0,1.0
2018-08-06,23.488,23.66,23.488,23.61,23.61,54616.0,0.0,1.0
2018-08-07,23.8,23.926,23.8,23.88,23.88,31121.0,0.0,1.0
2018-08-08,23.82,23.91,23.7494,23.88,23.88,35425.0,0.0,1.0
2018-08-09,23.78,23.85,23.742,23.742,23.742,27687.0,0.0,1.0
2018-08-10,23.3263,23.45,23.2601,23.45,23.45,196648.0,0.0,1.0
2018-08-13,23.29,23.3106,23.266,23.3106,23.3106,45554.0,0.0,1.0
2018-08-14,23.1575,23.19,23.1575,23.16,23.16,65812.0,0.0,1.0
2018-08-15,22.76,22.8808,22.76,22.88,22.88,1584858.0,0.0,1.0
2018-08-16,22.91,23.12,22.91,23.1099,23.1099,24382.0,0.0,1.0
2018-08-17,22.84,23.24,22.84,23.18,23.18,26933.0,0.0,1.0
2018-08-20,23.2646,23.344,23.2646,23.344,23.344,46186.0,0.0,1.0
2018-08-21,23.3,23.56,23.3,23.56,23.56,59810.0,0.0,1.0
2018-08-22,23.5308,23.6,23.5308,23.5612,23.5612,31506.0,0.0,1.0
2018-08-23,23.3,23.47,23.3,23.41,23.41,32522.0,0.0,1.0
2018-08-24,23.34,23.58,23.34,23.544,23.544,20933.0,0.0,1.0
2018-08-27,23.78,23.81,23.77,23.81,23.81,23815.0,0.0,1.0
2018-08-28,23.89,23.89,23.771,23.81,23.81,22550.0,0.0,1.0
2018-08-29,23.64,23.9,23.64,23.89,23.89,43693.0,0.0,1.0
2018-08-30,23.65,23.78,23.62,23.64,23.64,33389.0,0.0,1.0
2018-08-31,23.52,23.5446,23.3162,23.32,23.32,83492.0,0.0,1.0
2018-09-04,23.1906,23.1906,23.1429,23.165,23.165,70587.0,0.0,1.0
2018-09-05,23.0449,23.0449,23.02,23.035,23.035,773366.0,0.0,1.0
2018-09-06,23.0677,23.0955,22.94,22.97,22.97,83115.0,0.0,1.0
2018-09-07,22.75,22.9012,22.75,22.83,22.83,293612.0,0.0,1.0
2018-09-10,22.97,23.0606,22.97,23.05,23.05,132699.0,0.0,1.0
2018-09-11,22.78,23.03,22.78,22.95,22.95,48065.0,0.0,1.0
2018-09-12,23.011,23.17,23.011,23.16,23.16,38532.0,0.0,1.0
2018-09-13,23.311,23.334,23.23,23.27,23.27,36191.0,0.0,1.0
2018-09-14,23.23,23.2989,23.19,23.25,23.25,19663.0,0.0,1.0
2018-09-17,23.4115,23.44,23.38,23.43,23.43,86921.0,0.0,1.0
2018-09-18,23.54,23.54,23.4759,23.54,23.54,47042.0,0.0,1.0
2018-09-19,23.46,23.64,23.46,23.64,23.64,42762.0,0.0,1.0
2018-09-20,23.63,23.94,23.63,23.94,23.94,31979.0,0.0,1.0
2018-09-21,23.83,23.97,23.83,23.97,23.97,27422.0,0.0,1.0
