date,1. open,2. high,3. low,4. close,5. adjusted close,6. volume,7. dividend amount,8. split coefficient
2014-02-14,24.52,24.52,24.52,24.52,21.1671,1300.0,0.0,1.0
2014-02-18,24.71,24.714,24.71,24.714,21.3345,1629.0,0.0,1.0
2014-02-19,24.7306,24.7306,24.7306,24.7306,21.3489,300.0,0.0,1.0
2014-02-20,24.7306,24.7306,24.7306,24.7306,21.3489,10.0,0.0,1.0
2014-02-21,24.73,24.73,24.73,24.73,21.3484,0.0,0.0,1.0
2014-02-24,24.73,24.73,24.73,24.73,21.3484,0.0,0.0,1.0
2014-02-25,24.8614,24.89,24.8614,24.89,21.4865,304.0,0.0,1.0
2014-02-26,24.92,24.92,24.92,24.92,21.5124,200.0,0.0,1.0
2014-02-27,24.92,24.92,24.92,24.92,21.5124,45.0,0.0,1.0
2014-02-28,24.9199,24.92,24.9199,24.92,21.5124,1600.0,0.0,1.0
2014-03-03,24.519,24.519,24.3999,24.4,21.0635,1600.0,0.0,1.0
2014-03-04,24.909,24.91,24.909,24.91,21.5037,900.0,0.0,1.0
2014-03-05,24.91,24.91,24.91,24.91,21.5037,4.0,0.0,1.0
2014-03-06,24.99,24.99,24.99,24.99,21.5728,595.0,0.0,1.0
2014-03-07,24.9042,24.9042,24.9042,24.9042,21.4987,435.0,0.0,1.0
2014-03-10,24.73,24.73,24.73,24.73,21.3484,435.0,0.0,1.0
2014-03-11,24.72,24.72,24.72,24.72,21.3397,500.0,0.0,1.0
2014-03-12,24.44,24.44,24.44,24.44,21.098,900.0,0.0,1.0
2014-03-13,24.44,24.44,24.44,24.44,21.098,0.0,0.0,1.0
2014-03-14,24.44,24.44,24.44,24.44,21.098,0.0,0.0,1.0
2014-03-17,24.1614,24.1614,24.1614,24.1614,20.8575,172.0,0.0,1.0
2014-03-18,24.2,24.266,24.2,24.266,20.9478,1755.0,0.0,1.0
2014-03-19,24.266,24.266,24.266,24.266,20.9478,0.0,0.0,1.0
2014-03-20,24.071,24.071,24.06,24.06,20.77,668.0,0.0,1.0
2014-03-21,24.06,24.06,24.06,24.06,20.77,0.0,0.0,1.0
2014-03-24,24.12,24.12,24.12,24.12,20.8218,300.0,0.0,1.0
2014-03-25,24.12,24.12,24.12,24.12,20.8218,4.0,0.0,1.0
2014-03-26,24.12,24.12,24.12,24.12,20.8218,0.0,0.0,1.0
2014-03-27,24.12,24.12,24.12,24.12,20.8218,0.0,0.0,1.0
2014-03-28,24.71,24.71,24.71,24.71,21.3311,3000.0,0.0,1.0
2014-03-31,24.71,24.71,24.71,24.71,21.3311,4.0,0.0,1.0
2014-04-01,24.71,24.71,24.71,24.71,21.3311,0.0,0.0,1.0
2014-04-02,24.71,24.71,24.71,24.71,21.3311,0.0,0.0,1.0
2014-04-03,25.016,25.016,25.016,25.016,21.5952,1000.0,0.0,1.0
2014-04-04,25.02,25.02,25.02,25.02,21.5987,0.0,0.0,1.0
2014-04-07,24.86,24.88,24.71,24.77,21.3829,2006.0,0.0,1.0
2014-04-08,24.77,24.77,24.77,24.77,21.3829,0.0,0.0,1.0
2014-04-09,24.77,24.77,24.77,24.77,21.3829,0.0,0.0,1.0
2014-04-10,24.77,24.77,24.77,24.77,21.3829,0.0,0.0,1.0
2014-04-11,24.2,24.2001,24.2,24.2001,20.8909,500.0,0.0,1.0
2014-04-14,24.2,24.2,24.2,24.2,20.8908,0.0,0.0,1.0
2014-04-15,24.2,24.2,24.2,24.2,20.8908,0.0,0.0,1.0
2014-04-16,24.2,24.2,24.2,24.2,20.8908,0.0,0.0,1.0
2014-04-17,24.6699,24.8,24.6599,24.8,21.4088,2400.0,0.0,1.0
2014-04-21,24.8,24.8,24.8,24.8,21.4088,1000.0,0.0,1.0
2014-04-22,24.93,24.93,24.93,24.93,21.521,200.0,0.0,1.0
2014-04-23,24.93,24.93,24.93,24.93,21.521,0.0,0.0,1.0
2014-04-24,24.93,24.93,24.93,24.93,21.521,0.0,0.0,1.0
2014-04-25,24.71,24.72,24.71,24.71,21.3311,900.0,0.0,1.0
2014-04-28,24.74,24.74,24.74,24.74,21.357,1013.0,0.0,1.0
2014-04-29,24.9999,24.9999,24.967,24.9999,21.5813,149.0,0.0,1.0
2014-04-30,24.88,24.94,24.88,24.94,21.5296,881.0,0.0,1.0
2014-05-01,24.94,24.94,24.94,24.94,21.5296,0.0,0.0,1.0
2014-05-02,24.94,24.94,24.94,24.94,21.5296,0.0,0.0,1.0
2014-05-05,24.94,24.94,24.94,24.94,21.5296,0.0,0.0,1.0
2014-05-06,24.889,24.889,24.84,24.84,21.4433,700.0,0.0,1.0
2014-05-07,24.88,24.88,24.7852,24.82,21.426,3278.0,0.0,1.0
2014-05-08,24.92,24.92,24.92,24.92,21.5124,300.0,0.0,1.0
2014-05-09,24.92,24.92,24.92,24.92,21.5124,0.0,0.0,1.0
2014-05-12,24.92,24.92,24.92,24.92,21.5124,0.0,0.0,1.0
2014-05-13,25.32,25.32,25.32,25.32,21.8577,800.0,0.0,1.0
2014-05-14,25.32,25.32,25.32,25.32,21.8577,0.0,0.0,1.0
2014-05-15,25.0599,25.06,25.0599,25.06,21.6332,400.0,0.0,1.0
2014-05-16,25.06,25.06,25.06,25.06,21.6332,0.0,0.0,1.0
2014-05-19,25.06,25.06,25.06,25.06,21.6332,0.0,0.0,1.0
2014-05-20,24.94,24.974,24.936,24.974,21.559,2966.0,0.0,1.0
2014-05-21,24.974,24.974,24.974,24.974,21.559,0.0,0.0,1.0
2014-05-22,25.23,25.23,25.23,25.23,21.78,100.0,0.0,1.0
2014-05-23,25.23,25.23,25.23,25.23,21.78,0.0,0.0,1.0
2014-05-27,25.53,25.53,25.527,25.527,22.0364,1857.0,0.0,1.0
2014-05-28,25.527,25.527,25.527,25.527,22.0364,10.0,0.0,1.0
2014-05-29,25.58,25.59,25.58,25.59,22.0908,1697.0,0.0,1.0
2014-05-30,25.62,25.62,25.62,25.62,22.1166,100.0,0.0,1.0
2014-06-02,25.62,25.62,25.62,25.62,22.1166,0.0,0.0,1.0
2014-06-03,25.62,25.62,25.62,25.62,22.1166,55.0,0.0,1.0
2014-06-04,25.65,25.65,25.65,25.65,22.1425,200.0,0.0,1.0
2014-06-05,25.65,25.65,25.65,25.65,22.1425,0.0,0.0,1.0
2014-06-06,25.65,25.65,25.65,25.65,22.1425,0.0,0.0,1.0
2014-06-09,25.89,25.9,25.89,25.9,22.3584,3870.0,0.0,1.0
2014-06-10,25.9,25.9,25.9,25.9,22.3584,0.0,0.0,1.0
2014-06-11,25.7955,25.7955,25.75,25.78,22.2548,7027.0,0.0,1.0
2014-06-12,25.82,25.82,25.6899,25.69,22.1771,559.0,0.0,1.0
2014-06-13,25.74,25.74,25.7399,25.7399,22.2202,1400.0,0.0,1.0
2014-06-16,25.74,25.74,25.74,25.74,22.2202,0.0,0.0,1.0
2014-06-17,25.74,25.74,25.74,25.74,22.2202,0.0,0.0,1.0
2014-06-18,25.739,25.739,25.739,25.739,22.2194,475.0,0.0,1.0
2014-06-19,25.96,25.96,25.96,25.96,22.4102,2900.0,0.0,1.0
2014-06-20,25.96,25.96,25.96,25.96,22.4102,0.0,0.0,1.0
2014-06-23,25.96,25.96,25.96,25.96,22.4102,0.0,0.0,1.0
2014-06-24,25.96,25.96,25.96,25.96,22.4102,0.0,0.0,1.0
2014-06-25,25.64,25.64,25.64,25.64,22.1339,100.0,0.0,1.0
2014-06-26,25.7,25.7,25.6,25.69,22.1771,983.0,0.0,1.0
2014-06-27,25.69,25.69,25.69,25.69,22.1771,0.0,0.0,1.0
2014-06-30,25.69,25.69,25.69,25.69,22.1771,0.0,0.0,1.0
2014-07-01,25.69,25.69,25.69,25.69,22.1771,0.0,0.0,1.0
2014-07-02,25.2999,25.2999,25.2999,25.2999,22.3681,400.0,0.6114,1.0
2014-07-03,25.3,25.3,25.3,25.3,22.3682,0.0,0.0,1.0
2014-07-07,25.2999,25.2999,25.2999,25.2999,22.3681,5.0,0.0,1.0
2014-07-08,25.2999,25.2999,25.2999,25.2999,22.3681,83.0,0.0,1.0
2014-07-09,25.3,25.3,25.3,25.3,22.3682,0.0,0.0,1.0
2014-07-10,24.68,24.7,24.66,24.7,21.8378,2600.0,0.0,1.0
2014-07-11,24.7,24.7,24.7,24.7,21.8378,0.0,0.0,1.0
2014-07-14,24.7,24.7,24.7,24.7,21.8378,0.0,0.0,1.0
2014-07-15,24.89,24.89,24.89,24.89,22.0057,400.0,0.0,1.0
2014-07-16,24.89,24.89,24.89,24.89,22.0057,0.0,0.0,1.0
2014-07-17,24.89,24.89,24.89,24.89,22.0057,0.0,0.0,1.0
2014-07-18,24.98,24.98,24.98,24.98,22.0853,1900.0,0.0,1.0
2014-07-21,24.98,24.98,24.98,24.98,22.0853,30.0,0.0,1.0
2014-07-22,24.98,24.98,24.98,24.98,22.0853,0.0,0.0,1.0
2014-07-23,24.98,24.98,24.98,24.98,22.0853,0.0,0.0,1.0
2014-07-24,24.98,24.98,24.98,24.98,22.0853,0.0,0.0,1.0
2014-07-25,25.129,25.15,25.129,25.15,22.2356,1500.0,0.0,1.0
2014-07-28,25.15,25.15,25.15,25.15,22.2356,0.0,0.0,1.0
2014-07-29,25.15,25.15,25.15,25.15,22.2356,0.0,0.0,1.0
2014-07-30,25.15,25.15,25.15,25.15,22.2356,0.0,0.0,1.0
2014-07-31,24.906,24.906,24.76,24.7601,21.8909,2700.0,0.0,1.0
2014-08-01,24.64,24.64,24.64,24.64,21.7847,200.0,0.0,1.0
2014-08-04,24.64,24.64,24.64,24.64,21.7847,0.0,0.0,1.0
2014-08-05,24.57,24.57,24.53,24.53,21.6875,1350.0,0.0,1.0
2014-08-06,24.3728,24.3728,24.33,24.33,21.5106,2000.0,0.0,1.0
2014-08-07,24.288,24.288,24.288,24.288,21.4735,100.0,0.0,1.0
2014-08-08,24.12,24.12,24.12,24.12,21.325,192.0,0.0,1.0
2014-08-11,24.42,24.42,24.42,24.42,21.5902,2800.0,0.0,1.0
2014-08-12,24.42,24.42,24.42,24.42,21.5902,0.0,0.0,1.0
2014-08-13,24.42,24.42,24.42,24.42,21.5902,0.0,0.0,1.0
2014-08-14,24.42,24.42,24.42,24.42,21.5902,0.0,0.0,1.0
2014-08-15,24.42,24.42,24.42,24.42,21.5902,0.0,0.0,1.0
2014-08-18,24.42,24.42,24.42,24.42,21.5902,0.0,0.0,1.0
2014-08-19,24.42,24.42,24.42,24.42,21.5902,0.0,0.0,1.0
2014-08-20,24.95,24.95,24.95,24.95,22.0588,2000.0,0.0,1.0
2014-08-21,24.95,24.95,24.95,24.95,22.0588,0.0,0.0,1.0
2014-08-22,24.95,24.95,24.95,24.95,22.0588,0.0,0.0,1.0
2014-08-25,24.95,24.95,24.95,24.95,22.0588,0.0,0.0,1.0
2014-08-26,24.95,24.95,24.95,24.95,22.0588,0.0,0.0,1.0
2014-08-27,25.231,25.2476,25.231,25.2476,22.3219,317.0,0.0,1.0
2014-08-28,25.2476,25.2476,25.2476,25.2476,22.3219,0.0,0.0,1.0
2014-08-29,25.2476,25.2476,25.2476,25.2476,22.3219,0.0,0.0,1.0
2014-09-02,25.2601,25.33,25.26,25.33,22.3948,1400.0,0.0,1.0
2014-09-03,25.33,25.33,25.33,25.33,22.3948,0.0,0.0,1.0
2014-09-04,25.61,25.62,25.61,25.62,22.6512,828.0,0.0,1.0
2014-09-05,25.429,25.429,25.429,25.429,22.4823,130.0,0.0,1.0
2014-09-08,24.95,24.95,24.95,24.95,22.0588,0.0,0.0,1.0
2014-09-09,24.95,24.95,24.95,24.95,22.0588,0.0,0.0,1.0
2014-09-10,24.95,24.95,24.95,24.95,22.0588,0.0,0.0,1.0
2014-09-11,24.95,24.95,24.95,24.95,22.0588,59.0,0.0,1.0
2014-09-12,24.95,24.95,24.95,24.95,22.0588,2.0,0.0,1.0
2014-09-15,24.95,24.95,24.95,24.95,22.0588,0.0,0.0,1.0
2014-09-16,24.95,24.95,24.95,24.95,22.0588,25.0,0.0,1.0
2014-09-17,24.95,24.95,24.95,24.95,22.0588,0.0,0.0,1.0
2014-09-18,25.5106,25.5106,25.5106,25.5106,22.5544,100.0,0.0,1.0
2014-09-19,25.62,25.62,25.5699,25.5699,22.6069,45100.0,0.0,1.0
2014-09-22,25.44,25.46,25.44,25.4506,22.5014,14925.0,0.0,1.0
2014-09-23,25.25,25.25,25.25,25.25,22.324,20000.0,0.0,1.0
2014-09-24,25.25,25.25,25.25,25.25,22.324,0.0,0.0,1.0
2014-09-25,25.25,25.25,25.25,25.25,22.324,0.0,0.0,1.0
2014-09-26,25.39,25.39,25.39,25.39,22.4478,271.0,0.0,1.0
2014-09-29,25.06,25.16,25.06,25.13,22.2179,1400.0,0.0,1.0
2014-09-30,25.1,25.1,25.09,25.09,22.1826,300.0,0.0,1.0
2014-10-01,25.09,25.09,25.09,25.09,22.1826,0.0,0.0,1.0
2014-10-02,24.39,24.5399,24.39,24.5399,21.6962,2548.0,0.0,1.0
2014-10-03,24.79,24.81,24.79,24.81,21.935,3125.0,0.0,1.0
2014-10-06,24.6847,24.69,24.6847,24.69,21.8289,300.0,0.0,1.0
2014-10-07,24.52,24.52,24.52,24.52,21.6786,100.0,0.0,1.0
2014-10-08,24.2899,24.476,24.2899,24.476,21.6397,860.0,0.0,1.0
2014-10-09,24.225,24.225,23.92,24.02,21.2366,26384.0,0.0,1.0
2014-10-10,23.87,23.88,23.87,23.88,21.1128,20940.0,0.0,1.0
2014-10-13,23.72,23.83,23.7,23.7,20.9536,3700.0,0.0,1.0
2014-10-14,23.79,23.83,23.72,23.74,20.989,7561.0,0.0,1.0
2014-10-15,23.19,23.19,23.1675,23.19,20.5027,12700.0,0.0,1.0
2014-10-16,23.1,23.196,23.01,23.19,20.5027,12113.0,0.0,1.0
2014-10-17,23.59,23.59,23.5599,23.5599,20.8298,1312.0,0.0,1.0
2014-10-20,23.65,23.65,23.64,23.64,20.9006,654.0,0.0,1.0
2014-10-21,23.84,24.03,23.84,24.03,21.2454,2217.0,0.0,1.0
2014-10-22,24.1,24.13,23.96,23.96,21.1835,2847.0,0.0,1.0
2014-10-23,24.26,24.34,24.26,24.33,21.5106,926.0,0.0,1.0
2014-10-24,24.24,24.303,24.24,24.303,21.4868,3813.0,0.0,1.0
2014-10-27,24.303,24.303,24.303,24.303,21.4868,0.0,0.0,1.0
2014-10-28,24.369,24.38,24.3475,24.369,21.5451,8968.0,0.0,1.0
2014-10-29,24.43,24.43,24.43,24.43,21.5991,1107.0,0.0,1.0
2014-10-30,24.68,24.68,24.6799,24.6799,21.82,2000.0,0.0,1.0
2014-10-31,25.29,25.29,25.2899,25.2899,22.3593,800.0,0.0,1.0
2014-11-03,25.31,25.31,25.3,25.3,22.3682,1327.0,0.0,1.0
2014-11-04,25.055,25.055,24.915,25.03,22.1295,2508.0,0.0,1.0
2014-11-05,25.21,25.25,25.17,25.24,22.3152,1361.0,0.0,1.0
2014-11-06,25.2,25.28,25.16,25.28,22.3506,309111.0,0.0,1.0
2014-11-07,25.08,25.13,25.08,25.13,22.2179,27079.0,0.0,1.0
2014-11-10,25.2199,25.32,25.2199,25.32,22.3859,7731.0,0.0,1.0
2014-11-11,25.42,25.43,25.39,25.4,22.4566,10881.0,0.0,1.0
2014-11-12,25.25,25.29,25.24,25.29,22.3594,2838.0,0.0,1.0
2014-11-13,25.4,25.4,25.29,25.33,22.3948,5272.0,0.0,1.0
2014-11-14,25.38,25.42,25.37,25.41,22.4655,23857.0,0.0,1.0
2014-11-17,25.33,25.43,25.32,25.41,22.4655,27263.0,0.0,1.0
2014-11-18,25.55,25.689,25.53,25.689,22.7122,12139.0,0.0,1.0
2014-11-19,25.65,25.668,25.51,25.668,22.6936,7758.0,0.0,1.0
2014-11-20,25.4,25.505,25.35,25.48,22.5274,336019.0,0.0,1.0
2014-11-21,25.8565,25.88,25.8,25.83,22.8368,10509.0,0.0,1.0
2014-11-24,26.05,26.054,25.85,25.92,22.9164,16909.0,0.0,1.0
2014-11-25,26.01,26.01,25.88,25.925,22.9208,17937.0,0.0,1.0
2014-11-26,25.98,25.98,25.88,25.95,22.9429,11786.0,0.0,1.0
2014-11-28,25.96,26.0,25.88,25.95,22.9429,20825.0,0.0,1.0
2014-12-01,25.86,25.862,25.78,25.86,22.8633,4966.0,0.0,1.0
2014-12-02,26.04,26.0999,25.99,26.09,23.0667,2769.0,0.0,1.0
2014-12-03,26.09,26.09,25.95,25.965,22.9562,5354.0,0.0,1.0
2014-12-04,26.06,26.06,25.8727,26.01,22.996,20915.0,0.0,1.0
2014-12-05,26.22,26.31,26.22,26.3,23.2524,839314.0,0.0,1.0
2014-12-08,26.19,26.2,25.89,25.97,22.9606,65789.0,0.0,1.0
2014-12-09,25.55,25.72,25.49,25.72,22.7396,3739.0,0.0,1.0
2014-12-10,25.61,25.61,25.23,25.27,22.3417,20694.0,0.0,1.0
2014-12-11,25.4801,25.499,25.334,25.377,22.4363,7381.0,0.0,1.0
2014-12-12,25.13,25.13,24.8,24.8,21.9262,272550.0,0.0,1.0
2014-12-15,24.94,24.94,24.24,24.33,21.5106,136845.0,0.0,1.0
2014-12-16,24.26,24.71,24.26,24.4696,21.6341,33200.0,0.0,1.0
2014-12-17,24.68,25.0288,24.54,25.0288,22.1285,23350.0,0.0,1.0
2014-12-18,25.4,25.49,25.28,25.49,22.5362,117254.0,0.0,1.0
2014-12-19,25.51,25.6923,25.4399,25.64,22.6688,120425.0,0.0,1.0
2014-12-22,25.64,25.784,25.64,25.75,22.7661,147364.0,0.0,1.0
2014-12-23,25.87,25.88,25.74,25.8,22.8103,121791.0,0.0,1.0
2014-12-24,25.86,25.98,25.84,25.9,22.8987,298656.0,0.0,1.0
2014-12-26,25.74,25.77,25.7129,25.73,22.9636,47302.0,0.2434,1.0
2014-12-29,25.51,25.63,25.51,25.59,22.8386,51266.0,0.0,1.0
2014-12-30,25.32,25.32,25.22,25.27,22.5531,68344.0,0.0,1.0
2014-12-31,25.35,25.4,25.16,25.17,22.4638,221377.0,0.0,1.0
2015-01-02,25.47,25.49,25.19,25.27,22.5531,30798.0,0.0,1.0
2015-01-05,25.03,25.03,24.67,24.73,22.0711,144537.0,0.0,1.0
2015-01-06,24.76,24.76,24.34,24.49,21.8569,108031.0,0.0,1.0
2015-01-07,24.83,24.96,24.68,24.84,22.1693,195906.0,0.0,1.0
2015-01-08,25.13,25.27,25.13,25.24,22.5263,46356.0,0.0,1.0
2015-01-09,25.32,25.32,24.8899,25.01,22.321,49063.0,0.0,1.0
2015-01-12,24.92,24.9536,24.86,24.9536,22.2707,35024.0,0.0,1.0
2015-01-13,25.3399,25.3399,24.901,25.06,22.3656,14065.0,0.0,1.0
2015-01-14,24.87,24.97,24.7699,24.9461,22.264,21058.0,0.0,1.0
2015-01-15,24.94,25.07,24.79,24.79,22.1247,105062.0,0.0,1.0
2015-01-16,24.89,25.16,24.868,25.16,22.4549,145211.0,0.0,1.0
2015-01-20,25.47,25.47,25.27,25.39,22.6602,102520.0,0.0,1.0
2015-01-21,25.2855,25.51,25.26,25.4817,22.742,63604.0,0.0,1.0
2015-01-22,25.51,25.95,25.41,25.89,23.1064,996278.0,0.0,1.0
2015-01-23,26.0,26.02,25.8534,25.9,23.1153,1732677.0,0.0,1.0
2015-01-26,26.15,26.26,25.98,26.25,23.4277,1279630.0,0.0,1.0
2015-01-27,26.08,26.165,25.94,26.075,23.2715,449661.0,0.0,1.0
2015-01-28,26.16,26.22,25.78,25.82,23.0439,653875.0,0.0,1.0
2015-01-29,26.06,26.31,26.0,26.3,23.4723,675913.0,0.0,1.0
2015-01-30,26.08,26.11,25.84,25.85,23.0707,1360867.0,0.0,1.0
2015-02-02,26.09,26.19,25.89,26.16,23.3474,869781.0,0.0,1.0
2015-02-03,26.26,26.38,26.25,26.37,23.5348,1832192.0,0.0,1.0
2015-02-04,26.38,26.45,26.21,26.23,23.4098,2240559.0,0.0,1.0
2015-02-05,26.35,26.46,26.29,26.45,23.6062,11513138.0,0.0,1.0
2015-02-06,26.4,26.5,26.29,26.35,23.5169,1170438.0,0.0,1.0
2015-02-09,26.15,26.28,26.145,26.21,23.392,1041241.0,0.0,1.0
2015-02-10,26.46,26.51,26.2904,26.47,23.624,1765500.0,0.0,1.0
2015-02-11,26.37,26.48,26.32,26.45,23.6062,1896653.0,0.0,1.0
2015-02-12,26.54,26.64,26.47,26.64,23.7758,1744610.0,0.0,1.0
2015-02-13,27.91,28.46,26.71,26.82,23.9364,1348927.0,0.0,1.0
2015-02-17,26.78,26.95,26.71,26.87,23.981,1280626.0,0.0,1.0
2015-02-18,27.0,27.07,26.97,27.019,24.114,1357268.0,0.0,1.0
2015-02-19,27.1,27.17,27.04,27.13,24.2131,681458.0,0.0,1.0
2015-02-20,27.08,27.43,27.04,27.37,24.4273,2770145.0,0.0,1.0
2015-02-23,27.26,27.31,27.21,27.28,24.3469,1174148.0,0.0,1.0
2015-02-24,27.35,27.48,27.339,27.44,24.4897,1245066.0,0.0,1.0
2015-02-25,27.37,27.43,27.315,27.34,24.4005,1697910.0,0.0,1.0
2015-02-26,27.51,27.5992,27.5,27.55,24.5879,1825015.0,0.0,1.0
2015-02-27,27.57,27.6299,27.51,27.57,24.6058,2707126.0,0.0,1.0
2015-03-02,27.58,27.7,27.5499,27.7,24.7218,1345799.0,0.0,1.0
2015-03-03,27.57,27.57,27.36,27.49,24.5344,1239106.0,0.0,1.0
2015-03-04,27.42,27.53,27.29,27.5,24.5433,923233.0,0.0,1.0
2015-03-05,27.71,27.74,27.64,27.69,24.7129,1434399.0,0.0,1.0
2015-03-06,27.74,27.8,27.58,27.62,24.6504,1324402.0,0.0,1.0
2015-03-09,27.6,27.66,27.56,27.64,24.6682,1864980.0,0.0,1.0
2015-03-10,27.38,27.4,27.2345,27.28,24.3469,4886469.0,0.0,1.0
2015-03-11,27.47,27.61,27.4,27.57,24.6058,2016003.0,0.0,1.0
2015-03-12,27.74,27.81,27.69,27.8,24.811,2962826.0,0.0,1.0
2015-03-13,27.71,27.87,27.64,27.82,24.8289,1411980.0,0.0,1.0
2015-03-16,27.92,28.05,27.91,28.029,25.0154,1610919.0,0.0,1.0
2015-03-17,27.88,28.03,27.83,28.0,24.9895,1800192.0,0.0,1.0
2015-03-18,28.02,28.23,27.99,28.1,25.0788,990290.0,0.0,1.0
2015-03-19,28.09,28.19,28.07,28.17,25.1413,1817759.0,0.0,1.0
2015-03-20,28.36,28.45,28.305,28.41,25.3554,1063519.0,0.0,1.0
2015-03-23,28.59,28.59,28.31,28.32,25.2751,1540879.0,0.0,1.0
2015-03-24,28.4,28.48,28.31,28.33,25.2841,644330.0,0.0,1.0
2015-03-25,28.35,28.37,28.13,28.13,25.1056,851966.0,0.0,1.0
2015-03-26,27.87,28.07,27.77,27.98,24.9717,1105502.0,0.0,1.0
2015-03-27,27.97,28.06,27.93,28.06,25.0431,2201576.0,0.0,1.0
2015-03-30,28.19,28.32,28.19,28.27,25.2305,1319004.0,0.0,1.0
2015-03-31,27.91,28.0,27.8415,27.88,24.8824,2708246.0,0.0,1.0
2015-04-01,28.06,28.07,27.89,28.05,25.0342,1675483.0,0.0,1.0
2015-04-02,28.1,28.18,28.07,28.17,25.1413,1572821.0,0.0,1.0
2015-04-06,28.05,28.42,28.0227,28.35,25.3019,1181381.0,0.0,1.0
2015-04-07,28.55,28.64,28.51,28.52,25.4536,692142.0,0.0,1.0
2015-04-08,28.65,28.65,28.51,28.62,25.5429,1269302.0,0.0,1.0
2015-04-09,28.71,28.92,28.7068,28.9,25.7928,1057238.0,0.0,1.0
2015-04-10,28.89,29.01,28.86,29.01,25.8909,933453.0,0.0,1.0
2015-04-13,28.95,28.98,28.826,28.86,25.7571,954421.0,0.0,1.0
2015-04-14,28.85,28.92,28.76,28.91,25.8017,1159835.0,0.0,1.0
2015-04-15,28.97,28.99,28.9,28.92,25.8106,1770786.0,0.0,1.0
2015-04-16,28.83,28.84,28.73,28.82,25.7214,1487301.0,0.0,1.0
2015-04-17,28.46,28.48,28.28,28.36,25.3108,2061832.0,0.0,1.0
2015-04-20,28.52,28.61,28.52,28.57,25.4982,1118912.0,0.0,1.0
2015-04-21,28.9,28.91,28.753,28.84,25.7392,1189207.0,0.0,1.0
2015-04-22,28.78,28.9,28.7,28.9,25.7928,825802.0,0.0,1.0
2015-04-23,28.75,28.88,28.69,28.84,25.7392,1619191.0,0.0,1.0
2015-04-24,28.85,28.92,28.79,28.85,25.7481,565082.0,0.0,1.0
2015-04-27,29.1,29.14,28.95,28.98,25.8642,881571.0,0.0,1.0
2015-04-28,28.83,28.84,28.63,28.84,25.7392,2027562.0,0.0,1.0
2015-04-29,28.5,28.53,28.14,28.37,25.3198,1147551.0,0.0,1.0
2015-04-30,28.24,28.29,27.97,28.03,25.0163,1513272.0,0.0,1.0
2015-05-01,28.24,28.51,28.18,28.46,25.4001,973379.0,0.0,1.0
2015-05-04,28.48,28.54,28.47,28.53,25.4625,1307230.0,0.0,1.0
2015-05-05,28.34,28.395,27.91,27.98,24.9717,2155001.0,0.0,1.0
2015-05-06,27.97,28.0,27.68,27.81,24.82,1031295.0,0.0,1.0
2015-05-07,27.77,27.86,27.7,27.78,24.7932,2889450.0,0.0,1.0
2015-05-08,28.26,28.49,28.26,28.45,25.3911,1562477.0,0.0,1.0
2015-05-11,28.34,28.373,28.255,28.3,25.2573,981588.0,0.0,1.0
2015-05-12,28.08,28.17,28.0,28.13,25.1056,1194666.0,0.0,1.0
2015-05-13,28.24,28.3,28.04,28.1,25.0788,952913.0,0.0,1.0
2015-05-14,28.24,28.38,28.2,28.37,25.3198,656487.0,0.0,1.0
2015-05-15,28.43,28.44,28.25,28.4,25.3465,631619.0,0.0,1.0
2015-05-18,28.36,28.54,28.35,28.54,25.4715,3418226.0,0.0,1.0
2015-05-19,28.7,28.79,28.6399,28.72,25.6321,1026890.0,0.0,1.0
2015-05-20,28.76,28.8551,28.7,28.83,25.7303,1560797.0,0.0,1.0
2015-05-21,28.78,28.93,28.78,28.91,25.8017,1126533.0,0.0,1.0
2015-05-22,28.94,28.97,28.89,28.96,25.8463,572872.0,0.0,1.0
2015-05-26,28.92,28.92,28.63,28.73,25.641,666729.0,0.0,1.0
2015-05-27,28.84,29.05,28.82,29.02,25.8999,1350418.0,0.0,1.0
2015-05-28,28.95,28.9799,28.8,28.97,25.8552,783021.0,0.0,1.0
2015-05-29,28.8,28.81,28.55,28.67,25.5875,1119041.0,0.0,1.0
2015-06-01,28.75,28.77,28.63,28.76,25.6678,1000482.0,0.0,1.0
2015-06-02,28.49,28.56,28.44,28.49,25.4268,1084421.0,0.0,1.0
2015-06-03,28.62,28.68,28.5,28.54,25.4715,1056365.0,0.0,1.0
2015-06-04,28.37,28.54,28.17,28.28,25.2394,1618773.0,0.0,1.0
2015-06-05,28.22,28.29,28.11,28.21,25.177,1079463.0,0.0,1.0
2015-06-08,28.02,28.02,27.7858,27.86,24.8646,456091.0,0.0,1.0
2015-06-09,27.75,27.78,27.64,27.69,24.7129,753019.0,0.0,1.0
2015-06-10,27.87,28.1283,27.86,28.06,25.0431,707055.0,0.0,1.0
2015-06-11,28.37,28.4,28.18,28.25,25.2127,11097841.0,0.0,1.0
2015-06-12,28.0,28.055,27.86,28.02,25.0074,1443812.0,0.0,1.0
2015-06-15,27.73,27.798,27.67,27.78,24.7932,668205.0,0.0,1.0
2015-06-16,27.65,27.83,27.64,27.81,24.82,915698.0,0.0,1.0
2015-06-17,27.65,27.76,27.47,27.52,24.5611,785646.0,0.0,1.0
2015-06-18,27.44,27.93,27.44,27.69,24.7129,962271.0,0.0,1.0
2015-06-19,27.75,27.7646,27.64,27.67,24.695,1543761.0,0.0,1.0
2015-06-22,28.22,28.37,28.18,28.3,25.2573,445718.0,0.0,1.0
2015-06-23,28.62,28.67,28.56,28.63,25.5518,709645.0,0.0,1.0
2015-06-24,28.48,28.55,28.34,28.37,25.3198,850010.0,0.0,1.0
2015-06-25,28.43,28.44,28.28,28.28,25.2394,1041835.0,0.0,1.0
2015-06-26,28.39,28.451,28.31,28.38,25.3287,870450.0,0.0,1.0
2015-06-29,28.03,28.03,27.25,27.3,24.3648,1288943.0,0.0,1.0
2015-06-30,27.64,27.64,27.2,27.31,24.3737,1922578.0,0.0,1.0
2015-07-01,27.81,27.8476,27.62,27.73,24.7486,760129.0,0.0,1.0
2015-07-02,27.31,27.31,27.1784,27.255,24.7362,767276.0,0.4611,1.0
2015-07-06,26.76,26.94,26.63,26.73,24.2597,1494330.0,0.0,1.0
2015-07-07,26.73,26.86,26.37,26.85,24.3686,1568668.0,0.0,1.0
2015-07-08,26.42,26.42,26.0757,26.14,23.7242,1212578.0,0.0,1.0
2015-07-09,26.66,26.78,26.59,26.62,24.1599,2266993.0,0.0,1.0
2015-07-10,27.28,27.44,27.15,27.41,24.8769,1252450.0,0.0,1.0
2015-07-13,27.65,27.71,27.62,27.69,25.131,901326.0,0.0,1.0
2015-07-14,27.68,27.87,27.64,27.85,25.2762,841964.0,0.0,1.0
2015-07-15,27.88,27.93,27.76,27.82,25.249,1104151.0,0.0,1.0
2015-07-16,28.16,28.19,28.1288,28.18,25.5757,1003758.0,0.0,1.0
2015-07-17,28.16,28.19,28.1201,28.18,25.5757,714701.0,0.0,1.0
2015-07-20,28.27,28.32,28.21,28.3,25.6846,695320.0,0.0,1.0
2015-07-21,28.17,28.185,27.99,28.08,25.4849,750927.0,0.0,1.0
2015-07-22,27.8,27.92,27.8,27.9,25.3216,1346057.0,0.0,1.0
2015-07-23,27.94,27.94,27.72,27.75,25.1854,1682430.0,0.0,1.0
2015-07-24,27.78,27.7999,27.49,27.53,24.9858,782606.0,0.0,1.0
2015-07-27,27.3,27.3,27.135,27.19,24.6772,1170217.0,0.0,1.0
2015-07-28,27.43,27.55,27.28,27.53,24.9858,743793.0,0.0,1.0
2015-07-29,27.5,27.77,27.5,27.74,25.1764,1095409.0,0.0,1.0
2015-07-30,27.74,27.77,27.58,27.74,25.1764,1288048.0,0.0,1.0
2015-07-31,27.79,27.8882,27.7,27.83,25.2581,1482606.0,0.0,1.0
2015-08-03,27.93,27.93,27.7538,27.87,25.2944,1730541.0,0.0,1.0
2015-08-04,27.85,27.96,27.84,27.96,25.376,756066.0,0.0,1.0
2015-08-05,28.11,28.22,28.0989,28.12,25.5213,1247306.0,0.0,1.0
2015-08-06,28.13,28.13,27.9299,28.01,25.4214,706483.0,0.0,1.0
2015-08-07,27.99,27.99,27.85,27.93,25.3488,878858.0,0.0,1.0
2015-08-10,28.05,28.19,28.02,28.19,25.5848,959921.0,0.0,1.0
2015-08-11,27.78,27.8272,27.7,27.79,25.2218,965961.0,0.0,1.0
2015-08-12,27.24,27.37,26.99,27.37,24.8406,938708.0,0.0,1.0
2015-08-13,27.43,27.4599,27.33,27.38,24.8496,496617.0,0.0,1.0
2015-08-14,27.3,27.4599,27.28,27.45,24.9132,1257355.0,0.0,1.0
2015-08-17,27.2,27.44,27.18,27.42,24.8859,531109.0,0.0,1.0
2015-08-18,27.33,27.35,27.2299,27.27,24.7498,646283.0,0.0,1.0
2015-08-19,27.04,27.08,26.83,26.87,24.3868,1097974.0,0.0,1.0
2015-08-20,26.54,26.58,26.11,26.11,23.697,2581238.0,0.0,1.0
2015-08-21,25.88,25.98,25.2,25.23,22.8983,4057103.0,0.0,1.0
2015-08-24,24.76,24.76,19.12,23.96,21.7457,5189773.0,0.0,1.0
2015-08-25,25.15,25.72,24.336,24.35,22.0997,4192130.0,0.0,1.0
2015-08-26,25.09,25.31,24.5799,25.31,22.9709,2751837.0,0.0,1.0
2015-08-27,26.15,26.15,25.495,25.78,23.3975,2466097.0,0.0,1.0
2015-08-28,25.62,25.85,25.61,25.78,23.3975,1977586.0,0.0,1.0
2015-08-31,25.62,25.75,25.51,25.55,23.1888,1847341.0,0.0,1.0
2015-09-01,24.85,24.94,24.5562,24.63,22.3538,1257483.0,0.0,1.0
2015-09-02,25.17,25.17,24.82,25.09,22.7713,3163369.0,0.0,1.0
2015-09-03,25.31,25.49,25.19,25.26,22.9256,1141989.0,0.0,1.0
2015-09-04,24.77,24.845,24.5439,24.68,22.3992,2388393.0,0.0,1.0
2015-09-08,25.23,25.325,25.14,25.29,22.9528,1002977.0,0.0,1.0
2015-09-09,25.77,25.81,25.2115,25.24,22.9074,1120556.0,0.0,1.0
2015-09-10,25.28,25.39,25.18,25.29,22.9528,2219793.0,0.0,1.0
2015-09-11,25.1,25.22,25.06,25.2,22.8711,1082058.0,0.0,1.0
2015-09-14,25.01,25.06,24.9,25.0,22.6896,1619647.0,0.0,1.0
2015-09-15,25.0,25.305,24.95,25.3,22.9619,1087424.0,0.0,1.0
2015-09-16,25.44,25.6,25.38,25.57,23.2069,893197.0,0.0,1.0
2015-09-17,25.43,25.73,25.33,25.4,23.0526,768245.0,0.0,1.0
2015-09-18,24.83,25.07,24.82,24.91,22.6079,2604491.0,0.0,1.0
2015-09-21,25.07,25.16,24.9,25.03,22.7168,1254265.0,0.0,1.0
2015-09-22,24.48,24.59,24.36,24.51,22.2449,1543764.0,0.0,1.0
2015-09-23,24.62,24.64,24.38,24.49,22.2267,1508739.0,0.0,1.0
2015-09-24,24.16,24.409,23.96,24.35,22.0997,1729599.0,0.0,1.0
2015-09-25,24.86,24.87,24.52,24.63,22.3538,1614886.0,0.0,1.0
2015-09-28,24.5,24.5,24.05,24.1,21.8728,2460756.0,0.0,1.0
2015-09-29,24.04,24.1373,23.89,24.04,21.8183,1655226.0,0.0,1.0
2015-09-30,24.49,24.59,24.32,24.58,22.3084,1608966.0,0.0,1.0
2015-10-01,24.69,24.76,24.38,24.65,22.3719,1584800.0,0.0,1.0
2015-10-02,24.35,25.03,24.29,25.03,22.7168,1773695.0,0.0,1.0
2015-10-05,25.35,25.5684,25.32,25.55,23.1888,1256613.0,0.0,1.0
2015-10-06,25.49,25.6,25.3899,25.44,23.0889,1449675.0,0.0,1.0
2015-10-07,25.71,25.82,25.505,25.75,23.3703,882748.0,0.0,1.0
2015-10-08,25.59,25.89,25.59,25.87,23.4792,709344.0,0.0,1.0
2015-10-09,25.86,25.93,25.76,25.855,23.4656,466569.0,0.0,1.0
2015-10-12,25.75,25.8,25.71,25.79,23.4066,673002.0,0.0,1.0
2015-10-13,25.48,25.67,25.43,25.48,23.1252,1020104.0,0.0,1.0
2015-10-14,25.39,25.51,25.24,25.29,22.9528,4252124.0,0.0,1.0
2015-10-15,25.59,25.83,25.53,25.8,23.4157,1086564.0,0.0,1.0
2015-10-16,25.81,25.895,25.734,25.89,23.4973,863563.0,0.0,1.0
2015-10-19,25.77,25.81,25.7,25.81,23.4247,1113167.0,0.0,1.0
2015-10-20,25.69,25.775,25.65,25.72,23.3431,473477.0,0.0,1.0
2015-10-21,25.88,25.92,25.72,25.74,23.3612,826977.0,0.0,1.0
2015-10-22,26.05,26.37,26.05,26.29,23.8604,855952.0,0.0,1.0
2015-10-23,26.59,26.75,26.56,26.7,24.2325,1089841.0,0.0,1.0
2015-10-26,26.61,26.62,26.5,26.54,24.0873,1001885.0,0.0,1.0
2015-10-27,26.35,26.4,26.2676,26.33,23.8967,1326251.0,0.0,1.0
2015-10-28,26.39,26.69,26.38,26.68,24.2143,1031906.0,0.0,1.0
2015-10-29,26.34,26.44,26.31,26.42,23.9784,902885.0,0.0,1.0
2015-10-30,26.34,26.41,26.27,26.28,23.8513,1370898.0,0.0,1.0
2015-11-02,26.36,26.51,26.33,26.51,24.06,725539.0,0.0,1.0
2015-11-03,26.39,26.6299,26.39,26.55,24.0963,1180469.0,0.0,1.0
2015-11-04,26.68,26.7,26.5,26.56,24.1054,1037272.0,0.0,1.0
2015-11-05,26.63,26.7,26.5,26.59,24.1326,1178657.0,0.0,1.0
2015-11-06,26.71,26.755,26.55,26.75,24.2779,3433652.0,0.0,1.0
2015-11-09,26.61,26.61,26.305,26.42,23.9784,1470114.0,0.0,1.0
2015-11-10,26.38,26.4879,26.34,26.47,24.0237,1596960.0,0.0,1.0
2015-11-11,26.61,26.64,26.49,26.51,24.06,1485278.0,0.0,1.0
2015-11-12,26.29,26.36,26.07,26.08,23.6698,1507964.0,0.0,1.0
2015-11-13,26.02,26.1,25.88,25.93,23.5336,3310916.0,0.0,1.0
2015-11-16,25.98,26.34,25.98,26.33,23.8967,1141369.0,0.0,1.0
2015-11-17,26.51,26.62,26.4,26.44,23.9965,2236826.0,0.0,1.0
2015-11-18,26.53,26.745,26.4923,26.7,24.2325,1835724.0,0.0,1.0
2015-11-19,26.71,26.79,26.6551,26.7,24.2325,1833647.0,0.0,1.0
2015-11-20,26.78,26.85,26.7,26.71,24.2416,871697.0,0.0,1.0
2015-11-23,26.7,26.78,26.565,26.6,24.1417,1743445.0,0.0,1.0
2015-11-24,26.41,26.6099,26.3899,26.58,24.1236,1917788.0,0.0,1.0
2015-11-25,26.69,26.745,26.645,26.67,24.2053,1836029.0,0.0,1.0
2015-11-27,26.79,26.82,26.7459,26.77,24.296,260146.0,0.0,1.0
2015-11-30,26.82,26.84,26.72,26.76,24.2869,1885516.0,0.0,1.0
2015-12-01,26.89,26.95,26.79,26.93,24.4412,2027891.0,0.0,1.0
2015-12-02,26.73,26.76,26.44,26.5,24.2654,2020966.0,0.2362,1.0
2015-12-03,26.41,26.4199,25.75,25.87,23.6885,2648415.0,0.0,1.0
2015-12-04,25.84,26.25,25.84,26.2,23.9907,3003823.0,0.0,1.0
2015-12-07,26.22,26.22,26.02,26.12,23.9174,1085457.0,0.0,1.0
2015-12-08,25.66,25.76,25.5491,25.7,23.5328,3071668.0,0.0,1.0
2015-12-09,25.52,25.72,25.165,25.28,23.1483,2284387.0,0.0,1.0
2015-12-10,25.46,25.505,25.35,25.38,23.2398,2104422.0,0.0,1.0
2015-12-11,24.98,25.005,24.76,24.79,22.6996,1944018.0,0.0,1.0
2015-12-14,24.93,24.97,24.51,24.9,22.8003,2869234.0,0.0,1.0
2015-12-15,25.06,25.235,25.04,25.17,23.0475,4178249.0,0.0,1.0
2015-12-16,25.47,25.75,25.32,25.71,23.542,3025797.0,0.0,1.0
2015-12-17,25.82,25.87,25.57,25.58,23.423,3194165.0,0.0,1.0
2015-12-18,25.4,25.41,25.15,25.15,23.0292,3666132.0,0.0,1.0
2015-12-21,25.45,25.46,25.08,25.24,23.1116,3477060.0,0.0,1.0
2015-12-22,25.26,25.41,25.14,25.4,23.2581,3426821.0,0.0,1.0
2015-12-23,25.65,25.83,25.63,25.82,23.6427,10407168.0,0.0,1.0
2015-12-24,25.73,25.9,25.62,25.69,23.5237,1306753.0,0.0,1.0
2015-12-28,25.4,25.44,25.32,25.42,23.4604,2732179.0,0.2009,1.0
2015-12-29,25.68,25.8,25.68,25.75,23.765,2660169.0,0.0,1.0
2015-12-30,25.68,25.7,25.56,25.59,23.6173,2786401.0,0.0,1.0
2015-12-31,25.49,25.57,25.365,25.4,23.442,1793315.0,0.0,1.0
2016-01-04,24.95,25.01,24.75,25.01,23.0821,1544526.0,0.0,1.0
2016-01-05,25.04,25.07,24.9,25.06,23.1282,2966864.0,0.0,1.0
2016-01-06,24.56,24.7,24.45,24.61,22.7129,1716636.0,0.0,1.0
2016-01-07,24.07,24.31,23.88,23.91,22.0668,2232812.0,0.0,1.0
2016-01-08,24.15,24.21,23.64,23.7,21.873,2116259.0,0.0,1.0
2016-01-11,23.99,24.0,23.58,23.88,22.0392,1673730.0,0.0,1.0
2016-01-12,24.11,24.14,23.77,24.02,22.1684,1824057.0,0.0,1.0
2016-01-13,24.25,24.25,23.56,23.64,21.8177,2253993.0,0.0,1.0
2016-01-14,23.73,24.08,23.51,23.96,22.113,1979961.0,0.0,1.0
2016-01-15,23.07,23.29,22.91,23.12,21.3377,2167742.0,0.0,1.0
2016-01-19,23.56,23.59,23.16,23.34,21.5408,2817691.0,0.0,1.0
2016-01-20,22.85,22.98,22.33,22.82,21.0609,4652957.0,0.0,1.0
2016-01-21,22.84,23.17,22.64,22.96,21.1901,3869499.0,0.0,1.0
2016-01-22,23.6,23.82,23.57,23.81,21.9746,2209230.0,0.0,1.0
2016-01-25,23.59,23.68,23.4,23.42,21.6146,2209600.0,0.0,1.0
2016-01-26,23.61,23.815,23.53,23.8,21.9653,1608958.0,0.0,1.0
2016-01-27,23.72,24.03,23.55,23.65,21.8269,1707933.0,0.0,1.0
2016-01-28,23.79,23.83,23.44,23.64,21.8177,1866048.0,0.0,1.0
2016-01-29,23.91,24.33,23.91,24.33,22.4545,2825802.0,0.0,1.0
2016-02-01,24.06,24.23,23.92,24.14,22.2791,2462947.0,0.0,1.0
2016-02-02,23.85,23.85,23.47,23.57,21.7531,2667132.0,0.0,1.0
2016-02-03,23.59,23.59,22.975,23.38,21.5777,2657488.0,0.0,1.0
2016-02-04,23.17,23.41,23.04,23.28,21.4854,2075198.0,0.0,1.0
2016-02-05,23.29,23.32,22.91,23.0,21.227,2539227.0,0.0,1.0
2016-02-08,22.66,22.66,22.26,22.49,20.7563,3384084.0,0.0,1.0
2016-02-09,21.89,22.2,21.82,22.08,20.3779,2913725.0,0.0,1.0
2016-02-10,22.19,22.43,21.885,21.92,20.2303,2688216.0,0.0,1.0
2016-02-11,21.54,21.69,21.32,21.57,19.9072,5471609.0,0.0,1.0
2016-02-12,21.71,22.06,21.6,22.06,20.3595,8522588.0,0.0,1.0
2016-02-16,22.62,22.73,22.4663,22.73,20.9778,2771695.0,0.0,1.0
2016-02-17,22.98,23.17,22.94,23.12,21.3377,1795822.0,0.0,1.0
2016-02-18,23.25,23.26,22.96,23.0,21.227,1249071.0,0.0,1.0
2016-02-19,22.86,22.92,22.74,22.89,21.1255,950591.0,0.0,1.0
2016-02-22,23.24,23.36,23.24,23.3,21.5039,1013930.0,0.0,1.0
2016-02-23,23.13,23.17,22.88,22.89,21.1255,1164398.0,0.0,1.0
2016-02-24,22.53,22.9,22.38,22.88,21.1162,1358626.0,0.0,1.0
2016-02-25,23.03,23.18,22.92,23.18,21.3931,982950.0,0.0,1.0
2016-02-26,23.37,23.46,23.265,23.27,21.4762,2025523.0,0.0,1.0
2016-02-29,23.27,23.33,23.115,23.12,21.3377,1439263.0,0.0,1.0
2016-03-01,23.49,23.8,23.43,23.74,21.91,1229342.0,0.0,1.0
2016-03-02,23.76,23.86,23.6719,23.83,21.993,1205408.0,0.0,1.0
2016-03-03,23.89,23.95,23.8,23.93,22.0853,1599499.0,0.0,1.0
2016-03-04,24.08,24.2299,23.95,24.07,22.2145,2132625.0,0.0,1.0
2016-03-07,23.89,24.08,23.87,24.01,22.1591,1386989.0,0.0,1.0
2016-03-08,23.84,23.87,23.69,23.75,21.9192,1067320.0,0.0,1.0
2016-03-09,23.92,23.94,23.79,23.88,22.0392,845484.0,0.0,1.0
2016-03-10,24.09,24.21,23.409,23.68,21.8546,1938788.0,0.0,1.0
2016-03-11,24.08,24.28,24.06,24.27,22.3991,781601.0,0.0,1.0
2016-03-14,24.26,24.3699,24.22,24.31,22.436,841462.0,0.0,1.0
2016-03-15,24.02,24.1,23.97,24.1,22.2422,998047.0,0.0,1.0
2016-03-16,24.02,24.12,23.98,24.12,22.2607,1503317.0,0.0,1.0
2016-03-17,23.92,24.1,23.835,24.05,22.1961,888926.0,0.0,1.0
2016-03-18,24.07,24.125,24.0112,24.08,22.2237,802197.0,0.0,1.0
2016-03-21,24.02,24.14,24.0001,24.12,22.2607,1119563.0,0.0,1.0
2016-03-22,23.97,24.205,23.94,24.15,22.2883,1599562.0,0.0,1.0
2016-03-23,24.18,24.18,23.955,24.0,22.1499,1033424.0,0.0,1.0
2016-03-24,23.7,23.85,23.6863,23.85,22.0115,1070052.0,0.0,1.0
2016-03-28,23.99,23.99,23.89,23.97,22.1222,949372.0,0.0,1.0
2016-03-29,23.84,24.04,23.78,24.04,22.1868,1382102.0,0.0,1.0
2016-03-30,24.19,24.2699,24.14,24.14,22.2791,3200710.0,0.0,1.0
2016-03-31,23.99,24.03,23.87,23.87,22.0299,1375048.0,0.0,1.0
2016-04-01,23.44,23.635,23.38,23.6,21.7807,1388031.0,0.0,1.0
2016-04-04,23.65,23.67,23.51,23.54,21.7254,1324772.0,0.0,1.0
2016-04-05,23.11,23.2086,23.06,23.08,21.3008,2001982.0,0.0,1.0
2016-04-06,23.18,23.43,23.145,23.43,21.6239,1454825.0,0.0,1.0
2016-04-07,23.22,23.27,23.005,23.1,21.3193,3286783.0,0.0,1.0
2016-04-08,23.5,23.5613,23.39,23.44,21.6331,1783275.0,0.0,1.0
2016-04-11,23.57,23.595,23.38,23.38,21.5777,958857.0,0.0,1.0
2016-04-12,23.6,23.79,23.52,23.76,21.9284,1227921.0,0.0,1.0
2016-04-13,24.19,24.36,24.19,24.33,22.4545,1402737.0,0.0,1.0
2016-04-14,24.41,24.5,24.35,24.43,22.5468,1201033.0,0.0,1.0
2016-04-15,24.35,24.373,24.29,24.33,22.4545,1198982.0,0.0,1.0
2016-04-18,24.26,24.475,24.24,24.47,22.5837,1144542.0,0.0,1.0
2016-04-19,24.76,24.82,24.7,24.8,22.8882,874172.0,0.0,1.0
2016-04-20,24.83,25.04,24.7822,24.96,23.0359,821734.0,0.0,1.0
2016-04-21,24.83,24.91,24.76,24.79,22.879,5212982.0,0.0,1.0
2016-04-22,24.92,24.9881,24.85,24.95,23.0267,1053241.0,0.0,1.0
2016-04-25,24.75,24.79,24.66,24.79,22.879,770618.0,0.0,1.0
2016-04-26,24.71,24.81,24.68,24.78,22.8698,1204113.0,0.0,1.0
2016-04-27,24.74,24.9,24.715,24.85,22.9344,1701856.0,0.0,1.0
2016-04-28,24.38,24.555,24.21,24.25,22.3806,2871288.0,0.0,1.0
2016-04-29,24.12,24.175,23.91,23.96,22.113,1425359.0,0.0,1.0
2016-05-02,24.13,24.15,24.02,24.13,22.2699,1215252.0,0.0,1.0
2016-05-03,23.87,23.87,23.75,23.79,21.9561,1443928.0,0.0,1.0
2016-05-04,23.64,23.7362,23.5437,23.6,21.7807,2277543.0,0.0,1.0
2016-05-05,23.63,23.7499,23.6,23.69,21.8638,808524.0,0.0,1.0
2016-05-06,23.56,23.7899,23.53,23.78,21.9469,970190.0,0.0,1.0
2016-05-09,23.89,23.96,23.8,23.83,21.993,1255716.0,0.0,1.0
2016-05-10,24.02,24.22,24.0099,24.22,22.353,1346995.0,0.0,1.0
2016-05-11,23.98,24.05,23.89,23.92,22.0761,1516628.0,0.0,1.0
2016-05-12,24.12,24.15,23.8533,24.01,22.1591,1270345.0,0.0,1.0
2016-05-13,23.89,24.0,23.76,23.78,21.9469,1234708.0,0.0,1.0
2016-05-16,23.89,24.12,23.87,24.12,22.2607,679663.0,0.0,1.0
2016-05-17,24.03,24.07,23.89,23.92,22.0761,1709058.0,0.0,1.0
2016-05-18,23.98,24.18,23.94,24.05,22.1961,1185957.0,0.0,1.0
2016-05-19,23.9,23.955,23.82,23.9,22.0576,988579.0,0.0,1.0
2016-05-20,24.09,24.19,24.07,24.13,22.2699,1302813.0,0.0,1.0
2016-05-23,24.02,24.085,23.975,23.98,22.1315,773868.0,0.0,1.0
2016-05-24,24.23,24.45,24.21,24.41,22.5283,821941.0,0.0,1.0
2016-05-25,24.55,24.65,24.55,24.63,22.7313,1126769.0,0.0,1.0
2016-05-26,24.61,24.6799,24.57,24.63,22.7313,755673.0,0.0,1.0
2016-05-27,24.66,24.75,24.645,24.73,22.8236,1214242.0,0.0,1.0
2016-05-31,24.8,24.83,24.61,24.66,22.759,1130356.0,0.0,1.0
2016-06-01,24.44,24.56,24.41,24.52,22.6298,664220.0,0.0,1.0
2016-06-02,24.37,24.53,24.35,24.52,22.6298,706716.0,0.0,1.0
2016-06-03,24.33,24.34,24.15,24.31,22.436,875896.0,0.0,1.0
2016-06-06,24.45,24.54,24.375,24.49,22.6021,901783.0,0.0,1.0
2016-06-07,24.61,24.6899,24.59,24.62,22.7221,809445.0,0.0,1.0
2016-06-08,24.58,24.64,24.5401,24.63,22.7313,394233.0,0.0,1.0
2016-06-09,24.34,24.4101,24.3,24.38,22.5006,698142.0,0.0,1.0
2016-06-10,23.95,23.962,23.73,23.82,21.9838,988598.0,0.0,1.0
2016-06-13,23.52,23.63,23.34,23.37,21.5685,971317.0,0.0,1.0
2016-06-14,23.19,23.28,23.01,23.15,21.3654,1294406.0,0.0,1.0
2016-06-15,23.31,23.35,23.1699,23.2,21.4116,795135.0,0.0,1.0
2016-06-16,22.92,23.2,22.78,23.18,21.3931,994290.0,0.0,1.0
2016-06-17,23.2,23.36,23.11,23.32,21.5223,674120.0,0.0,1.0
2016-06-20,23.89,23.92,23.73,23.73,21.9007,515308.0,0.0,1.0
2016-06-21,23.98,24.2099,23.92,24.03,22.1776,773864.0,0.0,1.0
2016-06-22,24.03,24.1871,23.94,23.95,22.1038,2024881.0,0.0,1.0
2016-06-23,24.38,24.57,24.24,24.55,22.6575,2099829.0,0.0,1.0
2016-06-24,22.99,23.43,22.88,22.94,21.1716,4238318.0,0.0,1.0
2016-06-27,22.76,22.77,22.42,22.7,20.9501,1475297.0,0.0,1.0
2016-06-28,23.12,23.24,23.01,23.24,21.4485,2491473.0,0.0,1.0
2016-06-29,23.47,23.6365,23.45,23.62,21.7992,1438179.0,0.0,1.0
2016-06-30,23.65,24.03,23.58,23.98,22.1315,1360894.0,0.0,1.0
2016-07-01,23.89,24.02,23.89,23.95,22.1038,759451.0,0.0,1.0
2016-07-05,23.65,23.67,23.499,23.56,21.7438,1115570.0,0.0,1.0
2016-07-06,22.76,23.02,22.685,23.01,21.6904,1670561.0,0.4921,1.0
2016-07-07,23.04,23.11,22.873,22.94,21.6244,1335394.0,0.0,1.0
2016-07-08,23.14,23.28,23.115,23.26,21.926,1009683.0,0.0,1.0
2016-07-11,23.66,23.81,23.655,23.71,22.3502,850789.0,0.0,1.0
2016-07-12,24.05,24.1,23.99,24.04,22.6613,855733.0,0.0,1.0
2016-07-13,24.06,24.075,23.92,24.0,22.6236,769796.0,0.0,1.0
2016-07-14,24.22,24.25,24.13,24.14,22.7556,1019873.0,0.0,1.0
2016-07-15,24.19,24.19,24.09,24.12,22.7367,3114212.0,0.0,1.0
2016-07-18,24.12,24.2459,24.095,24.19,22.8027,2510809.0,0.0,1.0
2016-07-19,24.15,24.16,24.08,24.14,22.7556,1567678.0,0.0,1.0
2016-07-20,24.33,24.3901,24.285,24.35,22.9535,2409114.0,0.0,1.0
2016-07-21,24.26,24.35,24.16,24.21,22.8215,2774782.0,0.0,1.0
2016-07-22,24.31,24.38,24.2899,24.34,22.9441,1140718.0,0.0,1.0
2016-07-25,24.37,24.37,24.24,24.27,22.8781,1365361.0,0.0,1.0
2016-07-26,24.29,24.36,24.235,24.31,22.9158,1601156.0,0.0,1.0
2016-07-27,24.52,24.52,24.35,24.35,22.9535,1583840.0,0.0,1.0
2016-07-28,24.31,24.38,24.195,24.34,22.9441,1060403.0,0.0,1.0
2016-07-29,24.28,24.35,24.23,24.28,22.8875,2029147.0,0.0,1.0
2016-08-01,24.27,24.3,24.15,24.2,22.8121,800933.0,0.0,1.0
2016-08-02,24.0,24.0,23.77,23.88,22.5105,1637824.0,0.0,1.0
2016-08-03,23.75,23.9,23.74,23.9,22.5293,800758.0,0.0,1.0
2016-08-04,24.01,24.12,23.98,24.12,22.7367,2743379.0,0.0,1.0
2016-08-05,24.24,24.34,24.24,24.3,22.9064,1286728.0,0.0,1.0
2016-08-08,24.4,24.445,24.39,24.42,23.0195,532265.0,0.0,1.0
2016-08-09,24.52,24.639,24.52,24.56,23.1515,645829.0,0.0,1.0
2016-08-10,24.59,24.61,24.53,24.54,23.1326,1650771.0,0.0,1.0
2016-08-11,24.68,24.83,24.65,24.78,23.3589,1378665.0,0.0,1.0
2016-08-12,24.68,24.75,24.675,24.7,23.2834,514823.0,0.0,1.0
2016-08-15,24.77,24.8285,24.77,24.78,23.3589,1155166.0,0.0,1.0
2016-08-16,24.57,24.62,24.52,24.54,23.1326,588105.0,0.0,1.0
2016-08-17,24.54,24.58,24.4159,24.57,23.1609,643841.0,0.0,1.0
2016-08-18,24.46,24.51,24.44,24.5,23.0949,483500.0,0.0,1.0
2016-08-19,24.38,24.44,24.31,24.43,23.0289,463311.0,0.0,1.0
2016-08-22,24.35,24.46,24.34,24.44,23.0384,727035.0,0.0,1.0
2016-08-23,24.57,24.6266,24.54,24.54,23.1326,923310.0,0.0,1.0
2016-08-24,24.59,24.64,24.51,24.55,23.142,716946.0,0.0,1.0
2016-08-25,24.44,24.51,24.425,24.44,23.0384,786756.0,0.0,1.0
2016-08-26,24.44,24.59,24.345,24.49,23.0855,968613.0,0.0,1.0
2016-08-29,24.51,24.61,24.51,24.59,23.1797,331780.0,0.0,1.0
2016-08-30,24.7,24.74,24.665,24.69,23.274,1120054.0,0.0,1.0
2016-08-31,24.71,24.7216,24.5324,24.63,23.2175,657581.0,0.0,1.0
2016-09-01,24.76,24.79,24.55,24.71,23.2929,3115460.0,0.0,1.0
2016-09-02,24.91,25.08,24.89,25.05,23.6134,3343046.0,0.0,1.0
2016-09-06,25.01,25.05,24.885,24.93,23.5002,678576.0,0.0,1.0
2016-09-07,24.98,25.035,24.94,24.96,23.5285,867049.0,0.0,1.0
2016-09-08,24.87,24.99,24.86,24.96,23.5285,506496.0,0.0,1.0
2016-09-09,24.84,24.85,24.54,24.54,23.1326,869182.0,0.0,1.0
2016-09-12,24.35,24.68,24.33,24.68,23.2646,745887.0,0.0,1.0
2016-09-13,24.46,24.47,24.2,24.32,22.9252,1292653.0,0.0,1.0
2016-09-14,24.29,24.37,24.17,24.22,22.831,1340167.0,0.0,1.0
2016-09-15,24.23,24.44,24.22,24.39,22.9912,5530121.0,0.0,1.0
2016-09-16,24.27,24.285,24.2,24.26,22.8687,10228574.0,0.0,1.0
2016-09-19,24.42,24.45,24.31,24.34,22.9441,5722140.0,0.0,1.0
2016-09-20,24.57,24.59,24.47,24.5,23.0949,8012280.0,0.0,1.0
2016-09-21,24.7,24.8,24.58,24.78,23.3589,1492877.0,0.0,1.0
2016-09-22,25.05,25.1,24.9999,25.02,23.5851,2158296.0,0.0,1.0
2016-09-23,24.9,24.925,24.835,24.84,23.4154,3246970.0,0.0,1.0
2016-09-26,24.56,24.595,24.51,24.52,23.1138,1139596.0,0.0,1.0
2016-09-27,24.49,24.665,24.46,24.65,23.2363,1413269.0,0.0,1.0
2016-09-28,24.76,24.87,24.6626,24.86,23.4343,930518.0,0.0,1.0
2016-09-29,24.86,24.92,24.53,24.6,23.1892,1143815.0,0.0,1.0
2016-09-30,24.68,24.87,24.64,24.81,23.3871,1301271.0,0.0,1.0
2016-10-03,24.78,24.85,24.745,24.83,23.406,373803.0,0.0,1.0
2016-10-04,25.1,25.1357,24.87,24.95,23.5191,708929.0,0.0,1.0
2016-10-05,25.02,25.12,25.02,25.09,23.6511,643697.0,0.0,1.0
2016-10-06,25.04,25.11,25.02,25.09,23.6511,732858.0,0.0,1.0
2016-10-07,24.96,24.9899,24.84,24.92,23.4908,740883.0,0.0,1.0
2016-10-10,25.06,25.165,25.06,25.12,23.6794,448794.0,0.0,1.0
2016-10-11,25.07,25.09,24.87,24.94,23.5097,943854.0,0.0,1.0
2016-10-12,24.91,24.96,24.875,24.94,23.5097,1124689.0,0.0,1.0
2016-10-13,24.64,24.805,24.56,24.76,23.34,1388954.0,0.0,1.0
2016-10-14,24.99,25.04,24.893,24.92,23.4908,672677.0,0.0,1.0
2016-10-17,24.82,24.89,24.75,24.78,23.3589,794064.0,0.0,1.0
2016-10-18,25.05,25.05,24.98,25.0,23.5662,745471.0,0.0,1.0
2016-10-19,25.02,25.0961,25.0,25.06,23.6228,694893.0,0.0,1.0
2016-10-20,25.1,25.22,25.08,25.2,23.7548,653525.0,0.0,1.0
2016-10-21,25.06,25.2,25.05,25.2,23.7548,810561.0,0.0,1.0
2016-10-24,25.25,25.265,25.174,25.23,23.783,9595809.0,0.0,1.0
2016-10-25,25.26,25.29,25.1513,25.17,23.7265,1060095.0,0.0,1.0
2016-10-26,25.0,25.12,24.99,25.06,23.6228,540190.0,0.0,1.0
2016-10-27,25.13,25.22,25.08,25.15,23.7076,593199.0,0.0,1.0
2016-10-28,25.06,25.15,24.95,25.01,23.5757,898800.0,0.0,1.0
2016-10-31,25.04,25.08,24.991,25.02,23.5851,1398960.0,0.0,1.0
2016-11-01,25.0,25.01,24.66,24.76,23.34,452541.0,0.0,1.0
2016-11-02,24.63,24.635,24.4,24.48,23.0761,1802244.0,0.0,1.0
2016-11-03,24.51,24.54,24.32,24.35,22.9535,444375.0,0.0,1.0
2016-11-04,24.2,24.23,24.06,24.06,22.6801,959693.0,0.0,1.0
2016-11-07,24.55,24.64,24.55,24.62,23.208,1106476.0,0.0,1.0
2016-11-08,24.58,24.8,24.56,24.76,23.34,9054884.0,0.0,1.0
2016-11-09,24.53,24.985,24.53,24.915,23.4861,8508278.0,0.0,1.0
2016-11-10,25.01,25.0867,24.73,24.9,23.472,1273986.0,0.0,1.0
2016-11-11,24.73,24.8,24.66,24.79,23.3683,468216.0,0.0,1.0
2016-11-14,24.83,24.9,24.77,24.89,23.4625,3178714.0,0.0,1.0
2016-11-15,24.92,25.09,24.88,25.06,23.6228,1108308.0,0.0,1.0
2016-11-16,24.89,24.97,24.865,24.89,23.4625,639989.0,0.0,1.0
2016-11-17,25.0,25.19,24.9854,25.18,23.7359,577861.0,0.0,1.0
2016-11-18,25.07,25.07,25.01,25.04,23.6039,2061546.0,0.0,1.0
2016-11-21,25.08,25.2,25.06,25.17,23.7265,810943.0,0.0,1.0
2016-11-22,25.27,25.28,25.16,25.28,23.8302,994736.0,0.0,1.0
2016-11-23,25.15,25.33,25.14,25.325,23.8726,579858.0,0.0,1.0
2016-11-25,25.37,25.395,25.33,25.39,23.9339,176805.0,0.0,1.0
2016-11-28,25.29,25.33,25.18,25.2,23.7548,1262895.0,0.0,1.0
2016-11-29,25.26,25.355,25.2,25.3,23.849,732066.0,0.0,1.0
2016-11-30,25.47,25.51,25.4,25.425,23.9669,1221911.0,0.0,1.0
2016-12-01,25.37,25.37,25.19,25.2,23.7548,1199108.0,0.0,1.0
2016-12-02,25.06,25.1899,25.02,25.12,23.7553,928963.0,0.0806,1.0
2016-12-05,25.25,25.33,25.224,25.27,23.8972,837809.0,0.0,1.0
2016-12-06,25.35,25.57,25.3199,25.55,24.1619,783140.0,0.0,1.0
2016-12-07,25.65,25.91,25.63,25.86,24.4551,1181011.0,0.0,1.0
2016-12-08,25.96,26.085,25.92,26.02,24.6064,949326.0,0.0,1.0
2016-12-09,26.14,26.26,26.12,26.24,24.8145,1164586.0,0.0,1.0
2016-12-12,26.08,26.155,26.0,26.01,24.597,1201207.0,0.0,1.0
2016-12-13,26.22,26.3661,26.22,26.33,24.8996,784814.0,0.0,1.0
2016-12-14,26.22,26.32,26.15,26.19,24.7672,2227923.0,0.0,1.0
2016-12-15,26.28,26.4299,26.25,26.4,24.9658,1543295.0,0.0,1.0
2016-12-16,26.4,26.419,26.2937,26.32,24.8901,1196797.0,0.0,1.0
2016-12-19,26.37,26.3976,26.335,26.36,24.9279,874439.0,0.0,1.0
2016-12-20,26.48,26.52,26.46,26.49,25.0509,1006671.0,0.0,1.0
2016-12-21,26.38,26.45,26.38,26.44,25.0036,989613.0,0.0,1.0
2016-12-22,26.44,26.44,26.37,26.42,24.9847,1339078.0,0.0,1.0
2016-12-23,26.46,26.47,26.41,26.47,25.032,1064941.0,0.0,1.0
2016-12-27,26.45,26.495,26.43,26.43,24.9941,937818.0,0.0,1.0
2016-12-28,26.26,26.26,26.11,26.11,24.9334,1535860.0,0.2558,1.0
2016-12-29,26.12,26.13,26.05,26.05,24.8761,961211.0,0.0,1.0
2016-12-30,26.21,26.21,26.06,26.12,24.943,878812.0,0.0,1.0
2017-01-03,26.45,26.54,26.35,26.46,25.2676,1124760.0,0.0,1.0
2017-01-04,26.52,26.64,26.48,26.61,25.4109,1514931.0,0.0,1.0
2017-01-05,26.58,26.6199,26.5,26.61,25.4109,1174542.0,0.0,1.0
2017-01-06,26.63,26.72,26.57,26.71,25.5064,925922.0,0.0,1.0
2017-01-09,26.62,26.64,26.5643,26.62,25.4204,573505.0,0.0,1.0
2017-01-10,26.6,26.67,26.55,26.58,25.3822,462455.0,0.0,1.0
2017-01-11,26.68,26.78,26.51,26.7,25.4968,1280186.0,0.0,1.0
2017-01-12,26.55,26.61,26.3881,26.59,25.3918,942927.0,0.0,1.0
2017-01-13,26.69,26.735,26.63,26.7,25.4968,3862506.0,0.0,1.0
2017-01-17,26.37,26.38,26.265,26.29,25.1053,2233430.0,0.0,1.0
2017-01-18,26.32,26.46,26.281,26.44,25.2485,1729241.0,0.0,1.0
2017-01-19,26.48,26.5,26.33,26.38,25.1912,982188.0,0.0,1.0
2017-01-20,26.46,26.52,26.37,26.46,25.2676,1600563.0,0.0,1.0
2017-01-23,26.31,26.33,26.16,26.33,25.1435,802009.0,0.0,1.0
2017-01-24,26.31,26.47,26.275,26.42,25.2294,1159660.0,0.0,1.0
2017-01-25,26.6,26.64,26.555,26.62,25.4204,826899.0,0.0,1.0
2017-01-26,26.73,26.75,26.66,26.67,25.4682,1184742.0,0.0,1.0
2017-01-27,26.67,26.68,26.61,26.67,25.4682,1019959.0,0.0,1.0
2017-01-30,26.46,26.46,26.29,26.4,25.2103,938128.0,0.0,1.0
2017-01-31,26.29,26.32,26.13,26.24,25.0576,2459799.0,0.0,1.0
2017-02-01,26.5,26.5,26.3399,26.39,25.2008,883207.0,0.0,1.0
2017-02-02,26.33,26.4,26.2666,26.37,25.1817,930559.0,0.0,1.0
2017-02-03,26.48,26.51,26.42,26.5,25.3058,789501.0,0.0,1.0
2017-02-06,26.3,26.33,26.22,26.27,25.0862,954038.0,0.0,1.0
2017-02-07,26.36,26.42,26.28,26.36,25.1721,1150722.0,0.0,1.0
2017-02-08,26.3,26.4,26.23,26.39,25.2008,929245.0,0.0,1.0
2017-02-09,26.42,26.62,26.42,26.6,25.4013,560482.0,0.0,1.0
2017-02-10,26.66,26.73,26.64,26.71,25.5064,657132.0,0.0,1.0
2017-02-13,26.87,26.9,26.84,26.85,25.6401,435966.0,0.0,1.0
2017-02-14,26.76,26.89,26.74,26.89,25.6783,1758263.0,0.0,1.0
2017-02-15,26.85,26.9599,26.85,26.94,25.726,848915.0,0.0,1.0
2017-02-16,26.87,26.8858,26.79,26.86,25.6496,684799.0,0.0,1.0
2017-02-17,26.74,26.8999,26.73,26.89,25.6783,553485.0,0.0,1.0
2017-02-21,26.97,27.06,26.97,27.06,25.8406,2301835.0,0.0,1.0
2017-02-22,26.97,27.05,26.935,27.03,25.812,926882.0,0.0,1.0
2017-02-23,27.04,27.06,26.9247,26.98,25.7642,1033055.0,0.0,1.0
2017-02-24,26.71,26.84,26.7,26.84,25.6305,680738.0,0.0,1.0
2017-02-27,26.71,26.87,26.7089,26.85,25.6401,824566.0,0.0,1.0
2017-02-28,26.78,26.8299,26.73,26.81,25.6019,624641.0,0.0,1.0
2017-03-01,27.22,27.33,27.2,27.28,26.0507,641549.0,0.0,1.0
2017-03-02,27.29,27.3,27.21,27.22,25.9934,985475.0,0.0,1.0
2017-03-03,27.25,27.3066,27.205,27.24,26.0125,807355.0,0.0,1.0
2017-03-06,27.16,27.21,27.104,27.2,25.9743,707501.0,0.0,1.0
2017-03-07,27.15,27.1763,27.11,27.13,25.9074,714036.0,0.0,1.0
2017-03-08,27.21,27.22,27.1,27.1,25.8788,2007304.0,0.0,1.0
2017-03-09,27.14,27.24,27.135,27.24,26.0125,778049.0,0.0,1.0
2017-03-10,27.37,27.405,27.28,27.37,26.1366,1118396.0,0.0,1.0
2017-03-13,27.39,27.48,27.39,27.46,26.2226,1079429.0,0.0,1.0
2017-03-14,27.33,27.3499,27.2599,27.33,26.0984,1332138.0,0.0,1.0
2017-03-15,27.38,27.45,27.36,27.41,26.1748,436172.0,0.0,1.0
2017-03-16,27.52,27.5698,27.462,27.49,26.2512,1303105.0,0.0,1.0
2017-03-17,27.54,27.56,27.471,27.55,26.3085,646130.0,0.0,1.0
2017-03-20,27.53,27.56,27.455,27.4775,26.2393,856559.0,0.0,1.0
2017-03-21,27.58,27.59,27.18,27.18,25.9552,1763428.0,0.0,1.0
2017-03-22,27.09,27.2099,27.03,27.19,25.9647,1308578.0,0.0,1.0
2017-03-23,27.15,27.3166,27.12,27.25,26.022,935318.0,0.0,1.0
2017-03-24,27.34,27.38,27.25,27.34,26.108,879388.0,0.0,1.0
2017-03-27,27.1,27.31,27.08,27.3,26.0698,1278287.0,0.0,1.0
2017-03-28,27.31,27.549,27.27,27.52,26.2799,958254.0,0.0,1.0
2017-03-29,27.45,27.58,27.45,27.55,26.3085,854826.0,0.0,1.0
2017-03-30,27.53,27.6152,27.5,27.6,26.3563,543022.0,0.0,1.0
2017-03-31,27.49,27.5765,27.46,27.52,26.2799,578484.0,0.0,1.0
2017-04-03,27.54,27.55,27.33,27.5,26.2608,1066566.0,0.0,1.0
2017-04-04,27.42,27.53,27.39,27.53,26.2894,863060.0,0.0,1.0
2017-04-05,27.54,27.59,27.33,27.33,26.0984,923247.0,0.0,1.0
2017-04-06,27.4,27.4599,27.36,27.41,26.1748,823635.0,0.0,1.0
2017-04-07,27.45,27.575,27.415,27.52,26.2799,715638.0,0.0,1.0
2017-04-10,27.49,27.51,27.4101,27.47,26.2321,578629.0,0.0,1.0
2017-04-11,27.51,27.53,27.31,27.48,26.2417,4937309.0,0.0,1.0
2017-04-12,27.44,27.45,27.34,27.35,26.1175,1917645.0,0.0,1.0
2017-04-13,27.24,27.3,27.17,27.18,25.9552,1978330.0,0.0,1.0
2017-04-17,27.21,27.34,27.205,27.32,26.0889,2039091.0,0.0,1.0
2017-04-18,27.0,27.06,26.88,26.93,25.7165,1598008.0,0.0,1.0
2017-04-19,27.06,27.08,26.91,26.94,25.726,2099563.0,0.0,1.0
2017-04-20,27.12,27.2097,27.0935,27.17,25.9456,1714809.0,0.0,1.0
2017-04-21,27.17,27.195,27.1148,27.17,25.9456,1479067.0,0.0,1.0
2017-04-24,27.7,27.79,27.6952,27.78,26.5282,2165248.0,0.0,1.0
2017-04-25,27.94,27.99,27.89,27.95,26.6905,1334048.0,0.0,1.0
2017-04-26,27.98,28.0673,27.89,27.89,26.6332,1332906.0,0.0,1.0
2017-04-27,28.0,28.0062,27.92,27.96,26.7,1395398.0,0.0,1.0
2017-04-28,27.96,27.96,27.88,27.88,26.6237,1394116.0,0.0,1.0
2017-05-01,28.0,28.1,27.95,28.07,26.8051,644563.0,0.0,1.0
2017-05-02,28.13,28.18,28.1118,28.17,26.9006,1212672.0,0.0,1.0
2017-05-03,28.11,28.24,28.09,28.22,26.9483,795006.0,0.0,1.0
2017-05-04,28.31,28.38,28.27,28.37,27.0916,805399.0,0.0,1.0
2017-05-05,28.4,28.64,28.4,28.64,27.3494,954751.0,0.0,1.0
2017-05-08,28.54,28.59,28.51,28.59,27.3017,943641.0,0.0,1.0
2017-05-09,28.68,28.68,28.595,28.66,27.3685,857913.0,0.0,1.0
2017-05-10,28.67,28.72,28.63,28.72,27.4258,653331.0,0.0,1.0
2017-05-11,28.62,28.65,28.5067,28.65,27.359,1714584.0,0.0,1.0
2017-05-12,28.61,28.69,28.59,28.67,27.3781,862427.0,0.0,1.0
2017-05-15,28.68,28.79,28.67,28.77,27.4735,824068.0,0.0,1.0
2017-05-16,28.84,28.86,28.7501,28.79,27.4926,1201119.0,0.0,1.0
2017-05-17,28.55,28.582,28.24,28.25,26.977,1716725.0,0.0,1.0
2017-05-18,28.18,28.43,28.16,28.37,27.0916,1634687.0,0.0,1.0
2017-05-19,28.46,28.565,28.44,28.56,27.273,1094299.0,0.0,1.0
2017-05-22,28.58,28.6,28.53,28.57,27.2826,935565.0,0.0,1.0
2017-05-23,28.6,28.68,28.572,28.68,27.3876,987551.0,0.0,1.0
2017-05-24,28.63,28.65,28.59,28.65,27.359,805793.0,0.0,1.0
2017-05-25,28.67,28.71,28.61,28.68,27.3876,1397570.0,0.0,1.0
2017-05-26,28.57,28.66,28.57,28.66,27.3685,561279.0,0.0,1.0
2017-05-30,28.56,28.59,28.535,28.54,27.2539,481703.0,0.0,1.0
2017-05-31,28.69,28.7,28.51,28.54,27.2539,1490891.0,0.0,1.0
2017-06-01,28.74,28.83,28.68,28.83,27.5308,1198702.0,0.0,1.0
2017-06-02,28.92,28.96,28.8358,28.95,27.6454,811544.0,0.0,1.0
2017-06-05,28.82,28.84,28.78,28.84,27.5404,811328.0,0.0,1.0
2017-06-06,28.62,28.69,28.61,28.65,27.359,1264604.0,0.0,1.0
2017-06-07,28.73,28.74,28.56,28.65,27.359,1387598.0,0.0,1.0
2017-06-08,28.63,28.69,28.615,28.67,27.3781,760909.0,0.0,1.0
2017-06-09,28.73,28.8,28.59,28.68,27.3876,1268462.0,0.0,1.0
2017-06-12,28.61,28.63,28.532,28.6,27.3112,1062472.0,0.0,1.0
2017-06-13,28.75,28.79,28.7034,28.77,27.4735,664805.0,0.0,1.0
2017-06-14,28.8,28.8,28.615,28.73,27.4353,1299810.0,0.0,1.0
2017-06-15,28.41,28.59,28.39,28.58,27.2921,977972.0,0.0,1.0
2017-06-16,28.69,28.77,28.6169,28.77,27.4735,963827.0,0.0,1.0
2017-06-19,28.92,29.01,28.915,29.01,27.7027,788569.0,0.0,1.0
2017-06-20,28.94,28.94,28.76,28.8,27.5022,1478739.0,0.0,1.0
2017-06-21,28.74,28.8,28.6801,28.73,27.4353,941564.0,0.0,1.0
2017-06-22,28.73,28.7999,28.69,28.75,27.4544,5775683.0,0.0,1.0
2017-06-23,28.66,28.74,28.64,28.71,27.4162,2186764.0,0.0,1.0
2017-06-26,28.9,28.92,28.79,28.82,27.5213,782257.0,0.0,1.0
2017-06-27,28.72,28.7568,28.615,28.63,27.3399,1722583.0,0.0,1.0
2017-06-28,28.73,28.79,28.64,28.78,27.4831,787732.0,0.0,1.0
2017-06-29,28.68,28.68,28.24,28.37,27.0916,1309429.0,0.0,1.0
2017-06-30,28.47,28.48,28.28,28.42,27.1393,1315713.0,0.0,1.0
2017-07-03,28.53,28.61,28.52,28.55,27.2635,290944.0,0.0,1.0
2017-07-05,28.54,28.59,28.49,28.59,27.3017,4072693.0,0.0,1.0
2017-07-06,27.92,27.9899,27.865,27.92,27.0877,1807577.0,0.446,1.0
2017-07-07,27.92,28.0484,27.91,28.02,27.1848,1035911.0,0.0,1.0
2017-07-10,28.03,28.12,28.03,28.1,27.2624,2818098.0,0.0,1.0
2017-07-11,28.07,28.1,27.985,28.1,27.2624,2774243.0,0.0,1.0
2017-07-12,28.24,28.33,28.2374,28.28,27.437,1249400.0,0.0,1.0
2017-07-13,28.31,28.38,28.29,28.36,27.5146,946071.0,0.0,1.0
2017-07-14,28.27,28.37,28.26,28.34,27.4952,1035533.0,0.0,1.0
2017-07-17,28.33,28.37,28.29,28.32,27.4758,813019.0,0.0,1.0
2017-07-18,28.13,28.2,28.095,28.2,27.3594,1388538.0,0.0,1.0
2017-07-19,28.25,28.35,28.24,28.35,27.5049,1155362.0,0.0,1.0
2017-07-20,28.45,28.45,28.29,28.39,27.5437,988123.0,0.0,1.0
2017-07-21,28.19,28.19,28.065,28.16,27.3206,1715928.0,0.0,1.0
2017-07-24,28.04,28.11,27.98,28.11,27.2721,1367455.0,0.0,1.0
2017-07-25,28.22,28.229,28.17,28.21,27.3691,1374058.0,0.0,1.0
2017-07-26,28.29,28.319,28.2,28.24,27.3982,1444880.0,0.0,1.0
2017-07-27,28.34,28.3566,28.15,28.25,27.4079,633339.0,0.0,1.0
2017-07-28,28.13,28.1601,28.065,28.15,27.3109,620665.0,0.0,1.0
2017-07-31,28.2,28.2181,28.0799,28.11,27.2721,763230.0,0.0,1.0
2017-08-01,28.43,28.51,28.41,28.5,27.6505,864890.0,0.0,1.0
2017-08-02,28.33,28.33,28.2,28.3,27.4564,1334727.0,0.0,1.0
2017-08-03,28.31,28.34,28.265,28.27,27.4273,947855.0,0.0,1.0
2017-08-04,28.43,28.51,28.41,28.5,27.6505,864890.0,0.0,1.0
2017-08-07,28.48,28.515,28.46,28.515,27.665,330809.0,0.0,1.0
2017-08-08,28.45,28.56,28.3901,28.42,27.5728,1158998.0,0.0,1.0
2017-08-09,28.23,28.3176,28.21,28.3,27.4564,680937.0,0.0,1.0
2017-08-10,28.13,28.13,27.83,27.835,27.0053,1339769.0,0.0,1.0
2017-08-11,27.81,27.83,27.72,27.72,26.8937,770925.0,0.0,1.0
2017-08-14,28.02,28.1072,28.02,28.065,27.2284,792669.0,0.0,1.0
2017-08-15,28.2,28.2,28.11,28.16,27.3206,855788.0,0.0,1.0
2017-08-16,28.31,28.35,28.2154,28.25,27.4079,733072.0,0.0,1.0
2017-08-17,28.19,28.22,27.92,27.92,27.0877,892021.0,0.0,1.0
2017-08-18,27.88,28.04,27.84,27.95,27.1169,1104828.0,0.0,1.0
2017-08-21,27.67,27.8999,27.65,27.89,27.0586,1351681.0,0.0,1.0
2017-08-22,28.01,28.15,28.01,28.145,27.306,607934.0,0.0,1.0
2017-08-23,28.02,28.07,27.985,28.045,27.209,626326.0,0.0,1.0
2017-08-24,28.12,28.12,28.02,28.045,27.209,766297.0,0.0,1.0
2017-08-25,28.11,28.17,28.01,28.03,27.1945,1078839.0,0.0,1.0
2017-08-28,28.02,28.04,27.925,27.93,27.0975,1350754.0,0.0,1.0
2017-08-29,27.67,27.8999,27.65,27.89,27.0586,1351681.0,0.0,1.0
2017-08-30,27.92,27.999,27.905,27.96,27.1266,627852.0,0.0,1.0
2017-08-31,28.16,28.1899,28.105,28.11,27.2721,822459.0,0.0,1.0
2017-09-01,28.2,28.26,28.18,28.225,27.3837,5555340.0,0.0,1.0
2017-09-05,28.03,28.05,27.77,27.84,27.0101,2735855.0,0.0,1.0
2017-09-06,27.99,28.11,27.9611,28.055,27.2187,653017.0,0.0,1.0
2017-09-07,28.13,28.145,28.04,28.1,27.2624,728633.0,0.0,1.0
2017-09-08,28.02,28.07,27.985,28.0,27.1654,383429.0,0.0,1.0
2017-09-11,28.31,28.45,28.31,28.45,27.602,1749345.0,0.0,1.0
2017-09-12,28.51,28.547,28.4912,28.525,27.6747,374488.0,0.0,1.0
2017-09-13,28.48,28.55,28.48,28.515,27.665,1587257.0,0.0,1.0
2017-09-14,28.45,28.48,28.41,28.465,27.6165,736534.0,0.0,1.0
2017-09-15,28.35,28.4,28.3264,28.4,27.5534,541341.0,0.0,1.0
2017-09-18,28.52,28.54,28.4859,28.52,27.6699,683444.0,0.0,1.0
2017-09-19,28.55,28.5999,28.545,28.58,27.7281,525609.0,0.0,1.0
2017-09-20,28.57,28.71,28.5401,28.705,27.8493,2622954.0,0.0,1.0
2017-09-21,28.62,28.65,28.58,28.62,27.7669,535838.0,0.0,1.0
2017-09-22,28.63,28.67,28.62,28.65,27.796,627289.0,0.0,1.0
2017-09-25,28.63,28.6899,28.55,28.59,27.7378,682536.0,0.0,1.0
2017-09-26,28.64,28.68,28.585,28.62,27.7669,1395243.0,0.0,1.0
2017-09-27,28.75,28.7985,28.69,28.78,27.9221,969242.0,0.0,1.0
2017-09-28,28.72,28.81,28.72,28.77,27.9124,460717.0,0.0,1.0
2017-09-29,28.82,28.949,28.82,28.94,28.0773,681144.0,0.0,1.0
2017-10-02,28.98,29.08,28.95,29.07,28.2035,943114.0,0.0,1.0
2017-10-03,29.07,29.14,29.05,29.13,28.2617,1840465.0,0.0,1.0
2017-10-04,29.04,29.08,29.02,29.04,28.1744,456557.0,0.0,1.0
2017-10-05,29.08,29.21,29.08,29.21,28.3393,1610808.0,0.0,1.0
2017-10-06,29.18,29.1965,29.1218,29.185,28.315,822388.0,0.0,1.0
2017-10-09,29.21,29.21,29.12,29.135,28.2665,258249.0,0.0,1.0
2017-10-10,29.23,29.31,29.17,29.3,28.4266,596518.0,0.0,1.0
2017-10-11,29.25,29.32,29.23,29.31,28.4363,3383233.0,0.0,1.0
2017-10-12,29.32,29.36,29.29,29.3,28.4266,985362.0,0.0,1.0
2017-10-13,29.37,29.43,29.345,29.42,28.543,886014.0,0.0,1.0
2017-10-16,29.44,29.48,29.4001,29.46,28.5818,639218.0,0.0,1.0
2017-10-17,29.49,29.502,29.425,29.47,28.5915,1433297.0,0.0,1.0
2017-10-18,29.56,29.57,29.5,29.54,28.6595,2939006.0,0.0,1.0
2017-10-19,29.34,29.45,29.32,29.45,28.5721,451436.0,0.0,1.0
2017-10-20,29.55,29.56,29.4929,29.55,28.6692,670470.0,0.0,1.0
2017-10-23,29.64,29.64,29.485,29.5,28.6207,382553.0,0.0,1.0
2017-10-24,29.6,29.66,29.56,29.63,28.7468,607091.0,0.0,1.0
2017-10-25,29.54,29.58,29.32,29.43,28.5527,1448506.0,0.0,1.0
2017-10-26,29.59,29.72,29.57,29.68,28.7953,1556274.0,0.0,1.0
2017-10-27,29.76,29.785,29.7,29.77,28.8826,2204322.0,0.0,1.0
2017-10-30,29.72,29.7895,29.69,29.7,28.8147,459844.0,0.0,1.0
2017-10-31,29.83,29.88,29.795,29.86,28.9699,450953.0,0.0,1.0
2017-11-01,30.06,30.07,29.941,29.95,29.0572,681129.0,0.0,1.0
2017-11-02,29.98,30.07,29.87,30.07,29.1737,1019250.0,0.0,1.0
2017-11-03,30.03,30.11,30.0,30.11,29.2125,725207.0,0.0,1.0
2017-11-06,30.04,30.07,30.005,30.06,29.164,431346.0,0.0,1.0
2017-11-07,30.09,30.135,29.941,30.005,29.1106,751303.0,0.0,1.0
2017-11-08,30.05,30.1466,30.01,30.11,29.2125,949951.0,0.0,1.0
2017-11-09,29.825,29.86,29.64,29.83,28.9408,1111396.0,0.0,1.0
2017-11-10,29.73,29.749,29.64,29.73,28.8438,767834.0,0.0,1.0
2017-11-13,29.45,29.67,29.45,29.65,28.7662,507385.0,0.0,1.0
2017-11-14,29.51,29.5399,29.425,29.47,28.5915,1195906.0,0.0,1.0
2017-11-15,29.18,29.35,29.11,29.305,28.4315,1003897.0,0.0,1.0
2017-11-16,29.51,29.6287,29.48,29.6,28.7177,892345.0,0.0,1.0
2017-11-17,29.39,29.4676,29.32,29.38,28.5042,738007.0,0.0,1.0
2017-11-20,29.53,29.6,29.5,29.56,28.6789,541613.0,0.0,1.0
2017-11-21,29.72,29.76,29.71,29.75,28.8632,1028347.0,0.0,1.0
2017-11-22,29.79,29.79,29.57,29.58,28.6983,437295.0,0.0,1.0
2017-11-24,29.74,29.77,29.71,29.74,28.8535,461804.0,0.0,1.0
2017-11-27,29.65,29.67,29.56,29.59,28.708,1355176.0,0.0,1.0
2017-11-28,29.72,29.83,29.68,29.83,28.9408,458238.0,0.0,1.0
2017-11-29,29.87,29.905,29.65,29.715,28.8292,600628.0,0.0,1.0
2017-11-30,29.79,29.83,29.665,29.71,28.8244,903517.0,0.0,1.0
2017-12-01,29.64,29.7276,29.32,29.56,28.6789,1255818.0,0.0,1.0
2017-12-04,29.74,29.75,29.54,29.545,28.6643,1209640.0,0.0,1.0
2017-12-05,29.64,29.679,29.51,29.51,28.6304,1629193.0,0.0,1.0
2017-12-06,29.47,29.58,29.45,29.51,28.6304,547515.0,0.0,1.0
2017-12-07,29.58,29.69,29.55,29.67,28.7856,428802.0,0.0,1.0
2017-12-08,29.84,29.89,29.79,29.88,28.9893,409401.0,0.0,1.0
2017-12-11,29.9,29.965,29.8747,29.95,29.0572,439319.0,0.0,1.0
2017-12-12,29.95,30.0548,29.945,30.02,29.1252,893224.0,0.0,1.0
2017-12-13,29.99,30.03,29.91,29.915,29.0233,616510.0,0.0,1.0
2017-12-14,29.95,29.95,29.7384,29.78,28.8923,429506.0,0.0,1.0
2017-12-15,29.8,29.92,29.7636,29.88,28.9893,953468.0,0.0,1.0
2017-12-18,30.125,30.19,30.1,30.17,29.2707,415938.0,0.0,1.0
2017-12-19,30.13,30.14,30.01,30.02,29.1252,880777.0,0.0,1.0
2017-12-20,30.02,30.09,29.925,29.98,29.0863,449735.0,0.0,1.0
2017-12-21,30.06,30.19,30.05,30.05,29.1543,485314.0,0.0,1.0
2017-12-22,30.08,30.15,30.04,30.15,29.2513,742303.0,0.0,1.0
2017-12-26,30.1,30.15,30.07,30.115,29.2173,322249.0,0.0,1.0
2017-12-27,30.09,30.1556,30.0607,30.105,29.2076,675246.0,0.0,1.0
2017-12-28,29.76,29.82,29.715,29.745,29.1592,574643.0,0.3101,1.0
2017-12-29,29.79,29.79,29.66,29.685,29.1004,541348.0,0.0,1.0
2018-01-02,29.66,29.78,29.6199,29.78,29.1935,882315.0,0.0,1.0
2018-01-03,29.84,30.035,29.81,30.03,29.4386,674333.0,0.0,1.0
2018-01-04,30.28,30.315,30.22,30.28,29.6836,872997.0,0.0,1.0
2018-01-05,30.44,30.5,30.39,30.48,29.8797,914793.0,0.0,1.0
2018-01-08,30.53,30.575,30.5,30.56,29.9581,732286.0,0.0,1.0
2018-01-09,30.59,30.64,30.5565,30.64,30.0366,1115392.0,0.0,1.0
2018-01-10,30.48,30.52,30.44,30.47,29.8699,648914.0,0.0,1.0
2018-01-11,30.46,30.58,30.4347,30.57,29.9679,799733.0,0.0,1.0
2018-01-12,30.51,30.63,30.51,30.63,30.0267,511266.0,0.0,1.0
2018-01-16,30.67,30.7,30.37,30.43,29.8307,4421217.0,0.0,1.0
2018-01-17,30.56,30.72,30.495,30.66,30.0562,1339941.0,0.0,1.0
2018-01-18,30.5,30.5899,30.445,30.555,29.9532,896821.0,0.0,1.0
2018-01-19,30.69,30.74,30.621,30.74,30.1346,929256.0,0.0,1.0
2018-01-22,30.72,30.855,30.7,30.83,30.2228,694112.0,0.0,1.0
2018-01-23,30.85,30.88,30.78,30.85,30.2424,1205254.0,0.0,1.0
2018-01-24,30.76,30.8,30.49,30.615,30.012,1888071.0,0.0,1.0
2018-01-25,30.59,30.59,30.39,30.505,29.9042,1789143.0,0.0,1.0
2018-01-26,30.6,30.71,30.5548,30.71,30.1052,1714685.0,0.0,1.0
2018-01-29,30.53,30.56,30.46,30.49,29.8895,978648.0,0.0,1.0
2018-01-30,30.23,30.28,30.1515,30.21,29.615,1350357.0,0.0,1.0
2018-01-31,30.24,30.2407,30.0931,30.12,29.5268,730512.0,0.0,1.0
2018-02-01,30.08,30.22,30.04,30.1,29.5072,548889.0,0.0,1.0
2018-02-02,29.97,30.01,29.67,29.68,29.0955,790798.0,0.0,1.0
2018-02-05,29.37,29.54,28.45,28.53,27.9681,1850312.0,0.0,1.0
2018-02-06,28.69,29.214,28.57,29.18,28.6053,1050426.0,0.0,1.0
2018-02-07,28.91,29.24,28.91,29.0,28.4289,907034.0,0.0,1.0
2018-02-08,28.95,28.95,28.22,28.26,27.7034,1227642.0,0.0,1.0
2018-02-09,28.45,28.52,27.69,28.37,27.8113,1820942.0,0.0,1.0
2018-02-12,28.54,28.8,28.48,28.745,28.1789,875862.0,0.0,1.0
2018-02-13,28.37,28.515,28.36,28.51,27.9485,953479.0,0.0,1.0
2018-02-14,28.35,28.79,28.35,28.775,28.2083,586465.0,0.0,1.0
2018-02-15,28.84,28.88,28.64,28.82,28.2524,797803.0,0.0,1.0
2018-02-16,28.95,29.14,28.95,29.09,28.5171,887879.0,0.0,1.0
2018-02-20,28.99,29.14,28.93,28.98,28.4092,786851.0,0.0,1.0
2018-02-21,29.1,29.24,28.95,28.95,28.3798,536358.0,0.0,1.0
2018-02-22,28.97,29.15,28.92,28.98,28.4092,1034280.0,0.0,1.0
2018-02-23,29.13,29.2966,29.07,29.29,28.7131,1803496.0,0.0,1.0
2018-02-26,29.4,29.54,29.325,29.53,28.9484,392257.0,0.0,1.0
2018-02-27,29.4,29.48,29.2394,29.24,28.6641,524790.0,0.0,1.0
2018-02-28,29.3,29.34,29.0,29.0,28.4289,610169.0,0.0,1.0
2018-03-01,28.86,28.971,28.4241,28.5,27.9387,626831.0,0.0,1.0
2018-03-02,28.22,28.5,28.155,28.48,27.9191,986632.0,0.0,1.0
2018-03-05,28.3,28.68,28.16,28.16,27.6054,451909.0,0.0,1.0
2018-03-06,28.78,28.8064,28.6401,28.75,28.1838,744348.0,0.0,1.0
2018-03-07,28.57,28.74,28.53,28.695,28.1299,832244.0,0.0,1.0
2018-03-08,28.85,28.9566,28.835,28.95,28.3798,816134.0,0.0,1.0
2018-03-09,29.0,29.15,28.98,29.14,28.5661,923217.0,0.0,1.0
2018-03-12,29.12,29.19,29.041,29.08,28.5073,727420.0,0.0,1.0
2018-03-13,29.19,29.19,28.77,28.84,28.272,1056051.0,0.0,1.0
2018-03-14,29.06,29.0899,28.805,28.89,28.321,723130.0,0.0,1.0
2018-03-15,28.91,29.0399,28.89,28.99,28.419,577893.0,0.0,1.0
2018-03-16,28.89,29.08,28.89,28.99,28.419,423575.0,0.0,1.0
2018-03-19,28.82,28.83,28.51,28.68,28.1152,949503.0,0.0,1.0
2018-03-20,28.74,28.87,28.7118,28.83,28.2622,420657.0,0.0,1.0
2018-03-21,28.67,28.83,28.6266,28.66,28.0955,371341.0,0.0,1.0
2018-03-22,28.37,28.44,28.12,28.12,27.5662,4474383.0,0.0,1.0
2018-03-23,28.14,28.2,27.69,27.69,27.1447,2570289.0,0.0,1.0
2018-03-26,28.09,28.16,27.78,28.16,27.6054,713928.0,0.0,1.0
2018-03-27,28.44,28.44,27.94,28.035,27.4829,851855.0,0.0,1.0
2018-03-28,28.37,28.59,28.26,28.49,27.9289,1009104.0,0.0,1.0
2018-03-29,28.61,28.8261,28.57,28.72,28.1544,542378.0,0.0,1.0
2018-04-02,28.5,28.63,28.09,28.27,27.7132,587307.0,0.0,1.0
2018-04-03,28.5,28.57,28.35,28.54,27.9779,16034559.0,0.0,1.0
2018-04-04,28.14,28.63,28.14,28.63,28.0661,3980524.0,0.0,1.0
2018-04-05,28.83,29.02,28.79,28.95,28.3798,2331829.0,0.0,1.0
2018-04-06,28.83,28.94,28.54,28.61,28.0465,887200.0,0.0,1.0
2018-04-09,28.85,29.015,28.785,28.8,28.2328,1537983.0,0.0,1.0
2018-04-10,29.02,29.14,29.0,29.07,28.4975,1681901.0,0.0,1.0
2018-04-11,28.98,29.085,28.94,28.94,28.37,817084.0,0.0,1.0
2018-04-12,29.1,29.15,29.0448,29.13,28.5563,1000816.0,0.0,1.0
2018-04-13,29.22,29.24,29.04,29.14,28.5661,1160785.0,0.0,1.0
2018-04-16,29.11,29.13,29.05,29.1,28.5269,1241341.0,0.0,1.0
2018-04-17,29.19,29.325,29.18,29.26,28.6837,496407.0,0.0,1.0
2018-04-18,29.4,29.485,29.37,29.45,28.87,661197.0,0.0,1.0
2018-04-19,29.42,29.46,29.345,29.435,28.8553,848419.0,0.0,1.0
2018-04-20,29.46,29.49,29.4,29.45,28.87,425831.0,0.0,1.0
2018-04-23,29.53,29.62,29.49,29.595,29.0121,430141.0,0.0,1.0
2018-04-24,29.67,29.7,29.36,29.45,28.87,615408.0,0.0,1.0
2018-04-25,29.45,29.57,29.365,29.54,28.9582,635325.0,0.0,1.0
2018-04-26,29.61,29.82,29.5932,29.77,29.1837,897595.0,0.0,1.0
2018-04-27,29.82,29.86,29.72,29.79,29.2033,1129733.0,0.0,1.0
2018-04-30,29.86,29.95,29.79,29.8,29.2131,528120.0,0.0,1.0
2018-05-01,29.9,29.92,29.74,29.91,29.3209,652711.0,0.0,1.0
2018-05-02,30.01,30.05,29.95,29.96,29.3699,1057075.0,0.0,1.0
2018-05-03,29.91,29.97,29.73,29.945,29.3552,571271.0,0.0,1.0
2018-05-04,29.82,30.12,29.82,30.09,29.4974,299849.0,0.0,1.0
2018-05-07,30.12,30.2,30.0732,30.135,29.5415,1146772.0,0.0,1.0
2018-05-08,30.12,30.22,30.09,30.22,29.6248,1945554.0,0.0,1.0
2018-05-09,30.16,30.34,30.16,30.33,29.7327,412199.0,0.0,1.0
2018-05-10,30.32,30.44,30.2957,30.39,29.7915,3325273.0,0.0,1.0
2018-05-11,30.41,30.49,30.41,30.455,29.8552,243237.0,0.0,1.0
2018-05-14,30.49,30.57,30.485,30.54,29.9385,399436.0,0.0,1.0
2018-05-15,30.47,30.526,30.43,30.49,29.8895,395611.0,0.0,1.0
2018-05-16,30.47,30.58,30.47,30.575,29.9728,368838.0,0.0,1.0
2018-05-17,30.59,30.705,30.58,30.65,30.0464,172751.0,0.0,1.0
2018-05-18,30.65,30.65,30.53,30.57,29.9679,213100.0,0.0,1.0
2018-05-21,30.77,30.78,30.72,30.755,30.1493,193398.0,0.0,1.0
2018-05-22,30.75,30.81,30.6701,30.695,30.0905,418330.0,0.0,1.0
2018-05-23,30.37,30.45,30.31,30.45,29.8503,381607.0,0.0,1.0
2018-05-24,30.28,30.32,30.055,30.26,29.664,365208.0,0.0,1.0
2018-05-25,30.12,30.19,30.08,30.15,29.5562,459416.0,0.0,1.0
2018-05-29,29.77,29.88,29.544,29.68,29.0955,378527.0,0.0,1.0
2018-05-30,29.73,29.99,29.73,29.965,29.3748,543918.0,0.0,1.0
2018-05-31,29.9,29.9,29.66,29.77,29.1837,538626.0,0.0,1.0
2018-06-01,30.05,30.0879,29.98,30.08,29.4876,336413.0,0.0,1.0
2018-06-04,30.21,30.21,30.12,30.14,29.5464,345541.0,0.0,1.0
2018-06-05,30.13,30.18,30.0,30.04,29.4484,275259.0,0.0,1.0
2018-06-06,30.1,30.27,30.0,30.26,29.664,375597.0,0.0,1.0
2018-06-07,30.21,30.24,29.975,30.03,29.4386,467232.0,0.0,1.0
2018-06-08,30.06,30.15,30.01,30.1,29.5072,958934.0,0.0,1.0
2018-06-11,30.21,30.4,30.205,30.33,29.7327,302606.0,0.0,1.0
2018-06-12,30.27,30.2985,30.2,30.22,29.6248,210163.0,0.0,1.0
2018-06-13,30.29,30.31,30.19,30.21,29.615,264629.0,0.0,1.0
2018-06-14,30.38,30.52,30.3304,30.445,29.8454,383398.0,0.0,1.0
2018-06-15,30.3,30.3199,30.1718,30.31,29.7131,255211.0,0.0,1.0
2018-06-18,30.0,30.1,29.96,30.09,29.4974,432479.0,0.0,1.0
2018-06-19,29.71,29.89,29.69,29.88,29.2915,877813.0,0.0,1.0
2018-06-20,29.96,29.97,29.85,29.92,29.3307,375182.0,0.0,1.0
2018-06-21,29.77,29.78,29.59,29.62,29.0366,528570.0,0.0,1.0
2018-06-22,29.91,29.9999,29.85,29.88,29.2915,420405.0,0.0,1.0
2018-06-25,29.63,29.63,29.3,29.38,28.8014,313330.0,0.0,1.0
2018-06-26,29.56,29.6338,29.42,29.565,28.9827,414610.0,0.0,1.0
2018-06-27,29.7,29.79,29.47,29.47,28.8896,458368.0,0.0,1.0
2018-06-28,29.47,29.669,29.39,29.62,29.0366,637568.0,0.0,1.0
2018-06-29,29.71,29.78,29.59,29.605,29.0219,1216091.0,0.0,1.0
2018-07-02,29.33,29.4771,29.33,29.47,28.8896,423955.0,0.0,1.0
2018-07-03,29.02,29.06,28.87,28.89,28.89,218235.0,0.5804,1.0
2018-07-05,29.09,29.1248,28.99,29.11,29.11,874469.0,0.0,1.0
2018-07-06,29.03,29.22,29.02,29.17,29.17,250322.0,0.0,1.0
2018-07-09,29.34,29.465,29.32,29.46,29.46,261876.0,0.0,1.0
2018-07-10,29.48,29.517,29.435,29.485,29.485,398198.0,0.0,1.0
2018-07-11,29.17,29.235,29.09,29.175,29.175,412774.0,0.0,1.0
2018-07-12,29.34,29.44,29.31,29.425,29.425,287868.0,0.0,1.0
2018-07-13,29.505,29.53,29.455,29.51,29.51,231652.0,0.0,1.0
2018-07-16,29.43,29.465,29.4,29.44,29.44,256699.0,0.0,1.0
2018-07-17,29.42,29.669,29.41,29.62,29.62,387916.0,0.0,1.0
2018-07-18,29.7,29.7178,29.6399,29.69,29.69,537802.0,0.0,1.0
2018-07-19,29.64,29.675,29.585,29.63,29.63,512016.0,0.0,1.0
2018-07-20,29.46,29.65,29.46,29.55,29.55,691828.0,0.0,1.0
2018-07-23,29.55,29.62,29.5429,29.59,29.59,1061701.0,0.0,1.0
2018-07-24,29.8,29.85,29.71,29.735,29.735,430649.0,0.0,1.0
2018-07-25,29.68,29.9132,29.65,29.87,29.87,494702.0,0.0,1.0
2018-07-26,29.84,29.936,29.84,29.89,29.89,464836.0,0.0,1.0
2018-07-27,30.01,30.06,29.88,29.92,29.92,413546.0,0.0,1.0
2018-07-30,30.01,30.01,29.8434,29.88,29.88,318458.0,0.0,1.0
2018-07-31,29.99,30.05,29.9,29.94,29.94,534085.0,0.0,1.0
2018-08-01,29.91,29.94,29.79,29.84,29.84,399137.0,0.0,1.0
2018-08-02,29.57,29.78,29.57,29.77,29.77,252615.0,0.0,1.0
2018-08-03,29.66,29.8,29.66,29.79,29.79,182931.0,0.0,1.0
2018-08-06,29.65,29.7699,29.65,29.74,29.74,307549.0,0.0,1.0
2018-08-07,29.92,29.9655,29.88,29.9,29.9,381858.0,0.0,1.0
2018-08-08,29.9,29.9,29.83,29.87,29.87,496338.0,0.0,1.0
2018-08-09,29.91,29.92,29.8801,29.91,29.91,336942.0,0.0,1.0
2018-08-10,29.52,29.5572,29.42,29.48,29.48,296640.0,0.0,1.0
2018-08-13,29.42,29.4633,29.3299,29.37,29.37,531020.0,0.0,1.0
2018-08-14,29.43,29.5272,29.3305,29.49,29.49,328898.0,0.0,1.0
2018-08-15,29.16,29.16,28.93,29.04,29.04,412002.0,0.0,1.0
2018-08-16,29.17,29.32,29.17,29.24,29.24,236700.0,0.0,1.0
2018-08-17,29.14,29.36,29.12,29.29,29.29,517700.0,0.0,1.0
2018-08-20,29.37,29.45,29.365,29.37,29.37,184318.0,0.0,1.0
2018-08-21,29.46,29.49,29.4,29.4,29.4,213000.0,0.0,1.0
2018-08-22,29.45,29.5236,29.45,29.47,29.47,267437.0,0.0,1.0
2018-08-23,29.47,29.52,29.42,29.445,29.445,417754.0,0.0,1.0
2018-08-24,29.49,29.55,29.462,29.51,29.51,597036.0,0.0,1.0
2018-08-27,29.7,29.8299,29.7,29.805,29.805,327549.0,0.0,1.0
2018-08-28,29.8,29.8365,29.73,29.79,29.79,314684.0,0.0,1.0
2018-08-29,29.8,29.91,29.79,29.9,29.9,291965.0,0.0,1.0
2018-08-30,29.67,29.7252,29.57,29.61,29.61,266480.0,0.0,1.0
2018-08-31,29.505,29.58,29.41,29.51,29.51,219178.0,0.0,1.0
2018-09-04,29.28,29.36,29.22,29.36,29.36,672577.0,0.0,1.0
2018-09-05,29.11,29.11,28.96,29.05,29.05,459938.0,0.0,1.0
