date,1. open,2. high,3. low,4. close,5. adjusted close,6. volume,7. dividend amount,8. split coefficient
2013-12-18,25.08,25.08,24.99,25.0,20.1167,2400.0,0.0,1.0
2013-12-19,25.01,25.01,25.01,25.01,20.1248,0.0,0.0,1.0
2013-12-20,24.99,25.06,24.99,25.04,20.1489,2000.0,0.0,1.0
2013-12-23,24.98,25.03,24.98,25.03,20.1409,1230.0,0.0,1.0
2013-12-24,25.03,25.03,25.03,25.03,20.161,0.0,0.025,1.0
2013-12-26,25.0,25.02,25.0,25.0,20.1368,1150.0,0.0,1.0
2013-12-27,25.0,25.0,25.0,25.0,20.1368,0.0,0.0,1.0
2013-12-30,25.09,25.09,25.09,25.09,20.2093,100.0,0.0,1.0
2013-12-31,25.11,25.11,24.94,24.94,20.0885,300.0,0.0,1.0
2014-01-02,24.94,24.94,24.94,24.94,20.0885,0.0,0.0,1.0
2014-01-03,25.1146,25.1146,25.1,25.1,20.2174,460.0,0.0,1.0
2014-01-06,25.07,25.14,25.07,25.14,20.2496,61581.0,0.0,1.0
2014-01-07,25.125,25.1286,25.125,25.1286,20.2404,600.0,0.0,1.0
2014-01-08,25.07,25.07,25.07,25.07,20.1932,1500.0,0.0,1.0
2014-01-09,25.07,25.07,25.07,25.07,20.1932,1500.0,0.0,1.0
2014-01-10,24.95,25.03,24.95,25.03,20.161,5000.0,0.0,1.0
2014-01-13,25.03,25.03,25.03,25.03,20.161,100.0,0.0,1.0
2014-01-14,24.8399,24.84,24.8399,24.84,20.0079,400.0,0.0,1.0
2014-01-15,24.84,24.84,24.84,24.84,20.0079,0.0,0.0,1.0
2014-01-16,24.985,25.3,24.985,25.08,20.2013,8300.0,0.0,1.0
2014-01-17,25.08,25.08,25.08,25.08,20.2013,0.0,0.0,1.0
2014-01-21,24.99,25.08,24.99,25.08,20.2013,500.0,0.0,1.0
2014-01-22,25.15,25.15,25.14,25.14,20.2496,5610.0,0.0,1.0
2014-01-23,25.15,25.16,25.15,25.16,20.2657,1907.0,0.0,1.0
2014-01-24,25.16,25.16,25.16,25.16,20.2657,0.0,0.0,1.0
2014-01-27,25.13,25.14,25.12,25.12,20.2939,2100.0,0.075,1.0
2014-01-28,24.99,24.99,24.95,24.95,20.1566,2599.0,0.0,1.0
2014-01-29,24.95,24.95,24.95,24.95,20.1566,0.0,0.0,1.0
2014-01-30,24.91,24.91,24.91,24.91,20.1242,101.0,0.0,1.0
2014-01-31,24.87,24.96,24.87,24.9,20.1162,17100.0,0.0,1.0
2014-02-03,24.9,24.9,24.9,24.9,20.1162,91.0,0.0,1.0
2014-02-04,24.7801,24.7801,24.7801,24.7801,20.0193,1078.0,0.0,1.0
2014-02-05,24.79,24.8,24.79,24.79,20.0273,1000.0,0.0,1.0
2014-02-06,24.79,24.79,24.79,24.79,20.0273,0.0,0.0,1.0
2014-02-07,24.79,24.79,24.79,24.79,20.0273,45.0,0.0,1.0
2014-02-10,24.9099,24.91,24.9099,24.91,20.1242,1000.0,0.0,1.0
2014-02-11,24.91,24.91,24.91,24.91,20.1242,0.0,0.0,1.0
2014-02-12,24.9899,24.9899,24.9899,24.9899,20.1888,100.0,0.0,1.0
2014-02-13,24.99,24.99,24.99,24.99,20.1889,0.0,0.0,1.0
2014-02-14,24.99,24.99,24.99,24.99,20.1889,0.0,0.0,1.0
2014-02-18,25.0,25.0,24.999,25.0,20.1969,3839.0,0.0,1.0
2014-02-19,25.0,25.0,25.0,25.0,20.1969,8363.0,0.0,1.0
2014-02-20,25.0,25.06,25.0,25.03,20.2212,4453.0,0.0,1.0
2014-02-21,25.01,25.01,25.01,25.01,20.205,2200.0,0.0,1.0
2014-02-24,24.955,24.955,24.955,24.955,20.205,2.0,0.055,1.0
2014-02-25,25.01,25.01,24.9302,25.01,20.2496,4906.0,0.0,1.0
2014-02-26,25.0,25.01,25.0,25.01,20.2496,200.0,0.0,1.0
2014-02-27,24.95,24.95,24.95,24.95,20.201,164.0,0.0,1.0
2014-02-28,25.02,25.02,25.02,25.02,20.2577,104.0,0.0,1.0
2014-03-03,25.0,25.0,24.9996,24.9996,20.2411,1905.0,0.0,1.0
2014-03-04,25.038,25.2,25.038,25.1,20.3224,2700.0,0.0,1.0
2014-03-05,25.1,25.1,25.1,25.1,20.3224,0.0,0.0,1.0
2014-03-06,25.1,25.1,25.1,25.1,20.3224,44.0,0.0,1.0
2014-03-07,25.1,25.1,25.1,25.1,20.3224,0.0,0.0,1.0
2014-03-10,25.0,25.0,25.0,25.0,20.2415,500.0,0.0,1.0
2014-03-11,25.0,25.0,25.0,25.0,20.2415,20.0,0.0,1.0
2014-03-12,25.0,25.0,25.0,25.0,20.2415,0.0,0.0,1.0
2014-03-13,25.0,25.0,25.0,25.0,20.2415,0.0,0.0,1.0
2014-03-14,25.0,25.0,25.0,25.0,20.2415,94.0,0.0,1.0
2014-03-17,25.119,25.119,25.1,25.1,20.3224,325.0,0.0,1.0
2014-03-18,24.93,25.27,24.93,25.24,20.4358,19400.0,0.0,1.0
2014-03-19,25.23,25.23,25.23,25.23,20.4277,3300.0,0.0,1.0
2014-03-20,25.23,25.23,25.23,25.23,20.4277,0.0,0.0,1.0
2014-03-21,25.23,25.23,25.23,25.23,20.4277,100.0,0.0,1.0
2014-03-24,25.23,25.23,25.23,25.23,20.4803,0.0,0.065,1.0
2014-03-25,25.19,25.19,25.19,25.19,20.4478,200.0,0.0,1.0
2014-03-26,25.19,25.19,24.9901,24.9901,20.2856,2325.0,0.0,1.0
2014-03-27,25.14,25.14,24.99,24.99,20.2855,1301.0,0.0,1.0
2014-03-28,25.12,25.12,25.12,25.12,20.391,300.0,0.0,1.0
2014-03-31,25.12,25.12,25.12,25.12,20.391,8.0,0.0,1.0
2014-04-01,25.01,25.01,25.01,25.01,20.3017,1.0,0.0,1.0
2014-04-02,25.1,25.1,25.1,25.1,20.3748,300.0,0.0,1.0
2014-04-03,25.28,25.5,25.28,25.5,20.6995,8700.0,0.0,1.0
2014-04-04,25.5,25.5,25.5,25.5,20.6995,0.0,0.0,1.0
2014-04-07,25.5,25.5,25.5,25.5,20.6995,0.0,0.0,1.0
2014-04-08,25.39,25.4,25.39,25.4,20.6183,1194.0,0.0,1.0
2014-04-09,25.43,25.43,25.42,25.43,20.6427,301.0,0.0,1.0
2014-04-10,25.44,25.72,25.18,25.72,20.8781,4700.0,0.0,1.0
2014-04-11,25.76,25.76,25.25,25.41,20.6264,4835.0,0.0,1.0
2014-04-14,25.44,25.44,25.44,25.44,20.6508,791.0,0.0,1.0
2014-04-15,25.22,25.22,25.22,25.22,20.4722,681.0,0.0,1.0
2014-04-16,25.2,25.25,25.2,25.25,20.4965,10300.0,0.0,1.0
2014-04-17,25.26,25.26,25.26,25.26,20.5047,100.0,0.0,1.0
2014-04-21,25.2,25.2,25.2,25.2,20.5087,590.0,0.065,1.0
2014-04-22,25.22,25.25,25.22,25.22,20.525,5620.0,0.0,1.0
2014-04-23,25.229,25.229,25.229,25.229,20.5323,316.0,0.0,1.0
2014-04-24,25.24,25.24,25.17,25.1999,20.5086,4001.0,0.0,1.0
2014-04-25,25.18,25.18,25.18,25.18,20.4924,803.0,0.0,1.0
2014-04-28,25.1599,25.1774,25.1599,25.1774,20.4903,407.0,0.0,1.0
2014-04-29,25.165,25.165,25.16,25.16,20.4762,930.0,0.0,1.0
2014-04-30,25.16,25.16,25.16,25.16,20.4762,0.0,0.0,1.0
2014-05-01,25.16,25.16,25.16,25.16,20.4762,1000.0,0.0,1.0
2014-05-02,25.16,25.16,25.16,25.16,20.4762,0.0,0.0,1.0
2014-05-05,25.26,25.32,25.17,25.17,20.4843,10700.0,0.0,1.0
2014-05-06,25.2299,25.2299,25.2299,25.2299,20.5331,200.0,0.0,1.0
2014-05-07,25.23,25.23,25.23,25.23,20.5331,0.0,0.0,1.0
2014-05-08,25.19,25.19,25.0,25.1399,20.4598,50170.0,0.0,1.0
2014-05-09,25.11,25.2,25.06,25.2,20.5087,49112.0,0.0,1.0
2014-05-12,25.1299,25.28,25.1299,25.21,20.5169,11801.0,0.0,1.0
2014-05-13,25.2699,25.27,25.08,25.12,20.4436,17400.0,0.0,1.0
2014-05-14,25.15,25.22,25.1199,25.22,20.525,8881.0,0.0,1.0
2014-05-15,25.186,25.186,25.186,25.186,20.4973,527.0,0.0,1.0
2014-05-16,25.12,25.18,25.12,25.15,20.468,21300.0,0.0,1.0
2014-05-19,25.13,25.17,25.13,25.14,20.4599,32500.0,0.0,1.0
2014-05-20,25.13,25.2,25.13,25.17,20.4843,11700.0,0.0,1.0
2014-05-21,25.17,25.17,25.1699,25.1699,20.4842,4000.0,0.0,1.0
2014-05-22,25.14,25.18,25.14,25.16,20.4762,600.0,0.0,1.0
2014-05-23,25.08,25.14,25.08,25.1,20.4843,793.0,0.07,1.0
2014-05-27,25.1,25.14,25.09,25.14,20.5169,5810.0,0.0,1.0
2014-05-28,25.14,25.21,25.12,25.12,20.5006,17800.0,0.0,1.0
2014-05-29,25.12,25.14,25.11,25.12,20.5006,16501.0,0.0,1.0
2014-05-30,25.11,25.1374,25.11,25.1374,20.5148,325.0,0.0,1.0
2014-06-02,25.195,25.195,25.195,25.195,20.5618,2759.0,0.0,1.0
2014-06-03,25.38,25.38,25.38,25.38,20.7128,43.0,0.0,1.0
2014-06-04,25.21,25.26,25.21,25.21,20.5741,5952.0,0.0,1.0
2014-06-05,25.1,25.19,25.1,25.19,20.5578,6800.0,0.0,1.0
2014-06-06,25.189,25.189,25.189,25.189,20.5569,200.0,0.0,1.0
2014-06-09,25.19,25.19,25.19,25.19,20.5578,0.0,0.0,1.0
2014-06-10,25.19,25.19,25.19,25.19,20.5578,0.0,0.0,1.0
2014-06-11,25.19,25.19,25.19,25.19,20.5578,0.0,0.0,1.0
2014-06-12,25.19,25.23,25.15,25.23,20.5904,2500.0,0.0,1.0
2014-06-13,25.4,25.4,25.4,25.4,20.7291,6.0,0.0,1.0
2014-06-16,25.22,25.33,25.22,25.29,20.6394,10831.0,0.0,1.0
2014-06-17,25.31,25.31,25.31,25.31,20.6557,360.0,0.0,1.0
2014-06-18,25.29,25.29,25.25,25.25,20.6067,1100.0,0.0,1.0
2014-06-19,25.25,25.25,25.25,25.25,20.6067,23.0,0.0,1.0
2014-06-20,25.26,25.2902,25.26,25.2887,20.6383,741.0,0.0,1.0
2014-06-23,25.19,25.2,25.19,25.19,20.6312,1087.0,0.09,1.0
2014-06-24,25.2,25.2,25.2,25.2,20.6394,200.0,0.0,1.0
2014-06-25,25.2,25.2,25.2,25.2,20.6394,69.0,0.0,1.0
2014-06-26,25.17,25.23,25.17,25.2,20.6394,16719.0,0.0,1.0
2014-06-27,25.1748,25.24,25.15,25.2,20.6394,6109.0,0.0,1.0
2014-06-30,25.23,25.23,25.2299,25.2299,20.6639,561.0,0.0,1.0
2014-07-01,25.2299,25.2299,25.2299,25.2299,20.6639,0.0,0.0,1.0
2014-07-02,25.26,25.26,25.1399,25.2,20.6394,35157.0,0.0,1.0
2014-07-03,25.2,25.31,25.1999,25.2699,20.6966,6000.0,0.0,1.0
2014-07-07,25.2,25.3,25.1501,25.231,20.6648,55109.0,0.0,1.0
2014-07-08,25.45,25.45,25.12,25.27,20.6967,33000.0,0.0,1.0
2014-07-09,25.2701,25.32,25.17,25.29,20.7131,10716.0,0.0,1.0
2014-07-10,25.28,25.28,25.218,25.2199,20.6557,10860.0,0.0,1.0
2014-07-11,25.2,25.22,25.2,25.2,20.6394,3223.0,0.0,1.0
2014-07-14,25.22,25.22,25.1,25.1,20.5575,4323.0,0.0,1.0
2014-07-15,25.1399,25.26,25.03,25.1699,20.6147,14600.0,0.0,1.0
2014-07-16,25.1397,25.21,25.1397,25.21,20.6476,3854.0,0.0,1.0
2014-07-17,25.0699,25.13,24.9452,25.1,20.5575,42151.0,0.0,1.0
2014-07-18,25.16,25.16,24.93,24.9999,20.4755,41546.0,0.0,1.0
2014-07-21,24.83,24.9,24.8,24.9,20.4674,6800.0,0.09,1.0
2014-07-22,25.22,25.22,25.035,25.035,20.5784,4854.0,0.0,1.0
2014-07-23,25.0834,25.12,25.02,25.0608,20.5996,14866.0,0.0,1.0
2014-07-24,25.13,25.13,25.1201,25.1201,20.6483,1898.0,0.0,1.0
2014-07-25,24.96,25.0499,24.96,25.0499,20.5906,579.0,0.0,1.0
2014-07-28,25.0499,25.0499,25.0499,25.0499,20.5906,10.0,0.0,1.0
2014-07-29,25.0999,25.19,24.9501,25.0901,20.6237,15425.0,0.0,1.0
2014-07-30,25.1001,25.11,25.0699,25.08,20.6154,2900.0,0.0,1.0
2014-07-31,25.0399,25.04,24.92,24.98,20.5332,6850.0,0.0,1.0
2014-08-01,24.97,24.98,24.74,24.77,20.3605,12520.0,0.0,1.0
2014-08-04,24.57,24.71,24.57,24.71,20.3112,4510.0,0.0,1.0
2014-08-05,24.71,24.76,24.6534,24.71,20.3112,7060.0,0.0,1.0
2014-08-06,24.71,24.71,24.71,24.71,20.3112,0.0,0.0,1.0
2014-08-07,24.71,24.71,24.71,24.71,20.3112,0.0,0.0,1.0
2014-08-08,24.8,24.8,24.8,24.8,20.3852,17.0,0.0,1.0
2014-08-11,24.87,24.87,24.85,24.8699,20.4427,2000.0,0.0,1.0
2014-08-12,24.87,24.87,24.87,24.87,20.4427,0.0,0.0,1.0
2014-08-13,24.87,24.87,24.87,24.87,20.4427,0.0,0.0,1.0
2014-08-14,24.87,24.87,24.87,24.87,20.4427,0.0,0.0,1.0
2014-08-15,24.93,24.93,24.84,24.84,20.4181,1500.0,0.0,1.0
2014-08-18,24.93,24.98,24.85,24.86,20.4345,2382.0,0.0,1.0
2014-08-19,24.86,24.86,24.86,24.86,20.4345,0.0,0.0,1.0
2014-08-20,24.86,24.86,24.86,24.86,20.4345,0.0,0.0,1.0
2014-08-21,24.866,24.866,24.866,24.866,20.4395,1400.0,0.0,1.0
2014-08-22,24.87,24.87,24.87,24.87,20.4427,0.0,0.0,1.0
2014-08-25,24.96,25.08,24.96,24.976,20.6038,31533.0,0.09,1.0
2014-08-26,25.09,25.15,25.065,25.15,20.7474,3600.0,0.0,1.0
2014-08-27,25.28,25.28,24.97,24.98,20.6071,459835.0,0.0,1.0
2014-08-28,24.99,25.005,24.97,24.98,20.6071,73030.0,0.0,1.0
2014-08-29,24.99,24.99,24.95,24.97,20.5989,271364.0,0.0,1.0
2014-09-02,25.25,25.35,25.0,25.02,20.6401,70200.0,0.0,1.0
2014-09-03,25.1,25.11,25.03,25.05,20.6649,48407.0,0.0,1.0
2014-09-04,25.08,25.135,24.96,25.0,20.6236,74040.0,0.0,1.0
2014-09-05,25.0,25.0,24.9338,24.94,20.5742,124214.0,0.0,1.0
2014-09-08,24.94,25.02,24.94,25.01,20.6319,17889.0,0.0,1.0
2014-09-09,24.981,25.0599,24.89,24.895,20.537,39355.0,0.0,1.0
2014-09-10,24.89,24.8988,24.78,24.78,20.4422,34828.0,0.0,1.0
2014-09-11,24.81,24.94,24.7701,24.92,20.5577,18371.0,0.0,1.0
2014-09-12,24.89,24.92,24.84,24.84,20.4917,8358.0,0.0,1.0
2014-09-15,24.88,24.8999,24.85,24.878,20.523,25794.0,0.0,1.0
2014-09-16,24.84,24.88,24.8,24.84,20.4917,20025.0,0.0,1.0
2014-09-17,24.83,24.88,24.8001,24.8795,20.5242,9200.0,0.0,1.0
2014-09-18,24.86,24.9083,24.86,24.9,20.5412,13010.0,0.0,1.0
2014-09-19,24.8938,24.93,24.8938,24.927,20.5634,21508.0,0.0,1.0
2014-09-22,25.01,25.01,24.8,24.82,20.5247,8659.0,0.06,1.0
2014-09-23,24.8,24.8,24.724,24.75,20.4668,7134.0,0.0,1.0
2014-09-24,24.84,24.84,24.7,24.7399,20.4584,8386.0,0.0,1.0
2014-09-25,24.75,24.75,24.54,24.61,20.351,7231.0,0.0,1.0
2014-09-26,24.56,24.61,24.5,24.5372,20.2908,12226.0,0.0,1.0
2014-09-29,24.59,24.59,24.5,24.5225,20.2786,3735.0,0.0,1.0
2014-09-30,24.5,24.55,24.44,24.53,20.2848,18541.0,0.0,1.0
2014-10-01,24.45,24.4954,24.43,24.43,20.2021,10455.0,0.0,1.0
2014-10-02,24.399,24.58,24.39,24.53,20.2848,16719.0,0.0,1.0
2014-10-03,24.54,24.66,24.47,24.52,20.2766,11693.0,0.0,1.0
2014-10-06,24.73,24.73,24.598,24.63,20.3675,2358.0,0.0,1.0
2014-10-07,24.69,24.69,24.49,24.49,20.2518,9910.0,0.0,1.0
2014-10-08,24.6,24.64,24.522,24.62,20.3593,7625.0,0.0,1.0
2014-10-09,24.49,24.5,24.401,24.404,20.1806,7002.0,0.0,1.0
2014-10-10,24.37,24.37,24.3,24.3028,20.097,4046.0,0.0,1.0
2014-10-13,24.36,24.36,24.2,24.32,20.1112,18713.0,0.0,1.0
2014-10-14,24.28,24.33,24.2456,24.27,20.0698,3607.0,0.0,1.0
2014-10-15,24.09,24.188,24.0,24.06,19.8962,7854.0,0.0,1.0
2014-10-16,24.09,24.1,24.0691,24.0691,19.9037,550.0,0.0,1.0
2014-10-17,24.24,24.4299,24.09,24.19,20.0037,8512.0,0.0,1.0
2014-10-20,24.09,24.13,24.09,24.13,19.9541,401.0,0.0,1.0
2014-10-21,24.31,24.4361,24.31,24.3626,20.1464,2756.0,0.0,1.0
2014-10-22,24.44,24.69,24.42,24.59,20.3345,81910.0,0.0,1.0
2014-10-23,24.532,24.532,24.532,24.532,20.2865,854.0,0.0,1.0
2014-10-24,24.51,24.51,24.48,24.48,20.2435,1430.0,0.0,1.0
2014-10-27,24.24,24.3,24.24,24.2936,20.1472,3416.0,0.07,1.0
2014-10-28,24.51,24.51,24.4501,24.51,20.3267,4070.0,0.0,1.0
2014-10-29,24.671,24.671,24.5,24.67,20.4594,7185.0,0.0,1.0
2014-10-30,24.71,24.72,24.5899,24.5899,20.393,6508.0,0.0,1.0
2014-10-31,24.465,24.67,24.465,24.67,20.4594,828.0,0.0,1.0
2014-11-03,24.67,24.67,24.67,24.67,20.4594,44.0,0.0,1.0
2014-11-04,24.35,24.63,24.35,24.595,20.3972,3844.0,0.0,1.0
2014-11-05,24.68,24.68,24.65,24.65,20.4428,845.0,0.0,1.0
2014-11-06,24.68,24.68,24.5026,24.6024,20.4033,2700.0,0.0,1.0
2014-11-07,24.61,24.62,24.6099,24.61,20.4096,1616.0,0.0,1.0
2014-11-10,24.41,24.61,24.3398,24.3398,20.1856,1100.0,0.0,1.0
2014-11-11,24.42,24.65,24.3742,24.3742,20.2141,2256.0,0.0,1.0
2014-11-12,24.3039,24.464,24.24,24.37,20.2106,5866.0,0.0,1.0
2014-11-13,24.49,24.5,24.38,24.5,20.3184,2009.0,0.0,1.0
2014-11-14,24.3701,24.4499,24.36,24.36,20.2023,3500.0,0.0,1.0
2014-11-17,24.32,24.5,24.32,24.33,20.1774,6621.0,0.0,1.0
2014-11-18,24.5,24.5,24.37,24.44,20.2687,12495.0,0.0,1.0
2014-11-19,24.39,24.5,24.32,24.4392,20.268,15780.0,0.0,1.0
2014-11-20,24.39,24.413,24.251,24.311,20.1617,4482.0,0.0,1.0
2014-11-21,24.39,24.39,24.371,24.39,20.2894,2414.0,0.075,1.0
2014-11-24,24.41,24.43,24.3193,24.41,20.306,27391.0,0.0,1.0
2014-11-25,24.4,24.4,24.4,24.4,20.2977,900.0,0.0,1.0
2014-11-26,24.42,24.5,24.4139,24.47,20.3559,19259.0,0.0,1.0
2014-11-28,24.6,24.6,24.34,24.34,20.2478,3936.0,0.0,1.0
2014-12-01,24.42,24.42,24.3,24.3,20.2145,22596.0,0.0,1.0
2014-12-02,24.4,24.4,24.224,24.26,20.1812,17492.0,0.0,1.0
2014-12-03,24.2601,24.3,24.17,24.24,20.1646,10957.0,0.0,1.0
2014-12-04,24.241,24.2981,24.24,24.2406,20.1651,2200.0,0.0,1.0
2014-12-05,24.241,24.246,24.17,24.17,20.1064,2676.0,0.0,1.0
2014-12-08,24.16,24.21,24.12,24.12,20.0648,4757.0,0.0,1.0
2014-12-09,23.8,24.2,23.8,24.04,19.9982,55987.0,0.0,1.0
2014-12-10,23.82,23.95,23.5,23.5307,19.5746,4398.0,0.0,1.0
2014-12-11,23.79,24.16,22.08,23.49,19.5407,414171.0,0.0,1.0
2014-12-12,23.3901,23.4,23.2101,23.365,19.4367,22519.0,0.0,1.0
2014-12-15,23.25,23.45,22.86,23.0601,19.1831,23406.0,0.0,1.0
2014-12-16,23.06,23.318,22.81,22.96,19.0998,15371.0,0.0,1.0
2014-12-17,22.81,23.5,22.6,23.22,19.3161,40285.0,0.0,1.0
2014-12-18,23.31,23.637,23.28,23.5426,19.5845,18489.0,0.0,1.0
2014-12-19,23.62,23.82,23.09,23.12,19.2973,13504.0,0.0774,1.0
2014-12-22,23.12,23.49,23.0,23.155,19.3265,5004.0,0.0,1.0
2014-12-23,23.92,23.92,23.02,23.45,19.5727,67678.0,0.0,1.0
2014-12-24,23.05,23.29,23.05,23.231,19.3899,29580.0,0.0,1.0
2014-12-26,23.21,23.21,22.8,23.02,19.2138,44253.0,0.0,1.0
2014-12-29,23.0,23.21,22.98,23.09,19.2722,16368.0,0.0,1.0
2014-12-30,23.09,23.09,22.9901,23.0375,19.2284,7298.0,0.0,1.0
2014-12-31,23.02,23.24,22.98,23.08,19.2639,31635.0,0.0,1.0
2015-01-02,23.08,23.2,23.0001,23.08,19.2639,6642.0,0.0,1.0
2015-01-05,23.08,23.1,22.9,23.08,19.2639,8692.0,0.0,1.0
2015-01-06,23.02,23.08,22.881,22.95,19.1554,12301.0,0.0,1.0
2015-01-07,23.0,23.0699,23.0,23.02,19.2138,3954.0,0.0,1.0
2015-01-08,23.07,23.1,23.05,23.08,19.2639,3681.0,0.0,1.0
2015-01-09,23.0101,23.25,23.0101,23.25,19.4058,4550.0,0.0,1.0
2015-01-12,23.05,23.11,23.03,23.1,19.2806,6876.0,0.0,1.0
2015-01-13,23.25,23.25,23.05,23.13,19.3056,7999.0,0.0,1.0
2015-01-14,23.13,23.13,23.13,23.13,19.3056,48.0,0.0,1.0
2015-01-15,23.16,23.16,23.11,23.1101,19.289,4322.0,0.0,1.0
2015-01-16,23.16,23.21,23.13,23.1622,19.3325,4453.0,0.0,1.0
2015-01-20,23.1032,23.2,23.1032,23.159,19.3298,2505.0,0.0,1.0
2015-01-21,23.15,23.532,23.15,23.3,19.4475,4603.0,0.0,1.0
2015-01-22,23.27,23.27,23.25,23.25,19.4058,4713.0,0.0,1.0
2015-01-23,23.3,23.75,23.06,23.75,19.8231,6221.0,0.0,1.0
2015-01-26,23.73,23.79,23.18,23.78,19.9066,20032.0,0.07,1.0
2015-01-27,23.22,23.73,23.22,23.36,19.555,19608.0,0.0,1.0
2015-01-28,23.41,23.69,23.29,23.65,19.7978,17367.0,0.0,1.0
2015-01-29,23.45,23.88,23.45,23.85,19.9652,9335.0,0.0,1.0
2015-01-30,23.56,23.79,23.18,23.77,19.8982,6084.0,0.0,1.0
2015-02-02,23.0102,23.82,23.0102,23.82,19.9401,2672.0,0.0,1.0
2015-02-03,23.81,23.9,23.71,23.9,20.007,1793.0,0.0,1.0
2015-02-04,23.87,23.9,23.3001,23.9,20.007,3923.0,0.0,1.0
2015-02-05,23.241,24.0,23.241,24.0,20.0907,6100.0,0.0,1.0
2015-02-06,23.55,23.99,23.55,23.99,20.0824,6575.0,0.0,1.0
2015-02-09,24.01,24.11,23.581,24.11,20.1828,17226.0,0.0,1.0
2015-02-10,24.99,24.99,23.5,24.1,20.1745,6566.0,0.0,1.0
2015-02-11,24.04,24.16,24.038,24.16,20.2247,600.0,0.0,1.0
2015-02-12,24.16,24.16,24.16,24.16,20.2247,0.0,0.0,1.0
2015-02-13,24.16,24.16,24.16,24.16,20.2247,0.0,0.0,1.0
2015-02-17,24.03,24.2,23.94,24.17,20.2331,2423.0,0.0,1.0
2015-02-18,24.26,24.272,24.1,24.1,20.1745,5718.0,0.0,1.0
2015-02-19,24.1,24.1,24.1,24.1,20.1745,1.0,0.0,1.0
2015-02-20,24.11,24.24,23.65,24.24,20.2917,3202.0,0.0,1.0
2015-02-23,24.11,24.11,23.7,24.03,20.1786,9465.0,0.075,1.0
2015-02-24,24.08,24.08,24.08,24.08,20.2206,144.0,0.0,1.0
2015-02-25,23.29,24.16,23.29,24.15,20.2794,2275.0,0.0,1.0
2015-02-26,24.16,24.23,24.16,24.23,20.3466,3468.0,0.0,1.0
2015-02-27,24.06,24.22,24.0475,24.19,20.313,2081.0,0.0,1.0
2015-03-02,24.2,24.25,24.15,24.22,20.3382,113405.0,0.0,1.0
2015-03-03,24.22,24.22,24.16,24.16,20.2878,508.0,0.0,1.0
2015-03-04,24.171,24.171,24.171,24.171,20.297,207.0,0.0,1.0
2015-03-05,24.18,24.419,24.18,24.419,20.5053,1035.0,0.0,1.0
2015-03-06,24.23,24.28,24.1,24.28,20.3886,4800.0,0.0,1.0
2015-03-09,24.23,24.23,24.21,24.23,20.3466,4400.0,0.0,1.0
2015-03-10,24.25,24.31,24.2,24.21,20.3298,821.0,0.0,1.0
2015-03-11,24.21,24.2212,24.2,24.21,20.3298,1300.0,0.0,1.0
2015-03-12,24.32,24.32,24.21,24.21,20.3298,1436.0,0.0,1.0
2015-03-13,24.21,24.21,24.21,24.21,20.3298,2.0,0.0,1.0
2015-03-16,24.11,24.23,24.0101,24.1779,20.3028,7921.0,0.0,1.0
2015-03-17,24.1779,24.1779,24.1779,24.1779,20.3028,4.0,0.0,1.0
2015-03-18,24.01,24.05,23.501,23.82,20.0023,16986.0,0.0,1.0
2015-03-19,23.95,23.97,23.7601,23.87,20.0443,21976.0,0.0,1.0
2015-03-20,23.84,23.88,23.56,23.67,19.8763,18410.0,0.0,1.0
2015-03-23,23.63,24.05,23.45,23.66,19.9309,20605.0,0.075,1.0
2015-03-24,23.51,23.99,23.51,23.76,20.0152,19369.0,0.0,1.0
2015-03-25,23.42,23.9095,23.42,23.9095,20.1411,7146.0,0.0,1.0
2015-03-26,23.93,23.95,23.76,23.95,20.1752,55838.0,0.0,1.0
2015-03-27,23.95,23.95,23.95,23.95,20.1752,36.0,0.0,1.0
2015-03-30,23.89,23.95,23.86,23.89,20.1247,1228.0,0.0,1.0
2015-03-31,23.9364,23.9364,23.9364,23.9364,20.1638,108.0,0.0,1.0
2015-04-01,23.79,23.83,23.785,23.81,20.0573,9600.0,0.0,1.0
2015-04-02,23.89,23.89,23.58,23.88,20.1163,17928.0,0.0,1.0
2015-04-06,23.75,23.81,23.75,23.81,20.0573,623.0,0.0,1.0
2015-04-07,24.209,24.209,23.83,24.189,20.3766,1214.0,0.0,1.0
2015-04-08,24.19,24.19,24.01,24.01,20.2258,497.0,0.0,1.0
2015-04-09,24.0,24.2362,24.0,24.04,20.251,1491.0,0.0,1.0
2015-04-10,24.04,24.04,24.04,24.04,20.251,203.0,0.0,1.0
2015-04-13,24.0,24.0,24.0,24.0,20.2173,302.0,0.0,1.0
2015-04-14,24.0,24.1695,23.77,23.95,20.1752,10900.0,0.0,1.0
2015-04-15,23.95,23.95,23.95,23.95,20.1752,4.0,0.0,1.0
2015-04-16,23.8384,23.99,23.824,23.824,20.0691,1700.0,0.0,1.0
2015-04-17,23.76,23.76,23.76,23.76,20.0152,300.0,0.0,1.0
2015-04-20,23.76,23.81,23.76,23.81,20.1205,435.0,0.075,1.0
2015-04-21,23.81,23.81,23.81,23.81,20.1205,745.0,0.0,1.0
2015-04-22,24.144,24.1599,23.84,23.84,20.1458,1513.0,0.0,1.0
2015-04-23,24.151,24.22,24.0,24.05,20.3233,8160.0,0.0,1.0
2015-04-24,24.05,24.05,24.05,24.05,20.3233,36.0,0.0,1.0
2015-04-27,24.0,24.2099,24.0,24.2099,20.4584,1128.0,0.0,1.0
2015-04-28,24.2099,24.2099,24.2099,24.2099,20.4584,4.0,0.0,1.0
2015-04-29,24.076,24.076,24.076,24.076,20.3452,500.0,0.0,1.0
2015-04-30,24.225,24.225,23.8101,23.8101,20.1205,4041.0,0.0,1.0
2015-05-01,24.08,24.1,24.066,24.1,20.3655,4116.0,0.0,1.0
2015-05-04,24.02,24.23,23.8307,24.23,20.4754,1172.0,0.0,1.0
2015-05-05,24.16,24.31,24.16,24.23,20.4754,10909.0,0.0,1.0
2015-05-06,24.13,24.22,23.91,23.91,20.205,1100.0,0.0,1.0
2015-05-07,24.18,24.28,23.84,24.1,20.3655,2625.0,0.0,1.0
2015-05-08,24.24,24.24,24.08,24.125,20.3867,1234.0,0.0,1.0
2015-05-11,24.12,24.12,24.12,24.12,20.3824,704.0,0.0,1.0
2015-05-12,24.15,24.2,24.08,24.1,20.3655,8821.0,0.0,1.0
2015-05-13,24.13,24.19,24.09,24.14,20.3993,2809.0,0.0,1.0
2015-05-14,24.11,24.186,24.03,24.03,20.3064,4105.0,0.0,1.0
2015-05-15,24.05,24.175,24.04,24.06,20.3317,3513.0,0.0,1.0
2015-05-18,24.1409,24.1899,24.0751,24.189,20.4407,1825.0,0.0,1.0
2015-05-19,24.2,24.2,24.14,24.1899,20.4415,3320.0,0.0,1.0
2015-05-20,23.99,24.1999,23.99,24.1887,20.4405,1716.0,0.0,1.0
2015-05-21,24.062,24.2,23.95,24.2,20.45,9387.0,0.0,1.0
2015-05-22,24.06,24.22,24.06,24.1308,20.4592,5639.0,0.08,1.0
2015-05-26,24.25,24.25,23.996,24.004,20.3517,618.0,0.0,1.0
2015-05-27,24.19,24.2631,24.1803,24.257,20.5662,3241.0,0.0,1.0
2015-05-28,24.25,24.25,24.2,24.225,20.539,1272.0,0.0,1.0
2015-05-29,24.2085,24.2085,24.17,24.192,20.511,439.0,0.0,1.0
2015-06-01,24.23,24.23,24.154,24.1899,20.5093,1193.0,0.0,1.0
2015-06-02,24.24,24.24,24.1542,24.1817,20.5023,811.0,0.0,1.0
2015-06-03,24.159,24.16,24.064,24.15,20.4754,1256.0,0.0,1.0
2015-06-04,24.21,24.21,24.21,24.21,20.5263,504.0,0.0,1.0
2015-06-05,24.21,24.21,24.055,24.08,20.4161,2151.0,0.0,1.0
2015-06-08,24.18,24.1899,24.17,24.1899,20.5093,353.0,0.0,1.0
2015-06-09,24.101,24.139,24.02,24.117,20.4475,3002.0,0.0,1.0
2015-06-10,24.15,24.17,24.15,24.17,20.4924,700.0,0.0,1.0
2015-06-11,24.14,24.17,24.099,24.17,20.4924,2944.0,0.0,1.0
2015-06-12,24.1995,24.37,24.174,24.35,20.645,10888.0,0.0,1.0
2015-06-15,24.2,24.34,24.15,24.16,20.4839,22955.0,0.0,1.0
2015-06-16,24.37,24.5,24.11,24.39,20.6789,7802.0,0.0,1.0
2015-06-17,24.2,24.29,24.1,24.1,20.433,9213.0,0.0,1.0
2015-06-18,24.13,24.35,24.1101,24.22,20.5348,23804.0,0.0,1.0
2015-06-19,24.17,24.28,24.12,24.2699,20.5771,19382.0,0.0,1.0
2015-06-22,24.25,24.25,24.04,24.05,20.4627,1401.0,0.085,1.0
2015-06-23,24.07,24.09,24.05,24.05,20.4627,2502.0,0.0,1.0
2015-06-24,23.98,24.2,23.98,23.98,20.4032,12092.0,0.0,1.0
2015-06-25,24.1,24.195,24.03,24.065,20.4755,2296.0,0.0,1.0
2015-06-26,24.1,24.18,23.99,24.01,20.4287,6988.0,0.0,1.0
2015-06-29,23.8,23.91,23.635,23.64,20.1139,16001.0,0.0,1.0
2015-06-30,23.77,24.009,23.77,23.7701,20.2246,871.0,0.0,1.0
2015-07-01,23.94,23.96,23.73,23.73,20.1904,9227.0,0.0,1.0
2015-07-02,23.964,23.964,23.964,23.964,20.3895,100.0,0.0,1.0
2015-07-06,23.78,23.78,23.73,23.73,20.1904,287.0,0.0,1.0
2015-07-07,23.73,23.73,23.73,23.73,20.1904,2.0,0.0,1.0
2015-07-08,23.74,23.865,23.7348,23.7348,20.1945,789.0,0.0,1.0
2015-07-09,23.92,24.0,23.71,23.8582,20.2995,8299.0,0.0,1.0
2015-07-10,24.099,24.099,23.9623,23.9623,20.3881,606.0,0.0,1.0
2015-07-13,23.6901,24.0299,23.69,23.743,20.2015,2287.0,0.0,1.0
2015-07-14,23.89,23.99,23.89,23.915,20.3479,2564.0,0.0,1.0
2015-07-15,23.97,23.98,23.9,23.9,20.3351,2383.0,0.0,1.0
2015-07-16,24.05,24.05,23.869,23.869,20.3087,5553.0,0.0,1.0
2015-07-17,23.96,23.96,23.9,23.9,20.3351,420.0,0.0,1.0
2015-07-20,23.92,23.92,23.85,23.85,20.2926,742.0,0.0,1.0
2015-07-21,23.89,23.9299,23.72,23.9052,20.3395,15426.0,0.0,1.0
2015-07-22,23.799,23.799,23.54,23.76,20.216,5304.0,0.0,1.0
2015-07-23,23.654,23.84,23.654,23.84,20.284,1367.0,0.0,1.0
2015-07-24,23.73,23.73,23.51,23.51,20.0033,2759.0,0.0,1.0
2015-07-27,23.46,23.5365,23.31,23.3562,19.9447,11311.0,0.085,1.0
2015-07-28,23.42,23.55,23.42,23.5399,20.1016,4425.0,0.0,1.0
2015-07-29,23.8,23.8,23.57,23.57,20.1273,282491.0,0.0,1.0
2015-07-30,23.4,23.75,23.4,23.75,20.281,6671.0,0.0,1.0
2015-07-31,23.6861,23.6899,23.6016,23.6899,20.2297,3991.0,0.0,1.0
2015-08-03,23.63,23.63,23.543,23.57,20.1273,2645.0,0.0,1.0
2015-08-04,23.67,23.87,23.67,23.67,20.2127,5199.0,0.0,1.0
2015-08-05,23.68,23.68,23.54,23.55,20.1102,15893.0,0.0,1.0
2015-08-06,23.52,23.52,23.4501,23.4501,20.0249,1083.0,0.0,1.0
2015-08-07,23.54,23.55,23.38,23.55,20.1102,2747.0,0.0,1.0
2015-08-10,23.54,23.54,23.45,23.54,20.1017,7060.0,0.0,1.0
2015-08-11,23.4,23.4,23.3077,23.3242,19.9174,3423.0,0.0,1.0
2015-08-12,23.33,23.3484,23.14,23.28,19.8797,3676.0,0.0,1.0
2015-08-13,23.36,23.46,23.19,23.4599,20.0333,4596.0,0.0,1.0
2015-08-14,23.44,23.44,23.44,23.44,20.0163,216.0,0.0,1.0
2015-08-17,23.39,23.43,23.38,23.43,20.0077,1991.0,0.0,1.0
2015-08-18,23.43,23.43,23.43,23.43,20.0077,14.0,0.0,1.0
2015-08-19,23.3276,23.38,23.3177,23.3177,19.9118,1273.0,0.0,1.0
2015-08-20,23.29,23.29,23.2719,23.2719,19.8727,407.0,0.0,1.0
2015-08-21,23.17,23.17,23.081,23.1266,19.7487,1125.0,0.0,1.0
2015-08-24,22.71,22.98,22.62,22.8201,19.5595,12985.0,0.085,1.0
2015-08-25,23.37,23.37,22.972,23.0485,19.7553,603.0,0.0,1.0
2015-08-26,23.061,23.14,23.01,23.14,19.8337,2801.0,0.0,1.0
2015-08-27,23.2386,23.2386,23.15,23.15,19.8423,1861.0,0.0,1.0
2015-08-28,22.9862,23.2199,22.9862,23.012,19.724,3527.0,0.0,1.0
2015-08-31,22.93,23.1204,22.93,22.9812,19.6976,7757.0,0.0,1.0
2015-09-01,22.87,23.0399,22.8601,22.88,19.6109,3575.0,0.0,1.0
2015-09-02,23.03,23.1397,23.011,23.1397,19.8335,2817.0,0.0,1.0
2015-09-03,23.1836,23.2,23.1836,23.2,19.8851,598.0,0.0,1.0
2015-09-04,23.18,23.18,23.1013,23.1013,19.8005,908.0,0.0,1.0
2015-09-08,23.1175,23.269,23.1175,23.264,19.94,704.0,0.0,1.0
2015-09-09,23.1999,23.2,23.0308,23.044,19.7514,1533.0,0.0,1.0
2015-09-10,23.22,23.22,23.1536,23.1536,19.8454,501.0,0.0,1.0
2015-09-11,23.13,23.13,23.13,23.13,19.8251,257.0,0.0,1.0
2015-09-14,23.1,23.1,23.1,23.1,19.7994,476.0,0.0,1.0
2015-09-15,23.048,23.25,23.048,23.25,19.928,3159.0,0.0,1.0
2015-09-16,23.2,23.2288,23.13,23.2288,19.9098,4159.0,0.0,1.0
2015-09-17,23.145,23.2192,23.001,23.001,19.7146,282989.0,0.0,1.0
2015-09-18,23.153,23.16,23.09,23.16,19.8508,1150.0,0.0,1.0
2015-09-21,23.0,23.03,23.0,23.03,19.8123,1763.0,0.085,1.0
2015-09-22,23.0,23.01,22.76,22.8,19.6144,9235.0,0.0,1.0
2015-09-23,22.9,22.96,22.8701,22.8932,19.6946,8380.0,0.0,1.0
2015-09-24,22.82,22.84,22.73,22.84,19.6488,8086.0,0.0,1.0
2015-09-25,22.84,22.84,22.755,22.756,19.5766,4309.0,0.0,1.0
2015-09-28,22.59,22.59,22.36,22.49,19.3477,10017.0,0.0,1.0
2015-09-29,22.48,22.5349,22.28,22.51,19.3649,10954.0,0.0,1.0
2015-09-30,22.56,22.6397,22.42,22.55,19.3993,4780.0,0.0,1.0
2015-10-01,22.58,22.73,22.2632,22.3129,19.1954,16457.0,0.0,1.0
2015-10-02,22.4532,22.4532,22.2999,22.311,19.1937,873.0,0.0,1.0
2015-10-05,22.512,22.68,22.51,22.6799,19.5111,3067.0,0.0,1.0
2015-10-06,22.67,22.67,22.58,22.58,19.4252,788.0,0.0,1.0
2015-10-07,22.6,22.8599,22.6,22.679,19.5103,3776.0,0.0,1.0
2015-10-08,22.74,22.8499,22.5635,22.8499,19.6573,1413.0,0.0,1.0
2015-10-09,22.95,22.95,22.642,22.642,19.4785,1096.0,0.0,1.0
2015-10-12,22.8066,22.95,22.627,22.79,19.6058,1645.0,0.0,1.0
2015-10-13,22.83,22.83,22.631,22.81,19.623,5007.0,0.0,1.0
2015-10-14,22.6278,22.64,22.5426,22.64,19.4768,5276.0,0.0,1.0
2015-10-15,22.75,22.83,22.7015,22.83,19.6402,15284.0,0.0,1.0
2015-10-16,22.79,22.88,22.7667,22.88,19.6832,3014.0,0.0,1.0
2015-10-19,22.82,22.82,22.6406,22.781,19.5981,1173.0,0.0,1.0
2015-10-20,22.9432,22.96,22.89,22.89,19.6918,2254.0,0.0,1.0
2015-10-21,22.96,22.96,22.681,22.681,19.512,897.0,0.0,1.0
2015-10-22,22.87,22.879,22.73,22.73,19.5542,1688.0,0.0,1.0
2015-10-23,22.818,23.14,22.8,22.801,19.6153,37187.0,0.0,1.0
2015-10-26,22.785,22.86,22.785,22.86,19.7306,637.0,0.075,1.0
2015-10-27,22.74,22.7468,22.685,22.74,19.627,8300.0,0.0,1.0
2015-10-28,22.8,22.9344,22.8,22.9344,19.7948,410.0,0.0,1.0
2015-10-29,22.71,22.98,22.71,22.98,19.8341,952.0,0.0,1.0
2015-10-30,22.902,22.902,22.902,22.902,19.7668,265.0,0.0,1.0
2015-11-02,22.96,23.27,22.96,22.99,19.8428,17723.0,0.0,1.0
2015-11-03,22.96,23.1526,22.96,23.1526,19.9831,4282.0,0.0,1.0
2015-11-04,23.1799,23.1799,22.88,22.9301,19.7911,4398.0,0.0,1.0
2015-11-05,23.16,23.16,23.0,23.0399,19.8858,2101.0,0.0,1.0
2015-11-06,23.046,23.11,22.96,22.978,19.8324,919.0,0.0,1.0
2015-11-09,22.87,22.9673,22.8,22.81,19.6874,4438.0,0.0,1.0
2015-11-10,22.9431,22.9431,22.8908,22.8908,19.7571,1397.0,0.0,1.0
2015-11-11,22.8908,22.8908,22.8908,22.8908,19.7571,0.0,0.0,1.0
2015-11-12,22.71,22.87,22.66,22.7,19.5925,3298.0,0.0,1.0
2015-11-13,22.63,22.63,22.61,22.61,19.5148,4711.0,0.0,1.0
2015-11-16,22.52,22.7536,22.52,22.68,19.5752,2253.0,0.0,1.0
2015-11-17,22.73,22.7879,22.73,22.7728,19.6553,975.0,0.0,1.0
2015-11-18,22.636,22.75,22.636,22.75,19.6356,1513.0,0.0,1.0
2015-11-19,22.8699,22.8699,22.8699,22.8699,19.7391,253.0,0.0,1.0
2015-11-20,22.56,22.7611,22.51,22.53,19.4457,8451.0,0.0,1.0
2015-11-23,22.515,22.515,22.4484,22.4823,19.4779,1714.0,0.085,1.0
2015-11-24,22.38,22.435,22.35,22.435,19.4369,6031.0,0.0,1.0
2015-11-25,22.41,22.44,22.3785,22.39,19.398,2125.0,0.0,1.0
2015-11-27,22.34,22.35,22.2324,22.34,19.3546,1240.0,0.0,1.0
2015-11-30,22.61,22.61,22.27,22.555,19.5409,1270.0,0.0,1.0
2015-12-01,22.3734,22.3734,22.3734,22.3734,19.3836,1048.0,0.0,1.0
2015-12-02,22.4,22.4402,22.35,22.38,19.3893,37070.0,0.0,1.0
2015-12-03,22.42,22.45,22.37,22.395,19.4023,23318.0,0.0,1.0
2015-12-04,22.29,22.5052,22.29,22.33,19.346,13681.0,0.0,1.0
2015-12-07,22.23,22.28,22.1401,22.1945,19.2286,13389.0,0.0,1.0
2015-12-08,22.13,22.2,22.0626,22.09,19.138,16165.0,0.0,1.0
2015-12-09,22.15,22.31,22.06,22.149,19.1892,25580.0,0.0,1.0
2015-12-10,22.07,22.13,21.9802,22.08,19.1294,1760.0,0.0,1.0
2015-12-11,21.87,21.9,21.6,21.68,18.7828,50070.0,0.0,1.0
2015-12-14,21.78,21.89,21.3323,21.84,18.9215,27929.0,0.0,1.0
2015-12-15,21.84,21.98,21.765,21.98,19.0427,7428.0,0.0,1.0
2015-12-16,21.91,22.07,21.66,22.0699,19.1206,5857.0,0.0,1.0
2015-12-17,21.649,21.98,21.649,21.82,18.9041,2098.0,0.0,1.0
2015-12-18,21.76,22.0,21.61,21.8,18.8868,14927.0,0.0,1.0
2015-12-21,21.73,21.805,21.5,21.7075,18.8803,23295.0,0.085,1.0
2015-12-22,21.66,21.8179,21.66,21.8179,18.9763,4134.0,0.0,1.0
2015-12-23,21.89,22.0,21.55,21.85,19.0042,34071.0,0.0,1.0
2015-12-24,21.77,21.98,21.77,21.87,19.0216,23983.0,0.0,1.0
2015-12-28,21.8601,22.02,21.84,21.85,19.0042,4270.0,0.0,1.0
2015-12-29,21.73,22.15,21.601,21.9,19.0477,16950.0,0.0,1.0
2015-12-30,21.94,21.95,21.91,21.91,19.0564,18035.0,0.0,1.0
2015-12-31,21.93,22.0499,21.802,21.918,19.0634,5898.0,0.0,1.0
2016-01-04,21.44,22.0494,21.3401,22.0494,19.1777,2005.0,0.0,1.0
2016-01-05,21.91,21.92,21.648,21.648,18.8286,2295.0,0.0,1.0
2016-01-06,21.67,21.9567,21.67,21.81,18.9695,4616.0,0.0,1.0
2016-01-07,21.73,22.19,21.63,21.7,18.8738,54977.0,0.0,1.0
2016-01-08,21.72,21.83,21.68,21.74,18.9086,12765.0,0.0,1.0
2016-01-11,21.7912,21.7912,21.6,21.6101,18.7956,6920.0,0.0,1.0
2016-01-12,21.72,21.7595,21.4401,21.75,18.9173,13379.0,0.0,1.0
2016-01-13,21.78,22.1,21.4501,21.6,18.7868,15735.0,0.0,1.0
2016-01-14,21.66,21.7332,21.46,21.7332,18.9027,10884.0,0.0,1.0
2016-01-15,21.28,21.28,21.261,21.261,18.492,656.0,0.0,1.0
2016-01-19,21.3,21.43,21.26,21.2601,18.4912,13536.0,0.0,1.0
2016-01-20,21.2,21.2,20.8224,20.86,18.1432,6812.0,0.0,1.0
2016-01-21,20.96,21.05,20.79,21.05,18.3084,15963.0,0.0,1.0
2016-01-22,21.19,21.3,21.17,21.1895,18.4298,1706.0,0.0,1.0
2016-01-25,21.1045,21.1045,21.1045,21.1045,18.4298,52.0,0.085,1.0
2016-01-26,21.1,21.1,21.073,21.09,18.4171,12343.0,0.0,1.0
2016-01-27,21.0874,21.1351,21.0874,21.1351,18.4565,1160.0,0.0,1.0
2016-01-28,21.0501,21.29,21.0501,21.23,18.5394,4182.0,0.0,1.0
2016-01-29,21.12,21.24,21.12,21.24,18.5481,763.0,0.0,1.0
2016-02-01,21.15,21.15,21.05,21.073,18.4023,3712.0,0.0,1.0
2016-02-02,21.07,21.1332,21.02,21.04,18.3734,7781.0,0.0,1.0
2016-02-03,20.98,20.98,20.98,20.98,18.321,999.0,0.0,1.0
2016-02-04,20.9286,20.9286,20.9286,20.9286,18.2762,365.0,0.0,1.0
2016-02-05,21.07,21.0932,21.07,21.08,18.4084,3214.0,0.0,1.0
2016-02-08,20.671,20.671,20.671,20.671,18.0512,323.0,0.0,1.0
2016-02-09,20.75,20.91,20.61,20.705,18.0809,9842.0,0.0,1.0
2016-02-10,20.78,20.78,20.74,20.74,18.1115,737.0,0.0,1.0
2016-02-11,20.45,20.5053,19.87,20.4501,17.8583,8400.0,0.0,1.0
2016-02-12,20.71,20.73,20.43,20.72,18.094,19441.0,0.0,1.0
2016-02-16,20.7,20.72,20.596,20.72,18.094,1437.0,0.0,1.0
2016-02-17,19.9866,20.89,19.9242,20.086,17.5403,5215.0,0.0,1.0
2016-02-18,20.88,21.0,20.79,20.98,18.321,4208.0,0.0,1.0
2016-02-19,20.6601,20.9998,20.6601,20.9325,18.2796,1380.0,0.0,1.0
2016-02-22,21.03,21.03,20.88,20.942,18.3665,2926.0,0.09,1.0
2016-02-23,20.942,20.942,20.942,20.942,18.3665,50.0,0.0,1.0
2016-02-24,20.8,20.88,20.79,20.88,18.3121,4133.0,0.0,1.0
2016-02-25,20.92,20.92,20.92,20.92,18.3472,147.0,0.0,1.0
2016-02-26,20.72,21.1899,20.72,21.1899,18.5839,1671.0,0.0,1.0
2016-02-29,21.1899,21.1899,21.1899,21.1899,18.5839,58.0,0.0,1.0
2016-03-01,21.29,21.3,21.28,21.3,18.6804,940.0,0.0,1.0
2016-03-02,21.4589,21.52,21.4589,21.5,18.8558,834.0,0.0,1.0
2016-03-03,21.47,21.5106,21.46,21.5,18.8558,22303.0,0.0,1.0
2016-03-04,21.669,21.669,21.669,21.669,19.004,235.0,0.0,1.0
2016-03-07,21.52,21.72,21.52,21.63,18.9698,12879.0,0.0,1.0
2016-03-08,21.6,21.61,21.59,21.6,18.9435,35510.0,0.0,1.0
2016-03-09,21.75,21.855,21.72,21.7875,19.108,1215.0,0.0,1.0
2016-03-10,21.6,21.6,21.6,21.6,18.9435,102.0,0.0,1.0
2016-03-11,21.6,21.6,21.6,21.6,18.9435,0.0,0.0,1.0
2016-03-14,21.64,21.698,21.64,21.698,19.0295,601.0,0.0,1.0
2016-03-15,21.7,21.7,21.7,21.7,19.0312,108.0,0.0,1.0
2016-03-16,21.8,21.8,21.7059,21.7059,19.0364,301.0,0.0,1.0
2016-03-17,21.7059,21.7059,21.7059,21.7059,19.0364,124.0,0.0,1.0
2016-03-18,21.75,21.93,21.58,21.93,19.2329,1100.0,0.0,1.0
2016-03-21,21.93,21.93,21.93,21.93,19.3119,0.0,0.09,1.0
2016-03-22,21.761,21.8899,21.518,21.8899,19.2766,5883.0,0.0,1.0
2016-03-23,21.8,21.8,21.8,21.8,19.1974,502.0,0.0,1.0
2016-03-24,21.0,21.76,21.0,21.76,19.1622,3224.0,0.0,1.0
2016-03-28,21.53,21.53,21.53,21.53,18.9596,156.0,0.0,1.0
2016-03-29,22.2297,22.2297,21.45,21.534,18.9632,4443.0,0.0,1.0
2016-03-30,21.55,21.6,21.52,21.52,18.9508,719.0,0.0,1.0
2016-03-31,21.55,21.75,20.81,21.73,19.1358,3152.0,0.0,1.0
2016-04-01,21.73,21.73,21.73,21.73,19.1358,26.0,0.0,1.0
2016-04-04,21.7,21.7,21.65,21.65,19.0653,819.0,0.0,1.0
2016-04-05,21.65,21.65,21.65,21.65,19.0653,1.0,0.0,1.0
2016-04-06,21.62,21.73,21.4925,21.72,19.1269,1134.0,0.0,1.0
2016-04-07,21.72,21.72,21.72,21.72,19.1269,73.0,0.0,1.0
2016-04-08,21.69,21.77,21.36,21.36,18.8099,852.0,0.0,1.0
2016-04-11,21.73,21.76,21.15,21.76,19.1622,802.0,0.0,1.0
2016-04-12,21.25,21.92,21.25,21.92,19.3031,400.0,0.0,1.0
2016-04-13,21.43,21.98,21.43,21.97,19.3471,969.0,0.0,1.0
2016-04-14,21.99,22.055,21.99,22.051,19.4184,2032.0,0.0,1.0
2016-04-15,22.05,22.05,21.8,22.05,19.4176,803.0,0.0,1.0
2016-04-18,22.0,22.05,22.0,22.05,19.4176,1215.0,0.0,1.0
2016-04-19,22.023,22.023,22.023,22.023,19.3938,150.0,0.0,1.0
2016-04-20,22.22,22.23,22.22,22.23,19.5761,2511.0,0.0,1.0
2016-04-21,22.3819,22.422,22.3,22.3,19.6377,548.0,0.0,1.0
2016-04-22,22.3001,22.3001,22.0,22.0,19.3735,2876.0,0.0,1.0
2016-04-25,21.905,21.905,21.905,21.905,19.3735,2.0,0.095,1.0
2016-04-26,21.905,21.905,21.905,21.905,19.3735,0.0,0.0,1.0
2016-04-27,22.42,22.4699,22.33,22.4699,19.8731,3700.0,0.0,1.0
2016-04-28,22.415,22.44,22.415,22.44,19.8467,866.0,0.0,1.0
2016-04-29,22.4625,22.4625,22.3202,22.3202,19.7407,877.0,0.0,1.0
2016-05-02,22.41,22.42,22.3,22.41,19.8202,3236.0,0.0,1.0
2016-05-03,22.41,22.41,22.41,22.41,19.8202,0.0,0.0,1.0
2016-05-04,22.41,22.41,22.41,22.41,19.8202,0.0,0.0,1.0
2016-05-05,22.36,22.43,22.33,22.33,19.7494,3217.0,0.0,1.0
2016-05-06,22.225,22.225,22.225,22.225,19.6565,146.0,0.0,1.0
2016-05-09,22.225,22.225,22.225,22.225,19.6565,61.0,0.0,1.0
2016-05-10,22.2,22.2395,22.2,22.2395,19.6694,5556.0,0.0,1.0
2016-05-11,22.357,22.357,22.357,22.357,19.7733,447.0,0.0,1.0
2016-05-12,22.4696,22.4696,22.36,22.36,19.7759,1950.0,0.0,1.0
2016-05-13,22.36,22.36,22.36,22.36,19.7759,4.0,0.0,1.0
2016-05-16,22.49,22.4999,22.49,22.49,19.8909,1137.0,0.0,1.0
2016-05-17,22.37,22.37,22.37,22.37,19.7848,30300.0,0.0,1.0
2016-05-18,22.3,22.51,22.3,22.51,19.9086,23255.0,0.0,1.0
2016-05-19,22.5399,22.5399,22.5399,22.5399,19.935,840.0,0.0,1.0
2016-05-20,22.4,22.442,22.38,22.44,19.8467,10909.0,0.0,1.0
2016-05-23,22.241,22.38,22.2201,22.231,19.7459,3454.0,0.095,1.0
2016-05-24,22.44,22.44,22.44,22.44,19.9315,352.0,0.0,1.0
2016-05-25,22.38,22.5718,22.38,22.4501,19.9405,2902.0,0.0,1.0
2016-05-26,22.501,22.59,22.5,22.59,20.0647,4477.0,0.0,1.0
2016-05-27,22.53,22.5865,22.53,22.5865,20.0616,1486.0,0.0,1.0
2016-05-31,22.5865,22.5865,22.5865,22.5865,20.0616,66.0,0.0,1.0
2016-06-01,22.5865,22.5865,22.5865,22.5865,20.0616,25.0,0.0,1.0
2016-06-02,22.59,22.685,22.58,22.5801,20.0559,502.0,0.0,1.0
2016-06-03,22.561,22.561,22.55,22.55,20.0292,3121.0,0.0,1.0
2016-06-06,22.6099,22.6101,22.55,22.555,20.0336,7635.0,0.0,1.0
2016-06-07,22.61,22.762,22.61,22.762,20.2175,823.0,0.0,1.0
2016-06-08,22.68,22.6801,22.68,22.68,20.1447,405.0,0.0,1.0
2016-06-09,22.68,22.68,22.68,22.68,20.1447,48.0,0.0,1.0
2016-06-10,22.7,22.781,22.7,22.7236,20.1834,5875.0,0.0,1.0
2016-06-13,22.67,22.67,22.67,22.67,20.1358,707.0,0.0,1.0
2016-06-14,22.667,22.679,22.658,22.667,20.1331,4770.0,0.0,1.0
2016-06-15,22.667,22.667,22.667,22.667,20.1331,13.0,0.0,1.0
2016-06-16,22.55,22.55,22.55,22.55,20.0292,1271.0,0.0,1.0
2016-06-17,22.49,22.6599,22.48,22.6599,20.1268,16582.0,0.0,1.0
2016-06-20,22.5593,22.5593,22.5593,22.5593,20.1263,105.0,0.1,1.0
2016-06-21,22.67,22.7099,22.53,22.57,20.1358,5502.0,0.0,1.0
2016-06-22,22.6248,22.6248,22.6248,22.6248,20.1847,241.0,0.0,1.0
2016-06-23,22.65,22.81,22.65,22.74,20.2875,6450.0,0.0,1.0
2016-06-24,22.61,22.61,22.3144,22.3144,19.9078,4359.0,0.0,1.0
2016-06-27,22.38,22.38,22.17,22.172,19.7808,2990.0,0.0,1.0
2016-06-28,22.25,22.3757,22.2201,22.37,19.9574,4375.0,0.0,1.0
2016-06-29,22.67,22.67,22.4201,22.4201,20.0021,9148.0,0.0,1.0
2016-06-30,22.6876,22.6876,22.551,22.6074,20.1692,2894.0,0.0,1.0
2016-07-01,22.6074,22.6074,22.6074,22.6074,20.1692,41.0,0.0,1.0
2016-07-05,22.74,22.74,22.74,22.74,20.2875,326.0,0.0,1.0
2016-07-06,22.61,22.6368,22.6,22.6368,20.1954,912.0,0.0,1.0
2016-07-07,22.58,22.68,22.58,22.64,20.1983,2384.0,0.0,1.0
2016-07-08,22.75,22.909,22.74,22.909,20.4383,2117.0,0.0,1.0
2016-07-11,22.8,23.02,22.77,23.005,20.5239,6555.0,0.0,1.0
2016-07-12,23.036,23.036,23.036,23.036,20.5516,270.0,0.0,1.0
2016-07-13,22.9885,22.9885,22.9885,22.9885,20.5092,131.0,0.0,1.0
2016-07-14,23.0,23.0764,23.0,23.0372,20.5526,2704.0,0.0,1.0
2016-07-15,23.0372,23.0372,23.0372,23.0372,20.5526,4.0,0.0,1.0
2016-07-18,23.04,23.053,22.91,22.91,20.4392,1156.0,0.0,1.0
2016-07-19,23.179,23.179,23.179,23.179,20.6792,381.0,0.0,1.0
2016-07-20,23.179,23.179,23.179,23.179,20.6792,50.0,0.0,1.0
2016-07-21,23.191,23.191,23.191,23.191,20.6899,1133.0,0.0,1.0
2016-07-22,23.1015,23.1015,23.05,23.05,20.5641,1891.0,0.0,1.0
2016-07-25,23.1064,23.1064,22.96,22.96,20.573,886.0,0.1,1.0
2016-07-26,22.96,22.96,22.96,22.96,20.573,1.0,0.0,1.0
2016-07-27,22.89,23.0,22.88,23.0,20.6088,1309.0,0.0,1.0
2016-07-28,23.07,23.07,22.829,22.829,20.4556,553.0,0.0,1.0
2016-07-29,22.93,22.93,22.93,22.93,20.5461,151.0,0.0,1.0
2016-08-01,22.84,22.86,22.7729,22.86,20.4834,5707.0,0.0,1.0
2016-08-02,22.9,23.039,22.9,23.013,20.6205,4020.0,0.0,1.0
2016-08-03,23.013,23.013,23.013,23.013,20.6205,67.0,0.0,1.0
2016-08-04,23.013,23.013,23.013,23.013,20.6205,50.0,0.0,1.0
2016-08-05,23.013,23.013,23.013,23.013,20.6205,51.0,0.0,1.0
2016-08-08,22.979,22.979,22.979,22.979,20.59,111.0,0.0,1.0
2016-08-09,22.979,22.979,22.979,22.979,20.59,5.0,0.0,1.0
2016-08-10,22.979,22.979,22.979,22.979,20.59,52.0,0.0,1.0
2016-08-11,23.05,23.2258,23.05,23.2258,20.8112,3224.0,0.0,1.0
2016-08-12,23.318,23.318,23.318,23.318,20.8938,501.0,0.0,1.0
2016-08-15,23.085,23.0901,23.085,23.0901,20.6896,902.0,0.0,1.0
2016-08-16,23.135,23.135,23.13,23.13,20.7253,3161.0,0.0,1.0
2016-08-17,23.1849,23.1849,23.1849,23.1849,20.7745,563.0,0.0,1.0
2016-08-18,23.1201,23.1931,23.1201,23.1931,20.7819,524.0,0.0,1.0
2016-08-19,23.1931,23.1931,23.1931,23.1931,20.7819,6.0,0.0,1.0
2016-08-22,23.0931,23.0931,23.0931,23.0931,20.7819,27.0,0.1,1.0
2016-08-23,23.29,23.29,23.29,23.29,20.959,866.0,0.0,1.0
2016-08-24,23.29,23.29,23.29,23.29,20.959,5.0,0.0,1.0
2016-08-25,23.25,23.28,23.122,23.13,20.8151,3763.0,0.0,1.0
2016-08-26,23.33,23.33,23.3299,23.3299,20.995,6047.0,0.0,1.0
2016-08-29,23.32,23.3634,23.28,23.28,20.95,3457.0,0.0,1.0
2016-08-30,23.521,23.521,23.3,23.38,21.04,795.0,0.0,1.0
2016-08-31,23.38,23.38,23.38,23.38,21.04,21.0,0.0,1.0
2016-09-01,23.3773,23.3773,23.3773,23.3773,21.0376,317.0,0.0,1.0
2016-09-02,23.4431,23.476,23.4431,23.476,21.1264,1601.0,0.0,1.0
2016-09-06,23.37,23.37,23.355,23.355,21.0175,1363.0,0.0,1.0
2016-09-07,23.2492,23.2492,23.2192,23.22,20.8961,691.0,0.0,1.0
2016-09-08,23.26,23.43,23.26,23.43,21.085,2561.0,0.0,1.0
2016-09-09,23.43,23.43,23.43,23.43,21.085,3.0,0.0,1.0
2016-09-12,23.43,23.43,23.43,23.43,21.085,116.0,0.0,1.0
2016-09-13,23.28,23.28,23.28,23.28,20.95,235.0,0.0,1.0
2016-09-14,23.28,23.28,23.28,23.28,20.95,0.0,0.0,1.0
2016-09-15,23.3,23.363,23.3,23.363,21.0247,6666.0,0.0,1.0
2016-09-16,23.14,23.2,23.14,23.2,20.8781,380.0,0.0,1.0
2016-09-19,23.36,23.36,23.2,23.2,20.8781,1253.0,0.0,1.0
2016-09-20,23.26,23.435,23.25,23.25,20.9231,1840.0,0.0,1.0
2016-09-21,23.25,23.25,23.25,23.25,20.9231,365.0,0.0,1.0
2016-09-22,23.25,23.25,23.25,23.25,20.9231,103.0,0.0,1.0
2016-09-23,23.25,23.25,23.25,23.25,20.9231,8.0,0.0,1.0
2016-09-26,23.3291,23.3291,23.1664,23.1664,20.9423,1451.0,0.105,1.0
2016-09-27,23.2999,23.32,23.21,23.29,21.054,2696.0,0.0,1.0
2016-09-28,23.29,23.29,23.29,23.29,21.054,10.0,0.0,1.0
2016-09-29,23.45,23.45,23.45,23.45,21.1987,107.0,0.0,1.0
2016-09-30,23.6218,23.6218,23.6218,23.6218,21.354,594.0,0.0,1.0
2016-10-03,23.28,23.4867,23.28,23.477,21.2231,592.0,0.0,1.0
2016-10-04,23.55,23.55,23.55,23.55,21.2891,4534.0,0.0,1.0
2016-10-05,23.7399,23.7399,23.6,23.61,21.3433,1792.0,0.0,1.0
2016-10-06,23.4339,23.4339,23.4339,23.4339,21.1841,301.0,0.0,1.0
2016-10-07,23.4339,23.4339,23.4339,23.4339,21.1841,0.0,0.0,1.0
2016-10-10,23.4339,23.4339,23.4339,23.4339,21.1841,2.0,0.0,1.0
2016-10-11,23.8332,23.8332,23.5101,23.515,21.2574,1328.0,0.0,1.0
2016-10-12,23.5,23.6899,23.5,23.65,21.3795,4771.0,0.0,1.0
2016-10-13,23.65,23.65,23.65,23.65,21.3795,1.0,0.0,1.0
2016-10-14,23.61,23.61,23.61,23.61,21.3433,3624.0,0.0,1.0
2016-10-17,23.52,23.5363,23.52,23.5363,21.2767,926.0,0.0,1.0
2016-10-18,23.5363,23.5363,23.5363,23.5363,21.2767,0.0,0.0,1.0
2016-10-19,23.7144,23.9364,23.616,23.9364,21.6384,1816.0,0.0,1.0
2016-10-20,23.7,23.7,23.7,23.7,21.4247,417.0,0.0,1.0
2016-10-21,23.62,23.79,23.62,23.6847,21.4109,2752.0,0.0,1.0
2016-10-24,23.6812,23.7549,23.65,23.7549,21.5738,932.0,0.11,1.0
2016-10-25,23.9151,23.9151,23.9151,23.9151,21.7192,461.0,0.0,1.0
2016-10-26,23.68,23.68,23.44,23.65,21.4785,3308.0,0.0,1.0
2016-10-27,23.63,23.63,23.63,23.63,21.4603,210.0,0.0,1.0
2016-10-28,23.53,23.53,23.52,23.52,21.3604,2251.0,0.0,1.0
2016-10-31,23.4261,23.4261,23.4144,23.4144,21.2645,779.0,0.0,1.0
2016-11-01,23.39,23.6649,23.39,23.39,21.2424,2011.0,0.0,1.0
2016-11-02,23.39,23.39,23.39,23.39,21.2424,92.0,0.0,1.0
2016-11-03,23.32,23.32,23.1894,23.1894,21.0602,627.0,0.0,1.0
2016-11-04,23.1894,23.1894,23.1894,23.1894,21.0602,58.0,0.0,1.0
2016-11-07,23.1894,23.1894,23.1894,23.1894,21.0602,0.0,0.0,1.0
2016-11-08,23.19,23.19,23.19,23.19,21.0607,495.0,0.0,1.0
2016-11-09,23.19,23.19,23.19,23.19,21.0607,25.0,0.0,1.0
2016-11-10,23.33,23.33,23.19,23.19,21.0607,658.0,0.0,1.0
2016-11-11,23.0603,23.09,23.0603,23.09,20.9699,757.0,0.0,1.0
2016-11-14,22.99,23.4255,22.99,23.1,20.979,1686.0,0.0,1.0
2016-11-15,23.3715,23.3715,23.3715,23.3715,21.2256,615.0,0.0,1.0
2016-11-16,23.2,23.2,23.2,23.2,21.0698,5000.0,0.0,1.0
2016-11-17,23.2,23.2,23.2,23.2,21.0698,43.0,0.0,1.0
2016-11-18,23.26,23.418,23.26,23.3535,21.2092,4147.0,0.0,1.0
2016-11-21,23.0,23.198,23.0,23.198,21.177,1669.0,0.12,1.0
2016-11-22,23.2,23.29,23.2,23.29,21.261,401.0,0.0,1.0
2016-11-23,23.33,23.34,23.33,23.34,21.3066,445.0,0.0,1.0
2016-11-25,23.495,23.495,23.3,23.335,21.302,1124.0,0.0,1.0
2016-11-28,23.33,23.479,23.3293,23.479,21.4335,2791.0,0.0,1.0
2016-11-29,23.4176,23.49,23.3683,23.41,21.3705,4499.0,0.0,1.0
2016-11-30,23.4765,23.49,23.37,23.37,21.334,10000.0,0.0,1.0
2016-12-01,23.49,23.5,23.41,23.5,21.4527,22600.0,0.0,1.0
2016-12-02,23.53,23.71,23.52,23.55,21.4983,6108.0,0.0,1.0
2016-12-05,23.93,23.93,23.5,23.5461,21.4947,36235.0,0.0,1.0
2016-12-06,23.3301,23.8699,23.3301,23.84,21.763,21232.0,0.0,1.0
2016-12-07,23.915,24.0,23.6856,23.74,21.6717,25093.0,0.0,1.0
2016-12-08,23.85,23.949,23.75,23.81,21.7356,36679.0,0.0,1.0
2016-12-09,23.92,23.94,23.8065,23.922,21.8379,14187.0,0.0,1.0
2016-12-12,23.96,23.98,23.76,23.88,21.7995,6634.0,0.0,1.0
2016-12-13,23.75,23.96,23.75,23.93,21.8452,16175.0,0.0,1.0
2016-12-14,23.87,24.07,23.85,23.92,21.8361,23611.0,0.0,1.0
2016-12-15,23.85,24.1,23.85,24.08,21.9821,81858.0,0.0,1.0
2016-12-16,24.0,24.12,23.7373,24.12,22.0186,26248.0,0.0,1.0
2016-12-19,24.25,24.36,24.1,24.11,22.0095,29269.0,0.0,1.0
2016-12-20,24.0544,24.21,24.0544,24.21,22.1008,14362.0,0.0,1.0
2016-12-21,24.12,24.17,23.83,24.14,22.0369,42852.0,0.0,1.0
2016-12-22,24.17,24.25,23.9141,24.16,22.0552,31022.0,0.0,1.0
2016-12-23,26.1,26.1,23.83,23.98,22.0004,18676.0,0.12,1.0
2016-12-27,24.15,24.15,23.6965,23.84,21.8719,7379.0,0.0,1.0
2016-12-28,23.99,23.99,23.7572,23.76,21.7985,16603.0,0.0,1.0
2016-12-29,24.01,24.02,23.865,23.895,21.9224,30509.0,0.0,1.0
2016-12-30,23.8796,23.965,23.75,23.88,21.9086,16050.0,0.0,1.0
2017-01-03,23.88,23.96,23.838,23.9118,21.9378,8834.0,0.0,1.0
2017-01-04,23.9887,24.09,23.9,24.08,22.0921,27302.0,0.0,1.0
2017-01-05,24.27,24.28,23.9676,24.21,22.2114,39133.0,0.0,1.0
2017-01-06,24.24,24.24,24.0252,24.15,22.1563,15015.0,0.0,1.0
2017-01-09,24.25,24.41,24.11,24.41,22.3949,9433.0,0.0,1.0
2017-01-10,24.51,24.98,24.15,24.33,22.3215,130764.0,0.0,1.0
2017-01-11,24.58,24.74,24.0,24.0,22.0187,88308.0,0.0,1.0
2017-01-12,24.1,24.1,23.8,24.0,22.0187,109566.0,0.0,1.0
2017-01-13,23.82,24.02,23.82,24.01,22.0279,22178.0,0.0,1.0
2017-01-17,23.86,23.9799,23.8,23.83,21.8628,9715.0,0.0,1.0
2017-01-18,23.86,23.975,23.84,23.95,21.9729,3362.0,0.0,1.0
2017-01-19,24.12,24.12,23.936,23.97,21.9912,8004.0,0.0,1.0
2017-01-20,24.02,24.028,23.9,24.0,22.0187,24064.0,0.0,1.0
2017-01-23,23.98,23.98,23.81,23.81,21.9453,23184.0,0.11,1.0
2017-01-24,23.8999,23.94,23.85,23.93,22.0559,10944.0,0.0,1.0
2017-01-25,23.94,24.0,23.93,24.0,22.1205,26781.0,0.0,1.0
2017-01-26,23.936,23.99,23.936,23.95,22.0744,11170.0,0.0,1.0
2017-01-27,23.94,23.9699,23.9205,23.94,22.0652,8158.0,0.0,1.0
2017-01-30,24.04,24.04,23.9,23.95,22.0744,12917.0,0.0,1.0
2017-01-31,23.95,23.972,23.9,23.93,22.0559,446404.0,0.0,1.0
2017-02-01,23.9785,24.01,23.9,23.95,22.0744,50320.0,0.0,1.0
2017-02-02,23.93,23.995,23.93,23.98,22.102,47490.0,0.0,1.0
2017-02-03,23.9675,23.99,23.95,23.99,22.1112,25825.0,0.0,1.0
2017-02-06,23.9,24.19,23.9,23.95,22.0744,23596.0,0.0,1.0
2017-02-07,24.0,24.036,23.95,23.95,22.0744,45303.0,0.0,1.0
2017-02-08,23.975,24.05,23.9,23.9,22.0283,48739.0,0.0,1.0
2017-02-09,24.17,24.17,23.93,23.93,22.0559,22296.0,0.0,1.0
2017-02-10,23.9695,24.0399,23.9,23.92,22.0467,46486.0,0.0,1.0
2017-02-13,24.04,24.04,23.9771,24.02,22.1389,16426.0,0.0,1.0
2017-02-14,24.19,24.19,24.0,24.07,22.185,31124.0,0.0,1.0
2017-02-15,24.09,24.1598,24.03,24.09,22.2034,39108.0,0.0,1.0
2017-02-16,24.0,24.1599,23.99,24.01,22.1297,59155.0,0.0,1.0
2017-02-17,23.91,23.9399,23.866,23.91,22.1389,24288.0,0.11,1.0
2017-02-21,23.93,24.0157,23.93,23.98,22.2037,42930.0,0.0,1.0
2017-02-22,23.95,23.99,23.95,23.9728,22.197,32923.0,0.0,1.0
2017-02-23,23.99,24.0534,23.98,24.0,22.2222,39995.0,0.0,1.0
2017-02-24,24.0,24.02,23.93,23.93,22.1574,36877.0,0.0,1.0
2017-02-27,23.95,24.0631,23.95,23.98,22.2037,14173.0,0.0,1.0
2017-02-28,24.005,24.05,23.92,24.03,22.25,30142.0,0.0,1.0
2017-03-01,24.01,24.1599,24.01,24.1425,22.3542,10883.0,0.0,1.0
2017-03-02,24.14,24.2048,24.0652,24.16,22.3704,16937.0,0.0,1.0
2017-03-03,24.16,24.2199,24.0659,24.09,22.3056,97598.0,0.0,1.0
2017-03-06,24.25,24.25,24.0,24.1,22.3148,33798.0,0.0,1.0
2017-03-07,23.99,24.1683,23.99,23.99,22.213,32578.0,0.0,1.0
2017-03-08,23.99,24.0935,23.99,24.0503,22.2688,21205.0,0.0,1.0
2017-03-09,24.0,24.0399,23.99,24.015,22.2361,26757.0,0.0,1.0
2017-03-10,23.996,24.0,23.9535,23.99,22.213,20214.0,0.0,1.0
2017-03-13,24.11,24.11,23.8501,23.9,22.1296,52761.0,0.0,1.0
2017-03-14,23.92,23.959,23.8683,23.92,22.1481,8737.0,0.0,1.0
2017-03-15,24.0,24.03,23.95,24.02,22.2407,55696.0,0.0,1.0
2017-03-16,24.09,24.09,23.9982,24.01,22.2315,76060.0,0.0,1.0
2017-03-17,24.2,24.2,23.99,24.02,22.2407,19517.0,0.0,1.0
2017-03-20,23.96,24.0499,23.96,23.97,22.1944,30644.0,0.0,1.0
2017-03-21,23.99,24.018,23.9,23.94,22.1667,32595.0,0.0,1.0
2017-03-22,23.92,23.92,23.88,23.904,22.1333,26967.0,0.0,1.0
2017-03-23,23.88,23.896,23.87,23.87,22.1019,31045.0,0.0,1.0
2017-03-24,23.86,23.955,23.85,23.89,22.1204,20802.0,0.0,1.0
2017-03-27,23.7,23.91,23.7,23.74,22.0741,30136.0,0.1,1.0
2017-03-28,23.69,23.8123,23.69,23.76,22.0927,10610.0,0.0,1.0
2017-03-29,23.81,23.8899,23.73,23.84,22.1671,10406.0,0.0,1.0
2017-03-30,23.9,23.9251,23.816,23.8471,22.1737,23455.0,0.0,1.0
2017-03-31,23.8713,23.95,23.8713,23.95,22.2693,16989.0,0.0,1.0
2017-04-03,24.0,24.0,23.81,23.82,22.1485,31466.0,0.0,1.0
2017-04-04,23.8339,23.9482,23.8242,23.84,22.1671,12439.0,0.0,1.0
2017-04-05,23.96,23.9644,23.86,23.9278,22.2487,17386.0,0.0,1.0
2017-04-06,24.08,24.08,23.9,24.01,22.3251,4443.0,0.0,1.0
2017-04-07,24.0,24.0,23.98,23.98,22.2972,8121.0,0.0,1.0
2017-04-10,23.98,24.0,23.98,23.99,22.3065,2896.0,0.0,1.0
2017-04-11,23.99,23.99,23.8,23.8149,22.1437,61066.0,0.0,1.0
2017-04-12,23.98,24.075,23.8242,23.85,22.1764,75443.0,0.0,1.0
2017-04-13,24.0175,24.0175,23.9,23.95,22.2693,19645.0,0.0,1.0
2017-04-17,23.97,24.0,23.9401,23.97,22.2879,14983.0,0.0,1.0
2017-04-18,23.86,23.977,23.8342,23.93,22.2507,11892.0,0.0,1.0
2017-04-19,23.89,23.96,23.89,23.93,22.2507,20804.0,0.0,1.0
2017-04-20,23.9566,24.08,23.91,23.91,22.2321,40866.0,0.0,1.0
2017-04-21,23.9,24.0,23.85,23.9501,22.2694,19839.0,0.0,1.0
2017-04-24,24.0,24.0,23.85,23.93,22.3437,13800.0,0.1,1.0
2017-04-25,23.97,23.9963,23.92,23.9875,22.3974,28331.0,0.0,1.0
2017-04-26,24.0,24.0,23.91,23.92,22.3344,41046.0,0.0,1.0
2017-04-27,23.92,24.0,23.91,23.92,22.3344,11062.0,0.0,1.0
2017-04-28,23.96,23.98,23.9,23.9,22.3157,11270.0,0.0,1.0
2017-05-01,24.0,24.0,23.88,23.98,22.3904,25180.0,0.0,1.0
2017-05-02,23.89,24.05,23.86,23.99,22.3997,16326.0,0.0,1.0
2017-05-03,24.05,24.075,23.9896,24.05,22.4558,10982.0,0.0,1.0
2017-05-04,24.0585,24.072,23.99,24.02,22.4278,31945.0,0.0,1.0
2017-05-05,24.02,24.09,23.9,24.01,22.4184,49006.0,0.0,1.0
2017-05-08,24.02,24.13,24.0,24.06,22.4651,50859.0,0.0,1.0
2017-05-09,24.14,24.14,24.0,24.09,22.4931,21595.0,0.0,1.0
2017-05-10,24.16,24.165,24.0538,24.06,22.4651,42550.0,0.0,1.0
2017-05-11,24.0828,24.2,24.07,24.18,22.5772,26529.0,0.0,1.0
2017-05-12,24.0,24.1147,24.0,24.07,22.4744,13959.0,0.0,1.0
2017-05-15,24.14,24.19,24.09,24.19,22.5865,16241.0,0.0,1.0
2017-05-16,24.1479,24.2,24.1255,24.1255,22.5263,12698.0,0.0,1.0
2017-05-17,24.22,24.22,24.01,24.01,22.4184,15893.0,0.0,1.0
2017-05-18,23.99,24.1199,23.99,24.03,22.4371,18974.0,0.0,1.0
2017-05-19,24.06,24.175,24.06,24.13,22.5305,10518.0,0.0,1.0
2017-05-22,24.11,24.11,24.03,24.0799,22.5724,19733.0,0.095,1.0
2017-05-23,24.01,24.128,24.0,24.06,22.5537,14636.0,0.0,1.0
2017-05-24,24.01,24.124,24.01,24.11,22.6006,6191.0,0.0,1.0
2017-05-25,24.11,24.1599,24.0308,24.0308,22.5264,11262.0,0.0,1.0
2017-05-26,24.13,24.13,24.04,24.04,22.535,7064.0,0.0,1.0
2017-05-30,24.01,24.0499,23.95,23.98,22.4787,29047.0,0.0,1.0
2017-05-31,23.97,24.025,23.97,24.01,22.5069,3923.0,0.0,1.0
2017-06-01,24.06,24.168,24.0,24.1415,22.6301,5237.0,0.0,1.0
2017-06-02,24.11,24.125,24.0706,24.1,22.5912,4431.0,0.0,1.0
2017-06-05,24.18,24.18,24.1,24.1355,22.6245,7516.0,0.0,1.0
2017-06-06,24.1,24.1848,24.1,24.14,22.6287,8649.0,0.0,1.0
2017-06-07,24.25,24.25,24.1,24.1126,22.603,16990.0,0.0,1.0
2017-06-08,24.07,24.1899,24.07,24.13,22.6194,16551.0,0.0,1.0
2017-06-09,24.08,24.2007,24.08,24.11,22.6006,11965.0,0.0,1.0
2017-06-12,24.09,24.09,24.0,24.02,22.5162,6634.0,0.0,1.0
2017-06-13,24.3,24.3,24.0559,24.07,22.5631,17723.0,0.0,1.0
2017-06-14,24.1588,24.22,24.08,24.1512,22.6392,11621.0,0.0,1.0
2017-06-15,24.21,24.22,24.09,24.16,22.6475,13729.0,0.0,1.0
2017-06-16,24.19,24.19,24.0401,24.17,22.6569,18105.0,0.0,1.0
2017-06-19,24.33,24.33,24.05,24.0779,22.5705,23444.0,0.0,1.0
2017-06-20,24.1255,24.2,24.1,24.1359,22.6249,10843.0,0.0,1.0
2017-06-21,24.16,24.1774,24.0401,24.06,22.5537,14683.0,0.0,1.0
2017-06-22,24.14,24.14,24.06,24.09,22.5819,23294.0,0.0,1.0
2017-06-23,24.15,24.15,24.1067,24.13,22.6194,11026.0,0.0,1.0
2017-06-26,24.02,24.07,23.98,24.0425,22.6264,26834.0,0.095,1.0
2017-06-27,23.99,24.1486,23.95,23.95,22.5393,26587.0,0.0,1.0
2017-06-28,23.95,24.14,23.941,24.1,22.6805,31851.0,0.0,1.0
2017-06-29,24.05,24.145,23.95,24.01,22.5958,25435.0,0.0,1.0
2017-06-30,24.01,24.1,24.0,24.04,22.624,12983.0,0.0,1.0
2017-07-03,24.03,24.12,24.01,24.0554,22.6385,9762.0,0.0,1.0
2017-07-05,24.12,24.12,24.05,24.0747,22.6567,13949.0,0.0,1.0
2017-07-06,24.25,24.25,24.02,24.02,22.6052,11904.0,0.0,1.0
2017-07-07,24.095,24.21,24.04,24.048,22.6316,35122.0,0.0,1.0
2017-07-10,24.04,24.168,24.04,24.05,22.6334,18178.0,0.0,1.0
2017-07-11,24.0599,24.12,24.0599,24.11,22.6899,15938.0,0.0,1.0
2017-07-12,24.03,24.1316,24.03,24.07,22.6523,10095.0,0.0,1.0
2017-07-13,24.12,24.18,24.102,24.124,22.7031,15000.0,0.0,1.0
2017-07-14,24.25,24.25,24.06,24.1172,22.6967,5544.0,0.0,1.0
2017-07-17,24.037,24.199,24.037,24.12,22.6993,14401.0,0.0,1.0
2017-07-18,24.25,24.25,24.1151,24.17,22.7464,10102.0,0.0,1.0
2017-07-19,24.25,24.25,24.1257,24.15,22.7276,32398.0,0.0,1.0
2017-07-20,24.25,24.25,24.1213,24.19,22.7652,14503.0,0.0,1.0
2017-07-21,24.22,24.242,24.15,24.22,22.7934,18290.0,0.0,1.0
2017-07-24,24.1,24.27,24.0772,24.09,22.7581,27325.0,0.0925,1.0
2017-07-25,24.1,24.18,24.084,24.16,22.8243,15774.0,0.0,1.0
2017-07-26,24.11,24.17,24.1,24.1626,22.8267,10671.0,0.0,1.0
2017-07-27,24.1428,24.19,24.09,24.16,22.8243,9890.0,0.0,1.0
2017-07-28,24.1,24.24,24.1,24.13,22.7959,26765.0,0.0,1.0
2017-07-31,24.1554,24.183,24.11,24.12,22.7865,26842.0,0.0,1.0
2017-08-01,24.12,24.1899,24.12,24.1725,22.8361,8495.0,0.0,1.0
2017-08-02,24.14,24.28,24.14,24.18,22.8432,15702.0,0.0,1.0
2017-08-03,24.18,24.242,24.18,24.2078,22.8694,16524.0,0.0,1.0
2017-08-04,24.18,24.22,24.15,24.1746,22.8381,13309.0,0.0,1.0
2017-08-07,24.33,24.33,24.14,24.15,22.8148,13071.0,0.0,1.0
2017-08-08,24.15,24.22,24.12,24.12,22.7865,32623.0,0.0,1.0
2017-08-09,24.12,24.1528,22.99,24.0224,22.6943,487022.0,0.0,1.0
2017-08-10,24.08,24.08,23.93,23.94,22.6164,22805.0,0.0,1.0
2017-08-11,23.93,24.01,23.93,23.99,22.6637,22571.0,0.0,1.0
2017-08-14,23.9785,24.12,23.955,24.06,22.7298,25514.0,0.0,1.0
2017-08-15,24.1135,24.15,24.05,24.09,22.7581,10174.0,0.0,1.0
2017-08-16,24.05,24.138,24.038,24.1,22.7676,6983.0,0.0,1.0
2017-08-17,24.2,24.2,24.0,24.0,22.6731,14058.0,0.0,1.0
2017-08-18,24.0,24.0693,24.0,24.0,22.6731,10480.0,0.0,1.0
2017-08-21,24.0,24.0,23.92,23.9552,22.7158,18226.0,0.09,1.0
2017-08-22,23.98,23.98,23.871,23.93,22.6919,18422.0,0.0,1.0
2017-08-23,23.81,23.88,23.81,23.8545,22.6203,55040.0,0.0,1.0
2017-08-24,23.85,23.95,23.85,23.9001,22.6636,31967.0,0.0,1.0
2017-08-25,23.95,24.0,23.9,23.92,22.6824,24226.0,0.0,1.0
2017-08-28,23.91,23.9678,23.9,23.95,22.7109,5901.0,0.0,1.0
2017-08-29,23.91,23.94,23.761,23.94,22.7014,6572.0,0.0,1.0
2017-08-30,23.83,23.9093,23.82,23.85,22.6161,14350.0,0.0,1.0
2017-08-31,23.9,23.9351,23.86,23.8985,22.662,11110.0,0.0,1.0
2017-09-01,23.94,23.96,23.89,23.93,22.6919,11416.0,0.0,1.0
2017-09-05,23.898,23.96,23.8701,23.951,22.7118,12018.0,0.0,1.0
2017-09-06,23.8907,23.9406,23.88,23.91,22.673,8589.0,0.0,1.0
2017-09-07,23.9665,24.0,23.95,24.0,22.7583,15992.0,0.0,1.0
2017-09-08,23.991,23.991,23.95,23.98,22.7393,8837.0,0.0,1.0
2017-09-11,23.9101,23.999,23.9101,23.9432,22.7044,2746.0,0.0,1.0
2017-09-12,23.9713,23.9899,23.9696,23.9712,22.731,5170.0,0.0,1.0
2017-09-13,24.0,24.049,23.9379,23.9809,22.7402,9481.0,0.0,1.0
2017-09-14,23.9904,24.029,23.9756,24.029,22.7858,4523.0,0.0,1.0
2017-09-15,23.96,24.1,23.94,24.1,22.8531,33685.0,0.0,1.0
2017-09-18,24.11,24.11,24.03,24.0342,22.7907,13213.0,0.0,1.0
2017-09-19,24.02,24.2,24.01,24.17,22.9195,35757.0,0.0,1.0
2017-09-20,24.25,24.25,24.131,24.18,22.929,21825.0,0.0,1.0
2017-09-21,24.1614,24.229,24.1,24.18,22.929,11920.0,0.0,1.0
2017-09-22,24.18,24.19,24.1,24.14,22.8911,14855.0,0.0,1.0
2017-09-25,24.156,24.156,24.0,24.0828,22.8368,17368.0,0.0,1.0
2017-09-26,24.01,24.069,23.98,23.98,22.8389,7615.0,0.105,1.0
2017-09-27,24.03,24.11,23.961,24.05,22.9056,13555.0,0.0,1.0
2017-09-28,24.09,24.18,24.02,24.17,23.0199,24206.0,0.0,1.0
2017-09-29,24.11,24.165,24.0,24.133,22.9846,45656.0,0.0,1.0
2017-10-02,24.08,24.17,24.05,24.15,23.0008,27428.0,0.0,1.0
2017-10-03,24.1,24.179,24.1,24.15,23.0008,25383.0,0.0,1.0
2017-10-04,24.18,24.18,24.1,24.1438,22.9949,8066.0,0.0,1.0
2017-10-05,24.14,24.27,24.14,24.1931,23.0419,28572.0,0.0,1.0
2017-10-06,24.19,24.268,24.14,24.17,23.0199,24934.0,0.0,1.0
2017-10-09,24.1,24.31,24.1,24.17,23.0199,22711.0,0.0,1.0
2017-10-10,24.225,24.32,24.12,24.201,23.0494,26719.0,0.0,1.0
2017-10-11,24.21,24.3199,24.1852,24.24,23.0865,21444.0,0.0,1.0
2017-10-12,24.36,24.36,24.21,24.22,23.0675,25600.0,0.0,1.0
2017-10-13,24.2,24.29,24.1701,24.1848,23.034,25238.0,0.0,1.0
2017-10-16,24.18,24.2,24.16,24.2,23.0484,16336.0,0.0,1.0
2017-10-17,24.2,24.27,24.16,24.26,23.1056,11188.0,0.0,1.0
2017-10-18,24.4,24.4,24.2,24.3,23.1437,32672.0,0.0,1.0
2017-10-19,24.205,24.326,24.205,24.28,23.1246,21252.0,0.0,1.0
2017-10-20,24.23,24.3,24.23,24.2862,23.1305,6270.0,0.0,1.0
2017-10-23,24.25,24.374,24.24,24.24,23.0865,10557.0,0.0,1.0
2017-10-24,24.27,24.3599,24.14,24.18,23.127,48973.0,0.1025,1.0
2017-10-25,24.41,24.41,24.1288,24.21,23.1557,45665.0,0.0,1.0
2017-10-26,24.3,24.3,24.174,24.24,23.1844,14588.0,0.0,1.0
2017-10-27,24.15,24.299,24.07,24.18,23.127,22902.0,0.0,1.0
2017-10-30,24.179,24.21,24.142,24.2,23.1461,13606.0,0.0,1.0
2017-10-31,24.19,24.21,24.15,24.19,23.1366,17468.0,0.0,1.0
2017-11-01,24.199,24.28,24.08,24.27,23.2131,52726.0,0.0,1.0
2017-11-02,24.32,24.32,24.1995,24.21,23.1557,42573.0,0.0,1.0
2017-11-03,24.32,24.32,24.2,24.24,23.1844,17490.0,0.0,1.0
2017-11-06,24.37,24.37,24.17,24.22,23.1653,134695.0,0.0,1.0
2017-11-07,24.18,24.3479,24.1201,24.22,23.1653,421980.0,0.0,1.0
2017-11-08,24.22,24.22,24.095,24.13,23.0792,66777.0,0.0,1.0
2017-11-09,24.07,24.2399,24.0,24.0,22.9548,30551.0,0.0,1.0
2017-11-10,24.05,24.1167,24.036,24.07,23.0218,24579.0,0.0,1.0
2017-11-13,24.01,24.1645,24.01,24.08,23.0314,23147.0,0.0,1.0
2017-11-14,24.08,24.116,24.01,24.05,23.0027,39667.0,0.0,1.0
2017-11-15,24.05,24.12,23.98,24.04,22.9931,70073.0,0.0,1.0
2017-11-16,24.2099,24.2099,24.0338,24.19,23.1366,314822.0,0.0,1.0
2017-11-17,24.274,24.2899,24.1001,24.18,23.127,61410.0,0.0,1.0
2017-11-20,24.14,24.2599,24.1001,24.1624,23.1102,37495.0,0.0,1.0
2017-11-21,24.11,24.139,23.9701,24.1,23.139,30281.0,0.0925,1.0
2017-11-22,24.3,24.3,24.06,24.06,23.1006,74733.0,0.0,1.0
2017-11-24,24.14,24.16,24.0886,24.1,23.139,2689.0,0.0,1.0
2017-11-27,24.12,24.189,24.032,24.09,23.1294,44977.0,0.0,1.0
2017-11-28,24.06,24.3,24.03,24.03,23.0718,37378.0,0.0,1.0
2017-11-29,24.24,24.24,24.01,24.11,23.1486,36271.0,0.0,1.0
2017-11-30,24.01,24.19,24.01,24.12,23.1582,26652.0,0.0,1.0
2017-12-01,24.13,24.1491,24.03,24.08,23.1198,18007.0,0.0,1.0
2017-12-04,24.1013,24.16,24.0891,24.12,23.1582,30575.0,0.0,1.0
2017-12-05,24.17,24.29,24.13,24.13,23.1678,72633.0,0.0,1.0
2017-12-06,24.14,24.2788,24.12,24.12,23.1582,51765.0,0.0,1.0
2017-12-07,24.12,24.3,24.12,24.12,23.1582,28093.0,0.0,1.0
2017-12-08,24.14,24.24,24.12,24.12,23.1582,44307.0,0.0,1.0
2017-12-11,24.11,24.2199,24.11,24.1502,23.1872,26606.0,0.0,1.0
2017-12-12,24.14,24.2,24.1211,24.16,23.1966,43410.0,0.0,1.0
2017-12-13,24.14,24.18,24.08,24.08,23.1198,103017.0,0.0,1.0
2017-12-14,24.3,24.3,24.08,24.1152,23.1536,57182.0,0.0,1.0
2017-12-15,24.21,24.21,24.08,24.13,23.1678,36251.0,0.0,1.0
2017-12-18,24.26,24.26,24.12,24.16,23.1966,53780.0,0.0,1.0
2017-12-19,24.26,24.2691,24.111,24.2197,23.2539,53667.0,0.0,1.0
2017-12-20,24.24,24.32,24.1447,24.25,23.283,58619.0,0.0,1.0
2017-12-21,24.32,24.32,24.15,24.16,23.1966,50774.0,0.0,1.0
2017-12-22,24.19,24.27,24.1773,24.2,23.235,18310.0,0.0,1.0
2017-12-26,24.2,24.2,24.0901,24.1265,23.2614,29128.0,0.101,1.0
2017-12-27,24.18,24.18,24.07,24.1,23.2358,44064.0,0.0,1.0
2017-12-28,24.2,24.289,24.11,24.12,23.2551,34973.0,0.0,1.0
2017-12-29,24.07,24.1731,24.04,24.16,23.2937,30052.0,0.0,1.0
2018-01-02,24.15,24.26,24.09,24.1,23.2358,62892.0,0.0,1.0
2018-01-03,24.2,26.52,24.1167,24.24,23.3708,403901.0,0.0,1.0
2018-01-04,24.34,26.5,24.2583,24.33,23.4576,288366.0,0.0,1.0
2018-01-05,24.72,24.72,24.18,24.23,23.3611,213040.0,0.0,1.0
2018-01-08,24.44,24.44,24.23,24.25,23.3804,156147.0,0.0,1.0
2018-01-09,24.21,24.26,24.1783,24.24,23.3708,127277.0,0.0,1.0
2018-01-10,24.36,24.36,24.12,24.12,23.2551,212539.0,0.0,1.0
2018-01-11,24.12,24.24,24.12,24.18,23.3129,23396.0,0.0,1.0
2018-01-12,24.28,24.28,24.13,24.16,23.2937,121221.0,0.0,1.0
2018-01-16,24.19,24.25,24.16,24.1801,23.313,98565.0,0.0,1.0
2018-01-17,24.3,24.3,24.188,24.24,23.3708,42192.0,0.0,1.0
2018-01-18,24.33,24.33,24.2,24.22,23.3515,62852.0,0.0,1.0
2018-01-19,24.23,24.28,24.23,24.266,23.3959,74606.0,0.0,1.0
2018-01-22,24.38,24.38,24.25,24.2675,23.3973,42272.0,0.0,1.0
2018-01-23,24.28,24.28,24.145,24.22,23.4383,66558.0,0.09,1.0
2018-01-24,24.26,24.3,24.16,24.21,23.4286,87791.0,0.0,1.0
2018-01-25,24.3,24.3,24.18,24.195,23.4141,45682.0,0.0,1.0
2018-01-26,24.27,24.29,24.224,24.26,23.477,50619.0,0.0,1.0
2018-01-29,24.34,24.34,24.2,24.2,23.4189,1246228.0,0.0,1.0
2018-01-30,24.25,24.258,24.1598,24.17,23.3899,74701.0,0.0,1.0
2018-01-31,24.29,24.29,24.1701,24.23,23.448,79138.0,0.0,1.0
2018-02-01,24.12,24.289,24.12,24.2,23.4189,37158.0,0.0,1.0
2018-02-02,24.16,24.25,24.07,24.08,23.3028,55132.0,0.0,1.0
2018-02-05,24.24,24.24,23.8,23.93,23.1576,96843.0,0.0,1.0
2018-02-06,23.95,24.16,23.87,24.115,23.3367,118915.0,0.0,1.0
2018-02-07,24.13,24.13,23.993,24.02,23.2447,49634.0,0.0,1.0
2018-02-08,23.9155,23.99,23.8515,23.9,23.1286,32495.0,0.0,1.0
2018-02-09,24.0349,24.089,23.4903,23.74,22.9738,80108.0,0.0,1.0
2018-02-12,23.64,23.937,23.6,23.82,23.0512,69266.0,0.0,1.0
2018-02-13,23.94,23.94,23.83,23.8824,23.1116,26299.0,0.0,1.0
2018-02-14,23.86,24.0,23.86,24.0,23.2254,54764.0,0.0,1.0
2018-02-15,24.0,24.12,23.9651,24.12,23.3415,22021.0,0.0,1.0
2018-02-16,24.2,24.2,24.0412,24.18,23.3996,41503.0,0.0,1.0
2018-02-20,24.32,24.32,23.9928,24.02,23.3318,47380.0,0.09,1.0
2018-02-21,24.06,24.13,23.96,24.06,23.3707,111170.0,0.0,1.0
2018-02-22,24.06,24.11,23.8,23.85,23.1667,81578.0,0.0,1.0
2018-02-23,23.93,24.05,23.8701,24.02,23.3318,59847.0,0.0,1.0
2018-02-26,23.97,24.1099,23.97,24.06,23.3707,66886.0,0.0,1.0
2018-02-27,24.11,24.13,24.016,24.12,23.429,90633.0,0.0,1.0
2018-02-28,24.07,24.15,24.04,24.09,23.3998,108094.0,0.0,1.0
2018-03-01,24.09,24.09,23.9598,23.98,23.293,40729.0,0.0,1.0
2018-03-02,23.9478,24.09,23.87,23.9951,23.3076,45993.0,0.0,1.0
2018-03-05,24.07,24.07,23.948,24.0214,23.3332,29444.0,0.0,1.0
2018-03-06,24.09,24.09,24.0,24.06,23.3707,228862.0,0.0,1.0
2018-03-07,24.08,24.0899,23.9601,24.03,23.3415,38659.0,0.0,1.0
2018-03-08,24.06,24.06,23.971,24.05,23.361,34232.0,0.0,1.0
2018-03-09,24.05,24.16,24.0109,24.1345,23.443,63257.0,0.0,1.0
2018-03-12,24.13,24.13,24.05,24.1,23.4095,37391.0,0.0,1.0
2018-03-13,24.17,24.17,24.01,24.04,23.3513,62148.0,0.0,1.0
2018-03-14,24.0709,24.119,24.04,24.04,23.3513,18725.0,0.0,1.0
2018-03-15,24.01,24.12,24.01,24.09,23.3998,25694.0,0.0,1.0
2018-03-16,24.12,24.12,24.03,24.03,23.3415,23871.0,0.0,1.0
2018-03-19,24.07,24.09,23.96,24.0452,23.3563,46741.0,0.0,1.0
2018-03-20,24.05,24.05,23.9,23.9306,23.3373,32466.0,0.095,1.0
2018-03-21,24.02,24.02,23.93,23.97,23.3757,36516.0,0.0,1.0
2018-03-22,23.9,24.0386,23.84,23.86,23.2684,118478.0,0.0,1.0
2018-03-23,23.93,23.9799,23.77,23.8,23.2099,75696.0,0.0,1.0
2018-03-26,23.9,23.92,23.85,23.92,23.3269,38159.0,0.0,1.0
2018-03-27,23.92,23.95,23.82,23.82,23.2294,33090.0,0.0,1.0
2018-03-28,23.88,23.93,23.7863,23.93,23.3367,66151.0,0.0,1.0
2018-03-29,23.93,23.96,23.84,23.9,23.3074,77021.0,0.0,1.0
2018-04-02,24.02,24.02,23.8498,23.9,23.3074,191872.0,0.0,1.0
2018-04-03,23.98,23.98,23.86,23.92,23.3269,201030.0,0.0,1.0
2018-04-04,23.87,23.9892,23.86,23.92,23.3269,36553.0,0.0,1.0
2018-04-05,23.96,24.0,23.87,23.97,23.3757,156600.0,0.0,1.0
2018-04-06,24.02,24.02,23.85,23.91,23.3172,167144.0,0.0,1.0
2018-04-09,23.99,24.0,23.9,24.0,23.4049,1290072.0,0.0,1.0
2018-04-10,23.98,24.04,23.921,24.04,23.444,44564.0,0.0,1.0
2018-04-11,24.07,24.08,24.02,24.05,23.4537,51872.0,0.0,1.0
2018-04-12,24.09,24.14,24.05,24.14,23.5415,215222.0,0.0,1.0
2018-04-13,24.14,24.18,24.1,24.13,23.5317,41397.0,0.0,1.0
2018-04-16,24.16,24.18,24.11,24.16,23.561,175249.0,0.0,1.0
2018-04-17,24.22,24.23,24.14,24.15,23.5512,177249.0,0.0,1.0
2018-04-18,24.24,24.24,24.15,24.17,23.5707,86219.0,0.0,1.0
2018-04-19,24.15,24.192,24.1098,24.18,23.5805,108448.0,0.0,1.0
2018-04-20,24.24,24.24,24.1065,24.13,23.5317,96385.0,0.0,1.0
2018-04-23,24.1067,24.19,24.081,24.1325,23.5342,48556.0,0.0,1.0
2018-04-24,24.07,24.1805,23.96,23.96,23.4586,110229.0,0.095,1.0
2018-04-25,23.97,24.084,23.958,24.02,23.5173,355729.0,0.0,1.0
2018-04-26,24.04,24.103,23.931,24.02,23.5173,34783.0,0.0,1.0
2018-04-27,24.02,24.04,23.96,24.04,23.5369,21664.0,0.0,1.0
2018-04-30,24.0,24.088,23.96,23.96,23.4586,74756.0,0.0,1.0
2018-05-01,24.02,24.05,23.97,24.04,23.5369,168340.0,0.0,1.0
2018-05-02,24.08,24.11,23.99,24.02,23.5173,90161.0,0.0,1.0
2018-05-03,24.2,24.2,23.98,24.04,23.5369,45639.0,0.0,1.0
2018-05-04,24.02,24.1324,23.971,24.0928,23.5886,66978.0,0.0,1.0
2018-05-07,24.06,24.159,24.06,24.12,23.6152,91477.0,0.0,1.0
2018-05-08,24.12,24.19,24.09,24.12,23.6152,97252.0,0.0,1.0
2018-05-09,24.2,24.2316,24.08,24.19,23.6838,103578.0,0.0,1.0
2018-05-10,24.22,24.22,24.1158,24.14,23.6348,71667.0,0.0,1.0
2018-05-11,24.24,24.24,24.1,24.12,23.6152,54670.0,0.0,1.0
2018-05-14,24.16,24.2299,24.05,24.11,23.6054,50753.0,0.0,1.0
2018-05-15,24.18,24.2,24.0595,24.063,23.5594,45375.0,0.0,1.0
2018-05-16,24.16,24.16,24.0296,24.13,23.625,82168.0,0.0,1.0
2018-05-17,24.12,24.14,24.08,24.13,23.625,70643.0,0.0,1.0
2018-05-18,24.14,24.14,24.079,24.1,23.5957,95951.0,0.0,1.0
2018-05-21,24.14,24.1599,24.0755,24.14,23.6348,293521.0,0.0,1.0
2018-05-22,24.14,24.2174,24.065,24.1,23.6887,79287.0,0.095,1.0
2018-05-23,24.15,24.169,24.04,24.1,23.6887,142473.0,0.0,1.0
2018-05-24,24.1,24.139,24.0,24.1,23.6887,93033.0,0.0,1.0
2018-05-25,24.05,24.072,23.96,23.97,23.5609,102478.0,0.0,1.0
2018-05-29,24.01,24.01,23.81,23.81,23.4036,106439.0,0.0,1.0
2018-05-30,23.81,23.93,23.81,23.92,23.5117,89715.0,0.0,1.0
2018-05-31,24.04,24.04,23.92,23.98,23.5707,26345.0,0.0,1.0
2018-06-01,23.9798,24.19,23.92,24.19,23.7771,152507.0,0.0,1.0
2018-06-04,24.3,24.3,23.9421,24.01,23.6002,64329.0,0.0,1.0
2018-06-05,24.18,24.18,23.96,24.03,23.6199,43662.0,0.0,1.0
2018-06-06,24.14,24.14,24.01,24.05,23.6395,75437.0,0.0,1.0
2018-06-07,24.14,24.14,23.9959,24.08,23.669,77598.0,0.0,1.0
2018-06-08,24.16,24.16,23.99,24.03,23.6199,109032.0,0.0,1.0
2018-06-11,24.13,24.13,24.0298,24.1,23.6887,188156.0,0.0,1.0
2018-06-12,24.14,24.15,24.05,24.14,23.728,774807.0,0.0,1.0
2018-06-13,24.16,24.19,24.1261,24.14,23.728,34965.0,0.0,1.0
2018-06-14,24.16,24.23,24.15,24.22,23.8066,79279.0,0.0,1.0
2018-06-15,24.28,24.28,24.13,24.1648,23.7524,81020.0,0.0,1.0
2018-06-18,24.16,24.19,24.14,24.17,23.7575,167866.0,0.0,1.0
2018-06-19,24.19,24.21,24.13,24.18,23.7673,68572.0,0.0,1.0
2018-06-20,24.2,24.2228,24.12,24.21,23.7968,59971.0,0.0,1.0
2018-06-21,24.23,24.4,24.11,24.1385,23.7265,202770.0,0.0,1.0
2018-06-22,24.18,24.18,24.12,24.13,23.7182,31259.0,0.0,1.0
2018-06-25,24.05,24.0635,23.96,23.9899,23.6787,118793.0,0.1,1.0
2018-06-26,23.96,23.9999,23.95,23.99,23.6788,51958.0,0.0,1.0
2018-06-27,23.97,23.98,23.94,23.9436,23.633,170967.0,0.0,1.0
2018-06-28,23.98,23.98,23.867,23.9,23.59,89894.0,0.0,1.0
2018-06-29,23.95,23.99,23.88,23.92,23.6097,125136.0,0.0,1.0
2018-07-02,23.9,23.9399,23.73,23.85,23.5407,170985.0,0.0,1.0
2018-07-03,23.88,23.94,23.8362,23.8798,23.5701,38422.0,0.0,1.0
2018-07-05,23.94,23.94,23.87,23.94,23.6295,77165.0,0.0,1.0
2018-07-06,23.94,23.98,23.93,23.95,23.6394,56877.0,0.0,1.0
2018-07-09,24.0,24.04,23.97,24.0324,23.7207,149056.0,0.0,1.0
2018-07-10,24.05,24.05,23.96,23.96,23.6492,71144.0,0.0,1.0
2018-07-11,23.98,24.0926,23.97,24.005,23.6936,44002.0,0.0,1.0
2018-07-12,23.98,24.05,23.95,24.015,23.7035,55074.0,0.0,1.0
2018-07-13,24.05,24.06,24.0,24.045,23.7331,25512.0,0.0,1.0
2018-07-16,24.0,24.0698,24.0,24.04,23.7282,32697.0,0.0,1.0
2018-07-17,24.0,24.09,24.0,24.06,23.7479,57424.0,0.0,1.0
2018-07-18,24.12,24.12,24.04,24.0787,23.7664,29020.0,0.0,1.0
2018-07-19,24.12,24.12,24.01,24.04,23.7282,34201.0,0.0,1.0
2018-07-20,24.16,24.16,24.02,24.09,23.7775,261856.0,0.0,1.0
2018-07-23,24.1,24.11,24.04,24.11,23.7973,29213.0,0.0,1.0
2018-07-24,24.03,24.11,23.977,24.01,23.7973,105917.0,0.1,1.0
2018-07-25,23.98,24.0812,23.93,24.02,23.8072,148078.0,0.0,1.0
2018-07-26,24.13,24.13,24.0091,24.08,23.8667,57435.0,0.0,1.0
2018-07-27,24.1,24.16,24.042,24.09,23.8766,42366.0,0.0,1.0
2018-07-30,24.11,24.13,24.03,24.06,23.8468,56497.0,0.0,1.0
2018-07-31,24.13,24.13,24.062,24.08,23.8667,32414.0,0.0,1.0
2018-08-01,24.2,24.2,24.08,24.09,23.8766,36561.0,0.0,1.0
2018-08-02,24.08,24.17,24.08,24.11,23.8964,49160.0,0.0,1.0
2018-08-03,24.15,24.18,24.1,24.14,23.9261,49307.0,0.0,1.0
2018-08-06,24.14,24.18,24.09,24.1624,23.9483,135084.0,0.0,1.0
2018-08-07,24.18,24.233,24.17,24.18,23.9658,51498.0,0.0,1.0
2018-08-08,24.24,24.24,24.12,24.18,23.9658,156272.0,0.0,1.0
2018-08-09,24.16,24.18,24.106,24.109,23.8954,79725.0,0.0,1.0
2018-08-10,24.01,24.1499,24.01,24.07,23.8567,57627.0,0.0,1.0
2018-08-13,24.1,24.1277,24.07,24.08,23.8667,48059.0,0.0,1.0
2018-08-14,24.07,24.1699,24.03,24.12,23.9063,60862.0,0.0,1.0
2018-08-15,24.12,24.1399,24.0398,24.0586,23.8454,50676.0,0.0,1.0
2018-08-16,24.06,24.1538,24.06,24.0963,23.8828,29027.0,0.0,1.0
2018-08-17,24.18,24.18,24.04,24.071,23.8577,39975.0,0.0,1.0
2018-08-20,24.18,24.18,24.05,24.09,23.8766,119408.0,0.0,1.0
2018-08-21,24.07,24.0855,23.99,24.06,23.9509,77815.0,0.105,1.0
2018-08-22,24.07,24.1999,24.02,24.02,23.9111,61753.0,0.0,1.0
2018-08-23,24.0,24.08,24.0,24.02,23.9111,60919.0,0.0,1.0
2018-08-24,24.04,24.05,24.001,24.05,23.941,35849.0,0.0,1.0
2018-08-27,24.04,24.11,24.0,24.1,23.9907,87524.0,0.0,1.0
2018-08-28,24.12,24.12,24.0681,24.09,23.9808,41739.0,0.0,1.0
2018-08-29,24.14,24.14,24.068,24.1,23.9907,51461.0,0.0,1.0
2018-08-30,24.14,24.14,24.0619,24.0619,23.9528,159197.0,0.0,1.0
2018-08-31,24.12,24.14,24.055,24.07,23.9609,88143.0,0.0,1.0
2018-09-04,24.11,24.12,24.0316,24.12,24.0106,68077.0,0.0,1.0
2018-09-05,24.11,24.11,24.04,24.06,23.9509,101832.0,0.0,1.0
2018-09-06,24.07,24.1,24.03,24.06,23.9509,195920.0,0.0,1.0
2018-09-07,24.08,24.12,24.07,24.095,23.9857,160271.0,0.0,1.0
2018-09-10,24.1,24.15,24.09,24.1336,24.0242,80901.0,0.0,1.0
2018-09-11,24.15,24.19,24.1244,24.18,24.0704,76441.0,0.0,1.0
2018-09-12,24.19,24.2,24.14,24.2,24.0903,95038.0,0.0,1.0
2018-09-13,24.2,24.25,24.1642,24.235,24.1251,62017.0,0.0,1.0
2018-09-14,24.3,24.3,24.1953,24.24,24.1301,41300.0,0.0,1.0
2018-09-17,24.09,24.299,24.09,24.24,24.1301,54659.0,0.0,1.0
2018-09-18,24.42,24.42,24.15,24.24,24.1301,100109.0,0.0,1.0
2018-09-19,24.28,24.3591,24.17,24.2337,24.1238,148391.0,0.0,1.0
2018-09-20,24.26,24.31,24.18,24.24,24.1301,101284.0,0.0,1.0
2018-09-21,24.31,24.31,24.24,24.25,24.14,109490.0,0.0,1.0
2018-09-24,24.29,24.29,24.2116,24.25,24.14,265364.0,0.0,1.0
2018-09-25,24.15,24.2353,24.14,24.15,24.15,208286.0,0.11,1.0
2018-09-26,24.19,24.23,24.1284,24.1728,24.1728,176233.0,0.0,1.0
2018-09-27,24.23,24.23,24.15,24.21,24.21,42506.0,0.0,1.0
2018-09-28,24.36,24.36,24.16,24.21,24.21,146642.0,0.0,1.0
2018-10-01,24.24,24.3499,24.2,24.24,24.24,61943.0,0.0,1.0
2018-10-02,24.18,24.28,24.18,24.22,24.22,86160.0,0.0,1.0
2018-10-03,24.2,24.309,24.2,24.26,24.26,130546.0,0.0,1.0
2018-10-04,24.25,24.25,24.15,24.18,24.18,139956.0,0.0,1.0
2018-10-05,24.19,24.2,24.12,24.145,24.145,136122.0,0.0,1.0
2018-10-08,24.37,24.37,24.14,24.16,24.16,82853.0,0.0,1.0
2018-10-09,24.34,24.34,24.1,24.1435,24.1435,170081.0,0.0,1.0
2018-10-10,24.1,24.1299,24.01,24.01,24.01,94460.0,0.0,1.0
2018-10-11,24.13,24.13,24.01,24.02,24.02,104167.0,0.0,1.0
