date,1. open,2. high,3. low,4. close,5. adjusted close,6. volume,7. dividend amount,8. split coefficient
2013-11-22,5.25,5.5,5.15,5.35,5.35,240400.0,0.0,1.0
2013-11-25,5.17,7.1,5.17,6.9,6.9,209200.0,0.0,1.0
2013-11-26,6.7,7.77,6.58,6.96,6.96,170500.0,0.0,1.0
2013-11-27,7.0,7.39,6.8105,6.95,6.95,38200.0,0.0,1.0
2013-11-29,7.1,7.1645,6.25,7.0,7.0,63500.0,0.0,1.0
2013-12-02,7.0,7.15,6.5,7.0,7.0,32800.0,0.0,1.0
2013-12-03,6.496,7.17,6.496,7.05,7.05,51700.0,0.0,1.0
2013-12-04,7.01,7.07,6.6201,6.98,6.98,8100.0,0.0,1.0
2013-12-05,7.0,7.0,6.26,6.35,6.35,81700.0,0.0,1.0
2013-12-06,6.21,6.25,5.9,5.95,5.95,28400.0,0.0,1.0
2013-12-09,6.0,6.58,5.8,6.58,6.58,34900.0,0.0,1.0
2013-12-10,6.01,6.5,6.01,6.27,6.27,16900.0,0.0,1.0
2013-12-11,6.3,6.3,6.01,6.1,6.1,16000.0,0.0,1.0
2013-12-12,6.0,6.1,5.7,6.0,6.0,46400.0,0.0,1.0
2013-12-13,5.95,6.0,5.85,5.95,5.95,15200.0,0.0,1.0
2013-12-16,5.96,6.26,5.54,5.77,5.77,23500.0,0.0,1.0
2013-12-17,5.51,5.82,5.4,5.7,5.7,43700.0,0.0,1.0
2013-12-18,5.5499,5.58,5.4201,5.58,5.58,8600.0,0.0,1.0
2013-12-19,5.51,5.65,5.5,5.64,5.64,24600.0,0.0,1.0
2013-12-20,5.7,5.7,5.32,5.4,5.4,27600.0,0.0,1.0
2013-12-23,5.7,5.7,5.43,5.45,5.45,8500.0,0.0,1.0
2013-12-24,5.7,5.7,5.45,5.45,5.45,5900.0,0.0,1.0
2013-12-26,5.5,5.5,5.301,5.48,5.48,13000.0,0.0,1.0
2013-12-27,5.57,5.6,5.35,5.35,5.35,19600.0,0.0,1.0
2013-12-30,5.56,5.64,5.27,5.27,5.27,16900.0,0.0,1.0
2013-12-31,5.4999,5.69,5.25,5.31,5.31,13300.0,0.0,1.0
2014-01-02,5.25,5.5899,5.25,5.4899,5.4899,7000.0,0.0,1.0
2014-01-03,5.4,5.5,5.25,5.31,5.31,9000.0,0.0,1.0
2014-01-06,5.38,5.66,5.3603,5.61,5.61,42700.0,0.0,1.0
2014-01-07,5.65,6.37,5.44,5.84,5.84,67400.0,0.0,1.0
2014-01-08,6.0,7.44,5.95,7.14,7.14,191900.0,0.0,1.0
2014-01-09,7.1,7.88,6.95,7.88,7.88,359000.0,0.0,1.0
2014-01-10,7.91,8.0,7.5003,8.0,8.0,116400.0,0.0,1.0
2014-01-13,8.0,8.34,6.95,7.03,7.03,122300.0,0.0,1.0
2014-01-14,7.02,8.22,7.02,7.77,7.77,148600.0,0.0,1.0
2014-01-15,8.16,8.35,7.42,7.433,7.433,104000.0,0.0,1.0
2014-01-16,7.5,7.8599,7.35,7.45,7.45,26900.0,0.0,1.0
2014-01-17,7.72,7.77,7.274,7.274,7.274,28400.0,0.0,1.0
2014-01-21,7.5,7.551,7.0,7.0,7.0,47600.0,0.0,1.0
2014-01-22,7.19,7.39,6.98,7.03,7.03,14600.0,0.0,1.0
2014-01-23,7.0,7.1,7.0,7.0,7.0,10200.0,0.0,1.0
2014-01-24,7.011,7.24,7.011,7.1,7.1,14500.0,0.0,1.0
2014-01-27,7.22,7.65,6.78,6.82,6.82,34300.0,0.0,1.0
2014-01-28,6.76,7.4,6.75,6.85,6.85,6000.0,0.0,1.0
2014-01-29,6.91,6.99,6.73,6.73,6.73,19400.0,0.0,1.0
2014-01-30,6.72,6.8,6.72,6.77,6.77,9700.0,0.0,1.0
2014-01-31,6.7001,6.75,6.58,6.6,6.6,31500.0,0.0,1.0
2014-02-03,6.9,7.0,6.85,6.91,6.91,26200.0,0.0,1.0
2014-02-04,7.04,7.49,7.01,7.01,7.01,11400.0,0.0,1.0
2014-02-05,7.061,7.16,7.03,7.09,7.09,7500.0,0.0,1.0
2014-02-06,7.01,7.06,6.86,6.88,6.88,26900.0,0.0,1.0
2014-02-07,6.9,6.961,6.9,6.96,6.96,3000.0,0.0,1.0
2014-02-10,6.9794,7.23,6.9001,6.9996,6.9996,10400.0,0.0,1.0
2014-02-11,7.0,7.0,6.86,6.9,6.9,10000.0,0.0,1.0
2014-02-12,6.98,6.98,6.86,6.88,6.88,7500.0,0.0,1.0
2014-02-13,6.98,6.99,6.87,6.98,6.98,8900.0,0.0,1.0
2014-02-14,6.98,7.01,6.894,6.91,6.91,18800.0,0.0,1.0
2014-02-18,6.93,7.1,6.93,6.98,6.98,9000.0,0.0,1.0
2014-02-19,6.85,6.9693,6.8,6.8,6.8,24000.0,0.0,1.0
2014-02-20,6.77,6.91,6.7519,6.82,6.82,6100.0,0.0,1.0
2014-02-21,6.85,7.399,6.85,6.91,6.91,50200.0,0.0,1.0
2014-02-24,7.0,7.0,6.7601,6.9,6.9,15200.0,0.0,1.0
2014-02-25,6.9,8.64,6.9,7.04,7.04,298800.0,0.0,1.0
2014-02-26,7.22,7.67,7.05,7.15,7.15,55900.0,0.0,1.0
2014-02-27,7.41,7.72,7.3401,7.57,7.57,59700.0,0.0,1.0
2014-02-28,7.68,8.25,7.68,7.84,7.84,98100.0,0.0,1.0
2014-03-03,7.85,7.85,7.6,7.79,7.79,18200.0,0.0,1.0
2014-03-04,7.7,7.7,7.5101,7.55,7.55,25000.0,0.0,1.0
2014-03-05,7.84,8.75,7.691,8.65,8.65,137100.0,0.0,1.0
2014-03-06,8.79,9.74,8.34,9.6,9.6,135800.0,0.0,1.0
2014-03-07,8.9,10.6997,8.6597,9.5,9.5,161400.0,0.0,1.0
2014-03-10,9.7,12.59,9.18,11.25,11.25,326200.0,0.0,1.0
2014-03-11,11.78,11.8,9.67,9.75,9.75,157500.0,0.0,1.0
2014-03-12,10.29,10.29,9.67,9.85,9.85,54900.0,0.0,1.0
2014-03-13,10.17,10.188,9.4,9.77,9.77,49900.0,0.0,1.0
2014-03-14,9.92,10.98,9.6804,10.28,10.28,52200.0,0.0,1.0
2014-03-17,10.4,11.2899,10.4,10.94,10.94,65600.0,0.0,1.0
2014-03-18,11.23,11.95,10.7,11.08,11.08,151000.0,0.0,1.0
2014-03-19,11.05,11.2899,9.6307,10.02,10.02,108200.0,0.0,1.0
2014-03-20,10.09,10.77,9.8,10.77,10.77,31900.0,0.0,1.0
2014-03-21,10.75,11.38,10.55,11.02,11.02,117700.0,0.0,1.0
2014-03-24,10.98,11.03,10.61,11.02,11.02,33300.0,0.0,1.0
2014-03-25,10.98,11.0,10.0595,10.22,10.22,44700.0,0.0,1.0
2014-03-26,9.95,10.469,9.01,9.25,9.25,73100.0,0.0,1.0
2014-03-27,9.2,9.41,8.5,9.39,9.39,54400.0,0.0,1.0
2014-03-28,10.05,10.05,8.84,8.87,8.87,35400.0,0.0,1.0
2014-03-31,8.9,8.9,8.0,8.05,8.05,89000.0,0.0,1.0
2014-04-01,7.9,8.5,7.71,8.07,8.07,57900.0,0.0,1.0
2014-04-02,8.1,8.32,7.87,8.26,8.26,12900.0,0.0,1.0
2014-04-03,8.37,9.4996,8.22,8.89,8.89,345800.0,0.0,1.0
2014-04-04,8.97,9.112,8.4,8.48,8.48,109300.0,0.0,1.0
2014-04-07,8.53,8.709,8.02,8.11,8.11,61700.0,0.0,1.0
2014-04-08,8.18,8.9,8.04,8.81,8.81,35200.0,0.0,1.0
2014-04-09,8.98,9.06,8.641,8.925,8.925,25200.0,0.0,1.0
2014-04-10,9.08,9.1,8.41,8.5,8.5,31800.0,0.0,1.0
2014-04-11,8.5,8.587,8.05,8.16,8.16,24600.0,0.0,1.0
2014-04-14,8.27,8.919,8.2,8.26,8.26,38900.0,0.0,1.0
2014-04-15,8.573,8.573,8.1,8.23,8.23,13200.0,0.0,1.0
2014-04-16,8.42,8.42,8.22,8.22,8.22,9800.0,0.0,1.0
2014-04-17,8.18,8.52,8.18,8.3569,8.3569,11800.0,0.0,1.0
2014-04-21,8.48,8.889,8.36,8.69,8.69,21000.0,0.0,1.0
2014-04-22,8.7299,8.7299,8.471,8.68,8.68,6100.0,0.0,1.0
2014-04-23,8.75,8.75,8.52,8.66,8.66,9400.0,0.0,1.0
2014-04-24,8.7,8.769,8.47,8.481,8.481,21900.0,0.0,1.0
2014-04-25,8.42,8.5,8.3,8.301,8.301,10300.0,0.0,1.0
2014-04-28,8.3,8.3,8.1401,8.199,8.199,317500.0,0.0,1.0
2014-04-29,8.17,8.38,8.121,8.379,8.379,5000.0,0.0,1.0
2014-04-30,8.25,8.26,8.02,8.2,8.2,9600.0,0.0,1.0
2014-05-01,8.21,8.21,8.0904,8.18,8.18,10000.0,0.0,1.0
2014-05-02,8.24,8.332,8.2,8.27,8.27,9200.0,0.0,1.0
2014-05-05,8.19,8.21,8.02,8.11,8.11,14300.0,0.0,1.0
2014-05-06,8.2,8.64,8.1301,8.17,8.17,25500.0,0.0,1.0
2014-05-07,8.23,8.47,8.1839,8.4,8.4,20200.0,0.0,1.0
2014-05-08,8.39,8.7,8.39,8.66,8.66,22100.0,0.0,1.0
2014-05-09,8.69,8.69,8.5,8.65,8.65,25100.0,0.0,1.0
2014-05-12,8.69,8.69,8.5,8.56,8.56,12100.0,0.0,1.0
2014-05-13,8.5,8.68,8.306,8.512,8.512,11000.0,0.0,1.0
2014-05-14,8.6,8.67,8.02,8.12,8.12,57900.0,0.0,1.0
2014-05-15,8.16,8.16,7.56,7.91,7.91,62700.0,0.0,1.0
2014-05-16,7.84,8.09,7.011,7.15,7.15,47100.0,0.0,1.0
2014-05-19,7.08,7.29,7.0,7.0101,7.0101,15800.0,0.0,1.0
2014-05-20,7.02,7.25,7.02,7.22,7.22,23900.0,0.0,1.0
2014-05-21,7.22,7.62,7.17,7.545,7.545,12800.0,0.0,1.0
2014-05-22,7.4,7.98,7.325,7.9,7.9,32600.0,0.0,1.0
2014-05-23,7.96,8.19,7.66,8.13,8.13,14400.0,0.0,1.0
2014-05-27,8.11,8.2,7.8,7.8,7.8,13000.0,0.0,1.0
2014-05-28,7.76,7.82,7.49,7.515,7.515,15400.0,0.0,1.0
2014-05-29,7.59,7.8899,7.38,7.53,7.53,22200.0,0.0,1.0
2014-05-30,7.57,7.57,7.01,7.52,7.52,44300.0,0.0,1.0
2014-06-02,7.31,7.45,7.195,7.45,7.45,5700.0,0.0,1.0
2014-06-03,7.37,7.7,7.19,7.69,7.69,9500.0,0.0,1.0
2014-06-04,7.69,7.6995,7.45,7.54,7.54,12000.0,0.0,1.0
2014-06-05,7.75,7.75,7.594,7.75,7.75,8700.0,0.0,1.0
2014-06-06,7.8,8.0,7.6365,7.89,7.89,5100.0,0.0,1.0
2014-06-09,7.85,8.09,7.85,8.0,8.0,12500.0,0.0,1.0
2014-06-10,7.93,8.1,7.8888,7.99,7.99,12700.0,0.0,1.0
2014-06-11,8.0,8.01,7.8501,8.0,8.0,9600.0,0.0,1.0
2014-06-12,8.04,8.101,7.87,7.93,7.93,15300.0,0.0,1.0
2014-06-13,8.0099,8.01,7.93,8.0,8.0,5000.0,0.0,1.0
2014-06-16,7.96,8.05,7.9451,8.05,8.05,7900.0,0.0,1.0
2014-06-17,8.1,8.15,7.94,7.99,7.99,13600.0,0.0,1.0
2014-06-18,7.94,8.06,7.81,7.99,7.99,17300.0,0.0,1.0
2014-06-19,8.04,8.25,7.89,8.11,8.11,39900.0,0.0,1.0
2014-06-20,8.2,8.25,8.0,8.0,8.0,31200.0,0.0,1.0
2014-06-23,8.2,8.5,8.0999,8.44,8.44,46000.0,0.0,1.0
2014-06-24,8.44,9.38,8.44,9.22,9.22,137800.0,0.0,1.0
2014-06-25,9.2,9.31,8.65,8.99,8.99,41600.0,0.0,1.0
2014-06-26,9.03,9.57,9.0,9.53,9.53,45600.0,0.0,1.0
2014-06-27,9.48,9.6,9.06,9.31,9.31,27500.0,0.0,1.0
2014-06-30,9.44,9.5,9.09,9.23,9.23,42600.0,0.0,1.0
2014-07-01,9.21,9.4,8.46,8.54,8.54,51300.0,0.0,1.0
2014-07-02,8.4,8.59,8.25,8.544,8.544,28400.0,0.0,1.0
2014-07-03,8.49,8.726,8.49,8.5999,8.5999,9000.0,0.0,1.0
2014-07-07,8.7299,9.1,8.3,8.55,8.55,13200.0,0.0,1.0
2014-07-08,8.66,8.6601,8.377,8.5,8.5,22800.0,0.0,1.0
2014-07-09,8.52,8.53,8.13,8.34,8.34,23800.0,0.0,1.0
2014-07-10,8.2,8.29,8.09,8.18,8.18,14200.0,0.0,1.0
2014-07-11,8.1001,8.16,8.01,8.12,8.12,12400.0,0.0,1.0
2014-07-14,8.12,8.19,8.011,8.09,8.09,11400.0,0.0,1.0
2014-07-15,8.15,8.231,8.03,8.03,8.03,8900.0,0.0,1.0
2014-07-16,8.07,8.1,7.56,7.79,7.79,89900.0,0.0,1.0
2014-07-17,7.74,7.99,7.63,7.98,7.98,9600.0,0.0,1.0
2014-07-18,7.88,8.0,7.75,7.75,7.75,25300.0,0.0,1.0
2014-07-21,7.75,7.83,7.5,7.65,7.65,8300.0,0.0,1.0
2014-07-22,7.94,7.94,7.65,7.65,7.65,8800.0,0.0,1.0
2014-07-23,7.77,7.91,7.51,7.91,7.91,16400.0,0.0,1.0
2014-07-24,7.83,7.91,7.51,7.51,7.51,29200.0,0.0,1.0
2014-07-25,7.51,7.79,7.29,7.45,7.45,16100.0,0.0,1.0
2014-07-28,7.44,7.44,6.76,7.01,7.01,62400.0,0.0,1.0
2014-07-29,6.91,7.01,6.51,6.75,6.75,39900.0,0.0,1.0
2014-07-30,7.5,9.18,7.49,7.74,7.74,291700.0,0.0,1.0
2014-07-31,7.64,7.8,7.2,7.55,7.55,51100.0,0.0,1.0
2014-08-01,7.65,7.9799,7.4,7.41,7.41,24400.0,0.0,1.0
2014-08-04,7.56,7.8899,7.47,7.83,7.83,17200.0,0.0,1.0
2014-08-05,7.73,7.8,7.43,7.55,7.55,10700.0,0.0,1.0
2014-08-06,7.55,8.49,7.42,8.15,8.15,35800.0,0.0,1.0
2014-08-07,8.25,8.5,8.11,8.4,8.4,23500.0,0.0,1.0
2014-08-08,8.33,8.6958,8.17,8.53,8.53,72300.0,0.0,1.0
2014-08-11,8.54,8.7399,8.3,8.3,8.3,15900.0,0.0,1.0
2014-08-12,8.17,8.4,8.0,8.33,8.33,6700.0,0.0,1.0
2014-08-13,8.07,8.38,8.05,8.2,8.2,17500.0,0.0,1.0
2014-08-14,8.25,8.76,8.25,8.56,8.56,11900.0,0.0,1.0
2014-08-15,8.65,8.75,8.5,8.56,8.56,21800.0,0.0,1.0
2014-08-18,8.56,8.56,8.02,8.24,8.24,21900.0,0.0,1.0
2014-08-19,8.25,8.25,8.13,8.223,8.223,6500.0,0.0,1.0
2014-08-20,8.25,8.25,7.69,8.1,8.1,15700.0,0.0,1.0
2014-08-21,8.104,8.11,7.7,8.0,8.0,23000.0,0.0,1.0
2014-08-22,8.07,8.07,7.73,7.85,7.85,9100.0,0.0,1.0
2014-08-25,7.85,7.91,7.63,7.63,7.63,22300.0,0.0,1.0
2014-08-26,7.62,7.82,7.6,7.78,7.78,6000.0,0.0,1.0
2014-08-27,7.7,7.97,7.7,7.95,7.95,14700.0,0.0,1.0
2014-08-28,8.06,8.06,7.82,8.02,8.02,6900.0,0.0,1.0
2014-08-29,7.85,8.21,7.81,8.04,8.04,6300.0,0.0,1.0
2014-09-02,8.13,8.16,7.85,8.14,8.14,3200.0,0.0,1.0
2014-09-03,8.19,8.19,7.67,7.88,7.88,7500.0,0.0,1.0
2014-09-04,7.7609,8.02,7.7609,7.88,7.88,6000.0,0.0,1.0
2014-09-05,7.96,8.04,7.82,7.85,7.85,8900.0,0.0,1.0
2014-09-08,7.775,7.915,7.775,7.9,7.9,26100.0,0.0,1.0
2014-09-09,7.93,8.2,7.89,8.04,8.04,26200.0,0.0,1.0
2014-09-10,8.05,8.18,8.05,8.15,8.15,8500.0,0.0,1.0
2014-09-11,8.0008,8.08,7.85,7.93,7.93,21500.0,0.0,1.0
2014-09-12,7.9,8.16,7.827,8.16,8.16,12100.0,0.0,1.0
2014-09-15,8.17,8.18,7.87,7.87,7.87,9700.0,0.0,1.0
2014-09-16,7.92,8.0,7.76,7.84,7.84,15600.0,0.0,1.0
2014-09-17,7.98,8.065,7.84,7.9,7.9,29500.0,0.0,1.0
2014-09-18,7.88,7.88,7.6,7.63,7.63,21500.0,0.0,1.0
2014-09-19,7.77,8.45,7.77,8.13,8.13,68500.0,0.0,1.0
2014-09-22,8.11,8.11,7.63,7.7,7.7,42600.0,0.0,1.0
2014-09-23,7.75,7.99,7.66,7.76,7.76,22200.0,0.0,1.0
2014-09-24,7.76,7.79,7.51,7.65,7.65,33800.0,0.0,1.0
2014-09-25,7.64,7.73,7.19,7.45,7.45,26700.0,0.0,1.0
2014-09-26,7.47,7.49,7.25,7.49,7.49,14400.0,0.0,1.0
2014-09-29,7.41,7.6,7.41,7.49,7.49,8200.0,0.0,1.0
2014-09-30,7.5,7.59,7.34,7.55,7.55,15300.0,0.0,1.0
2014-10-01,7.4336,7.5,7.3,7.31,7.31,11700.0,0.0,1.0
2014-10-02,7.34,7.46,7.3,7.33,7.33,9400.0,0.0,1.0
2014-10-03,7.3,7.74,7.3,7.7,7.7,19400.0,0.0,1.0
2014-10-06,7.78,7.8,7.325,7.36,7.36,20200.0,0.0,1.0
2014-10-07,7.41,7.6,7.3491,7.46,7.46,9600.0,0.0,1.0
2014-10-08,7.4999,7.5,7.38,7.39,7.39,9100.0,0.0,1.0
2014-10-09,7.39,7.49,7.31,7.36,7.36,17800.0,0.0,1.0
2014-10-10,7.48,7.5,7.14,7.23,7.23,22400.0,0.0,1.0
2014-10-13,7.2299,7.24,6.67,6.87,6.87,39000.0,0.0,1.0
2014-10-14,6.81,6.87,6.45,6.85,6.85,23400.0,0.0,1.0
2014-10-15,6.81,6.87,5.82,6.52,6.52,57800.0,0.0,1.0
2014-10-16,6.32,6.86,6.32,6.78,6.78,12800.0,0.0,1.0
2014-10-17,6.8,6.8592,6.7,6.73,6.73,20300.0,0.0,1.0
2014-10-20,6.72,6.72,6.3,6.4,6.4,26900.0,0.0,1.0
2014-10-21,6.37,6.8599,6.37,6.59,6.59,7700.0,0.0,1.0
2014-10-22,6.96,7.4999,6.96,7.3,7.3,45200.0,0.0,1.0
2014-10-23,7.42,7.42,6.95,6.95,6.95,45600.0,0.0,1.0
2014-10-24,6.84,7.08,6.84,7.04,7.04,11300.0,0.0,1.0
2014-10-27,7.04,7.04,6.8701,6.92,6.92,5300.0,0.0,1.0
2014-10-28,7.0,7.3,6.89,7.3,7.3,17900.0,0.0,1.0
2014-10-29,7.25,7.47,6.78,7.14,7.14,31800.0,0.0,1.0
2014-10-30,7.14,7.39,7.01,7.38,7.38,22200.0,0.0,1.0
2014-10-31,7.26,7.75,7.04,7.74,7.74,28700.0,0.0,1.0
2014-11-03,7.68,7.77,7.36,7.69,7.69,8000.0,0.0,1.0
2014-11-04,7.27,7.7,7.08,7.69,7.69,20600.0,0.0,1.0
2014-11-05,7.78,7.78,7.45,7.72,7.72,21500.0,0.0,1.0
2014-11-06,7.1101,7.76,7.1101,7.74,7.74,14300.0,0.0,1.0
2014-11-07,7.65,7.76,7.62,7.74,7.74,10800.0,0.0,1.0
2014-11-10,7.72,7.73,6.6679,7.73,7.73,10000.0,0.0,1.0
2014-11-11,8.0,8.0,7.75,7.97,7.97,19400.0,0.0,1.0
2014-11-12,7.8001,7.8001,7.25,7.45,7.45,52400.0,0.0,1.0
2014-11-13,7.4,7.4,7.1,7.3,7.3,12900.0,0.0,1.0
2014-11-14,7.22,7.57,7.18,7.27,7.27,11700.0,0.0,1.0
2014-11-17,7.3,7.3,6.99,7.08,7.08,12900.0,0.0,1.0
2014-11-18,7.03,7.1,6.96,7.015,7.015,14600.0,0.0,1.0
2014-11-19,6.95,7.0,6.73,7.0,7.0,21100.0,0.0,1.0
2014-11-20,6.9,7.0,6.728,7.0,7.0,15700.0,0.0,1.0
2014-11-21,6.95,7.08,6.828,6.97,6.97,3900.0,0.0,1.0
2014-11-24,6.91,7.03,6.86,7.03,7.03,15900.0,0.0,1.0
2014-11-25,7.05,7.32,6.9999,7.32,7.32,13000.0,0.0,1.0
2014-11-26,7.22,7.4,7.2,7.34,7.34,7900.0,0.0,1.0
2014-11-28,7.246,7.45,7.12,7.44,7.44,4000.0,0.0,1.0
2014-12-01,7.26,7.41,7.11,7.41,7.41,11600.0,0.0,1.0
2014-12-02,7.16,7.38,6.9,7.22,7.22,25000.0,0.0,1.0
2014-12-03,7.23,7.23,6.89,7.2,7.2,5900.0,0.0,1.0
2014-12-04,7.27,7.42,6.951,7.13,7.13,10600.0,0.0,1.0
2014-12-05,7.21,7.36,7.21,7.36,7.36,6700.0,0.0,1.0
2014-12-08,7.35,7.35,7.05,7.28,7.28,7500.0,0.0,1.0
2014-12-09,7.07,7.29,7.06,7.29,7.29,9500.0,0.0,1.0
2014-12-10,7.06,7.26,6.94,7.21,7.21,16000.0,0.0,1.0
2014-12-11,7.14,7.21,7.13,7.19,7.19,5200.0,0.0,1.0
2014-12-12,7.1799,7.1799,7.01,7.01,7.01,5400.0,0.0,1.0
2014-12-15,6.92,7.0328,6.88,7.0328,7.0328,16300.0,0.0,1.0
2014-12-16,6.8301,6.97,6.75,6.89,6.89,16300.0,0.0,1.0
2014-12-17,6.95,6.97,6.751,6.83,6.83,16600.0,0.0,1.0
2014-12-18,6.7,7.0,6.7,6.97,6.97,6500.0,0.0,1.0
2014-12-19,6.77,6.98,6.75,6.82,6.82,4600.0,0.0,1.0
2014-12-22,6.75,6.93,6.7,6.76,6.76,9000.0,0.0,1.0
2014-12-23,6.76,6.87,6.65,6.81,6.81,7900.0,0.0,1.0
2014-12-24,6.77,6.97,6.55,6.97,6.97,20100.0,0.0,1.0
2014-12-26,6.78,6.97,6.78,6.97,6.97,6300.0,0.0,1.0
2014-12-29,7.0,7.0,6.76,6.88,6.88,21400.0,0.0,1.0
2014-12-30,6.86,7.19,6.7,7.16,7.16,27300.0,0.0,1.0
2014-12-31,7.15,7.26,6.99,7.26,7.26,9400.0,0.0,1.0
2015-01-02,7.15,7.32,7.15,7.32,7.32,4900.0,0.0,1.0
2015-01-05,7.36,7.36,6.86,7.05,7.05,24000.0,0.0,1.0
2015-01-06,7.03,7.208,7.01,7.09,7.09,8500.0,0.0,1.0
2015-01-07,7.359,7.359,6.9,6.98,6.98,9300.0,0.0,1.0
2015-01-08,6.94,7.04,6.76,6.9,6.9,15400.0,0.0,1.0
2015-01-09,6.81,6.99,6.81,6.99,6.99,3400.0,0.0,1.0
2015-01-12,6.76,7.0,6.76,6.93,6.93,4800.0,0.0,1.0
2015-01-13,6.8,6.9899,6.71,6.71,6.71,21100.0,0.0,1.0
2015-01-14,6.7,6.7,6.5,6.6499,6.6499,15600.0,0.0,1.0
2015-01-15,6.6,6.7,6.5,6.52,6.52,12200.0,0.0,1.0
2015-01-16,6.5,6.5816,6.5,6.5,6.5,6100.0,0.0,1.0
2015-01-20,6.5,6.511,6.48,6.5,6.5,3600.0,0.0,1.0
2015-01-21,6.49,6.57,6.47,6.57,6.57,6700.0,0.0,1.0
2015-01-22,6.63,6.82,6.45,6.599,6.599,12900.0,0.0,1.0
2015-01-23,6.6,6.6,6.4514,6.59,6.59,4300.0,0.0,1.0
2015-01-26,6.52,6.59,6.45,6.45,6.45,8500.0,0.0,1.0
2015-01-27,6.45,6.462,6.39,6.45,6.45,8700.0,0.0,1.0
2015-01-28,6.48,6.58,6.41,6.5499,6.5499,2600.0,0.0,1.0
2015-01-29,6.49,6.49,5.93,6.4,6.4,20000.0,0.0,1.0
2015-01-30,6.34,6.5,6.2,6.5,6.5,15900.0,0.0,1.0
2015-02-02,6.4399,6.4631,6.3,6.41,6.41,20000.0,0.0,1.0
2015-02-03,6.43,6.4492,6.33,6.44,6.44,7300.0,0.0,1.0
2015-02-04,6.259,6.34,6.259,6.29,6.29,3200.0,0.0,1.0
2015-02-05,6.29,6.5,6.29,6.5,6.5,17300.0,0.0,1.0
2015-02-06,6.5,6.5,6.5,6.5,6.5,2.0,0.0,1.0
2015-02-09,6.4999,6.97,6.4999,6.95,6.95,14500.0,0.0,1.0
2015-02-10,6.96,7.24,6.9,7.16,7.16,52800.0,0.0,1.0
2015-02-11,7.5,7.86,7.45,7.7,7.7,53500.0,0.0,1.0
2015-02-12,7.734,8.0,7.69,7.99,7.99,17100.0,0.0,1.0
2015-02-13,8.26,8.5,8.16,8.24,8.24,44100.0,0.0,1.0
2015-02-17,8.25,8.286,7.84,7.936,7.936,17800.0,0.0,1.0
2015-02-18,8.0,8.0,7.871,7.9,7.9,15600.0,0.0,1.0
2015-02-19,7.85,7.9,7.6836,7.8356,7.8356,11400.0,0.0,1.0
2015-02-20,7.9,7.9,7.66,7.82,7.82,31200.0,0.0,1.0
2015-02-23,7.79,7.8799,7.66,7.68,7.68,14700.0,0.0,1.0
2015-02-24,7.53,7.928,7.5,7.84,7.84,18800.0,0.0,1.0
2015-02-25,7.51,7.76,7.51,7.64,7.64,21700.0,0.0,1.0
2015-02-26,7.62,7.75,7.558,7.67,7.67,41300.0,0.0,1.0
2015-02-27,7.635,7.75,7.51,7.72,7.72,12300.0,0.0,1.0
2015-03-02,7.75,8.15,7.65,7.99,7.99,40400.0,0.0,1.0
2015-03-03,7.96,8.05,7.96,8.01,8.01,12600.0,0.0,1.0
2015-03-04,8.2,8.35,8.16,8.18,8.18,23200.0,0.0,1.0
2015-03-05,8.2,8.6,8.1562,8.45,8.45,71900.0,0.0,1.0
2015-03-06,8.49,8.49,8.39,8.42,8.42,17200.0,0.0,1.0
2015-03-09,8.42,8.595,8.42,8.59,8.59,4600.0,0.0,1.0
2015-03-10,8.41,9.24,8.41,9.18,9.18,108600.0,0.0,1.0
2015-03-11,9.2,9.47,9.05,9.3,9.3,45000.0,0.0,1.0
2015-03-12,9.48,9.5,9.23,9.32,9.32,33900.0,0.0,1.0
2015-03-13,9.3,9.44,9.3,9.3,9.3,15100.0,0.0,1.0
2015-03-16,9.3,9.36,9.3,9.35,9.35,33000.0,0.0,1.0
2015-03-17,9.3657,9.39,9.3,9.35,9.35,16100.0,0.0,1.0
2015-03-18,9.4,9.55,9.27,9.46,9.46,29500.0,0.0,1.0
2015-03-19,9.96,10.2125,9.75,9.83,9.83,108200.0,0.0,1.0
2015-03-20,9.94,9.99,9.8008,9.88,9.88,27200.0,0.0,1.0
2015-03-23,9.82,9.92,9.81,9.83,9.83,14400.0,0.0,1.0
2015-03-24,9.83,9.919,9.8,9.81,9.81,13500.0,0.0,1.0
2015-03-25,9.84,9.84,8.51,8.81,8.81,151200.0,0.0,1.0
2015-03-26,8.94,9.24,8.76,8.87,8.87,25300.0,0.0,1.0
2015-03-27,9.45,9.45,9.11,9.28,9.28,7600.0,0.0,1.0
2015-03-30,9.41,9.66,9.3098,9.52,9.52,13000.0,0.0,1.0
2015-03-31,9.46,9.7099,9.31,9.44,9.44,13900.0,0.0,1.0
2015-04-01,9.47,9.47,8.94,9.3,9.3,21600.0,0.0,1.0
2015-04-02,9.1699,9.48,8.9,9.4701,9.4701,25800.0,0.0,1.0
2015-04-06,9.4,9.5,9.0401,9.14,9.14,17700.0,0.0,1.0
2015-04-07,9.14,10.0,9.14,9.87,9.87,33500.0,0.0,1.0
2015-04-08,9.8483,9.8483,9.405,9.47,9.47,23700.0,0.0,1.0
2015-04-09,9.46,10.08,9.3,10.04,10.04,113600.0,0.0,1.0
2015-04-10,10.18,10.43,9.66,10.22,10.22,38700.0,0.0,1.0
2015-04-13,10.32,10.5,10.07,10.09,10.09,29100.0,0.0,1.0
2015-04-14,10.1,10.1485,9.915,9.94,9.94,20900.0,0.0,1.0
2015-04-15,9.91,10.25,9.67,10.15,10.15,41300.0,0.0,1.0
2015-04-16,9.96,10.0,9.82,9.85,9.85,23900.0,0.0,1.0
2015-04-17,9.8299,9.85,9.59,9.7,9.7,15500.0,0.0,1.0
2015-04-20,9.68,10.1,9.68,10.08,10.08,32900.0,0.0,1.0
2015-04-21,10.15,10.16,10.05,10.12,10.12,5600.0,0.0,1.0
2015-04-22,10.1,10.22,9.85,9.96,9.96,12100.0,0.0,1.0
2015-04-23,9.84,9.91,9.79,9.79,9.79,7800.0,0.0,1.0
2015-04-24,9.75,9.75,9.63,9.74,9.74,11700.0,0.0,1.0
2015-04-27,9.82,10.4123,9.8,10.3,10.3,47400.0,0.0,1.0
2015-04-28,10.3,11.1,10.3,10.93,10.93,71400.0,0.0,1.0
2015-04-29,11.11,11.299,11.0773,11.23,11.23,39800.0,0.0,1.0
2015-04-30,11.18,11.18,10.68,10.74,10.74,32300.0,0.0,1.0
2015-05-01,10.69,10.75,10.18,10.45,10.45,25900.0,0.0,1.0
2015-05-04,11.53,11.53,10.2,10.51,10.51,44400.0,0.0,1.0
2015-05-05,11.48,11.48,10.5,10.7,10.7,36800.0,0.0,1.0
2015-05-06,10.7,10.7,10.3,10.38,10.38,28600.0,0.0,1.0
2015-05-07,10.3,10.35,9.76,9.8799,9.8799,35900.0,0.0,1.0
2015-05-08,10.08,10.08,9.3401,9.72,9.72,45300.0,0.0,1.0
2015-05-11,9.73,9.73,9.36,9.4414,9.4414,19100.0,0.0,1.0
2015-05-12,9.54,9.5689,8.97,9.039,9.039,37700.0,0.0,1.0
2015-05-13,8.85,8.89,8.365,8.4499,8.4499,47900.0,0.0,1.0
2015-05-14,8.41,8.41,7.75,8.05,8.05,87400.0,0.0,1.0
2015-05-15,8.05,8.73,8.05,8.7,8.7,439700.0,0.0,1.0
2015-05-18,8.67,9.4,8.59,9.34,9.34,227100.0,0.0,1.0
2015-05-19,9.5,9.62,8.65,8.76,8.76,59800.0,0.0,1.0
2015-05-20,8.86,8.86,8.54,8.54,8.54,76400.0,0.0,1.0
2015-05-21,8.7,8.7,8.4,8.48,8.48,28500.0,0.0,1.0
2015-05-22,8.48,8.97,8.47,8.47,8.47,23900.0,0.0,1.0
2015-05-26,8.62,8.62,8.11,8.22,8.22,36900.0,0.0,1.0
2015-05-27,8.2,8.688,8.17,8.52,8.52,45000.0,0.0,1.0
2015-05-28,8.46,8.46,8.21,8.44,8.44,20500.0,0.0,1.0
2015-05-29,8.45,8.45,8.16,8.37,8.37,49800.0,0.0,1.0
2015-06-01,8.31,8.3399,8.15,8.27,8.27,31200.0,0.0,1.0
2015-06-02,8.06,8.38,8.06,8.29,8.29,29600.0,0.0,1.0
2015-06-03,8.28,8.3,8.11,8.24,8.24,14800.0,0.0,1.0
2015-06-04,8.25,8.29,8.14,8.29,8.29,16400.0,0.0,1.0
2015-06-05,8.19,8.57,8.17,8.25,8.25,27900.0,0.0,1.0
2015-06-08,8.3,8.3,8.1,8.18,8.18,8400.0,0.0,1.0
2015-06-09,8.09,8.2397,8.04,8.2,8.2,49800.0,0.0,1.0
2015-06-10,8.25,8.25,8.0701,8.13,8.13,19100.0,0.0,1.0
2015-06-11,8.14,8.2,8.12,8.13,8.13,14200.0,0.0,1.0
2015-06-12,8.17,8.46,8.0875,8.2,8.2,21200.0,0.0,1.0
2015-06-15,8.2,8.26,8.15,8.2,8.2,12800.0,0.0,1.0
2015-06-16,8.24,8.28,8.18,8.24,8.24,21600.0,0.0,1.0
2015-06-17,8.14,8.45,8.14,8.4,8.4,29500.0,0.0,1.0
2015-06-18,8.04,8.51,8.04,8.29,8.29,26600.0,0.0,1.0
2015-06-19,8.36,8.74,8.2,8.29,8.29,18300.0,0.0,1.0
2015-06-22,8.29,8.74,8.29,8.5,8.5,8000.0,0.0,1.0
2015-06-23,8.69,8.69,8.315,8.425,8.425,9500.0,0.0,1.0
2015-06-24,8.5,8.54,8.3,8.35,8.35,19500.0,0.0,1.0
2015-06-25,8.34,8.63,8.32,8.32,8.32,20700.0,0.0,1.0
2015-06-26,8.29,8.52,8.086,8.46,8.46,40500.0,0.0,1.0
2015-06-29,8.41,8.41,8.25,8.29,8.29,21100.0,0.0,1.0
2015-06-30,8.4999,8.4999,8.06,8.39,8.39,26600.0,0.0,1.0
2015-07-01,8.34,8.45,8.01,8.12,8.12,18300.0,0.0,1.0
2015-07-02,8.05,8.49,8.01,8.49,8.49,12700.0,0.0,1.0
2015-07-06,8.2,8.49,8.2,8.36,8.36,3700.0,0.0,1.0
2015-07-07,8.3,8.5,8.061,8.5,8.5,13300.0,0.0,1.0
2015-07-08,8.33,8.48,8.0275,8.08,8.08,22400.0,0.0,1.0
2015-07-09,8.36,8.36,8.045,8.07,8.07,7300.0,0.0,1.0
2015-07-10,8.45,8.45,8.1,8.28,8.28,7400.0,0.0,1.0
2015-07-13,8.41,8.44,8.1,8.3,8.3,11400.0,0.0,1.0
2015-07-14,8.43,8.43,8.35,8.36,8.36,2100.0,0.0,1.0
2015-07-15,8.48,8.55,8.25,8.44,8.44,18400.0,0.0,1.0
2015-07-16,8.28,8.5,8.27,8.46,8.46,23400.0,0.0,1.0
2015-07-17,8.5,8.5,8.39,8.39,8.39,11200.0,0.0,1.0
2015-07-20,8.38,8.45,8.1301,8.15,8.15,14100.0,0.0,1.0
2015-07-21,8.13,8.29,8.08,8.1,8.1,8700.0,0.0,1.0
2015-07-22,8.0,8.04,7.31,7.68,7.68,48100.0,0.0,1.0
2015-07-23,7.61,7.61,6.85,7.14,7.14,50400.0,0.0,1.0
2015-07-24,7.08,7.08,6.66,6.69,6.69,17800.0,0.0,1.0
2015-07-27,6.098,6.6742,6.098,6.57,6.57,13200.0,0.0,1.0
2015-07-28,6.82,7.78,6.65,7.35,7.35,46000.0,0.0,1.0
2015-07-29,7.28,8.01,7.21,7.32,7.32,34800.0,0.0,1.0
2015-07-30,7.53,7.77,7.44,7.45,7.45,12800.0,0.0,1.0
2015-07-31,7.6,7.76,7.5,7.61,7.61,15200.0,0.0,1.0
2015-08-03,8.02,8.18,7.3,7.6,7.6,25300.0,0.0,1.0
2015-08-04,7.35,7.79,7.25,7.599,7.599,17900.0,0.0,1.0
2015-08-05,7.98,8.3,7.9,8.21,8.21,66900.0,0.0,1.0
2015-08-06,8.3,8.32,7.98,8.0247,8.0247,29500.0,0.0,1.0
2015-08-07,7.98,8.07,7.83,7.96,7.96,24600.0,0.0,1.0
2015-08-10,7.91,7.92,7.78,7.92,7.92,14200.0,0.0,1.0
2015-08-11,7.76,7.96,7.76,7.96,7.96,6900.0,0.0,1.0
2015-08-12,7.92,7.92,7.59,7.73,7.73,24000.0,0.0,1.0
2015-08-13,7.73,7.98,7.52,7.89,7.89,19400.0,0.0,1.0
2015-08-14,7.9,7.99,7.6901,7.77,7.77,11000.0,0.0,1.0
2015-08-17,7.88,7.989,7.67,7.67,7.67,6000.0,0.0,1.0
2015-08-18,7.74,8.0,7.61,7.68,7.68,12200.0,0.0,1.0
2015-08-19,7.75,7.96,7.68,7.73,7.73,5800.0,0.0,1.0
2015-08-20,7.73,7.73,6.97,7.5,7.5,15700.0,0.0,1.0
2015-08-21,7.284,7.47,7.26,7.36,7.36,4800.0,0.0,1.0
2015-08-24,7.09,7.4,6.8501,7.03,7.03,23900.0,0.0,1.0
2015-08-25,6.99,7.29,6.96,7.02,7.02,17500.0,0.0,1.0
2015-08-26,7.08,7.33,7.0,7.16,7.16,23300.0,0.0,1.0
2015-08-27,7.39,7.39,7.26,7.27,7.27,5500.0,0.0,1.0
2015-08-28,7.32,7.39,7.13,7.28,7.28,5200.0,0.0,1.0
2015-08-31,6.9945,7.49,6.9909,7.4,7.4,10500.0,0.0,1.0
2015-09-01,7.27,7.37,7.13,7.3,7.3,7500.0,0.0,1.0
2015-09-02,7.33,7.49,7.14,7.34,7.34,14100.0,0.0,1.0
2015-09-03,7.425,7.5,7.06,7.32,7.32,15200.0,0.0,1.0
2015-09-04,7.12,7.5,7.12,7.45,7.45,9400.0,0.0,1.0
2015-09-08,7.47,8.0,7.47,7.92,7.92,12600.0,0.0,1.0
2015-09-09,7.94,7.98,7.83,7.9,7.9,2500.0,0.0,1.0
2015-09-10,7.93,8.0,7.93,7.9984,7.9984,11900.0,0.0,1.0
2015-09-11,7.95,8.0,7.91,8.0,8.0,3100.0,0.0,1.0
2015-09-14,7.97,7.97,7.29,7.86,7.86,9700.0,0.0,1.0
2015-09-15,7.71,7.82,7.62,7.68,7.68,4500.0,0.0,1.0
2015-09-16,7.7,7.92,7.7,7.8,7.8,5500.0,0.0,1.0
2015-09-17,7.88,7.99,7.67,7.84,7.84,9200.0,0.0,1.0
2015-09-18,7.875,7.98,7.42,7.42,7.42,13800.0,0.0,1.0
2015-09-21,7.68,7.68,7.29,7.35,7.35,7200.0,0.0,1.0
2015-09-22,7.57,7.57,6.8,7.0199,7.0199,59500.0,0.0,1.0
2015-09-23,6.952,7.3,6.75,6.81,6.81,40000.0,0.0,1.0
2015-09-24,6.7,7.0,6.54,6.88,6.88,26400.0,0.0,1.0
2015-09-25,6.82,7.0,6.73,6.8885,6.8885,2500.0,0.0,1.0
2015-09-28,6.88,7.06,6.44,6.47,6.47,12200.0,0.0,1.0
2015-09-29,6.47,6.53,6.3,6.4,6.4,7200.0,0.0,1.0
2015-09-30,6.72,6.72,6.45,6.61,6.61,17400.0,0.0,1.0
2015-10-01,6.63,6.78,6.58,6.75,6.75,7100.0,0.0,1.0
2015-10-02,6.54,6.97,6.45,6.86,6.86,7400.0,0.0,1.0
2015-10-05,7.0,7.23,6.645,7.02,7.02,32100.0,0.0,1.0
2015-10-06,6.99,7.38,6.62,6.89,6.89,32300.0,0.0,1.0
2015-10-07,6.45,7.1,6.45,7.04,7.04,19700.0,0.0,1.0
2015-10-08,7.23,7.405,6.97,7.38,7.38,17000.0,0.0,1.0
2015-10-09,7.5,7.5,7.2425,7.49,7.49,10300.0,0.0,1.0
2015-10-12,7.5,7.81,7.18,7.75,7.75,20200.0,0.0,1.0
2015-10-13,7.81,7.99,7.6,7.87,7.87,40600.0,0.0,1.0
2015-10-14,7.8,8.0,7.74,7.96,7.96,24800.0,0.0,1.0
2015-10-15,8.0,8.12,7.86,8.0,8.0,13600.0,0.0,1.0
2015-10-16,8.13,8.13,7.91,7.99,7.99,7800.0,0.0,1.0
2015-10-19,8.13,8.19,8.0,8.06,8.06,20000.0,0.0,1.0
2015-10-20,8.11,8.3,8.038,8.19,8.19,20300.0,0.0,1.0
2015-10-21,8.23,8.26,8.0,8.06,8.06,8300.0,0.0,1.0
2015-10-22,8.15,8.35,8.05,8.06,8.06,30500.0,0.0,1.0
2015-10-23,8.11,8.11,8.01,8.1,8.1,5000.0,0.0,1.0
2015-10-26,7.61,8.1,7.59,8.03,8.03,10800.0,0.0,1.0
2015-10-27,7.68,8.09,7.67,8.02,8.02,5300.0,0.0,1.0
2015-10-28,8.13,8.23,7.96,7.97,7.97,6200.0,0.0,1.0
2015-10-29,8.0,8.0,7.63,7.98,7.98,15300.0,0.0,1.0
2015-10-30,8.0,8.29,7.83,8.29,8.29,11200.0,0.0,1.0
2015-11-02,8.24,8.24,8.07,8.1,8.1,17700.0,0.0,1.0
2015-11-03,8.09,8.1,8.0214,8.1,8.1,11100.0,0.0,1.0
2015-11-04,8.3,9.648,8.26,9.1301,9.1301,161800.0,0.0,1.0
2015-11-05,9.13,9.13,8.6935,8.8499,8.8499,29000.0,0.0,1.0
2015-11-06,8.85,8.935,8.68,8.84,8.84,11300.0,0.0,1.0
2015-11-09,8.75,8.899,8.55,8.7,8.7,8400.0,0.0,1.0
2015-11-10,8.66,8.82,8.08,8.35,8.35,62800.0,0.0,1.0
2015-11-11,8.15,8.28,8.04,8.27,8.27,25300.0,0.0,1.0
2015-11-12,8.02,8.529,8.0,8.05,8.05,11000.0,0.0,1.0
2015-11-13,8.04,8.054,7.25,7.27,7.27,46200.0,0.0,1.0
2015-11-16,7.39,7.89,7.14,7.63,7.63,13300.0,0.0,1.0
2015-11-17,7.74,7.91,7.57,7.5994,7.5994,9400.0,0.0,1.0
2015-11-18,7.72,7.74,7.38,7.44,7.44,8600.0,0.0,1.0
2015-11-19,7.55,7.55,7.29,7.34,7.34,8700.0,0.0,1.0
2015-11-20,7.35,7.62,7.35,7.6,7.6,5000.0,0.0,1.0
2015-11-23,7.59,7.8,7.33,7.58,7.58,18300.0,0.0,1.0
2015-11-24,7.7,7.86,7.4,7.5899,7.5899,8400.0,0.0,1.0
2015-11-25,7.49,7.63,7.29,7.57,7.57,14300.0,0.0,1.0
2015-11-27,7.77,7.8318,7.61,7.8318,7.8318,4600.0,0.0,1.0
2015-11-30,7.74,8.07,7.66,8.06,8.06,11000.0,0.0,1.0
2015-12-01,8.06,8.25,7.75,8.22,8.22,21000.0,0.0,1.0
2015-12-02,8.23,8.51,8.0001,8.46,8.46,13600.0,0.0,1.0
2015-12-03,7.93,8.23,7.93,8.0,8.0,15900.0,0.0,1.0
2015-12-04,8.33,8.33,7.95,7.98,7.98,4600.0,0.0,1.0
2015-12-07,8.13,8.13,7.95,7.95,7.95,12800.0,0.0,1.0
2015-12-08,8.0,8.03,7.69,7.79,7.79,7200.0,0.0,1.0
2015-12-09,7.78,7.928,7.5,7.62,7.62,19000.0,0.0,1.0
2015-12-10,8.05,8.05,7.52,7.67,7.67,4400.0,0.0,1.0
2015-12-11,7.484,7.97,7.484,7.9,7.9,15100.0,0.0,1.0
2015-12-14,8.22,8.55,7.53,7.68,7.68,9200.0,0.0,1.0
2015-12-15,8.11,8.45,7.49,7.95,7.95,11800.0,0.0,1.0
2015-12-16,8.4,8.4,7.79,8.0,8.0,17600.0,0.0,1.0
2015-12-17,8.39,8.39,7.945,7.98,7.98,9100.0,0.0,1.0
2015-12-18,7.88,7.9699,7.542,7.85,7.85,5600.0,0.0,1.0
2015-12-21,7.85,7.85,7.71,7.79,7.79,12500.0,0.0,1.0
2015-12-22,7.72,7.85,7.678,7.85,7.85,3700.0,0.0,1.0
2015-12-23,7.84,8.08,7.84,8.0,8.0,13800.0,0.0,1.0
2015-12-24,7.98,8.0,7.98,8.0,8.0,2300.0,0.0,1.0
2015-12-28,7.93,8.0,7.93,7.97,7.97,3400.0,0.0,1.0
2015-12-29,7.8501,8.0,7.7,7.97,7.97,13600.0,0.0,1.0
2015-12-30,8.0,8.21,7.8301,8.05,8.05,5900.0,0.0,1.0
2015-12-31,8.035,8.05,7.96,8.0,8.0,9300.0,0.0,1.0
2016-01-04,7.73,8.13,7.73,7.94,7.94,7300.0,0.0,1.0
2016-01-05,7.9,8.0,7.7769,7.92,7.92,6700.0,0.0,1.0
2016-01-06,7.889,8.02,7.8,8.0,8.0,17200.0,0.0,1.0
2016-01-07,7.92,7.96,7.56,7.67,7.67,7100.0,0.0,1.0
2016-01-08,7.97,7.97,7.53,7.58,7.58,4800.0,0.0,1.0
2016-01-11,7.5,7.6,6.96,7.1,7.1,28700.0,0.0,1.0
2016-01-12,7.3999,7.4,6.64,7.08,7.08,32200.0,0.0,1.0
2016-01-13,6.85,7.44,6.34,6.41,6.41,46800.0,0.0,1.0
2016-01-14,6.415,6.46,5.82,6.4,6.4,22300.0,0.0,1.0
2016-01-15,5.92,6.01,5.6,5.94,5.94,47700.0,0.0,1.0
2016-01-19,5.96,5.99,5.09,5.39,5.39,40500.0,0.0,1.0
2016-01-20,5.23,5.39,5.0,5.22,5.22,30600.0,0.0,1.0
2016-01-21,5.26,5.73,5.23,5.61,5.61,12200.0,0.0,1.0
2016-01-22,5.82,6.27,5.81,6.0,6.0,20600.0,0.0,1.0
2016-01-25,6.0,6.0,5.17,5.44,5.44,17400.0,0.0,1.0
2016-01-26,5.77,5.77,5.35,5.51,5.51,18300.0,0.0,1.0
2016-01-27,5.71,5.71,5.3,5.36,5.36,8000.0,0.0,1.0
2016-01-28,5.59,5.59,5.25,5.28,5.28,10700.0,0.0,1.0
2016-01-29,5.35,5.69,5.35,5.58,5.58,4900.0,0.0,1.0
2016-02-01,5.75,6.01,5.5801,5.7,5.7,30000.0,0.0,1.0
2016-02-02,5.6,5.63,5.42,5.47,5.47,5500.0,0.0,1.0
2016-02-03,5.92,6.1,5.39,5.62,5.62,13300.0,0.0,1.0
2016-02-04,5.62,5.66,5.5,5.61,5.61,4500.0,0.0,1.0
2016-02-05,5.61,5.61,5.272,5.4304,5.4304,7300.0,0.0,1.0
2016-02-08,5.43,5.4301,4.93,5.1,5.1,21600.0,0.0,1.0
2016-02-09,4.94,5.93,4.94,5.15,5.15,11100.0,0.0,1.0
2016-02-10,5.21,5.213,5.0,5.185,5.185,4300.0,0.0,1.0
2016-02-11,5.15,5.22,4.94,5.099,5.099,29100.0,0.0,1.0
2016-02-12,5.199,5.199,4.6,5.05,5.05,17900.0,0.0,1.0
2016-02-16,5.14,5.14,4.66,4.94,4.94,19000.0,0.0,1.0
2016-02-17,5.0813,5.0813,4.68,4.98,4.98,24700.0,0.0,1.0
2016-02-18,4.7501,4.822,4.43,4.66,4.66,46000.0,0.0,1.0
2016-02-19,4.51,4.86,4.12,4.48,4.48,26700.0,0.0,1.0
2016-02-22,4.6,4.89,4.34,4.66,4.66,31100.0,0.0,1.0
2016-02-23,4.7,4.71,4.25,4.5,4.5,21100.0,0.0,1.0
2016-02-24,4.52,4.61,4.42,4.5801,4.5801,8000.0,0.0,1.0
2016-02-25,4.73,4.73,4.32,4.69,4.69,10900.0,0.0,1.0
2016-02-26,4.5,4.96,4.45,4.96,4.96,16700.0,0.0,1.0
2016-02-29,4.96,5.0,4.55,4.95,4.95,10800.0,0.0,1.0
2016-03-01,4.95,4.98,4.7,4.98,4.98,13200.0,0.0,1.0
2016-03-02,4.8702,4.9,4.74,4.75,4.75,5200.0,0.0,1.0
2016-03-03,4.8,4.9299,4.73,4.73,4.73,7600.0,0.0,1.0
2016-03-04,4.73,4.73,4.5,4.6,4.6,40300.0,0.0,1.0
2016-03-07,4.56,4.63,4.4,4.4,4.4,44000.0,0.0,1.0
2016-03-08,4.4,4.5,4.31,4.37,4.37,18000.0,0.0,1.0
2016-03-09,4.46,4.46,4.31,4.36,4.36,11500.0,0.0,1.0
2016-03-10,4.36,4.4487,4.02,4.07,4.07,20200.0,0.0,1.0
2016-03-11,4.07,4.325,4.03,4.29,4.29,59600.0,0.0,1.0
2016-03-14,4.24,4.3,4.1,4.16,4.16,34000.0,0.0,1.0
2016-03-15,4.15,4.2199,4.1,4.1,4.1,6200.0,0.0,1.0
2016-03-16,4.15,4.21,3.9,4.1,4.1,30500.0,0.0,1.0
2016-03-17,4.1,4.39,4.01,4.01,4.01,14400.0,0.0,1.0
2016-03-18,4.01,4.19,3.99,4.0,4.0,17900.0,0.0,1.0
2016-03-21,4.05,4.05,3.95,3.99,3.99,79800.0,0.0,1.0
2016-03-22,3.99,4.19,3.96,3.98,3.98,56800.0,0.0,1.0
2016-03-23,4.11,4.2974,4.0,4.27,4.27,148000.0,0.0,1.0
2016-03-24,4.14,4.24,3.94,4.12,4.12,17400.0,0.0,1.0
2016-03-28,4.25,4.52,4.1,4.52,4.52,23600.0,0.0,1.0
2016-03-29,4.52,4.5805,4.16,4.37,4.37,49200.0,0.0,1.0
2016-03-30,4.3601,4.56,4.3601,4.51,4.51,25900.0,0.0,1.0
2016-03-31,4.58,4.6675,4.42,4.52,4.52,32900.0,0.0,1.0
2016-04-01,4.5111,4.55,4.4,4.41,4.41,8400.0,0.0,1.0
2016-04-04,4.45,4.5399,4.22,4.35,4.35,20300.0,0.0,1.0
2016-04-05,4.38,4.4085,4.12,4.2901,4.2901,15700.0,0.0,1.0
2016-04-06,4.25,4.4,4.16,4.2,4.2,9600.0,0.0,1.0
2016-04-07,4.4872,4.4872,4.11,4.2,4.2,28300.0,0.0,1.0
2016-04-08,4.24,4.27,4.08,4.24,4.24,8300.0,0.0,1.0
2016-04-11,4.25,4.29,4.19,4.26,4.26,5300.0,0.0,1.0
2016-04-12,4.3,4.4,4.2101,4.2901,4.2901,4800.0,0.0,1.0
2016-04-13,4.4,4.65,4.26,4.44,4.44,12200.0,0.0,1.0
2016-04-14,4.49,4.6653,4.24,4.48,4.48,14600.0,0.0,1.0
2016-04-15,4.5,4.82,4.3,4.62,4.62,22900.0,0.0,1.0
2016-04-18,4.7,6.25,4.38,6.11,6.11,314000.0,0.0,1.0
2016-04-19,6.37,6.63,4.75,4.91,4.91,243100.0,0.0,1.0
2016-04-20,5.28,5.749,5.28,5.65,5.65,44800.0,0.0,1.0
2016-04-21,5.71,5.93,5.25,5.29,5.29,51600.0,0.0,1.0
2016-04-22,5.47,5.51,5.07,5.29,5.29,30300.0,0.0,1.0
2016-04-25,5.4801,5.4801,5.14,5.18,5.18,14700.0,0.0,1.0
2016-04-26,5.3,5.75,5.0906,5.35,5.35,161100.0,0.0,1.0
2016-04-27,5.38,5.56,5.3,5.41,5.41,22600.0,0.0,1.0
2016-04-28,5.46,5.54,5.25,5.26,5.26,13200.0,0.0,1.0
2016-04-29,5.3811,5.42,5.2,5.41,5.41,9900.0,0.0,1.0
2016-05-02,5.65,5.8399,5.35,5.38,5.38,35600.0,0.0,1.0
2016-05-03,5.32,5.6,5.12,5.59,5.59,35000.0,0.0,1.0
2016-05-04,5.42,5.6,5.15,5.31,5.31,32100.0,0.0,1.0
2016-05-05,5.21,5.35,5.16,5.2201,5.2201,26000.0,0.0,1.0
2016-05-06,5.26,5.29,5.12,5.19,5.19,26600.0,0.0,1.0
2016-05-09,5.12,5.22,4.6,4.76,4.76,70200.0,0.0,1.0
2016-05-10,4.75,4.89,4.5099,4.67,4.67,32500.0,0.0,1.0
2016-05-11,4.69,4.78,4.69,4.74,4.74,15100.0,0.0,1.0
2016-05-12,4.69,4.79,4.6,4.79,4.79,10500.0,0.0,1.0
2016-05-13,4.81,4.81,4.0,4.21,4.21,34700.0,0.0,1.0
2016-05-16,4.22,4.7,3.91,4.26,4.26,40100.0,0.0,1.0
2016-05-17,4.19,4.19,3.96,4.12,4.12,39200.0,0.0,1.0
2016-05-18,4.15,4.21,3.9,3.9,3.9,33500.0,0.0,1.0
2016-05-19,3.92,4.03,3.73,4.03,4.03,18400.0,0.0,1.0
2016-05-20,4.06,4.06,3.95,3.95,3.95,18900.0,0.0,1.0
2016-05-23,3.92,4.08,3.91,4.02,4.02,12400.0,0.0,1.0
2016-05-24,4.0,4.17,3.96,4.16,4.16,46400.0,0.0,1.0
2016-05-25,4.12,4.19,3.9958,4.14,4.14,10300.0,0.0,1.0
2016-05-26,4.15,4.18,3.95,4.06,4.06,39600.0,0.0,1.0
2016-05-27,4.01,4.35,3.97,4.34,4.34,52400.0,0.0,1.0
2016-05-31,4.29,4.77,4.24,4.77,4.77,27100.0,0.0,1.0
2016-06-01,4.69,4.95,4.23,4.93,4.93,42600.0,0.0,1.0
2016-06-02,4.83,4.96,4.68,4.95,4.95,18700.0,0.0,1.0
2016-06-03,4.8001,4.93,4.7835,4.92,4.92,3000.0,0.0,1.0
2016-06-06,4.82,5.0,4.53,4.93,4.93,36300.0,0.0,1.0
2016-06-07,4.855,4.95,4.77,4.83,4.83,13900.0,0.0,1.0
2016-06-08,4.8,4.89,4.8,4.87,4.87,18100.0,0.0,1.0
2016-06-09,4.74,4.87,4.72,4.73,4.73,8400.0,0.0,1.0
2016-06-10,4.68,4.96,4.68,4.96,4.96,17100.0,0.0,1.0
2016-06-13,4.84,4.99,4.76,4.8,4.8,22000.0,0.0,1.0
2016-06-14,4.7567,4.95,4.655,4.9,4.9,12800.0,0.0,1.0
2016-06-15,4.9342,4.97,4.69,4.69,4.69,12900.0,0.0,1.0
2016-06-16,4.72,4.88,4.62,4.82,4.82,8900.0,0.0,1.0
2016-06-17,4.67,4.77,4.61,4.61,4.61,24900.0,0.0,1.0
2016-06-20,4.67,4.89,4.64,4.845,4.845,22700.0,0.0,1.0
2016-06-21,4.94,4.94,4.6201,4.69,4.69,6300.0,0.0,1.0
2016-06-22,4.75,4.92,4.68,4.82,4.82,9000.0,0.0,1.0
2016-06-23,4.86,4.89,4.8132,4.85,4.85,5500.0,0.0,1.0
2016-06-24,4.74,4.86,4.55,4.86,4.86,30400.0,0.0,1.0
2016-06-27,4.65,4.78,4.56,4.75,4.75,13100.0,0.0,1.0
2016-06-28,4.75,4.88,4.62,4.88,4.88,10700.0,0.0,1.0
2016-06-29,4.92,4.92,4.59,4.84,4.84,12900.0,0.0,1.0
2016-06-30,4.6001,5.07,4.6001,4.93,4.93,25300.0,0.0,1.0
2016-07-01,4.87,5.1578,4.748,4.92,4.92,19300.0,0.0,1.0
2016-07-05,4.8,4.9,4.48,4.5499,4.5499,7500.0,0.0,1.0
2016-07-06,4.55,4.85,4.55,4.76,4.76,6300.0,0.0,1.0
2016-07-07,4.73,4.98,4.695,4.92,4.92,15800.0,0.0,1.0
2016-07-08,5.02,5.1714,5.0,5.13,5.13,18300.0,0.0,1.0
2016-07-11,5.17,5.17,5.01,5.1,5.1,14600.0,0.0,1.0
2016-07-12,5.1937,5.57,5.1937,5.38,5.38,29100.0,0.0,1.0
2016-07-13,5.42,5.6,5.38,5.5,5.5,11700.0,0.0,1.0
2016-07-14,5.55,5.55,5.3191,5.49,5.49,6200.0,0.0,1.0
2016-07-15,5.5,5.54,5.22,5.54,5.54,11300.0,0.0,1.0
2016-07-18,5.5,5.5,5.4,5.42,5.42,5000.0,0.0,1.0
2016-07-19,5.4,5.43,5.25,5.28,5.28,17000.0,0.0,1.0
2016-07-20,5.39,5.39,5.261,5.37,5.37,7900.0,0.0,1.0
2016-07-21,5.33,5.4,5.25,5.38,5.38,5400.0,0.0,1.0
2016-07-22,5.39,5.43,5.34,5.36,5.36,5100.0,0.0,1.0
2016-07-25,5.32,5.32,5.0,5.04,5.04,31200.0,0.0,1.0
2016-07-26,5.05,5.3982,5.05,5.21,5.21,8500.0,0.0,1.0
2016-07-27,5.16,5.38,5.1,5.325,5.325,14500.0,0.0,1.0
2016-07-28,5.24,5.39,5.24,5.36,5.36,9500.0,0.0,1.0
2016-07-29,5.32,5.45,5.32,5.44,5.44,5500.0,0.0,1.0
2016-08-01,5.35,5.3525,5.31,5.35,5.35,2600.0,0.0,1.0
2016-08-02,5.3,5.39,5.05,5.33,5.33,14600.0,0.0,1.0
2016-08-03,5.29,5.4,5.2,5.34,5.34,7600.0,0.0,1.0
2016-08-04,5.13,5.3999,5.13,5.36,5.36,2300.0,0.0,1.0
2016-08-05,5.33,5.33,5.1001,5.18,5.18,12800.0,0.0,1.0
2016-08-08,5.21,5.283,5.0,5.03,5.03,14100.0,0.0,1.0
2016-08-09,5.05,5.14,5.05,5.14,5.14,8000.0,0.0,1.0
2016-08-10,5.21,5.2878,5.01,5.13,5.13,8400.0,0.0,1.0
2016-08-11,5.19,5.1991,5.0,5.02,5.02,12900.0,0.0,1.0
2016-08-12,5.0,5.0372,4.74,4.85,4.85,47700.0,0.0,1.0
2016-08-15,4.79,4.89,4.77,4.77,4.77,6500.0,0.0,1.0
2016-08-16,4.8001,4.91,4.75,4.89,4.89,16700.0,0.0,1.0
2016-08-17,4.88,4.91,4.77,4.85,4.85,21200.0,0.0,1.0
2016-08-18,4.82,5.135,4.78,4.99,4.99,4300.0,0.0,1.0
2016-08-19,4.94,4.94,4.85,4.87,4.87,11000.0,0.0,1.0
2016-08-22,4.9033,4.99,4.8549,4.99,4.99,6600.0,0.0,1.0
2016-08-23,5.0,5.09,4.907,5.09,5.09,4600.0,0.0,1.0
2016-08-24,5.08,5.09,5.0,5.04,5.04,6700.0,0.0,1.0
2016-08-25,5.1,5.1,4.78,4.93,4.93,3000.0,0.0,1.0
2016-08-26,4.8599,5.0409,4.761,4.98,4.98,18400.0,0.0,1.0
2016-08-29,5.09,5.28,5.0,5.28,5.28,10700.0,0.0,1.0
2016-08-30,5.24,5.34,5.12,5.28,5.28,4600.0,0.0,1.0
2016-08-31,5.2799,5.3,5.2,5.28,5.28,6000.0,0.0,1.0
2016-09-01,5.35,5.35,4.93,5.31,5.31,11600.0,0.0,1.0
2016-09-02,5.24,5.2499,5.02,5.1,5.1,17200.0,0.0,1.0
2016-09-06,5.06,5.06,4.85,4.88,4.88,10000.0,0.0,1.0
2016-09-07,4.9,5.12,4.86,4.9,4.9,8300.0,0.0,1.0
2016-09-08,4.96,5.07,4.8601,5.07,5.07,9600.0,0.0,1.0
2016-09-09,5.0178,5.0178,4.75,4.86,4.86,4300.0,0.0,1.0
2016-09-12,4.76,5.05,4.76,4.96,4.96,8700.0,0.0,1.0
2016-09-13,4.96,5.12,4.96,5.01,5.01,6100.0,0.0,1.0
2016-09-14,5.09,5.1,4.96,5.1,5.1,15800.0,0.0,1.0
2016-09-15,5.1,5.12,4.98,5.06,5.06,9900.0,0.0,1.0
2016-09-16,5.03,5.12,4.91,5.12,5.12,20800.0,0.0,1.0
2016-09-19,5.05,5.235,5.05,5.2,5.2,12700.0,0.0,1.0
2016-09-20,5.14,5.22,5.14,5.195,5.195,11100.0,0.0,1.0
2016-09-21,5.22,5.34,5.22,5.27,5.27,8800.0,0.0,1.0
2016-09-22,5.25,5.31,5.2349,5.25,5.25,4000.0,0.0,1.0
2016-09-23,5.32,5.32,5.24,5.29,5.29,16800.0,0.0,1.0
2016-09-26,5.25,5.25,5.11,5.19,5.19,5900.0,0.0,1.0
2016-09-27,5.2,5.2,4.92,5.13,5.13,15400.0,0.0,1.0
2016-09-28,5.12,5.13,4.98,5.13,5.13,13200.0,0.0,1.0
2016-09-29,5.13,5.169,4.9,5.12,5.12,15100.0,0.0,1.0
2016-09-30,5.09,5.19,5.02,5.17,5.17,8900.0,0.0,1.0
2016-10-03,5.14,5.24,5.02,5.07,5.07,6500.0,0.0,1.0
2016-10-04,5.145,5.24,4.95,5.04,5.04,14200.0,0.0,1.0
2016-10-05,5.192,5.192,4.99,5.0,5.0,6200.0,0.0,1.0
2016-10-06,5.05,5.05,4.9,4.9,4.9,10300.0,0.0,1.0
2016-10-07,4.94,4.98,4.9,4.96,4.96,11100.0,0.0,1.0
2016-10-10,4.93,5.06,4.9008,5.03,5.03,19800.0,0.0,1.0
2016-10-11,5.1,5.1,4.98,5.0,5.0,36800.0,0.0,1.0
2016-10-12,5.066,5.066,4.93,4.96,4.96,2200.0,0.0,1.0
2016-10-13,4.99,5.03,4.99,4.99,4.99,4500.0,0.0,1.0
2016-10-14,5.05,5.05,4.94,5.0,5.0,21800.0,0.0,1.0
2016-10-17,5.0,5.005,4.95,4.95,4.95,4400.0,0.0,1.0
2016-10-18,5.0,5.047,4.77,4.93,4.93,24700.0,0.0,1.0
2016-10-19,4.9,4.9499,4.7501,4.85,4.85,22500.0,0.0,1.0
2016-10-20,4.89,5.05,4.84,4.92,4.92,44700.0,0.0,1.0
2016-10-21,5.0,5.0,4.93,5.0,5.0,29200.0,0.0,1.0
2016-10-24,5.15,5.335,5.0,5.27,5.27,74400.0,0.0,1.0
2016-10-25,5.25,5.55,5.25,5.55,5.55,81300.0,0.0,1.0
2016-10-26,5.56,5.58,5.3843,5.51,5.51,16900.0,0.0,1.0
2016-10-27,5.6,5.6,4.95,5.25,5.25,47200.0,0.0,1.0
2016-10-28,5.22,5.22,5.063,5.17,5.17,13700.0,0.0,1.0
2016-10-31,5.16,5.31,5.08,5.2,5.2,16400.0,0.0,1.0
2016-11-01,5.112,5.112,4.8028,5.0,5.0,28800.0,0.0,1.0
2016-11-02,5.04,5.04,4.7628,4.9,4.9,26700.0,0.0,1.0
2016-11-03,4.86,4.9514,4.84,4.84,4.84,16500.0,0.0,1.0
2016-11-04,4.86,4.9999,4.7,4.75,4.75,23600.0,0.0,1.0
2016-11-07,4.8,4.81,4.68,4.76,4.76,21400.0,0.0,1.0
2016-11-08,4.76,4.96,4.6821,4.75,4.75,12600.0,0.0,1.0
2016-11-09,4.67,4.78,4.55,4.56,4.56,27800.0,0.0,1.0
2016-11-10,4.6018,4.66,4.3,4.36,4.36,36800.0,0.0,1.0
2016-11-11,4.17,4.76,4.04,4.4,4.4,31800.0,0.0,1.0
2016-11-14,4.45,4.59,4.28,4.49,4.49,8600.0,0.0,1.0
2016-11-15,4.49,4.98,4.09,4.18,4.18,27600.0,0.0,1.0
2016-11-16,4.25,4.47,4.05,4.08,4.08,15200.0,0.0,1.0
2016-11-17,4.12,4.212,3.97,4.02,4.02,35000.0,0.0,1.0
2016-11-18,4.05,4.5,4.0171,4.27,4.27,65900.0,0.0,1.0
2016-11-21,4.18,4.5,4.0171,4.26,4.26,24000.0,0.0,1.0
2016-11-22,4.36,4.5,4.21,4.41,4.41,58400.0,0.0,1.0
2016-11-23,4.37,4.41,4.25,4.41,4.41,30000.0,0.0,1.0
2016-11-25,4.36,4.4,4.31,4.36,4.36,4200.0,0.0,1.0
2016-11-28,4.38,4.49,4.19,4.49,4.49,38100.0,0.0,1.0
2016-11-29,4.35,4.5,4.3,4.41,4.41,29000.0,0.0,1.0
2016-11-30,4.4,4.65,4.21,4.65,4.65,17000.0,0.0,1.0
2016-12-01,4.57,4.65,4.52,4.65,4.65,9900.0,0.0,1.0
2016-12-02,4.53,4.53,4.0261,4.1,4.1,40600.0,0.0,1.0
2016-12-05,4.01,4.05,3.9,3.9501,3.9501,35100.0,0.0,1.0
2016-12-06,3.91,4.0,3.91,3.93,3.93,18300.0,0.0,1.0
2016-12-07,3.911,4.04,3.911,4.0,4.0,17700.0,0.0,1.0
2016-12-08,4.06,4.15,3.95,3.96,3.96,43400.0,0.0,1.0
2016-12-09,4.02,4.0204,3.9,3.9,3.9,26400.0,0.0,1.0
2016-12-12,3.9,3.9667,3.75,3.76,3.76,42300.0,0.0,1.0
2016-12-13,3.73,3.7401,3.59,3.67,3.67,35500.0,0.0,1.0
2016-12-14,3.6,3.6799,3.531,3.64,3.64,22600.0,0.0,1.0
2016-12-15,3.63,3.668,3.5,3.53,3.53,29800.0,0.0,1.0
2016-12-16,3.57,3.58,3.42,3.43,3.43,32300.0,0.0,1.0
2016-12-19,3.5,3.5,3.2584,3.45,3.45,51700.0,0.0,1.0
2016-12-20,3.48,3.52,3.44,3.47,3.47,52600.0,0.0,1.0
2016-12-21,3.43,3.63,3.43,3.51,3.51,37100.0,0.0,1.0
2016-12-22,3.571,3.6449,3.37,3.43,3.43,18900.0,0.0,1.0
2016-12-23,3.44,3.48,3.3939,3.48,3.48,5300.0,0.0,1.0
2016-12-27,3.51,3.55,3.35,3.49,3.49,37700.0,0.0,1.0
2016-12-28,3.45,3.4603,3.25,3.27,3.27,55800.0,0.0,1.0
2016-12-29,3.23,3.3867,3.03,3.13,3.13,68100.0,0.0,1.0
2016-12-30,3.15,3.3,2.9702,3.3,3.3,100700.0,0.0,1.0
2017-01-03,3.37,3.37,3.15,3.15,3.15,50800.0,0.0,1.0
2017-01-04,3.2,3.62,3.1581,3.45,3.45,113200.0,0.0,1.0
2017-01-05,3.66,3.67,3.37,3.42,3.42,46100.0,0.0,1.0
2017-01-06,3.47,3.69,3.47,3.59,3.59,57700.0,0.0,1.0
2017-01-09,3.64,3.77,3.5,3.64,3.64,85600.0,0.0,1.0
2017-01-10,3.63,3.859,3.424,3.54,3.54,28800.0,0.0,1.0
2017-01-11,3.59,3.8011,3.29,3.38,3.38,62300.0,0.0,1.0
2017-01-12,3.4,3.42,3.17,3.18,3.18,57100.0,0.0,1.0
2017-01-13,3.17,3.28,3.01,3.01,3.01,27000.0,0.0,1.0
2017-01-17,3.04,3.14,2.75,2.83,2.83,81700.0,0.0,1.0
2017-01-18,2.76,2.91,2.53,2.6857,2.6857,197600.0,0.0,1.0
2017-01-19,2.59,2.613,2.5075,2.56,2.56,62100.0,0.0,1.0
2017-01-20,2.565,2.63,2.32,2.39,2.39,151700.0,0.0,1.0
2017-01-23,2.4,2.45,2.18,2.19,2.19,128000.0,0.0,1.0
2017-01-24,2.1,2.19,2.0201,2.11,2.11,131100.0,0.0,1.0
2017-01-25,2.1,2.3,2.0801,2.17,2.17,88800.0,0.0,1.0
2017-01-26,2.17,2.49,2.17,2.34,2.34,107700.0,0.0,1.0
2017-01-27,2.3501,2.429,2.25,2.25,2.25,48400.0,0.0,1.0
2017-01-30,2.25,2.2534,2.06,2.08,2.08,67400.0,0.0,1.0
2017-01-31,2.09,2.11,2.0,2.0,2.0,91100.0,0.0,1.0
2017-02-01,2.08,2.15,2.0,2.07,2.07,45400.0,0.0,1.0
2017-02-02,2.095,2.15,2.05,2.08,2.08,37900.0,0.0,1.0
2017-02-03,2.13,2.28,2.04,2.27,2.27,71500.0,0.0,1.0
2017-02-06,2.3,2.348,2.12,2.23,2.23,44500.0,0.0,1.0
2017-02-07,2.26,2.26,2.17,2.21,2.21,22400.0,0.0,1.0
2017-02-08,2.23,2.31,2.11,2.29,2.29,40400.0,0.0,1.0
2017-02-09,2.28,2.32,2.26,2.3,2.3,46900.0,0.0,1.0
2017-02-10,2.34,2.34,2.15,2.29,2.29,29600.0,0.0,1.0
2017-02-13,2.29,2.29,2.15,2.22,2.22,27900.0,0.0,1.0
2017-02-14,2.18,2.44,2.12,2.34,2.34,29000.0,0.0,1.0
2017-02-15,2.42,2.42,2.22,2.4,2.4,20700.0,0.0,1.0
2017-02-16,2.35,2.39,2.26,2.31,2.31,17500.0,0.0,1.0
2017-02-17,2.32,2.48,2.16,2.48,2.48,33300.0,0.0,1.0
2017-02-21,2.48,2.49,2.27,2.39,2.39,23300.0,0.0,1.0
2017-02-22,2.306,2.42,2.28,2.34,2.34,9200.0,0.0,1.0
2017-02-23,2.36,2.44,2.36,2.43,2.43,17400.0,0.0,1.0
2017-02-24,2.45,2.45,2.4,2.43,2.43,25100.0,0.0,1.0
2017-02-27,2.4,2.45,2.35,2.4,2.4,64900.0,0.0,1.0
2017-02-28,2.46,2.85,2.13,2.85,2.85,197800.0,0.0,1.0
2017-03-01,2.92,2.96,2.49,2.49,2.49,165200.0,0.0,1.0
2017-03-02,2.65,2.65,2.45,2.58,2.58,26200.0,0.0,1.0
2017-03-03,2.528,2.64,2.528,2.58,2.58,19700.0,0.0,1.0
2017-03-06,2.55,2.572,2.5,2.5,2.5,9200.0,0.0,1.0
2017-03-07,2.52,2.63,2.51,2.55,2.55,45500.0,0.0,1.0
2017-03-08,2.59,2.75,2.55,2.74,2.74,104900.0,0.0,1.0
2017-03-09,2.7,3.04,2.7,2.95,2.95,86300.0,0.0,1.0
2017-03-10,3.05,3.25,2.85,2.97,2.97,184800.0,0.0,1.0
2017-03-13,3.02,3.25,2.88,3.19,3.19,145200.0,0.0,1.0
2017-03-14,3.24,3.24,3.05,3.15,3.15,25700.0,0.0,1.0
2017-03-15,3.05,3.14,2.98,3.11,3.11,23400.0,0.0,1.0
2017-03-16,3.13,3.13,2.92,3.06,3.06,16700.0,0.0,1.0
2017-03-17,3.06,3.49,2.98,3.49,3.49,104500.0,0.0,1.0
2017-03-20,3.49,3.55,3.2,3.52,3.52,67300.0,0.0,1.0
2017-03-21,3.56,3.59,3.18,3.51,3.51,98400.0,0.0,1.0
2017-03-22,3.473,3.473,3.1,3.34,3.34,55300.0,0.0,1.0
2017-03-23,3.166,3.32,3.166,3.29,3.29,14300.0,0.0,1.0
2017-03-24,3.297,3.51,3.297,3.42,3.42,24900.0,0.0,1.0
2017-03-27,3.34,3.4,3.144,3.39,3.39,25200.0,0.0,1.0
2017-03-28,3.19,3.364,3.12,3.22,3.22,15600.0,0.0,1.0
2017-03-29,3.2,3.28,3.12,3.23,3.23,37600.0,0.0,1.0
2017-03-30,3.18,3.36,3.13,3.18,3.18,29700.0,0.0,1.0
2017-03-31,3.2,3.33,3.13,3.25,3.25,57500.0,0.0,1.0
2017-04-03,3.22,3.25,2.5,2.75,2.75,99000.0,0.0,1.0
2017-04-04,2.75,3.045,2.51,2.67,2.67,30800.0,0.0,1.0
2017-04-05,2.68,2.97,2.64,2.675,2.675,25700.0,0.0,1.0
2017-04-06,2.64,2.95,2.6,2.9,2.9,32400.0,0.0,1.0
2017-04-07,2.74,2.97,2.69,2.77,2.77,48000.0,0.0,1.0
2017-04-10,2.76,2.85,2.63,2.81,2.81,27800.0,0.0,1.0
2017-04-11,2.85,2.85,2.67,2.73,2.73,37400.0,0.0,1.0
2017-04-12,2.75,2.75,2.59,2.64,2.64,7200.0,0.0,1.0
2017-04-13,2.574,2.736,2.54,2.73,2.73,10700.0,0.0,1.0
2017-04-17,2.71,2.71,2.413,2.44,2.44,39500.0,0.0,1.0
2017-04-18,2.47,2.52,2.34,2.36,2.36,33600.0,0.0,1.0
2017-04-19,2.38,2.38,2.22,2.25,2.25,98800.0,0.0,1.0
2017-04-20,2.25,2.35,2.19,2.345,2.345,90800.0,0.0,1.0
2017-04-21,2.39,2.45,2.301,2.36,2.36,23300.0,0.0,1.0
2017-04-24,2.35,2.38,2.27,2.33,2.33,21200.0,0.0,1.0
2017-04-25,2.325,2.47,2.32,2.35,2.35,13200.0,0.0,1.0
2017-04-26,2.37,2.43,2.35,2.38,2.38,20700.0,0.0,1.0
2017-04-27,2.362,2.4,2.35,2.36,2.36,13500.0,0.0,1.0
2017-04-28,2.37,2.65,2.31,2.65,2.65,14300.0,0.0,1.0
2017-05-01,2.68,2.755,2.58,2.68,2.68,15600.0,0.0,1.0
2017-05-02,2.7,2.7,2.41,2.6,2.6,24900.0,0.0,1.0
2017-05-03,2.5,2.55,2.33,2.38,2.38,47000.0,0.0,1.0
2017-05-04,2.37,2.51,2.3,2.43,2.43,50800.0,0.0,1.0
2017-05-05,2.419,2.43,2.33,2.4,2.4,20800.0,0.0,1.0
2017-05-08,2.32,2.34,2.3,2.3,2.3,15800.0,0.0,1.0
2017-05-09,2.3,2.345,2.3,2.345,2.345,14600.0,0.0,1.0
2017-05-10,2.33,2.34,2.28,2.34,2.34,19800.0,0.0,1.0
2017-05-11,2.35,2.365,2.11,2.18,2.18,61400.0,0.0,1.0
2017-05-12,2.18,2.37,2.11,2.34,2.34,29200.0,0.0,1.0
2017-05-15,2.42,2.55,2.305,2.54,2.54,21301.0,0.0,1.0
2017-05-16,2.5,2.6,2.44,2.6,2.6,45731.0,0.0,1.0
2017-05-17,2.55,2.56,2.31,2.36,2.36,7399.0,0.0,1.0
2017-05-18,2.31,2.43,2.31,2.33,2.33,8923.0,0.0,1.0
2017-05-19,2.34,2.367,2.28,2.33,2.33,10397.0,0.0,1.0
2017-05-22,2.32,2.43,2.3,2.42,2.42,17408.0,0.0,1.0
2017-05-23,2.4,2.43,2.23,2.23,2.23,4669.0,0.0,1.0
2017-05-24,2.38,2.4,2.35,2.37,2.37,22169.0,0.0,1.0
2017-05-25,2.38,2.4,2.279,2.39,2.39,14623.0,0.0,1.0
2017-05-26,2.4,2.54,2.36,2.54,2.54,27888.0,0.0,1.0
2017-05-30,2.52,2.8,2.33,2.41,2.41,254298.0,0.0,1.0
2017-05-31,2.39,2.61,2.3,2.57,2.57,45895.0,0.0,1.0
2017-06-01,2.56,2.56,2.315,2.48,2.48,13823.0,0.0,1.0
2017-06-02,2.47,2.57,2.36,2.5,2.5,7924.0,0.0,1.0
2017-06-05,2.55,2.62,2.4,2.62,2.62,22875.0,0.0,1.0
2017-06-06,2.6,2.64,2.444,2.64,2.64,16931.0,0.0,1.0
2017-06-07,2.65,2.65,2.54,2.6,2.6,29001.0,0.0,1.0
2017-06-08,2.6,2.63,2.54,2.59,2.59,13697.0,0.0,1.0
2017-06-09,2.58,2.58,2.29,2.3,2.3,39042.0,0.0,1.0
2017-06-12,2.32,2.37,2.26,2.26,2.26,33507.0,0.0,1.0
2017-06-13,2.26,2.3,2.23,2.29,2.29,73410.0,0.0,1.0
2017-06-14,2.277,2.29,2.22,2.29,2.29,14087.0,0.0,1.0
2017-06-15,2.245,2.27,2.2,2.22,2.22,14094.0,0.0,1.0
2017-06-16,2.22,2.29,2.14,2.14,2.14,53240.0,0.0,1.0
2017-06-19,2.14,2.26,2.14,2.26,2.26,40827.0,0.0,1.0
2017-06-20,2.27,2.27,2.1,2.15,2.15,19417.0,0.0,1.0
2017-06-21,2.19,2.21,2.07,2.11,2.11,38858.0,0.0,1.0
2017-06-22,2.07,2.2,2.07,2.16,2.16,22346.0,0.0,1.0
2017-06-23,2.24,2.28,2.07,2.14,2.14,106127.0,0.0,1.0
2017-06-26,2.13,2.2,2.06,2.18,2.18,31195.0,0.0,1.0
2017-06-27,2.18,2.2,2.1,2.12,2.12,27519.0,0.0,1.0
2017-06-28,2.12,2.12,2.064,2.07,2.07,13419.0,0.0,1.0
2017-06-29,2.08,2.1,2.03,2.1,2.1,14861.0,0.0,1.0
2017-06-30,2.06,2.1,2.04,2.1,2.1,23102.0,0.0,1.0
2017-07-03,2.14,2.14,2.04,2.13,2.13,6144.0,0.0,1.0
2017-07-05,2.07,2.15,2.07,2.08,2.08,16968.0,0.0,1.0
2017-07-06,2.05,2.12,2.05,2.08,2.08,9330.0,0.0,1.0
2017-07-07,2.08,2.12,2.034,2.12,2.12,8538.0,0.0,1.0
2017-07-10,2.26,2.35,2.25,2.29,2.29,162518.0,0.0,1.0
2017-07-11,2.32,2.35,2.26,2.27,2.27,16958.0,0.0,1.0
2017-07-12,2.28,2.33,2.26,2.26,2.26,27908.0,0.0,1.0
2017-07-13,2.29,2.29,2.22,2.29,2.29,16392.0,0.0,1.0
2017-07-14,2.28,2.446,2.28,2.39,2.39,155558.0,0.0,1.0
2017-07-17,2.35,2.439,2.33,2.35,2.35,40232.0,0.0,1.0
2017-07-18,2.35,2.35,2.16,2.27,2.27,49896.0,0.0,1.0
2017-07-19,2.25,2.35,2.15,2.3,2.3,59246.0,0.0,1.0
2017-07-20,2.34,2.39,2.269,2.32,2.32,34826.0,0.0,1.0
2017-07-21,2.32,2.63,2.22,2.62,2.62,1570488.0,0.0,1.0
2017-07-24,2.7,3.06,2.67,2.77,2.77,1007359.0,0.0,1.0
2017-07-25,2.87,2.89,2.7,2.79,2.79,199832.0,0.0,1.0
2017-07-26,2.89,3.0,2.8,2.85,2.85,254713.0,0.0,1.0
2017-07-27,3.25,3.29,2.95,3.03,3.03,727970.0,0.0,1.0
2017-07-28,3.1,3.1,2.9,2.98,2.98,254551.0,0.0,1.0
2017-07-31,3.01,3.039,2.85,2.95,2.95,240561.0,0.0,1.0
2017-08-01,2.95,2.95,2.63,2.68,2.68,188827.0,0.0,1.0
2017-08-02,2.64,2.64,2.375,2.48,2.48,251673.0,0.0,1.0
2017-08-03,2.45,2.513,2.44,2.46,2.46,89885.0,0.0,1.0
2017-08-04,2.46,2.551,2.29,2.36,2.36,156607.0,0.0,1.0
2017-08-07,2.4,2.468,2.2,2.22,2.22,161624.0,0.0,1.0
2017-08-08,2.22,2.25,2.025,2.1397,2.1397,248149.0,0.0,1.0
2017-08-09,2.08,2.14,1.93,2.04,2.04,191197.0,0.0,1.0
2017-08-10,2.05,2.3,1.91,2.16,2.16,178139.0,0.0,1.0
2017-08-11,1.96,2.3404,1.96,2.23,2.23,188562.0,0.0,1.0
2017-08-14,2.3,2.36,2.15,2.31,2.31,119571.0,0.0,1.0
2017-08-15,2.34,2.56,2.31,2.38,2.38,101428.0,0.0,1.0
2017-08-16,2.44,2.44,2.25,2.36,2.36,89190.0,0.0,1.0
2017-08-17,2.43,2.43,2.25,2.42,2.42,97897.0,0.0,1.0
2017-08-18,2.42,2.42,2.3,2.31,2.31,57875.0,0.0,1.0
2017-08-21,2.4,2.4,2.27,2.35,2.35,49624.0,0.0,1.0
2017-08-22,2.35,2.43,2.284,2.34,2.34,82602.0,0.0,1.0
2017-08-23,2.35,2.41,2.28,2.35,2.35,38928.0,0.0,1.0
2017-08-24,2.35,2.48,2.25,2.48,2.48,86500.0,0.0,1.0
2017-08-25,2.52,2.59,2.35,2.38,2.38,83021.0,0.0,1.0
2017-08-28,2.47,2.56,2.42,2.51,2.51,36124.0,0.0,1.0
2017-08-29,2.5,2.6,2.481,2.55,2.55,39004.0,0.0,1.0
2017-08-30,2.5,2.53,2.45,2.46,2.46,45626.0,0.0,1.0
2017-08-31,2.5,2.501,2.42,2.43,2.43,57615.0,0.0,1.0
2017-09-01,2.42,2.8,2.38,2.6405,2.6405,494020.0,0.0,1.0
2017-09-05,2.94,2.94,2.6743,2.75,2.75,522591.0,0.0,1.0
2017-09-06,2.75,2.8,2.7,2.79,2.79,155462.0,0.0,1.0
2017-09-07,2.8,2.875,2.65,2.73,2.73,174761.0,0.0,1.0
2017-09-08,2.65,2.8,2.64,2.74,2.74,83110.0,0.0,1.0
2017-09-11,2.73,2.841,2.65,2.71,2.71,128663.0,0.0,1.0
2017-09-12,2.85,2.85,2.67,2.69,2.69,99853.0,0.0,1.0
2017-09-13,2.65,2.7,2.64,2.65,2.65,93611.0,0.0,1.0
2017-09-14,2.65,2.75,2.5,2.54,2.54,125114.0,0.0,1.0
2017-09-15,2.51,2.6,2.35,2.42,2.42,124309.0,0.0,1.0
2017-09-18,2.5,2.63,2.5,2.56,2.56,104863.0,0.0,1.0
2017-09-19,2.55,2.7,2.55,2.59,2.59,90643.0,0.0,1.0
2017-09-20,2.7,2.74,2.62,2.63,2.63,103344.0,0.0,1.0
2017-09-21,2.64,2.74,2.6,2.69,2.69,100121.0,0.0,1.0
2017-09-22,2.71,2.78,2.66,2.75,2.75,128143.0,0.0,1.0
2017-09-25,2.74,2.81,2.717,2.73,2.73,135536.0,0.0,1.0
2017-09-26,2.75,2.751,2.7,2.72,2.72,44461.0,0.0,1.0
2017-09-27,2.79,2.85,2.74,2.78,2.78,105177.0,0.0,1.0
2017-09-28,2.76,2.8,2.65,2.68,2.68,78194.0,0.0,1.0
2017-09-29,2.68,2.8,2.5,2.59,2.59,125588.0,0.0,1.0
2017-10-02,2.6,2.674,2.5,2.51,2.51,55266.0,0.0,1.0
2017-10-03,2.51,2.541,2.35,2.35,2.35,108454.0,0.0,1.0
2017-10-04,2.35,2.46,2.35,2.4,2.4,86943.0,0.0,1.0
2017-10-05,2.4,2.495,2.4,2.44,2.44,52434.0,0.0,1.0
2017-10-06,2.45,2.6,2.4,2.43,2.43,52868.0,0.0,1.0
2017-10-09,2.45,2.593,2.42,2.52,2.52,47645.0,0.0,1.0
2017-10-10,2.5,2.541,2.42,2.43,2.43,122192.0,0.0,1.0
2017-10-11,2.4,2.51,2.4,2.41,2.41,51085.0,0.0,1.0
2017-10-12,2.4,2.435,2.3,2.3,2.3,68112.0,0.0,1.0
2017-10-13,2.35,2.35,2.28,2.28,2.28,61960.0,0.0,1.0
2017-10-16,2.28,2.281,2.25,2.25,2.25,111538.0,0.0,1.0
2017-10-17,2.25,2.3,2.1,2.1,2.1,149191.0,0.0,1.0
2017-10-18,2.1,2.2,2.02,2.02,2.02,100157.0,0.0,1.0
2017-10-19,2.02,2.09,1.91,1.93,1.93,151167.0,0.0,1.0
2017-10-20,1.95,2.199,1.95,2.16,2.16,121582.0,0.0,1.0
2017-10-23,2.15,2.23,2.02,2.05,2.05,81619.0,0.0,1.0
2017-10-24,2.05,2.135,2.03,2.03,2.03,65687.0,0.0,1.0
2017-10-25,2.04,2.1,2.011,2.077,2.077,42260.0,0.0,1.0
2017-10-26,2.05,2.08,2.05,2.05,2.05,31186.0,0.0,1.0
2017-10-27,2.03,2.069,1.95,1.95,1.95,68287.0,0.0,1.0
2017-10-30,1.91,1.97,1.91,1.94,1.94,48580.0,0.0,1.0
2017-10-31,1.94,2.1,1.94,2.08,2.08,53701.0,0.0,1.0
2017-11-01,2.07,2.24,2.03,2.08,2.08,45314.0,0.0,1.0
2017-11-02,2.06,2.12,1.95,2.1,2.1,60573.0,0.0,1.0
2017-11-03,2.12,2.23,2.01,2.06,2.06,44301.0,0.0,1.0
2017-11-06,2.12,2.15,2.05,2.07,2.07,58194.0,0.0,1.0
2017-11-07,2.05,2.12,2.03,2.05,2.05,55016.0,0.0,1.0
2017-11-08,2.06,2.15,2.06,2.11,2.11,37487.0,0.0,1.0
2017-11-09,2.14,2.152,2.08,2.08,2.08,36596.0,0.0,1.0
2017-11-10,2.08,2.17,2.04,2.04,2.04,85759.0,0.0,1.0
2017-11-13,2.02,2.063,1.45,1.56,1.56,562861.0,0.0,1.0
2017-11-14,1.54,1.65,1.5,1.51,1.51,131958.0,0.0,1.0
2017-11-15,1.61,1.61,1.451,1.5,1.5,101586.0,0.0,1.0
2017-11-16,1.49,1.54,1.46,1.47,1.47,80523.0,0.0,1.0
2017-11-17,1.46,1.53,1.46,1.49,1.49,90012.0,0.0,1.0
2017-11-20,1.5,1.58,1.4,1.57,1.57,151677.0,0.0,1.0
2017-11-21,1.56,1.62,1.48,1.59,1.59,115589.0,0.0,1.0
2017-11-22,1.6,1.7,1.6,1.68,1.68,77537.0,0.0,1.0
2017-11-24,1.69,1.69,1.56,1.67,1.67,24283.0,0.0,1.0
2017-11-27,1.66,1.7613,1.4514,1.75,1.75,232578.0,0.0,1.0
2017-11-28,1.77,2.0499,1.72,2.02,2.02,368246.0,0.0,1.0
2017-11-29,2.02,2.0424,1.81,1.93,1.93,83988.0,0.0,1.0
2017-11-30,1.91,1.9342,1.7025,1.83,1.83,82228.0,0.0,1.0
2017-12-01,1.8,1.8301,1.7,1.71,1.71,32486.0,0.0,1.0
2017-12-04,1.67,1.6814,1.58,1.63,1.63,68626.0,0.0,1.0
2017-12-05,1.61,1.71,1.6,1.71,1.71,24405.0,0.0,1.0
2017-12-06,1.66,1.6999,1.601,1.65,1.65,45008.0,0.0,1.0
2017-12-07,1.63,1.64,1.49,1.5,1.5,115341.0,0.0,1.0
2017-12-08,1.54,1.61,1.54,1.6,1.6,29331.0,0.0,1.0
2017-12-11,1.59,1.8,1.56,1.62,1.62,108862.0,0.0,1.0
2017-12-12,1.62,1.63,1.5,1.55,1.55,80458.0,0.0,1.0
2017-12-13,1.55,1.57,1.45,1.46,1.46,72892.0,0.0,1.0
2017-12-14,1.47,1.537,1.431,1.4601,1.4601,62675.0,0.0,1.0
2017-12-15,1.48,1.54,1.42,1.42,1.42,67477.0,0.0,1.0
2017-12-18,1.4,1.469,1.35,1.3511,1.3511,120534.0,0.0,1.0
2017-12-19,1.35,1.38,1.2,1.27,1.27,263503.0,0.0,1.0
2017-12-20,1.23,1.33,1.21,1.26,1.26,114251.0,0.0,1.0
2017-12-21,1.31,1.31,1.15,1.18,1.18,194106.0,0.0,1.0
2017-12-22,1.18,1.35,1.0993,1.314,1.314,570834.0,0.0,1.0
2017-12-26,1.41,2.2,1.4,1.66,1.66,5064425.0,0.0,1.0
2017-12-27,1.87,2.85,1.75,1.99,1.99,11250526.0,0.0,1.0
2017-12-28,2.0,2.17,1.65,1.71,1.71,1761905.0,0.0,1.0
2017-12-29,1.72,1.73,1.33,1.42,1.42,2376060.0,0.0,1.0
2018-01-02,1.41,1.65,1.3031,1.56,1.56,1433456.0,0.0,1.0
2018-01-03,1.55,1.6,1.41,1.43,1.43,550542.0,0.0,1.0
2018-01-04,1.48,1.5,1.38,1.41,1.41,321329.0,0.0,1.0
2018-01-05,1.39,1.48,1.35,1.4,1.4,497369.0,0.0,1.0
2018-01-08,1.42,1.5,1.35,1.41,1.41,587013.0,0.0,1.0
2018-01-09,1.41,1.43,1.32,1.32,1.32,339121.0,0.0,1.0
2018-01-10,1.32,1.385,1.27,1.37,1.37,396106.0,0.0,1.0
2018-01-11,1.37,1.4,1.33,1.38,1.38,216214.0,0.0,1.0
2018-01-12,1.37,1.45,1.33,1.335,1.335,637591.0,0.0,1.0
2018-01-16,1.33,1.38,1.27,1.28,1.28,397817.0,0.0,1.0
2018-01-17,1.35,1.37,1.25,1.28,1.28,533704.0,0.0,1.0
2018-01-18,1.31,1.33,1.27,1.28,1.28,213908.0,0.0,1.0
2018-01-19,1.27,1.32,1.19,1.23,1.23,389674.0,0.0,1.0
2018-01-22,1.27,1.27,1.19,1.21,1.21,266715.0,0.0,1.0
2018-01-23,1.25,1.25,1.15,1.21,1.21,453292.0,0.0,1.0
2018-01-24,1.21,1.47,1.15,1.4627,1.4627,3898555.0,0.0,1.0
2018-01-25,1.49,1.5,1.26,1.3198,1.3198,1264162.0,0.0,1.0
2018-01-26,1.3,1.3,1.22,1.25,1.25,478618.0,0.0,1.0
2018-01-29,1.25,1.26,1.2,1.26,1.26,234534.0,0.0,1.0
2018-01-30,1.22,1.269,1.181,1.24,1.24,435260.0,0.0,1.0
2018-01-31,1.25,1.25,1.16,1.23,1.23,287426.0,0.0,1.0
2018-02-01,1.22,1.28,1.19,1.22,1.22,179583.0,0.0,1.0
2018-02-02,1.22,1.23,1.17,1.23,1.23,177031.0,0.0,1.0
2018-02-05,1.21,1.39,1.2,1.29,1.29,1049060.0,0.0,1.0
2018-02-06,1.29,1.35,1.22,1.34,1.34,374380.0,0.0,1.0
2018-02-07,1.33,1.35,1.25,1.29,1.29,324107.0,0.0,1.0
2018-02-08,1.29,1.29,1.17,1.2,1.2,312075.0,0.0,1.0
2018-02-09,1.2,1.2192,1.08,1.13,1.13,480911.0,0.0,1.0
2018-02-12,1.15,1.17,1.06,1.17,1.17,674119.0,0.0,1.0
2018-02-13,1.17,1.17,1.1,1.12,1.12,213539.0,0.0,1.0
2018-02-14,1.11,1.2,1.0901,1.199,1.199,245328.0,0.0,1.0
2018-02-15,1.18,1.2,1.15,1.19,1.19,140868.0,0.0,1.0
2018-02-16,1.18,1.25,1.17,1.2004,1.2004,496323.0,0.0,1.0
2018-02-20,1.19,1.24,1.17,1.18,1.18,355026.0,0.0,1.0
2018-02-21,1.169,1.18,1.16,1.16,1.16,81721.0,0.0,1.0
2018-02-22,1.16,1.19,1.1402,1.19,1.19,77433.0,0.0,1.0
2018-02-23,1.19,1.28,1.17,1.23,1.23,327974.0,0.0,1.0
2018-02-26,1.25,1.2627,1.2,1.24,1.24,188289.0,0.0,1.0
2018-02-27,1.24,1.26,1.19,1.2099,1.2099,160693.0,0.0,1.0
2018-02-28,1.23,1.23,1.16,1.19,1.19,161971.0,0.0,1.0
2018-03-01,1.19,1.2199,1.17,1.21,1.21,115332.0,0.0,1.0
2018-03-02,1.21,1.33,1.2,1.32,1.32,627672.0,0.0,1.0
2018-03-05,1.37,1.49,1.33,1.36,1.36,1109371.0,0.0,1.0
2018-03-06,1.37,1.3704,1.25,1.28,1.28,420334.0,0.0,1.0
2018-03-07,1.23,1.28,1.09,1.25,1.25,833069.0,0.0,1.0
2018-03-08,1.25,1.28,1.22,1.255,1.255,310917.0,0.0,1.0
2018-03-09,1.28,1.28,1.23,1.27,1.27,173684.0,0.0,1.0
2018-03-12,1.3,1.3157,1.23,1.25,1.25,223678.0,0.0,1.0
2018-03-13,1.25,1.289,1.22,1.22,1.22,129868.0,0.0,1.0
2018-03-14,1.24,1.24,1.19,1.2,1.2,156864.0,0.0,1.0
2018-03-15,1.2,1.24,1.16,1.17,1.17,190860.0,0.0,1.0
2018-03-16,1.18,1.18,1.111,1.16,1.16,180705.0,0.0,1.0
2018-03-19,1.13,1.2099,1.12,1.15,1.15,417703.0,0.0,1.0
2018-03-20,1.17,1.17,1.11,1.1125,1.1125,147642.0,0.0,1.0
2018-03-21,1.11,1.15,1.1,1.13,1.13,157832.0,0.0,1.0
2018-03-22,1.13,1.19,1.11,1.14,1.14,251209.0,0.0,1.0
2018-03-23,1.14,1.27,1.13,1.2,1.2,511034.0,0.0,1.0
2018-03-26,1.19,1.1911,1.13,1.16,1.16,108939.0,0.0,1.0
2018-03-27,1.18,1.18,1.13,1.15,1.15,64449.0,0.0,1.0
2018-03-28,1.16,1.16,1.1,1.14,1.14,149407.0,0.0,1.0
2018-03-29,1.13,1.14,1.1022,1.14,1.14,30717.0,0.0,1.0
2018-04-02,1.14,1.27,1.11,1.23,1.23,603809.0,0.0,1.0
2018-04-03,1.22,1.25,1.19,1.2,1.2,73582.0,0.0,1.0
2018-04-04,1.19,1.27,1.19,1.25,1.25,88460.0,0.0,1.0
2018-04-05,1.24,1.34,1.211,1.3,1.3,433353.0,0.0,1.0
2018-04-06,1.29,1.34,1.26,1.26,1.26,167389.0,0.0,1.0
2018-04-09,1.3,1.3,1.181,1.2,1.2,164170.0,0.0,1.0
2018-04-10,1.22,1.289,1.2036,1.2802,1.2802,24553.0,0.0,1.0
2018-04-11,1.27,1.2894,1.21,1.25,1.25,41500.0,0.0,1.0
2018-04-12,1.24,1.285,1.23,1.25,1.25,56227.0,0.0,1.0
2018-04-13,1.26,1.43,1.2404,1.3898,1.3898,1382445.0,0.0,1.0
2018-04-16,1.37,1.53,1.3602,1.45,1.45,817938.0,0.0,1.0
2018-04-17,1.47,1.5055,1.3289,1.39,1.39,281708.0,0.0,1.0
2018-04-18,1.4,1.4,1.35,1.35,1.35,82378.0,0.0,1.0
2018-04-19,1.34,1.34,1.25,1.28,1.28,128716.0,0.0,1.0
2018-04-20,1.2739,1.29,1.22,1.2266,1.2266,140201.0,0.0,1.0
2018-04-23,1.22,1.23,1.19,1.21,1.21,44656.0,0.0,1.0
2018-04-24,1.21,1.2696,1.19,1.24,1.24,149937.0,0.0,1.0
2018-04-25,1.23,1.26,1.2,1.2097,1.2097,105696.0,0.0,1.0
2018-04-26,1.22,1.229,1.13,1.17,1.17,64192.0,0.0,1.0
2018-04-27,1.18,1.23,1.14,1.22,1.22,208170.0,0.0,1.0
2018-04-30,1.21,1.2199,1.19,1.2,1.2,18595.0,0.0,1.0
2018-05-01,1.19,1.23,1.19,1.21,1.21,56301.0,0.0,1.0
2018-05-02,1.2,1.29,1.2,1.22,1.22,115671.0,0.0,1.0
2018-05-03,1.29,1.34,1.25,1.2991,1.2991,513520.0,0.0,1.0
2018-05-04,1.3,1.42,1.25,1.26,1.26,470837.0,0.0,1.0
2018-05-07,1.29,1.29,1.23,1.26,1.26,73220.0,0.0,1.0
2018-05-08,1.26,1.289,1.24,1.24,1.24,51680.0,0.0,1.0
2018-05-09,1.25,1.3999,1.2401,1.35,1.35,577035.0,0.0,1.0
2018-05-10,1.34,1.34,1.221,1.26,1.26,272016.0,0.0,1.0
2018-05-11,1.25,1.25,1.18,1.23,1.23,134171.0,0.0,1.0
2018-05-14,1.23,1.23,1.2,1.21,1.21,67416.0,0.0,1.0
2018-05-15,1.21,1.23,1.2,1.21,1.21,66137.0,0.0,1.0
2018-05-16,1.22,1.2675,1.21,1.21,1.21,57343.0,0.0,1.0
2018-05-17,1.21,1.23,1.21,1.23,1.23,23497.0,0.0,1.0
2018-05-18,1.22,1.25,1.22,1.25,1.25,42782.0,0.0,1.0
2018-05-21,1.26,1.26,1.23,1.23,1.23,30768.0,0.0,1.0
2018-05-22,1.22,1.24,1.22,1.2252,1.2252,31601.0,0.0,1.0
2018-05-23,1.23,1.23,1.2,1.2,1.2,29730.0,0.0,1.0
2018-05-24,1.2,1.24,1.2,1.23,1.23,23508.0,0.0,1.0
2018-05-25,1.25,1.25,1.2,1.23,1.23,13810.0,0.0,1.0
2018-05-29,1.2,1.23,1.2,1.21,1.21,55794.0,0.0,1.0
2018-05-30,1.21,1.2254,1.16,1.19,1.19,52121.0,0.0,1.0
2018-05-31,1.18,1.22,1.18,1.19,1.19,10648.0,0.0,1.0
2018-06-01,1.18,1.218,1.18,1.21,1.21,39040.0,0.0,1.0
2018-06-04,1.2,1.21,1.18,1.19,1.19,27145.0,0.0,1.0
2018-06-05,1.18,1.21,1.16,1.16,1.16,48967.0,0.0,1.0
2018-06-06,1.15,1.18,1.15,1.15,1.15,50728.0,0.0,1.0
2018-06-07,1.15,1.2,1.15,1.195,1.195,215285.0,0.0,1.0
2018-06-08,1.1964,1.24,1.165,1.17,1.17,150697.0,0.0,1.0
2018-06-11,1.17,1.17,1.16,1.17,1.17,39681.0,0.0,1.0
2018-06-12,1.17,1.2,1.17,1.18,1.18,56853.0,0.0,1.0
2018-06-13,1.171,1.2,1.17,1.181,1.181,52341.0,0.0,1.0
2018-06-14,1.18,1.2,1.16,1.16,1.16,29872.0,0.0,1.0
2018-06-15,1.15,1.1893,1.15,1.17,1.17,36683.0,0.0,1.0
2018-06-18,1.16,1.18,1.15,1.15,1.15,69866.0,0.0,1.0
2018-06-19,1.15,1.19,1.12,1.13,1.13,80458.0,0.0,1.0
2018-06-20,1.12,1.15,1.12,1.13,1.13,70176.0,0.0,1.0
2018-06-21,1.13,1.1499,1.08,1.12,1.12,75111.0,0.0,1.0
2018-06-22,1.12,1.14,1.07,1.07,1.07,102207.0,0.0,1.0
2018-06-25,1.1,1.101,1.07,1.08,1.08,47004.0,0.0,1.0
2018-06-26,1.09,1.129,1.0831,1.1,1.1,38205.0,0.0,1.0
2018-06-27,1.1114,1.1499,1.11,1.12,1.12,40712.0,0.0,1.0
2018-06-28,1.1212,1.17,1.0,1.05,1.05,193368.0,0.0,1.0
2018-06-29,1.05,1.06,1.05,1.06,1.06,24412.0,0.0,1.0
2018-07-02,1.05,1.06,1.05,1.059,1.059,25279.0,0.0,1.0
2018-07-03,1.06,1.099,1.02,1.09,1.09,28790.0,0.0,1.0
2018-07-05,1.09,1.09,1.06,1.08,1.08,4781.0,0.0,1.0
2018-07-06,1.08,1.1,1.02,1.07,1.07,52363.0,0.0,1.0
2018-07-09,1.05,1.06,1.04,1.049,1.049,54466.0,0.0,1.0
2018-07-10,1.05,1.06,1.0,1.01,1.01,151375.0,0.0,1.0
2018-07-11,1.0,1.01,0.92,0.97,0.97,135019.0,0.0,1.0
2018-07-12,0.94,1.004,0.93,0.9347,0.9347,55362.0,0.0,1.0
2018-07-13,0.93,1.09,0.92,1.03,1.03,434188.0,0.0,1.0
2018-07-16,1.03,1.0338,0.9501,0.9999,0.9999,139472.0,0.0,1.0
2018-07-17,1.0,1.0,0.9611,0.9611,0.9611,54009.0,0.0,1.0
2018-07-18,0.96,0.98,0.95,0.97,0.97,11765.0,0.0,1.0
2018-07-19,0.97,0.99,0.97,0.98,0.98,23248.0,0.0,1.0
2018-07-20,1.0,1.1,0.98,1.09,1.09,194074.0,0.0,1.0
2018-07-23,1.1,1.14,1.0,1.04,1.04,293228.0,0.0,1.0
2018-07-24,1.03,1.0339,0.97,0.97,0.97,36189.0,0.0,1.0
2018-07-25,0.98,0.99,0.93,0.9509,0.9509,55380.0,0.0,1.0
2018-07-26,0.95,0.966,0.92,0.93,0.93,22286.0,0.0,1.0
2018-07-27,0.96,0.96,0.85,0.8999,0.8999,78737.0,0.0,1.0
2018-07-30,0.88,0.8805,0.85,0.87,0.87,45638.0,0.0,1.0
2018-07-31,0.9,0.9,0.748,0.8,0.8,103427.0,0.0,1.0
2018-08-01,0.8,0.8901,0.8,0.8301,0.8301,37495.0,0.0,1.0
2018-08-02,0.83,0.86,0.8002,0.83,0.83,30514.0,0.0,1.0
2018-08-03,0.82,0.87,0.784,0.81,0.81,43622.0,0.0,1.0
2018-08-06,0.84,0.8459,0.8,0.81,0.81,29964.0,0.0,1.0
2018-08-07,0.808,0.82,0.79,0.795,0.795,23149.0,0.0,1.0
2018-08-08,0.78,0.7962,0.7501,0.7962,0.7962,37760.0,0.0,1.0
2018-08-09,0.77,0.7962,0.712,0.7488,0.7488,211653.0,0.0,1.0
2018-08-10,0.7151,0.789,0.65,0.7001,0.7001,105625.0,0.0,1.0
2018-08-13,0.722,0.74,0.6801,0.7222,0.7222,136956.0,0.0,1.0
2018-08-14,0.8,0.8098,0.72,0.73,0.73,152537.0,0.0,1.0
2018-08-15,0.75,0.75,0.7,0.73,0.73,9645.0,0.0,1.0
2018-08-16,0.73,0.73,0.68,0.72,0.72,57486.0,0.0,1.0
2018-08-17,0.72,0.72,0.62,0.6811,0.6811,71353.0,0.0,1.0
2018-08-20,0.6811,0.6811,0.64,0.66,0.66,51993.0,0.0,1.0
2018-08-21,0.6811,0.77,0.652,0.75,0.75,513015.0,0.0,1.0
2018-08-22,0.748,0.77,0.72,0.77,0.77,35608.0,0.0,1.0
2018-08-23,0.7798,0.7798,0.68,0.718,0.718,182514.0,0.0,1.0
2018-08-24,0.749,0.749,0.6825,0.6849,0.6849,100806.0,0.0,1.0
2018-08-27,0.685,0.71,0.65,0.671,0.671,99901.0,0.0,1.0
2018-08-28,0.68,0.71,0.67,0.675,0.675,68654.0,0.0,1.0
2018-08-29,0.66,0.6977,0.65,0.6799,0.6799,30563.0,0.0,1.0
2018-08-30,0.67,0.68,0.65,0.65,0.65,38051.0,0.0,1.0
2018-08-31,0.71,0.71,0.6502,0.6603,0.6603,41305.0,0.0,1.0
2018-09-04,0.65,0.68,0.65,0.6701,0.6701,137741.0,0.0,1.0
2018-09-05,0.6601,0.6789,0.6002,0.67,0.67,106989.0,0.0,1.0
2018-09-06,0.665,0.67,0.6202,0.64,0.64,48584.0,0.0,1.0
2018-09-07,0.64,0.64,0.6101,0.6202,0.6202,45964.0,0.0,1.0
2018-09-10,0.64,0.6788,0.602,0.607,0.607,111842.0,0.0,1.0
2018-09-11,0.61,0.646,0.61,0.6291,0.6291,19537.0,0.0,1.0
2018-09-12,0.62,0.67,0.62,0.666,0.666,84472.0,0.0,1.0
2018-09-13,0.63,0.6689,0.62,0.647,0.647,32321.0,0.0,1.0
2018-09-14,0.62,0.66,0.61,0.622,0.622,56557.0,0.0,1.0
2018-09-17,0.622,0.622,0.6,0.602,0.602,126108.0,0.0,1.0
2018-09-18,0.6,0.63,0.6,0.6251,0.6251,84836.0,0.0,1.0
2018-09-19,0.62,0.68,0.62,0.68,0.68,52207.0,0.0,1.0
2018-09-20,0.68,0.7,0.62,0.7,0.7,76620.0,0.0,1.0
2018-09-21,0.69,0.69,0.64,0.69,0.69,117101.0,0.0,1.0
2018-09-24,0.6432,0.672,0.63,0.6604,0.6604,67084.0,0.0,1.0
2018-09-25,0.6604,0.71,0.6319,0.69,0.69,129302.0,0.0,1.0
2018-09-26,0.6471,0.69,0.6401,0.641,0.641,28618.0,0.0,1.0
2018-09-27,0.65,0.673,0.641,0.6511,0.6511,21435.0,0.0,1.0
2018-09-28,0.641,0.65,0.6355,0.637,0.637,20909.0,0.0,1.0
2018-10-01,0.65,0.6601,0.64,0.642,0.642,45281.0,0.0,1.0
2018-10-02,0.62,0.64,0.571,0.5953,0.5953,185884.0,0.0,1.0
2018-10-03,0.62,0.62,0.5802,0.5902,0.5902,43124.0,0.0,1.0
2018-10-04,0.58,0.58,0.54,0.55,0.55,143450.0,0.0,1.0
2018-10-05,0.58,0.58,0.5415,0.55,0.55,70843.0,0.0,1.0
2018-10-08,0.565,0.58,0.565,0.565,0.565,149111.0,0.0,1.0
2018-10-09,0.58,0.58,0.54,0.545,0.545,108738.0,0.0,1.0
2018-10-10,0.546,0.5653,0.5,0.5,0.5,85886.0,0.0,1.0
2018-10-11,0.525,0.6078,0.525,0.59,0.59,372902.0,0.0,1.0
2018-10-12,0.55,0.6,0.521,0.523,0.523,142225.0,0.0,1.0
2018-10-15,0.522,0.56,0.5212,0.5418,0.5418,85599.0,0.0,1.0
2018-10-16,0.5501,0.5684,0.54,0.55,0.55,40732.0,0.0,1.0
2018-10-17,0.54,0.59,0.54,0.5584,0.5584,93891.0,0.0,1.0
2018-10-18,0.5781,0.58,0.5684,0.57,0.57,59343.0,0.0,1.0
2018-10-19,0.5657,0.59,0.5657,0.58,0.58,59059.0,0.0,1.0
2018-10-22,0.59,0.59,0.57,0.57,0.57,14790.0,0.0,1.0
2018-10-23,0.5791,0.58,0.5358,0.57,0.57,20170.0,0.0,1.0
2018-10-24,0.5731,0.59,0.503,0.51,0.51,81411.0,0.0,1.0
2018-10-25,0.52,0.5654,0.503,0.521,0.521,24529.0,0.0,1.0
2018-10-26,0.53,0.554,0.52,0.5221,0.5221,56843.0,0.0,1.0
