date,1. open,2. high,3. low,4. close,5. adjusted close,6. volume,7. dividend amount,8. split coefficient
2013-04-16,24.76,24.92,24.76,24.87,20.4301,1200.0,0.0,1.0
2013-04-17,24.57,24.57,24.442,24.442,20.0785,214.0,0.0,1.0
2013-04-18,24.38,24.638,24.38,24.5372,20.1567,14380.0,0.0,1.0
2013-04-19,24.54,24.54,24.54,24.54,20.159,0.0,0.0,1.0
2013-04-22,24.54,24.54,24.54,24.54,20.159,0.0,0.0,1.0
2013-04-23,24.54,24.54,24.54,24.54,20.159,0.0,0.0,1.0
2013-04-24,25.21,25.25,25.21,25.24,20.734,1325.0,0.0,1.0
2013-04-25,25.24,25.24,25.24,25.24,20.734,0.0,0.0,1.0
2013-04-26,25.29,25.29,25.29,25.29,20.7751,40835.0,0.0,1.0
2013-04-29,25.689,25.689,25.689,25.689,21.1029,200.0,0.0,1.0
2013-04-30,26.19,26.19,25.72,25.72,21.1283,690.0,0.0,1.0
2013-05-01,25.64,25.64,25.64,25.64,21.0626,1000.0,0.0,1.0
2013-05-02,25.7,25.93,25.7,25.74,21.1447,7500.0,0.0,1.0
2013-05-03,25.98,26.04,25.98,26.03,21.383,20925.0,0.0,1.0
2013-05-06,25.93,25.98,25.92,25.97,21.3337,94745.0,0.0,1.0
2013-05-07,25.96,25.96,25.82,25.94,21.309,36750.0,0.0,1.0
2013-05-08,26.14,26.15,26.12,26.14,21.4733,11825.0,0.0,1.0
2013-05-09,26.07,26.07,25.92,25.92,21.2926,800.0,0.0,1.0
2013-05-10,25.87,25.89,25.79,25.89,21.268,13900.0,0.0,1.0
2013-05-13,25.93,25.99,25.81,25.91,21.2844,19275.0,0.0,1.0
2013-05-14,25.95,25.99,25.9,25.9,21.2762,17425.0,0.0,1.0
2013-05-15,25.88,25.92,25.88,25.9188,21.2916,17310.0,0.0,1.0
2013-05-16,25.92,25.95,25.896,25.896,21.2729,11067.0,0.0,1.0
2013-05-17,25.91,25.91,25.91,25.91,21.2844,10450.0,0.0,1.0
2013-05-20,26.08,26.08,26.07,26.07,21.4158,200.0,0.0,1.0
2013-05-21,26.19,26.37,26.19,26.23,21.5473,16418.0,0.0,1.0
2013-05-22,26.2,26.2,26.019,26.02,21.3748,4000.0,0.0,1.0
2013-05-23,25.45,25.84,25.42,25.65,21.0708,13800.0,0.0,1.0
2013-05-24,26.03,26.03,25.44,25.51,20.9558,20562.0,0.0,1.0
2013-05-28,25.73,25.78,25.73,25.74,21.1447,9850.0,0.0,1.0
2013-05-29,25.51,25.92,25.45,25.63,21.0544,39565.0,0.0,1.0
2013-05-30,25.67,25.67,25.67,25.67,21.0872,1400.0,0.0,1.0
2013-05-31,26.06,26.06,25.25,25.25,20.7422,1800.0,0.0,1.0
2013-06-03,25.82,25.82,24.985,25.15,20.7599,8300.0,0.1216,1.0
2013-06-04,25.18,25.28,25.05,25.05,20.6774,6300.0,0.0,1.0
2013-06-05,24.85,24.89,24.69,24.7,20.3885,64175.0,0.0,1.0
2013-06-06,25.18,25.18,24.56,24.71,20.3967,6352.0,0.0,1.0
2013-06-07,24.95,25.35,24.87,24.96,20.6031,36040.0,0.0,1.0
2013-06-10,25.55,25.55,24.82,24.89,20.5453,31330.0,0.0,1.0
2013-06-11,24.63,24.69,24.63,24.66,20.3555,2400.0,0.0,1.0
2013-06-12,24.75,24.75,24.5,24.5,20.2234,67090.0,0.0,1.0
2013-06-13,24.65,24.95,24.65,24.95,20.5949,12350.0,0.0,1.0
2013-06-14,24.8,24.88,24.68,24.68,20.372,10385.0,0.0,1.0
2013-06-17,25.04,25.04,24.84,24.84,20.5041,7675.0,0.0,1.0
2013-06-18,25.0,25.072,25.0,25.072,20.6956,700.0,0.0,1.0
2013-06-19,24.56,24.65,24.56,24.65,20.3472,3000.0,0.0,1.0
2013-06-20,24.02,24.72,23.61,23.62,19.497,72765.0,0.0,1.0
2013-06-21,23.6,23.65,23.6,23.65,19.5218,9990.0,0.0,1.0
2013-06-24,23.27,23.27,23.114,23.114,19.0793,8500.0,0.0,1.0
2013-06-25,23.43,23.56,23.42,23.56,19.4475,27700.0,0.0,1.0
2013-06-26,23.77,23.78,23.7,23.78,19.6291,6191.0,0.0,1.0
2013-06-27,23.96,23.96,23.96,23.96,19.7777,830.0,0.0,1.0
2013-06-28,23.87,24.22,23.87,24.03,19.8354,21650.0,0.0,1.0
2013-07-01,24.25,24.28,24.25,24.27,20.0335,16875.0,0.0,1.0
2013-07-02,24.0,24.18,23.78,24.0751,19.8727,20432.0,0.0,1.0
2013-07-03,23.84,24.02,23.82,23.96,19.7777,18514.0,0.0,1.0
2013-07-05,23.92,23.97,23.88,23.92,19.7446,12075.0,0.0,1.0
2013-07-08,24.01,24.26,23.94,23.99,19.8024,26499.0,0.0,1.0
2013-07-09,24.35,24.35,24.03,24.23,20.0005,37659.0,0.0,1.0
2013-07-10,24.24,24.42,24.17,24.17,19.951,28814.0,0.0,1.0
2013-07-11,24.82,24.87,24.53,24.87,20.5288,25896.0,0.0,1.0
2013-07-12,24.68,24.72,24.62,24.72,20.405,15530.0,0.0,1.0
2013-07-15,24.8,24.9096,24.766,24.88,20.5371,33640.0,0.0,1.0
2013-07-16,25.06,25.06,24.798,24.9064,20.5589,126858.0,0.0,1.0
2013-07-17,25.0399,25.04,24.94,24.96,20.6031,9945.0,0.0,1.0
2013-07-18,25.21,25.21,24.99,25.09,20.7104,6300.0,0.0,1.0
2013-07-19,26.0,26.0,24.99,24.99,20.6279,900.0,0.0,1.0
2013-07-22,25.25,25.25,25.11,25.21,20.8095,11330.0,0.0,1.0
2013-07-23,25.8,25.8,25.25,25.25,20.8425,1325.0,0.0,1.0
2013-07-24,25.3399,25.3399,25.2,25.2,20.8012,11003.0,0.0,1.0
2013-07-25,25.1199,25.3,25.1199,25.3,20.8838,35510.0,0.0,1.0
2013-07-26,25.02,25.23,25.02,25.22,20.8177,13672.0,0.0,1.0
2013-07-29,25.04,25.09,25.02,25.09,20.7104,29975.0,0.0,1.0
2013-07-30,25.03,25.051,24.96,24.96,20.6031,18396.0,0.0,1.0
2013-07-31,24.91,25.1,24.91,25.1,20.7187,43260.0,0.0,1.0
2013-08-01,25.1,25.2,25.08,25.18,20.7847,36785.0,0.0,1.0
2013-08-02,25.25,25.29,25.24,25.29,20.8755,32328.0,0.0,1.0
2013-08-05,25.22,25.32,25.22,25.32,20.9003,8600.0,0.0,1.0
2013-08-06,25.7,25.7,25.15,25.23,20.826,10240.0,0.0,1.0
2013-08-07,25.01,25.15,25.01,25.14,20.7517,10050.0,0.0,1.0
2013-08-08,25.13,25.41,25.13,25.41,20.9746,33703.0,0.0,1.0
2013-08-09,25.28,25.4,25.28,25.4,20.9663,8000.0,0.0,1.0
2013-08-12,25.29,25.4,25.29,25.4,20.9663,25305.0,0.0,1.0
2013-08-13,25.38,25.54,25.38,25.54,21.0819,12400.0,0.0,1.0
2013-08-14,25.39,25.49,25.39,25.49,21.0406,1300.0,0.0,1.0
2013-08-15,25.66,25.66,25.15,25.41,20.9746,11945.0,0.0,1.0
2013-08-16,25.79,25.79,25.32,25.46,21.0158,48810.0,0.0,1.0
2013-08-19,25.31,25.43,25.18,25.18,20.7847,4850.0,0.0,1.0
2013-08-20,25.17,25.18,25.16,25.16,20.7682,15715.0,0.0,1.0
2013-08-21,25.59,25.59,24.71,24.71,20.3967,10262.0,0.0,1.0
2013-08-22,25.26,25.26,25.05,25.05,20.6774,14948.0,0.0,1.0
2013-08-23,25.2,25.27,25.2,25.27,20.859,22085.0,0.0,1.0
2013-08-26,25.14,25.22,25.11,25.16,20.7682,17760.0,0.0,1.0
2013-08-27,25.2,25.2,24.7094,24.73,20.4133,46180.0,0.0,1.0
2013-08-28,24.49,25.11,24.49,24.81,20.4793,65074.0,0.0,1.0
2013-08-29,24.66,24.73,24.63,24.73,20.4133,9535.0,0.0,1.0
2013-08-30,24.73,24.73,24.73,24.73,20.4133,0.0,0.0,1.0
2013-09-03,24.64,24.77,24.64,24.75,20.5591,13095.0,0.1567,1.0
2013-09-04,25.01,25.01,24.74,24.97,20.7419,20306.0,0.0,1.0
2013-09-05,24.84,25.07,24.84,25.01,20.7751,9986.0,0.0,1.0
2013-09-06,25.1,25.18,25.1,25.17,20.908,15000.0,0.0,1.0
2013-09-09,25.46,25.49,25.46,25.49,21.1738,24090.0,0.0,1.0
2013-09-10,25.7,25.75,25.62,25.7,21.3483,31982.0,0.0,1.0
2013-09-11,25.67,25.94,25.65,25.94,21.5476,24190.0,0.0,1.0
2013-09-12,25.799,25.82,25.63,25.7,21.3483,9494.0,0.0,1.0
2013-09-13,25.64,25.71,25.56,25.68,21.3317,59609.0,0.0,1.0
2013-09-16,26.45,26.45,25.99,26.0,21.5975,70220.0,0.0,1.0
2013-09-17,26.03,26.07,25.9,26.07,21.6556,22076.0,0.0,1.0
2013-09-18,26.05,26.84,25.95,26.84,22.2952,18979.0,0.0,1.0
2013-09-19,26.56,26.56,26.36,26.36,21.8965,27482.0,0.0,1.0
2013-09-20,26.42,26.49,26.31,26.32,21.8633,44664.0,0.0,1.0
2013-09-23,27.57,27.57,26.17,26.31,21.855,34875.0,0.0,1.0
2013-09-24,26.23,26.39,26.17,26.38,21.9131,75400.0,0.0,1.0
2013-09-25,26.06,26.22,26.0401,26.22,21.7802,23319.0,0.0,1.0
2013-09-26,26.1813,26.33,26.1813,26.33,21.8716,33374.0,0.0,1.0
2013-09-27,26.27,26.4,26.18,26.23,21.7885,19013.0,0.0,1.0
2013-09-30,26.18,26.21,25.94,26.18,21.747,89737.0,0.0,1.0
2013-10-01,26.24,26.33,26.04,26.23,21.7885,10890.0,0.0,1.0
2013-10-02,26.26,26.34,26.06,26.25,21.8051,34968.0,0.0,1.0
2013-10-03,26.13,26.2,26.13,26.19,21.7553,8200.0,0.0,1.0
2013-10-04,27.27,27.27,26.15,26.21,21.7719,43183.0,0.0,1.0
2013-10-07,26.1,26.1,26.1,26.1,21.6805,14755.0,0.0,1.0
2013-10-08,25.99,25.99,25.84,25.84,21.4646,21220.0,0.0,1.0
2013-10-09,25.87,26.2,25.79,26.06,21.6473,9737.0,0.0,1.0
2013-10-10,27.06,27.06,26.31,26.55,22.0543,35844.0,0.0,1.0
2013-10-11,26.43,26.598,26.33,26.44,21.963,40649.0,0.0,1.0
2013-10-14,26.5,26.69,26.43,26.6,22.0959,25350.0,0.0,1.0
2013-10-15,26.65,26.7,26.45,26.45,21.9713,23871.0,0.0,1.0
2013-10-16,26.7,26.78,26.69,26.76,22.2288,40655.0,0.0,1.0
2013-10-17,26.9,27.1,26.9,27.1,22.5112,36390.0,0.0,1.0
2013-10-18,27.2399,27.27,27.1,27.27,22.6524,13520.0,0.0,1.0
2013-10-21,27.23,27.2984,27.06,27.27,22.6524,28915.0,0.0,1.0
2013-10-22,27.58,27.58,27.4101,27.53,22.8684,16489.0,0.0,1.0
2013-10-23,27.16,27.25,27.09,27.2,22.5943,13550.0,0.0,1.0
2013-10-24,27.27,27.34,27.17,27.32,22.694,47381.0,0.0,1.0
2013-10-25,27.32,27.3799,27.3,27.34,22.7106,36825.0,0.0,1.0
2013-10-28,27.28,27.35,27.24,27.35,22.7189,22474.0,0.0,1.0
2013-10-29,27.37,27.37,27.28,27.36,22.7272,16605.0,0.0,1.0
2013-10-30,27.41,27.41,27.18,27.24,22.6275,44698.0,0.0,1.0
2013-10-31,27.1,27.23,27.06,27.17,22.5694,21846.0,0.0,1.0
2013-11-01,27.0,27.0796,26.97,27.03,22.4531,21968.0,0.0,1.0
2013-11-04,26.85,27.18,26.85,27.18,22.5777,5125.0,0.0,1.0
2013-11-05,26.78,27.01,26.78,26.92,22.3617,34443.0,0.0,1.0
2013-11-06,27.11,27.17,27.05,27.135,22.5403,11355.0,0.0,1.0
2013-11-07,27.07,27.08,26.62,26.62,22.1125,30575.0,0.0,1.0
2013-11-08,26.77,26.84,26.7,26.84,22.2952,34374.0,0.0,1.0
2013-11-11,26.73,26.778,26.73,26.74,22.2122,5293.0,0.0,1.0
2013-11-12,26.56,26.66,26.56,26.59,22.0876,4650.0,0.0,1.0
2013-11-13,26.8,26.8,26.54,26.7399,22.2121,5923.0,0.0,1.0
2013-11-14,26.75,26.969,26.66,26.969,22.4024,17125.0,0.0,1.0
2013-11-15,27.07,27.19,27.07,27.19,22.586,22498.0,0.0,1.0
2013-11-18,27.28,27.39,27.19,27.24,22.6275,13766.0,0.0,1.0
2013-11-19,27.21,27.21,27.0201,27.05,22.4697,31898.0,0.0,1.0
2013-11-20,27.12,27.12,26.9,26.91,22.3534,16182.0,0.0,1.0
2013-11-21,26.95,27.04,26.95,27.04,22.4614,24439.0,0.0,1.0
2013-11-22,27.03,27.12,27.0,27.12,22.5278,32750.0,0.0,1.0
2013-11-25,27.01,27.01,26.87,26.96,22.3949,14980.0,0.0,1.0
2013-11-26,26.8,26.98,26.8,26.85,22.3035,10482.0,0.0,1.0
2013-11-27,27.02,27.03,26.93,26.94,22.3783,33275.0,0.0,1.0
2013-11-29,27.19,27.19,27.13,27.13,22.5361,5640.0,0.0,1.0
2013-12-02,27.02,27.04,26.89,26.89,22.3368,20998.0,0.0,1.0
2013-12-03,27.25,27.25,26.6,26.6,22.0959,25243.0,0.0,1.0
2013-12-04,26.45,26.57,26.42,26.5,22.0128,6885.0,0.0,1.0
2013-12-05,26.49,26.53,26.42,26.44,21.963,33930.0,0.0,1.0
2013-12-06,26.65,26.76,26.64,26.74,22.2122,65485.0,0.0,1.0
2013-12-09,26.72,26.78,26.65,26.7199,22.1955,10465.0,0.0,1.0
2013-12-10,26.65,26.68,26.53,26.62,22.1125,17165.0,0.0,1.0
2013-12-11,26.52,26.52,26.35,26.38,21.9131,7746.0,0.0,1.0
2013-12-12,26.28,26.28,26.1601,26.22,21.7802,16047.0,0.0,1.0
2013-12-13,26.23,26.23,26.08,26.18,21.747,34063.0,0.0,1.0
2013-12-16,26.38,26.43,26.3529,26.43,21.9547,4017.0,0.0,1.0
2013-12-17,26.2303,26.31,26.23,26.31,21.855,10557.0,0.0,1.0
2013-12-18,26.4025,26.58,26.32,26.53,22.0377,9262.0,0.0,1.0
2013-12-19,26.47,26.58,26.41,26.58,22.0793,73753.0,0.0,1.0
2013-12-20,26.66,26.76,26.66,26.72,22.1956,52759.0,0.0,1.0
2013-12-23,26.85,26.93,26.79,26.865,22.316,16841.0,0.0,1.0
2013-12-24,26.92,27.0,26.92,26.97,22.4032,37600.0,0.0,1.0
2013-12-26,27.0,27.002,26.96,26.98,22.4115,6968.0,0.0,1.0
2013-12-27,27.2,27.2,26.91,26.925,22.4942,16987.0,0.1545,1.0
2013-12-30,27.08,27.15,27.06,27.12,22.6571,61294.0,0.0,1.0
2013-12-31,27.12,27.24,27.1,27.235,22.7531,65050.0,0.0,1.0
2014-01-02,26.98,26.98,26.58,26.58,22.2059,42192.0,0.0,1.0
2014-01-03,26.74,26.78,26.68,26.68,22.2895,27212.0,0.0,1.0
2014-01-06,26.77,26.77,26.685,26.7,22.3062,20074.0,0.0,1.0
2014-01-07,26.75,26.759,26.68,26.7,22.3062,66340.0,0.0,1.0
2014-01-08,26.73,26.75,26.66,26.66,22.2728,31262.0,0.0,1.0
2014-01-09,26.51,26.65,26.51,26.64,22.2561,10323.0,0.0,1.0
2014-01-10,26.83,26.92,26.801,26.91,22.4816,52855.0,0.0,1.0
2014-01-13,26.83,26.85,26.74,26.74,22.3396,19430.0,0.0,1.0
2014-01-14,26.75,26.8503,26.75,26.84,22.4231,4594.0,0.0,1.0
2014-01-15,27.05,27.05,26.73,26.956,22.5201,34575.0,0.0,1.0
2014-01-16,26.9,26.91,26.82,26.9,22.4733,35865.0,0.0,1.0
2014-01-17,26.84,26.865,26.77,26.77,22.3647,58269.0,0.0,1.0
2014-01-21,26.91,26.91,26.7802,26.9,22.4733,75754.0,0.0,1.0
2014-01-22,26.87,26.97,26.87,26.9,22.4733,35317.0,0.0,1.0
2014-01-23,26.67,26.7,26.5985,26.6875,22.2957,65139.0,0.0,1.0
2014-01-24,26.47,26.47,26.095,26.095,21.8007,37731.0,0.0,1.0
2014-01-27,25.94,26.13,25.875,26.05,21.7632,16965.0,0.0,1.0
2014-01-28,26.1,26.15,26.0,26.14,21.8383,25621.0,0.0,1.0
2014-01-29,25.8499,25.92,25.75,25.83,21.5794,22805.0,0.0,1.0
2014-01-30,25.82,25.9372,25.82,25.9372,21.6689,22799.0,0.0,1.0
2014-01-31,25.54,25.75,25.54,25.72,21.4875,28033.0,0.0,1.0
2014-02-03,25.49,25.49,25.24,25.24,21.0864,59751.0,0.0,1.0
2014-02-04,25.51,25.585,25.46,25.585,21.3747,57080.0,0.0,1.0
2014-02-05,25.49,25.5973,25.43,25.56,21.3538,90622.0,0.0,1.0
2014-02-06,25.77,26.04,25.77,26.01,21.7297,320460.0,0.0,1.0
2014-02-07,26.08,26.22,26.08,26.21,21.8968,13200.0,0.0,1.0
2014-02-10,26.03,26.21,26.03,26.17,21.8634,16500.0,0.0,1.0
2014-02-11,26.29,26.65,26.29,26.65,22.2644,79195.0,0.0,1.0
2014-02-12,26.7,26.73,26.61,26.65,22.2644,27373.0,0.0,1.0
2014-02-13,26.63,26.79,26.6,26.79,22.3814,213192.0,0.0,1.0
2014-02-14,26.89,27.03,26.86,26.87,22.4482,28912.0,0.0,1.0
2014-02-18,27.01,27.07,27.0,27.04,22.5902,40728.0,0.0,1.0
2014-02-19,26.97,27.09,26.95,26.98,22.5401,50497.0,0.0,1.0
2014-02-20,26.85,26.955,26.738,26.95,22.515,13240.0,0.0,1.0
2014-02-21,27.1,27.15,27.09,27.09,22.632,26500.0,0.0,1.0
2014-02-24,27.17,27.37,27.17,27.25,22.7657,136663.0,0.0,1.0
2014-02-25,27.25,27.25,27.045,27.045,22.5944,11888.0,0.0,1.0
2014-02-26,27.14,27.14,26.95,26.95,22.515,15207.0,0.0,1.0
2014-02-27,26.89,27.12,26.89,27.12,22.6571,9698.0,0.0,1.0
2014-02-28,27.3,27.34,27.18,27.19,22.7156,86128.0,0.0,1.0
2014-03-03,26.84,26.9,26.6,26.65,22.2644,89542.0,0.0,1.0
2014-03-04,27.16,27.28,27.07,27.28,22.7907,42748.0,0.0,1.0
2014-03-05,27.2,27.28,27.1417,27.25,22.7657,19851.0,0.0,1.0
2014-03-06,27.55,27.62,27.52,27.53,22.9996,40953.0,0.0,1.0
2014-03-07,27.54,27.54,27.2856,27.3,22.8074,16925.0,0.0,1.0
2014-03-10,27.3,27.3,27.15,27.2,22.7239,37199.0,0.0,1.0
2014-03-11,27.23,27.24,27.05,27.05,22.5986,41240.0,0.0,1.0
2014-03-12,26.92,27.04,26.92,27.04,22.5902,245936.0,0.0,1.0
2014-03-13,26.98,26.98,26.61,26.61,22.231,27112.0,0.0,1.0
2014-03-14,26.6,26.66,26.6,26.66,22.2728,7200.0,0.0,1.0
2014-03-17,26.85,26.97,26.85,26.93,22.4983,16300.0,0.0,1.0
2014-03-18,27.08,27.206,27.08,27.206,22.7289,41714.0,0.0,1.0
2014-03-19,27.13,27.13,26.79,26.82,22.4064,7197.0,0.0,1.0
2014-03-20,26.59,26.82,26.59,26.77,22.3647,20240.0,0.0,1.0
2014-03-21,26.74,26.8,26.56,26.56,22.3056,40366.0,0.1393,1.0
2014-03-24,26.7,26.71,26.5,26.71,22.4316,28385.0,0.0,1.0
2014-03-25,26.95,27.03,26.86,26.945,22.6289,213400.0,0.0,1.0
2014-03-26,27.17,27.17,27.01,27.03,22.7003,9252.0,0.0,1.0
2014-03-27,27.15,27.21,27.15,27.21,22.8515,194223.0,0.0,1.0
2014-03-28,27.4,27.435,27.2601,27.2601,22.8936,32767.0,0.0,1.0
2014-03-31,27.58,27.58,27.4315,27.55,23.137,42750.0,0.0,1.0
2014-04-01,27.47,27.74,27.47,27.6499,23.2209,7726.0,0.0,1.0
2014-04-02,27.68,27.76,27.68,27.76,23.3134,10590.0,0.0,1.0
2014-04-03,27.68,27.68,27.5,27.544,23.132,8476.0,0.0,1.0
2014-04-04,27.84,27.84,27.4701,27.61,23.1874,19730.0,0.0,1.0
2014-04-07,27.6,27.62,27.3871,27.54,23.1286,64216.0,0.0,1.0
2014-04-08,27.65,27.69,27.65,27.67,23.2378,9728.0,0.0,1.0
2014-04-09,27.75,27.98,27.75,27.98,23.4982,231687.0,0.0,1.0
2014-04-10,27.88,27.88,27.55,27.58,23.1622,22187.0,0.0,1.0
2014-04-11,27.46,27.58,27.46,27.49,23.0866,20193.0,0.0,1.0
2014-04-14,27.56,27.56,27.44,27.44,23.0447,9212.0,0.0,1.0
2014-04-15,27.24,27.44,27.23,27.44,23.0447,31621.0,0.0,1.0
2014-04-16,27.61,27.74,27.58,27.74,23.2966,68185.0,0.0,1.0
2014-04-17,27.81,27.95,27.76,27.93,23.4562,13620.0,0.0,1.0
2014-04-21,27.75,27.95,27.73,27.95,23.473,25866.0,0.0,1.0
2014-04-22,28.07,28.1,28.06,28.09,23.5905,24866.0,0.0,1.0
2014-04-23,28.18,28.18,28.05,28.05,23.5569,2792.0,0.0,1.0
2014-04-24,28.04,28.125,28.04,28.1,23.5989,39903.0,0.0,1.0
2014-04-25,27.98,27.99,27.91,27.93,23.4562,57183.0,0.0,1.0
2014-04-28,28.18,28.18,27.96,28.0,23.5149,17775.0,0.0,1.0
2014-04-29,28.1,28.23,28.0221,28.1548,23.645,4114.0,0.0,1.0
2014-04-30,28.2099,28.21,28.18,28.18,23.6661,2402.0,0.0,1.0
2014-05-01,28.3,28.3,28.18,28.27,23.7417,15920.0,0.0,1.0
2014-05-02,28.18,28.29,28.18,28.27,23.7417,47163.0,0.0,1.0
2014-05-05,28.1,28.28,28.1,28.28,23.7501,7470.0,0.0,1.0
2014-05-06,28.37,28.37,28.2024,28.25,23.7249,16892.0,0.0,1.0
2014-05-07,28.33,28.4,28.24,28.4,23.8509,167135.0,0.0,1.0
2014-05-08,28.4,28.4001,28.3,28.3,23.7669,7200.0,0.0,1.0
2014-05-09,28.23,28.31,28.19,28.26,23.7333,233435.0,0.0,1.0
2014-05-12,28.42,28.44,28.34,28.44,23.8845,42122.0,0.0,1.0
2014-05-13,28.51,28.51,28.447,28.45,23.8929,18665.0,0.0,1.0
2014-05-14,28.5499,28.6,28.53,28.5428,23.9708,17200.0,0.0,1.0
2014-05-15,28.4,28.4,28.35,28.4,23.8509,20323.0,0.0,1.0
2014-05-16,28.41,28.5,28.4,28.5,23.9349,28298.0,0.0,1.0
2014-05-19,28.43,28.44,28.37,28.44,23.8845,452309.0,0.0,1.0
2014-05-20,28.29,28.294,28.19,28.2529,23.7273,10915.0,0.0,1.0
2014-05-21,28.35,28.46,28.335,28.46,23.9013,39592.0,0.0,1.0
2014-05-22,28.51,28.54,28.43,28.52,23.9517,86592.0,0.0,1.0
2014-05-23,28.56,28.63,28.56,28.6174,24.0335,42935.0,0.0,1.0
2014-05-27,28.81,28.81,28.62,28.68,24.086,20696.0,0.0,1.0
2014-05-28,28.63,28.67,28.61,28.66,24.0692,65449.0,0.0,1.0
2014-05-29,28.775,28.775,28.69,28.758,24.1515,41682.0,0.0,1.0
2014-05-30,28.86,28.86,28.74,28.75,24.1448,18840.0,0.0,1.0
2014-06-02,28.85,28.86,28.755,28.775,24.1658,48356.0,0.0,1.0
2014-06-03,28.8,28.83,28.7284,28.82,24.2036,19784.0,0.0,1.0
2014-06-04,28.65,28.77,28.63,28.76,24.1532,25038.0,0.0,1.0
2014-06-05,28.93,29.01,28.83,28.97,24.3296,30834.0,0.0,1.0
2014-06-06,29.05,29.17,29.05,29.16,24.4891,32974.0,0.0,1.0
2014-06-09,29.12,29.2,29.1,29.2,24.5227,22926.0,0.0,1.0
2014-06-10,29.08,29.18,29.01,29.11,24.4471,138702.0,0.0,1.0
2014-06-11,29.1,29.11,29.0595,29.09,24.4304,25537.0,0.0,1.0
2014-06-12,29.23,29.24,29.05,29.05,24.3968,62129.0,0.0,1.0
2014-06-13,29.08,29.17,28.7894,29.11,24.4471,37771.0,0.0,1.0
2014-06-16,29.09,29.11,29.02,29.065,24.4094,44964.0,0.0,1.0
2014-06-17,28.99,29.06,28.99,29.06,24.4052,12933.0,0.0,1.0
2014-06-18,29.18,29.4,29.145,29.3101,24.6152,45008.0,0.0,1.0
2014-06-19,29.47,29.47,29.38,29.41,24.6991,31800.0,0.0,1.0
2014-06-20,28.9,28.91,28.83,28.83,24.6486,11187.0,0.5198,1.0
2014-06-23,28.67,28.8,28.67,28.7336,24.5661,11085.0,0.0,1.0
2014-06-24,28.81,28.81,28.6312,28.6312,24.4786,25988.0,0.0,1.0
2014-06-25,28.71,28.73,28.59,28.668,24.5101,129905.0,0.0,1.0
2014-06-26,28.65,28.73,28.52,28.71,24.546,21949.0,0.0,1.0
2014-06-27,28.63,28.7,28.624,28.7,24.5374,20204.0,0.0,1.0
2014-06-30,28.72,28.79,28.71,28.78,24.6058,26501.0,0.0,1.0
2014-07-01,28.88,28.96,28.88,28.94,24.7426,56449.0,0.0,1.0
2014-07-02,28.9,28.93,28.9,28.93,24.7341,16514.0,0.0,1.0
2014-07-03,28.98,29.05,28.98,29.045,24.8324,10595.0,0.0,1.0
2014-07-07,28.96,29.01,28.911,28.965,24.764,34473.0,0.0,1.0
2014-07-08,28.82,28.82,28.7,28.77,24.5973,19243.0,0.0,1.0
2014-07-09,28.73,28.9,28.691,28.892,24.7016,25893.0,0.0,1.0
2014-07-10,28.4,28.61,28.4,28.61,24.4605,47885.0,0.0,1.0
2014-07-11,28.53,28.65,28.53,28.65,24.4947,56975.0,0.0,1.0
2014-07-14,28.8,28.84,28.77,28.81,24.6315,32040.0,0.0,1.0
2014-07-15,28.85,28.85,28.62,28.73,24.5631,44190.0,0.0,1.0
2014-07-16,28.81,28.86,28.79,28.84,24.6571,66199.0,0.0,1.0
2014-07-17,28.74,28.79,28.52,28.52,24.3835,43930.0,0.0,1.0
2014-07-18,28.626,28.8,28.614,28.76,24.5887,66520.0,0.0,1.0
2014-07-21,28.65,28.77,28.64,28.77,24.5973,75563.0,0.0,1.0
2014-07-22,28.89,28.95,28.89,28.9,24.7084,104706.0,0.0,1.0
2014-07-23,28.97,29.0,28.92,28.98,24.7768,93636.0,0.0,1.0
2014-07-24,29.02,29.1,29.0,29.08,24.8623,105331.0,0.0,1.0
2014-07-25,29.16,29.16,28.9,28.94,24.7426,76623.0,0.0,1.0
2014-07-28,28.91,29.02,28.84,28.99,24.7854,74879.0,0.0,1.0
2014-07-29,28.98,28.98,28.9,28.91,24.717,46266.0,0.0,1.0
2014-07-30,28.84,28.84,28.68,28.799,24.6221,60675.0,0.0,1.0
2014-07-31,28.52,28.56,28.35,28.375,24.2596,43315.0,0.0,1.0
2014-08-01,28.33,28.39,28.22,28.38,24.2638,19757.0,0.0,1.0
2014-08-04,28.4099,28.54,28.35,28.54,24.4006,46304.0,0.0,1.0
2014-08-05,28.33,28.34,28.12,28.15,24.0672,34774.0,0.0,1.0
2014-08-06,28.0,28.13,27.92,28.07,23.9988,95522.0,0.0,1.0
2014-08-07,28.01,28.01,27.71,27.78,23.7509,23878.0,0.0,1.0
2014-08-08,27.75,27.91,27.74,27.9,23.8534,67755.0,0.0,1.0
2014-08-11,28.11,28.11,27.97,28.03,23.9646,35409.0,0.0,1.0
2014-08-12,28.0,28.07,28.0,28.07,23.9988,20125.0,0.0,1.0
2014-08-13,28.17,28.19,28.1,28.14,24.0586,57811.0,0.0,1.0
2014-08-14,28.2036,28.23,28.2,28.2299,24.1355,12897.0,0.0,1.0
2014-08-15,28.27,28.3,28.05,28.22,24.127,43148.0,0.0,1.0
2014-08-18,28.26,28.37,28.26,28.3599,24.2466,12891.0,0.0,1.0
2014-08-19,28.42,28.49,28.38,28.49,24.3579,19862.0,0.0,1.0
2014-08-20,28.42,28.47,28.36,28.45,24.3237,19503.0,0.0,1.0
2014-08-21,28.47,28.56,28.46,28.54,24.4006,51761.0,0.0,1.0
2014-08-22,28.43,28.45,28.329,28.41,24.2895,47345.0,0.0,1.0
2014-08-25,28.56,28.59,28.56,28.57,24.4263,56417.0,0.0,1.0
2014-08-26,28.62,28.7,28.62,28.65,24.4947,65472.0,0.0,1.0
2014-08-27,28.69,28.79,28.69,28.75,24.5802,251260.0,0.0,1.0
2014-08-28,28.51,28.64,28.51,28.59,24.4434,49794.0,0.0,1.0
2014-08-29,28.53,28.63,28.5018,28.59,24.4434,39644.0,0.0,1.0
2014-09-02,28.52,28.53,28.43,28.47,24.3408,23993.0,0.0,1.0
2014-09-03,28.74,28.77,28.671,28.73,24.5631,38257.0,0.0,1.0
2014-09-04,28.78,28.8,28.6,28.6,24.4519,21691.0,0.0,1.0
2014-09-05,28.47,28.6799,28.47,28.6799,24.5202,35641.0,0.0,1.0
2014-09-08,28.44,28.47,28.26,28.3,24.1954,16634.0,0.0,1.0
2014-09-09,28.13,28.2,28.07,28.1,24.0244,16104.0,0.0,1.0
2014-09-10,28.14,28.17,28.0,28.17,24.0843,108424.0,0.0,1.0
2014-09-11,27.99,27.99,27.93,27.95,23.8962,52934.0,0.0,1.0
2014-09-12,27.86,27.93,27.82,27.88,23.8364,39109.0,0.0,1.0
2014-09-15,27.71,27.79,27.67,27.75,23.7252,437085.0,0.0,1.0
2014-09-16,27.61,27.95,27.61,27.91,23.862,34367.0,0.0,1.0
2014-09-17,27.79,27.82,27.63,27.63,23.6226,64511.0,0.0,1.0
2014-09-18,27.72,27.77,27.69,27.72,23.6996,14781.0,0.0,1.0
2014-09-19,27.7,27.7,27.38,27.46,23.6713,31288.0,0.2269,1.0
2014-09-22,27.44,27.44,27.18,27.25,23.4903,19653.0,0.0,1.0
2014-09-23,27.15,27.169,27.04,27.09,23.3523,92930.0,0.0,1.0
2014-09-24,27.17,27.24,26.99,27.24,23.4816,41310.0,0.0,1.0
2014-09-25,27.09,27.09,26.748,26.81,23.111,103530.0,0.0,1.0
2014-09-26,26.77,26.92,26.77,26.91,23.1972,41893.0,0.0,1.0
2014-09-29,26.64,26.66,26.51,26.63,22.9558,153058.0,0.0,1.0
2014-09-30,26.47,26.63,26.45,26.562,22.8972,73777.0,0.0,1.0
2014-10-01,26.41,26.46,26.21,26.28,22.6541,450488.0,0.0,1.0
2014-10-02,26.31,26.31,25.78,26.04,22.4472,206444.0,0.0,1.0
2014-10-03,26.02,26.16,25.99,26.16,22.5507,36706.0,0.0,1.0
2014-10-06,26.42,26.42,26.21,26.307,22.6774,42407.0,0.0,1.0
2014-10-07,26.15,26.162,25.94,25.94,22.361,191674.0,0.0,1.0
2014-10-08,25.95,26.34,25.8,26.3,22.6713,154682.0,0.0,1.0
2014-10-09,26.05,26.07,25.59,25.68,22.1369,237552.0,0.0,1.0
2014-10-10,25.57,25.58,25.27,25.27,21.7834,352743.0,0.0,1.0
2014-10-13,25.54,25.56,25.23,25.23,21.749,282585.0,0.0,1.0
2014-10-14,25.31,25.41,25.2,25.22,21.7403,78567.0,0.0,1.0
2014-10-15,25.1,25.12,24.68,25.1,21.6369,46678.0,0.0,1.0
2014-10-16,24.53,25.07,24.53,24.88,21.4473,93520.0,0.0,1.0
2014-10-17,25.4,25.42,25.2722,25.37,21.8696,195362.0,0.0,1.0
2014-10-20,25.4,25.48,25.26,25.47,21.9559,457165.0,0.0,1.0
2014-10-21,25.52,25.74,25.52,25.72,22.1714,114139.0,0.0,1.0
2014-10-22,25.6,25.73,25.45,25.45,21.9386,268871.0,0.0,1.0
2014-10-23,25.67,25.82,25.67,25.72,22.1714,69367.0,0.0,1.0
2014-10-24,25.749,25.84,25.7281,25.818,22.2558,28179.0,0.0,1.0
2014-10-27,25.62,25.7,25.5,25.65,22.111,70851.0,0.0,1.0
2014-10-28,25.93,26.09,25.912,26.09,22.4903,148510.0,0.0,1.0
2014-10-29,26.23,26.23,25.87,25.93,22.3524,22469.0,0.0,1.0
2014-10-30,25.94,26.05,25.94,26.02,22.43,64080.0,0.0,1.0
2014-10-31,26.28,26.38,26.27,26.38,22.7403,50506.0,0.0,1.0
2014-11-03,26.3,26.31,26.186,26.21,22.5938,39504.0,0.0,1.0
2014-11-04,26.11,26.14,26.01,26.13,22.5248,93972.0,0.0,1.0
2014-11-05,26.05,26.15,26.01,26.13,22.5248,87200.0,0.0,1.0
2014-11-06,26.08,26.08,25.87,25.87,22.3007,118668.0,0.0,1.0
2014-11-07,25.79,25.94,25.79,25.9265,22.3494,80398.0,0.0,1.0
2014-11-10,26.08,26.09,26.03,26.03,22.4386,36772.0,0.0,1.0
2014-11-11,26.07,26.2264,26.07,26.2264,22.6079,23648.0,0.0,1.0
2014-11-12,25.94,26.05,25.94,26.02,22.43,64080.0,0.0,1.0
2014-11-13,26.03,26.05,25.93,26.01,22.4213,55447.0,0.0,1.0
2014-11-14,25.88,26.1,25.88,26.08,22.4817,71187.0,0.0,1.0
2014-11-17,25.88,25.99,25.88,25.98,22.3955,71765.0,0.0,1.0
2014-11-18,26.17,26.25,26.07,26.21,22.5938,439454.0,0.0,1.0
2014-11-19,26.16,26.24,26.0,26.14,22.5334,64134.0,0.0,1.0
2014-11-20,26.11,26.11,25.98,26.08,22.4817,38890.0,0.0,1.0
2014-11-21,26.42,26.42,26.2801,26.35,22.7144,65524.0,0.0,1.0
2014-11-24,26.47,26.51,26.41,26.45,22.8006,133156.0,0.0,1.0
2014-11-25,26.44,26.49,26.39,26.44,22.792,129906.0,0.0,1.0
2014-11-26,26.49,26.5899,26.49,26.57,22.9041,112516.0,0.0,1.0
2014-11-28,26.39,26.41,26.3159,26.3159,22.685,14316.0,0.0,1.0
2014-12-01,26.26,26.26,26.086,26.19,22.5765,45250.0,0.0,1.0
2014-12-02,26.17,26.209,26.15,26.19,22.5765,82596.0,0.0,1.0
2014-12-03,26.16,26.29,26.16,26.25,22.6282,86662.0,0.0,1.0
2014-12-04,26.16,26.2,26.0629,26.09,22.4903,230478.0,0.0,1.0
2014-12-05,26.0799,26.129,26.025,26.08,22.4817,48932.0,0.0,1.0
2014-12-08,26.0,26.0,25.77,25.8299,22.2661,64559.0,0.0,1.0
2014-12-09,25.56,25.65,25.47,25.59,22.0593,144196.0,0.0,1.0
2014-12-10,25.64,25.64,25.18,25.28,21.7921,109435.0,0.0,1.0
2014-12-11,25.27,25.38,25.14,25.175,21.7016,193459.0,0.0,1.0
2014-12-12,25.0,25.08,24.69,24.75,21.3352,271539.0,0.0,1.0
2014-12-15,24.69,24.7,24.17,24.28,20.93,139329.0,0.0,1.0
2014-12-16,24.13,24.65,24.13,24.32,20.9645,144616.0,0.0,1.0
2014-12-17,24.44,24.89,24.44,24.66,21.2576,134765.0,0.0,1.0
2014-12-18,24.98,25.16,24.9,25.16,21.6886,414171.0,0.0,1.0
2014-12-19,25.09,25.2199,25.07,25.2,21.7231,125942.0,0.0,1.0
2014-12-22,25.52,25.52,25.32,25.43,21.9214,406140.0,0.0,1.0
2014-12-23,25.27,25.32,25.21,25.28,21.7921,194523.0,0.0,1.0
2014-12-24,25.25,25.35,25.25,25.34,21.8438,104379.0,0.0,1.0
2014-12-26,25.41,25.49,25.38,25.44,21.93,109806.0,0.0,1.0
2014-12-29,25.22,25.22,25.02,25.08,21.7814,102524.0,0.1877,1.0
2014-12-30,24.95,25.01,24.875,24.96,21.6772,189177.0,0.0,1.0
2014-12-31,25.0,25.0,24.66,24.66,21.4167,277589.0,0.0,1.0
2015-01-02,24.83,24.85,24.62,24.7,21.4514,21680.0,0.0,1.0
2015-01-05,24.5,24.5,24.18,24.23,21.0432,66837.0,0.0,1.0
2015-01-06,24.22,24.269,23.86,23.99,20.8348,153817.0,0.0,1.0
2015-01-07,24.1,24.26,24.03,24.25,21.0606,135044.0,0.0,1.0
2015-01-08,24.36,24.534,24.36,24.49,21.269,203010.0,0.0,1.0
2015-01-09,24.48,24.55,24.39,24.52,21.2951,1148765.0,0.0,1.0
2015-01-12,24.4,24.44,24.268,24.41,21.1995,101356.0,0.0,1.0
2015-01-13,24.69,24.74,24.43,24.52,21.2951,72248.0,0.0,1.0
2015-01-14,24.4,24.52,24.3,24.49,21.269,32674.0,0.0,1.0
2015-01-15,24.55,24.66,24.49,24.49,21.269,134211.0,0.0,1.0
2015-01-16,24.44,24.82,24.44,24.78,21.5209,62986.0,0.0,1.0
2015-01-20,24.83,24.8499,24.7,24.8,21.5383,41308.0,0.0,1.0
2015-01-21,24.91,25.04,24.83,25.04,21.7467,17968.0,0.0,1.0
2015-01-22,25.1,25.258,25.02,25.24,21.9204,12775.0,0.0,1.0
2015-01-23,25.12,25.18,25.1,25.11,21.8075,14947.0,0.0,1.0
2015-01-26,25.14,25.36,25.14,25.3,21.9725,51815.0,0.0,1.0
2015-01-27,25.04,25.38,25.04,25.32,21.9899,120166.0,0.0,1.0
2015-01-28,25.26,25.32,24.96,24.96,21.6772,101423.0,0.0,1.0
2015-01-29,25.1,25.2199,24.99,25.19,21.877,48374.0,0.0,1.0
2015-01-30,24.98,24.98,24.76,24.76,21.5035,16965.0,0.0,1.0
2015-02-02,24.92,25.12,24.92,25.11,21.8075,63962.0,0.0,1.0
2015-02-03,25.32,25.55,25.27,25.55,22.1896,67970.0,0.0,1.0
2015-02-04,25.27,25.36,25.15,25.15,21.8422,79499.0,0.0,1.0
2015-02-05,25.32,25.6,25.32,25.59,22.2244,127492.0,0.0,1.0
2015-02-06,25.38,25.39,25.14,25.18,21.8683,61550.0,0.0,1.0
2015-02-09,25.09,25.225,25.08,25.19,21.877,92368.0,0.0,1.0
2015-02-10,25.29,25.3,25.14,25.25,21.9291,100324.0,0.0,1.0
2015-02-11,25.01,25.08,24.95,25.08,21.7814,92684.0,0.0,1.0
2015-02-12,25.22,25.44,25.22,25.43,22.0854,47744.0,0.0,1.0
2015-02-13,25.6,25.65,25.56,25.65,22.2765,27281.0,0.0,1.0
2015-02-17,25.7,25.72,25.5,25.65,22.2765,51954.0,0.0,1.0
2015-02-18,25.6304,25.8299,25.6,25.73,22.3459,70618.0,0.0,1.0
2015-02-19,25.77,25.785,25.62,25.695,22.3155,299024.0,0.0,1.0
2015-02-20,25.56,25.91,25.56,25.91,22.5023,100890.0,0.0,1.0
2015-02-23,25.68,25.7596,25.6401,25.75,22.3633,62276.0,0.0,1.0
2015-02-24,25.88,25.89,25.66,25.82,22.4241,126810.0,0.0,1.0
2015-02-25,25.79,25.87,25.75,25.85,22.4502,48913.0,0.0,1.0
2015-02-26,25.8,25.81,25.75,25.8,22.4067,53329.0,0.0,1.0
2015-02-27,25.76,25.92,25.76,25.84,22.4415,49716.0,0.0,1.0
2015-03-02,25.76,25.76,25.68,25.74,22.3546,39850.0,0.0,1.0
2015-03-03,25.72,25.72,25.58,25.64,22.2678,44173.0,0.0,1.0
2015-03-04,25.4,25.45,25.3314,25.45,22.1028,156977.0,0.0,1.0
2015-03-05,25.61,25.61,25.44,25.4899,22.1374,75204.0,0.0,1.0
2015-03-06,25.3,25.3,25.01,25.0297,21.7377,69455.0,0.0,1.0
2015-03-09,25.15,25.15,25.039,25.06,21.7641,31769.0,0.0,1.0
2015-03-10,24.75,24.75,24.44,24.44,21.2256,119427.0,0.0,1.0
2015-03-11,24.54,24.54,24.3999,24.45,21.2343,65361.0,0.0,1.0
2015-03-12,24.86,24.86,24.66,24.75,21.4948,65368.0,0.0,1.0
2015-03-13,24.55,24.56,24.42,24.55,21.3211,24217.0,0.0,1.0
2015-03-16,24.72,24.8,24.72,24.78,21.5209,38330.0,0.0,1.0
2015-03-17,24.63,24.78,24.61,24.7601,21.5036,36688.0,0.0,1.0
2015-03-18,24.79,25.3381,24.78,25.3108,21.9819,29241.0,0.0,1.0
2015-03-19,25.23,25.23,24.98,25.01,21.7206,64396.0,0.0,1.0
2015-03-20,25.24,25.56,25.24,25.49,22.1997,122261.0,0.0716,1.0
2015-03-23,25.65,25.7099,25.6101,25.66,22.3477,63808.0,0.0,1.0
2015-03-24,25.83,25.83,25.676,25.68,22.3652,38295.0,0.0,1.0
2015-03-25,25.74,25.76,25.5229,25.54,22.2432,96481.0,0.0,1.0
2015-03-26,25.4,25.4,25.25,25.34,22.069,121583.0,0.0,1.0
2015-03-27,25.4,25.4,25.06,25.19,21.9384,509180.0,0.0,1.0
2015-03-30,25.2,25.3,25.2,25.26,21.9994,11787.0,0.0,1.0
2015-03-31,24.94,25.04,24.9152,24.99,21.7642,71148.0,0.0,1.0
2015-04-01,25.04,25.19,25.04,25.16,21.9123,75504.0,0.0,1.0
2015-04-02,25.43,25.43,25.31,25.421,22.1396,19919.0,0.0,1.0
2015-04-06,25.69,25.8889,25.597,25.74,22.4174,79353.0,0.0,1.0
2015-04-07,25.77,25.86,25.67,25.72,22.4,88177.0,0.0,1.0
2015-04-08,25.98,26.0,25.8,25.86,22.5219,46351.0,0.0,1.0
2015-04-09,25.93,25.99,25.89,25.95,22.6003,223916.0,0.0,1.0
2015-04-10,25.98,26.08,25.98,26.08,22.7135,120803.0,0.0,1.0
2015-04-13,26.04,26.04,25.83,25.88,22.5393,47788.0,0.0,1.0
2015-04-14,25.99,26.11,25.99,26.09,22.7222,135329.0,0.0,1.0
2015-04-15,26.13,26.28,26.12,26.28,22.8877,35661.0,0.0,1.0
2015-04-16,26.28,26.53,26.25,26.47,23.0532,58700.0,0.0,1.0
2015-04-17,26.18,26.18,25.99,26.0812,22.7146,18124.0,0.0,1.0
2015-04-20,26.11,26.15,26.05,26.09,22.7222,63508.0,0.0,1.0
2015-04-21,26.17,26.3,26.17,26.2,22.818,40771.0,0.0,1.0
2015-04-22,26.191,26.32,26.18,26.28,22.8877,23437.0,0.0,1.0
2015-04-23,26.28,26.5,26.18,26.46,23.0445,21926.0,0.0,1.0
2015-04-24,26.59,26.7096,26.57,26.65,23.2099,37568.0,0.0,1.0
2015-04-27,26.878,26.95,26.84,26.84,23.3754,25776.0,0.0,1.0
2015-04-28,26.791,26.89,26.791,26.89,23.419,5909.0,0.0,1.0
2015-04-29,26.65,26.73,26.6001,26.67,23.2274,15807.0,0.0,1.0
2015-04-30,26.67,26.67,26.4587,26.48,23.0619,62932.0,0.0,1.0
2015-05-01,26.45,26.66,26.45,26.66,23.2187,49776.0,0.0,1.0
2015-05-04,26.57,26.74,26.57,26.74,23.2883,54205.0,0.0,1.0
2015-05-05,26.57,26.68,26.42,26.49,23.0706,59055.0,0.0,1.0
2015-05-06,26.61,26.61,26.39,26.44,23.0271,249733.0,0.0,1.0
2015-05-07,26.44,26.44,26.23,26.31,22.9138,123647.0,0.0,1.0
2015-05-08,26.71,26.86,26.67,26.825,23.3624,248545.0,0.0,1.0
2015-05-11,26.65,26.6599,26.53,26.53,23.1054,63070.0,0.0,1.0
2015-05-12,26.46,26.5862,26.45,26.57,23.1403,72264.0,0.0,1.0
2015-05-13,26.703,26.739,26.6301,26.67,23.2274,5948.0,0.0,1.0
2015-05-14,26.97,26.97,26.77,26.89,23.419,35329.0,0.0,1.0
2015-05-15,26.74,26.96,26.71,26.96,23.4799,151708.0,0.0,1.0
2015-05-18,26.76,26.83,26.725,26.77,23.3145,76498.0,0.0,1.0
2015-05-19,26.59,26.6299,26.59,26.61,23.1751,6871.0,0.0,1.0
2015-05-20,26.5026,26.654,26.5026,26.5945,23.1616,25216.0,0.0,1.0
2015-05-21,26.48,26.7394,26.48,26.6899,23.2447,13290.0,0.0,1.0
2015-05-22,26.52,26.56,26.51,26.54,23.1141,29728.0,0.0,1.0
2015-05-26,26.34,26.34,26.1001,26.1001,22.731,40602.0,0.0,1.0
2015-05-27,26.13,26.34,26.13,26.33,22.9312,22082.0,0.0,1.0
2015-05-28,26.24,26.24,26.08,26.24,22.8529,48913.0,0.0,1.0
2015-05-29,26.19,26.19,25.85,25.94,22.5916,71194.0,0.0,1.0
2015-06-01,25.88,25.89,25.73,25.8,22.4697,43587.0,0.0,1.0
2015-06-02,25.79,26.03,25.79,25.95,22.6003,51763.0,0.0,1.0
2015-06-03,25.97,26.08,25.97,25.97,22.6177,12763.0,0.0,1.0
2015-06-04,25.951,25.951,25.62,25.62,22.3129,54558.0,0.0,1.0
2015-06-05,25.5,25.5,25.3529,25.4,22.1213,9799.0,0.0,1.0
2015-06-08,25.37,25.45,25.3374,25.45,22.1648,125646.0,0.0,1.0
2015-06-09,25.33,25.38,25.289,25.31,22.0429,53367.0,0.0,1.0
2015-06-10,25.61,25.77,25.59,25.67,22.3564,112285.0,0.0,1.0
2015-06-11,25.759,25.84,25.7175,25.77,22.4435,30321.0,0.0,1.0
2015-06-12,25.51,25.64,25.51,25.56,22.2606,27844.0,0.0,1.0
2015-06-15,25.3,25.47,25.3,25.47,22.1823,40955.0,0.0,1.0
2015-06-16,25.41,25.53,25.39,25.51,22.2171,33542.0,0.0,1.0
2015-06-17,25.44,25.59,25.28,25.58,22.2781,48515.0,0.0,1.0
2015-06-18,25.63,25.9,25.63,25.796,22.4662,52527.0,0.0,1.0
2015-06-19,25.28,25.3399,25.27,25.28,22.4011,42329.0,0.4413,1.0
2015-06-22,25.62,25.73,25.62,25.67,22.7467,11463.0,0.0,1.0
2015-06-23,25.79,25.8066,25.65,25.6975,22.771,86317.0,0.0,1.0
2015-06-24,25.5775,25.62,25.51,25.5418,22.6331,91586.0,0.0,1.0
2015-06-25,25.69,25.69,25.44,25.44,22.5429,26426.0,0.0,1.0
2015-06-26,25.4,25.47,25.2901,25.42,22.5251,43536.0,0.0,1.0
2015-06-29,24.92,24.996,24.64,24.68,21.8694,84881.0,0.0,1.0
2015-06-30,24.88,24.88,24.57,24.71,21.896,42952.0,0.0,1.0
2015-07-01,24.91,24.95,24.71,24.78,21.958,45107.0,0.0,1.0
2015-07-02,24.809,24.82,24.72,24.82,21.9935,25531.0,0.0,1.0
2015-07-06,24.49,24.49,24.243,24.34,21.5681,24327.0,0.0,1.0
2015-07-07,23.97,24.29,23.8,24.2725,21.5083,23503.0,0.0,1.0
2015-07-08,23.762,23.84,23.62,23.67,20.9744,135534.0,0.0,1.0
2015-07-09,23.94,24.17,23.94,24.0078,21.2738,13024.0,0.0,1.0
2015-07-10,24.67,24.73,24.57,24.72,21.9049,215665.0,0.0,1.0
2015-07-13,24.76,24.81,24.7301,24.77,21.9492,43811.0,0.0,1.0
2015-07-14,25.0,25.0,24.7799,24.9,22.0644,23070.0,0.0,1.0
2015-07-15,24.77,24.82,24.6087,24.71,21.896,304925.0,0.0,1.0
2015-07-16,24.96,24.99,24.92,24.9209,22.0829,8760.0,0.0,1.0
2015-07-17,24.93,24.93,24.8474,24.89,22.0555,22843.0,0.0,1.0
2015-07-20,24.89,24.91,24.8401,24.87,22.0378,13287.0,0.0,1.0
2015-07-21,24.8,24.85,24.7913,24.839,22.0103,23284.0,0.0,1.0
2015-07-22,24.55,24.61,24.5301,24.59,21.7897,19525.0,0.0,1.0
2015-07-23,24.57,24.58,24.4401,24.4401,21.6568,39561.0,0.0,1.0
2015-07-24,24.37,24.39,24.13,24.2,21.4441,86347.0,0.0,1.0
2015-07-27,24.01,24.1,23.9601,24.02,21.2846,63615.0,0.0,1.0
2015-07-28,24.11,24.3,24.07,24.2895,21.5234,32411.0,0.0,1.0
2015-07-29,24.25,24.56,24.25,24.4701,21.6834,107097.0,0.0,1.0
2015-07-30,24.3799,24.48,24.364,24.47,21.6833,33066.0,0.0,1.0
2015-07-31,24.88,24.88,24.53,24.5599,21.763,19090.0,0.0,1.0
2015-08-03,24.54,24.54,24.35,24.35,21.577,22289.0,0.0,1.0
2015-08-04,24.59,24.616,24.47,24.48,21.6922,23416.0,0.0,1.0
2015-08-05,24.65,24.65,24.53,24.56,21.7631,32961.0,0.0,1.0
2015-08-06,24.474,24.51,24.37,24.42,21.639,30182.0,0.0,1.0
2015-08-07,24.33,24.38,24.3,24.37,21.5947,34328.0,0.0,1.0
2015-08-10,24.49,24.72,24.49,24.71,21.896,44598.0,0.0,1.0
2015-08-11,24.39,24.43,24.25,24.3638,21.5892,42841.0,0.0,1.0
2015-08-12,24.0401,24.24,23.97,24.24,21.4795,24864.0,0.0,1.0
2015-08-13,24.1,24.22,24.1,24.151,21.4007,62694.0,0.0,1.0
2015-08-14,24.13,24.2,24.0927,24.16,21.4086,32289.0,0.0,1.0
2015-08-17,24.01,24.09,23.922,24.06,21.32,33181.0,0.0,1.0
2015-08-18,23.9288,23.96,23.88,23.92,21.196,64183.0,0.0,1.0
2015-08-19,23.64,23.79,23.52,23.7,21.001,26510.0,0.0,1.0
2015-08-20,23.44,23.44,23.2201,23.2201,20.5758,899506.0,0.0,1.0
2015-08-21,23.09,23.14,22.67,22.67,20.0883,1404346.0,0.0,1.0
2015-08-24,22.0,22.31,21.53,21.89,19.3971,738900.0,0.0,1.0
2015-08-25,22.53,22.68,22.04,22.08,19.5655,262453.0,0.0,1.0
2015-08-26,22.43,22.59,22.15,22.59,20.0174,83017.0,0.0,1.0
2015-08-27,22.68,22.9499,22.68,22.88,20.2744,162124.0,0.0,1.0
2015-08-28,22.94,22.95,22.8,22.94,20.3276,133688.0,0.0,1.0
2015-08-31,22.98,22.98,22.59,22.77,20.1769,177060.0,0.0,1.0
2015-09-01,22.35,22.35,21.9,21.9,19.406,74370.0,0.0,1.0
2015-09-02,22.52,22.52,21.98,22.15,19.6275,371058.0,0.0,1.0
2015-09-03,22.16,22.39,22.16,22.2262,19.6951,73077.0,0.0,1.0
2015-09-04,21.87,21.87,21.62,21.72,19.2465,40946.0,0.0,1.0
2015-09-08,22.26,22.36,22.193,22.36,19.8136,74849.0,0.0,1.0
2015-09-09,22.68,22.68,22.2101,22.2101,19.6808,35087.0,0.0,1.0
2015-09-10,22.31,22.4699,22.26,22.38,19.8313,56593.0,0.0,1.0
2015-09-11,22.19,22.37,22.19,22.37,19.8225,67666.0,0.0,1.0
2015-09-14,22.13,22.28,22.13,22.22,19.6896,239953.0,0.0,1.0
2015-09-15,22.15,22.3799,22.15,22.36,19.8136,305781.0,0.0,1.0
2015-09-16,22.38,22.78,22.38,22.77,20.1769,232016.0,0.0,1.0
2015-09-17,22.74,23.1299,22.64,22.81,20.2124,190392.0,0.0,1.0
2015-09-18,22.25,22.385,22.09,22.14,19.8398,392179.0,0.2495,1.0
2015-09-21,22.18,22.18,21.99,22.09,19.795,46690.0,0.0,1.0
2015-09-22,21.75,21.75,21.4,21.55,19.3111,50971.0,0.0,1.0
2015-09-23,21.44,21.54,21.35,21.38,19.1587,228000.0,0.0,1.0
2015-09-24,21.14,21.38,21.045,21.28,19.0691,87381.0,0.0,1.0
2015-09-25,21.5,21.5699,21.293,21.36,19.1408,50901.0,0.0,1.0
2015-09-28,21.14,21.16,20.8704,20.92,18.7465,77477.0,0.0,1.0
2015-09-29,20.89,21.07,20.83,20.97,18.7913,58541.0,0.0,1.0
2015-09-30,21.1,21.3296,21.1,21.32,19.105,22867.0,0.0,1.0
2015-10-01,21.44,21.52,21.281,21.38,19.1587,208596.0,0.0,1.0
2015-10-02,21.23,21.8467,21.23,21.826,19.5584,41742.0,0.0,1.0
2015-10-05,22.1712,22.32,22.145,22.28,19.9652,144842.0,0.0,1.0
2015-10-06,22.12,22.4,22.12,22.36,20.0369,58746.0,0.0,1.0
2015-10-07,22.71,22.8,22.5901,22.74,20.3774,26723.0,0.0,1.0
2015-10-08,22.64,23.04,22.64,23.04,20.6463,48197.0,0.0,1.0
2015-10-09,23.17,23.17,23.02,23.09,20.6911,39397.0,0.0,1.0
2015-10-12,23.12,23.12,23.05,23.05,20.6552,72799.0,0.0,1.0
2015-10-13,22.87,22.87,22.67,22.68,20.3237,169948.0,0.0,1.0
2015-10-14,22.83,22.896,22.77,22.83,20.4581,16770.0,0.0,1.0
2015-10-15,23.01,23.18,23.01,23.16,20.7538,100183.0,0.0,1.0
2015-10-16,23.2,23.27,23.14,23.27,20.8524,34485.0,0.0,1.0
2015-10-19,23.05,23.1,22.9462,23.1,20.7,55133.0,0.0,1.0
2015-10-20,22.97,23.02,22.93,22.94,20.5566,138650.0,0.0,1.0
2015-10-21,23.05,23.07,22.87,22.87,20.4939,45653.0,0.0,1.0
2015-10-22,23.1,23.2264,23.04,23.1,20.7,91599.0,0.0,1.0
2015-10-23,23.26,23.2926,23.14,23.26,20.8434,614191.0,0.0,1.0
2015-10-26,23.28,23.31,23.1601,23.2,20.7896,64063.0,0.0,1.0
2015-10-27,23.14,23.14,22.88,22.91,20.5298,19677.0,0.0,1.0
2015-10-28,22.98,23.14,22.7851,22.93,20.5477,55594.0,0.0,1.0
2015-10-29,22.74,22.87,22.74,22.84,20.467,135427.0,0.0,1.0
2015-10-30,22.86,22.9525,22.86,22.88,20.5029,16476.0,0.0,1.0
2015-11-02,22.98,23.11,22.98,23.11,20.709,36653.0,0.0,1.0
2015-11-03,23.048,23.3,23.048,23.24,20.8255,74049.0,0.0,1.0
2015-11-04,23.14,23.26,22.9957,23.0864,20.6878,54905.0,0.0,1.0
2015-11-05,23.25,23.25,22.972,23.03,20.6373,43226.0,0.0,1.0
2015-11-06,22.79,22.8,22.54,22.8,20.4312,210848.0,0.0,1.0
2015-11-09,22.61,22.6505,22.435,22.55,20.2072,57929.0,0.0,1.0
2015-11-10,22.46,22.488,22.3701,22.44,20.1086,84838.0,0.0,1.0
2015-11-11,22.59,22.6276,22.472,22.5,20.1624,50569.0,0.0,1.0
2015-11-12,22.34,22.3709,22.155,22.155,19.8532,37080.0,0.0,1.0
2015-11-13,22.11,22.13,21.96,21.98,19.6964,156266.0,0.0,1.0
2015-11-16,22.09,22.28,22.04,22.24,19.9294,53255.0,0.0,1.0
2015-11-17,22.18,22.46,22.18,22.34,20.019,65855.0,0.0,1.0
2015-11-18,22.28,22.61,22.28,22.61,20.2609,151019.0,0.0,1.0
2015-11-19,22.79,22.79,22.7025,22.78,20.4133,245256.0,0.0,1.0
2015-11-20,22.94,22.94,22.7,22.7,20.3416,30487.0,0.0,1.0
2015-11-23,22.63,22.67,22.473,22.49,20.1534,401899.0,0.0,1.0
2015-11-24,22.39,22.53,22.325,22.5,20.1624,98495.0,0.0,1.0
2015-11-25,22.39,22.5467,22.39,22.49,20.1534,276572.0,0.0,1.0
2015-11-27,22.46,22.46,22.41,22.42,20.0907,15063.0,0.0,1.0
2015-11-30,22.38,22.4,22.284,22.33,20.01,57219.0,0.0,1.0
2015-12-01,22.5,22.59,22.47,22.59,20.243,179147.0,0.0,1.0
2015-12-02,22.45,22.54,22.293,22.32,20.0011,164710.0,0.0,1.0
2015-12-03,22.51,22.54,22.254,22.31,19.9921,276304.0,0.0,1.0
2015-12-04,22.22,22.41,22.22,22.38,20.0548,43139.0,0.0,1.0
2015-12-07,22.46,22.46,22.043,22.1,19.8039,52197.0,0.0,1.0
2015-12-08,21.71,21.91,21.68,21.78,19.5172,178192.0,0.0,1.0
2015-12-09,21.85,21.99,21.675,21.76,19.4992,180115.0,0.0,1.0
2015-12-10,21.72,21.77,21.6,21.6,19.3559,171738.0,0.0,1.0
2015-12-11,21.3,21.3171,21.12,21.18,18.9795,272328.0,0.0,1.0
2015-12-14,21.26,21.26,21.0301,21.18,18.9795,99618.0,0.0,1.0
2015-12-15,21.25,21.51,21.25,21.43,19.2035,225969.0,0.0,1.0
2015-12-16,21.64,21.84,21.511,21.7996,19.5347,528794.0,0.0,1.0
2015-12-17,21.78,21.78,21.48,21.48,19.2483,753360.0,0.0,1.0
2015-12-18,21.48,21.49,21.33,21.34,19.1229,119743.0,0.0,1.0
2015-12-21,21.59,21.6,21.32,21.51,19.2752,204464.0,0.0,1.0
2015-12-22,21.49,21.5776,21.42,21.57,19.329,66996.0,0.0,1.0
2015-12-23,21.79,21.95,21.765,21.93,19.6516,353693.0,0.0,1.0
2015-12-24,21.95,21.97,21.9,21.92,19.6426,94599.0,0.0,1.0
2015-12-28,21.92,21.92,21.785,21.86,19.5889,259957.0,0.0,1.0
2015-12-29,21.91,21.92,21.8001,21.88,19.7466,390566.0,0.156,1.0
2015-12-30,21.77,21.78,21.6801,21.6922,19.5771,357371.0,0.0,1.0
2015-12-31,21.63,21.67,21.52,21.52,19.4217,103050.0,0.0,1.0
2016-01-04,21.15,21.16,20.9,21.16,19.0968,81791.0,0.0,1.0
2016-01-05,21.07,21.0942,20.93,21.02,18.9705,110690.0,0.0,1.0
2016-01-06,20.67,20.7452,20.6,20.72,18.6997,44407.0,0.0,1.0
2016-01-07,20.44,20.44,20.18,20.2,18.2304,169629.0,0.0,1.0
2016-01-08,20.5,20.5,19.96,20.02,18.068,229860.0,0.0,1.0
2016-01-11,20.26,20.26,19.88,20.03,18.077,112583.0,0.0,1.0
2016-01-12,20.24,20.2999,19.9914,20.14,18.1763,50590.0,0.0,1.0
2016-01-13,20.45,20.45,19.81,19.85,17.9145,162959.0,0.0,1.0
2016-01-14,20.04,20.22,20.0071,20.15,18.1853,31063.0,0.0,1.0
2016-01-15,19.72,19.72,19.28,19.43,17.5355,41976.0,0.0,1.0
2016-01-19,19.77,19.78,19.49,19.65,17.734,60007.0,0.0,1.0
2016-01-20,19.43,19.43,18.858,19.23,17.355,180215.0,0.0,1.0
2016-01-21,19.27,19.45,19.026,19.32,17.4362,120288.0,0.0,1.0
2016-01-22,19.82,19.94,19.77,19.94,17.9958,54470.0,0.0,1.0
2016-01-25,19.89,19.89,19.68,19.68,17.7611,81526.0,0.0,1.0
2016-01-26,19.87,20.13,19.86,20.13,18.1672,302244.0,0.0,1.0
2016-01-27,20.19,20.3,19.9113,19.96,18.0138,452860.0,0.0,1.0
2016-01-28,20.3,20.31,20.03,20.21,18.2394,180013.0,0.0,1.0
2016-01-29,20.37,20.63,20.37,20.63,18.6185,129638.0,0.0,1.0
2016-02-01,20.44,20.604,20.38,20.54,18.5373,139532.0,0.0,1.0
2016-02-02,20.23,20.25,19.97,20.01,18.0589,191143.0,0.0,1.0
2016-02-03,20.21,20.3133,19.82,20.31,18.3297,123870.0,0.0,1.0
2016-02-04,20.38,20.54,20.3465,20.4,18.4109,37149.0,0.0,1.0
2016-02-05,20.39,20.41,20.1372,20.22,18.2485,25655.0,0.0,1.0
2016-02-08,19.91,19.91,19.6,19.8,17.8694,414625.0,0.0,1.0
2016-02-09,19.52,19.61,19.3401,19.48,17.5806,95287.0,0.0,1.0
2016-02-10,19.64,19.74,19.46,19.49,17.5896,240211.0,0.0,1.0
2016-02-11,19.25,19.3,19.03,19.21,17.3369,109633.0,0.0,1.0
2016-02-12,19.38,19.57,19.27,19.56,17.6528,67222.0,0.0,1.0
2016-02-16,19.98,20.03,19.825,20.03,18.077,62856.0,0.0,1.0
2016-02-17,20.16,20.39,20.16,20.37,18.3838,41468.0,0.0,1.0
2016-02-18,20.47,20.47,20.28,20.3,18.3207,228837.0,0.0,1.0
2016-02-19,20.23,20.32,20.122,20.3,18.3207,36990.0,0.0,1.0
2016-02-22,20.54,20.62,20.54,20.62,18.6095,49289.0,0.0,1.0
2016-02-23,20.43,20.49,20.22,20.24,18.2665,138784.0,0.0,1.0
2016-02-24,19.89,20.19,19.78,20.19,18.2214,410134.0,0.0,1.0
2016-02-25,20.23,20.42,20.1791,20.4,18.4109,53382.0,0.0,1.0
2016-02-26,20.5,20.5,20.2564,20.29,18.3116,147748.0,0.0,1.0
2016-02-29,20.31,20.49,20.31,20.37,18.3838,52810.0,0.0,1.0
2016-03-01,20.62,20.91,20.6,20.89,18.8531,51313.0,0.0,1.0
2016-03-02,20.89,21.05,20.807,21.05,18.9975,51150.0,0.0,1.0
2016-03-03,21.09,21.3199,21.0812,21.31,19.2322,62974.0,0.0,1.0
2016-03-04,21.43,21.643,21.43,21.57,19.4668,89765.0,0.0,1.0
2016-03-07,21.34,21.5999,21.34,21.55,19.4488,61330.0,0.0,1.0
2016-03-08,21.43,21.43,21.266,21.3,19.2232,52827.0,0.0,1.0
2016-03-09,21.37,21.4924,21.36,21.4,19.3134,30260.0,0.0,1.0
2016-03-10,21.5,21.64,21.1724,21.38,19.2954,72685.0,0.0,1.0
2016-03-11,21.7,21.92,21.7,21.89,19.7556,316833.0,0.0,1.0
2016-03-14,21.84,21.93,21.7875,21.82,19.6925,97032.0,0.0,1.0
2016-03-15,21.55,21.6199,21.49,21.6,19.4939,76627.0,0.0,1.0
2016-03-16,21.55,21.9199,21.51,21.9199,19.7826,145888.0,0.0,1.0
2016-03-17,21.99,22.22,21.92,22.18,20.0174,421751.0,0.0,1.0
2016-03-18,22.2,22.25,22.1501,22.18,20.0174,56278.0,0.0,1.0
2016-03-21,22.06,22.14,22.0196,22.09,20.0223,58034.0,0.0955,1.0
2016-03-22,21.87,22.06,21.84,22.0,19.9407,49967.0,0.0,1.0
2016-03-23,21.86,21.86,21.66,21.7,19.6688,55219.0,0.0,1.0
2016-03-24,21.41,21.559,21.35,21.54,19.5238,68722.0,0.0,1.0
2016-03-28,21.65,22.18,21.62,21.68,19.6507,78812.0,0.0,1.0
2016-03-29,21.52,21.93,21.48,21.93,19.8773,71823.0,0.0,1.0
2016-03-30,22.14,22.26,22.11,22.2,20.122,34599.0,0.0,1.0
2016-03-31,22.15,22.18,22.03,22.08,20.0132,75498.0,0.0,1.0
2016-04-01,21.76,21.88,21.63,21.87,19.8229,46419.0,0.0,1.0
2016-04-04,21.91,21.92,21.79,21.83,19.7866,59247.0,0.0,1.0
2016-04-05,21.43,21.4548,21.34,21.39,19.3878,128847.0,0.0,1.0
2016-04-06,21.4,21.65,21.38,21.65,19.6235,54179.0,0.0,1.0
2016-04-07,21.43,21.43,21.22,21.32,19.3244,102773.0,0.0,1.0
2016-04-08,21.69,21.77,21.655,21.69,19.6597,40758.0,0.0,1.0
2016-04-11,21.92,22.01,21.86,21.8734,19.826,508421.0,0.0,1.0
2016-04-12,22.04,22.29,21.95,22.21,20.131,46631.0,0.0,1.0
2016-04-13,22.49,22.54,22.4,22.52,20.412,499284.0,0.0,1.0
2016-04-14,22.56,22.57,22.5,22.53,20.4211,114652.0,0.0,1.0
2016-04-15,22.51,22.57,22.49,22.49,20.3848,47143.0,0.0,1.0
2016-04-18,22.49,22.7,22.43,22.67,20.548,167984.0,0.0,1.0
2016-04-19,22.87,23.01,22.87,22.98,20.829,108493.0,0.0,1.0
2016-04-20,22.904,23.09,22.892,22.99,20.838,183080.0,0.0,1.0
2016-04-21,22.92,22.92,22.73,22.79,20.6568,96238.0,0.0,1.0
2016-04-22,22.76,22.84,22.69,22.78,20.6477,112017.0,0.0,1.0
2016-04-25,22.72,22.72,22.63,22.66,20.5389,54536.0,0.0,1.0
2016-04-26,22.83,22.84,22.7611,22.83,20.693,32230.0,0.0,1.0
2016-04-27,22.79,22.89,22.7,22.86,20.7202,52109.0,0.0,1.0
2016-04-28,22.62,22.815,22.588,22.61,20.4936,38285.0,0.0,1.0
2016-04-29,22.73,22.73,22.5,22.62,20.5027,107826.0,0.0,1.0
2016-05-02,22.66,22.75,22.65,22.74,20.6114,92043.0,0.0,1.0
2016-05-03,22.47,22.47,22.29,22.29,20.2036,65689.0,0.0,1.0
2016-05-04,22.14,22.19,21.97,22.01,19.9498,123267.0,0.0,1.0
2016-05-05,22.09,22.12,21.99,22.04,19.977,131458.0,0.0,1.0
2016-05-06,21.92,22.05,21.91,22.02,19.9588,361373.0,0.0,1.0
2016-05-09,22.02,22.06,21.93,21.97,19.9135,332693.0,0.0,1.0
2016-05-10,22.05,22.25,22.05,22.25,20.1673,242542.0,0.0,1.0
2016-05-11,22.11,22.21,22.06,22.1,20.0313,93372.0,0.0,1.0
2016-05-12,22.28,22.29,21.997,22.04,19.977,69461.0,0.0,1.0
2016-05-13,21.84,21.92,21.76,21.78,19.7413,70712.0,0.0,1.0
2016-05-16,21.91,22.05,21.91,22.03,19.9679,130652.0,0.0,1.0
2016-05-17,21.95,22.0398,21.86,21.86,19.8138,120884.0,0.0,1.0
2016-05-18,21.84,22.0321,21.75,21.81,19.7685,96997.0,0.0,1.0
2016-05-19,21.68,21.7101,21.59,21.68,19.6507,65004.0,0.0,1.0
2016-05-20,21.83,21.8899,21.807,21.82,19.7775,83728.0,0.0,1.0
2016-05-23,21.78,21.83,21.74,21.76,19.7232,122263.0,0.0,1.0
2016-05-24,21.92,22.06,21.92,22.05,19.986,1902760.0,0.0,1.0
2016-05-25,22.15,22.26,22.15,22.23,20.1492,91317.0,0.0,1.0
2016-05-26,22.38,22.38,22.2879,22.32,20.2307,87626.0,0.0,1.0
2016-05-27,22.3,22.3,22.22,22.25,20.1673,42580.0,0.0,1.0
2016-05-31,22.36,22.37,22.1005,22.15,20.0767,88846.0,0.0,1.0
2016-06-01,22.03,22.13,22.0,22.11,20.0404,104545.0,0.0,1.0
2016-06-02,21.99,22.14,21.99,22.11,20.0404,56620.0,0.0,1.0
2016-06-03,22.26,22.35,22.17,22.33,20.2398,69769.0,0.0,1.0
2016-06-06,22.43,22.54,22.42,22.49,20.3848,177517.0,0.0,1.0
2016-06-07,22.64,22.7496,22.64,22.7,20.5752,125713.0,0.0,1.0
2016-06-08,22.7901,22.85,22.76,22.8,20.6658,138373.0,0.0,1.0
2016-06-09,22.5,22.57,22.4801,22.55,20.4392,74458.0,0.0,1.0
2016-06-10,22.13,22.14,21.91,21.98,19.9226,96426.0,0.0,1.0
2016-06-13,21.77,21.85,21.632,21.67,19.6416,153860.0,0.0,1.0
2016-06-14,21.49,21.52,21.27,21.37,19.3697,68470.0,0.0,1.0
2016-06-15,21.54,21.67,21.5,21.52,19.5056,68138.0,0.0,1.0
2016-06-16,21.19,21.5,21.05,21.49,19.4784,240039.0,0.0,1.0
2016-06-17,21.62,21.75,21.57,21.72,19.6869,40610.0,0.0,1.0
2016-06-20,21.97,21.99,21.89,21.89,20.1381,62157.0,0.3278,1.0
2016-06-21,22.0,22.154,22.0,22.03,20.2669,112598.0,0.0,1.0
2016-06-22,22.11,22.19,22.01,22.01,20.2485,128661.0,0.0,1.0
2016-06-23,22.38,22.55,22.28,22.53,20.7269,71594.0,0.0,1.0
2016-06-24,20.95,21.3355,20.89,20.89,19.2181,194903.0,0.0,1.0
2016-06-27,20.67,20.67,20.35,20.57,18.9237,271305.0,0.0,1.0
2016-06-28,21.0,21.11,20.9,21.1,19.4113,234735.0,0.0,1.0
2016-06-29,21.46,21.57,21.46,21.53,19.8069,109578.0,0.0,1.0
2016-06-30,21.63,21.88,21.6,21.88,20.1289,287898.0,0.0,1.0
2016-07-01,21.9238,21.9899,21.91,21.9699,20.2116,28888.0,0.0,1.0
2016-07-05,21.66,21.7,21.52,21.54,19.8161,245732.0,0.0,1.0
2016-07-06,21.3,21.51,21.28,21.51,19.7885,243941.0,0.0,1.0
2016-07-07,21.56,21.59,21.34,21.41,19.6965,111834.0,0.0,1.0
2016-07-08,21.69,21.765,21.64,21.76,20.0185,45613.0,0.0,1.0
2016-07-11,21.97,22.07,21.97,22.0,20.2393,115204.0,0.0,1.0
2016-07-12,22.3,22.35,22.24,22.28,20.4969,138715.0,0.0,1.0
2016-07-13,22.32,22.324,22.2401,22.3,20.5153,57417.0,0.0,1.0
2016-07-14,22.53,22.5499,22.4699,22.52,20.7177,102357.0,0.0,1.0
2016-07-15,22.45,22.4798,22.401,22.4798,20.6807,39284.0,0.0,1.0
2016-07-18,22.36,22.498,22.3474,22.47,20.6717,38532.0,0.0,1.0
2016-07-19,22.28,22.33,22.23,22.28,20.4969,79873.0,0.0,1.0
2016-07-20,22.31,22.41,22.27,22.37,20.5797,82741.0,0.0,1.0
2016-07-21,22.36,22.43,22.294,22.34,20.5521,107709.0,0.0,1.0
2016-07-22,22.42,22.42,22.35,22.4001,20.6074,151095.0,0.0,1.0
2016-07-25,22.47,22.47,22.35,22.43,20.6349,591373.0,0.0,1.0
2016-07-26,22.485,22.54,22.4383,22.52,20.7177,30514.0,0.0,1.0
2016-07-27,22.66,22.666,22.49,22.63,20.8189,28263.0,0.0,1.0
2016-07-28,22.7,22.7,22.5503,22.63,20.8189,98785.0,0.0,1.0
2016-07-29,22.69,22.83,22.67,22.81,20.9845,246097.0,0.0,1.0
2016-08-01,23.3,23.3,22.61,22.63,20.8189,148243.0,0.0,1.0
2016-08-02,22.63,22.63,22.46,22.54,20.7361,93458.0,0.0,1.0
2016-08-03,22.32,22.45,22.32,22.45,20.6533,32211.0,0.0,1.0
2016-08-04,22.54,22.632,22.54,22.6,20.7913,70295.0,0.0,1.0
2016-08-05,22.654,22.75,22.654,22.72,20.9017,64304.0,0.0,1.0
2016-08-08,22.77,22.82,22.76,22.79,20.9661,225183.0,0.0,1.0
2016-08-09,22.9,23.03,22.9,22.98,21.1408,112444.0,0.0,1.0
2016-08-10,23.11,23.13,23.02,23.04,21.196,83154.0,0.0,1.0
2016-08-11,23.09,23.22,23.09,23.21,21.3524,81606.0,0.0,1.0
2016-08-12,23.17,23.18,23.07,23.11,21.2604,119719.0,0.0,1.0
2016-08-15,23.14,23.23,23.14,23.2,21.3432,57996.0,0.0,1.0
2016-08-16,23.15,23.19,23.12,23.14,21.288,60824.0,0.0,1.0
2016-08-17,23.02,23.16,22.94,23.12,21.2696,75086.0,0.0,1.0
2016-08-18,23.12,23.25,23.12,23.24,21.38,50465.0,0.0,1.0
2016-08-19,22.96,23.0999,22.96,23.09,21.242,36051.0,0.0,1.0
2016-08-22,22.98,23.05,22.94,23.05,21.2052,74814.0,0.0,1.0
2016-08-23,23.18,23.21,23.08,23.1,21.2512,52794.0,0.0,1.0
2016-08-24,23.04,23.0899,23.0,23.02,21.1776,36266.0,0.0,1.0
2016-08-25,22.96,23.0061,22.94,22.97,21.1316,118558.0,0.0,1.0
2016-08-26,22.98,23.14,22.69,22.76,20.9385,91642.0,0.0,1.0
2016-08-29,22.74,22.87,22.74,22.87,21.0396,39788.0,0.0,1.0
2016-08-30,22.84,22.89,22.78,22.81,20.9845,48829.0,0.0,1.0
2016-08-31,22.77,22.795,22.66,22.71,20.8925,40050.0,0.0,1.0
2016-09-01,22.77,22.82,22.7,22.81,20.9845,47800.0,0.0,1.0
2016-09-02,22.99,23.0632,22.96,23.06,21.2144,54380.0,0.0,1.0
2016-09-06,23.12,23.29,23.12,23.27,21.4076,36189.0,0.0,1.0
2016-09-07,23.29,23.324,23.21,23.27,21.4076,102700.0,0.0,1.0
2016-09-08,23.3,23.338,23.23,23.27,21.4076,53881.0,0.0,1.0
2016-09-09,23.03,23.05,22.77,22.77,20.9477,106614.0,0.0,1.0
2016-09-12,22.57,22.91,22.57,22.9,21.0672,179125.0,0.0,1.0
2016-09-13,22.58,22.59,22.3472,22.42,20.6257,59400.0,0.0,1.0
2016-09-14,22.4,22.52,22.38,22.41,20.6165,93737.0,0.0,1.0
2016-09-15,22.44,22.7,22.43,22.67,20.8557,51314.0,0.0,1.0
2016-09-16,22.4,22.45,22.36,22.38,20.5889,70015.0,0.0,1.0
2016-09-19,22.34,22.4,22.25,22.29,20.7291,185585.0,0.2424,1.0
2016-09-20,22.42,22.45,22.37,22.37,20.8035,59532.0,0.0,1.0
2016-09-21,22.59,22.7899,22.51,22.77,21.1755,69915.0,0.0,1.0
2016-09-22,23.04,23.0911,22.945,22.95,21.3429,105039.0,0.0,1.0
2016-09-23,22.83,22.88,22.78,22.79,21.1941,191948.0,0.0,1.0
2016-09-26,22.58,22.62,22.55,22.56,20.9802,92011.0,0.0,1.0
2016-09-27,22.5,22.68,22.49,22.67,21.0825,82034.0,0.0,1.0
2016-09-28,22.72,22.86,22.61,22.85,21.2499,113625.0,0.0,1.0
2016-09-29,22.79,22.87,22.56,22.5901,21.0082,156605.0,0.0,1.0
2016-09-30,22.65,22.82,22.64,22.77,21.1755,100925.0,0.0,1.0
2016-10-03,22.7,22.77,22.68,22.74,21.1476,86284.0,0.0,1.0
2016-10-04,22.83,22.87,22.65,22.66,21.0732,97349.0,0.0,1.0
2016-10-05,22.81,22.89,22.77,22.84,21.2406,205538.0,0.0,1.0
2016-10-06,22.78,22.81,22.7252,22.8,21.2034,43862.0,0.0,1.0
2016-10-07,22.79,22.79,22.55,22.7,21.1104,55757.0,0.0,1.0
2016-10-10,22.76,22.83,22.76,22.77,21.1755,16122.0,0.0,1.0
2016-10-11,22.68,22.68,22.3868,22.43,20.8593,68697.0,0.0,1.0
2016-10-12,22.33,22.43,22.32,22.36,20.7942,43762.0,0.0,1.0
2016-10-13,22.16,22.36,22.11,22.32,20.757,66638.0,0.0,1.0
2016-10-14,22.43,22.49,22.33,22.33,20.7663,40162.0,0.0,1.0
2016-10-17,22.3,22.33,22.26,22.28,20.7198,37845.0,0.0,1.0
2016-10-18,22.53,22.54,22.468,22.5,20.9244,132763.0,0.0,1.0
2016-10-19,22.57,22.64,22.56,22.61,21.0267,55141.0,0.0,1.0
2016-10-20,22.54,22.67,22.54,22.65,21.0639,188858.0,0.0,1.0
2016-10-21,22.46,22.58,22.46,22.56,20.9802,97192.0,0.0,1.0
2016-10-24,22.64,22.64,22.55,22.6,21.0174,258685.0,0.0,1.0
2016-10-25,22.57,22.63,22.54,22.57,20.9895,169176.0,0.0,1.0
2016-10-26,22.47,22.5534,22.44,22.46,20.8872,139932.0,0.0,1.0
2016-10-27,22.48,22.54,22.43,22.43,20.8593,101721.0,0.0,1.0
2016-10-28,22.45,22.5,22.38,22.44,20.8686,96686.0,0.0,1.0
2016-10-31,22.45,22.4979,22.42,22.49,20.9151,146053.0,0.0,1.0
2016-11-01,22.56,22.56,22.29,22.37,20.8035,79823.0,0.0,1.0
2016-11-02,22.35,22.38,22.18,22.24,20.6826,62544.0,0.0,1.0
2016-11-03,22.25,22.284,22.17,22.17,20.6175,20529.0,0.0,1.0
2016-11-04,22.01,22.0251,21.89,21.89,20.3571,104662.0,0.0,1.0
2016-11-07,22.19,22.27,22.19,22.27,20.7105,58419.0,0.0,1.0
2016-11-08,22.23,22.48,22.23,22.4,20.8314,102243.0,0.0,1.0
2016-11-09,22.1,22.3051,22.08,22.2472,20.6893,70447.0,0.0,1.0
2016-11-10,22.24,22.26,22.01,22.06,20.5152,52954.0,0.0,1.0
2016-11-11,21.96,22.02,21.82,21.99,20.4501,199818.0,0.0,1.0
2016-11-14,21.8,21.82,21.68,21.81,20.2827,101582.0,0.0,1.0
2016-11-15,21.8,21.97,21.8,21.95,20.4129,77134.0,0.0,1.0
2016-11-16,21.67,21.75,21.67,21.71,20.1897,43601.0,0.0,1.0
2016-11-17,21.76,21.89,21.76,21.802,20.2752,80340.0,0.0,1.0
2016-11-18,21.69,21.72,21.6469,21.69,20.1711,129312.0,0.0,1.0
2016-11-21,21.799,21.87,21.7817,21.87,20.3385,104172.0,0.0,1.0
2016-11-22,21.93,21.99,21.89,21.978,20.4389,187324.0,0.0,1.0
2016-11-23,21.7,21.84,21.7,21.83,20.3013,76377.0,0.0,1.0
2016-11-25,21.97,21.97,21.92,21.94,20.4036,13419.0,0.0,1.0
2016-11-28,21.89,21.97,21.89,21.91,20.3757,57684.0,0.0,1.0
2016-11-29,21.93,22.03,21.8888,21.96,20.4222,124412.0,0.0,1.0
2016-11-30,22.12,22.12,22.01,22.02,20.478,179727.0,0.0,1.0
2016-12-01,21.96,22.02,21.908,21.93,20.3943,112459.0,0.0,1.0
2016-12-02,21.9,22.008,21.9,21.97,20.4315,65254.0,0.0,1.0
2016-12-05,22.1,22.18,22.08,22.15,20.5989,172543.0,0.0,1.0
2016-12-06,22.2,22.38,22.2,22.38,20.8128,90653.0,0.0,1.0
2016-12-07,22.41,22.7236,22.41,22.68,21.0918,104990.0,0.0,1.0
2016-12-08,22.62,22.72,22.5982,22.67,21.0825,84490.0,0.0,1.0
2016-12-09,22.63,22.7498,22.63,22.74,21.1476,115059.0,0.0,1.0
2016-12-12,22.73,22.77,22.71,22.73,21.1383,117694.0,0.0,1.0
2016-12-13,22.92,23.008,22.87,22.93,21.3243,85958.0,0.0,1.0
2016-12-14,22.87,22.89,22.5,22.5,20.9244,91189.0,0.0,1.0
2016-12-15,22.48,22.59,22.4796,22.56,20.9802,104346.0,0.0,1.0
2016-12-16,22.5,22.55,22.45,22.49,20.9151,103663.0,0.0,1.0
2016-12-19,22.54,22.54,22.43,22.43,20.8593,376901.0,0.0,1.0
2016-12-20,22.53,22.54,22.45,22.52,20.943,278600.0,0.0,1.0
2016-12-21,22.54,22.56,22.51,22.53,20.9523,155098.0,0.0,1.0
2016-12-22,22.32,22.33,22.2609,22.29,20.8958,93951.0,0.1793,1.0
2016-12-23,22.24,22.32,22.24,22.31,20.9146,318647.0,0.0,1.0
2016-12-27,22.31,22.39,22.31,22.38,20.9802,317354.0,0.0,1.0
2016-12-28,22.33,22.37,22.28,22.31,20.9146,168085.0,0.0,1.0
2016-12-29,22.48,22.49,22.41,22.45,21.0458,113461.0,0.0,1.0
2016-12-30,22.62,22.62,22.465,22.52,21.1114,268171.0,0.0,1.0
2017-01-03,22.58,22.66,22.58,22.63,21.2146,133323.0,0.0,1.0
2017-01-04,22.8,22.9,22.77,22.9,21.4677,129623.0,0.0,1.0
2017-01-05,22.97,23.11,22.97,23.09,21.6458,76778.0,0.0,1.0
2017-01-06,23.0,23.01,22.9445,22.99,21.552,157643.0,0.0,1.0
2017-01-09,22.85,22.96,22.84,22.93,21.4958,141880.0,0.0,1.0
2017-01-10,22.93,22.96,22.88,22.9,21.4677,42307.0,0.0,1.0
2017-01-11,22.81,23.06,22.81,23.06,21.6177,73488.0,0.0,1.0
2017-01-12,23.11,23.12,23.04,23.08,21.6364,64906.0,0.0,1.0
2017-01-13,23.12,23.15,23.06,23.14,21.6927,177617.0,0.0,1.0
2017-01-17,23.13,23.13,23.0511,23.07,21.627,123766.0,0.0,1.0
2017-01-18,23.01,23.04,22.91,22.95,21.5145,85543.0,0.0,1.0
2017-01-19,22.95,22.95,22.8634,22.94,21.5052,101285.0,0.0,1.0
2017-01-20,23.0,23.03,22.94,23.03,21.5895,105127.0,0.0,1.0
2017-01-23,23.04,23.09,22.99,23.08,21.6364,63139.0,0.0,1.0
2017-01-24,23.06,23.22,23.06,23.19,21.7395,89790.0,0.0,1.0
2017-01-25,23.3,23.39,23.3,23.39,21.927,72161.0,0.0,1.0
2017-01-26,23.37,23.37,23.3008,23.32,21.8614,154018.0,0.0,1.0
2017-01-27,23.3,23.33,23.25,23.31,21.852,71587.0,0.0,1.0
2017-01-30,23.16,23.18,23.09,23.18,21.7302,292236.0,0.0,1.0
2017-01-31,23.18,23.22,23.11,23.2,21.7489,248575.0,0.0,1.0
2017-02-01,23.35,23.35,23.21,23.31,21.852,145059.0,0.0,1.0
2017-02-02,23.35,23.35,23.25,23.3,21.8427,112775.0,0.0,1.0
2017-02-03,23.33,23.43,23.31,23.4,21.9364,112145.0,0.0,1.0
2017-02-06,23.24,23.24,23.1682,23.22,21.7677,111453.0,0.0,1.0
2017-02-07,23.1542,23.17,23.12,23.15,21.702,115551.0,0.0,1.0
2017-02-08,23.17,23.2633,23.16,23.24,21.7864,135967.0,0.0,1.0
2017-02-09,23.35,23.38,23.3166,23.34,21.8801,72431.0,0.0,1.0
2017-02-10,23.38,23.49,23.38,23.46,21.9926,172022.0,0.0,1.0
2017-02-13,23.54,23.59,23.52,23.57,22.0958,112922.0,0.0,1.0
2017-02-14,23.56,23.617,23.47,23.59,22.1145,176656.0,0.0,1.0
2017-02-15,23.5,23.74,23.5,23.73,22.2458,176040.0,0.0,1.0
2017-02-16,23.8,23.83,23.77,23.81,22.3208,134711.0,0.0,1.0
2017-02-17,23.71,23.77,23.68,23.77,22.2833,103162.0,0.0,1.0
2017-02-21,23.79,23.85,23.7886,23.81,22.3208,231287.0,0.0,1.0
2017-02-22,23.74,23.83,23.72,23.82,22.3301,81186.0,0.0,1.0
2017-02-23,23.91,23.9837,23.89,23.89,22.3957,92676.0,0.0,1.0
2017-02-24,23.63,23.71,23.63,23.68,22.1989,48873.0,0.0,1.0
2017-02-27,23.57,23.64,23.57,23.6207,22.1433,31846.0,0.0,1.0
2017-02-28,23.64,23.65,23.53,23.55,22.077,70511.0,0.0,1.0
2017-03-01,23.67,23.8629,23.67,23.835,22.3442,154990.0,0.0,1.0
2017-03-02,23.7,23.71,23.62,23.64,22.1614,62347.0,0.0,1.0
2017-03-03,23.72,23.81,23.67,23.78,22.2926,119936.0,0.0,1.0
2017-03-06,23.71,23.76,23.69,23.72,22.2364,133090.0,0.0,1.0
2017-03-07,23.7,23.71,23.6356,23.67,22.1895,70418.0,0.0,1.0
2017-03-08,23.62,23.62,23.47,23.47,22.002,140535.0,0.0,1.0
2017-03-09,23.53,23.56,23.4698,23.52,22.0489,150745.0,0.0,1.0
2017-03-10,23.72,23.75,23.65,23.75,22.2645,94165.0,0.0,1.0
2017-03-13,23.84,23.9,23.82,23.9,22.4051,40564.0,0.0,1.0
2017-03-14,23.74,23.77,23.69,23.73,22.2458,89864.0,0.0,1.0
2017-03-15,23.77,24.149,23.77,24.1262,22.6172,83027.0,0.0,1.0
2017-03-16,24.29,24.3,24.23,24.27,22.752,247912.0,0.0,1.0
2017-03-17,24.37,24.4,24.32,24.36,22.8364,153195.0,0.0,1.0
2017-03-20,24.29,24.32,24.21,24.2734,22.8446,100476.0,0.0953,1.0
2017-03-21,24.45,24.45,24.13,24.13,22.7096,175584.0,0.0,1.0
2017-03-22,24.05,24.18,24.04,24.17,22.7472,80055.0,0.0,1.0
2017-03-23,24.1,24.26,24.1,24.19,22.7661,63686.0,0.0,1.0
2017-03-24,24.23,24.34,24.23,24.3,22.8696,99928.0,0.0,1.0
2017-03-27,24.29,24.37,24.2284,24.34,22.9072,91588.0,0.0,1.0
2017-03-28,24.39,24.49,24.38,24.45,23.0108,94823.0,0.0,1.0
2017-03-29,24.39,24.46,24.34,24.43,22.9919,106732.0,0.0,1.0
2017-03-30,24.41,24.43,24.34,24.35,22.9166,53841.0,0.0,1.0
2017-03-31,24.29,24.3599,24.2658,24.31,22.879,44676.0,0.0,1.0
2017-04-03,24.28,24.35,24.1268,24.27,22.8414,101105.0,0.0,1.0
2017-04-04,24.21,24.31,24.1799,24.31,22.879,68453.0,0.0,1.0
2017-04-05,24.29,24.35,24.1809,24.19,22.7661,75382.0,0.0,1.0
2017-04-06,24.2,24.24,24.16,24.21,22.7849,65106.0,0.0,1.0
2017-04-07,24.17,24.22,24.15,24.18,22.7566,88533.0,0.0,1.0
2017-04-10,24.15,24.16,24.12,24.14,22.719,133398.0,0.0,1.0
2017-04-11,24.23,24.28,24.1333,24.26,22.8319,122286.0,0.0,1.0
2017-04-12,24.22,24.2797,24.14,24.25,22.8225,76087.0,0.0,1.0
2017-04-13,24.2,24.22,24.105,24.11,22.6908,115616.0,0.0,1.0
2017-04-17,24.23,24.3,24.21,24.28,22.8508,137132.0,0.0,1.0
2017-04-18,24.09,24.12,24.01,24.08,22.6625,130764.0,0.0,1.0
2017-04-19,24.14,24.14,23.98,23.98,22.5684,102590.0,0.0,1.0
2017-04-20,24.2,24.24,24.19,24.21,22.7849,132717.0,0.0,1.0
2017-04-21,24.2,24.2,24.13,24.16,22.7378,110461.0,0.0,1.0
2017-04-24,24.72,24.76,24.67,24.75,23.2931,94835.0,0.0,1.0
2017-04-25,24.87,24.93,24.84,24.91,23.4437,228377.0,0.0,1.0
2017-04-26,24.85,24.89,24.8,24.82,23.359,192680.0,0.0,1.0
2017-04-27,24.84,24.84,24.7101,24.77,23.3119,54923.0,0.0,1.0
2017-04-28,24.8,24.82,24.76,24.79,23.3307,181909.0,0.0,1.0
2017-05-01,24.89,24.9,24.83,24.83,23.3684,142906.0,0.0,1.0
2017-05-02,24.98,25.02,24.95,25.02,23.5472,91936.0,0.0,1.0
2017-05-03,24.93,24.97,24.88,24.93,23.4625,668096.0,0.0,1.0
2017-05-04,24.95,25.0,24.925,24.99,23.519,115906.0,0.0,1.0
2017-05-05,25.05,25.26,25.05,25.26,23.7731,147760.0,0.0,1.0
2017-05-08,25.18,25.18,25.09,25.13,23.6507,64857.0,0.0,1.0
2017-05-09,25.14,25.1401,25.0502,25.08,23.6037,82862.0,0.0,1.0
2017-05-10,25.13,25.14,25.0847,25.14,23.6601,165248.0,0.0,1.0
2017-05-11,25.0,25.08,24.95,25.08,23.6037,60351.0,0.0,1.0
2017-05-12,25.11,25.2,25.11,25.19,23.7072,212266.0,0.0,1.0
2017-05-15,25.33,25.37,25.3,25.35,23.8578,100484.0,0.0,1.0
2017-05-16,25.54,25.54,25.5,25.52,24.0178,164388.0,0.0,1.0
2017-05-17,25.42,25.45,25.25,25.26,23.7731,106789.0,0.0,1.0
2017-05-18,25.1,25.16,24.99,25.1,23.6225,89533.0,0.0,1.0
2017-05-19,25.37,25.49,25.37,25.4586,23.96,95896.0,0.0,1.0
2017-05-22,25.51,25.56,25.47,25.53,24.0272,63187.0,0.0,1.0
2017-05-23,25.62,25.62,25.53,25.54,24.0366,213738.0,0.0,1.0
2017-05-24,25.53,25.6214,25.51,25.62,24.1119,182863.0,0.0,1.0
2017-05-25,25.68,25.69,25.5968,25.63,24.1213,186906.0,0.0,1.0
2017-05-26,25.54,25.55,25.5008,25.55,24.046,99920.0,0.0,1.0
2017-05-30,25.53,25.56,25.513,25.53,24.0272,33949.0,0.0,1.0
2017-05-31,25.64,25.64,25.5245,25.545,24.0413,111309.0,0.0,1.0
2017-06-01,25.58,25.6165,25.52,25.6,24.0931,87623.0,0.0,1.0
2017-06-02,25.77,25.8199,25.71,25.81,24.2907,61077.0,0.0,1.0
2017-06-05,25.71,25.71,25.6591,25.68,24.1684,107012.0,0.0,1.0
2017-06-06,25.62,25.64,25.5866,25.63,24.1213,38522.0,0.0,1.0
2017-06-07,25.62,25.68,25.49,25.59,24.0837,98468.0,0.0,1.0
2017-06-08,25.52,25.59,25.5,25.59,24.0837,119698.0,0.0,1.0
2017-06-09,25.5,25.57,25.4034,25.47,23.9707,225344.0,0.0,1.0
2017-06-12,25.48,25.5,25.38,25.44,23.9425,157867.0,0.0,1.0
2017-06-13,25.57,25.6,25.5191,25.57,24.0648,121266.0,0.0,1.0
2017-06-14,25.71,25.735,25.5,25.55,24.046,53527.0,0.0,1.0
2017-06-15,25.25,25.35,25.2,25.34,23.8484,62028.0,0.0,1.0
2017-06-16,25.45,25.5,25.38,25.5,23.9989,38092.0,0.0,1.0
2017-06-19,25.16,25.2,25.15,25.16,24.0714,114363.0,0.417,1.0
2017-06-20,25.15,25.15,24.9301,24.95,23.8705,67735.0,0.0,1.0
2017-06-21,24.94,24.9557,24.85,24.92,23.8418,75812.0,0.0,1.0
2017-06-22,24.939,24.999,24.91,24.95,23.8705,123277.0,0.0,1.0
2017-06-23,24.98,25.03,24.92,25.01,23.9279,130454.0,0.0,1.0
2017-06-26,25.23,25.24,25.11,25.15,24.0619,122623.0,0.0,1.0
2017-06-27,25.16,25.17,25.05,25.1,24.014,93252.0,0.0,1.0
2017-06-28,25.23,25.36,25.18,25.35,24.2532,172457.0,0.0,1.0
2017-06-29,25.28,25.28,25.029,25.1,24.014,69171.0,0.0,1.0
2017-06-30,25.19,25.2,25.08,25.18,24.0906,154014.0,0.0,1.0
2017-07-03,25.18,25.2,25.17,25.19,24.1001,70627.0,0.0,1.0
2017-07-05,25.12,25.1757,25.09,25.164,24.0753,82539.0,0.0,1.0
2017-07-06,25.04,25.12,25.01,25.06,23.9758,102417.0,0.0,1.0
2017-07-07,25.01,25.11,24.99,25.11,24.0236,60856.0,0.0,1.0
2017-07-10,25.1,25.17,25.1,25.13,24.0427,275477.0,0.0,1.0
2017-07-11,25.1,25.25,25.1,25.25,24.1575,108585.0,0.0,1.0
2017-07-12,25.44,25.57,25.44,25.55,24.4446,90626.0,0.0,1.0
2017-07-13,25.58,25.62,25.52,25.61,24.502,161498.0,0.0,1.0
2017-07-14,25.69,25.82,25.69,25.81,24.6933,268174.0,0.0,1.0
2017-07-17,25.82,25.82,25.76,25.78,24.6646,132620.0,0.0,1.0
2017-07-18,25.81,25.87,25.81,25.8699,24.7506,85462.0,0.0,1.0
2017-07-19,25.9121,25.98,25.9121,25.97,24.8464,79713.0,0.0,1.0
2017-07-20,26.02,26.0599,25.99,26.0,24.8751,136932.0,0.0,1.0
2017-07-21,25.96,26.01,25.94,26.01,24.8847,101713.0,0.0,1.0
2017-07-24,25.94,25.99,25.922,25.975,24.8512,67954.0,0.0,1.0
2017-07-25,26.05,26.05,25.93,25.93,24.8081,159508.0,0.0,1.0
2017-07-26,26.02,26.14,25.96,26.11,24.9803,79723.0,0.0,1.0
2017-07-27,26.13,26.13,25.9,25.97,24.8464,164866.0,0.0,1.0
2017-07-28,25.9324,25.97,25.82,25.97,24.8464,105161.0,0.0,1.0
2017-07-31,25.99,26.021,25.91,26.01,24.8847,123329.0,0.0,1.0
2017-08-01,26.18,26.2,26.12,26.13,24.9995,135662.0,0.0,1.0
2017-08-02,26.16,26.2,26.1094,26.18,25.0473,136622.0,0.0,1.0
2017-08-03,26.18,26.21,26.138,26.18,25.0473,72952.0,0.0,1.0
2017-08-04,26.25,26.25,26.1202,26.19,25.0569,176639.0,0.0,1.0
2017-08-07,26.16,26.25,26.16,26.25,25.1143,51151.0,0.0,1.0
2017-08-08,26.21,26.225,26.12,26.12,24.9899,91143.0,0.0,1.0
2017-08-09,26.02,26.08,25.99,26.0692,24.9413,113432.0,0.0,1.0
2017-08-10,25.93,25.93,25.66,25.67,24.5594,65145.0,0.0,1.0
2017-08-11,25.66,25.68,25.565,25.63,24.5211,89634.0,0.0,1.0
2017-08-14,25.81,25.83,25.77,25.79,24.6742,63050.0,0.0,1.0
2017-08-15,25.7199,25.76,25.67,25.75,24.6359,167470.0,0.0,1.0
2017-08-16,25.86,25.93,25.8323,25.92,24.7986,56355.0,0.0,1.0
2017-08-17,25.86,25.88,25.64,25.66,24.5498,87089.0,0.0,1.0
2017-08-18,25.68,25.81,25.64,25.76,24.6455,80412.0,0.0,1.0
2017-08-21,25.83,25.85,25.76,25.83,24.7125,106302.0,0.0,1.0
2017-08-22,25.89,25.95,25.89,25.95,24.8273,165340.0,0.0,1.0
2017-08-23,25.87,25.95,25.845,25.92,24.7986,74615.0,0.0,1.0
2017-08-24,26.0,26.01,25.94,25.94,24.8177,172462.0,0.0,1.0
2017-08-25,26.07,26.17,26.05,26.12,24.9899,59260.0,0.0,1.0
2017-08-28,26.19,26.195,26.111,26.16,25.0282,86233.0,0.0,1.0
2017-08-29,26.02,26.095,26.01,26.07,24.9421,104612.0,0.0,1.0
2017-08-30,26.01,26.035,25.98,26.02,24.8942,239704.0,0.0,1.0
2017-08-31,26.17,26.26,26.15,26.26,25.1238,223025.0,0.0,1.0
2017-09-01,26.37,26.37,26.29,26.31,25.1717,128086.0,0.0,1.0
2017-09-05,26.21,26.22,26.001,26.1,24.9708,111549.0,0.0,1.0
2017-09-06,26.19,26.28,26.16,26.26,25.1238,49017.0,0.0,1.0
2017-09-07,26.43,26.4304,26.36,26.42,25.2769,109807.0,0.0,1.0
2017-09-08,26.48,26.48,26.4,26.42,25.2769,255672.0,0.0,1.0
2017-09-11,26.59,26.65,26.59,26.62,25.4683,83137.0,0.0,1.0
2017-09-12,26.61,26.64,26.59,26.6132,25.4618,128746.0,0.0,1.0
2017-09-13,26.56,26.56,26.43,26.44,25.2961,90468.0,0.0,1.0
2017-09-14,26.41,26.5,26.39,26.49,25.3439,108203.0,0.0,1.0
2017-09-15,26.52,26.57,26.52,26.57,25.4204,89199.0,0.0,1.0
2017-09-18,26.35,26.35,26.2333,26.28,25.3751,112551.0,0.2426,1.0
2017-09-19,26.31,26.34,26.24,26.32,25.4137,119318.0,0.0,1.0
2017-09-20,26.32,26.53,26.15,26.28,25.3751,64934.0,0.0,1.0
2017-09-21,26.24,26.28,26.2,26.25,25.3461,59443.0,0.0,1.0
2017-09-22,26.29,26.32,26.2398,26.27,25.3654,123340.0,0.0,1.0
2017-09-25,26.18,26.21,26.063,26.12,25.2206,108750.0,0.0,1.0
2017-09-26,26.11,26.11,26.0054,26.07,25.1723,54738.0,0.0,1.0
2017-09-27,26.02,26.06,25.96,26.04,25.1433,80375.0,0.0,1.0
2017-09-28,25.99,26.07,25.9714,26.055,25.1578,81114.0,0.0,1.0
2017-09-29,26.13,26.24,26.1244,26.22,25.3171,85720.0,0.0,1.0
2017-10-02,26.15,26.26,26.15,26.2,25.2978,89589.0,0.0,1.0
2017-10-03,26.28,26.37,26.2604,26.355,25.4475,73717.0,0.0,1.0
2017-10-04,26.3,26.34,26.28,26.3,25.3944,92712.0,0.0,1.0
2017-10-05,26.28,26.31,26.26,26.275,25.3703,31963.0,0.0,1.0
2017-10-06,26.14,26.19,26.1,26.1834,25.2818,55768.0,0.0,1.0
2017-10-09,26.18,26.22,26.16,26.17,25.2689,22583.0,0.0,1.0
2017-10-10,26.36,26.4,26.31,26.4,25.4909,50813.0,0.0,1.0
2017-10-11,26.4,26.47,26.36,26.47,25.5585,73112.0,0.0,1.0
2017-10-12,26.47,26.508,26.4274,26.49,25.5778,55829.0,0.0,1.0
2017-10-13,26.69,26.69,26.6225,26.63,25.713,197186.0,0.0,1.0
2017-10-16,26.67,26.71,26.64,26.65,25.7323,85435.0,0.0,1.0
2017-10-17,26.58,26.58,26.47,26.5526,25.6383,146270.0,0.0,1.0
2017-10-18,26.57,26.6,26.5261,26.6,25.6841,81902.0,0.0,1.0
2017-10-19,26.46,26.51,26.4284,26.5,25.5875,60462.0,0.0,1.0
2017-10-20,26.5,26.53,26.479,26.52,25.6068,73649.0,0.0,1.0
2017-10-23,26.53,26.53,26.42,26.43,25.5199,92257.0,0.0,1.0
2017-10-24,26.46,26.46,26.38,26.425,25.5151,80393.0,0.0,1.0
2017-10-25,26.46,26.46,26.24,26.32,25.4137,459043.0,0.0,1.0
2017-10-26,26.35,26.35,26.2,26.23,25.3268,85604.0,0.0,1.0
2017-10-27,26.2,26.31,26.1354,26.31,25.404,110624.0,0.0,1.0
2017-10-30,26.25,26.31,26.25,26.3,25.3944,138893.0,0.0,1.0
2017-10-31,26.36,26.4,26.3,26.36,25.4523,85664.0,0.0,1.0
2017-11-01,26.52,26.5395,26.4228,26.4328,25.5226,52299.0,0.0,1.0
2017-11-02,26.42,26.51,26.42,26.51,25.5972,64120.0,0.0,1.0
2017-11-03,26.48,26.48,26.3203,26.4077,25.4984,62654.0,0.0,1.0
2017-11-06,26.34,26.5033,26.34,26.5,25.5875,135197.0,0.0,1.0
2017-11-07,26.45,26.45,26.335,26.39,25.4813,80458.0,0.0,1.0
2017-11-08,26.5,26.56,26.481,26.55,25.6358,72633.0,0.0,1.0
2017-11-09,26.35,26.43,26.2886,26.4295,25.5194,74141.0,0.0,1.0
2017-11-10,26.33,26.34,26.24,26.3,25.3944,66430.0,0.0,1.0
2017-11-13,26.04,26.159,26.04,26.13,25.2302,81499.0,0.0,1.0
2017-11-14,26.0714,26.0925,26.0202,26.06,25.1627,103207.0,0.0,1.0
2017-11-15,25.87,25.92,25.8,25.9,25.0082,94559.0,0.0,1.0
2017-11-16,26.07,26.16,26.06,26.14,25.2399,83757.0,0.0,1.0
2017-11-17,26.05,26.13,26.03,26.07,25.1723,104137.0,0.0,1.0
2017-11-20,26.07,26.1266,26.07,26.08,25.182,80926.0,0.0,1.0
2017-11-21,26.27,26.31,26.25,26.25,25.3461,99712.0,0.0,1.0
2017-11-22,26.42,26.42,26.32,26.4,25.4909,107573.0,0.0,1.0
2017-11-24,26.5,26.52,26.46,26.51,25.5972,27896.0,0.0,1.0
2017-11-27,26.49,26.5,26.35,26.35,25.4427,67183.0,0.0,1.0
2017-11-28,26.42,26.46,26.34,26.42,25.5103,106851.0,0.0,1.0
2017-11-29,26.44,26.44,26.28,26.3,25.3944,98478.0,0.0,1.0
2017-11-30,26.36,26.4,26.29,26.31,25.404,117676.0,0.0,1.0
2017-12-01,26.25,26.2707,26.15,26.2593,25.3551,70955.0,0.0,1.0
2017-12-04,26.31,26.31,26.16,26.16,25.2592,60961.0,0.0,1.0
2017-12-05,26.16,26.24,26.12,26.12,25.2206,112919.0,0.0,1.0
2017-12-06,26.04,26.08,25.98,26.01,25.1144,75433.0,0.0,1.0
2017-12-07,25.99,26.0999,25.985,26.04,25.1433,94715.0,0.0,1.0
2017-12-08,26.16,26.18,26.11,26.18,25.2785,45394.0,0.0,1.0
2017-12-11,26.32,26.32,26.2037,26.22,25.3171,129232.0,0.0,1.0
2017-12-12,26.21,26.25,26.175,26.25,25.3461,74927.0,0.0,1.0
2017-12-13,26.31,26.44,26.3,26.4,25.4909,77721.0,0.0,1.0
2017-12-14,26.36,26.37,26.25,26.25,25.3461,163518.0,0.0,1.0
2017-12-15,26.31,26.37,26.25,26.34,25.433,42754.0,0.0,1.0
2017-12-18,26.6,26.66,26.56,26.57,25.6551,70301.0,0.0,1.0
2017-12-19,26.58,26.6,26.49,26.52,25.6068,117706.0,0.0,1.0
2017-12-20,26.59,26.6,26.53,26.53,25.6165,109778.0,0.0,1.0
2017-12-21,26.36,26.41,26.31,26.34,25.7101,95046.0,0.287,1.0
2017-12-22,26.44,26.46,26.3701,26.45,25.8175,47217.0,0.0,1.0
2017-12-26,26.5,26.5186,26.46,26.5,25.8663,48536.0,0.0,1.0
2017-12-27,26.56,26.6074,26.54,26.58,25.9444,95796.0,0.0,1.0
2017-12-28,26.7,26.73,26.69,26.705,26.0664,69170.0,0.0,1.0
2017-12-29,26.83,26.86,26.76,26.79,26.1494,85605.0,0.0,1.0
2018-01-02,26.97,27.03,26.91,27.03,26.3836,207335.0,0.0,1.0
2018-01-03,27.03,27.14,27.03,27.12,26.4715,103665.0,0.0,1.0
2018-01-04,27.31,27.36,27.3078,27.32,26.6667,89355.0,0.0,1.0
2018-01-05,27.44,27.53,27.4208,27.52,26.8619,61695.0,0.0,1.0
2018-01-08,27.45,27.4684,27.415,27.461,26.8043,158543.0,0.0,1.0
2018-01-09,27.48,27.51,27.4195,27.5,26.8424,109732.0,0.0,1.0
2018-01-10,27.51,27.51,27.41,27.43,26.7741,152769.0,0.0,1.0
2018-01-11,27.56,27.62,27.5,27.62,26.9595,130424.0,0.0,1.0
2018-01-12,27.71,27.8699,27.71,27.86,27.1938,146559.0,0.0,1.0
2018-01-16,27.96,27.98,27.79,27.83,27.1645,58770.0,0.0,1.0
2018-01-17,27.95,28.12,27.8866,28.02,27.3499,133102.0,0.0,1.0
2018-01-18,28.02,28.08,28.0,28.04,27.3695,110051.0,0.0,1.0
2018-01-19,28.13,28.18,28.0934,28.1599,27.4865,124484.0,0.0,1.0
2018-01-22,28.24,28.37,28.23,28.37,27.6916,311321.0,0.0,1.0
2018-01-23,28.29,28.39,28.2835,28.34,27.6623,157741.0,0.0,1.0
2018-01-24,28.5,28.57,28.4116,28.52,27.838,67613.0,0.0,1.0
2018-01-25,28.61,28.61,28.4,28.42,27.7404,96013.0,0.0,1.0
2018-01-26,28.52,28.63,28.47,28.63,27.9454,87202.0,0.0,1.0
2018-01-29,28.37,28.37,28.28,28.315,27.6379,110357.0,0.0,1.0
2018-01-30,28.2,28.2,28.02,28.06,27.389,470078.0,0.0,1.0
2018-01-31,28.21,28.21,27.955,28.0,27.3304,339001.0,0.0,1.0
2018-02-01,28.03,28.148,28.01,28.08,27.4085,110026.0,0.0,1.0
2018-02-02,27.86,27.86,27.531,27.5376,26.8791,122947.0,0.0,1.0
2018-02-05,27.32,27.3708,26.47,26.47,25.837,261418.0,0.0,1.0
2018-02-06,26.46,27.06,26.39,27.0,26.3543,119976.0,0.0,1.0
2018-02-07,26.72,26.9,26.55,26.58,25.9444,143244.0,0.0,1.0
2018-02-08,26.71,26.71,25.95,25.9761,25.3549,140091.0,0.0,1.0
2018-02-09,26.2,26.2263,25.56,26.11,25.4856,199369.0,0.0,1.0
2018-02-12,26.36,26.54,26.29,26.47,25.837,169264.0,0.0,1.0
2018-02-13,26.38,26.52,26.35,26.47,25.837,79958.0,0.0,1.0
2018-02-14,26.35,26.94,26.35,26.94,26.2958,121636.0,0.0,1.0
2018-02-15,27.15,27.23,27.03,27.21,26.5593,148502.0,0.0,1.0
2018-02-16,27.2,27.3999,27.2,27.25,26.5984,165069.0,0.0,1.0
2018-02-20,27.03,27.14,26.951,26.99,26.3446,49099.0,0.0,1.0
2018-02-21,27.13,27.3,26.93,26.94,26.2958,90885.0,0.0,1.0
2018-02-22,27.01,27.138,26.96,27.03,26.3836,54110.0,0.0,1.0
2018-02-23,27.2,27.35,27.1813,27.35,26.696,50777.0,0.0,1.0
2018-02-26,27.42,27.52,27.29,27.52,26.8619,100699.0,0.0,1.0
2018-02-27,27.37,27.3898,27.11,27.11,26.4617,76596.0,0.0,1.0
2018-02-28,27.13,27.18,26.81,26.81,26.1689,85004.0,0.0,1.0
2018-03-01,26.78,26.9,26.485,26.65,26.0127,92131.0,0.0,1.0
2018-03-02,26.46,26.7,26.36,26.7,26.0615,178931.0,0.0,1.0
2018-03-05,26.5,26.81,26.47,26.81,26.1689,87171.0,0.0,1.0
2018-03-06,27.04,27.04,26.8342,26.94,26.2958,60983.0,0.0,1.0
2018-03-07,26.77,26.8365,26.65,26.82,26.1786,70666.0,0.0,1.0
2018-03-08,26.88,26.9,26.72,26.81,26.1689,68887.0,0.0,1.0
2018-03-09,26.9,27.02,26.85,27.01,26.3641,51813.0,0.0,1.0
2018-03-12,27.02,27.091,27.01,27.08,26.4324,85149.0,0.0,1.0
2018-03-13,27.18,27.18,26.8801,26.91,26.2665,147796.0,0.0,1.0
2018-03-14,27.09,27.09,26.85,26.91,26.2665,138652.0,0.0,1.0
2018-03-15,26.91,26.946,26.79,26.83,26.1884,82440.0,0.0,1.0
2018-03-16,26.82,26.8962,26.8,26.84,26.1982,89498.0,0.0,1.0
2018-03-19,26.6,26.6,26.37,26.4889,25.955,108004.0,0.102,1.0
2018-03-20,26.51,26.55,26.46,26.49,25.9561,103627.0,0.0,1.0
2018-03-21,26.5,26.7072,26.49,26.62,26.0835,93977.0,0.0,1.0
2018-03-22,26.38,26.39,26.15,26.17,25.6426,107609.0,0.0,1.0
2018-03-23,26.17,26.17,25.8198,25.85,25.329,113853.0,0.0,1.0
2018-03-26,26.26,26.33,25.9854,26.33,25.7993,182742.0,0.0,1.0
2018-03-27,26.33,26.35,25.97,25.98,25.4564,50182.0,0.0,1.0
2018-03-28,26.07,26.2799,26.01,26.1,25.574,91098.0,0.0,1.0
2018-03-29,26.25,26.41,26.2,26.34,25.8091,98471.0,0.0,1.0
2018-04-02,26.31,26.34,25.79,25.93,25.4074,89818.0,0.0,1.0
2018-04-03,26.13,26.16,25.9817,26.16,25.6328,91150.0,0.0,1.0
2018-04-04,25.85,26.23,25.85,26.23,25.7014,150523.0,0.0,1.0
2018-04-05,26.3,26.37,26.2438,26.35,25.8189,61255.0,0.0,1.0
2018-04-06,26.36,26.4002,26.06,26.17,25.6426,146150.0,0.0,1.0
2018-04-09,26.25,26.31,26.11,26.11,25.5838,48898.0,0.0,1.0
2018-04-10,26.43,26.5,26.37,26.475,25.9414,90301.0,0.0,1.0
2018-04-11,26.35,26.525,26.35,26.43,25.8973,49791.0,0.0,1.0
2018-04-12,26.43,26.51,26.42,26.48,25.9463,29603.0,0.0,1.0
2018-04-13,26.5089,26.5089,26.41,26.47,25.9365,39154.0,0.0,1.0
2018-04-16,26.46,26.49,26.3812,26.47,25.9365,53857.0,0.0,1.0
2018-04-17,26.44,26.56,26.43,26.54,26.0051,65775.0,0.0,1.0
2018-04-18,26.69,26.75,26.66,26.74,26.2011,67079.0,0.0,1.0
2018-04-19,26.74,26.74,26.57,26.66,26.1227,65633.0,0.0,1.0
2018-04-20,26.53,26.53,26.45,26.49,25.9561,91064.0,0.0,1.0
2018-04-23,26.54,26.54,26.43,26.4652,25.9318,69312.0,0.0,1.0
2018-04-24,26.56,26.56,26.3,26.35,25.8189,81282.0,0.0,1.0
2018-04-25,26.29,26.359,26.19,26.3104,25.7801,34846.0,0.0,1.0
2018-04-26,26.47,26.489,26.3673,26.44,25.9071,44032.0,0.0,1.0
2018-04-27,26.46,26.505,26.39,26.49,25.9561,57580.0,0.0,1.0
2018-04-30,26.45,26.48,26.31,26.31,25.7797,44022.0,0.0,1.0
2018-05-01,26.26,26.26,26.0588,26.23,25.7014,29826.0,0.0,1.0
2018-05-02,26.3,26.3536,26.16,26.16,25.6328,55605.0,0.0,1.0
2018-05-03,26.22,26.2504,25.9946,26.21,25.6818,93246.0,0.0,1.0
2018-05-04,25.99,26.3,25.99,26.23,25.7014,223654.0,0.0,1.0
2018-05-07,26.28,26.28,26.1196,26.17,25.6426,58036.0,0.0,1.0
2018-05-08,26.08,26.14,25.99,26.14,25.6132,34058.0,0.0,1.0
2018-05-09,26.18,26.27,26.14,26.25,25.7209,177867.0,0.0,1.0
2018-05-10,26.41,26.48,26.32,26.47,25.9365,197683.0,0.0,1.0
2018-05-11,26.55,26.56,26.48,26.4999,25.9658,34775.0,0.0,1.0
2018-05-14,26.62,26.62,26.513,26.517,25.9826,56176.0,0.0,1.0
2018-05-15,26.27,26.32,26.17,26.26,25.7307,70579.0,0.0,1.0
2018-05-16,26.28,26.35,26.24,26.34,25.8091,33163.0,0.0,1.0
2018-05-17,26.31,26.3236,26.2,26.26,25.7307,82184.0,0.0,1.0
2018-05-18,26.17,26.195,26.14,26.14,25.6132,124218.0,0.0,1.0
2018-05-21,26.23,26.28,26.22,26.27,25.7405,46657.0,0.0,1.0
2018-05-22,26.32,26.36,26.2552,26.27,25.7405,56979.0,0.0,1.0
2018-05-23,25.95,26.08,25.885,26.08,25.5544,99432.0,0.0,1.0
2018-05-24,25.97,25.97,25.82,25.96,25.4368,149829.0,0.0,1.0
2018-05-25,25.73,25.79,25.6891,25.73,25.2114,66970.0,0.0,1.0
2018-05-29,25.28,25.3282,25.07,25.16,24.6529,76504.0,0.0,1.0
2018-05-30,25.3,25.55,25.27,25.54,25.0253,110656.0,0.0,1.0
2018-05-31,25.45,25.45,25.294,25.4,24.8881,64776.0,0.0,1.0
2018-06-01,25.565,25.565,25.51,25.55,25.0351,81617.0,0.0,1.0
2018-06-04,25.78,25.78,25.68,25.72,25.2016,66286.0,0.0,1.0
2018-06-05,25.66,25.66,25.5685,25.61,25.0938,77053.0,0.0,1.0
2018-06-06,25.76,25.82,25.678,25.81,25.2898,57220.0,0.0,1.0
2018-06-07,25.87,25.8741,25.64,25.68,25.1624,1034205.0,0.0,1.0
2018-06-08,25.59,25.65,25.49,25.61,25.0938,547705.0,0.0,1.0
2018-06-11,25.71,25.79,25.71,25.74,25.2212,121220.0,0.0,1.0
2018-06-12,25.71,25.71,25.5465,25.57,25.0547,779042.0,0.0,1.0
2018-06-13,25.66,25.66,25.4603,25.58,25.0645,101990.0,0.0,1.0
2018-06-14,25.56,25.5736,25.43,25.44,24.9273,85299.0,0.0,1.0
2018-06-15,25.31,25.31,25.18,25.3,24.7901,323397.0,0.0,1.0
2018-06-18,24.49,24.6103,24.48,24.61,24.61,196471.0,0.5062,1.0
2018-06-19,24.26,24.4199,24.2534,24.39,24.39,120762.0,0.0,1.0
2018-06-20,24.53,24.5479,24.43,24.4413,24.4413,225585.0,0.0,1.0
2018-06-21,24.42,24.42,24.2901,24.31,24.31,87614.0,0.0,1.0
2018-06-22,24.64,24.6732,24.54,24.6,24.6,37251.0,0.0,1.0
2018-06-25,24.44,24.44,24.2264,24.3,24.3,145529.0,0.0,1.0
2018-06-26,24.39,24.39,24.2724,24.32,24.32,63872.0,0.0,1.0
2018-06-27,24.23,24.31,23.98,23.98,23.98,122010.0,0.0,1.0
2018-06-28,24.02,24.14,24.0,24.12,24.12,94033.0,0.0,1.0
2018-06-29,24.33,24.3839,24.2979,24.33,24.33,143552.0,0.0,1.0
2018-07-02,24.02,24.104,24.0,24.0902,24.0902,105820.0,0.0,1.0
2018-07-03,24.26,24.29,24.1701,24.1701,24.1701,35467.0,0.0,1.0
2018-07-05,24.36,24.39,24.3,24.34,24.34,68558.0,0.0,1.0
2018-07-06,24.4,24.56,24.4,24.53,24.53,48170.0,0.0,1.0
2018-07-09,24.74,24.76,24.67,24.76,24.76,43142.0,0.0,1.0
2018-07-10,24.69,24.76,24.69,24.75,24.75,74654.0,0.0,1.0
2018-07-11,24.39,24.489,24.2173,24.25,24.25,119121.0,0.0,1.0
2018-07-12,24.37,24.4133,24.32,24.3901,24.3901,59308.0,0.0,1.0
2018-07-13,24.33,24.39,24.2884,24.38,24.38,59624.0,0.0,1.0
2018-07-16,24.3565,24.3682,24.31,24.345,24.345,52725.0,0.0,1.0
2018-07-17,24.3,24.4432,24.3,24.42,24.42,70742.0,0.0,1.0
2018-07-18,24.4,24.49,24.35,24.47,24.47,102578.0,0.0,1.0
2018-07-19,24.29,24.4,24.29,24.34,24.34,66480.0,0.0,1.0
2018-07-20,24.41,24.55,24.41,24.5427,24.5427,22764.0,0.0,1.0
2018-07-23,24.5,24.5468,24.49,24.5,24.5,72795.0,0.0,1.0
2018-07-24,24.69,24.79,24.64,24.66,24.66,104979.0,0.0,1.0
2018-07-25,24.73,24.9501,24.6776,24.93,24.93,69849.0,0.0,1.0
2018-07-26,24.76,24.81,24.73,24.76,24.76,478366.0,0.0,1.0
2018-07-27,24.92,24.9208,24.77,24.84,24.84,63191.0,0.0,1.0
2018-07-30,24.96,24.96,24.86,24.89,24.89,196090.0,0.0,1.0
2018-07-31,24.96,25.06,24.94,24.96,24.96,64027.0,0.0,1.0
2018-08-01,24.91,24.9329,24.7925,24.86,24.86,47227.0,0.0,1.0
2018-08-02,24.53,24.62,24.5,24.58,24.58,93878.0,0.0,1.0
2018-08-03,24.54,24.67,24.54,24.65,24.65,53994.0,0.0,1.0
2018-08-06,24.47,24.564,24.461,24.5,24.5,65291.0,0.0,1.0
2018-08-07,24.74,24.79,24.68,24.71,24.71,69915.0,0.0,1.0
2018-08-08,24.69,24.76,24.6665,24.7536,24.7536,93701.0,0.0,1.0
2018-08-09,24.74,24.75,24.6422,24.67,24.67,286623.0,0.0,1.0
2018-08-10,24.15,24.1958,24.09,24.11,24.11,86356.0,0.0,1.0
2018-08-13,24.02,24.1,23.91,23.94,23.94,104287.0,0.0,1.0
2018-08-14,24.01,24.1294,23.97,24.02,24.02,91120.0,0.0,1.0
2018-08-15,23.68,23.74,23.5498,23.69,23.69,98257.0,0.0,1.0
2018-08-16,23.85,23.9572,23.83,23.84,23.84,164255.0,0.0,1.0
2018-08-17,23.82,24.04,23.8,24.019,24.019,54726.0,0.0,1.0
2018-08-20,24.01,24.11,24.01,24.07,24.07,76930.0,0.0,1.0
2018-08-21,24.19,24.3,24.18,24.23,24.23,276124.0,0.0,1.0
2018-08-22,24.31,24.39,24.306,24.345,24.345,81838.0,0.0,1.0
2018-08-23,24.23,24.23,24.0786,24.08,24.08,143396.0,0.0,1.0
2018-08-24,24.2,24.27,24.17,24.24,24.24,48006.0,0.0,1.0
2018-08-27,24.4,24.5597,24.4,24.516,24.516,59027.0,0.0,1.0
2018-08-28,24.61,24.61,24.41,24.41,24.41,183248.0,0.0,1.0
2018-08-29,24.46,24.6,24.44,24.5503,24.5503,113660.0,0.0,1.0
2018-08-30,24.3,24.31,24.19,24.24,24.24,77768.0,0.0,1.0
2018-08-31,24.15,24.2387,24.07,24.15,24.15,117014.0,0.0,1.0
2018-09-04,23.84,23.86,23.76,23.86,23.86,110593.0,0.0,1.0
2018-09-05,23.73,23.7499,23.63,23.7,23.7,87476.0,0.0,1.0
