date,1. open,2. high,3. low,4. close,5. adjusted close,6. volume,7. dividend amount,8. split coefficient
2016-08-24,10.0,10.0241,10.0,10.0002,8.838,1250388.0,0.0,1.0
2016-08-25,10.0,10.03,9.98,10.01,8.8467,436793.0,0.0,1.0
2016-08-26,10.01,10.02,10.0,10.0,8.8378,278190.0,0.0,1.0
2016-08-29,10.01,10.07,10.005,10.07,8.8997,122862.0,0.0,1.0
2016-08-30,10.06,10.08,10.055,10.08,8.9085,110528.0,0.0,1.0
2016-08-31,10.08,10.1,10.08,10.1,8.9262,119889.0,0.0,1.0
2016-09-01,10.09,10.09,10.03,10.04,8.8732,181524.0,0.0,1.0
2016-09-02,10.08,10.08,10.04,10.0565,8.8878,62853.0,0.0,1.0
2016-09-06,10.06,10.1,10.05,10.09,8.9174,91502.0,0.0,1.0
2016-09-07,10.1,10.13,10.08,10.13,8.9527,102285.0,0.0,1.0
2016-09-08,10.11,10.13,10.1,10.13,8.9527,50550.0,0.0,1.0
2016-09-09,10.13,10.13,10.1,10.1,8.9262,69330.0,0.0,1.0
2016-09-12,10.13,10.19,10.1199,10.19,9.0058,83705.0,0.0,1.0
2016-09-13,10.1899,10.1899,10.15,10.15,8.9704,37850.0,0.0,1.0
2016-09-14,10.1,10.18,10.1,10.1674,8.9858,36540.0,0.0,1.0
2016-09-15,10.1416,10.17,10.1201,10.17,8.9881,23446.0,0.0,1.0
2016-09-16,10.17,10.17,10.1,10.1,8.9262,44407.0,0.0,1.0
2016-09-19,10.15,10.18,10.1,10.1,8.9262,26084.0,0.0,1.0
2016-09-20,10.13,10.17,10.11,10.17,8.9881,94801.0,0.0,1.0
2016-09-21,10.1466,10.17,10.12,10.16,8.9792,55854.0,0.0,1.0
2016-09-22,10.1564,10.17,10.15,10.1632,8.9821,38516.0,0.0,1.0
2016-09-23,10.19,10.2299,10.129,10.1964,9.0114,86103.0,0.0,1.0
2016-09-26,10.11,10.124,10.03,10.09,8.9174,257216.0,0.0,1.0
2016-09-27,10.06,10.08,10.02,10.08,8.9085,177769.0,0.0,1.0
2016-09-28,10.08,10.14,10.053,10.09,8.9174,217722.0,0.0,1.0
2016-09-29,10.07,10.14,10.06,10.09,8.9174,100243.0,0.0,1.0
2016-09-30,10.1147,10.15,10.07,10.13,8.9527,113975.0,0.0,1.0
2016-10-03,10.13,10.15,10.09,10.15,8.9704,88491.0,0.0,1.0
2016-10-04,10.12,10.2,10.081,10.2,9.0146,177365.0,0.0,1.0
2016-10-05,10.2,10.2,10.08,10.18,8.9969,100839.0,0.0,1.0
2016-10-06,10.18,10.18,10.11,10.18,8.9969,66959.0,0.0,1.0
2016-10-07,10.2,10.2,10.1,10.1601,8.9793,83132.0,0.0,1.0
2016-10-10,10.1507,10.1899,10.11,10.14,8.9616,84333.0,0.0,1.0
2016-10-11,10.1176,10.12,10.05,10.05,8.882,151757.0,0.0,1.0
2016-10-12,10.04,10.09,10.01,10.06,8.9351,169305.0,0.05,1.0
2016-10-13,10.09,10.09,10.03,10.09,8.9617,110613.0,0.0,1.0
2016-10-14,10.05,10.08,10.03,10.05,8.9262,136368.0,0.0,1.0
2016-10-17,10.045,10.05,10.01,10.03,8.9084,67946.0,0.0,1.0
2016-10-18,10.03,10.08,10.0,10.07,8.9439,87294.0,0.0,1.0
2016-10-19,10.08,10.09,10.05,10.0551,8.9307,58871.0,0.0,1.0
2016-10-20,10.07,10.07,10.0,10.03,8.9084,132347.0,0.0,1.0
2016-10-21,10.04,10.0519,10.01,10.05,8.9262,58743.0,0.0,1.0
2016-10-24,10.03,10.0828,10.03,10.08,8.9528,97516.0,0.0,1.0
2016-10-25,10.04,10.07,10.04,10.0672,8.9414,63350.0,0.0,1.0
2016-10-26,10.07,10.1,10.05,10.07,8.9439,121551.0,0.0,1.0
2016-10-27,10.08,10.14,10.06,10.06,8.9351,126641.0,0.0,1.0
2016-10-28,10.1254,10.1254,10.05,10.07,8.9439,61262.0,0.0,1.0
2016-10-31,10.0675,10.0799,10.02,10.0499,8.9261,59331.0,0.0,1.0
2016-11-01,10.05,10.05,10.01,10.015,8.8951,116208.0,0.0,1.0
2016-11-02,10.02,10.0288,10.0,10.01,8.8906,107967.0,0.0,1.0
2016-11-03,10.02,10.08,10.01,10.04,8.9173,75918.0,0.0,1.0
2016-11-04,10.0663,10.0663,10.01,10.04,8.9173,30489.0,0.0,1.0
2016-11-07,10.0415,10.08,10.04,10.08,8.9528,86623.0,0.0,1.0
2016-11-08,10.07,10.07,9.99,9.99,8.8729,129869.0,0.0,1.0
2016-11-09,9.87,9.95,9.87,9.93,8.8196,250537.0,0.0,1.0
2016-11-10,9.9373,10.08,9.9,9.9833,8.9113,179013.0,0.05,1.0
2016-11-11,10.04,10.04,9.91,9.94,8.8727,82231.0,0.0,1.0
2016-11-14,9.97,10.01,9.88,9.91,8.8459,69531.0,0.0,1.0
2016-11-15,9.9076,10.02,9.9,9.98,8.9084,70098.0,0.0,1.0
2016-11-16,10.0064,10.0064,9.95,9.99,8.9173,92352.0,0.0,1.0
2016-11-17,9.95,10.0,9.95,10.0,8.9262,122718.0,0.0,1.0
2016-11-18,9.95,9.9965,9.91,9.98,8.9084,71744.0,0.0,1.0
2016-11-21,9.97,10.05,9.94,9.99,8.9173,107021.0,0.0,1.0
2016-11-22,9.96,9.96,9.86,9.86,8.8013,112547.0,0.0,1.0
2016-11-23,9.88,9.9499,9.78,9.87,8.8102,222801.0,0.0,1.0
2016-11-25,9.871,9.94,9.8535,9.92,8.8548,66600.0,0.0,1.0
2016-11-28,9.97,9.97,9.8401,9.87,8.8102,116410.0,0.0,1.0
2016-11-29,9.86,9.919,9.84,9.85,8.7924,124550.0,0.0,1.0
2016-11-30,9.86,9.8896,9.78,9.8105,8.7571,194420.0,0.0,1.0
2016-12-01,9.77,9.94,9.77,9.93,8.8638,84456.0,0.0,1.0
2016-12-02,9.92,9.92,9.82,9.83,8.7745,83622.0,0.0,1.0
2016-12-05,9.83,9.9,9.803,9.8897,8.8278,78184.0,0.0,1.0
2016-12-06,9.84,9.94,9.82,9.94,8.8727,138433.0,0.0,1.0
2016-12-07,9.94,9.94,9.87,9.9,8.837,188053.0,0.0,1.0
2016-12-08,9.89,9.9451,9.81,9.82,8.7656,157661.0,0.0,1.0
2016-12-09,9.86,9.8799,9.8,9.87,8.8102,150773.0,0.0,1.0
2016-12-12,9.8,9.86,9.8,9.82,8.7656,152693.0,0.0,1.0
2016-12-13,9.79,9.96,9.79,9.82,8.8102,168456.0,0.05,1.0
2016-12-14,9.85,9.88,9.77,9.78,8.7743,210161.0,0.0,1.0
2016-12-15,9.81,9.85,9.8062,9.85,8.8371,130176.0,0.0,1.0
2016-12-16,9.8443,9.85,9.81,9.83,8.8192,83147.0,0.0,1.0
2016-12-19,9.82,9.85,9.81,9.84,8.8281,131764.0,0.0,1.0
2016-12-20,9.81,9.84,9.81,9.83,8.8192,70525.0,0.0,1.0
2016-12-21,9.8399,9.8399,9.8,9.8,8.7923,64162.0,0.0,1.0
2016-12-22,9.81,9.92,9.81,9.91,8.891,132699.0,0.0,1.0
2016-12-23,9.8642,9.92,9.82,9.9,8.882,113809.0,0.0,1.0
2016-12-27,9.93,9.95,9.89,9.9,8.882,98901.0,0.0,1.0
2016-12-28,9.95,9.95,9.795,9.8,8.7923,254624.0,0.0,1.0
2016-12-29,9.81,9.8299,9.76,9.77,8.7653,227621.0,0.0,1.0
2016-12-30,9.78,9.88,9.78,9.88,8.864,162814.0,0.0,1.0
2017-01-03,9.8297,9.97,9.8297,9.95,8.9268,96363.0,0.0,1.0
2017-01-04,9.87,10.0,9.87,9.98,8.9538,67872.0,0.0,1.0
2017-01-05,9.96,10.02,9.93,9.99,8.9627,77942.0,0.0,1.0
2017-01-06,9.99,9.99,9.9301,9.99,8.9627,55879.0,0.0,1.0
2017-01-09,9.9799,10.02,9.93,9.99,8.9627,133721.0,0.0,1.0
2017-01-10,9.95,10.03,9.95,10.01,8.9807,114053.0,0.0,1.0
2017-01-11,9.99,10.05,9.955,10.03,9.0435,129804.0,0.05,1.0
2017-01-12,9.9901,10.03,9.95,9.9944,9.0114,67878.0,0.0,1.0
2017-01-13,10.05,10.08,9.98,10.08,9.0886,101420.0,0.0,1.0
2017-01-17,10.03,10.06,9.97,10.0,9.0164,73269.0,0.0,1.0
2017-01-18,10.03,10.043,9.9728,9.98,8.9984,58865.0,0.0,1.0
2017-01-19,10.03,10.03,9.94,9.99,9.0074,128304.0,0.0,1.0
2017-01-20,10.01,10.01,9.9351,9.96,8.9804,65158.0,0.0,1.0
2017-01-23,9.97,9.99,9.96,9.97,8.9894,63888.0,0.0,1.0
2017-01-24,9.98,10.02,9.95,10.02,9.0345,125126.0,0.0,1.0
2017-01-25,10.0,10.05,9.98,10.02,9.0345,92313.0,0.0,1.0
2017-01-26,10.03,10.04,9.9701,10.03,9.0435,121209.0,0.0,1.0
2017-01-27,10.03,10.07,10.026,10.06,9.0705,131173.0,0.0,1.0
2017-01-30,10.04,10.04,9.97,9.97,8.9894,122165.0,0.0,1.0
2017-01-31,9.9857,10.0,9.95,9.99,9.0074,66084.0,0.0,1.0
2017-02-01,10.04,10.04,9.97,9.99,9.0074,86163.0,0.0,1.0
2017-02-02,9.98,10.08,9.97,10.05,9.0615,74530.0,0.0,1.0
2017-02-03,10.08,10.08,10.04,10.06,9.0705,101689.0,0.0,1.0
2017-02-06,10.08,10.08,10.05,10.07,9.0795,37155.0,0.0,1.0
2017-02-07,10.0697,10.1,10.05,10.07,9.0795,70068.0,0.0,1.0
2017-02-08,10.1,10.1,10.07,10.1,9.1066,70390.0,0.0,1.0
2017-02-09,10.0943,10.1,10.07,10.08,9.0886,103166.0,0.0,1.0
2017-02-10,10.08,10.11,10.08,10.11,9.1156,65046.0,0.0,1.0
2017-02-13,10.04,10.11,10.04,10.1,9.1517,80037.0,0.05,1.0
2017-02-14,10.07,10.11,10.07,10.11,9.1607,109844.0,0.0,1.0
2017-02-15,10.0974,10.0974,10.01,10.02,9.0792,145759.0,0.0,1.0
2017-02-16,10.03,10.03,9.97,10.0,9.0611,236558.0,0.0,1.0
2017-02-17,9.99,10.01,9.985,10.0,9.0611,86666.0,0.0,1.0
2017-02-21,10.0,10.03,9.99,10.02,9.0792,45353.0,0.0,1.0
2017-02-22,10.02,10.04,10.01,10.02,9.0792,116423.0,0.0,1.0
2017-02-23,10.02,10.1,10.01,10.08,9.1335,124777.0,0.0,1.0
2017-02-24,10.0702,10.1,10.021,10.04,9.0973,71786.0,0.0,1.0
2017-02-27,10.02,10.08,10.02,10.06,9.1154,107616.0,0.0,1.0
2017-02-28,10.09,10.1,10.01,10.07,9.1245,90886.0,0.0,1.0
2017-03-01,10.1,10.1,10.02,10.02,9.0792,124359.0,0.0,1.0
2017-03-02,10.01,10.04,10.0,10.02,9.0792,138223.0,0.0,1.0
2017-03-03,10.03,10.03,10.0,10.01,9.0701,37963.0,0.0,1.0
2017-03-06,10.02,10.05,9.98,10.03,9.0882,128263.0,0.0,1.0
2017-03-07,10.01,10.04,9.99,10.0,9.0611,60270.0,0.0,1.0
2017-03-08,9.98,10.04,9.9718,10.01,9.0701,112585.0,0.0,1.0
2017-03-09,9.99,10.01,9.99,10.0,9.0611,72341.0,0.0,1.0
2017-03-10,9.99,10.01,9.96,9.96,9.0248,75563.0,0.0,1.0
2017-03-13,9.95,10.05,9.95,9.98,9.0882,78792.0,0.05,1.0
2017-03-14,10.03,10.03,9.98,10.0,9.1065,76361.0,0.0,1.0
2017-03-15,9.98,10.0,9.98,10.0,9.1065,92874.0,0.0,1.0
2017-03-16,10.0,10.03,9.99,10.0,9.1065,98227.0,0.0,1.0
2017-03-17,10.02,10.05,9.99,10.04,9.1429,85358.0,0.0,1.0
2017-03-20,10.05,10.06,9.99,10.03,9.1338,112886.0,0.0,1.0
2017-03-21,10.035,10.05,10.0,10.0,9.1065,118464.0,0.0,1.0
2017-03-22,10.03,10.06,9.99,9.99,9.0973,168271.0,0.0,1.0
2017-03-23,10.03,10.07,10.0,10.07,9.1702,104350.0,0.0,1.0
2017-03-24,10.07,10.1,10.03,10.1,9.1975,119884.0,0.0,1.0
2017-03-27,10.04,10.09,9.99,10.01,9.1156,164716.0,0.0,1.0
2017-03-28,10.02,10.05,9.99,10.01,9.1156,140659.0,0.0,1.0
2017-03-29,10.02,10.05,10.0,10.01,9.1156,112148.0,0.0,1.0
2017-03-30,10.03,10.14,10.028,10.1,9.1975,288730.0,0.0,1.0
2017-03-31,10.1,10.1,10.0,10.0,9.1065,516697.0,0.0,1.0
2017-04-03,10.02,10.04,10.01,10.02,9.1247,120653.0,0.0,1.0
2017-04-04,10.03,10.06,10.0,10.04,9.1429,132138.0,0.0,1.0
2017-04-05,10.1,10.1,10.02,10.02,9.1247,107905.0,0.0,1.0
2017-04-06,10.05,10.1,10.03,10.1,9.1975,75558.0,0.0,1.0
2017-04-07,10.09,10.09,10.04,10.05,9.152,70693.0,0.0,1.0
2017-04-10,10.05,10.1,10.05,10.1,9.1975,46733.0,0.0,1.0
2017-04-11,10.04,10.1,10.03,10.1,9.243,112855.0,0.05,1.0
2017-04-12,10.07,10.1,10.05,10.05,9.1973,57846.0,0.0,1.0
2017-04-13,10.1,10.1,10.02,10.02,9.1698,134293.0,0.0,1.0
2017-04-17,10.03,10.06,10.03,10.04,9.1881,95791.0,0.0,1.0
2017-04-18,10.06,10.09,10.03,10.09,9.2339,117939.0,0.0,1.0
2017-04-19,10.07,10.0868,10.02,10.04,9.1881,137000.0,0.0,1.0
2017-04-20,10.08,10.09,10.05,10.06,9.2064,108513.0,0.0,1.0
2017-04-21,10.04,10.09,10.04,10.05,9.1973,61618.0,0.0,1.0
2017-04-24,10.09,10.1,10.0794,10.09,9.2339,125542.0,0.0,1.0
2017-04-25,10.1,10.1,10.08,10.1,9.243,102619.0,0.0,1.0
2017-04-26,10.1,10.1,10.06,10.1,9.243,82412.0,0.0,1.0
2017-04-27,10.09,10.1,10.07,10.1,9.243,105770.0,0.0,1.0
2017-04-28,10.07,10.1,10.07,10.1,9.243,99391.0,0.0,1.0
2017-05-01,10.1,10.13,10.09,10.11,9.2522,144560.0,0.0,1.0
2017-05-02,10.14,10.14,10.1,10.1,9.243,71952.0,0.0,1.0
2017-05-03,10.13,10.15,10.09,10.15,9.2888,65056.0,0.0,1.0
2017-05-04,10.15,10.2,10.11,10.2,9.3346,148344.0,0.0,1.0
2017-05-05,10.18,10.2,10.15,10.2,9.3346,48559.0,0.0,1.0
2017-05-08,10.2,10.2,10.12,10.15,9.2888,122024.0,0.0,1.0
2017-05-09,10.16,10.2,10.121,10.2,9.3346,97251.0,0.0,1.0
2017-05-10,10.19,10.2,10.15,10.16,9.298,69174.0,0.0,1.0
2017-05-11,10.2,10.2,10.1265,10.1468,9.3316,120392.0,0.05,1.0
2017-05-12,10.14,10.2,10.1301,10.18,9.3622,130289.0,0.0,1.0
2017-05-15,10.15,10.18,10.14,10.15,9.3346,106956.0,0.0,1.0
2017-05-16,10.14,10.16,10.1205,10.13,9.3162,102035.0,0.0,1.0
2017-05-17,10.16,10.16,10.08,10.08,9.2702,70546.0,0.0,1.0
2017-05-18,10.13,10.13,10.08,10.09,9.2794,55347.0,0.0,1.0
2017-05-19,10.097,10.13,10.07,10.08,9.2702,87363.0,0.0,1.0
2017-05-22,10.09,10.1067,10.06,10.08,9.2702,90026.0,0.0,1.0
2017-05-23,10.09,10.12,10.0748,10.12,9.307,64705.0,0.0,1.0
2017-05-24,10.09,10.1303,10.08,10.12,9.307,107424.0,0.0,1.0
2017-05-25,10.1232,10.14,10.1,10.12,9.307,66395.0,0.0,1.0
2017-05-26,10.1346,10.1346,10.11,10.13,9.3162,25069.0,0.0,1.0
2017-05-30,10.11,10.14,10.11,10.14,9.3254,68561.0,0.0,1.0
2017-05-31,10.13,10.14,10.12,10.12,9.307,87425.0,0.0,1.0
2017-06-01,10.15,10.1899,10.11,10.12,9.307,56624.0,0.0,1.0
2017-06-02,10.11,10.1401,10.1,10.11,9.2978,72860.0,0.0,1.0
2017-06-05,10.1,10.15,10.09,10.09,9.2794,88443.0,0.0,1.0
2017-06-06,10.11,10.14,10.1,10.1,9.2886,113466.0,0.0,1.0
2017-06-07,10.11,10.14,10.1,10.14,9.3254,41374.0,0.0,1.0
2017-06-08,10.14,10.14,10.1,10.14,9.3254,51060.0,0.0,1.0
2017-06-09,10.1263,10.15,10.1,10.14,9.3254,43514.0,0.0,1.0
2017-06-12,10.18,10.18,10.12,10.18,9.3622,84594.0,0.0,1.0
2017-06-13,10.17,10.2,10.1,10.16,9.3898,113183.0,0.05,1.0
2017-06-14,10.15,10.22,10.1401,10.19,9.4175,92079.0,0.0,1.0
2017-06-15,10.1965,10.24,10.16,10.18,9.4082,73907.0,0.0,1.0
2017-06-16,10.2,10.2,10.1,10.17,9.399,109587.0,0.0,1.0
2017-06-19,10.1463,10.19,10.11,10.12,9.3528,82028.0,0.0,1.0
2017-06-20,10.12,10.14,10.08,10.11,9.3435,92334.0,0.0,1.0
2017-06-21,10.11,10.14,10.07,10.08,9.3158,89917.0,0.0,1.0
2017-06-22,10.08,10.12,10.05,10.07,9.3066,89260.0,0.0,1.0
2017-06-23,10.0668,10.11,10.06,10.08,9.3158,87706.0,0.0,1.0
2017-06-26,10.11,10.12,10.065,10.1,9.3343,79496.0,0.0,1.0
2017-06-27,10.1,10.1,10.05,10.06,9.2973,77055.0,0.0,1.0
2017-06-28,10.04,10.0999,10.04,10.09,9.3251,87186.0,0.0,1.0
2017-06-29,10.09,10.0936,10.01,10.04,9.2789,99586.0,0.0,1.0
2017-06-30,10.05,10.11,10.04,10.11,9.3435,117556.0,0.0,1.0
2017-07-03,10.11,10.17,10.07,10.13,9.362,54994.0,0.0,1.0
2017-07-05,10.15,10.15,10.06,10.09,9.3251,48773.0,0.0,1.0
2017-07-06,10.13,10.13,10.09,10.09,9.3251,42628.0,0.0,1.0
2017-07-07,10.09,10.18,10.08,10.15,9.3805,97962.0,0.0,1.0
2017-07-10,10.1416,10.2,10.09,10.2,9.4267,78963.0,0.0,1.0
2017-07-11,10.19,10.19,10.12,10.18,9.4082,58073.0,0.0,1.0
2017-07-12,10.12,10.161,10.11,10.12,9.399,56805.0,0.05,1.0
2017-07-13,10.14,10.14,10.1,10.1,9.3804,58967.0,0.0,1.0
2017-07-14,10.11,10.18,10.1,10.17,9.4454,87992.0,0.0,1.0
2017-07-17,10.15,10.18,10.1,10.17,9.4454,84333.0,0.0,1.0
2017-07-18,10.13,10.2,10.121,10.2,9.4733,113070.0,0.0,1.0
2017-07-19,10.17,10.1904,10.14,10.14,9.4176,107761.0,0.0,1.0
2017-07-20,10.17,10.19,10.13,10.17,9.4454,58018.0,0.0,1.0
2017-07-21,10.17,10.18,10.1201,10.16,9.4362,58235.0,0.0,1.0
2017-07-24,10.15,10.1599,10.11,10.12,9.399,49264.0,0.0,1.0
2017-07-25,10.12,10.15,10.11,10.12,9.399,77300.0,0.0,1.0
2017-07-26,10.11,10.16,10.11,10.15,9.4269,58820.0,0.0,1.0
2017-07-27,10.15,10.17,10.11,10.13,9.4083,75100.0,0.0,1.0
2017-07-28,10.122,10.19,10.12,10.16,9.4362,83402.0,0.0,1.0
2017-07-31,10.19,10.21,10.12,10.14,9.4176,102537.0,0.0,1.0
2017-08-01,10.13,10.18,10.13,10.14,9.4176,55814.0,0.0,1.0
2017-08-02,10.16,10.22,10.15,10.2,9.4733,79315.0,0.0,1.0
2017-08-03,10.17,10.22,10.1608,10.2,9.4733,50189.0,0.0,1.0
2017-08-04,10.25,10.25,10.14,10.16,9.4362,75016.0,0.0,1.0
2017-08-07,10.1697,10.19,10.13,10.15,9.4269,53453.0,0.0,1.0
2017-08-08,10.1532,10.1532,10.12,10.12,9.399,51290.0,0.0,1.0
2017-08-09,10.12,10.18,10.1,10.17,9.4454,92223.0,0.0,1.0
2017-08-10,10.15,10.1699,10.1,10.1,9.3804,92837.0,0.0,1.0
2017-08-11,10.14,10.16,10.07,10.08,9.4083,73596.0,0.05,1.0
2017-08-14,10.15,10.15,10.07,10.1,9.427,63982.0,0.0,1.0
2017-08-15,10.12,10.16,10.08,10.1,9.427,108820.0,0.0,1.0
2017-08-16,10.11,10.14,10.08,10.09,9.4176,66049.0,0.0,1.0
2017-08-17,10.08,10.13,10.01,10.02,9.3523,89285.0,0.0,1.0
2017-08-18,10.02,10.0799,10.0,10.05,9.3803,103189.0,0.0,1.0
2017-08-21,10.0498,10.12,10.04,10.09,9.4176,101506.0,0.0,1.0
2017-08-22,10.1,10.13,10.05,10.06,9.3896,121761.0,0.0,1.0
2017-08-23,10.05,10.11,10.05,10.06,9.3896,58085.0,0.0,1.0
2017-08-24,10.08,10.11,10.05,10.05,9.3803,149558.0,0.0,1.0
2017-08-25,10.08,10.09,10.03,10.04,9.371,156815.0,0.0,1.0
2017-08-28,10.05,10.07,10.02,10.05,9.3803,140952.0,0.0,1.0
2017-08-29,10.0499,10.08,10.03,10.06,9.3896,89340.0,0.0,1.0
2017-08-30,10.05,10.08,10.03,10.03,9.3616,123710.0,0.0,1.0
2017-08-31,10.04,10.07,10.03,10.05,9.3803,20628.0,0.0,1.0
2017-09-01,10.06,10.07,10.0324,10.04,9.371,55422.0,0.0,1.0
2017-09-05,10.07,10.09,10.0462,10.08,9.4083,152177.0,0.0,1.0
2017-09-06,10.0776,10.0776,10.01,10.05,9.3803,183082.0,0.0,1.0
2017-09-07,10.05,10.07,10.01,10.05,9.3803,122968.0,0.0,1.0
2017-09-08,10.08,10.08,10.04,10.06,9.3896,101950.0,0.0,1.0
2017-09-11,10.08,10.08,10.03,10.04,9.371,89576.0,0.0,1.0
2017-09-12,10.03,10.05,10.02,10.03,9.3616,97069.0,0.0,1.0
2017-09-13,10.03,10.07,10.01,10.05,9.3803,100338.0,0.0,1.0
2017-09-14,10.03,10.03,9.99,10.0172,9.3963,72954.0,0.05,1.0
2017-09-15,10.03,10.11,10.02,10.02,9.399,195055.0,0.0,1.0
2017-09-18,10.05,10.07,10.03,10.0623,9.4386,72540.0,0.0,1.0
2017-09-19,10.04,10.07,10.02,10.06,9.4365,80663.0,0.0,1.0
2017-09-20,10.07,10.11,10.05,10.1,9.474,192925.0,0.0,1.0
2017-09-21,10.07,10.1081,10.06,10.0674,9.4434,68373.0,0.0,1.0
2017-09-22,10.08,10.0849,10.05,10.05,9.4271,69293.0,0.0,1.0
2017-09-25,10.06,10.1,10.05,10.07,9.4459,84278.0,0.0,1.0
2017-09-26,10.09,10.1,10.03,10.06,9.4365,94193.0,0.0,1.0
2017-09-27,10.05,10.0681,10.03,10.03,9.4083,48827.0,0.0,1.0
2017-09-28,10.04,10.08,10.04,10.08,9.4552,36313.0,0.0,1.0
2017-09-29,10.04,10.09,10.04,10.07,9.4459,109576.0,0.0,1.0
2017-10-02,10.09,10.09,10.0593,10.08,9.4552,63913.0,0.0,1.0
2017-10-03,10.09,10.09,10.07,10.09,9.4646,70490.0,0.0,1.0
2017-10-04,10.08,10.1,10.07,10.1,9.474,121088.0,0.0,1.0
2017-10-05,10.1,10.1,10.05,10.08,9.4552,100547.0,0.0,1.0
2017-10-06,10.08,10.1,10.07,10.091,9.4656,35834.0,0.0,1.0
2017-10-09,10.07,10.11,10.06,10.09,9.4646,83822.0,0.0,1.0
2017-10-10,10.11,10.11,10.03,10.05,9.4271,139830.0,0.0,1.0
2017-10-11,10.06,10.11,10.03,10.11,9.4834,146032.0,0.0,1.0
2017-10-12,10.1,10.1,10.0,10.06,9.4834,178863.0,0.05,1.0
2017-10-13,10.08,10.1,10.0401,10.09,9.5117,102128.0,0.0,1.0
2017-10-16,10.05,10.11,10.05,10.105,9.5258,60273.0,0.0,1.0
2017-10-17,10.11,10.13,10.07,10.12,9.54,58445.0,0.0,1.0
2017-10-18,10.12,10.12,10.07,10.07,9.4928,126024.0,0.0,1.0
2017-10-19,10.06,10.11,10.05,10.07,9.4928,124785.0,0.0,1.0
2017-10-20,10.09,10.15,10.07,10.13,9.5494,178217.0,0.0,1.0
2017-10-23,10.13,10.15,10.1,10.11,9.5305,112573.0,0.0,1.0
2017-10-24,10.12,10.12,10.08,10.08,9.5022,76858.0,0.0,1.0
2017-10-25,10.08,10.12,10.03,10.03,9.4551,139655.0,0.0,1.0
2017-10-26,10.05,10.0601,10.01,10.01,9.4363,116703.0,0.0,1.0
2017-10-27,10.03,10.08,10.03,10.05,9.474,79858.0,0.0,1.0
2017-10-30,10.04,10.08,10.03,10.062,9.4853,104926.0,0.0,1.0
2017-10-31,10.1,10.1,10.05,10.07,9.4928,133330.0,0.0,1.0
2017-11-01,10.11,10.11,10.06,10.1,9.5211,129549.0,0.0,1.0
2017-11-02,10.08,10.12,10.07,10.12,9.54,75994.0,0.0,1.0
2017-11-03,10.08,10.13,10.07,10.12,9.54,67351.0,0.0,1.0
2017-11-06,10.1,10.13,10.07,10.12,9.54,68026.0,0.0,1.0
2017-11-07,10.1,10.1298,10.04,10.05,9.474,112863.0,0.0,1.0
2017-11-08,10.07,10.07,10.04,10.06,9.4834,63261.0,0.0,1.0
2017-11-09,10.06,10.08,10.03,10.03,9.4551,74071.0,0.0,1.0
2017-11-10,10.03,10.05,10.01,10.0232,9.4487,113177.0,0.0,1.0
2017-11-13,10.01,10.02,9.99,10.0,9.4268,226350.0,0.0,1.0
2017-11-14,9.96,10.0,9.94,9.98,9.4551,103008.0,0.05,1.0
2017-11-15,9.96,9.98,9.91,9.93,9.4077,144341.0,0.0,1.0
2017-11-16,9.94,9.94,9.8808,9.89,9.3698,150705.0,0.0,1.0
2017-11-17,9.89,9.95,9.89,9.9,9.3793,75881.0,0.0,1.0
2017-11-20,9.9,9.9,9.85,9.89,9.3698,112449.0,0.0,1.0
2017-11-21,9.84,9.88,9.82,9.85,9.3319,227444.0,0.0,1.0
2017-11-22,9.85,9.88,9.85,9.87,9.3509,62900.0,0.0,1.0
2017-11-24,9.87,9.89,9.86,9.89,9.3698,41412.0,0.0,1.0
2017-11-27,9.87,9.89,9.85,9.87,9.3509,123946.0,0.0,1.0
2017-11-28,9.8797,9.92,9.842,9.86,9.3414,220154.0,0.0,1.0
2017-11-29,9.87,9.91,9.85,9.88,9.3604,144267.0,0.0,1.0
2017-11-30,9.89,9.92,9.86,9.91,9.3888,106015.0,0.0,1.0
2017-12-01,9.92,9.97,9.89,9.97,9.4456,82906.0,0.0,1.0
2017-12-04,9.99,9.99,9.91,9.94,9.4172,87338.0,0.0,1.0
2017-12-05,9.94,9.983,9.89,9.93,9.4077,126669.0,0.0,1.0
2017-12-06,9.97,10.0,9.96,9.97,9.4456,73376.0,0.0,1.0
2017-12-07,9.98,10.05,9.97,10.04,9.512,97739.0,0.0,1.0
2017-12-08,10.04,10.05,9.98,10.0,9.4741,50694.0,0.0,1.0
2017-12-11,10.0,10.07,9.99,10.07,9.5404,61296.0,0.0,1.0
2017-12-12,10.0312,10.07,10.0,10.05,9.5214,59863.0,0.0,1.0
2017-12-13,10.05,10.1,10.0386,10.09,9.5593,82480.0,0.0,1.0
2017-12-14,10.009,10.03,9.91,10.0,9.5214,89555.0,0.05,1.0
2017-12-15,9.96,10.01,9.945,9.96,9.4833,72162.0,0.0,1.0
2017-12-18,9.95,9.99,9.95,9.96,9.4833,74568.0,0.0,1.0
2017-12-19,9.96,9.99,9.87,9.88,9.4072,88563.0,0.0,1.0
2017-12-20,9.92,9.95,9.88,9.925,9.45,69255.0,0.0,1.0
2017-12-21,9.88,9.92,9.83,9.84,9.3691,116412.0,0.0,1.0
2017-12-22,9.88,9.88,9.7589,9.82,9.35,367209.0,0.0,1.0
2017-12-26,9.85,9.94,9.8,9.87,9.3976,317819.0,0.0,1.0
2017-12-27,9.92,9.92,9.85,9.91,9.4357,79312.0,0.0,1.0
2017-12-28,9.95,9.97,9.85,9.92,9.4453,101194.0,0.0,1.0
2017-12-29,9.94,9.98,9.84,9.96,9.4833,173302.0,0.0,1.0
2018-01-02,9.9402,9.9433,9.87,9.87,9.3976,54585.0,0.0,1.0
2018-01-03,9.92,9.97,9.905,9.97,9.4929,68596.0,0.0,1.0
2018-01-04,9.98,9.98,9.88,9.9,9.4262,107308.0,0.0,1.0
2018-01-05,9.95,9.97,9.91,9.95,9.4738,120270.0,0.0,1.0
2018-01-08,9.95,9.95,9.895,9.95,9.4738,113289.0,0.0,1.0
2018-01-09,9.94,9.9589,9.88,9.91,9.4357,178395.0,0.0,1.0
2018-01-10,9.91,9.91,9.82,9.85,9.3786,213285.0,0.0,1.0
2018-01-11,9.84,9.9,9.835,9.9,9.4738,110326.0,0.05,1.0
2018-01-12,9.93,9.9314,9.83,9.88,9.4547,76511.0,0.0,1.0
2018-01-16,9.84,9.88,9.83,9.84,9.4164,119076.0,0.0,1.0
2018-01-17,9.83,9.87,9.83,9.85,9.426,88166.0,0.0,1.0
2018-01-18,9.82,9.858,9.79,9.83,9.4068,104024.0,0.0,1.0
2018-01-19,9.8,9.81,9.75,9.78,9.359,170807.0,0.0,1.0
2018-01-22,9.79,9.84,9.78,9.84,9.4164,93305.0,0.0,1.0
2018-01-23,9.85,9.9,9.8332,9.85,9.426,162793.0,0.0,1.0
2018-01-24,9.85,9.88,9.84,9.86,9.4355,112091.0,0.0,1.0
2018-01-25,9.88,9.91,9.84,9.86,9.4355,124068.0,0.0,1.0
2018-01-26,9.86,9.86,9.7801,9.81,9.3877,210145.0,0.0,1.0
2018-01-29,9.78,9.79,9.68,9.71,9.292,298780.0,0.0,1.0
2018-01-30,9.7,9.72,9.66,9.7,9.2824,178118.0,0.0,1.0
2018-01-31,9.719,9.74,9.66,9.7,9.2824,162104.0,0.0,1.0
2018-02-01,9.72,9.75,9.69,9.75,9.3303,106851.0,0.0,1.0
2018-02-02,9.75,9.75,9.65,9.66,9.2442,92965.0,0.0,1.0
2018-02-05,9.65,9.69,9.52,9.52,9.1102,141932.0,0.0,1.0
2018-02-06,9.5,9.7,9.5,9.6701,9.2538,184977.0,0.0,1.0
2018-02-07,9.75,9.85,9.69,9.83,9.4068,231398.0,0.0,1.0
2018-02-08,9.7299,9.8,9.68,9.76,9.3398,98157.0,0.0,1.0
2018-02-09,9.75,9.82,9.71,9.77,9.3494,114851.0,0.0,1.0
2018-02-12,9.8,9.85,9.75,9.77,9.3494,107288.0,0.0,1.0
2018-02-13,9.77,9.78,9.71,9.75,9.3303,131650.0,0.0,1.0
2018-02-14,9.69,9.7496,9.64,9.67,9.3016,172695.0,0.05,1.0
2018-02-15,9.69,9.69,9.58,9.64,9.2727,183555.0,0.0,1.0
2018-02-16,9.6,9.63,9.56,9.59,9.2246,194252.0,0.0,1.0
2018-02-20,9.57,9.621,9.57,9.59,9.2246,115108.0,0.0,1.0
2018-02-21,9.65,9.6592,9.6,9.64,9.2727,158155.0,0.0,1.0
2018-02-22,9.6346,9.68,9.6,9.65,9.2823,75709.0,0.0,1.0
2018-02-23,9.67,9.78,9.66,9.76,9.3881,133523.0,0.0,1.0
2018-02-26,9.78,9.78,9.66,9.68,9.3112,196069.0,0.0,1.0
2018-02-27,9.72,9.76,9.69,9.75,9.3785,86913.0,0.0,1.0
2018-02-28,9.72,9.7599,9.67,9.69,9.3208,149836.0,0.0,1.0
2018-03-01,9.74,9.74,9.68,9.7,9.3304,72793.0,0.0,1.0
2018-03-02,9.68,9.72,9.65,9.7,9.3304,83595.0,0.0,1.0
2018-03-05,9.7168,9.7432,9.65,9.68,9.3112,71618.0,0.0,1.0
2018-03-06,9.67,9.7,9.653,9.69,9.3208,67116.0,0.0,1.0
2018-03-07,9.6748,9.71,9.66,9.7,9.3304,89795.0,0.0,1.0
2018-03-08,9.71,9.74,9.68,9.72,9.3497,119859.0,0.0,1.0
2018-03-09,9.7,9.76,9.7,9.74,9.3689,54531.0,0.0,1.0
2018-03-12,9.73,9.78,9.7,9.7,9.3304,94250.0,0.0,1.0
2018-03-13,9.73,9.731,9.64,9.64,9.2727,168457.0,0.0,1.0
2018-03-14,9.69,9.69,9.6,9.61,9.2886,126469.0,0.0465,1.0
2018-03-15,9.6,9.6471,9.6,9.64,9.3176,79309.0,0.0,1.0
2018-03-16,9.649,9.68,9.63,9.65,9.3272,96859.0,0.0,1.0
2018-03-19,9.64,9.65,9.57,9.57,9.2499,101446.0,0.0,1.0
2018-03-20,9.6099,9.61,9.59,9.61,9.2886,69972.0,0.0,1.0
2018-03-21,9.65,9.65,9.56,9.61,9.2886,104441.0,0.0,1.0
2018-03-22,9.6014,9.62,9.56,9.58,9.2596,104726.0,0.0,1.0
2018-03-23,9.5748,9.66,9.5701,9.64,9.3176,50894.0,0.0,1.0
2018-03-26,9.59,9.63,9.57,9.58,9.2596,132615.0,0.0,1.0
2018-03-27,9.61,9.61,9.57,9.59,9.2693,64612.0,0.0,1.0
2018-03-28,9.6,9.62,9.59,9.62,9.2982,71285.0,0.0,1.0
2018-03-29,9.6001,9.67,9.6001,9.67,9.3466,88209.0,0.0,1.0
2018-04-02,9.68,9.68,9.55,9.58,9.2596,132503.0,0.0,1.0
2018-04-03,9.6,9.7,9.58,9.69,9.3659,103568.0,0.0,1.0
2018-04-04,9.69,9.69,9.59,9.61,9.2886,110563.0,0.0,1.0
2018-04-05,9.64,9.649,9.56,9.56,9.2403,139831.0,0.0,1.0
2018-04-06,9.57,9.6,9.54,9.5499,9.2305,90370.0,0.0,1.0
2018-04-09,9.58,9.59,9.55,9.56,9.2403,95312.0,0.0,1.0
2018-04-10,9.56,9.59,9.49,9.51,9.1919,266376.0,0.0,1.0
2018-04-11,9.49,9.58,9.49,9.55,9.2306,106187.0,0.0,1.0
2018-04-12,9.55,9.55,9.5,9.53,9.2562,79701.0,0.0465,1.0
2018-04-13,9.5203,9.55,9.51,9.53,9.2562,70237.0,0.0,1.0
2018-04-16,9.53,9.56,9.51,9.53,9.2562,55096.0,0.0,1.0
2018-04-17,9.56,9.59,9.54,9.57,9.2951,92706.0,0.0,1.0
2018-04-18,9.59,9.59,9.5,9.5,9.2271,136266.0,0.0,1.0
2018-04-19,9.49,9.55,9.49,9.55,9.2756,80844.0,0.0,1.0
2018-04-20,9.54,9.55,9.51,9.51,9.2368,78800.0,0.0,1.0
2018-04-23,9.5217,9.56,9.5217,9.53,9.2562,75610.0,0.0,1.0
2018-04-24,9.55,9.55,9.48,9.48,9.2076,135374.0,0.0,1.0
2018-04-25,9.49,9.54,9.49,9.53,9.2562,93470.0,0.0,1.0
2018-04-26,9.51,9.54,9.48,9.48,9.2076,103368.0,0.0,1.0
2018-04-27,9.49,9.53,9.49,9.53,9.2562,58243.0,0.0,1.0
2018-04-30,9.51,9.55,9.51,9.53,9.2562,125644.0,0.0,1.0
2018-05-01,9.58,9.61,9.54,9.61,9.3339,175697.0,0.0,1.0
2018-05-02,9.62,9.63,9.59,9.6,9.3242,130651.0,0.0,1.0
2018-05-03,9.6,9.6111,9.53,9.59,9.3145,122368.0,0.0,1.0
2018-05-04,9.54,9.59,9.54,9.59,9.3145,47105.0,0.0,1.0
2018-05-07,9.6,9.669,9.59,9.62,9.3436,71841.0,0.0,1.0
2018-05-08,9.57,9.6,9.54,9.57,9.2951,56702.0,0.0,1.0
2018-05-09,9.58,9.61,9.56,9.58,9.3048,76423.0,0.0,1.0
2018-05-10,9.6,9.65,9.58,9.62,9.3436,85341.0,0.0,1.0
2018-05-11,9.65,9.68,9.6,9.67,9.3922,105353.0,0.0,1.0
2018-05-14,9.66,9.66,9.59,9.61,9.3791,49860.0,0.0465,1.0
2018-05-15,9.59,9.64,9.55,9.62,9.3888,118395.0,0.0,1.0
2018-05-16,9.58,9.62,9.56,9.58,9.3498,119071.0,0.0,1.0
2018-05-17,9.55,9.655,9.55,9.62,9.3888,120468.0,0.0,1.0
2018-05-18,9.58,9.65,9.52,9.52,9.2912,118591.0,0.0,1.0
2018-05-21,9.59,9.59,9.56,9.56,9.3303,49278.0,0.0,1.0
2018-05-22,9.57,9.58,9.55,9.55,9.3205,74291.0,0.0,1.0
2018-05-23,9.55,9.5737,9.52,9.57,9.34,107111.0,0.0,1.0
2018-05-24,9.58,9.58,9.52,9.5599,9.3302,66014.0,0.0,1.0
2018-05-25,9.53,9.59,9.52,9.52,9.2912,68923.0,0.0,1.0
2018-05-29,9.52,9.56,9.51,9.54,9.3108,104700.0,0.0,1.0
2018-05-30,9.51,9.57,9.51,9.54,9.3108,87907.0,0.0,1.0
2018-05-31,9.54,9.58,9.51,9.51,9.2815,120376.0,0.0,1.0
2018-06-01,9.53,9.53,9.49,9.5,9.2717,97714.0,0.0,1.0
2018-06-04,9.52,9.71,9.47,9.71,9.4767,93275.0,0.0,1.0
2018-06-05,9.52,9.54,9.42,9.52,9.2912,236112.0,0.0,1.0
2018-06-06,9.5499,9.5499,9.48,9.51,9.2815,163574.0,0.0,1.0
2018-06-07,9.47,9.52,9.47,9.52,9.2912,102540.0,0.0,1.0
2018-06-08,9.5,9.519,9.47,9.47,9.2424,123030.0,0.0,1.0
2018-06-11,9.45,9.5,9.44,9.49,9.262,142013.0,0.0,1.0
2018-06-12,9.5,9.51,9.49,9.5,9.2717,87639.0,0.0,1.0
2018-06-13,9.5,9.68,9.5,9.68,9.4474,72912.0,0.0,1.0
2018-06-14,9.51,9.51,9.44,9.46,9.2781,177011.0,0.0465,1.0
2018-06-15,9.46,9.51,9.45,9.51,9.3271,122355.0,0.0,1.0
2018-06-18,9.5,9.5099,9.43,9.46,9.2781,137904.0,0.0,1.0
2018-06-19,9.45,9.51,9.45,9.51,9.3271,57498.0,0.0,1.0
2018-06-20,9.52,9.5358,9.48,9.48,9.2977,173122.0,0.0,1.0
2018-06-21,9.48,9.53,9.48,9.51,9.3271,50134.0,0.0,1.0
2018-06-22,9.51,9.53,9.47,9.5,9.3173,134286.0,0.0,1.0
2018-06-25,9.52,9.52,9.43,9.45,9.2682,168196.0,0.0,1.0
2018-06-26,9.46,9.49,9.44,9.47,9.2879,77450.0,0.0,1.0
2018-06-27,9.4999,9.55,9.47,9.51,9.3271,125636.0,0.0,1.0
2018-06-28,9.52,9.56,9.5,9.55,9.3663,198747.0,0.0,1.0
2018-06-29,9.56,9.564,9.53,9.56,9.3761,99564.0,0.0,1.0
2018-07-02,9.57,9.6316,9.5498,9.59,9.4056,78261.0,0.0,1.0
2018-07-03,9.6,9.64,9.54,9.6388,9.4534,43768.0,0.0,1.0
2018-07-05,9.61,9.65,9.51,9.53,9.3467,107827.0,0.0,1.0
2018-07-06,9.54,9.57,9.53,9.55,9.3663,53385.0,0.0,1.0
2018-07-09,9.58,9.64,9.56,9.63,9.4448,87731.0,0.0,1.0
2018-07-10,9.63,9.65,9.57,9.64,9.4546,94004.0,0.0,1.0
2018-07-11,9.65,9.65,9.58,9.59,9.4056,63210.0,0.0,1.0
2018-07-12,9.58,9.59,9.52,9.53,9.3923,68828.0,0.0465,1.0
2018-07-13,9.55,9.59,9.55,9.59,9.4514,48518.0,0.0,1.0
2018-07-16,9.59,9.65,9.56,9.63,9.4909,68529.0,0.0,1.0
2018-07-17,9.63,9.68,9.6,9.68,9.5401,96513.0,0.0,1.0
2018-07-18,9.66,9.7,9.64,9.67,9.5303,60369.0,0.0,1.0
2018-07-19,9.7,9.7,9.6337,9.64,9.5007,67026.0,0.0,1.0
2018-07-20,9.68,9.68,9.61,9.62,9.481,46709.0,0.0,1.0
2018-07-23,9.6,9.7,9.6,9.68,9.5401,112746.0,0.0,1.0
2018-07-24,9.65,9.69,9.61,9.62,9.481,59319.0,0.0,1.0
2018-07-25,9.61,9.7,9.61,9.66,9.5204,83824.0,0.0,1.0
2018-07-26,9.7,9.7,9.6,9.62,9.481,79931.0,0.0,1.0
2018-07-27,9.6209,9.6315,9.58,9.61,9.4712,58778.0,0.0,1.0
2018-07-30,9.62,9.62,9.56,9.56,9.4219,64976.0,0.0,1.0
2018-07-31,9.55,9.5803,9.55,9.56,9.4219,116771.0,0.0,1.0
2018-08-01,9.59,9.59,9.56,9.57,9.4317,58012.0,0.0,1.0
2018-08-02,9.59,9.59,9.57,9.58,9.4416,59783.0,0.0,1.0
2018-08-03,9.57,9.59,9.54,9.55,9.412,75580.0,0.0,1.0
2018-08-06,9.57,9.58,9.54,9.55,9.412,84200.0,0.0,1.0
2018-08-07,9.56,9.59,9.54,9.55,9.412,103207.0,0.0,1.0
2018-08-08,9.59,9.59,9.56,9.56,9.4219,71056.0,0.0,1.0
2018-08-09,9.58,9.58,9.55,9.575,9.4367,34646.0,0.0,1.0
2018-08-10,9.47,9.58,9.47,9.57,9.4317,72826.0,0.0,1.0
2018-08-13,9.57,9.61,9.57,9.58,9.4416,57047.0,0.0,1.0
2018-08-14,9.58,9.62,9.56,9.61,9.517,89193.0,0.0465,1.0
2018-08-15,9.58,9.68,9.58,9.62,9.5269,68494.0,0.0,1.0
2018-08-16,9.69,9.69,9.63,9.63,9.5368,66473.0,0.0,1.0
2018-08-17,9.61,9.66,9.61,9.62,9.5269,59334.0,0.0,1.0
2018-08-20,9.69,9.69,9.62,9.63,9.5368,88170.0,0.0,1.0
2018-08-21,9.6,9.68,9.6,9.68,9.5863,75874.0,0.0,1.0
2018-08-22,9.6699,9.67,9.59,9.59,9.4972,91860.0,0.0,1.0
2018-08-23,9.63,9.66,9.59,9.62,9.5269,108396.0,0.0,1.0
2018-08-24,9.65,9.68,9.65,9.67,9.5764,52178.0,0.0,1.0
2018-08-27,9.7,9.7,9.65,9.662,9.5685,75818.0,0.0,1.0
2018-08-28,9.7,9.71,9.65,9.68,9.5863,124107.0,0.0,1.0
2018-08-29,9.6801,9.72,9.65,9.67,9.5764,128929.0,0.0,1.0
2018-08-30,9.73,9.73,9.65,9.68,9.5863,105527.0,0.0,1.0
2018-08-31,9.69,9.7,9.66,9.69,9.5962,50039.0,0.0,1.0
2018-09-04,9.75,9.75,9.6,9.61,9.517,180015.0,0.0,1.0
2018-09-05,9.63,9.63,9.55,9.56,9.4675,134264.0,0.0,1.0
2018-09-06,9.5712,9.6,9.56,9.58,9.4873,97436.0,0.0,1.0
2018-09-07,9.61,9.64,9.58,9.64,9.5467,100163.0,0.0,1.0
2018-09-10,9.58,9.63,9.58,9.6,9.5071,74677.0,0.0,1.0
2018-09-11,9.65,9.66,9.61,9.62,9.5269,70079.0,0.0,1.0
2018-09-12,9.637,9.64,9.6,9.63,9.5368,57440.0,0.0,1.0
2018-09-13,9.61,9.64,9.61,9.64,9.5927,40668.0,0.0465,1.0
2018-09-14,9.67,9.67,9.57,9.6,9.5529,91433.0,0.0,1.0
2018-09-17,9.63,9.63,9.57,9.59,9.543,71026.0,0.0,1.0
2018-09-18,9.61,9.61,9.57,9.59,9.543,48815.0,0.0,1.0
2018-09-19,9.57,9.6,9.52,9.53,9.4833,99844.0,0.0,1.0
2018-09-20,9.56,9.57,9.51,9.55,9.5032,95164.0,0.0,1.0
2018-09-21,9.57,9.57,9.5409,9.55,9.5032,74066.0,0.0,1.0
2018-09-24,9.57,9.59,9.55,9.59,9.543,77587.0,0.0,1.0
2018-09-25,9.6,9.6,9.54,9.6,9.5529,117096.0,0.0,1.0
2018-09-26,9.57,9.61,9.56,9.57,9.5231,59646.0,0.0,1.0
2018-09-27,9.53,9.58,9.53,9.57,9.5231,91828.0,0.0,1.0
2018-09-28,9.57,9.58,9.515,9.53,9.4833,146599.0,0.0,1.0
2018-10-01,9.56,9.58,9.533,9.56,9.5131,102055.0,0.0,1.0
2018-10-02,9.56,9.59,9.55,9.59,9.543,78467.0,0.0,1.0
2018-10-03,9.6,9.6,9.49,9.5,9.4534,148478.0,0.0,1.0
2018-10-04,9.5,9.52,9.47,9.49,9.4435,114779.0,0.0,1.0
2018-10-05,9.53,9.53,9.39,9.46,9.4136,133924.0,0.0,1.0
2018-10-08,9.46,9.53,9.46,9.53,9.4833,97279.0,0.0,1.0
2018-10-09,9.5,9.509,9.42,9.44,9.3937,78237.0,0.0,1.0
2018-10-10,9.45,9.46,9.42,9.45,9.4037,129005.0,0.0,1.0
2018-10-11,9.46,9.46,9.4,9.41,9.3639,102837.0,0.0,1.0
2018-10-12,9.43,9.461,9.4,9.44,9.44,117595.0,0.0465,1.0
2018-10-15,9.42,9.48,9.4,9.44,9.44,66985.0,0.0,1.0
2018-10-16,9.44,9.445,9.41,9.44,9.44,90807.0,0.0,1.0
2018-10-17,9.42,9.45,9.35,9.35,9.35,136246.0,0.0,1.0
2018-10-18,9.35,9.43,9.34,9.43,9.43,119249.0,0.0,1.0
2018-10-19,9.38,9.44,9.36,9.42,9.42,101070.0,0.0,1.0
2018-10-22,9.41,9.42,9.34,9.4,9.4,68581.0,0.0,1.0
2018-10-23,9.37,9.3899,9.33,9.37,9.37,96349.0,0.0,1.0
2018-10-24,9.35,9.4,9.34,9.35,9.35,154764.0,0.0,1.0
2018-10-25,9.3761,9.48,9.35,9.46,9.46,121009.0,0.0,1.0
2018-10-26,9.41,9.43,9.39,9.42,9.42,108394.0,0.0,1.0
