date,1. open,2. high,3. low,4. close,5. adjusted close,6. volume,7. dividend amount,8. split coefficient
2017-07-03,51.408,51.408,51.408,51.408,48.6759,0.0,0.0,1.0
2017-07-05,51.46,51.46,51.46,51.46,48.7252,12.0,0.0,1.0
2017-07-06,51.39,51.39,51.33,51.33,48.6021,401.0,0.0,1.0
2017-07-07,51.2459,51.28,51.2459,51.28,48.5547,753.0,0.0,1.0
2017-07-10,51.2899,51.29,51.2899,51.29,48.5642,376.0,0.0,1.0
2017-07-11,51.25,51.31,51.25,51.31,48.5831,751.0,0.0,1.0
2017-07-12,51.31,51.31,51.31,51.31,48.5831,0.0,0.0,1.0
2017-07-13,51.56,51.57,51.535,51.55,48.8104,1114.0,0.0,1.0
2017-07-14,51.63,51.72,51.63,51.72,48.9713,880.0,0.0,1.0
2017-07-17,51.729,51.73,51.7003,51.72,48.9713,771.0,0.0,1.0
2017-07-18,51.72,51.8,51.72,51.8,49.0471,1582.0,0.0,1.0
2017-07-19,51.86,51.86,51.8578,51.8578,49.1018,766.0,0.0,1.0
2017-07-20,51.87,51.8701,51.86,51.86,49.1039,1318.0,0.0,1.0
2017-07-21,51.9,51.9,51.9,51.9,49.1418,10.0,0.0,1.0
2017-07-24,51.6401,51.6799,51.6401,51.6799,49.1335,446.0,0.2114,1.0
2017-07-25,51.75,51.75,51.74,51.74,49.1907,230.0,0.0,1.0
2017-07-26,51.79,51.79,51.79,51.79,49.2382,18988.0,0.0,1.0
2017-07-27,51.81,51.81,51.81,51.81,49.2572,12.0,0.0,1.0
2017-07-28,51.7368,51.7608,51.7368,51.7608,49.2104,848.0,0.0,1.0
2017-07-31,51.81,51.81,51.7799,51.78,49.2287,1204.0,0.0,1.0
2017-08-01,51.82,51.83,51.7807,51.83,49.2762,7526.0,0.0,1.0
2017-08-02,51.67,51.93,51.67,51.9,49.3428,13888.0,0.0,1.0
2017-08-03,51.88,51.88,51.85,51.85,49.2952,894.0,0.0,1.0
2017-08-04,51.844,51.85,51.844,51.85,49.2952,465.0,0.0,1.0
2017-08-07,51.84,51.84,51.84,51.84,49.2857,405.0,0.0,1.0
2017-08-08,51.8,51.8028,51.67,51.67,49.1241,749.0,0.0,1.0
2017-08-09,51.63,51.63,51.595,51.61,49.0671,2498.0,0.0,1.0
2017-08-10,51.4333,51.4333,51.4333,51.4333,48.8991,229.0,0.0,1.0
2017-08-11,51.41,51.41,51.41,51.41,48.8769,165.0,0.0,1.0
2017-08-14,51.48,51.49,51.48,51.48,48.9435,513.0,0.0,1.0
2017-08-15,51.44,51.5,51.44,51.4999,48.9624,846.0,0.0,1.0
2017-08-16,51.5,51.5,51.4501,51.4501,48.915,1000.0,0.0,1.0
2017-08-17,51.48,51.48,51.4,51.4,48.8674,1510.0,0.0,1.0
2017-08-18,51.38,51.38,51.38,51.38,48.8484,448.0,0.0,1.0
2017-08-21,51.37,51.37,51.37,51.37,48.8389,6.0,0.0,1.0
2017-08-22,51.47,51.5,51.47,51.5,48.9625,1569.0,0.0,1.0
2017-08-23,51.5281,51.54,51.528,51.54,49.0005,1110.0,0.0,1.0
2017-08-24,51.35,51.42,51.35,51.42,49.0861,670.0,0.21,1.0
2017-08-25,51.44,51.5,51.44,51.5,49.1625,1102.0,0.0,1.0
2017-08-28,51.489,51.489,51.489,51.489,49.152,336.0,0.0,1.0
2017-08-29,51.43,51.47,51.43,51.47,49.1338,742.0,0.0,1.0
2017-08-30,51.54,51.61,51.54,51.61,49.2675,1335.0,0.0,1.0
2017-08-31,51.66,51.7,51.66,51.7,49.3534,1262.0,0.0,1.0
2017-09-01,51.78,51.79,51.754,51.79,49.4393,5937.0,0.0,1.0
2017-09-05,51.68,51.74,51.68,51.74,49.3916,949.0,0.0,1.0
2017-09-06,51.74,51.74,51.74,51.74,49.3916,25.0,0.0,1.0
2017-09-07,51.74,51.76,51.74,51.76,49.4107,18873.0,0.0,1.0
2017-09-08,51.71,51.71,51.7,51.71,49.3629,1700.0,0.0,1.0
2017-09-11,51.67,51.72,51.6,51.6,49.2579,33665.0,0.0,1.0
2017-09-12,51.73,51.74,51.71,51.74,49.3916,2112.0,0.0,1.0
2017-09-13,51.72,51.72,51.72,51.72,49.3725,276.0,0.0,1.0
2017-09-14,51.72,51.74,51.72,51.72,49.3725,17980.0,0.0,1.0
2017-09-15,51.72,51.75,51.72,51.75,49.4011,480.0,0.0,1.0
2017-09-18,51.78,51.78,51.78,51.78,49.4298,100.0,0.0,1.0
2017-09-19,51.78,51.78,51.78,51.78,49.4298,0.0,0.0,1.0
2017-09-20,51.82,51.82,51.66,51.66,49.3152,817.0,0.0,1.0
2017-09-21,51.83,51.83,51.66,51.79,49.4393,1833.0,0.0,1.0
2017-09-22,51.8,51.809,51.8,51.809,49.4574,482.0,0.0,1.0
2017-09-25,51.84,51.84,51.84,51.84,49.487,351.0,0.0,1.0
2017-09-26,51.7034,51.73,51.65,51.73,49.5652,1339.0,0.1919,1.0
2017-09-27,51.739,51.739,51.739,51.739,49.5739,245.0,0.0,1.0
2017-09-28,51.75,51.75,51.75,51.75,49.5844,376.0,0.0,1.0
2017-09-29,51.75,51.8,51.75,51.75,49.5844,42769.0,0.0,1.0
2017-10-02,51.76,51.76,51.76,51.76,49.594,350.0,0.0,1.0
2017-10-03,51.7675,51.89,51.7675,51.89,49.7185,1248.0,0.0,1.0
2017-10-04,51.7456,51.84,51.7456,51.84,49.6706,1053.0,0.0,1.0
2017-10-05,51.81,51.91,51.81,51.91,49.7377,1666.0,0.0,1.0
2017-10-06,51.85,51.854,51.799,51.85,49.6802,4120.0,0.0,1.0
2017-10-09,51.91,51.91,51.8284,51.8284,49.6595,262.0,0.0,1.0
2017-10-10,51.8284,51.8284,51.8284,51.8284,49.6595,13.0,0.0,1.0
2017-10-11,51.9199,51.9199,51.8165,51.8165,49.6481,449.0,0.0,1.0
2017-10-12,51.86,51.86,51.73,51.82,49.6515,2088.0,0.0,1.0
2017-10-13,51.93,51.93,51.8808,51.9,49.7281,981.0,0.0,1.0
2017-10-16,51.9,51.9,51.79,51.79,49.6227,1239.0,0.0,1.0
2017-10-17,51.885,51.939,51.87,51.87,49.6994,6899.0,0.0,1.0
2017-10-18,51.95,51.95,51.9,51.9,49.7281,9639.0,0.0,1.0
2017-10-19,51.86,51.87,51.842,51.87,49.6994,4917.0,0.0,1.0
2017-10-20,51.8701,51.93,51.87,51.93,49.7569,8634.0,0.0,1.0
2017-10-23,51.97,51.97,51.8999,51.91,49.7377,4932.0,0.0,1.0
2017-10-24,51.9372,51.99,51.9372,51.9528,49.7787,2903.0,0.0,1.0
2017-10-25,51.685,51.69,51.61,51.69,49.7184,8484.0,0.1999,1.0
2017-10-26,51.71,51.71,51.6029,51.64,49.6704,7793.0,0.0,1.0
2017-10-27,51.67,51.7,51.67,51.7,49.7281,11566.0,0.0,1.0
2017-10-30,51.63,51.68,51.61,51.61,49.6415,9238.0,0.0,1.0
2017-10-31,51.63,51.63,51.61,51.6299,49.6606,4672.0,0.0,1.0
2017-11-01,51.688,51.71,51.6704,51.6862,49.7148,14389.0,0.0,1.0
2017-11-02,51.735,51.75,51.7189,51.7493,49.7755,4180.0,0.0,1.0
2017-11-03,51.715,51.78,51.6992,51.7455,49.7718,5346.0,0.0,1.0
2017-11-06,51.73,51.73,51.695,51.73,49.7569,14376.0,0.0,1.0
2017-11-07,51.69,51.69,51.53,51.5647,49.5979,7245.0,0.0,1.0
2017-11-08,51.495,51.53,51.4272,51.4272,49.4657,38586.0,0.0,1.0
2017-11-09,51.3,51.31,51.215,51.31,49.3529,11011.0,0.0,1.0
2017-11-10,51.33,51.33,51.24,51.29,49.3337,11906.0,0.0,1.0
2017-11-13,51.05,51.16,51.05,51.11,49.1606,8642.0,0.0,1.0
2017-11-14,50.98,51.04,50.98,51.0099,49.0643,7251.0,0.0,1.0
2017-11-15,50.8,50.87,50.8,50.87,48.9297,9846.0,0.0,1.0
2017-11-16,51.11,51.11,51.1055,51.11,49.1606,9400.0,0.0,1.0
2017-11-17,51.12,51.26,51.12,51.24,49.2856,6708.0,0.0,1.0
2017-11-20,51.2497,51.25,51.234,51.234,49.2798,5070.0,0.0,1.0
2017-11-21,51.29,51.38,51.29,51.356,49.3972,18090.0,0.0,1.0
2017-11-22,51.32,51.43,51.32,51.4194,49.4582,16443.0,0.0,1.0
2017-11-24,51.31,51.31,51.2852,51.31,49.5569,1943.0,0.2121,1.0
2017-11-27,51.27,51.28,51.171,51.23,49.4797,16132.0,0.0,1.0
2017-11-28,51.2,51.31,51.2,51.31,49.5569,15516.0,0.0,1.0
2017-11-29,51.232,51.26,51.2124,51.237,49.4864,11134.0,0.0,1.0
2017-11-30,51.17,51.34,51.17,51.305,49.5521,22872.0,0.0,1.0
2017-12-01,51.27,51.35,51.165,51.29,49.5376,684597.0,0.0,1.0
2017-12-04,51.33,51.33,51.25,51.26,49.5086,49150.0,0.0,1.0
2017-12-05,51.26,51.26,51.16,51.25,49.499,11142.0,0.0,1.0
2017-12-06,51.24,51.24,51.2032,51.205,49.4555,7252.0,0.0,1.0
2017-12-07,51.25,51.25,51.225,51.24,49.4893,3347.0,0.0,1.0
2017-12-08,51.28,51.28,51.25,51.26,49.5086,7416.0,0.0,1.0
2017-12-11,51.26,51.3152,51.26,51.2897,49.5373,17738.0,0.0,1.0
2017-12-12,51.32,51.36,51.27,51.33,49.5762,26939.0,0.0,1.0
2017-12-13,51.355,51.3999,51.345,51.37,49.6149,6392.0,0.0,1.0
2017-12-14,51.37,51.37,51.2752,51.2825,49.5304,4767.0,0.0,1.0
2017-12-15,51.3099,51.3399,51.26,51.2829,49.5308,9377.0,0.0,1.0
2017-12-18,51.28,51.33,51.28,51.2997,49.547,5139.0,0.0,1.0
2017-12-19,51.28,51.31,51.2228,51.243,49.4922,10292.0,0.0,1.0
2017-12-20,51.215,51.2576,51.215,51.2576,49.5063,4925.0,0.0,1.0
2017-12-21,51.2201,51.3,51.2201,51.29,49.5376,14611.0,0.0,1.0
2017-12-22,51.27,51.3,51.22,51.22,49.47,16666.0,0.0,1.0
2017-12-26,51.14,51.16,51.09,51.14,49.5662,3904.0,0.1796,1.0
2017-12-27,51.1603,51.19,51.16,51.175,49.6001,15044.0,0.0,1.0
2017-12-28,51.1709,51.19,51.11,51.173,49.5982,13191.0,0.0,1.0
2017-12-29,51.16,51.28,49.8,51.27,49.6922,83526.0,0.0,1.0
2018-01-02,51.22,52.8,51.22,51.31,49.7309,141779.0,0.0,1.0
2018-01-03,51.29,51.43,51.29,51.37,49.7891,54841.0,0.0,1.0
2018-01-04,51.53,51.5595,51.49,51.55,49.9636,26210.0,0.0,1.0
2018-01-05,51.58,51.58,51.5503,51.57,49.9829,9781.0,0.0,1.0
2018-01-08,51.59,51.62,51.56,51.605,50.0169,15276.0,0.0,1.0
2018-01-09,51.63,51.63,51.5464,51.5464,49.9601,22366.0,0.0,1.0
2018-01-10,51.35,51.46,51.35,51.4452,49.862,90232.0,0.0,1.0
2018-01-11,51.52,51.6,51.5198,51.555,49.9684,9277.0,0.0,1.0
2018-01-12,51.523,51.57,51.49,51.52,49.9345,16365.0,0.0,1.0
2018-01-16,51.49,51.51,51.43,51.4753,49.8912,16056.0,0.0,1.0
2018-01-17,51.4837,51.55,51.4254,51.4932,49.9085,38354.0,0.0,1.0
2018-01-18,51.51,51.51,51.415,51.45,49.8666,121085.0,0.0,1.0
2018-01-19,51.3898,51.6154,51.3848,51.51,49.9248,93577.0,0.0,1.0
2018-01-22,51.51,51.5198,51.49,51.5,49.9151,9478.0,0.0,1.0
2018-01-23,51.57,51.61,51.53,51.5887,50.0011,6803.0,0.0,1.0
2018-01-24,51.62,51.64,51.6087,51.62,50.0314,11469.0,0.0,1.0
2018-01-25,51.51,51.52,51.45,51.48,50.0492,26093.0,0.1583,1.0
2018-01-26,51.41,51.47,51.41,51.4532,50.0231,10806.0,0.0,1.0
2018-01-29,51.37,51.3702,51.3598,51.3598,49.9323,3676.0,0.0,1.0
2018-01-30,51.248,51.279,51.16,51.216,49.7925,15800.0,0.0,1.0
2018-01-31,51.2398,51.29,51.2023,51.27,49.845,14928.0,0.0,1.0
2018-02-01,51.1988,51.22,51.1501,51.18,49.7575,11057.0,0.0,1.0
2018-02-02,51.06,51.06,50.87,50.93,49.5145,12567.0,0.0,1.0
2018-02-05,50.86,51.0,50.65,50.815,49.4027,13338.0,0.0,1.0
2018-02-06,50.66,50.97,50.66,50.9699,49.5532,17977.0,0.0,1.0
2018-02-07,51.0902,51.0902,50.895,50.9206,49.5053,12975.0,0.0,1.0
2018-02-08,50.81,50.81,50.5399,50.5564,49.1512,7943.0,0.0,1.0
2018-02-09,50.52,50.55,50.16,50.43,49.0284,13563.0,0.0,1.0
2018-02-12,50.47,50.6264,50.47,50.5755,49.1698,5311.0,0.0,1.0
2018-02-13,50.31,50.39,50.2998,50.3644,48.9646,15010.0,0.0,1.0
2018-02-14,50.3048,50.33,50.26,50.29,48.8922,7787.0,0.0,1.0
2018-02-15,50.51,50.59,50.495,50.5755,49.1698,4462.0,0.0,1.0
2018-02-16,50.6259,50.77,50.6259,50.7699,49.3588,9200.0,0.0,1.0
2018-02-20,50.6498,50.75,50.6398,50.689,49.2802,13338.0,0.0,1.0
2018-02-21,50.7001,50.73,50.5,50.53,49.1256,14000.0,0.0,1.0
2018-02-22,50.3698,50.45,50.28,50.28,49.0616,8592.0,0.1842,1.0
2018-02-23,50.3892,50.48,50.37,50.46,49.2373,5956.0,0.0,1.0
2018-02-26,50.54,50.5502,50.4902,50.53,49.3056,10653.0,0.0,1.0
2018-02-27,50.38,50.44,50.3526,50.43,49.208,5723.0,0.0,1.0
2018-02-28,50.5,50.5,50.3798,50.3798,49.159,8842.0,0.0,1.0
2018-03-01,50.4,50.43,50.2998,50.4,49.1787,51421.0,0.0,1.0
2018-03-02,50.19,50.33,50.15,50.33,49.1104,24961.0,0.0,1.0
2018-03-05,50.28,50.38,50.2798,50.38,49.1592,31797.0,0.0,1.0
2018-03-06,50.36,50.4,50.32,50.38,49.1592,10131.0,0.0,1.0
2018-03-07,50.3,50.35,50.27,50.31,49.0909,10291.0,0.0,1.0
2018-03-08,50.3,50.44,50.25,50.32,49.1007,21318.0,0.0,1.0
2018-03-09,50.4,50.51,50.4,50.51,49.2861,6362.0,0.0,1.0
2018-03-12,50.406,50.44,50.38,50.43,49.208,3995.0,0.0,1.0
2018-03-13,50.39,50.392,50.26,50.26,49.0421,9665.0,0.0,1.0
2018-03-14,50.3,50.3,50.2,50.2,48.9836,15966.0,0.0,1.0
2018-03-15,50.218,50.22,50.11,50.11,48.8958,24060.0,0.0,1.0
2018-03-16,50.1101,50.18,50.11,50.18,48.9641,19390.0,0.0,1.0
2018-03-19,50.14,50.14,50.046,50.09,48.8762,5067.0,0.0,1.0
2018-03-20,50.12,50.149,50.0901,50.1194,48.9049,22309.0,0.0,1.0
2018-03-21,50.07,50.1736,50.07,50.14,48.925,4283.0,0.0,1.0
2018-03-22,50.05,50.1176,49.89,49.89,48.6811,5499.0,0.0,1.0
2018-03-23,49.97,49.98,49.8252,49.88,48.6713,4755.0,0.0,1.0
2018-03-26,49.86,49.91,49.73,49.91,48.887,16341.0,0.191,1.0
2018-03-27,49.85,49.94,49.7702,49.81,48.789,16616.0,0.0,1.0
2018-03-28,49.8,49.83,49.72,49.8,48.7792,27836.0,0.0,1.0
2018-03-29,49.9496,49.993,49.9302,49.97,48.9458,7698.0,0.0,1.0
2018-04-02,49.9,49.9,49.7878,49.83,48.8086,7391.0,0.0,1.0
2018-04-03,49.8652,49.94,49.8304,49.9,48.8772,16155.0,0.0,1.0
2018-04-04,49.88,50.04,49.84,50.04,49.0143,10438.0,0.0,1.0
2018-04-05,50.0401,50.079,49.99,50.03,49.0045,14567.0,0.0,1.0
2018-04-06,50.01,50.04,49.9102,49.98,48.9555,17995.0,0.0,1.0
2018-04-09,50.06,50.12,50.0598,50.06,49.0339,7827.0,0.0,1.0
2018-04-10,50.15,50.25,50.09,50.17,49.1417,5994.0,0.0,1.0
2018-04-11,50.21,50.3,50.21,50.2608,49.2306,6586.0,0.0,1.0
2018-04-12,50.34,50.39,50.32,50.33,49.2984,12805.0,0.0,1.0
2018-04-13,50.4202,50.47,50.391,50.45,49.4159,7703.0,0.0,1.0
2018-04-16,50.51,50.55,50.49,50.53,49.4943,3856.0,0.0,1.0
2018-04-17,50.5784,50.609,50.5601,50.57,49.5335,4417.0,0.0,1.0
2018-04-18,50.535,50.58,50.5201,50.54,49.5041,9731.0,0.0,1.0
2018-04-19,50.41,50.4298,50.351,50.42,49.3865,7733.0,0.0,1.0
2018-04-20,50.38,50.38,50.2802,50.2972,49.2662,5414.0,0.0,1.0
2018-04-23,50.25,50.25,50.09,50.09,49.0633,12446.0,0.0,1.0
2018-04-24,50.14,50.14,49.9701,50.05,49.0241,9178.0,0.0,1.0
2018-04-25,50.0,50.06,49.9498,50.05,49.0241,15240.0,0.0,1.0
2018-04-26,50.0198,50.1008,50.0198,50.1,49.0731,6572.0,0.0,1.0
2018-04-27,50.1548,50.159,50.1053,50.15,49.1221,9505.0,0.0,1.0
2018-04-30,49.88,49.92,49.83,49.87,49.0732,10035.0,0.2301,1.0
2018-05-01,49.8198,49.86,49.8,49.8,49.0043,12550.0,0.0,1.0
2018-05-02,49.8034,49.91,49.78,49.8096,49.0138,9636.0,0.0,1.0
2018-05-03,49.78,49.84,49.7478,49.84,49.0437,8744.0,0.0,1.0
2018-05-04,49.7803,49.86,49.7803,49.79,48.9945,8143.0,0.0,1.0
2018-05-07,49.88,49.89,49.81,49.81,49.0142,9483.0,0.0,1.0
2018-05-08,49.84,49.88,49.79,49.87,49.0732,7374.0,0.0,1.0
2018-05-09,49.85,49.92,49.82,49.86,49.0634,8850.0,0.0,1.0
2018-05-10,49.9098,49.95,49.87,49.94,49.1421,26221.0,0.0,1.0
2018-05-11,49.97,49.99,49.8814,49.93,49.1323,21050.0,0.0,1.0
2018-05-14,49.955,49.96,49.93,49.93,49.1323,4316.0,0.0,1.0
2018-05-15,49.87,49.87,49.7798,49.83,49.0339,5391.0,0.0,1.0
2018-05-16,49.82,49.859,49.78,49.8348,49.0386,3317.0,0.0,1.0
2018-05-17,49.84,49.9,49.8,49.86,49.0634,11085.0,0.0,1.0
2018-05-18,49.8217,49.88,49.8217,49.86,49.0634,6464.0,0.0,1.0
2018-05-21,49.87,49.89,49.8183,49.87,49.0732,23442.0,0.0,1.0
2018-05-22,49.85,49.86,49.7956,49.84,49.0437,15348.0,0.0,1.0
2018-05-23,49.7998,49.9,49.79,49.9,49.1027,5033.0,0.0,1.0
2018-05-24,49.87,49.91,49.8504,49.91,49.1126,6909.0,0.0,1.0
2018-05-25,49.89,49.89,49.82,49.87,49.0732,4092.0,0.0,1.0
2018-05-29,49.77,49.779,49.711,49.715,48.9207,6123.0,0.0,1.0
2018-05-30,49.8002,49.87,49.79,49.87,49.0732,6739.0,0.0,1.0
2018-05-31,49.67,49.67,49.57,49.57,48.9748,7520.0,0.2,1.0
2018-06-01,49.73,49.74,49.67,49.72,49.123,16965.0,0.0,1.0
2018-06-04,49.73,49.78,49.71,49.78,49.1823,4529.0,0.0,1.0
2018-06-05,49.7198,49.78,49.701,49.78,49.1823,6711.0,0.0,1.0
2018-06-06,49.77,49.86,49.3,49.86,49.2613,10711.0,0.0,1.0
2018-06-07,49.86,49.88,49.781,49.87,49.2712,11521.0,0.0,1.0
2018-06-08,49.7872,49.879,49.7872,49.8,49.2021,6049.0,0.0,1.0
2018-06-11,49.83,49.91,49.83,49.88,49.2811,3924.0,0.0,1.0
2018-06-12,49.9298,49.93,49.87,49.8937,49.2946,13095.0,0.0,1.0
2018-06-13,49.945,49.979,49.8702,49.92,49.3206,8524.0,0.0,1.0
2018-06-14,50.0185,50.059,49.981,50.059,49.4579,6547.0,0.0,1.0
2018-06-15,50.0242,50.0501,50.0198,50.03,49.4293,3876.0,0.0,1.0
2018-06-18,50.03,50.07,50.0,50.01,49.4095,33035.0,0.0,1.0
2018-06-19,49.97,50.03,49.96,50.03,49.4293,67558.0,0.0,1.0
2018-06-20,49.99,50.05,49.95,49.95,49.3503,15065.0,0.0,1.0
2018-06-21,50.03,50.03,49.97,49.97,49.37,10658.0,0.0,1.0
2018-06-22,50.02,50.02,49.94,50.0,49.3997,11313.0,0.0,1.0
2018-06-25,49.93,49.96,49.8757,49.93,49.3305,14992.0,0.0,1.0
2018-06-26,49.88,49.91,49.81,49.89,49.291,8137.0,0.0,1.0
2018-06-27,49.86,49.86,49.75,49.78,49.1823,8519.0,0.0,1.0
2018-06-28,49.64,49.761,49.62,49.74,49.1428,6729.0,0.0,1.0
2018-06-29,49.62,49.62,49.5,49.5,49.1039,112879.0,0.2006,1.0
2018-07-02,49.45,49.47,49.394,49.47,49.0741,331623.0,0.0,1.0
2018-07-03,49.48,49.53,49.461,49.47,49.0741,8119.0,0.0,1.0
2018-07-05,49.48,49.54,49.43,49.51,49.1138,55208.0,0.0,1.0
2018-07-06,49.5998,49.72,49.5998,49.67,49.2725,8228.0,0.0,1.0
2018-07-09,49.62,49.6899,49.5689,49.58,49.1832,15492.0,0.0,1.0
2018-07-10,49.6,49.72,49.5601,49.72,49.3221,20499.0,0.0,1.0
2018-07-11,49.7,49.7,49.49,49.49,49.0939,21936.0,0.0,1.0
2018-07-12,49.7102,49.79,49.7002,49.7497,49.3516,9580.0,0.0,1.0
2018-07-13,49.84,49.84,49.69,49.69,49.2923,24861.0,0.0,1.0
2018-07-16,49.6888,49.79,49.6,49.6,49.2031,9419.0,0.0,1.0
2018-07-17,49.692,49.76,49.692,49.7235,49.3256,7502.0,0.0,1.0
2018-07-18,49.63,49.83,49.63,49.83,49.4312,7816.0,0.0,1.0
2018-07-19,49.6952,49.81,49.67,49.81,49.4114,12385.0,0.0,1.0
2018-07-20,49.82,49.83,49.6601,49.82,49.4213,13004.0,0.0,1.0
2018-07-23,49.68,49.7722,49.66,49.745,49.3469,7565.0,0.0,1.0
2018-07-24,49.7977,49.86,49.67,49.69,49.2923,8165.0,0.0,1.0
2018-07-25,49.91,49.9164,49.76,49.85,49.4511,7921.0,0.0,1.0
2018-07-26,49.915,49.98,49.79,49.8877,49.4884,7653.0,0.0,1.0
2018-07-27,49.8748,49.97,49.8,49.97,49.5701,6956.0,0.0,1.0
2018-07-30,49.8,49.99,49.8,49.99,49.5899,6200.0,0.0,1.0
2018-07-31,49.69,49.9,49.69,49.785,49.5818,13077.0,0.1968,1.0
2018-08-01,49.9,49.9,49.71,49.73,49.527,13813.0,0.0,1.0
2018-08-02,49.795,49.96,49.761,49.96,49.7561,13346.0,0.0,1.0
2018-08-03,49.9,49.99,49.81,49.82,49.6167,23606.0,0.0,1.0
2018-08-06,50.01,50.038,49.85,50.02,49.8158,10762.0,0.0,1.0
2018-08-07,50.07,50.12,50.0242,50.11,49.9055,3994.0,0.0,1.0
2018-08-08,50.12,50.12,49.93,50.0512,49.8469,4054.0,0.0,1.0
2018-08-09,50.0885,50.115,50.03,50.1,49.8955,7732.0,0.0,1.0
2018-08-10,49.906,50.105,49.87,49.87,49.6664,5126.0,0.0,1.0
2018-08-13,49.84,50.028,49.84,50.02,49.8158,17738.0,0.0,1.0
2018-08-14,50.06,50.075,49.861,50.075,49.8706,16973.0,0.0,1.0
2018-08-15,49.9093,49.989,49.82,49.82,49.6167,5521.0,0.0,1.0
2018-08-16,49.935,50.08,49.85,50.08,49.8756,10610.0,0.0,1.0
2018-08-17,50.0029,50.105,49.88,49.91,49.7063,5351.0,0.0,1.0
2018-08-20,50.15,50.15,49.941,50.13,49.9254,10250.0,0.0,1.0
2018-08-21,50.0409,50.17,50.0,50.01,49.8059,17126.0,0.0,1.0
2018-08-22,50.23,50.24,50.0572,50.22,50.015,7533.0,0.0,1.0
2018-08-23,50.139,50.259,50.139,50.2,49.9951,5894.0,0.0,1.0
2018-08-24,50.1382,50.21,50.03,50.03,49.8258,34228.0,0.0,1.0
2018-08-27,50.2242,50.2242,50.16,50.2,49.9951,6092.0,0.0,1.0
2018-08-28,50.33,50.33,50.135,50.15,49.9453,9064.0,0.0,1.0
2018-08-29,50.2198,50.31,50.1,50.15,49.9453,35774.0,0.0,1.0
2018-08-30,50.2098,50.32,50.1,50.11,49.9055,10145.0,0.0,1.0
2018-08-31,49.9998,50.09,49.9021,49.9836,49.9836,7208.0,0.2049,1.0
2018-09-04,50.0,50.0,49.8333,49.8333,49.8333,22426.0,0.0,1.0
2018-09-05,49.9097,49.92,49.806,49.806,49.806,27602.0,0.0,1.0
2018-09-06,49.915,49.915,49.74,49.75,49.75,7022.0,0.0,1.0
2018-09-07,49.6518,49.7,49.63,49.7,49.7,31344.0,0.0,1.0
2018-09-10,49.795,49.8177,49.6901,49.77,49.77,10413.0,0.0,1.0
2018-09-11,49.793,49.849,49.759,49.76,49.76,6719.0,0.0,1.0
2018-09-12,49.74,49.825,49.74,49.78,49.78,13543.0,0.0,1.0
2018-09-13,50.0,50.0,49.851,49.86,49.86,10016.0,0.0,1.0
2018-09-14,49.9499,49.978,49.8801,49.93,49.93,20549.0,0.0,1.0
2018-09-17,49.9192,50.0199,49.82,49.89,49.89,12338.0,0.0,1.0
2018-09-18,49.9841,50.012,49.8801,49.95,49.95,10780.0,0.0,1.0
2018-09-19,49.975,50.0,49.841,49.93,49.93,6013.0,0.0,1.0
2018-09-20,49.9223,49.95,49.841,49.9,49.9,26941.0,0.0,1.0
2018-09-21,49.9,49.9,49.8394,49.86,49.86,31740.0,0.0,1.0
2018-09-24,49.8985,49.9789,49.82,49.82,49.82,11785.0,0.0,1.0
2018-09-25,49.9391,49.9391,49.75,49.85,49.85,14032.0,0.0,1.0
2018-09-26,49.79,49.9499,49.79,49.8,49.8,14334.0,0.0,1.0
