date,1. open,2. high,3. low,4. close,5. adjusted close,6. volume,7. dividend amount,8. split coefficient
2015-05-28,42.0,42.0,40.64,40.64,403.9563,200.0,0.0,1.0
2015-05-29,38.5,38.5,38.5,38.5,382.6849,125.0,0.0,1.0
2015-06-01,39.0,39.0,38.0,38.91,386.7603,1825.0,0.0,1.0
2015-06-02,39.2401,39.2401,38.6,38.6,383.6789,1211.0,0.0,1.0
2015-06-03,37.7099,37.77,37.7099,37.77,375.4288,1290.0,0.0,1.0
2015-06-04,38.75,38.75,38.71,38.71,384.7723,700.0,0.0,1.0
2015-06-05,38.07,38.07,36.37,36.6,363.7992,4527.0,0.0,1.0
2015-06-08,36.55,37.25,35.6904,36.48,362.6064,7995.0,0.0,1.0
2015-06-09,37.5,39.05,37.5,38.16,379.3054,14213.0,0.0,1.0
2015-06-10,38.33,38.75,37.1499,37.51,372.8445,9410.0,0.0,1.0
2015-06-11,37.0,37.4748,36.41,36.41,361.9106,3895.0,0.0,1.0
2015-06-12,37.47,38.4,37.45,38.0,377.715,11860.0,0.0,1.0
2015-06-15,39.02,40.0,37.7299,38.04,378.1126,6568.0,0.0,1.0
2015-06-16,38.2,38.2,36.7,36.9,366.7812,10755.0,0.0,1.0
2015-06-17,36.798,36.798,35.52,35.91,356.9407,62954.0,0.0,1.0
2015-06-18,35.05,35.05,32.4,32.94,327.4193,73399.0,0.0,1.0
2015-06-19,32.85,33.62,32.34,32.37,321.7536,42760.0,0.0,1.0
2015-06-22,31.211,31.6599,29.5192,29.57,293.9219,65349.0,0.0,1.0
2015-06-23,29.16,30.66,28.91,29.79,296.1087,65237.0,0.0,1.0
2015-06-24,29.78,31.96,29.64,31.61,314.1993,122838.0,0.0,1.0
2015-06-25,30.882,33.3899,30.75,32.36,321.6542,126284.0,0.0,1.0
2015-06-26,32.36,34.67,31.6,33.0002,328.0177,81036.0,0.0,1.0
2015-06-29,34.453,36.3783,33.36,36.36,361.4136,136436.0,0.0,1.0
2015-06-30,33.75,34.5,31.18,31.49,313.0065,231722.0,0.0,1.0
2015-07-01,30.28,33.41,30.0605,32.678,324.815,104395.0,0.0,1.0
2015-07-02,31.95,34.05,30.67,33.48,332.7868,69136.0,0.0,1.0
2015-07-06,35.15,35.15,31.19,32.1,319.0698,61899.0,0.0,1.0
2015-07-07,32.03,34.55,31.72,31.74,315.4914,141084.0,0.0,1.0
2015-07-08,33.12,35.42,32.72,35.36,351.4738,70098.0,0.0,1.0
2015-07-09,33.31,34.66,32.6,32.99,327.9163,39424.0,0.0,1.0
2015-07-10,32.34,32.77,30.69,30.75,305.651,53396.0,0.0,1.0
2015-07-13,29.89,29.94,28.05,28.48,283.0875,112348.0,0.0,1.0
2015-07-14,28.43,28.6,26.3,26.48,263.2077,137895.0,0.0,1.0
2015-07-15,25.85,27.0,24.8681,26.69,265.2951,224017.0,0.0,1.0
2015-07-16,25.84,26.368,24.98,25.16,250.0871,124802.0,0.0,1.0
2015-07-17,25.0,25.95,24.64,24.66,245.1172,166281.0,0.0,1.0
2015-07-20,24.05,25.4,24.0001,24.7,245.5148,134250.0,0.0,1.0
2015-07-21,24.75,26.8801,24.75,25.86,257.045,237574.0,0.0,1.0
2015-07-22,27.5,27.7999,25.38,25.58,254.2618,128431.0,0.0,1.0
2015-07-23,25.42,26.43,24.73,26.32,261.6173,158711.0,0.0,1.0
2015-07-24,27.18,29.3,26.07,29.17,289.946,263840.0,0.0,1.0
2015-07-27,29.96,31.7,29.81,30.37,301.8738,233669.0,0.0,1.0
2015-07-28,29.13,30.98,27.49,27.9501,277.8203,207780.0,0.0,1.0
2015-07-29,26.88,30.5099,26.88,29.67,294.9159,249846.0,0.0,1.0
2015-07-30,30.02,32.13,29.38,29.94,297.5997,212275.0,0.0,1.0
2015-07-31,30.057,30.33,27.64,28.86,286.8646,181891.0,0.0,1.0
2015-08-03,28.77,29.808,27.51,28.89,287.1628,246904.0,0.0,1.0
2015-08-04,28.69,29.27,28.0,28.91,287.3616,143794.0,0.0,1.0
2015-08-05,27.63,28.82,27.36,28.4701,282.9891,164582.0,0.0,1.0
2015-08-06,28.57,33.43,28.57,32.84,326.4253,325014.0,0.0,1.0
2015-08-07,32.99,37.5937,32.99,35.27,350.5792,551440.0,0.0,1.0
2015-08-10,33.55,34.84,32.53,34.29,340.8381,239686.0,0.0,1.0
2015-08-11,36.0,37.9899,33.2,36.73,365.0914,262757.0,0.0,1.0
2015-08-12,38.113,40.75,34.9196,35.46,352.4677,349612.0,0.0,1.0
2015-08-13,35.03,37.82,34.02,37.82,375.9258,123109.0,0.0,1.0
2015-08-14,37.6,41.02,36.93,38.91,386.7603,189656.0,0.0,1.0
2015-08-17,40.33,40.61,34.2,34.46,342.5279,205339.0,0.0,1.0
2015-08-18,35.12,36.8,34.44,36.75,365.2902,180517.0,0.0,1.0
2015-08-19,37.99,39.78,36.75,38.06,378.3114,236739.0,0.0,1.0
2015-08-20,40.0,44.52,38.38,44.43,441.6284,490387.0,0.0,1.0
2015-08-21,47.69,48.7499,40.24,44.31,440.4356,745327.0,0.0,1.0
2015-08-24,55.55,58.63,43.72,51.18,508.7225,723694.0,0.0,1.0
2015-08-25,42.04,49.99,41.58,49.99,496.894,546782.0,0.0,1.0
2015-08-26,45.61,51.42,42.0,42.04,417.8721,510295.0,0.0,1.0
2015-08-27,39.05,41.63,38.002,38.6699,384.3737,440528.0,0.0,1.0
2015-08-28,38.85,39.45,36.12,36.12,359.0281,332147.0,0.0,1.0
2015-08-31,37.07,39.62,35.0,39.46,392.2272,603324.0,0.0,1.0
2015-09-01,43.04,43.3,39.95,42.85,425.9234,792248.0,0.0,1.0
2015-09-02,40.55,42.78,37.42,37.43,372.0493,292105.0,0.0,1.0
2015-09-03,37.62,40.87,36.15,40.87,406.2424,222385.0,0.0,1.0
2015-09-04,43.05,43.05,38.56,40.07,398.2905,358710.0,0.0,1.0
2015-09-08,37.2,38.97,35.0,35.02,348.0942,270382.0,0.0,1.0
2015-09-09,33.88,37.86,33.5868,37.65,374.2361,255731.0,0.0,1.0
2015-09-10,38.4,38.4,34.37,34.57,343.6213,225123.0,0.0,1.0
2015-09-11,34.79,35.88,32.91,32.99,327.9163,231052.0,0.0,1.0
2015-09-14,32.72,34.71,32.5,33.1499,329.5057,189684.0,0.0,1.0
2015-09-15,33.0,33.6,31.746,32.18,319.865,184362.0,0.0,1.0
2015-09-16,32.2,34.3,31.2,33.16,329.606,172524.0,0.0,1.0
2015-09-17,33.21,33.83,28.83,29.9,297.2021,395389.0,0.0,1.0
2015-09-18,31.61,32.15,29.8,30.18,299.9852,286043.0,0.0,1.0
2015-09-21,29.2,36.08,29.2,35.02,348.0942,881727.0,0.0,1.0
2015-09-22,37.08,39.345,35.65,37.27,370.4589,700853.0,0.0,1.0
2015-09-23,37.5,39.2899,35.32,37.6,373.7391,415870.0,0.0,1.0
2015-09-24,38.84,42.43,37.97,38.67,384.3747,561065.0,0.0,1.0
2015-09-25,36.71,49.12,36.6,46.72,464.3907,1325672.0,0.0,1.0
2015-09-28,48.81,59.699,47.7401,57.03,566.8707,2001069.0,0.0,1.0
2015-09-29,57.01,66.4,51.65,63.9,635.1576,1494572.0,0.0,1.0
2015-09-30,58.29,63.35,54.1,57.1899,568.4601,1199395.0,0.0,1.0
2015-10-01,56.98,62.2799,55.98,56.32,559.8134,811878.0,0.0,1.0
2015-10-02,60.82,61.64,47.526,47.98,476.9149,1110821.0,0.0,1.0
2015-10-05,44.14,50.43,43.05,46.79,465.0865,927568.0,0.0,1.0
2015-10-06,47.54,58.29,47.44,52.74,524.2287,1169601.0,0.0,1.0
2015-10-07,51.99,57.09,47.25,50.049,497.4805,954399.0,0.0,1.0
2015-10-08,51.26,56.5198,50.27,51.6185,513.0811,849093.0,0.0,1.0
2015-10-09,51.51,53.8199,47.0,48.9,486.0596,1002503.0,0.0,1.0
2015-10-12,48.04,51.21,46.91,50.5,501.9634,471693.0,0.0,1.0
2015-10-13,52.11,57.02,47.643,56.94,565.9761,1025274.0,0.0,1.0
2015-10-14,54.58,58.33,50.89,55.06,547.2892,962207.0,0.0,1.0
2015-10-15,56.5,56.5,43.29,43.53,432.6825,1622215.0,0.0,1.0
2015-10-16,43.15,45.96,41.0,43.81,435.4657,1189924.0,0.0,1.0
2015-10-19,44.09,47.2,39.16,42.62,423.6372,1468506.0,0.0,1.0
2015-10-20,42.71,47.7,42.446,46.92,466.3786,979441.0,0.0,1.0
2015-10-21,44.92,51.46,44.0,47.25,469.6588,1748029.0,0.0,1.0
2015-10-22,46.31,50.67,44.5926,47.35,470.6528,917462.0,0.0,1.0
2015-10-23,45.35,46.66,43.09,43.84,435.7638,959766.0,0.0,1.0
2015-10-26,44.21,45.68,40.67,43.65,433.8753,897527.0,0.0,1.0
2015-10-27,42.72,43.76,40.51,40.58,403.3599,845095.0,0.0,1.0
2015-10-28,41.27,43.64,37.44,37.51,372.8445,1260023.0,0.0,1.0
2015-10-29,37.59,40.56,35.68,40.15,399.0857,1216815.0,0.0,1.0
2015-10-30,39.91,42.41,39.5501,41.19,409.4232,571261.0,0.0,1.0
2015-11-02,40.66,40.66,33.18,33.18,329.8048,2080074.0,0.0,1.0
2015-11-03,33.9,35.3491,31.25,32.48,322.8469,1418268.0,0.0,1.0
2015-11-04,31.7,33.75,31.31,31.91,317.1812,1106398.0,0.0,1.0
2015-11-05,32.79,34.76,32.3801,33.41,332.091,963725.0,0.0,1.0
2015-11-06,33.44,36.5599,33.0,33.57,333.6814,1437928.0,0.0,1.0
2015-11-09,34.41,34.41,32.2,32.72,325.2325,750875.0,0.0,1.0
2015-11-10,32.98,34.98,32.908,33.06,328.6121,651612.0,0.0,1.0
2015-11-11,32.98,34.78,32.62,34.71,345.0128,814334.0,0.0,1.0
2015-11-12,35.88,37.28,34.5,37.0,367.7751,1055390.0,0.0,1.0
2015-11-13,37.65,38.58,34.54,36.14,359.2269,1412091.0,0.0,1.0
2015-11-16,37.86,39.88,36.2501,37.49,372.6457,1259560.0,0.0,1.0
2015-11-17,37.16,38.68,34.52,36.6499,364.2952,1147792.0,0.0,1.0
2015-11-18,35.78,36.56,33.0,33.22,330.2024,858261.0,0.0,1.0
2015-11-19,33.06,35.45,32.5,35.11,348.9888,878765.0,0.0,1.0
2015-11-20,34.5,35.03,33.54,34.65,344.4165,517478.0,0.0,1.0
2015-11-23,34.51,34.6599,32.11,33.01,328.1151,759199.0,0.0,1.0
2015-11-24,33.7,34.05,32.3801,32.66,324.6361,687187.0,0.0,1.0
2015-11-25,32.66,32.66,30.21,30.72,305.3528,645041.0,0.0,1.0
2015-11-27,30.41,30.72,29.25,29.61,294.3195,321029.0,0.0,1.0
2015-11-30,29.6,31.8,28.89,30.69,305.0546,939293.0,0.0,1.0
2015-12-01,30.1,32.4,30.02,30.88,306.9431,640819.0,0.0,1.0
2015-12-02,31.19,31.6,29.3788,31.41,312.2113,514594.0,0.0,1.0
2015-12-03,31.0,35.75,30.76,35.08,348.6906,922101.0,0.0,1.0
2015-12-04,34.75,36.18,32.95,33.02,328.2145,568110.0,0.0,1.0
2015-12-07,33.5,36.91,33.43,36.73,365.0914,534584.0,0.0,1.0
2015-12-08,38.01,38.41,34.05,34.42,342.1303,559787.0,0.0,1.0
2015-12-09,35.1,37.74,34.71,36.98,367.5763,626175.0,0.0,1.0
2015-12-10,36.81,37.39,35.16,35.4,351.8714,277019.0,0.0,1.0
2015-12-11,36.7,39.64,36.0,39.55,393.1218,635477.0,0.0,1.0
2015-12-14,39.18,42.499,37.76,40.65,404.0557,820223.0,0.0,1.0
2015-12-15,39.5,39.5,36.38,37.1,368.7691,401660.0,0.0,1.0
2015-12-16,36.0,36.28,32.26,32.44,322.4493,536151.0,0.0,1.0
2015-12-17,31.7,34.43,31.48,33.45,332.4886,539687.0,0.0,1.0
2015-12-18,34.23,34.23,31.35,33.0338,328.3516,546803.0,0.0,1.0
2015-12-21,32.3,33.84,31.66,31.72,315.2926,392555.0,0.0,1.0
2015-12-22,31.25,33.23,31.01,32.15,319.5668,387158.0,0.0,1.0
2015-12-23,31.47,31.88,30.5,30.75,305.651,350914.0,0.0,1.0
2015-12-24,31.01,31.01,30.15,30.55,303.663,98553.0,0.0,1.0
2015-12-28,32.1,32.59,31.15,31.67,314.7956,619150.0,0.0,1.0
2015-12-29,30.9,31.143,29.45,29.55,293.7231,438291.0,0.0,1.0
2015-12-30,30.23,30.51,29.1,30.46,302.7684,335866.0,0.0,1.0
2015-12-31,30.8,31.4,30.2,31.09,309.0305,285334.0,0.0,1.0
2016-01-04,33.1,35.0,32.58,34.23,340.2417,1122722.0,0.0,1.0
2016-01-05,34.18,35.84,33.24,35.16,349.4858,409693.0,0.0,1.0
2016-01-06,37.18,40.9,36.9501,39.72,394.8116,784261.0,0.0,1.0
2016-01-07,42.97,45.23,41.46,44.48,442.1254,743213.0,0.0,1.0
2016-01-08,41.74,47.5,40.83,47.11,468.2672,614582.0,0.0,1.0
2016-01-11,46.29,58.8,45.39,55.01,546.7922,1105422.0,0.0,1.0
2016-01-12,51.87,57.9999,45.89,50.11,498.0868,1083084.0,0.0,1.0
2016-01-13,48.47,61.06,48.29,60.71,603.4494,1056676.0,0.0,1.0
2016-01-14,58.62,69.039,51.1401,53.52,531.9818,1272500.0,0.0,1.0
2016-01-15,61.88,64.42,58.24,58.39,580.3889,735788.0,0.0,1.0
2016-01-19,55.59,68.77,54.53,65.39,649.968,928226.0,0.0,1.0
2016-01-20,70.53,74.59,53.7415,56.74,563.9882,1122553.0,0.0,1.0
2016-01-21,56.97,61.59,52.65,61.01,606.4314,975068.0,0.0,1.0
2016-01-22,55.45,59.96,54.02,55.77,554.3465,522570.0,0.0,1.0
2016-01-25,57.8,58.44,52.016,58.09,577.407,433185.0,0.0,1.0
2016-01-26,57.29,64.999,56.7644,59.91,595.4975,608013.0,0.0,1.0
2016-01-27,58.45,69.115,57.6,68.07,676.6069,595527.0,0.0,1.0
2016-01-28,65.61,78.67,64.24,75.64,751.8517,743382.0,0.0,1.0
2016-01-29,77.4,79.578,69.0,71.68,712.4898,632811.0,0.0,1.0
2016-02-01,73.8,77.79,67.88,69.43,690.1251,605557.0,0.0,1.0
2016-02-02,73.67,79.1785,72.18,76.98,765.1711,654646.0,0.0,1.0
2016-02-03,75.16,87.9199,73.3778,75.71,752.5475,741009.0,0.0,1.0
2016-02-04,78.4,79.448,64.11,71.78,713.4838,759573.0,0.0,1.0
2016-02-05,72.54,82.164,71.32,79.32,788.4304,524627.0,0.0,1.0
2016-02-08,86.5,96.13,85.07,92.8,922.4198,617418.0,0.0,1.0
2016-02-09,102.59,103.62,82.2,91.92,913.6727,776630.0,0.0,1.0
2016-02-10,88.52,92.12,79.0,91.3807,908.3122,782914.0,0.0,1.0
2016-02-11,96.51,101.0,90.29,93.08,925.203,527399.0,0.0,1.0
2016-02-12,88.2,98.25,84.18,84.38,838.7261,583446.0,0.0,1.0
2016-02-16,78.96,79.7,74.24,74.38,739.3274,557862.0,0.0,1.0
2016-02-17,71.18,73.98,64.6292,65.14,647.4831,937054.0,0.0,1.0
2016-02-18,63.23,72.51,63.23,72.04,716.0681,717819.0,0.0,1.0
2016-02-19,74.0,76.363,67.86,68.01,676.0105,722148.0,0.0,1.0
2016-02-22,64.3,67.23,62.3533,65.8111,654.1537,454685.0,0.0,1.0
2016-02-23,68.46,74.71,66.8875,74.61,741.6136,513028.0,0.0,1.0
2016-02-24,79.11,83.26,71.91,72.63,721.9327,676079.0,0.0,1.0
2016-02-25,70.34,76.36,68.6001,73.95,735.0533,435612.0,0.0,1.0
2016-02-26,71.4,74.6397,68.0,70.1,696.7848,511328.0,0.0,1.0
2016-02-29,69.99,75.9266,68.45,75.62,751.6529,441590.0,0.0,1.0
2016-03-01,73.36,76.59,64.77,65.0,646.0915,530351.0,0.0,1.0
2016-03-02,65.9,65.9,56.81,57.17,568.2623,855239.0,0.0,1.0
2016-03-03,56.9,60.25,55.94,58.9,585.4583,612051.0,0.0,1.0
2016-03-04,59.45,60.7199,53.2,57.97,576.2142,674463.0,0.0,1.0
2016-03-07,59.22,60.66,49.2,51.76,514.4876,976756.0,0.0,1.0
2016-03-08,52.5,60.65,51.785,60.3,599.3741,898837.0,0.0,1.0
2016-03-09,58.0,65.29,57.25,61.57,611.9977,773387.0,0.0,1.0
2016-03-10,59.7,67.54,57.0,65.0,646.0915,811633.0,0.0,1.0
2016-03-11,62.05,64.28,58.0,58.28,579.2956,551886.0,0.0,1.0
2016-03-14,59.21,59.21,54.54,56.45,561.1056,412380.0,0.0,1.0
2016-03-15,58.67,66.5827,58.33,65.88,654.8386,1018808.0,0.0,1.0
2016-03-16,66.4,72.48,63.0,68.2,677.899,671109.0,0.0,1.0
2016-03-17,68.51,75.24,64.91,67.57,671.6369,588472.0,0.0,1.0
2016-03-18,66.02,70.5599,60.13,62.45,620.7448,744221.0,0.0,1.0
2016-03-21,63.72,63.72,56.0,57.8,574.5244,684617.0,0.0,1.0
2016-03-22,58.8,58.97,51.0,52.25,519.3581,998919.0,0.0,1.0
2016-03-23,52.3,60.35,50.47,59.71,593.5096,834001.0,0.0,1.0
2016-03-24,63.7,65.5763,55.4702,59.32,589.633,866257.0,0.0,1.0
2016-03-28,58.0,62.47,56.93,61.63,612.5941,503050.0,0.0,1.0
2016-03-29,62.8,67.17,56.815,57.0,566.5725,610964.0,0.0,1.0
2016-03-30,55.0,59.8299,51.5,58.57,582.1781,713476.0,0.0,1.0
2016-03-31,57.47,58.3699,50.47,53.17,528.5028,1553902.0,0.0,1.0
2016-04-01,55.1,55.843,48.25,48.54,482.4812,1698647.0,0.0,1.0
2016-04-04,47.75,48.302,43.5,46.67,463.8937,1376983.0,0.0,1.0
2016-04-05,48.36,48.97,44.1401,46.75,464.6889,1113711.0,0.0,1.0
2016-04-06,45.8,46.0,36.85,36.85,366.2842,2724782.0,0.0,1.0
2016-04-07,37.48,39.91,35.408,38.43,381.9892,3176205.0,0.0,1.0
2016-04-08,36.32,41.825,36.32,40.27,400.2785,1871723.0,0.0,1.0
2016-04-11,39.01,43.87,39.01,43.35,430.8933,1296187.0,0.0,1.0
2016-04-12,43.0,45.766,41.38,42.06,418.0709,1323640.0,0.0,1.0
2016-04-13,40.7,42.358,38.69,39.02,387.8537,904241.0,0.0,1.0
2016-04-14,38.75,39.93,37.5,38.22,379.9018,773748.0,0.0,1.0
2016-04-15,38.6,40.0399,38.0,38.45,382.188,788361.0,0.0,1.0
2016-04-18,39.2,39.55,36.0,36.91,366.8806,906145.0,0.0,1.0
2016-04-19,37.0,39.74,36.27,38.9,386.6609,1060050.0,0.0,1.0
2016-04-20,38.15,39.9599,37.4,38.83,385.9651,1019386.0,0.0,1.0
2016-04-21,39.0,39.8799,36.34,36.67,364.495,1036876.0,0.0,1.0
2016-04-22,36.64,38.69,35.68,35.7,354.8533,1126423.0,0.0,1.0
2016-04-25,35.7,36.64,34.85,36.22,360.022,758714.0,0.0,1.0
2016-04-26,36.55,40.7345,36.48,39.05,388.1519,848521.0,0.0,1.0
2016-04-27,39.92,41.79,39.23,40.61,403.6581,736024.0,0.0,1.0
2016-04-28,41.1,42.0999,37.44,41.05,408.0316,1180140.0,0.0,1.0
2016-04-29,41.41,44.47,40.55,43.84,435.7638,1079043.0,0.0,1.0
2016-05-02,43.0,45.5,40.99,41.04,407.9322,774011.0,0.0,1.0
2016-05-03,42.63,45.96,42.0401,45.96,456.8364,1090849.0,0.0,1.0
2016-05-04,47.18,51.65,46.5,51.51,512.0026,1435038.0,0.0,1.0
2016-05-05,50.1,54.12,49.8501,52.41,520.9485,955645.0,0.0,1.0
2016-05-06,53.46,55.46,50.47,52.61,522.9365,1344145.0,0.0,1.0
2016-05-09,52.4,52.4,45.0,46.78,464.9871,1336549.0,0.0,1.0
2016-05-10,45.69,49.18,45.38,46.18,459.0231,695334.0,0.0,1.0
2016-05-11,46.61,51.12,45.7,50.92,506.1381,922140.0,0.0,1.0
2016-05-12,49.59,55.83,49.14,54.1,537.7469,1319682.0,0.0,1.0
2016-05-13,54.8,54.8,49.35,51.22,509.1201,1112424.0,0.0,1.0
2016-05-16,49.06,49.53,44.25,44.77,445.0079,1520465.0,0.0,1.0
2016-05-17,45.24,46.2497,42.9984,45.51,452.3634,1305454.0,0.0,1.0
2016-05-18,46.49,46.49,41.8501,42.77,425.1282,1308983.0,0.0,1.0
2016-05-19,43.02,45.57,41.05,44.32,440.535,1055074.0,0.0,1.0
2016-05-20,43.4,43.861,40.56,40.66,404.1551,1063237.0,0.0,1.0
2016-05-23,40.6,40.6474,37.6387,38.97,387.3567,1115663.0,0.0,1.0
2016-05-24,37.25,38.3,36.36,36.66,364.3956,1406783.0,0.0,1.0
2016-05-25,35.52,36.1499,34.29,34.9,346.9014,1479098.0,0.0,1.0
2016-05-26,34.79,36.4,34.79,35.96,357.4377,1266667.0,0.0,1.0
2016-05-27,35.61,36.85,34.63,34.71,345.0128,892879.0,0.0,1.0
2016-05-31,33.74,33.75,31.72,32.45,322.5487,1858810.0,0.0,1.0
2016-06-01,32.97,33.37,31.55,32.21,320.1632,1136084.0,0.0,1.0
2016-06-02,32.37,32.37,29.46,29.52,293.4249,2215460.0,0.0,1.0
2016-06-03,29.52,32.94,29.51,32.17,319.7656,2756417.0,0.0,1.0
2016-06-06,31.81,33.87,29.25,29.51,293.3255,2061334.0,0.0,1.0
2016-06-07,30.51,31.51,29.98,31.03,308.4341,1603492.0,0.0,1.0
2016-06-08,30.58,31.9099,30.46,30.8,306.148,1297730.0,0.0,1.0
2016-06-09,31.75,33.5899,30.55,33.58,333.7808,2394653.0,0.0,1.0
2016-06-10,35.25,36.5,34.59,35.92,357.0401,2965210.0,0.0,1.0
2016-06-13,36.87,37.87,34.8,37.58,373.5403,2194447.0,0.0,1.0
2016-06-14,37.87,39.9,36.35,37.9,376.721,1763007.0,0.0,1.0
2016-06-15,37.24,37.87,36.06,37.6,373.7391,1292040.0,0.0,1.0
2016-06-16,38.48,39.5635,37.29,37.47,372.4469,1565525.0,0.0,1.0
2016-06-17,36.9,40.5899,36.76,40.35,401.0737,1559551.0,0.0,1.0
2016-06-20,38.01,39.5399,37.0501,38.59,383.5795,1648589.0,0.0,1.0
2016-06-21,38.1,41.8,38.0,40.52,402.7635,1857053.0,0.0,1.0
2016-06-22,40.63,41.99,37.3,40.28,400.3779,2265759.0,0.0,1.0
2016-06-23,38.92,40.2312,37.221,37.4,371.7511,1194413.0,0.0,1.0
2016-06-24,41.5,42.825,39.67,42.81,425.5258,1676722.0,0.0,1.0
2016-06-27,44.4,48.74,42.43,48.3,480.0957,1912430.0,0.0,1.0
2016-06-28,44.94,45.75,41.23,41.46,412.107,1491227.0,0.0,1.0
2016-06-29,38.79,39.6,36.19,36.57,363.501,1978339.0,0.0,1.0
2016-06-30,36.97,38.74,35.7501,36.6,363.7992,1663068.0,0.0,1.0
2016-07-01,37.36,37.3742,32.94,33.03,328.3139,1971216.0,0.0,1.0
2016-07-05,34.18,35.06,33.53,34.17,339.6453,1516105.0,0.0,1.0
2016-07-06,34.96,35.2,31.45,31.61,314.1993,1911239.0,0.0,1.0
2016-07-07,30.84,32.09,30.1728,30.72,305.3528,1423247.0,0.0,1.0
2016-07-08,30.73,31.43,29.29,29.85,296.7051,988994.0,0.0,1.0
2016-07-11,29.21,30.25,28.9,30.24,300.5816,1293335.0,0.0,1.0
2016-07-12,29.21,29.62,28.5,29.38,292.0333,1887788.0,0.0,1.0
2016-07-13,28.63,32.05,28.47,31.93,317.38,2316510.0,0.0,1.0
2016-07-14,31.09,32.52,30.74,31.95,317.5788,1708261.0,0.0,1.0
2016-07-15,31.93,32.2,30.12,30.29,301.0786,1944136.0,0.0,1.0
2016-07-18,30.0,30.848,29.45,29.73,295.5123,1301733.0,0.0,1.0
2016-07-19,30.12,31.75,29.3,31.49,313.0065,1970278.0,0.0,1.0
2016-07-20,31.02,31.16,28.11,28.24,280.7019,2706977.0,0.0,1.0
2016-07-21,27.3,28.34,26.276,27.5,273.3464,3047151.0,0.0,1.0
2016-07-22,27.0,27.7772,26.28,26.79,266.2891,1892795.0,0.0,1.0
2016-07-25,26.49,27.68,26.3,26.51,263.5059,2547901.0,0.0,1.0
2016-07-26,27.0,27.24,25.78,26.02,258.6354,2685049.0,0.0,1.0
2016-07-27,25.66,25.77,23.52,23.68,235.3761,2762754.0,0.0,1.0
2016-07-28,23.73,24.91,23.25,24.12,239.7496,3129367.0,0.0,1.0
2016-07-29,24.55,24.77,23.1,23.19,230.5056,2787928.0,0.0,1.0
2016-08-01,22.59,22.74,20.55,21.57,214.403,4520093.0,0.0,1.0
2016-08-02,21.58,23.41,21.105,22.09,219.5717,4838891.0,0.0,1.0
2016-08-03,22.36,22.45,20.63,20.69,205.6559,3263912.0,0.0,1.0
2016-08-04,20.48,21.576,20.07,21.39,212.6138,3391847.0,0.0,1.0
2016-08-05,21.28,21.63,20.5578,20.79,206.6499,2382214.0,0.0,1.0
2016-08-08,20.67,22.25,20.48,21.97,218.3789,3163447.0,0.0,1.0
2016-08-09,21.79,22.54,21.66,22.06,219.2735,2713161.0,0.0,1.0
2016-08-10,22.14,24.17,22.13,24.05,239.0538,3679050.0,0.0,1.0
2016-08-11,23.71,24.44,22.6,22.876,227.3844,3336343.0,0.0,1.0
2016-08-12,23.25,23.39,22.09,22.27,221.3609,2846551.0,0.0,1.0
2016-08-15,21.89,22.0,20.9,21.3,211.7192,1762609.0,0.0,1.0
2016-08-16,21.59,22.52,21.46,22.44,223.0507,3079947.0,0.0,1.0
2016-08-17,22.43,23.3062,22.3,22.79,226.5296,3429491.0,0.0,1.0
2016-08-18,22.88,23.348,22.16,22.5,223.647,1915330.0,0.0,1.0
2016-08-19,22.85,23.33,22.51,22.89,227.5236,2071851.0,0.0,1.0
2016-08-22,22.26,22.69,20.98,21.01,208.8366,3634405.0,0.0,1.0
2016-08-23,20.46,21.1,20.39,20.77,206.4511,2355326.0,0.0,1.0
2016-08-24,20.79,23.74,19.69,23.38,232.3941,8067132.0,0.0,1.0
2016-08-25,22.78,25.6,22.33,24.17,240.2466,6509202.0,0.0,1.0
2016-08-26,24.11,24.44,22.5,23.31,231.6983,5045061.0,0.0,1.0
2016-08-29,23.08,24.064,22.9601,23.41,232.6923,3035707.0,0.0,1.0
2016-08-30,23.46,23.96,22.58,23.5966,234.5471,2902437.0,0.0,1.0
2016-08-31,23.8,24.82,23.47,24.42,242.7316,3478268.0,0.0,1.0
2016-09-01,24.31,25.12,23.86,24.11,239.6502,3094525.0,0.0,1.0
2016-09-02,23.99,24.84,23.53,24.34,241.9364,3009664.0,0.0,1.0
2016-09-06,23.74,23.74,22.12,22.47,223.3489,3135886.0,0.0,1.0
2016-09-07,22.24,22.3,21.07,21.36,212.3156,2051772.0,0.0,1.0
2016-09-08,21.41,21.95,20.38,20.51,203.8667,2708573.0,0.0,1.0
2016-09-09,21.53,22.79,20.86,22.79,226.5296,4226911.0,0.0,1.0
2016-09-12,23.25,23.26,20.28,20.28,201.5805,3853506.0,0.0,1.0
2016-09-13,20.95,22.1824,20.734,21.23,211.0234,2911956.0,0.0,1.0
2016-09-14,20.84,21.01,19.11,19.69,195.716,3816027.0,0.0,1.0
2016-09-15,19.37,20.225,18.65,18.84,187.2671,3231897.0,0.0,1.0
2016-09-16,19.4,19.83,18.835,19.03,189.1557,3496213.0,0.0,1.0
2016-09-19,18.5,19.09,16.9001,17.89,177.8243,4920180.0,0.0,1.0
2016-09-20,17.3,17.3,16.32,16.64,165.3994,4728378.0,0.0,1.0
2016-09-21,16.35,17.55,15.86,16.0,159.0379,6202054.0,0.0,1.0
2016-09-22,15.61,16.3496,15.48,15.58,154.8632,4918937.0,0.0,1.0
2016-09-23,15.79,16.11,15.36,16.07,159.7337,4720778.0,0.0,1.0
2016-09-26,16.3,16.54,16.04,16.28,161.8211,3335557.0,0.0,1.0
2016-09-27,16.32,16.48,15.52,15.67,155.7577,3365171.0,0.0,1.0
2016-09-28,15.5,16.7399,15.4,16.26,161.6223,3752627.0,0.0,1.0
2016-09-29,16.4,18.08,16.26,17.92,178.1224,4868628.0,0.0,1.0
2016-09-30,17.77,18.56,17.0,17.27,171.6615,4522554.0,0.0,1.0
2016-10-03,17.66,18.19,17.35,17.39,172.8543,3210330.0,0.0,1.0
2016-10-04,17.79,18.03,16.93,17.74,176.3333,2837439.0,0.0,1.0
2016-10-05,17.58,17.7394,16.45,16.88,167.785,2817074.0,0.0,1.0
2016-10-06,17.61,18.58,17.61,18.46,183.49,3835158.0,0.0,1.0
2016-10-07,18.52,19.48,18.241,18.85,187.3665,2462665.0,0.0,1.0
2016-10-10,18.27,18.32,17.46,17.74,176.3333,1958600.0,0.0,1.0
2016-10-11,18.23,19.8499,17.6501,19.34,192.2371,3864441.0,0.0,1.0
2016-10-12,19.34,21.41,19.061,21.31,211.8186,4134806.0,0.0,1.0
2016-10-13,22.1,22.15,20.63,21.3,211.7192,3772158.0,0.0,1.0
2016-10-14,20.55,23.22,20.45,23.22,230.8038,3587492.0,0.0,1.0
2016-10-17,23.1,24.48,22.79,23.68,235.3761,4072909.0,0.0,1.0
2016-10-18,22.6,22.97,21.9301,22.76,226.2314,2520043.0,0.0,1.0
2016-10-19,22.42,23.97,22.42,23.86,237.1653,2276614.0,0.0,1.0
2016-10-20,24.05,24.07,22.3301,22.58,224.4422,2542516.0,0.0,1.0
2016-10-21,22.6,23.2466,21.92,22.74,226.0326,1898104.0,0.0,1.0
2016-10-24,22.3,23.5,22.3,23.44,232.9905,1553946.0,0.0,1.0
2016-10-25,23.48,24.32,22.93,24.04,238.9544,2341598.0,0.0,1.0
2016-10-26,24.14,25.32,23.4301,24.84,246.9063,2395725.0,0.0,1.0
2016-10-27,23.96,26.002,23.59,25.89,257.3432,2605754.0,0.0,1.0
2016-10-28,26.27,27.75,25.1603,26.38,262.2137,4282779.0,0.0,1.0
2016-10-31,26.42,27.42,26.03,27.36,271.9548,1420124.0,0.0,1.0
2016-11-01,27.19,28.36,26.081,26.34,261.8161,2337685.0,0.0,1.0
2016-11-02,26.87,28.2,26.56,28.17,280.0061,2233586.0,0.0,1.0
2016-11-03,28.08,31.7,27.55,31.5,313.1059,3849439.0,0.0,1.0
2016-11-04,31.21,31.21,27.871,28.62,284.479,3319290.0,0.0,1.0
2016-11-07,26.1,27.1199,24.5,24.5,243.5268,2964956.0,0.0,1.0
2016-11-08,25.57,25.72,23.2155,24.13,239.849,2936516.0,0.0,1.0
2016-11-09,18.89,19.865,15.8,16.18,160.8271,9622725.0,0.0,1.0
2016-11-10,15.25,16.2999,14.12,14.98,148.8992,8760959.0,0.0,1.0
2016-11-11,15.45,15.78,14.47,14.62,145.3209,4915081.0,0.0,1.0
2016-11-14,14.5,15.16,13.35,13.4,133.1942,5736118.0,0.0,1.0
2016-11-15,13.65,14.33,13.48,13.68,135.9774,4398211.0,0.0,1.0
2016-11-16,14.05,15.02,13.55,14.99,148.9986,6421697.0,0.0,1.0
2016-11-17,14.75,15.37,14.08,14.22,141.3449,6202045.0,0.0,1.0
2016-11-18,14.13,14.97,13.8735,14.61,145.2215,4417880.0,0.0,1.0
2016-11-21,14.56,14.88,14.25,14.31,142.2395,3276262.0,0.0,1.0
2016-11-22,14.25,15.6399,14.13,15.45,153.571,5686758.0,0.0,1.0
2016-11-23,16.95,17.1099,14.56,14.59,145.0227,7985040.0,0.0,1.0
2016-11-25,14.5,15.15,14.15,14.2,141.1461,2368775.0,0.0,1.0
2016-11-28,14.49,15.5699,14.3,15.5,154.068,4509033.0,0.0,1.0
2016-11-29,15.51,15.98,14.8381,15.33,152.3782,4249534.0,0.0,1.0
2016-11-30,15.1,16.7,15.06,16.7,165.9958,4346105.0,0.0,1.0
2016-12-01,16.42,17.96,16.12,17.84,177.3273,5784364.0,0.0,1.0
2016-12-02,18.0,18.37,16.56,17.3,171.9597,4480558.0,0.0,1.0
2016-12-05,16.65,17.2,15.68,16.15,160.5289,7110558.0,0.0,1.0
2016-12-06,15.92,16.54,15.17,15.21,151.1854,3633293.0,0.0,1.0
2016-12-07,16.33,17.86,15.95,17.04,169.3754,5981875.0,0.0,1.0
2016-12-08,17.25,18.1886,16.755,16.8,166.9898,4339842.0,0.0,1.0
2016-12-09,16.29,17.03,15.45,16.96,168.5802,4568517.0,0.0,1.0
2016-12-12,17.53,18.15,17.3761,17.71,176.0351,2619813.0,0.0,1.0
2016-12-13,17.6,17.87,17.16,17.81,177.0291,1915152.0,0.0,1.0
2016-12-14,17.93,18.44,17.28,17.78,176.7309,3344852.0,0.0,1.0
2016-12-15,17.55,17.9,16.86,16.9,167.9838,2461721.0,0.0,1.0
2016-12-16,17.06,17.06,16.25,16.82,167.1886,2305970.0,0.0,1.0
2016-12-19,16.82,17.696,16.26,17.6,174.9417,2505752.0,0.0,1.0
2016-12-20,17.4,17.4,16.7838,16.98,168.779,2183580.0,0.0,1.0
2016-12-21,16.97,18.02,16.87,17.97,178.6194,2100611.0,0.0,1.0
2016-12-22,17.88,19.29,17.87,18.88,187.6647,3782786.0,0.0,1.0
2016-12-23,19.0,19.17,16.8085,16.89,167.8844,4120379.0,0.0,1.0
2016-12-27,16.82,17.42,16.28,17.39,172.8543,2022554.0,0.0,1.0
2016-12-28,17.32,18.18,17.3,18.08,179.7128,2623545.0,0.0,1.0
2016-12-29,18.04,18.7999,17.75,18.52,184.0864,2259608.0,0.0,1.0
2016-12-30,18.6,19.23,18.17,18.95,188.3605,2145388.0,0.0,1.0
2017-01-03,18.2,19.4499,17.85,18.53,184.1858,2613836.0,0.0,1.0
2017-01-04,18.44,18.48,15.88,16.01,159.1373,5394065.0,0.0,1.0
2017-01-05,15.82,16.53,15.53,15.85,157.5469,3215993.0,0.0,1.0
2017-01-06,15.75,15.75,14.83,15.21,151.1854,3448370.0,0.0,1.0
2017-01-09,14.1,14.68,13.55,13.8,137.1702,4961552.0,0.0,1.0
2017-01-10,13.62,14.64,13.5,13.55,134.6852,4366520.0,0.0,1.0
2017-01-11,13.66,15.35,13.4,14.96,148.7004,10487940.0,0.0,1.0
2017-01-12,15.53,15.58,13.92,14.23,141.4443,6788631.0,0.0,1.0
2017-01-13,14.2,14.279,13.34,13.87,137.866,5956734.0,0.0,1.0
2017-01-17,14.16,15.0,14.16,14.86,147.7064,4422381.0,0.0,1.0
2017-01-18,14.65,14.84,14.23,14.27,141.8419,2537185.0,0.0,1.0
2017-01-19,14.32,14.9,14.22,14.68,145.9173,2234997.0,0.0,1.0
2017-01-20,14.55,15.11,14.39,14.98,148.8992,2404505.0,0.0,1.0
2017-01-23,15.09,15.83,14.8,15.55,154.565,3710204.0,0.0,1.0
2017-01-24,15.6,16.48,15.33,15.48,153.8692,3947970.0,0.0,1.0
2017-01-25,15.04,15.63,14.95,15.29,151.9806,4144299.0,0.0,1.0
2017-01-26,15.14,15.65,14.719,15.34,152.4776,4064412.0,0.0,1.0
2017-01-27,15.41,15.41,14.76,14.8,147.1101,2153702.0,0.0,1.0
2017-01-30,15.13,15.98,15.0301,15.53,154.3662,3741734.0,0.0,1.0
2017-01-31,15.88,16.18,13.56,13.63,135.4804,7995092.0,0.0,1.0
2017-02-01,13.5,13.9699,13.42,13.52,134.387,5048147.0,0.0,1.0
2017-02-02,13.73,14.0,13.35,13.51,134.2876,4474464.0,0.0,1.0
2017-02-03,13.25,13.72,12.91,12.96,128.8207,4179939.0,0.0,1.0
2017-02-06,13.05,13.29,12.85,13.0,129.2183,3141508.0,0.0,1.0
2017-02-07,12.9,13.52,12.85,13.3,132.2003,3277011.0,0.0,1.0
2017-02-08,13.51,13.78,12.825,12.97,128.9201,5414016.0,0.0,1.0
2017-02-09,13.0,13.0,12.22,12.28,122.0616,5420375.0,0.0,1.0
2017-02-10,12.26,12.5,12.1,12.44,123.652,2685431.0,0.0,1.0
2017-02-13,12.2,12.45,12.01,12.33,122.5586,2219395.0,0.0,1.0
2017-02-14,12.34,12.4914,11.71,11.75,116.7935,4538818.0,0.0,1.0
2017-02-15,11.84,11.88,11.13,11.19,111.2271,4917389.0,0.0,1.0
2017-02-16,11.2,11.8,10.82,11.37,113.0163,6135775.0,0.0,1.0
2017-02-17,11.52,11.659,10.97,11.01,109.438,3557416.0,0.0,1.0
2017-02-21,10.9,11.29,10.78,11.22,111.5253,2862158.0,0.0,1.0
2017-02-22,11.39,11.83,11.15,11.81,117.3899,2748181.0,0.0,1.0
2017-02-23,11.69,12.58,11.69,12.12,120.4712,4444744.0,0.0,1.0
2017-02-24,12.5,12.5879,11.9769,12.05,119.7754,2970059.0,0.0,1.0
2017-02-27,12.01,12.13,10.285,10.34,102.7782,6263743.0,0.0,1.0
2017-02-28,10.54,10.77,9.98,10.46,103.971,5166814.0,0.0,1.0
2017-03-01,10.01,10.38,9.75,9.88,98.2059,6141073.0,0.0,1.0
2017-03-02,10.0,10.28,9.5,10.25,101.8837,8500069.0,0.0,1.0
2017-03-03,10.19,10.25,9.851,9.91,98.5041,4791209.0,0.0,1.0
2017-03-06,10.06,10.43,10.0,10.15,100.8897,4179762.0,0.0,1.0
2017-03-07,10.6,10.84,10.27,10.68,106.1578,5975923.0,0.0,1.0
2017-03-08,10.52,10.6,9.77,10.2,101.3867,7841015.0,0.0,1.0
2017-03-09,10.1,10.39,9.78,10.04,99.7963,5082900.0,0.0,1.0
2017-03-10,9.79,10.33,9.78,9.81,97.5101,3471876.0,0.0,1.0
2017-03-13,9.87,10.12,9.7,9.77,97.1125,3490746.0,0.0,1.0
2017-03-14,9.9,10.2207,9.85,10.1,100.3927,4266577.0,0.0,1.0
2017-03-15,9.99,10.08,9.33,9.44,93.8324,6334676.0,0.0,1.0
2017-03-16,9.46,9.88,9.43,9.78,97.2119,4026497.0,0.0,1.0
2017-03-17,10.01,10.12,9.7111,9.95,98.9017,3234356.0,0.0,1.0
2017-03-20,10.01,10.17,9.8,9.848,97.8878,2600059.0,0.0,1.0
2017-03-21,9.78,11.34,9.72,11.31,112.4199,9417198.0,0.0,1.0
2017-03-22,11.26,11.4671,10.8,10.94,108.7422,5491288.0,0.0,1.0
2017-03-23,11.01,11.19,10.581,11.08,110.1337,3797494.0,0.0,1.0
2017-03-24,10.95,11.1,10.64,10.79,107.2512,3525285.0,0.0,1.0
2017-03-27,11.19,11.2699,10.2,10.3,102.3806,5401997.0,0.0,1.0
2017-03-28,10.4,10.6501,10.03,10.5,104.3686,2662179.0,0.0,1.0
2017-03-29,10.55,10.55,9.96,10.34,102.7782,3896739.0,0.0,1.0
2017-03-30,10.33,10.8,10.32,10.52,104.5674,2483915.0,0.0,1.0
2017-03-31,10.54,10.7215,10.36,10.47,104.0704,1271023.0,0.0,1.0
2017-04-03,10.46,10.955,10.181,10.95,108.8416,2199725.0,0.0,1.0
2017-04-04,11.07,11.08,10.64,10.95,108.8416,2112408.0,0.0,1.0
2017-04-05,10.82,11.79,10.61,11.6,115.3025,3867392.0,0.0,1.0
2017-04-06,11.47,12.08,11.47,11.64,115.7001,4360606.0,0.0,1.0
2017-04-07,11.74,11.89,11.35,11.39,113.2151,3096098.0,0.0,1.0
2017-04-10,11.35,11.45,10.9301,11.39,113.2151,3618263.0,0.0,1.0
2017-04-11,11.49,11.94,11.28,11.54,114.7061,2887731.0,0.0,1.0
2017-04-12,11.41,11.52,11.08,11.31,112.4199,2530692.0,0.0,1.0
2017-04-13,11.48,11.48,10.61,10.77,107.0524,5033689.0,0.0,1.0
2017-04-17,10.79,11.0299,10.57,10.68,106.1578,1831638.0,0.0,1.0
2017-04-18,10.78,11.29,10.78,11.11,110.4319,2114205.0,0.0,1.0
2017-04-19,10.99,11.15,10.5899,10.96,108.941,2639695.0,0.0,1.0
2017-04-20,10.89,11.06,10.63,10.74,106.7542,1759637.0,0.0,1.0
2017-04-21,10.75,11.16,10.6692,11.01,109.438,2579963.0,0.0,1.0
2017-04-24,10.72,10.83,10.36,10.43,103.6728,3647055.0,0.0,1.0
2017-04-25,10.18,10.28,9.61,9.79,97.3113,3924509.0,0.0,1.0
2017-04-26,9.8,9.93,9.65,9.82,97.6095,2280657.0,0.0,1.0
2017-04-27,9.72,9.83,9.37,9.55,94.9257,3572726.0,0.0,1.0
2017-04-28,9.56,9.7,9.3438,9.43,93.733,2409402.0,0.0,1.0
2017-05-01,9.36,9.43,9.15,9.16,91.0492,2356803.0,0.0,1.0
2017-05-02,9.12,9.85,9.08,9.66,96.0191,3517585.0,0.0,1.0
2017-05-03,9.74,9.98,9.611,9.81,97.5101,1980732.0,0.0,1.0
2017-05-04,9.7,10.0,9.58,9.71,96.5161,2438185.0,0.0,1.0
2017-05-05,9.8,10.25,9.771,9.93,98.7029,2274434.0,0.0,1.0
2017-05-08,9.98,10.85,9.98,10.76,106.953,2992488.0,0.0,1.0
2017-05-09,10.67,10.73,10.189,10.23,101.6849,2223089.0,0.0,1.0
2017-05-10,10.31,10.65,10.19,10.31,102.48,2330083.0,0.0,1.0
2017-05-11,10.4,10.75,10.2,10.34,102.7782,2642909.0,0.0,1.0
2017-05-12,10.35,10.51,9.8204,9.91,98.5041,3922451.0,0.0,1.0
2017-05-15,9.84,9.93,9.66,9.84,97.8083,2225482.0,0.0,1.0
2017-05-16,9.75,9.94,9.6152,9.66,96.0191,2677680.0,0.0,1.0
2017-05-17,10.01,10.55,9.95,10.53,104.6668,4257023.0,0.0,1.0
2017-05-18,10.5,10.57,9.73,9.84,97.8083,4692133.0,0.0,1.0
2017-05-19,9.81,10.28,9.51,10.2,101.3867,3768391.0,0.0,1.0
2017-05-22,10.14,10.36,9.81,9.96,99.0011,2675167.0,0.0,1.0
2017-05-23,9.94,10.21,9.9,9.99,99.2993,2091713.0,0.0,1.0
2017-05-24,9.97,10.2584,9.615,9.75,96.9137,3890825.0,0.0,1.0
2017-05-25,9.63,9.99,9.6,9.91,98.5041,2983786.0,0.0,1.0
2017-05-26,10.02,10.44,9.89,10.36,102.977,2610448.0,0.0,1.0
2017-05-30,10.41,11.03,10.31,10.93,108.6428,3168292.0,0.0,1.0
2017-05-31,10.72,11.32,10.67,10.78,107.1518,2922445.0,0.0,1.0
2017-06-01,10.69,10.7,9.8,9.9,98.4047,4925304.0,0.0,1.0
2017-06-02,9.88,9.8844,9.2,9.28,92.242,6718440.0,0.0,1.0
2017-06-05,9.1,9.6607,9.02,9.42,93.6336,5612206.0,0.0,1.0
2017-06-06,9.53,9.61,9.12,9.43,93.733,3486236.0,0.0,1.0
2017-06-07,9.37,9.56,9.2,9.34,92.8384,3185112.0,0.0,1.0
2017-06-08,9.28,9.4086,9.01,9.06,90.0552,4175707.0,0.0,1.0
2017-06-09,9.06,9.4,8.63,9.12,90.6516,7841545.0,0.0,1.0
2017-06-12,9.23,9.7,9.08,9.18,91.248,5749831.0,0.0,1.0
2017-06-13,9.05,9.2599,8.88,8.9,88.4648,4751706.0,0.0,1.0
2017-06-14,8.9,8.96,8.51,8.69,86.3775,7496017.0,0.0,1.0
2017-06-15,8.93,9.29,8.73,9.04,89.8564,6281929.0,0.0,1.0
2017-06-16,9.0,9.3399,8.97,9.01,89.5582,3930655.0,0.0,1.0
2017-06-19,8.75,8.75,7.92,8.01,79.6183,10713142.0,0.0,1.0
2017-06-20,8.03,8.05,7.2493,7.75,77.034,10390456.0,0.0,1.0
2017-06-21,7.46,7.6,6.66,6.68,66.3983,16822751.0,0.0,1.0
2017-06-22,6.54,6.75,6.23,6.48,64.4103,15801516.0,0.0,1.0
2017-06-23,6.59,6.75,6.18,6.21,61.7266,15237079.0,0.0,1.0
2017-06-26,6.1,6.47,6.09,6.25,62.1242,10580247.0,0.0,1.0
2017-06-27,6.32,6.94,6.23,6.92,68.7839,14683832.0,0.0,1.0
2017-06-28,6.78,7.0,6.32,6.39,63.5158,12925648.0,0.0,1.0
2017-06-29,6.41,6.8501,6.35,6.63,65.9013,12073752.0,0.0,1.0
2017-06-30,6.67,6.98,6.67,6.9,68.5851,7004773.0,0.0,1.0
2017-07-03,6.83,6.91,6.6,6.7,66.5971,2721224.0,0.0,1.0
2017-07-05,6.74,6.74,6.27,6.32,62.82,6634612.0,0.0,1.0
2017-07-06,6.5,6.76,6.36,6.68,66.3983,7700043.0,0.0,1.0
2017-07-07,6.51,6.69,6.48,6.6,65.6031,4477865.0,0.0,1.0
2017-07-10,6.6,6.94,6.545,6.87,68.2869,4531789.0,0.0,1.0
2017-07-11,6.81,6.86,6.605,6.69,66.4977,4476202.0,0.0,1.0
2017-07-12,6.53,6.67,6.46,6.49,64.5097,4041741.0,0.0,1.0
2017-07-13,6.49,6.84,6.2,6.37,63.317,5630167.0,0.0,1.0
2017-07-14,6.38,6.4255,6.19,6.39,63.5158,3668122.0,0.0,1.0
2017-07-17,6.35,6.56,6.21,6.56,65.2055,3647323.0,0.0,1.0
2017-07-18,6.61,6.7,6.5,6.58,65.4043,3869626.0,0.0,1.0
2017-07-19,6.35,6.46,6.16,6.36,63.2176,4380502.0,0.0,1.0
2017-07-20,6.28,6.31,5.93,6.08,60.4344,8851869.0,0.0,1.0
2017-07-21,6.13,6.1338,5.9,5.98,59.4404,4888747.0,0.0,1.0
2017-07-24,5.98,6.07,5.74,5.74,57.0548,5438301.0,0.0,1.0
2017-07-25,5.61,6.08,5.6,5.97,59.341,6877522.0,0.0,1.0
2017-07-26,6.0,6.0,5.82,5.93,58.9434,3557157.0,0.0,1.0
2017-07-27,5.84,6.55,5.81,6.39,63.5158,9199638.0,0.0,1.0
2017-07-28,6.54,6.54,6.11,6.15,61.1302,4659213.0,0.0,1.0
2017-07-31,6.17,6.53,6.14,6.52,64.8079,5234949.0,0.0,1.0
2017-08-01,6.41,6.96,6.39,6.79,67.4917,7452853.0,0.0,1.0
2017-08-02,6.72,7.15,6.63,6.77,67.2929,5714597.0,0.0,1.0
2017-08-03,6.77,6.99,6.71,6.86,68.1875,4534388.0,0.0,1.0
2017-08-04,6.76,6.8401,6.48,6.5,64.6091,4891459.0,0.0,1.0
2017-08-07,6.48,6.61,6.39,6.44,64.0128,3053616.0,0.0,1.0
2017-08-08,6.42,6.69,6.28,6.62,65.8019,4984634.0,0.0,1.0
2017-08-09,6.78,6.8,6.48,6.73,66.8953,5568792.0,0.0,1.0
2017-08-10,6.84,7.5,6.83,7.46,74.1514,9694059.0,0.0,1.0
2017-08-11,7.43,7.48,7.05,7.08,70.3743,6357853.0,0.0,1.0
2017-08-14,6.88,6.98,6.76,6.89,68.4857,4020669.0,0.0,1.0
2017-08-15,6.76,6.97,6.74,6.86,68.1875,2790102.0,0.0,1.0
2017-08-16,6.84,6.9056,6.65,6.86,68.1875,5223484.0,0.0,1.0
2017-08-17,6.92,7.27,6.74,7.26,72.1634,7186653.0,0.0,1.0
2017-08-18,7.3,7.4393,7.08,7.27,72.2628,4758023.0,0.0,1.0
2017-08-21,7.3,7.43,7.12,7.17,71.2689,3844786.0,0.0,1.0
2017-08-22,7.04,7.07,6.61,6.65,66.1001,4878898.0,0.0,1.0
2017-08-23,6.8,6.83,6.51,6.71,66.6965,4412792.0,0.0,1.0
2017-08-24,6.61,6.749,6.25,6.28,62.4224,7509384.0,0.0,1.0
2017-08-25,6.25,6.525,6.2,6.48,64.4103,3754212.0,0.0,1.0
2017-08-28,6.16,6.16,5.85,5.87,58.347,7291805.0,0.0,1.0
2017-08-29,6.06,6.12,5.7,5.79,57.5518,6698921.0,0.0,1.0
2017-08-30,5.76,5.8208,5.46,5.58,55.4645,6443965.0,0.0,1.0
2017-08-31,5.54,5.54,5.04,5.1,50.6933,11936368.0,0.0,1.0
2017-09-01,5.07,5.205,4.92,4.96,49.3017,11399330.0,0.0,1.0
2017-09-05,5.03,5.28,4.9408,5.1,50.6933,11609925.0,0.0,1.0
2017-09-06,4.98,5.2,4.93,5.04,50.0969,7719143.0,0.0,1.0
2017-09-07,5.05,5.185,4.97,5.03,49.9975,6798802.0,0.0,1.0
2017-09-08,5.06,5.14,4.96,5.1,50.6933,6547791.0,0.0,1.0
2017-09-11,4.97,5.2,4.97,5.08,50.4945,5156529.0,0.0,1.0
2017-09-12,5.15,5.28,5.09,5.15,51.1903,5060304.0,0.0,1.0
2017-09-13,5.16,5.2,5.08,5.14,51.0909,3683093.0,0.0,1.0
2017-09-14,5.19,5.31,5.089,5.22,51.8861,4148442.0,0.0,1.0
2017-09-15,5.18,5.28,5.08,5.13,50.9915,3985112.0,0.0,1.0
2017-09-18,5.08,5.12,4.93,5.04,50.0969,6123386.0,0.0,1.0
2017-09-19,5.05,5.19,5.01,5.11,50.7927,3859737.0,0.0,1.0
2017-09-20,5.05,5.08,4.84,4.86,48.3078,10161326.0,0.0,1.0
2017-09-21,4.88,4.96,4.76,4.95,49.2024,5535236.0,0.0,1.0
2017-09-22,5.0,5.12,5.0,5.07,50.3951,4105779.0,0.0,1.0
2017-09-25,5.07,5.161,4.88,5.01,49.7987,6340131.0,0.0,1.0
2017-09-26,4.98,5.23,4.95,5.19,51.5879,6366678.0,0.0,1.0
2017-09-27,5.12,5.142,4.9,4.93,49.0036,6397383.0,0.0,1.0
2017-09-28,4.96,5.0,4.62,4.73,47.0156,10093872.0,0.0,1.0
2017-09-29,4.7,4.76,4.58,4.6,45.7234,4797560.0,0.0,1.0
2017-10-02,4.55,4.57,4.35,4.36,43.3378,7853406.0,0.0,1.0
2017-10-03,4.32,4.515,4.3,4.4,43.7354,5865043.0,0.0,1.0
2017-10-04,4.41,4.4895,4.3,4.34,43.139,6172335.0,0.0,1.0
2017-10-05,4.32,4.38,4.25,4.29,42.642,4331009.0,0.0,1.0
2017-10-06,4.39,4.39,4.22,4.32,42.9402,4511252.0,0.0,1.0
2017-10-09,4.3,4.43,4.27,4.43,44.0336,4234530.0,0.0,1.0
2017-10-10,4.37,4.52,4.3454,4.41,43.8348,5405593.0,0.0,1.0
2017-10-11,4.41,4.4852,4.399,4.46,44.3318,3066087.0,0.0,1.0
2017-10-12,4.49,4.53,4.43,4.48,44.5306,2936030.0,0.0,1.0
2017-10-13,4.44,4.58,4.44,4.56,45.3258,3322159.0,0.0,1.0
2017-10-16,4.53,4.62,4.271,4.52,44.9282,7291404.0,0.0,1.0
2017-10-17,4.52,4.58,4.44,4.55,45.2264,2791743.0,0.0,1.0
2017-10-18,4.48,4.67,4.4338,4.63,46.0216,3899455.0,0.0,1.0
2017-10-19,4.7,4.86,4.65,4.72,46.9162,6112786.0,0.0,1.0
2017-10-20,4.72,4.88,4.68,4.72,46.9162,3499002.0,0.0,1.0
2017-10-23,4.71,4.95,4.701,4.94,49.103,4020198.0,0.0,1.0
2017-10-24,4.85,5.15,4.85,5.06,50.2957,7353537.0,0.0,1.0
2017-10-25,5.07,5.33,5.001,5.2,51.6873,7274900.0,0.0,1.0
2017-10-26,5.37,5.5,5.2,5.41,53.7747,8653787.0,0.0,1.0
2017-10-27,5.3,5.397,4.97,5.02,49.8981,7656390.0,0.0,1.0
2017-10-30,5.09,5.12,4.78,4.98,49.5005,5806862.0,0.0,1.0
2017-10-31,4.91,5.09,4.76,5.04,50.0969,4655875.0,0.0,1.0
2017-11-01,4.91,5.33,4.841,5.26,52.2837,6054795.0,0.0,1.0
2017-11-02,5.2,5.31,4.92,4.99,49.5999,7131990.0,0.0,1.0
2017-11-03,5.0,5.03,4.65,4.66,46.3198,7799765.0,0.0,1.0
2017-11-06,4.64,4.79,4.61,4.79,47.612,3756145.0,0.0,1.0
2017-11-07,4.79,4.99,4.7601,4.92,48.9042,4611669.0,0.0,1.0
2017-11-08,4.95,5.14,4.877,5.1,50.6933,4217982.0,0.0,1.0
2017-11-09,5.15,5.335,5.07,5.13,50.9915,5478821.0,0.0,1.0
2017-11-10,5.2,5.32,5.12,5.15,51.1903,3801608.0,0.0,1.0
2017-11-13,5.25,5.43,5.22,5.38,53.4765,4139421.0,0.0,1.0
2017-11-14,5.41,5.98,5.4,5.7,56.6573,8976020.0,0.0,1.0
2017-11-15,5.9,6.0299,5.55,5.68,56.4585,8739579.0,0.0,1.0
2017-11-16,5.56,5.61,5.3,5.39,53.5759,5727738.0,0.0,1.0
2017-11-17,5.42,5.55,5.35,5.4,53.6753,3747705.0,0.0,1.0
2017-11-20,5.37,5.5894,5.37,5.51,54.7687,4067438.0,0.0,1.0
2017-11-21,5.45,5.48,5.351,5.43,53.9735,3062509.0,0.0,1.0
2017-11-22,5.37,5.47,5.305,5.34,53.0789,3525461.0,0.0,1.0
2017-11-24,5.26,5.36,5.22,5.27,52.3831,2122832.0,0.0,1.0
2017-11-27,5.31,5.45,5.185,5.45,54.1723,3468620.0,0.0,1.0
2017-11-28,5.44,5.639,5.36,5.4,53.6753,4956555.0,0.0,1.0
2017-11-29,5.36,5.6,5.21,5.46,54.2717,5020752.0,0.0,1.0
2017-11-30,5.41,5.41,5.0,5.01,49.7987,6751949.0,0.0,1.0
2017-12-01,5.08,5.46,4.86,5.0,49.6993,11205447.0,0.0,1.0
2017-12-04,4.85,5.38,4.69,5.34,53.0789,7802567.0,0.0,1.0
2017-12-05,5.3,5.6,5.1,5.56,55.2657,7800304.0,0.0,1.0
2017-12-06,5.59,5.9,5.51,5.64,56.0609,8616179.0,0.0,1.0
2017-12-07,5.5,5.61,5.12,5.16,51.2897,8520250.0,0.0,1.0
2017-12-08,5.05,5.08,4.75,4.85,48.2084,7472881.0,0.0,1.0
2017-12-11,4.74,5.01,4.6636,4.99,49.5999,7853121.0,0.0,1.0
2017-12-12,4.96,5.29,4.96,5.25,52.1843,6850297.0,0.0,1.0
2017-12-13,5.24,5.28,4.9,5.01,49.7987,6799933.0,0.0,1.0
2017-12-14,4.95,5.35,4.921,5.29,52.5819,5674268.0,0.0,1.0
2017-12-15,5.31,5.38,5.15,5.18,51.4885,4154181.0,0.0,1.0
2017-12-18,5.11,5.23,5.05,5.18,51.4885,3162496.0,0.0,1.0
2017-12-19,5.18,5.29,5.0419,5.23,51.9855,4043694.0,0.0,1.0
2017-12-20,5.13,5.25,5.071,5.11,50.7927,2754935.0,0.0,1.0
2017-12-21,5.06,5.12,4.88,4.94,49.103,3277698.0,0.0,1.0
2017-12-22,4.845,4.9,4.64,4.67,46.4192,7986938.0,0.0,1.0
2017-12-26,4.7,4.72,4.53,4.58,45.5246,3859839.0,0.0,1.0
2017-12-27,4.53,4.615,4.435,4.46,44.3318,4510115.0,0.0,1.0
2017-12-28,4.45,4.53,4.39,4.41,43.8348,2991752.0,0.0,1.0
2017-12-29,4.4,4.619,4.32,4.61,45.8228,4550296.0,0.0,1.0
2018-01-02,4.54,4.7,4.23,4.24,42.145,7953420.0,0.0,1.0
2018-01-03,4.2,4.259,4.0,4.08,40.5547,8551210.0,0.0,1.0
2018-01-04,4.15,4.2899,4.01,4.21,41.8468,6401546.0,0.0,1.0
2018-01-05,4.17,4.33,4.16,4.26,42.3438,5182484.0,0.0,1.0
2018-01-08,4.25,4.63,4.23,4.51,44.8288,8976424.0,0.0,1.0
2018-01-09,4.47,4.47,4.12,4.15,41.2505,7961874.0,0.0,1.0
2018-01-10,4.25,4.37,3.98,4.01,39.8589,9250338.0,0.0,1.0
2018-01-11,3.99,4.09,3.9,3.92,38.9643,6539195.0,0.0,1.0
2018-01-12,3.93,3.96,3.821,3.87,38.4673,4300443.0,0.0,1.0
2018-01-16,3.81,4.25,3.77,4.22,41.9462,11214946.0,0.0,1.0
2018-01-17,4.02,4.19,4.0,4.05,40.2565,8126558.0,0.0,1.0
2018-01-18,4.1,4.2,3.98,4.06,40.3559,6602823.0,0.0,1.0
2018-01-19,4.04,4.0896,3.91,3.93,39.0637,4192492.0,0.0,1.0
2018-01-22,3.78,3.78,3.28,3.28,32.6028,14905007.0,0.0,1.0
2018-01-23,3.25,3.265,3.03,3.07,30.5154,13233597.0,0.0,1.0
2018-01-24,3.05,3.33,3.04,3.2,31.8076,15555880.0,0.0,1.0
2018-01-25,3.14,3.249,3.07,3.11,30.913,8056361.0,0.0,1.0
2018-01-26,3.07,3.1,2.96,3.03,30.1178,8861730.0,0.0,1.0
2018-01-29,3.04,3.05,2.85,2.94,29.2232,10335563.0,0.0,1.0
2018-01-30,3.1,3.2,3.01,3.12,31.0124,15758316.0,0.0,1.0
2018-01-31,3.08,3.3326,3.03,3.29,32.7022,10162375.0,0.0,1.0
2018-02-01,3.3,3.375,3.17,3.26,32.404,12292588.0,0.0,1.0
2018-02-02,3.33,3.47,3.28,3.44,34.1931,12816318.0,0.0,1.0
2018-02-05,3.565,3.84,3.31,3.83,38.0697,21307833.0,0.0,1.0
2018-02-06,3.95,4.1,3.464,3.48,34.5907,20033514.0,0.0,1.0
2018-02-07,3.52,3.54,3.34,3.44,34.1931,12021866.0,0.0,1.0
2018-02-08,3.42,3.96,3.381,3.96,39.3619,16396246.0,0.0,1.0
2018-02-09,3.81,4.57,3.8,3.93,39.0637,19738558.0,0.0,1.0
2018-02-12,3.85,3.98,3.56,3.69,36.6781,13185694.0,0.0,1.0
2018-02-13,3.77,3.84,3.6,3.65,36.2805,6590955.0,0.0,1.0
2018-02-14,3.75,3.779,3.3,3.35,33.2986,12123338.0,0.0,1.0
2018-02-15,3.26,3.429,3.209,3.23,32.1058,8333156.0,0.0,1.0
2018-02-16,3.29,3.32,3.1424,3.26,32.404,6782710.0,0.0,1.0
2018-02-20,3.37,3.4699,3.2,3.43,34.0937,8622319.0,0.0,1.0
2018-02-21,3.4,3.42,3.15,3.42,33.9944,8971118.0,0.0,1.0
2018-02-22,3.32,3.42,3.18,3.38,33.5968,8287577.0,0.0,1.0
2018-02-23,3.32,3.51,3.24,3.24,32.2052,9730832.0,0.0,1.0
2018-02-26,3.21,3.29,3.14,3.17,31.5094,7576373.0,0.0,1.0
2018-02-27,3.2,3.29,3.13,3.29,32.7022,7542739.0,0.0,1.0
2018-02-28,3.28,3.47,3.2318,3.46,34.3919,10484700.0,0.0,1.0
2018-03-01,3.48,3.72,3.44,3.58,35.5847,12743136.0,0.0,1.0
2018-03-02,3.7,3.73,3.26,3.28,32.6028,10165283.0,0.0,1.0
2018-03-05,3.3,3.31,3.08,3.12,31.0124,9082233.0,0.0,1.0
2018-03-06,3.08,3.24,3.07,3.1,30.8136,10360139.0,0.0,1.0
2018-03-07,3.18,3.19,2.97,2.97,29.5214,12714118.0,0.0,1.0
2018-03-08,2.95,3.0599,2.91,2.97,29.5214,7333495.0,0.0,1.0
2018-03-09,2.9,2.96,2.79,2.82,28.0304,11673966.0,0.0,1.0
2018-03-12,2.79,2.8893,2.76,2.77,27.5334,6685124.0,0.0,1.0
2018-03-13,2.75,2.91,2.71,2.88,28.6268,9304464.0,0.0,1.0
2018-03-14,2.84,2.9651,2.821,2.91,28.925,6864691.0,0.0,1.0
2018-03-15,2.88,3.09,2.88,3.045,30.2669,8278256.0,0.0,1.0
2018-03-16,3.03,3.1,3.01,3.09,30.7142,5715135.0,0.0,1.0
2018-03-19,3.12,3.37,3.051,3.26,32.404,12927725.0,0.0,1.0
2018-03-20,3.22,3.29,3.14,3.23,32.1499,5505138.0,0.0044,1.0
2018-03-21,3.24,3.25,3.07,3.12,31.055,5604341.0,0.0,1.0
2018-03-22,3.24,3.41,3.13,3.4,33.842,8588224.0,0.0,1.0
2018-03-23,3.36,3.62,3.3001,3.59,35.7332,8456412.0,0.0,1.0
2018-03-26,3.42,3.65,3.28,3.29,32.7471,9219340.0,0.0,1.0
2018-03-27,3.26,3.75,3.23,3.72,37.0271,10871563.0,0.0,1.0
2018-03-28,3.69,4.0,3.64,3.74,37.2262,11265025.0,0.0,1.0
2018-03-29,36.46,38.14,34.75,36.46,36.2906,1208365.0,0.0,0.1
2018-04-02,37.11,42.13,37.01,41.31,41.118,1455032.0,0.0,1.0
2018-04-03,40.1,42.95,39.26,40.61,40.4213,874012.0,0.0,1.0
2018-04-04,42.51,42.77,35.9506,36.47,36.3005,1301763.0,0.0,1.0
2018-04-05,35.93,39.02,35.93,38.57,38.3908,779498.0,0.0,1.0
2018-04-06,40.24,42.8541,39.0,42.18,41.984,1117828.0,0.0,1.0
2018-04-09,39.4,39.4,36.631,38.82,38.6396,1635707.0,0.0,1.0
2018-04-10,36.8,37.64,33.7,34.12,33.9615,1544367.0,0.0,1.0
2018-04-11,35.05,35.05,32.23,33.43,33.2747,1306005.0,0.0,1.0
2018-04-12,32.64,33.189,31.27,31.92,31.7717,1436931.0,0.0,1.0
2018-04-13,31.55,33.58,31.48,32.9,32.7471,1158956.0,0.0,1.0
2018-04-16,32.4,34.09,31.8,33.62,33.4638,714714.0,0.0,1.0
2018-04-17,32.9,33.04,30.6615,31.17,31.0252,977646.0,0.0,1.0
2018-04-18,30.8,31.699,30.311,31.41,31.264,838826.0,0.0,1.0
2018-04-19,31.7,33.37,31.1,33.06,32.9064,1180118.0,0.0,1.0
2018-04-20,33.18,33.9,32.551,33.45,33.2946,807703.0,0.0,1.0
2018-04-23,33.62,35.37,33.28,34.4,34.2402,1333591.0,0.0,1.0
2018-04-24,34.1,37.0,33.81,36.28,36.1114,1261497.0,0.0,1.0
2018-04-25,35.96,38.0272,35.331,36.39,36.2209,1295200.0,0.0,1.0
2018-04-26,36.05,36.3799,34.04,34.55,34.3895,1319192.0,0.0,1.0
2018-04-27,34.01,34.72,33.21,33.81,33.6529,1635071.0,0.0,1.0
2018-04-30,33.34,35.52,33.03,35.52,35.3549,1286623.0,0.0,1.0
2018-05-01,35.31,36.2,34.25,34.37,34.2103,844755.0,0.0,1.0
2018-05-02,35.04,35.35,33.51,34.84,34.6781,915114.0,0.0,1.0
2018-05-03,35.29,37.39,34.12,36.69,36.5195,1347866.0,0.0,1.0
2018-05-04,36.68,36.74,33.95,34.85,34.6881,1136445.0,0.0,1.0
2018-05-07,34.35,34.47,32.94,33.49,33.3344,1122227.0,0.0,1.0
2018-05-08,33.87,34.62,33.8,33.96,33.8022,950725.0,0.0,1.0
2018-05-09,33.63,34.31,31.4042,31.99,31.8413,1226217.0,0.0,1.0
2018-05-10,31.73,32.95,30.72,32.77,32.6177,1467187.0,0.0,1.0
2018-05-11,32.97,33.0,29.8601,30.0,29.8606,2240970.0,0.0,1.0
2018-05-14,29.62,29.97,28.529,28.78,28.6463,1946821.0,0.0,1.0
2018-05-15,29.19,29.899,29.1,29.3,29.1638,1021210.0,0.0,1.0
2018-05-16,29.4,29.4,27.8,28.18,28.0491,995624.0,0.0,1.0
2018-05-17,28.21,28.68,27.6301,27.91,27.7803,1203574.0,0.0,1.0
2018-05-18,27.96,28.8,27.46,28.07,27.9396,981336.0,0.0,1.0
2018-05-21,27.43,30.04,27.32,29.72,29.5819,1430884.0,0.0,1.0
2018-05-22,29.4,30.17,28.53,29.35,29.2136,1096067.0,0.0,1.0
2018-05-23,29.75,29.79,28.32,29.08,28.9449,978238.0,0.0,1.0
2018-05-24,29.08,29.53,28.48,28.79,28.6562,594578.0,0.0,1.0
2018-05-25,28.71,29.13,28.18,28.53,28.3974,713016.0,0.0,1.0
2018-05-29,28.88,30.17,28.22,29.05,28.915,1258414.0,0.0,1.0
2018-05-30,28.7,28.76,27.19,27.49,27.3623,1822703.0,0.0,1.0
2018-05-31,27.33,27.33,25.831,26.22,26.0982,2330960.0,0.0,1.0
2018-06-01,25.92,26.05,25.06,25.24,25.1227,2058383.0,0.0,1.0
2018-06-04,24.86,26.889,24.6,25.5,25.3815,1746255.0,0.0,1.0
2018-06-05,25.66,25.66,24.7,24.94,24.8241,1834710.0,0.0,1.0
2018-06-06,24.82,24.9899,24.141,24.46,24.3463,1773289.0,0.0,1.0
2018-06-07,24.51,26.17,24.41,25.71,25.5905,2098361.0,0.0,1.0
2018-06-08,25.91,25.97,25.21,25.53,25.4114,1037865.0,0.0,1.0
2018-06-11,25.45,26.273,25.27,25.89,25.7697,1413298.0,0.0,1.0
2018-06-12,25.85,25.89,24.6701,25.07,24.9535,1634351.0,0.0,1.0
2018-06-13,25.08,25.35,24.26,24.85,24.7345,1277672.0,0.0,1.0
2018-06-14,24.63,25.02,24.41,24.58,24.4658,708571.0,0.0,1.0
2018-06-15,24.85,25.16,24.45,24.89,24.7743,1353969.0,0.0,1.0
2018-06-18,25.1,25.59,24.45,24.62,24.5056,1089447.0,0.0,1.0
2018-06-19,24.99,24.99,23.4,23.48,23.3952,1804770.0,0.0244,1.0
2018-06-20,23.13,23.13,21.91,21.96,21.8807,3003520.0,0.0,1.0
2018-06-21,21.98,23.36,21.69,23.24,23.156,2093273.0,0.0,1.0
2018-06-22,23.0,23.93,22.91,23.23,23.1461,1092223.0,0.0,1.0
2018-06-25,23.75,25.5,23.6,25.14,25.0492,1987239.0,0.0,1.0
2018-06-26,24.92,26.07,24.39,24.9,24.81,954487.0,0.0,1.0
2018-06-27,24.84,27.32,24.65,27.26,27.1615,1695635.0,0.0,1.0
2018-06-28,27.3,28.75,26.55,26.81,26.7131,1659475.0,0.0,1.0
2018-06-29,26.38,26.48,24.87,25.91,25.8164,1533441.0,0.0,1.0
2018-07-02,26.49,26.9,25.016,25.02,24.9296,975953.0,0.0,1.0
2018-07-03,24.73,25.35,24.05,24.48,24.3915,883030.0,0.0,1.0
2018-07-05,24.08,24.84,23.69,24.06,23.9731,1185838.0,0.0,1.0
2018-07-06,23.76,23.92,22.05,22.11,22.0301,2723159.0,0.0,1.0
2018-07-09,21.92,22.835,21.52,22.19,22.1098,1720847.0,0.0,1.0
2018-07-10,22.11,22.85,21.85,22.53,22.4486,1372896.0,0.0,1.0
2018-07-11,22.96,23.15,22.201,22.45,22.3689,1405968.0,0.0,1.0
2018-07-12,22.2,22.44,21.64,21.65,21.5718,1584819.0,0.0,1.0
2018-07-13,21.85,22.13,21.57,21.88,21.8009,1175595.0,0.0,1.0
2018-07-16,21.95,23.24,21.821,22.93,22.8471,2030647.0,0.0,1.0
2018-07-17,23.06,23.25,21.92,22.04,21.9604,1354793.0,0.0,1.0
2018-07-18,22.12,22.83,22.05,22.14,22.06,834984.0,0.0,1.0
2018-07-19,22.44,22.8,21.76,21.94,21.8607,1173391.0,0.0,1.0
2018-07-20,22.03,22.1749,21.521,22.11,22.0301,1266206.0,0.0,1.0
2018-07-23,22.11,22.59,21.915,22.36,22.2792,795032.0,0.0,1.0
2018-07-24,21.95,24.0,21.65,23.75,23.6642,1561297.0,0.0,1.0
2018-07-25,23.59,24.11,22.9131,23.77,23.6841,1089080.0,0.0,1.0
2018-07-26,24.01,24.605,23.15,23.82,23.7339,1417369.0,0.0,1.0
2018-07-27,23.76,26.49,23.65,25.91,25.8164,1683495.0,0.0,1.0
2018-07-30,25.92,27.51,25.58,27.01,26.9124,1468242.0,0.0,1.0
2018-07-31,26.7,27.022,25.11,25.47,25.378,1573234.0,0.0,1.0
2018-08-01,25.58,25.9,24.68,25.38,25.2883,1288280.0,0.0,1.0
2018-08-02,25.86,25.93,24.7849,24.88,24.7901,1050781.0,0.0,1.0
2018-08-03,24.76,26.1599,24.65,26.06,25.9658,949319.0,0.0,1.0
2018-08-06,25.95,26.535,25.35,25.59,25.4975,699271.0,0.0,1.0
2018-08-07,25.4,25.65,24.79,24.81,24.7204,618422.0,0.0,1.0
2018-08-08,24.88,25.65,24.51,25.22,25.1289,848260.0,0.0,1.0
2018-08-09,25.38,25.562,24.03,25.4,25.3082,1635309.0,0.0,1.0
2018-08-10,25.57,25.78,24.65,25.65,25.5573,1221575.0,0.0,1.0
2018-08-13,25.59,26.7,25.47,26.02,25.926,1027159.0,0.0,1.0
2018-08-14,25.78,26.03,25.0703,25.7,25.6071,961201.0,0.0,1.0
2018-08-15,26.13,27.615,25.9593,27.21,27.1117,1454077.0,0.0,1.0
2018-08-16,26.62,27.6,26.11,26.48,26.3843,1024744.0,0.0,1.0
2018-08-17,26.58,27.28,26.24,26.38,26.2847,1173340.0,0.0,1.0
2018-08-20,26.29,27.14,26.29,26.92,26.8227,767470.0,0.0,1.0
2018-08-21,26.75,26.75,25.18,25.4,25.3082,1565873.0,0.0,1.0
2018-08-22,25.43,25.43,24.0,24.13,24.0428,1441821.0,0.0,1.0
2018-08-23,24.03,25.14,23.871,24.62,24.531,1600820.0,0.0,1.0
2018-08-24,24.32,24.95,23.93,24.51,24.4214,942896.0,0.0,1.0
2018-08-27,24.1,24.1539,22.89,23.15,23.0664,1863150.0,0.0,1.0
2018-08-28,23.09,23.44,22.7,22.79,22.7077,1652897.0,0.0,1.0
2018-08-29,22.74,22.87,21.92,22.09,22.0102,1801387.0,0.0,1.0
2018-08-30,22.2,22.2,21.3501,21.83,21.7511,3290282.0,0.0,1.0
2018-08-31,21.9,22.199,21.4315,21.68,21.6017,1828951.0,0.0,1.0
2018-09-04,21.78,22.67,21.6,21.83,21.7511,1952521.0,0.0,1.0
2018-09-05,21.94,22.9,21.91,22.35,22.2692,1214371.0,0.0,1.0
2018-09-06,22.35,24.17,22.05,24.02,23.9332,2163015.0,0.0,1.0
2018-09-07,24.37,25.13,23.2,24.22,24.1325,1570141.0,0.0,1.0
2018-09-10,23.85,24.55,23.69,24.17,24.0827,929122.0,0.0,1.0
2018-09-11,24.44,24.8,23.87,24.16,24.0727,1191158.0,0.0,1.0
2018-09-12,24.1,25.25,23.83,24.52,24.4314,1607561.0,0.0,1.0
2018-09-13,24.1,24.91,23.94,24.59,24.5011,1203395.0,0.0,1.0
2018-09-14,24.42,24.9299,23.89,24.68,24.5908,1273829.0,0.0,1.0
2018-09-17,24.81,26.08,24.401,25.94,25.8463,1290752.0,0.0,1.0
2018-09-18,25.55,25.99,24.7801,24.96,24.8698,1296830.0,0.0,1.0
2018-09-19,25.06,25.14,24.25,24.87,24.7801,1226897.0,0.0,1.0
2018-09-20,24.4,24.589,23.62,23.63,23.5446,1593918.0,0.0,1.0
2018-09-21,23.49,24.92,23.401,24.72,24.6307,1381651.0,0.0,1.0
2018-09-24,24.8,25.03,23.81,23.9,23.8136,1236607.0,0.0,1.0
2018-09-25,23.62,23.9291,23.29,23.66,23.66,1336401.0,0.0858,1.0
2018-09-26,23.55,24.25,23.18,24.16,24.16,1351799.0,0.0,1.0
2018-09-27,24.26,24.75,23.9106,24.33,24.33,1240511.0,0.0,1.0
2018-09-28,24.42,24.6999,23.92,24.4,24.4,1007798.0,0.0,1.0
2018-10-01,24.25,25.57,23.95,25.41,25.41,1103317.0,0.0,1.0
2018-10-02,25.29,26.96,25.17,26.55,26.55,1517987.0,0.0,1.0
2018-10-03,26.03,26.95,24.7001,25.05,25.05,1215492.0,0.0,1.0
2018-10-04,25.32,27.84,25.32,27.6,27.6,2130879.0,0.0,1.0
2018-10-05,27.42,30.42,26.5865,28.66,28.66,2074059.0,0.0,1.0
2018-10-08,29.28,31.04,28.18,29.78,29.78,1560676.0,0.0,1.0
2018-10-09,29.95,30.96,28.78,30.7,30.7,1335182.0,0.0,1.0
2018-10-10,31.03,34.01,30.46,33.99,33.99,2017223.0,0.0,1.0
2018-10-11,34.0,35.58,32.37,34.96,34.96,1391826.0,0.0,1.0
2018-10-12,32.84,34.84,32.2191,32.99,32.99,1204643.0,0.0,1.0
2018-10-15,33.32,35.11,33.0,34.4,34.4,782661.0,0.0,1.0
2018-10-16,33.21,33.64,28.5101,28.79,28.79,2189132.0,0.0,1.0
2018-10-17,29.38,30.7699,28.9304,28.94,28.94,1346891.0,0.0,1.0
2018-10-18,29.4,31.585,29.0824,30.7,30.7,1810523.0,0.0,1.0
2018-10-19,30.27,33.3,29.29,32.89,32.89,1967820.0,0.0,1.0
2018-10-22,32.61,36.73,32.61,35.15,35.15,2098984.0,0.0,1.0
2018-10-23,37.25,39.08,33.1845,35.33,35.33,1857121.0,0.0,1.0
2018-10-24,34.99,42.0995,34.7265,41.949,41.949,1983149.0,0.0,1.0
