date,1. open,2. high,3. low,4. close,5. adjusted close,6. volume,7. dividend amount,8. split coefficient
2014-01-23,100.07,100.11,100.067,100.11,90.3212,5640.0,0.0,1.0
2014-01-24,100.176,100.176,100.11,100.11,90.3212,3325.0,0.0,1.0
2014-01-27,100.1,100.1,100.1,100.1,90.3122,5200.0,0.0,1.0
2014-01-28,100.1,100.1,100.1,100.1,90.3122,200.0,0.0,1.0
2014-01-29,100.1,100.1001,100.07,100.0701,90.2852,1104.0,0.0,1.0
2014-01-30,100.0701,100.0701,100.0701,100.0701,90.2852,55.0,0.0,1.0
2014-01-31,100.26,100.26,100.2599,100.2599,90.4564,500.0,0.0,1.0
2014-02-03,100.2599,100.2599,100.2599,100.2599,90.4564,10.0,0.0,1.0
2014-02-04,100.2371,100.2371,100.2371,100.2371,90.4359,100.0,0.0,1.0
2014-02-05,100.24,100.24,100.24,100.24,90.4385,0.0,0.0,1.0
2014-02-06,100.28,100.28,100.28,100.28,90.4746,181.0,0.0,1.0
2014-02-07,100.6,100.6,100.35,100.36,90.5468,1600.0,0.0,1.0
2014-02-10,100.32,100.35,100.32,100.3499,90.5376,5853.0,0.0,1.0
2014-02-11,100.3499,100.3499,100.3499,100.3499,90.5376,45.0,0.0,1.0
2014-02-12,100.25,100.3599,100.2499,100.3599,90.5467,5212.0,0.0,1.0
2014-02-13,100.36,100.36,100.36,100.36,90.5468,0.0,0.0,1.0
2014-02-14,100.36,100.36,100.36,100.36,90.5468,0.0,0.0,1.0
2014-02-18,100.3599,100.3599,100.3599,100.3599,90.5467,2.0,0.0,1.0
2014-02-19,100.51,100.51,100.51,100.51,90.6821,100.0,0.0,1.0
2014-02-20,100.53,100.62,100.53,100.62,90.7813,1255.0,0.0,1.0
2014-02-21,100.67,100.68,100.52,100.54,90.7092,2157.0,0.0,1.0
2014-02-24,100.47,100.47,100.4699,100.47,90.646,11965.0,0.0,1.0
2014-02-25,100.47,100.47,100.47,100.47,90.646,0.0,0.0,1.0
2014-02-26,100.55,100.55,100.55,100.55,90.7182,100.0,0.0,1.0
2014-02-27,100.55,100.61,100.55,100.6099,90.7722,2054.0,0.0,1.0
2014-02-28,100.51,100.51,100.5,100.51,90.7182,300.0,0.04,1.0
2014-03-03,100.55,100.55,100.38,100.38,90.6008,700.0,0.0,1.0
2014-03-04,100.524,100.524,100.524,100.524,90.7308,100.0,0.0,1.0
2014-03-05,100.499,100.5,100.499,100.4999,90.7091,701.0,0.0,1.0
2014-03-06,100.4999,100.4999,100.4999,100.4999,90.7091,65.0,0.0,1.0
2014-03-07,100.41,100.42,100.4099,100.4199,90.6369,621.0,0.0,1.0
2014-03-10,100.41,100.41,100.41,100.41,90.6279,175.0,0.0,1.0
2014-03-11,100.85,100.85,100.36,100.36,90.5828,500.0,0.0,1.0
2014-03-12,100.31,100.31,100.31,100.31,90.5377,203.0,0.0,1.0
2014-03-13,100.5,100.52,100.4999,100.52,90.7272,2115.0,0.0,1.0
2014-03-14,100.5,100.5,100.5,100.5,90.7092,101.0,0.0,1.0
2014-03-17,100.47,100.47,100.47,100.47,90.6821,100.0,0.0,1.0
2014-03-18,100.47,100.47,100.47,100.47,90.6821,0.0,0.0,1.0
2014-03-19,100.441,100.48,100.441,100.48,90.6911,4839.0,0.0,1.0
2014-03-20,100.28,100.31,100.27,100.3099,90.5376,3227.0,0.0,1.0
2014-03-21,100.28,100.34,100.28,100.33,90.5557,1403.0,0.0,1.0
2014-03-24,100.26,100.26,100.24,100.24,90.4745,1000.0,0.0,1.0
2014-03-25,100.46,100.46,100.345,100.42,90.6369,3190.0,0.0,1.0
2014-03-26,100.48,100.48,100.48,100.48,90.6911,1603.0,0.0,1.0
2014-03-27,100.48,100.5,100.424,100.424,90.6406,1040.0,0.0,1.0
2014-03-28,100.49,100.49,100.49,100.49,90.7001,300.0,0.0,1.0
2014-03-31,100.398,100.398,100.398,100.398,90.6758,207.0,0.065,1.0
2014-04-01,100.53,100.53,100.3,100.47,90.7408,3648.0,0.0,1.0
2014-04-02,100.3,100.3,100.3,100.3,90.5872,100.0,0.0,1.0
2014-04-03,100.3,100.3,100.3,100.3,90.5872,2.0,0.0,1.0
2014-04-04,100.49,100.49,100.49,100.49,90.7588,311.0,0.0,1.0
2014-04-07,100.54,100.54,100.49,100.49,90.7588,803.0,0.0,1.0
2014-04-08,100.7,100.7,100.6996,100.6996,90.9481,2370.0,0.0,1.0
2014-04-09,100.77,100.85,100.71,100.71,90.9575,7943.0,0.0,1.0
2014-04-10,100.8499,100.85,100.8499,100.85,91.084,1096.0,0.0,1.0
2014-04-11,100.85,100.85,100.85,100.85,91.084,2.0,0.0,1.0
2014-04-14,100.85,100.85,100.85,100.85,91.084,0.0,0.0,1.0
2014-04-15,100.8,101.0,100.8,100.9999,91.2194,1498.0,0.0,1.0
2014-04-16,100.9999,100.9999,100.9999,100.9999,91.2194,83.0,0.0,1.0
2014-04-17,100.9999,100.9999,100.9999,100.9999,91.2194,80.0,0.0,1.0
2014-04-21,101.0,101.0,101.0,101.0,91.2195,0.0,0.0,1.0
2014-04-22,100.73,100.86,100.73,100.85,91.084,926.0,0.0,1.0
2014-04-23,101.13,101.18,101.13,101.18,91.382,700.0,0.0,1.0
2014-04-24,101.12,101.13,101.0828,101.11,91.3188,3440.0,0.0,1.0
2014-04-25,101.11,101.11,101.1,101.1,91.3098,560.0,0.0,1.0
2014-04-28,101.11,101.11,101.048,101.048,91.2628,840.0,0.0,1.0
2014-04-29,100.83,100.88,100.83,100.84,91.075,1000.0,0.0,1.0
2014-04-30,101.14,101.1869,100.94,100.94,91.2303,717.0,0.072,1.0
2014-05-01,101.1199,101.12,101.1196,101.1196,91.3926,819.0,0.0,1.0
2014-05-02,101.1196,101.1196,101.1196,101.1196,91.3926,139.0,0.0,1.0
2014-05-05,100.99,101.01,100.97,101.01,91.2936,540.0,0.0,1.0
2014-05-06,101.1699,101.21,101.1699,101.21,91.4743,550.0,0.0,1.0
2014-05-07,101.21,101.21,101.21,101.21,91.4743,120.0,0.0,1.0
2014-05-08,101.21,101.21,101.21,101.21,91.4743,1.0,0.0,1.0
2014-05-09,101.58,101.58,101.58,101.58,91.8087,100.0,0.0,1.0
2014-05-12,101.21,101.21,101.21,101.21,91.4743,400.0,0.0,1.0
2014-05-13,101.21,101.21,101.21,101.21,91.4743,0.0,0.0,1.0
2014-05-14,101.52,101.52,101.52,101.52,91.7545,600.0,0.0,1.0
2014-05-15,101.52,101.52,101.52,101.52,91.7545,66.0,0.0,1.0
2014-05-16,101.52,101.52,101.52,101.52,91.7545,10.0,0.0,1.0
2014-05-19,101.3163,101.3163,101.3163,101.3163,91.5704,200.0,0.0,1.0
2014-05-20,101.42,101.42,101.42,101.42,91.6641,300.0,0.0,1.0
2014-05-21,101.42,101.42,101.42,101.42,91.6641,0.0,0.0,1.0
2014-05-22,101.41,101.44,101.39,101.39,91.637,1733.0,0.0,1.0
2014-05-23,100.71,101.3,100.71,101.3,91.5557,19000.0,0.0,1.0
2014-05-27,101.04,101.34,101.04,101.2485,91.5091,10447.0,0.0,1.0
2014-05-28,101.52,101.52,101.52,101.52,91.7545,108.0,0.0,1.0
2014-05-29,101.5,101.5,101.5,101.5,91.7364,120.0,0.0,1.0
2014-05-30,101.78,101.78,101.28,101.28,91.5548,305.0,0.019,1.0
2014-06-02,101.3,101.3,101.28,101.28,91.5548,1464.0,0.0,1.0
2014-06-03,101.34,101.34,101.28,101.28,91.5548,1289.0,0.0,1.0
2014-06-04,101.3,101.3,101.3,101.3,91.5728,129.0,0.0,1.0
2014-06-05,101.48,101.48,101.48,101.48,91.7356,300.0,0.0,1.0
2014-06-06,101.48,101.48,101.48,101.48,91.7356,1.0,0.0,1.0
2014-06-09,101.48,101.48,101.48,101.48,91.7356,2.0,0.0,1.0
2014-06-10,101.48,101.48,101.48,101.48,91.7356,25.0,0.0,1.0
2014-06-11,101.48,101.48,101.48,101.48,91.7356,9.0,0.0,1.0
2014-06-12,101.48,101.48,101.48,101.48,91.7356,0.0,0.0,1.0
2014-06-13,101.48,101.48,101.48,101.48,91.7356,8.0,0.0,1.0
2014-06-16,101.48,101.48,101.48,101.48,91.7356,1.0,0.0,1.0
2014-06-17,101.48,101.48,101.48,101.48,91.7356,0.0,0.0,1.0
2014-06-18,101.64,101.64,101.38,101.4,91.6632,1328.0,0.0,1.0
2014-06-19,101.33,101.33,101.28,101.28,91.5548,1410.0,0.0,1.0
2014-06-20,101.33,101.33,101.33,101.33,91.6,100.0,0.0,1.0
2014-06-23,101.33,101.33,101.33,101.33,91.6,3.0,0.0,1.0
2014-06-24,101.33,101.33,101.33,101.33,91.6,28.0,0.0,1.0
2014-06-25,101.49,101.49,101.47,101.47,91.7265,505.0,0.0,1.0
2014-06-26,101.47,101.47,101.47,101.47,91.7265,0.0,0.0,1.0
2014-06-27,101.47,101.47,101.47,101.47,91.7265,0.0,0.0,1.0
2014-06-30,101.37,101.37,101.37,101.37,91.6813,300.0,0.05,1.0
2014-07-01,101.37,101.37,101.37,101.37,91.6813,0.0,0.0,1.0
2014-07-02,101.21,101.21,101.21,101.21,91.5366,200.0,0.0,1.0
2014-07-03,101.21,101.21,101.21,101.21,91.5366,4.0,0.0,1.0
2014-07-07,101.21,101.21,101.21,101.21,91.5366,107.0,0.0,1.0
2014-07-08,101.48,101.48,101.48,101.48,91.7808,400.0,0.0,1.0
2014-07-09,101.48,101.48,101.48,101.48,91.7808,90.0,0.0,1.0
2014-07-10,101.38,101.48,101.275,101.345,91.6587,7760.0,0.0,1.0
2014-07-11,101.345,101.345,101.345,101.345,91.6587,0.0,0.0,1.0
2014-07-14,101.34,101.34,101.3365,101.3365,91.651,1132.0,0.0,1.0
2014-07-15,101.3365,101.3365,101.3365,101.3365,91.651,62.0,0.0,1.0
2014-07-16,101.3365,101.3365,101.3365,101.3365,91.651,122.0,0.0,1.0
2014-07-17,101.3365,101.3365,101.3365,101.3365,91.651,25.0,0.0,1.0
2014-07-18,101.08,101.36,101.08,101.36,91.6723,1400.0,0.0,1.0
2014-07-21,101.479,101.479,101.479,101.479,91.7799,600.0,0.0,1.0
2014-07-22,101.36,101.4,101.33,101.399,91.7075,1904.0,0.0,1.0
2014-07-23,101.399,101.399,101.399,101.399,91.7075,32.0,0.0,1.0
2014-07-24,101.15,101.15,101.136,101.15,91.4823,1051.0,0.0,1.0
2014-07-25,101.4,101.44,101.4,101.44,91.7446,15608.0,0.0,1.0
2014-07-28,101.38,101.38,101.35,101.35,91.6632,4744.0,0.0,1.0
2014-07-29,101.35,101.35,101.35,101.35,91.6632,77.0,0.0,1.0
2014-07-30,101.29,101.29,101.29,101.29,91.609,1.0,0.0,1.0
2014-07-31,100.858,100.858,100.858,100.858,91.2662,200.0,0.053,1.0
2014-08-01,101.37,101.37,101.37,101.37,91.7295,300.0,0.0,1.0
2014-08-04,101.11,101.4847,101.11,101.4747,91.8242,4206.0,0.0,1.0
2014-08-05,101.4747,101.4747,101.4747,101.4747,91.8242,86.0,0.0,1.0
2014-08-06,101.4,101.44,101.18,101.44,91.7928,1564.0,0.0,1.0
2014-08-07,101.45,101.45,101.45,101.45,91.8019,496.0,0.0,1.0
2014-08-08,101.49,101.49,101.1424,101.1424,91.5235,2419.0,0.0,1.0
2014-08-11,101.1424,101.1424,101.1424,101.1424,91.5235,115.0,0.0,1.0
2014-08-12,101.1424,101.1424,101.1424,101.1424,91.5235,4.0,0.0,1.0
2014-08-13,101.52,101.54,101.47,101.47,91.82,3431.0,0.0,1.0
2014-08-14,102.06,102.06,101.5,101.549,91.8915,7012.0,0.0,1.0
2014-08-15,101.62,101.62,101.62,101.62,91.9557,249.0,0.0,1.0
2014-08-18,101.38,101.48,101.38,101.48,91.829,2223.0,0.0,1.0
2014-08-19,101.477,101.477,101.477,101.477,91.8263,156.0,0.0,1.0
2014-08-20,101.5,101.56,101.5,101.56,91.9014,1249.0,0.0,1.0
2014-08-21,101.64,101.67,101.63,101.67,92.001,1231.0,0.0,1.0
2014-08-22,101.63,101.64,101.63,101.64,91.9738,3457.0,0.0,1.0
2014-08-25,101.6299,101.63,101.58,101.58,91.9195,1644.0,0.0,1.0
2014-08-26,101.7,101.72,101.7,101.71,92.0372,3560.0,0.0,1.0
2014-08-27,101.35,101.35,101.35,101.35,91.7114,488.0,0.0,1.0
2014-08-28,101.32,101.32,101.32,101.32,91.6843,200.0,0.0,1.0
2014-08-29,101.57,101.58,101.56,101.56,91.9937,1533.0,0.102,1.0
2014-09-02,107.69,107.69,101.282,101.51,91.9484,2400.0,0.0,1.0
2014-09-03,101.51,101.51,101.51,101.51,91.9484,251.0,0.0,1.0
2014-09-04,101.51,101.51,101.51,101.51,91.9484,109.0,0.0,1.0
2014-09-05,101.66,101.69,101.66,101.68,92.1024,637.0,0.0,1.0
2014-09-08,101.69,101.69,101.43,101.53,91.9666,3202.0,0.0,1.0
2014-09-09,101.04,101.42,96.3,101.42,91.8669,1400.0,0.0,1.0
2014-09-10,101.45,101.45,101.4,101.4,91.8488,1008.0,0.0,1.0
2014-09-11,101.4,101.4,101.4,101.4,91.8488,76.0,0.0,1.0
2014-09-12,101.48,101.48,101.43,101.43,91.876,452.0,0.0,1.0
2014-09-15,101.535,101.535,101.535,101.535,91.9711,600.0,0.0,1.0
2014-09-16,101.535,101.535,101.535,101.535,91.9711,39.0,0.0,1.0
2014-09-17,101.59,101.6,101.53,101.53,91.9666,523.0,0.0,1.0
2014-09-18,101.51,101.51,101.51,101.51,91.9484,687.0,0.0,1.0
2014-09-19,101.57,101.57,101.57,101.57,92.0028,539.0,0.0,1.0
2014-09-22,101.53,101.53,101.53,101.53,91.9666,100.0,0.0,1.0
2014-09-23,101.53,101.53,101.53,101.53,91.9666,0.0,0.0,1.0
2014-09-24,101.76,101.76,101.47,101.54,91.9756,1445.0,0.0,1.0
2014-09-25,101.54,101.54,101.54,101.54,91.9756,28.0,0.0,1.0
2014-09-26,101.39,101.39,101.33,101.33,91.7854,4781.0,0.0,1.0
2014-09-29,101.34,101.34,101.34,101.34,91.7945,500.0,0.0,1.0
2014-09-30,101.21,101.21,101.21,101.21,91.7709,12839.0,0.104,1.0
2014-10-01,101.21,101.21,101.21,101.21,91.7709,1.0,0.0,1.0
2014-10-02,101.21,101.21,101.21,101.21,91.7709,0.0,0.0,1.0
2014-10-03,101.21,101.21,101.21,101.21,91.7709,31.0,0.0,1.0
2014-10-06,101.57,101.57,101.51,101.51,92.0429,1793.0,0.0,1.0
2014-10-07,101.5536,101.5536,101.5536,101.5536,92.0825,145.0,0.0,1.0
2014-10-08,101.51,101.572,101.51,101.572,92.0991,773.0,0.0,1.0
2014-10-09,101.572,101.572,101.572,101.572,92.0991,103.0,0.0,1.0
2014-10-10,101.572,101.572,101.572,101.572,92.0991,0.0,0.0,1.0
2014-10-13,101.778,101.89,101.778,101.89,92.3875,1992.0,0.0,1.0
2014-10-14,101.82,101.82,101.77,101.77,92.2787,1864.0,0.0,1.0
2014-10-15,101.7,101.7,101.7,101.7,92.2152,289.0,0.0,1.0
2014-10-16,101.7,101.7,101.7,101.7,92.2152,10.0,0.0,1.0
2014-10-17,101.7,101.7,101.7,101.7,92.2152,39.0,0.0,1.0
2014-10-20,101.8,101.8,101.8,101.8,92.3059,681.0,0.0,1.0
2014-10-21,101.7,101.7,101.7,101.7,92.2152,124.0,0.0,1.0
2014-10-22,101.7,101.7,101.7,101.7,92.2152,0.0,0.0,1.0
2014-10-23,101.521,101.556,101.44,101.453,91.9912,5775.0,0.0,1.0
2014-10-24,101.59,101.59,101.59,101.59,92.1155,367.0,0.0,1.0
2014-10-27,101.59,101.59,101.53,101.53,92.0611,1687.0,0.0,1.0
2014-10-28,101.6,101.6,101.6,101.6,92.1245,216.0,0.0,1.0
2014-10-29,101.6,101.6,101.6,101.6,92.1245,2.0,0.0,1.0
2014-10-30,101.705,101.705,101.705,101.705,92.2197,150.0,0.0,1.0
2014-10-31,101.23,101.23,101.09,101.09,91.78,1119.0,0.13,1.0
2014-11-03,101.09,101.09,101.09,101.09,91.78,105.0,0.0,1.0
2014-11-04,101.5,101.52,101.384,101.412,92.0723,9254.0,0.0,1.0
2014-11-05,102.99,102.99,101.29,101.3,91.9706,22136.0,0.0,1.0
2014-11-06,101.314,101.314,101.25,101.3,91.9706,571.0,0.0,1.0
2014-11-07,101.579,101.579,101.579,101.579,92.2239,185.0,0.0,1.0
2014-11-10,101.382,101.382,101.382,101.382,92.0451,138.0,0.0,1.0
2014-11-11,101.4372,101.5068,101.4372,101.5068,92.1584,1479.0,0.0,1.0
2014-11-12,101.45,101.45,101.36,101.36,92.0251,298.0,0.0,1.0
2014-11-13,101.14,101.36,101.14,101.36,92.0251,1601.0,0.0,1.0
2014-11-14,101.461,101.461,101.461,101.461,92.1168,353.0,0.0,1.0
2014-11-17,101.4,101.4088,101.4,101.4088,92.0694,600.0,0.0,1.0
2014-11-18,101.4088,101.4088,101.4088,101.4088,92.0694,152.0,0.0,1.0
2014-11-19,101.37,101.37,101.25,101.25,91.9252,3554.0,0.0,1.0
2014-11-20,101.45,101.45,101.45,101.45,92.1068,1001.0,0.0,1.0
2014-11-21,101.45,101.45,101.45,101.45,92.1068,98.0,0.0,1.0
2014-11-24,101.569,101.57,101.48,101.49,92.1431,1100.0,0.0,1.0
2014-11-25,101.53,101.53,101.48,101.53,92.1794,4330.0,0.0,1.0
2014-11-26,101.55,101.55,101.4,101.4,92.0614,1817.0,0.0,1.0
2014-11-28,101.19,101.19,101.08,101.08,91.9252,1700.0,0.17,1.0
2014-12-01,101.08,101.08,101.08,101.08,91.9252,0.0,0.0,1.0
2014-12-02,101.071,101.071,101.042,101.042,91.8907,2638.0,0.0,1.0
2014-12-03,101.131,101.19,101.13,101.19,92.0253,1509.0,0.0,1.0
2014-12-04,101.18,101.18,101.18,101.18,92.0162,1000.0,0.0,1.0
2014-12-05,100.98,100.986,100.98,100.98,91.8343,5181.0,0.0,1.0
2014-12-08,101.199,101.199,101.188,101.188,92.0235,355.0,0.0,1.0
2014-12-09,101.188,101.188,101.188,101.188,92.0235,65.0,0.0,1.0
2014-12-10,100.928,100.928,100.928,100.928,92.017,4.0,0.2529,1.0
2014-12-11,100.928,100.928,100.928,100.928,92.017,1.0,0.0,1.0
2014-12-12,100.9099,100.9099,100.9099,100.9099,92.0005,124.0,0.0,1.0
2014-12-15,100.9099,100.9099,100.9099,100.9099,92.0005,1.0,0.0,1.0
2014-12-16,100.9099,100.9099,100.9099,100.9099,92.0005,99.0,0.0,1.0
2014-12-17,100.8,100.8,100.72,100.72,91.8274,1641.0,0.0,1.0
2014-12-18,100.72,100.72,100.72,100.72,91.8274,0.0,0.0,1.0
2014-12-19,100.72,100.72,100.72,100.72,91.8274,224.0,0.0,1.0
2014-12-22,100.72,100.72,100.72,100.72,91.8274,0.0,0.0,1.0
2014-12-23,100.689,100.689,100.498,100.498,91.625,940.0,0.0,1.0
2014-12-24,100.41,100.41,100.41,100.41,91.5447,100.0,0.0,1.0
2014-12-26,100.41,100.41,100.41,100.41,91.5447,0.0,0.0,1.0
2014-12-29,99.8,99.8,99.8,99.8,91.5447,1.0,0.61,1.0
2014-12-30,99.8,99.8,99.8,99.8,91.5447,27.0,0.0,1.0
2014-12-31,100.1,100.28,100.1,100.28,91.985,504.0,0.0,1.0
2015-01-02,100.15,100.31,100.15,100.31,92.0125,325.0,0.0,1.0
2015-01-05,99.91,100.23,99.91,99.9101,91.6457,1673.0,0.0,1.0
2015-01-06,99.9101,99.9101,99.9101,99.9101,91.6457,15.0,0.0,1.0
2015-01-07,100.15,100.15,99.94,99.94,91.6731,335.0,0.0,1.0
2015-01-08,99.94,99.94,99.94,99.94,91.6731,51.0,0.0,1.0
2015-01-09,99.94,99.94,99.94,99.94,91.6731,0.0,0.0,1.0
2015-01-12,99.94,99.94,99.94,99.94,91.6731,0.0,0.0,1.0
2015-01-13,100.53,100.53,100.53,100.53,92.2143,100.0,0.0,1.0
2015-01-14,100.2,100.25,100.2,100.25,91.9575,238.0,0.0,1.0
2015-01-15,100.25,100.25,100.25,100.25,91.9575,0.0,0.0,1.0
2015-01-16,100.25,100.25,100.25,100.25,91.9575,0.0,0.0,1.0
2015-01-20,100.2266,100.2266,100.2266,100.2266,91.936,114.0,0.0,1.0
2015-01-21,100.2201,100.2201,100.2201,100.2201,91.9301,319.0,0.0,1.0
2015-01-22,100.25,100.25,100.21,100.25,91.9575,8375.0,0.0,1.0
2015-01-23,100.25,100.25,100.25,100.25,91.9575,26.0,0.0,1.0
2015-01-26,100.15,100.55,100.1,100.54,92.2235,31174.0,0.0,1.0
2015-01-27,100.53,101.23,100.45,101.23,92.8564,47108.0,0.0,1.0
2015-01-28,100.94,101.17,100.94,101.17,92.8014,73096.0,0.0,1.0
2015-01-29,101.02,101.08,100.95,101.08,92.7188,1441.0,0.0,1.0
2015-01-30,100.829,101.11,100.7,101.079,92.828,14749.0,0.12,1.0
2015-02-02,101.13,101.25,101.02,101.25,92.985,20186.0,0.0,1.0
2015-02-03,101.1699,101.19,100.12,101.0,92.7554,3956.0,0.0,1.0
2015-02-04,100.834,100.834,100.64,100.64,92.4248,2936.0,0.0,1.0
2015-02-05,100.6,100.77,100.43,100.77,92.5442,1298.0,0.0,1.0
2015-02-06,100.41,100.41,100.4001,100.4001,92.2045,513.0,0.0,1.0
2015-02-09,101.03,101.03,100.42,100.42,92.2228,1045.0,0.0,1.0
2015-02-10,100.6837,100.77,100.46,100.77,92.5442,787.0,0.0,1.0
2015-02-11,100.7999,100.7999,100.7999,100.7999,92.5717,397.0,0.0,1.0
2015-02-12,100.6157,100.6157,100.6157,100.6157,92.4025,353.0,0.0,1.0
2015-02-13,100.85,100.85,100.51,100.51,92.3054,604.0,0.0,1.0
2015-02-17,101.14,101.14,100.8201,101.129,92.8739,1193.0,0.0,1.0
2015-02-18,101.46,101.46,100.92,100.92,92.682,372.0,0.0,1.0
2015-02-19,101.24,101.29,101.15,101.29,93.0218,8165.0,0.0,1.0
2015-02-20,101.3,101.3,101.3,101.3,93.031,2747.0,0.0,1.0
2015-02-23,101.05,101.05,101.0,101.0,92.7554,938.0,0.0,1.0
2015-02-24,101.26,101.2911,101.26,101.2911,93.0228,305.0,0.0,1.0
2015-02-25,101.31,101.31,100.82,101.31,93.0401,1062.0,0.0,1.0
2015-02-26,101.31,101.31,101.31,101.31,93.0401,138.0,0.0,1.0
2015-02-27,101.18,101.31,101.05,101.155,92.9621,4699.0,0.07,1.0
2015-03-02,101.12,101.21,101.07,101.21,93.0126,4760.0,0.0,1.0
2015-03-03,101.05,101.35,101.05,101.17,92.9759,1521.0,0.0,1.0
2015-03-04,101.3,101.3,101.3,101.3,93.0953,346.0,0.0,1.0
2015-03-05,101.24,101.61,101.24,101.26,93.0586,4178.0,0.0,1.0
2015-03-06,101.15,101.52,101.06,101.06,92.8748,3557.0,0.0,1.0
2015-03-09,101.25,101.25,101.2,101.2,93.0034,477.0,0.0,1.0
2015-03-10,101.3805,101.48,101.336,101.336,93.1284,2681.0,0.0,1.0
2015-03-11,101.336,101.336,101.336,101.336,93.1284,126.0,0.0,1.0
2015-03-12,101.0,101.0,101.0,101.0,92.8196,353.0,0.0,1.0
2015-03-13,101.138,101.138,101.138,101.138,92.9465,171.0,0.0,1.0
2015-03-16,101.49,101.49,101.49,101.49,93.2699,529.0,0.0,1.0
2015-03-17,101.3957,101.42,101.0001,101.0001,92.8197,2462.0,0.0,1.0
2015-03-18,101.369,101.369,101.369,101.369,93.1587,518.0,0.0,1.0
2015-03-19,101.0001,101.05,101.0,101.05,92.8656,1452.0,0.0,1.0
2015-03-20,101.33,101.5,101.01,101.01,92.8288,3531.0,0.0,1.0
2015-03-23,101.0,101.0,101.0,101.0,92.8196,337.0,0.0,1.0
2015-03-24,101.56,101.56,101.0001,101.51,93.2883,782.0,0.0,1.0
2015-03-25,101.66,101.66,101.0,101.4,93.1872,583.0,0.0,1.0
2015-03-26,101.5,101.5,101.05,101.05,92.8656,1390.0,0.0,1.0
2015-03-27,101.05,101.05,101.05,101.05,92.8656,219.0,0.0,1.0
2015-03-30,101.59,101.71,101.17,101.5,93.2791,4652.0,0.0,1.0
2015-03-31,101.69,101.74,100.93,101.72,93.5548,2092.0,0.08,1.0
2015-04-01,101.72,101.72,101.72,101.72,93.5548,321.0,0.0,1.0
2015-04-02,101.1859,101.1859,101.1859,101.1859,93.0636,578.0,0.0,1.0
2015-04-06,101.899,101.95,101.333,101.66,93.4997,13036.0,0.0,1.0
2015-04-07,101.3,101.31,101.28,101.29,93.1594,2994.0,0.0,1.0
2015-04-08,102.1,102.1,101.42,101.45,93.3065,6286.0,0.0,1.0
2015-04-09,101.41,101.64,101.39,101.39,93.2513,7655.0,0.0,1.0
2015-04-10,101.49,101.8,101.49,101.8,93.6284,1557.0,0.0,1.0
2015-04-13,101.95,101.95,101.95,101.95,93.7664,473.0,0.0,1.0
2015-04-14,102.0,102.08,102.0,102.08,93.8859,2382.0,0.0,1.0
2015-04-15,102.04,102.08,101.99,102.08,93.8859,1014.0,0.0,1.0
2015-04-16,102.0495,102.0495,101.9746,101.9746,93.789,1054.0,0.0,1.0
2015-04-17,101.51,101.51,101.51,101.51,93.3617,359.0,0.0,1.0
2015-04-20,102.01,102.01,102.0,102.0,93.8124,1354.0,0.0,1.0
2015-04-21,102.07,102.12,102.07,102.12,93.9227,864.0,0.0,1.0
2015-04-22,101.86,101.86,101.73,101.86,93.6836,510.0,0.0,1.0
2015-04-23,101.76,101.99,101.76,101.906,93.7259,1847.0,0.0,1.0
2015-04-24,102.05,102.1283,102.0006,102.0499,93.8583,2677.0,0.0,1.0
2015-04-27,102.05,102.06,101.93,101.93,93.748,1134.0,0.0,1.0
2015-04-28,101.94,101.94,101.91,101.91,93.7296,831.0,0.0,1.0
2015-04-29,101.84,101.84,101.78,101.84,93.6652,1352.0,0.0,1.0
2015-04-30,101.72,101.72,101.709,101.72,93.6468,1996.0,0.1,1.0
2015-05-01,101.74,101.74,101.74,101.74,93.6652,727.0,0.0,1.0
2015-05-04,101.79,101.8,101.51,101.8,93.7205,4142.0,0.0,1.0
2015-05-05,101.8,101.8,101.8,101.8,93.7205,336.0,0.0,1.0
2015-05-06,101.73,101.73,101.58,101.66,93.5916,2593.0,0.0,1.0
2015-05-07,101.5908,101.73,101.49,101.49,93.4351,3462.0,0.0,1.0
2015-05-08,101.5601,101.8,101.5601,101.75,93.6744,1267.0,0.0,1.0
2015-05-11,101.93,101.93,101.69,101.81,93.7297,1846.0,0.0,1.0
2015-05-12,101.769,101.77,101.746,101.746,93.6707,1635.0,0.0,1.0
2015-05-13,101.72,101.72,101.66,101.66,93.5916,1385.0,0.0,1.0
2015-05-14,101.59,101.69,101.59,101.69,93.6192,963.0,0.0,1.0
2015-05-15,101.69,101.69,101.69,101.69,93.6192,186.0,0.0,1.0
2015-05-18,101.731,101.731,101.731,101.731,93.6569,465.0,0.0,1.0
2015-05-19,101.86,101.86,101.86,101.86,93.7757,725.0,0.0,1.0
2015-05-20,101.9,101.9999,101.844,101.95,93.8586,2863.0,0.0,1.0
2015-05-21,102.01,102.01,101.91,102.01,93.9138,1399.0,0.0,1.0
2015-05-22,102.5,102.5,101.96,102.01,93.9138,2397.0,0.0,1.0
2015-05-26,102.05,102.14,102.05,102.1399,94.0334,3965.0,0.0,1.0
2015-05-27,102.18,102.31,102.1201,102.23,94.1163,2169.0,0.0,1.0
2015-05-28,102.145,102.22,102.07,102.2199,94.107,776.0,0.0,1.0
2015-05-29,102.13,102.13,101.97,101.97,93.9782,644.0,0.11,1.0
2015-06-01,102.0101,102.0101,102.0101,102.0101,94.0152,263.0,0.0,1.0
2015-06-02,102.0,102.05,101.86,102.0499,94.0519,4040.0,0.0,1.0
2015-06-03,101.92,102.89,101.92,102.09,94.0888,13661.0,0.0,1.0
2015-06-04,101.9749,102.05,101.94,101.95,93.9598,10731.0,0.0,1.0
2015-06-05,101.871,101.9,101.69,101.754,93.7792,9568.0,0.0,1.0
2015-06-08,101.79,101.79,101.61,101.76,93.7847,2733.0,0.0,1.0
2015-06-09,102.45,102.45,101.6,101.75,93.7755,5557.0,0.0,1.0
2015-06-10,102.22,104.49,101.57,101.68,93.711,4735.0,0.0,1.0
2015-06-11,101.64,101.71,101.566,101.566,93.6059,85404.0,0.0,1.0
2015-06-12,101.76,101.76,101.6393,101.758,93.7829,3881.0,0.0,1.0
2015-06-15,101.76,101.7699,101.6,101.72,93.7478,979.0,0.0,1.0
2015-06-16,101.59,101.76,101.59,101.76,93.7847,890.0,0.0,1.0
2015-06-17,101.8,101.8,101.56,101.6137,93.6499,9030.0,0.0,1.0
2015-06-18,101.62,101.632,101.561,101.62,93.6557,1967.0,0.0,1.0
2015-06-19,101.65,101.75,101.64,101.6502,93.6835,2868.0,0.0,1.0
2015-06-22,101.779,101.78,101.62,101.63,93.6649,3205.0,0.0,1.0
2015-06-23,101.63,101.63,101.63,101.63,93.6649,349.0,0.0,1.0
2015-06-24,101.621,101.668,101.6201,101.6201,93.6558,654.0,0.0,1.0
2015-06-25,101.7107,101.77,101.62,101.72,93.7478,1274.0,0.0,1.0
2015-06-26,101.61,101.66,101.61,101.66,93.6925,1854.0,0.0,1.0
2015-06-29,101.76,101.76,101.6693,101.6693,93.7011,1160.0,0.0,1.0
2015-06-30,101.58,101.58,101.495,101.53,93.6833,7049.0,0.12,1.0
2015-07-01,100.88,101.6999,100.88,101.5601,93.7111,1423.0,0.0,1.0
2015-07-02,101.658,101.658,101.5968,101.65,93.794,1269.0,0.0,1.0
2015-07-06,101.78,101.78,101.78,101.78,93.914,837.0,0.0,1.0
2015-07-07,101.7817,101.7817,101.7817,101.7817,93.9156,477.0,0.0,1.0
2015-07-08,102.13,102.13,101.72,101.86,93.9878,1054.0,0.0,1.0
2015-07-09,101.7,101.82,101.69,101.69,93.831,3880.0,0.0,1.0
2015-07-10,101.68,101.69,101.6535,101.6535,93.7973,4726.0,0.0,1.0
2015-07-13,101.7499,101.7499,101.74,101.74,93.8771,959.0,0.0,1.0
2015-07-14,101.82,101.82,101.8021,101.8021,93.9344,704.0,0.0,1.0
2015-07-15,101.67,101.87,101.654,101.87,93.997,5069.0,0.0,1.0
2015-07-16,101.827,101.827,101.827,101.827,93.9574,586.0,0.0,1.0
2015-07-17,101.76,101.84,101.76,101.8399,93.9693,1429.0,0.0,1.0
2015-07-20,101.83,101.84,101.83,101.83,93.9601,1094.0,0.0,1.0
2015-07-21,101.817,101.849,101.736,101.74,93.8771,2036.0,0.0,1.0
2015-07-22,101.78,101.78,101.7301,101.7301,93.868,1076.0,0.0,1.0
2015-07-23,101.75,101.75,101.736,101.7436,93.8804,1700.0,0.0,1.0
2015-07-24,101.72,101.72,101.72,101.72,93.8586,576.0,0.0,1.0
2015-07-27,101.61,101.94,101.6001,101.75,93.8863,8137.0,0.0,1.0
2015-07-28,102.32,102.32,101.638,101.7,93.8402,971.0,0.0,1.0
2015-07-29,101.6588,101.71,101.6,101.65,93.794,5906.0,0.0,1.0
2015-07-30,101.65,101.7699,101.65,101.72,93.8586,1046.0,0.0,1.0
2015-07-31,101.65,101.687,101.65,101.687,93.9389,1126.0,0.12,1.0
2015-08-03,101.687,101.687,101.687,101.687,93.9389,267.0,0.0,1.0
2015-08-04,101.8,101.8,101.61,101.75,93.9971,6948.0,0.0,1.0
2015-08-05,101.41,101.79,101.41,101.78,94.0248,12758.0,0.0,1.0
2015-08-06,101.78,101.84,101.58,101.58,93.8401,7541.0,0.0,1.0
2015-08-07,101.68,101.68,101.62,101.68,93.9324,2033.0,0.0,1.0
2015-08-10,101.63,101.69,101.49,101.5,93.7662,5643.0,0.0,1.0
2015-08-11,101.4601,101.64,101.4601,101.5398,93.8029,2192.0,0.0,1.0
2015-08-12,101.93,101.93,101.59,101.64,93.8955,31987.0,0.0,1.0
2015-08-13,101.6,101.6,101.37,101.4001,93.6739,10374.0,0.0,1.0
2015-08-14,101.5213,101.58,101.48,101.48,93.7477,1310.0,0.0,1.0
2015-08-17,101.82,101.82,101.54,101.59,93.8493,2001.0,0.0,1.0
2015-08-18,101.6,101.62,101.4908,101.556,93.8179,7899.0,0.0,1.0
2015-08-19,101.58,101.58,101.4,101.5,93.7662,2075.0,0.0,1.0
2015-08-20,101.57,101.58,101.38,101.49,93.7569,39433.0,0.0,1.0
2015-08-21,100.55,101.53,100.55,101.4852,93.7525,13000.0,0.0,1.0
2015-08-24,100.93,101.48,100.93,101.47,93.7384,1360.0,0.0,1.0
2015-08-25,102.47,102.47,101.0,101.0101,93.3136,10776.0,0.0,1.0
2015-08-26,101.48,101.48,101.05,101.2,93.489,4217.0,0.0,1.0
2015-08-27,100.71,101.3,100.71,101.21,93.4983,23577.0,0.0,1.0
2015-08-28,101.11,101.24,101.105,101.114,93.4096,1228.0,0.0,1.0
2015-08-31,101.249,101.277,101.2,101.259,93.6821,2716.0,0.15,1.0
2015-09-01,101.19,101.19,101.06,101.06,93.498,530.0,0.0,1.0
2015-09-02,100.96,101.05,100.96,100.97,93.4147,650.0,0.0,1.0
2015-09-03,101.11,101.24,101.1,101.1925,93.6206,71942.0,0.0,1.0
2015-09-04,101.1331,101.1331,101.1331,101.1331,93.5656,359.0,0.0,1.0
2015-09-08,101.1219,101.1219,101.1219,101.1219,93.5553,552.0,0.0,1.0
2015-09-09,101.25,101.25,101.23,101.23,93.6553,1132.0,0.0,1.0
2015-09-10,101.1721,101.2899,101.1721,101.273,93.695,2412.0,0.0,1.0
2015-09-11,101.299,101.299,101.2899,101.2899,93.7107,521.0,0.0,1.0
2015-09-14,101.26,101.26,101.11,101.25,93.6738,1277.0,0.0,1.0
2015-09-15,101.07,101.08,101.07,101.08,93.5165,905.0,0.0,1.0
2015-09-16,101.217,101.227,101.217,101.227,93.6525,806.0,0.0,1.0
2015-09-17,101.227,101.227,101.227,101.227,93.6525,417.0,0.0,1.0
2015-09-18,101.2936,101.33,101.2936,101.32,93.7385,789.0,0.0,1.0
2015-09-21,101.16,101.172,101.16,101.172,93.6016,984.0,0.0,1.0
2015-09-22,101.1801,101.22,101.18,101.18,93.609,6313.0,0.0,1.0
2015-09-23,101.122,101.2099,101.09,101.2099,93.6367,2064.0,0.0,1.0
2015-09-24,101.15,101.15,101.0401,101.07,93.5072,5316.0,0.0,1.0
2015-09-25,101.08,101.08,100.985,101.05,93.4887,4266.0,0.0,1.0
2015-09-28,101.02,101.02,101.02,101.02,93.461,568.0,0.0,1.0
2015-09-29,100.9,100.93,100.802,100.862,93.3148,4055.0,0.0,1.0
2015-09-30,100.4801,100.51,100.48,100.496,93.152,973.0,0.19,1.0
2015-10-01,100.5101,100.5842,100.5101,100.5842,93.2337,1324.0,0.0,1.0
2015-10-02,100.714,100.714,100.714,100.714,93.354,328.0,0.0,1.0
2015-10-05,100.67,100.76,100.6699,100.76,93.3967,4742.0,0.0,1.0
2015-10-06,98.14,100.844,98.14,100.844,93.4745,510.0,0.0,1.0
2015-10-07,100.79,100.9699,100.79,100.9236,93.5483,1733.0,0.0,1.0
2015-10-08,100.7601,100.9272,100.7601,100.9272,93.5517,1500.0,0.0,1.0
2015-10-09,100.9995,101.0,100.9526,101.0,93.6191,1107.0,0.0,1.0
2015-10-12,100.95,100.9999,100.85,100.9636,93.5854,1351.0,0.0,1.0
2015-10-13,100.8748,100.92,100.8563,100.87,93.4986,2548.0,0.0,1.0
2015-10-14,101.0599,101.0599,101.0599,101.0599,93.6747,396.0,0.0,1.0
2015-10-15,100.98,100.98,100.85,100.9753,93.5962,1398.0,0.0,1.0
2015-10-16,101.01,101.01,101.01,101.01,93.6284,639.0,0.0,1.0
2015-10-19,101.01,101.01,101.01,101.01,93.6284,248.0,0.0,1.0
2015-10-20,101.0499,101.06,100.91,100.91,93.5357,720.0,0.0,1.0
2015-10-21,100.9942,101.14,100.9942,101.14,93.7489,1220.0,0.0,1.0
2015-10-22,101.17,101.17,101.03,101.05,93.6655,38198.0,0.0,1.0
2015-10-23,101.1698,101.2308,101.1698,101.1903,93.7955,1376.0,0.0,1.0
2015-10-26,101.34,101.3699,101.3327,101.3699,93.962,3245.0,0.0,1.0
2015-10-27,101.232,101.34,101.232,101.34,93.9343,593.0,0.0,1.0
2015-10-28,101.35,101.35,101.35,101.35,93.9436,563.0,0.0,1.0
2015-10-29,101.3912,101.42,101.308,101.4099,93.9991,1360.0,0.0,1.0
2015-10-30,101.2701,101.45,101.26,101.3905,93.9811,3414.0,0.0,1.0
2015-11-02,101.1602,101.26,101.13,101.1688,93.9795,1758.0,0.22,1.0
2015-11-03,101.13,101.49,101.05,101.2699,94.0734,52300.0,0.0,1.0
2015-11-04,101.52,101.52,101.09,101.235,94.041,1041.0,0.0,1.0
2015-11-05,101.46,101.46,101.01,101.33,94.1293,3098.0,0.0,1.0
2015-11-06,101.56,101.56,101.0175,101.16,93.9714,3067.0,0.0,1.0
2015-11-09,101.0,101.2399,100.98,101.2399,94.0456,4909.0,0.0,1.0
2015-11-10,101.27,101.31,101.25,101.2786,94.0815,6373.0,0.0,1.0
2015-11-11,101.44,101.46,101.34,101.46,94.25,7340.0,0.0,1.0
2015-11-12,101.46,101.64,101.28,101.4,94.1943,3099.0,0.0,1.0
2015-11-13,101.5199,101.5199,101.5199,101.5199,94.3057,382.0,0.0,1.0
2015-11-16,101.41,101.42,101.41,101.42,94.2129,1547.0,0.0,1.0
2015-11-17,101.14,101.448,101.01,101.448,94.2389,1599.0,0.0,1.0
2015-11-18,101.374,101.374,101.374,101.374,94.1701,934.0,0.0,1.0
2015-11-19,101.64,101.64,101.0501,101.2,94.0085,1892.0,0.0,1.0
2015-11-20,101.42,101.5,101.1743,101.39,94.185,4303.0,0.0,1.0
2015-11-23,100.88,101.34,100.88,101.0,93.8227,3021.0,0.0,1.0
2015-11-24,101.37,101.52,101.07,101.31,94.1107,2446.0,0.0,1.0
2015-11-25,101.58,101.61,101.3304,101.46,94.25,4689.0,0.0,1.0
2015-11-27,101.57,101.57,101.5699,101.5699,94.3521,1032.0,0.0,1.0
2015-11-30,101.68,101.68,101.11,101.43,94.2222,4643.0,0.0,1.0
2015-12-01,101.28,101.29,101.03,101.1619,94.1589,2887.0,0.2,1.0
2015-12-02,101.1,101.145,100.9,100.9501,93.9618,6805.0,0.0,1.0
2015-12-03,100.96,101.33,100.8625,100.9399,93.9523,3877.0,0.0,1.0
2015-12-04,101.09,101.14,100.9687,101.14,94.1385,1254.0,0.0,1.0
2015-12-07,100.86,101.2545,100.86,100.89,93.9058,5064.0,0.0,1.0
2015-12-08,100.84,101.2589,100.7452,101.2589,94.2492,1786.0,0.0,1.0
2015-12-09,100.34,100.39,100.19,100.35,94.1677,973.0,0.8214,1.0
2015-12-10,100.26,100.35,100.26,100.305,94.1255,1727.0,0.0,1.0
2015-12-11,100.2,100.2,100.0,100.0001,93.8394,1401.0,0.0,1.0
2015-12-14,100.15,100.15,99.63,99.9295,93.7731,4519.0,0.0,1.0
2015-12-15,99.8,99.8,99.8,99.8,93.6516,349.0,0.0,1.0
2015-12-16,99.6208,99.6208,99.6208,99.6208,93.4834,776.0,0.0,1.0
2015-12-17,99.895,100.25,99.895,100.14,93.9706,1960.0,0.0,1.0
2015-12-18,100.0001,100.389,100.0001,100.195,94.0222,1560.0,0.0,1.0
2015-12-21,100.11,100.31,99.61,100.07,93.905,6481.0,0.0,1.0
2015-12-22,99.85,100.03,99.69,99.9,93.7454,31975.0,0.0,1.0
2015-12-23,99.824,99.862,99.77,99.7759,93.629,1646.0,0.0,1.0
2015-12-24,100.2,100.2,99.8392,99.9065,93.7515,2122.0,0.0,1.0
2015-12-28,99.95,99.95,99.8,99.848,93.6966,6153.0,0.0,1.0
2015-12-29,99.24,99.5399,99.0,99.0,93.4733,6590.0,0.61,1.0
2015-12-30,99.3416,99.63,99.0001,99.304,93.7603,2289.0,0.0,1.0
2015-12-31,99.4292,99.666,99.4292,99.666,94.1021,867.0,0.0,1.0
2016-01-04,99.56,99.9,99.56,99.73,94.1625,113081.0,0.0,1.0
2016-01-05,99.73,99.73,99.504,99.537,93.9803,4436.0,0.0,1.0
2016-01-06,99.53,99.53,99.34,99.36,93.8132,21914.0,0.0,1.0
2016-01-07,99.6799,99.78,99.23,99.62,94.0587,8013.0,0.0,1.0
2016-01-08,99.56,99.74,99.56,99.7399,94.1719,1373.0,0.0,1.0
2016-01-11,99.22,99.5783,99.2101,99.47,93.9171,2075.0,0.0,1.0
2016-01-12,99.37,99.435,99.24,99.435,93.884,9497.0,0.0,1.0
2016-01-13,99.25,99.25,99.05,99.05,93.5205,2804.0,0.0,1.0
2016-01-14,99.315,99.315,99.315,99.315,93.7707,664.0,0.0,1.0
2016-01-15,99.315,99.315,99.315,99.315,93.7707,329.0,0.0,1.0
2016-01-19,99.1514,99.178,99.0,99.1594,93.6238,983.0,0.0,1.0
2016-01-20,99.0,99.0,98.6401,98.7529,93.24,3334.0,0.0,1.0
2016-01-21,99.009,99.009,98.6401,98.6442,93.1374,79911.0,0.0,1.0
2016-01-22,98.67,98.73,98.58,98.68,93.1712,9328.0,0.0,1.0
2016-01-25,99.14,99.18,98.9001,99.1799,93.6431,1342.0,0.0,1.0
2016-01-26,99.18,99.2746,98.956,98.956,93.4317,1639.0,0.0,1.0
2016-01-27,99.0,99.198,98.8108,99.198,93.6602,2727.0,0.0,1.0
2016-01-28,99.34,99.48,97.22,98.56,93.0579,8557.0,0.0,1.0
2016-01-29,99.05,99.52,98.76,99.26,93.7188,7835.0,0.0,1.0
2016-02-01,99.0544,99.121,98.5572,99.121,93.7858,1104.0,0.21,1.0
2016-02-02,98.57,98.8499,98.57,98.71,93.3969,38183.0,0.0,1.0
2016-02-03,98.83,98.83,98.83,98.83,93.5105,500.0,0.0,1.0
2016-02-04,98.5929,98.8399,98.455,98.8399,93.5198,1412.0,0.0,1.0
2016-02-05,98.25,98.42,98.0801,98.11,92.8292,3757.0,0.0,1.0
2016-02-08,98.44,98.44,98.2905,98.2905,93.0,1000.0,0.0,1.0
2016-02-09,97.9011,97.98,97.9011,97.955,92.6826,1358.0,0.0,1.0
2016-02-10,98.1599,98.1599,97.9701,97.9701,92.6969,575.0,0.0,1.0
2016-02-11,98.3664,98.451,98.1913,98.1913,92.9062,825.0,0.0,1.0
2016-02-12,97.2401,97.82,97.2401,97.7603,92.4984,4002.0,0.0,1.0
2016-02-16,97.75,98.38,97.39,98.38,93.0847,21073.0,0.0,1.0
2016-02-17,98.46,98.79,97.6885,97.8332,92.5673,7688.0,0.0,1.0
2016-02-18,98.53,98.69,97.8801,98.69,93.378,1478.0,0.0,1.0
2016-02-19,98.74,98.74,98.1514,98.668,93.3572,4829.0,0.0,1.0
2016-02-22,98.67,99.255,98.5,98.73,93.4159,13653.0,0.0,1.0
2016-02-23,98.5033,98.84,98.31,98.31,93.0185,2950.0,0.0,1.0
2016-02-24,98.76,98.83,98.51,98.81,93.4916,2567.0,0.0,1.0
2016-02-25,98.75,98.76,98.545,98.76,93.4442,3741.0,0.0,1.0
2016-02-26,98.54,98.616,98.54,98.616,93.308,565.0,0.0,1.0
2016-02-29,98.626,98.96,98.626,98.96,93.6335,2926.0,0.0,1.0
2016-03-01,98.59,99.036,98.575,98.83,93.6619,3643.0,0.16,1.0
2016-03-02,99.0424,99.06,99.0424,99.06,93.8798,801.0,0.0,1.0
2016-03-03,99.06,99.07,98.6,98.715,93.5529,108347.0,0.0,1.0
2016-03-04,98.9858,98.9899,98.74,98.8855,93.7145,1945.0,0.0,1.0
2016-03-07,98.71,99.1631,98.68,98.68,93.5197,3062.0,0.0,1.0
2016-03-08,99.24,99.3399,98.85,98.91,93.7377,2187.0,0.0,1.0
2016-03-09,98.9456,98.9953,98.9,98.91,93.7377,826.0,0.0,1.0
2016-03-10,98.96,99.3335,98.7901,98.7901,93.624,6998.0,0.0,1.0
2016-03-11,99.0267,99.058,98.8046,98.9443,93.7702,1849.0,0.0,1.0
2016-03-14,99.406,99.406,98.8301,99.2185,94.03,1083.0,0.0,1.0
2016-03-15,98.9501,98.9501,98.9501,98.9501,93.7757,350.0,0.0,1.0
2016-03-16,99.499,99.499,99.4441,99.49,94.2873,2079.0,0.0,1.0
2016-03-17,98.95,99.5198,98.95,99.11,93.9272,7393.0,0.0,1.0
2016-03-18,98.95,99.6699,98.95,99.0436,93.8643,14913.0,0.0,1.0
2016-03-21,99.64,99.64,99.2689,99.2689,94.0778,2986.0,0.0,1.0
2016-03-22,99.59,99.59,99.34,99.4363,94.2365,16069.0,0.0,1.0
2016-03-23,99.828,99.828,99.45,99.6,94.3916,10203.0,0.0,1.0
2016-03-24,99.7252,99.749,99.2533,99.2752,94.0838,7041.0,0.0,1.0
2016-03-28,99.2301,99.2301,99.2301,99.2301,94.041,365.0,0.0,1.0
2016-03-29,99.5,99.63,99.37,99.44,94.24,7560.0,0.0,1.0
2016-03-30,99.48,99.8,99.48,99.5,94.2968,2274.0,0.0,1.0
2016-03-31,99.2601,99.8333,99.2601,99.8333,94.6127,686.0,0.0,1.0
2016-04-01,99.66,99.73,99.27,99.42,94.3726,2889.0,0.16,1.0
2016-04-04,99.355,99.405,99.0901,99.2101,94.1734,1638.0,0.0,1.0
2016-04-05,99.4,99.7899,99.3,99.325,94.2825,3019.0,0.0,1.0
2016-04-06,99.7734,99.78,99.32,99.33,94.2872,6729.0,0.0,1.0
2016-04-07,99.3,99.44,99.3,99.4175,94.3703,741.0,0.0,1.0
2016-04-08,99.79,99.79,99.1701,99.6866,94.6257,1933.0,0.0,1.0
2016-04-11,99.68,99.836,99.27,99.27,94.2303,4659.0,0.0,1.0
2016-04-12,99.52,99.6193,99.27,99.41,94.3632,5977.0,0.0,1.0
2016-04-13,99.2001,99.84,99.2001,99.61,94.553,6224.0,0.0,1.0
2016-04-14,99.61,99.67,99.535,99.5385,94.4851,2526.0,0.0,1.0
2016-04-15,99.8702,99.9238,99.457,99.515,94.4628,9920.0,0.0,1.0
2016-04-18,99.39,99.871,99.3511,99.495,94.4438,2841.0,0.0,1.0
2016-04-19,99.95,99.95,99.29,99.31,94.2682,9068.0,0.0,1.0
2016-04-20,99.9596,99.9596,99.66,99.66,94.6005,815.0,0.0,1.0
2016-04-21,99.4753,99.9999,99.47,99.9999,94.9231,5069.0,0.0,1.0
2016-04-22,99.85,99.85,99.5401,99.61,94.553,3832.0,0.0,1.0
2016-04-25,99.627,99.88,99.62,99.87,94.7998,9398.0,0.0,1.0
2016-04-26,99.9,99.9,99.695,99.7973,94.7308,3977.0,0.0,1.0
2016-04-27,99.97,99.99,99.42,99.821,94.7533,20820.0,0.0,1.0
2016-04-28,99.9299,99.96,99.7916,99.96,94.8852,9988.0,0.0,1.0
2016-04-29,99.8101,100.05,99.8101,100.05,94.9707,7374.0,0.0,1.0
2016-05-02,99.89,99.89,99.52,99.78,94.8473,15602.0,0.14,1.0
2016-05-03,99.81,99.91,99.41,99.9,94.9613,24586.0,0.0,1.0
2016-05-04,99.96,100.04,99.76,100.0299,95.0848,4208.0,0.0,1.0
2016-05-05,100.07,100.129,100.0223,100.12,95.1705,1197.0,0.0,1.0
2016-05-06,100.08,100.1299,99.88,100.09,95.1419,3000.0,0.0,1.0
2016-05-09,99.74,100.24,99.74,100.19,95.237,1604.0,0.0,1.0
2016-05-10,100.178,100.215,100.105,100.215,95.2608,4406.0,0.0,1.0
2016-05-11,100.28,100.28,100.015,100.189,95.236,12644.0,0.0,1.0
2016-05-12,100.18,100.26,100.0118,100.26,95.3035,7027.0,0.0,1.0
2016-05-13,100.3,100.328,100.105,100.105,95.1562,1171.0,0.0,1.0
2016-05-16,100.12,100.3,100.014,100.3,95.3416,1696.0,0.0,1.0
2016-05-17,99.9,100.36,99.89,100.1315,95.1814,4638.0,0.0,1.0
2016-05-18,100.29,100.29,100.1,100.218,95.2636,7971.0,0.0,1.0
2016-05-19,100.37,100.39,100.146,100.37,95.4081,4944.0,0.0,1.0
2016-05-20,101.11,101.11,100.2258,100.28,95.3225,3361.0,0.0,1.0
2016-05-23,100.28,100.33,100.01,100.115,95.1657,4901.0,0.0,1.0
2016-05-24,100.1743,100.3199,100.0,100.0,95.0564,5189.0,0.0,1.0
2016-05-25,100.38,100.38,100.23,100.2689,95.312,919.0,0.0,1.0
2016-05-26,100.43,100.43,100.1197,100.1197,95.1702,627.0,0.0,1.0
2016-05-27,100.1,100.26,100.0501,100.18,95.2275,2829.0,0.0,1.0
2016-05-31,100.38,100.42,100.08,100.31,95.3511,2416.0,0.0,1.0
2016-06-01,100.27,100.27,100.0499,100.2316,95.4096,1235.0,0.14,1.0
2016-06-02,100.23,100.3299,99.9901,99.9901,95.1797,2604.0,0.0,1.0
2016-06-03,100.41,100.47,100.1701,100.401,95.5709,2333.0,0.0,1.0
2016-06-06,100.31,100.35,100.04,100.35,95.5223,3707.0,0.0,1.0
2016-06-07,100.17,100.1916,100.01,100.01,95.1987,3032.0,0.0,1.0
2016-06-08,99.96,100.22,99.96,100.0589,95.2452,2136.0,0.0,1.0
2016-06-09,100.28,100.28,99.9411,100.0,95.1892,1601.0,0.0,1.0
2016-06-10,100.2,100.28,100.1675,100.1675,95.3486,1039.0,0.0,1.0
2016-06-13,100.27,100.27,100.0522,100.13,95.3129,5883.0,0.0,1.0
2016-06-14,100.2015,100.2015,99.9701,100.17,95.351,1314.0,0.0,1.0
2016-06-15,100.2799,100.28,100.0576,100.15,95.3319,1734.0,0.0,1.0
2016-06-16,100.1,100.26,100.1,100.13,95.3129,29147.0,0.0,1.0
2016-06-17,100.13,100.17,100.01,100.0707,95.2565,5669.0,0.0,1.0
2016-06-20,100.2274,100.2274,100.016,100.016,95.2044,9986.0,0.0,1.0
2016-06-21,100.16,100.2,99.9988,100.1,95.2843,3741.0,0.0,1.0
2016-06-22,100.1,100.18,99.9713,100.12,95.3034,19460.0,0.0,1.0
2016-06-23,100.2,100.2049,100.03,100.03,95.2177,4406.0,0.0,1.0
2016-06-24,100.03,100.4099,100.03,100.33,95.5033,6857.0,0.0,1.0
2016-06-27,100.1,100.3999,100.0901,100.36,95.5318,5211.0,0.0,1.0
2016-06-28,100.16,100.42,100.16,100.3707,95.542,5231.0,0.0,1.0
2016-06-29,100.35,100.36,100.22,100.2596,95.4363,1998.0,0.0,1.0
2016-06-30,100.3,100.39,100.24,100.39,95.5604,3118.0,0.0,1.0
2016-07-01,100.39,100.39,100.151,100.151,95.4947,3321.0,0.17,1.0
2016-07-05,100.4102,100.4102,100.38,100.38,95.7131,889.0,0.0,1.0
2016-07-06,100.39,100.4476,100.16,100.37,95.7035,3119.0,0.0,1.0
2016-07-07,100.4546,100.4699,100.315,100.455,95.7846,5474.0,0.0,1.0
2016-07-08,100.01,100.45,100.01,100.4,95.7321,7163.0,0.0,1.0
2016-07-11,100.27,100.59,100.27,100.35,95.6845,13577.0,0.0,1.0
2016-07-12,100.35,100.65,100.35,100.5399,95.8655,2239.0,0.0,1.0
2016-07-13,100.46,100.65,100.46,100.568,95.8923,1017.0,0.0,1.0
2016-07-14,100.5364,100.7499,100.5364,100.72,96.0373,1575.0,0.0,1.0
2016-07-15,100.52,100.7099,100.52,100.7099,96.0276,1364.0,0.0,1.0
2016-07-18,100.61,101.0299,100.61,100.7499,96.0658,3653.0,0.0,1.0
2016-07-19,100.8845,100.8845,100.7,100.808,96.1212,6590.0,0.0,1.0
2016-07-20,101.0,101.0,100.7666,100.84,96.1517,2840.0,0.0,1.0
2016-07-21,100.84,100.97,100.82,100.97,96.2756,3920.0,0.0,1.0
2016-07-22,100.96,100.97,100.7818,100.8158,96.1286,1747.0,0.0,1.0
2016-07-25,100.8412,100.97,100.8338,100.96,96.2661,1782.0,0.0,1.0
2016-07-26,100.9118,101.01,100.9118,100.95,96.2566,2050.0,0.0,1.0
2016-07-27,101.0,101.08,100.871,101.08,96.3805,5777.0,0.0,1.0
2016-07-28,101.06,101.08,100.97,101.03,96.3328,5180.0,0.0,1.0
2016-07-29,101.03,101.13,100.97,101.02,96.3233,2740.0,0.0,1.0
2016-08-01,100.85,101.01,100.6147,100.67,96.1517,9851.0,0.17,1.0
2016-08-02,100.62,100.7599,100.52,100.7599,96.2375,5055.0,0.0,1.0
2016-08-03,100.75,100.75,100.574,100.6362,96.1194,1072.0,0.0,1.0
2016-08-04,100.73,100.92,100.73,100.89,96.3618,2871.0,0.0,1.0
2016-08-05,100.82,100.82,100.7,100.72,96.1994,2623.0,0.0,1.0
2016-08-08,100.83,100.86,100.7643,100.86,96.3332,570.0,0.0,1.0
2016-08-09,100.86,100.9099,100.75,100.7862,96.2627,4716.0,0.0,1.0
2016-08-10,100.96,100.96,100.7721,100.7721,96.2492,743.0,0.0,1.0
2016-08-11,100.85,100.85,100.7201,100.7201,96.1995,829.0,0.0,1.0
2016-08-12,100.9299,100.93,100.85,100.89,96.3618,53873.0,0.0,1.0
2016-08-15,100.88,100.88,100.7,100.7,96.1803,4393.0,0.0,1.0
2016-08-16,100.8,100.8299,100.77,100.79,96.2663,1570.0,0.0,1.0
2016-08-17,100.79,100.79,100.7,100.7667,96.244,1300.0,0.0,1.0
2016-08-18,100.87,100.87,100.735,100.836,96.3102,762.0,0.0,1.0
2016-08-19,100.8,100.81,100.72,100.7599,96.2375,3818.0,0.0,1.0
2016-08-22,100.8071,100.8467,100.75,100.8467,96.3204,2767.0,0.0,1.0
2016-08-23,100.86,100.8699,100.82,100.82,96.2949,1622.0,0.0,1.0
2016-08-24,100.8004,100.92,100.7676,100.91,96.3809,6801.0,0.0,1.0
2016-08-25,100.9,100.909,100.7501,100.7501,96.2282,1623.0,0.0,1.0
2016-08-26,100.881,100.92,100.7001,100.83,96.3045,4299.0,0.0,1.0
2016-08-29,100.803,101.02,100.803,100.95,96.4191,1511.0,0.0,1.0
2016-08-30,100.9216,101.0,100.78,100.99,96.4573,6210.0,0.0,1.0
2016-08-31,101.05,101.0599,100.9,101.03,96.4955,3891.0,0.0,1.0
2016-09-01,100.87,100.8999,100.8,100.8999,96.505,2035.0,0.14,1.0
2016-09-02,101.054,101.12,100.758,100.758,96.3693,1482.0,0.0,1.0
2016-09-06,100.92,100.92,100.92,100.92,96.5242,300.0,0.0,1.0
2016-09-07,100.7664,100.89,100.7664,100.78,96.3903,3385.0,0.0,1.0
2016-09-08,100.89,100.89,100.69,100.7938,96.4035,4422.0,0.0,1.0
2016-09-09,100.79,100.8399,100.69,100.8299,96.438,4154.0,0.0,1.0
2016-09-12,100.7668,100.92,100.7668,100.83,96.4381,5418.0,0.0,1.0
2016-09-13,100.88,100.88,100.754,100.76,96.3712,1299.0,0.0,1.0
2016-09-14,100.92,101.02,100.73,100.73,96.3425,3071.0,0.0,1.0
2016-09-15,100.74,100.99,100.74,100.97,96.572,3707.0,0.0,1.0
2016-09-16,100.97,100.99,100.82,100.82,96.4286,911.0,0.0,1.0
2016-09-19,101.06,101.06,100.7828,100.9,96.5051,3371.0,0.0,1.0
2016-09-20,100.91,100.92,100.805,100.84,96.4477,9197.0,0.0,1.0
2016-09-21,101.02,101.03,100.7601,100.9828,96.5843,4707.0,0.0,1.0
2016-09-22,100.91,101.0473,100.8094,100.82,96.4286,3075.0,0.0,1.0
2016-09-23,100.98,101.04,100.77,100.7729,96.3835,2068.0,0.0,1.0
2016-09-26,100.9,101.11,100.8132,100.9349,96.5385,32079.0,0.0,1.0
2016-09-27,100.9501,101.1239,100.95,101.06,96.6581,4013.0,0.0,1.0
2016-09-28,101.108,101.12,101.0,101.04,96.639,2994.0,0.0,1.0
2016-09-29,101.01,101.04,100.9615,101.008,96.6084,5944.0,0.0,1.0
2016-09-30,100.9727,101.05,100.9727,101.05,96.6485,645.0,0.0,1.0
2016-10-03,100.92,100.92,100.6794,100.6794,96.428,2220.0,0.14,1.0
2016-10-04,100.8223,100.8223,100.8223,100.8223,96.5648,367.0,0.0,1.0
2016-10-05,100.61,100.88,100.61,100.6631,96.4124,4540.0,0.0,1.0
2016-10-06,100.7805,100.885,100.66,100.758,96.5033,1714.0,0.0,1.0
2016-10-07,100.758,100.758,100.758,100.758,96.5033,162.0,0.0,1.0
2016-10-10,100.61,100.8231,100.61,100.8231,96.5656,647.0,0.0,1.0
2016-10-11,100.8231,100.8231,100.8231,100.8231,96.5656,25.0,0.0,1.0
2016-10-12,100.805,100.8599,100.805,100.8325,96.5746,944.0,0.0,1.0
2016-10-13,100.84,100.845,100.62,100.7017,96.4493,2888.0,0.0,1.0
2016-10-14,100.85,101.05,100.72,100.72,96.4669,21876.0,0.0,1.0
2016-10-17,100.84,101.0399,100.84,100.8518,96.5931,3978.0,0.0,1.0
2016-10-18,101.03,101.09,100.8694,100.9368,96.6745,8426.0,0.0,1.0
2016-10-19,100.83,101.08,100.83,101.06,96.7925,1300.0,0.0,1.0
2016-10-20,101.06,101.06,100.81,100.82,96.5626,8113.0,0.0,1.0
2016-10-21,100.9712,100.9782,100.9712,100.9782,96.7142,770.0,0.0,1.0
2016-10-24,101.25,101.25,100.9221,101.12,96.85,9668.0,0.0,1.0
2016-10-25,100.92,101.15,100.89,100.89,96.6297,6626.0,0.0,1.0
2016-10-26,100.9,100.94,100.88,100.92,96.6584,2704.0,0.0,1.0
2016-10-27,101.0323,101.0323,101.0323,101.0323,96.766,683.0,0.0,1.0
2016-10-28,100.86,101.0599,100.83,101.0,96.735,3742.0,0.0,1.0
2016-10-31,100.97,101.1099,100.945,101.0,96.735,4236.0,0.0,1.0
2016-11-01,101.16,101.16,100.66,100.66,96.5435,8602.0,0.14,1.0
2016-11-02,100.712,100.8304,100.712,100.81,96.6874,827.0,0.0,1.0
2016-11-03,100.871,100.871,100.7196,100.7196,96.6007,1365.0,0.0,1.0
2016-11-04,100.7401,100.86,100.74,100.81,96.6874,3980.0,0.0,1.0
2016-11-07,100.72,100.8479,100.711,100.8479,96.7237,7220.0,0.0,1.0
2016-11-08,100.635,100.88,100.635,100.88,96.7545,3129.0,0.0,1.0
2016-11-09,100.62,100.85,100.615,100.7496,96.6294,4979.0,0.0,1.0
2016-11-10,100.62,100.89,100.62,100.7095,96.591,3454.0,0.0,1.0
2016-11-11,100.538,100.54,100.505,100.54,96.4284,1083.0,0.0,1.0
2016-11-14,100.55,100.55,100.28,100.4951,96.3853,14501.0,0.0,1.0
2016-11-15,100.4696,100.5234,100.3201,100.4757,96.3667,3013.0,0.0,1.0
2016-11-16,100.32,100.536,100.32,100.4197,96.313,2971.0,0.0,1.0
2016-11-17,100.52,100.5963,100.52,100.5963,96.4824,713.0,0.0,1.0
2016-11-18,100.36,100.5707,100.35,100.5224,96.4115,4412.0,0.0,1.0
2016-11-21,100.59,100.59,100.3,100.4579,96.3497,2603.0,0.0,1.0
2016-11-22,100.3953,100.4293,100.3,100.3599,96.2557,4071.0,0.0,1.0
2016-11-23,100.5429,100.6463,100.4472,100.4983,96.3884,1842.0,0.0,1.0
2016-11-25,100.4983,100.4983,100.4983,100.4983,96.3884,71.0,0.0,1.0
2016-11-28,100.3745,100.4382,100.3301,100.3753,96.2704,2038.0,0.0,1.0
2016-11-29,100.64,100.64,100.28,100.28,96.179,1888.0,0.0,1.0
2016-11-30,100.47,100.645,100.31,100.62,96.5051,5130.0,0.0,1.0
2016-12-01,100.08,100.33,100.08,100.2299,96.2748,997.0,0.15,1.0
2016-12-02,99.92,100.3299,99.92,100.25,96.2942,1274.0,0.0,1.0
2016-12-05,100.09,100.3832,100.07,100.3093,96.3511,2725.0,0.0,1.0
2016-12-06,100.4399,100.44,100.1201,100.13,96.1789,5227.0,0.0,1.0
2016-12-07,100.2,100.43,100.19,100.26,96.3038,10065.0,0.0,1.0
2016-12-08,100.42,100.42,100.2548,100.2548,96.2988,8934.0,0.0,1.0
2016-12-09,100.37,100.4,100.07,100.38,96.419,5229.0,0.0,1.0
2016-12-12,100.3408,100.3408,100.2298,100.247,96.2913,3151.0,0.0,1.0
2016-12-13,100.09,100.24,100.09,100.2,96.2461,4230.0,0.0,1.0
2016-12-14,100.29,100.29,100.12,100.23,96.2749,2610.0,0.0,1.0
2016-12-15,100.04,100.2686,99.96,100.0491,96.1012,6733.0,0.0,1.0
2016-12-16,99.98,100.2498,99.98,100.1763,96.2234,3207.0,0.0,1.0
2016-12-19,100.28,100.4799,100.235,100.407,96.445,9398.0,0.0,1.0
2016-12-20,100.11,100.474,100.11,100.151,96.1991,1933.0,0.0,1.0
2016-12-21,100.2776,100.48,100.2776,100.4705,96.506,14860.0,0.0,1.0
2016-12-22,100.49,100.569,100.2169,100.49,96.5247,21556.0,0.0,1.0
2016-12-23,100.31,100.588,100.31,100.43,96.467,16292.0,0.0,1.0
2016-12-27,100.53,100.53,100.111,100.2845,96.3273,9516.0,0.0,1.0
2016-12-28,100.21,100.33,100.19,100.26,96.4382,20833.0,0.14,1.0
2016-12-29,100.25,100.3799,100.0601,100.34,96.5152,2710.0,0.0,1.0
2016-12-30,100.37,100.4353,100.2,100.37,96.544,9467.0,0.0,1.0
2017-01-03,100.54,103.0,100.2471,100.3015,96.4782,4408.0,0.0,1.0
2017-01-04,100.46,100.51,100.36,100.485,96.6547,7873.0,0.0,1.0
2017-01-05,100.1625,100.48,100.0301,100.4,96.5729,60463.0,0.0,1.0
2017-01-06,100.0,100.2857,100.0,100.06,96.2459,2601.0,0.0,1.0
2017-01-09,100.2198,100.3515,100.06,100.06,96.2459,1332.0,0.0,1.0
2017-01-10,100.4468,100.4695,100.17,100.4695,96.6397,1748.0,0.0,1.0
2017-01-11,100.3473,100.5355,100.32,100.32,96.4959,2179.0,0.0,1.0
2017-01-12,100.4837,100.5134,100.1801,100.21,96.3901,3860.0,0.0,1.0
2017-01-13,100.5268,100.5268,100.4322,100.4322,96.6039,951.0,0.0,1.0
2017-01-17,100.34,100.65,100.1701,100.53,96.6979,3429.0,0.0,1.0
2017-01-18,100.5397,100.64,100.3554,100.4565,96.6272,3456.0,0.0,1.0
2017-01-19,100.1801,100.3839,100.1801,100.3806,96.5542,1275.0,0.0,1.0
2017-01-20,100.11,100.6958,100.09,100.3401,96.5153,36802.0,0.0,1.0
2017-01-23,100.6803,100.7186,100.4625,100.655,96.8182,3875.0,0.0,1.0
2017-01-24,100.64,100.7317,100.41,100.701,96.8624,25809.0,0.0,1.0
2017-01-25,100.57,100.6299,100.4616,100.4616,96.6321,1675.0,0.0,1.0
2017-01-26,100.61,100.62,100.4234,100.549,96.7162,2188.0,0.0,1.0
2017-01-27,100.58,100.71,100.42,100.62,96.7845,10555.0,0.0,1.0
2017-01-30,100.43,100.73,100.425,100.7169,96.8777,5270.0,0.0,1.0
2017-01-31,100.81,100.85,100.575,100.8,96.9576,13484.0,0.0,1.0
2017-02-01,100.52,100.52,100.419,100.42,96.7316,1144.0,0.145,1.0
2017-02-02,100.58,100.6,100.3525,100.5,96.8087,6063.0,0.0,1.0
2017-02-03,100.6183,100.626,100.5,100.55,96.8568,2246.0,0.0,1.0
2017-02-06,100.61,100.78,100.56,100.7654,97.0643,7620.0,0.0,1.0
2017-02-07,100.72,100.72,100.4101,100.52,96.8279,7753.0,0.0,1.0
2017-02-08,100.68,100.792,100.6,100.722,97.0225,6795.0,0.0,1.0
2017-02-09,100.79,100.79,100.52,100.52,96.8279,4233.0,0.0,1.0
2017-02-10,100.78,100.78,100.4542,100.66,96.9628,11134.0,0.0,1.0
2017-02-13,100.6568,100.7499,100.62,100.7135,97.0143,4283.0,0.0,1.0
2017-02-14,100.76,100.76,100.34,100.7399,97.0398,26152.0,0.0,1.0
2017-02-15,100.415,100.6397,100.41,100.61,96.9146,4616.0,0.0,1.0
2017-02-16,100.6,100.82,100.54,100.82,97.1169,6704.0,0.0,1.0
2017-02-17,100.6499,100.65,100.5795,100.65,96.9532,1831.0,0.0,1.0
2017-02-21,100.49,100.76,100.48,100.705,97.0061,6682.0,0.0,1.0
2017-02-22,100.7075,100.81,100.6071,100.6509,96.954,2151.0,0.0,1.0
2017-02-23,100.79,100.92,100.661,100.73,97.0302,3395.0,0.0,1.0
2017-02-24,101.0,101.04,100.7901,100.7901,97.0881,5965.0,0.0,1.0
2017-02-27,100.88,100.93,100.7899,100.92,97.2132,8528.0,0.0,1.0
2017-02-28,100.9799,100.9799,100.9799,100.9799,97.2709,667.0,0.0,1.0
2017-03-01,100.68,100.68,100.27,100.28,96.7364,26181.0,0.145,1.0
2017-03-02,100.33,100.48,100.33,100.44,96.8908,9866.0,0.0,1.0
2017-03-03,100.66,100.66,100.37,100.57,97.0162,24370.0,0.0,1.0
2017-03-06,100.5817,100.77,100.5772,100.77,97.2091,5813.0,0.0,1.0
2017-03-07,100.39,100.689,100.39,100.5678,97.0141,3145.0,0.0,1.0
2017-03-08,100.48,100.77,100.48,100.769,97.2081,21513.0,0.0,1.0
2017-03-09,100.6,100.62,100.34,100.37,96.8232,7950.0,0.0,1.0
2017-03-10,100.55,100.6106,100.31,100.31,96.7654,33310.0,0.0,1.0
2017-03-13,100.432,100.4965,100.35,100.48,96.9294,9074.0,0.0,1.0
2017-03-14,100.41,100.525,100.4025,100.49,96.939,3690.0,0.0,1.0
2017-03-15,100.5,100.6636,100.35,100.5925,97.0379,10279.0,0.0,1.0
2017-03-16,100.37,100.629,100.35,100.35,96.8039,7284.0,0.0,1.0
2017-03-17,100.5134,100.555,100.35,100.43,96.8811,7618.0,0.0,1.0
2017-03-20,100.42,100.5599,100.35,100.5599,97.0064,10718.0,0.0,1.0
2017-03-21,100.6433,100.7231,100.4193,100.53,96.9776,12393.0,0.0,1.0
2017-03-22,100.71,100.71,100.52,100.56,97.0065,10655.0,0.0,1.0
2017-03-23,100.69,100.75,100.5619,100.65,97.0933,5144.0,0.0,1.0
2017-03-24,100.56,100.6199,100.56,100.607,97.0519,7978.0,0.0,1.0
2017-03-27,100.56,100.66,100.56,100.6256,97.0698,16581.0,0.0,1.0
2017-03-28,100.6858,100.6858,100.624,100.629,97.0731,4820.0,0.0,1.0
2017-03-29,100.71,100.71,100.61,100.61,97.0548,1339.0,0.0,1.0
2017-03-30,100.6866,100.6866,100.6429,100.6702,97.1128,1523.0,0.0,1.0
2017-03-31,100.7,100.84,100.5958,100.8214,97.2587,1763.0,0.0,1.0
2017-04-03,100.74,100.89,100.68,100.78,97.3152,42398.0,0.1,1.0
2017-04-04,100.8,100.8,100.6091,100.72,97.2573,21926.0,0.0,1.0
2017-04-05,100.8,100.8,100.5501,100.6653,97.2045,11178.0,0.0,1.0
2017-04-06,100.7963,100.89,100.5718,100.87,97.4021,7391.0,0.0,1.0
2017-04-07,100.79,100.8,100.6416,100.695,97.2331,4229.0,0.0,1.0
2017-04-10,100.66,100.8013,100.65,100.655,97.1945,22129.0,0.0,1.0
2017-04-11,100.8,100.889,100.6,100.601,97.1424,3396.0,0.0,1.0
2017-04-12,100.7,100.744,100.6115,100.7068,97.2445,9803.0,0.0,1.0
2017-04-13,100.78,100.7801,100.612,100.7608,97.2967,3728.0,0.0,1.0
2017-04-17,100.78,100.78,100.6742,100.73,97.2669,1924.0,0.0,1.0
2017-04-18,100.7301,100.85,100.652,100.7951,97.3298,4908.0,0.0,1.0
2017-04-19,100.6,100.86,100.6,100.81,97.3442,7162.0,0.0,1.0
2017-04-20,100.85,100.88,100.7418,100.8792,97.411,15276.0,0.0,1.0
2017-04-21,100.83,100.87,100.83,100.845,97.378,3824.0,0.0,1.0
2017-04-24,100.82,100.848,100.6693,100.79,97.3249,12843.0,0.0,1.0
2017-04-25,100.755,100.867,100.7513,100.8074,97.3417,3638.0,0.0,1.0
2017-04-26,100.84,100.88,100.6935,100.79,97.3249,14917.0,0.0,1.0
2017-04-27,100.71,100.81,100.62,100.78,97.3152,9388.0,0.0,1.0
2017-04-28,100.86,100.91,100.8,100.855,97.3876,5124.0,0.0,1.0
2017-05-01,100.85,100.85,100.6896,100.8465,97.476,4365.0,0.1,1.0
2017-05-02,100.8594,100.8594,100.8301,100.85,97.4794,1428.0,0.0,1.0
2017-05-03,100.86,100.86,100.73,100.79,97.4214,17451.0,0.0,1.0
2017-05-04,100.87,100.8999,100.8,100.855,97.4842,4763.0,0.0,1.0
2017-05-05,100.8403,100.9,100.7,100.7,97.3344,8236.0,0.0,1.0
2017-05-08,100.9,100.9,100.73,100.8104,97.4411,5085.0,0.0,1.0
2017-05-09,100.8,100.9,100.75,100.75,97.3827,3004.0,0.0,1.0
2017-05-10,100.89,100.8998,100.8348,100.8348,97.4647,1074.0,0.0,1.0
2017-05-11,100.8524,100.9,100.8348,100.9,97.5277,1083.0,0.0,1.0
2017-05-12,100.8342,100.9,100.81,100.8992,97.5269,1873.0,0.0,1.0
2017-05-15,100.89,100.89,100.89,100.89,97.518,558.0,0.0,1.0
2017-05-16,100.89,101.0,100.7,100.8875,97.5156,5371.0,0.0,1.0
2017-05-17,101.0,101.0,100.9194,100.9358,97.5623,1665.0,0.0,1.0
2017-05-18,100.99,101.0,100.78,100.83,97.46,2063.0,0.0,1.0
2017-05-19,101.0,101.0,100.76,100.76,97.3924,2042.0,0.0,1.0
2017-05-22,100.86,101.18,100.78,101.15,97.7694,6957.0,0.0,1.0
2017-05-23,100.86,101.44,100.86,101.31,97.924,6789.0,0.0,1.0
2017-05-24,101.18,101.489,101.15,101.2432,97.8594,4137.0,0.0,1.0
2017-05-25,101.52,101.52,101.3999,101.43,98.04,3793.0,0.0,1.0
2017-05-26,100.89,101.31,100.8,101.044,97.6669,7388.0,0.0,1.0
2017-05-30,101.1414,101.188,101.1414,101.18,97.7984,2624.0,0.0,1.0
2017-05-31,101.19,101.2686,100.901,101.08,97.7017,4846.0,0.0,1.0
2017-06-01,100.94,101.05,100.798,100.98,97.7887,4079.0,0.19,1.0
2017-06-02,100.87,101.055,100.87,101.035,97.8419,9047.0,0.0,1.0
2017-06-05,101.04,101.04,100.93,100.93,97.7403,1223.0,0.0,1.0
2017-06-06,100.99,101.158,100.941,101.0546,97.8609,8656.0,0.0,1.0
2017-06-07,101.05,101.119,100.9902,100.9902,97.7986,3029.0,0.0,1.0
2017-06-08,100.99,101.13,100.97,101.13,97.9339,472.0,0.0,1.0
2017-06-09,100.92,101.11,100.92,101.0498,97.8563,5208.0,0.0,1.0
2017-06-12,101.0608,101.11,100.92,101.06,97.8662,5720.0,0.0,1.0
2017-06-13,101.13,101.155,101.0448,101.11,97.9146,2394.0,0.0,1.0
2017-06-14,101.14,101.14,101.06,101.1,97.9049,3907.0,0.0,1.0
2017-06-15,101.0763,101.145,101.0483,101.05,97.8565,1625.0,0.0,1.0
2017-06-16,101.11,101.158,101.0412,101.14,97.9436,3721.0,0.0,1.0
2017-06-19,100.97,101.208,100.97,101.2,98.0017,2011.0,0.0,1.0
2017-06-20,101.16,101.19,100.891,100.99,97.7984,6370.0,0.0,1.0
2017-06-21,100.91,101.1215,100.91,101.1215,97.9257,3471.0,0.0,1.0
2017-06-22,100.94,101.305,100.94,101.053,97.8594,5968.0,0.0,1.0
2017-06-23,101.0339,101.2568,100.93,100.96,97.7693,5456.0,0.0,1.0
2017-06-26,101.23,101.2899,101.0325,101.2899,98.0888,3147.0,0.0,1.0
2017-06-27,101.22,101.22,101.0,101.09,97.8952,8663.0,0.0,1.0
2017-06-28,101.33,101.33,101.0576,101.19,97.992,35084.0,0.0,1.0
2017-06-29,101.0815,101.175,101.0212,101.12,97.9243,4973.0,0.0,1.0
2017-06-30,101.12,101.26,101.12,101.26,98.0598,8190.0,0.0,1.0
2017-07-03,101.1,101.1,101.0,101.08,98.0695,7615.0,0.19,1.0
2017-07-05,101.31,101.31,101.0169,101.2,98.1859,10418.0,0.0,1.0
2017-07-06,101.19,101.19,100.95,101.1876,98.1739,5293.0,0.0,1.0
2017-07-07,101.16,101.19,101.1,101.1114,98.1,5936.0,0.0,1.0
2017-07-10,101.19,101.26,100.95,100.95,97.9434,22737.0,0.0,1.0
2017-07-11,101.23,101.23,100.96,101.0,97.9919,4231.0,0.0,1.0
2017-07-12,101.01,101.35,100.9601,101.29,98.2733,11710.0,0.0,1.0
2017-07-13,101.24,101.319,100.99,101.1,98.0889,17201.0,0.0,1.0
2017-07-14,101.2279,101.28,101.1,101.12,98.1083,7557.0,0.0,1.0
2017-07-17,101.1878,101.2125,101.12,101.16,98.1471,8750.0,0.0,1.0
2017-07-18,101.11,101.2018,101.05,101.0725,98.0622,13841.0,0.0,1.0
2017-07-19,101.12,101.183,101.0,101.13,98.118,7228.0,0.0,1.0
2017-07-20,101.2,101.2,100.92,101.0396,98.0303,2069.0,0.0,1.0
2017-07-21,100.9201,101.2,100.9201,101.18,98.1665,6688.0,0.0,1.0
2017-07-24,101.19,101.19,101.0364,101.11,98.0986,6588.0,0.0,1.0
2017-07-25,101.16,101.2,100.85,100.895,97.89,9100.0,0.0,1.0
2017-07-26,100.983,101.1199,100.973,101.1,98.0889,11861.0,0.0,1.0
2017-07-27,100.9745,101.0999,100.9,101.06,98.0501,8125.0,0.0,1.0
2017-07-28,101.05,101.05,101.014,101.036,98.0268,3745.0,0.0,1.0
2017-07-31,101.0,101.0999,100.86,100.88,97.8755,32345.0,0.0,1.0
2017-08-01,100.942,101.0866,100.8181,100.8736,98.0594,3620.0,0.196,1.0
2017-08-02,100.9,100.99,100.9,100.99,98.1726,11651.0,0.0,1.0
2017-08-03,101.0013,101.07,100.925,100.9862,98.1689,5344.0,0.0,1.0
2017-08-04,101.03,101.0876,100.85,101.03,98.2115,35205.0,0.0,1.0
2017-08-07,100.85,101.08,100.85,101.06,98.2406,5786.0,0.0,1.0
2017-08-08,101.08,101.16,100.88,100.88,98.0657,19498.0,0.0,1.0
2017-08-09,101.05,101.2,100.91,100.995,98.1774,12317.0,0.0,1.0
2017-08-10,101.06,101.18,100.91,101.1104,98.2896,8006.0,0.0,1.0
2017-08-11,100.8701,101.19,100.85,100.89,98.0754,13105.0,0.0,1.0
2017-08-14,101.1699,101.1699,100.82,100.89,98.0754,8999.0,0.0,1.0
2017-08-15,100.99,101.0,100.86,100.98,98.1629,6553.0,0.0,1.0
2017-08-16,100.89,101.07,100.86,101.0557,98.2364,2934.0,0.0,1.0
2017-08-17,100.9406,101.08,100.8887,101.08,98.2601,4215.0,0.0,1.0
2017-08-18,101.13,101.13,100.9592,101.09,98.2698,3032.0,0.0,1.0
2017-08-21,101.13,101.14,100.9557,101.1015,98.281,12807.0,0.0,1.0
2017-08-22,101.05,101.05,100.96,101.015,98.1969,17619.0,0.0,1.0
2017-08-23,101.15,101.15,101.0,101.0375,98.2188,1670.0,0.0,1.0
2017-08-24,101.05,101.12,101.0001,101.02,98.2017,5722.0,0.0,1.0
2017-08-25,101.07,101.12,100.9585,101.1,98.2795,7633.0,0.0,1.0
2017-08-28,101.0006,101.0799,101.0006,101.05,98.2309,3048.0,0.0,1.0
2017-08-29,101.05,101.05,100.9349,101.005,98.1872,7819.0,0.0,1.0
2017-08-30,101.02,101.15,101.02,101.15,98.3281,3825.0,0.0,1.0
2017-08-31,101.11,101.1499,101.0,101.1233,98.3022,9622.0,0.0,1.0
2017-09-01,100.92,100.9499,100.81,100.85,98.227,14447.0,0.196,1.0
2017-09-05,101.02,101.08,100.9171,100.94,98.3147,31867.0,0.0,1.0
2017-09-06,100.8218,100.955,100.81,100.81,98.1881,9208.0,0.0,1.0
2017-09-07,100.97,101.03,100.97,100.999,98.3721,5461.0,0.0,1.0
2017-09-08,100.92,100.935,100.8,100.8101,98.1882,1752.0,0.0,1.0
2017-09-11,100.8,100.81,100.7,100.75,98.1296,17156.0,0.0,1.0
2017-09-12,100.83,100.83,100.6,100.7197,98.1001,24763.0,0.0,1.0
2017-09-13,100.8417,100.875,100.8173,100.8173,98.1952,1908.0,0.0,1.0
2017-09-14,100.85,100.85,100.61,100.7442,98.124,11723.0,0.0,1.0
2017-09-15,100.7,100.7999,100.7,100.71,98.0907,4844.0,0.0,1.0
2017-09-18,100.87,100.87,100.61,100.85,98.227,11065.0,0.0,1.0
2017-09-19,100.87,100.88,100.7426,100.7701,98.1492,3600.0,0.0,1.0
2017-09-20,100.9064,100.9064,100.75,100.77,98.1491,3253.0,0.0,1.0
2017-09-21,100.865,100.95,100.825,100.95,98.3244,2328.0,0.0,1.0
2017-09-22,100.86,100.95,100.8038,100.8752,98.2516,2468.0,0.0,1.0
2017-09-25,100.79,101.119,100.79,100.99,98.3634,2938.0,0.0,1.0
2017-09-26,100.9345,101.049,100.8301,100.91,98.2855,8328.0,0.0,1.0
2017-09-27,100.81,101.0,100.81,100.9754,98.3492,4843.0,0.0,1.0
2017-09-28,100.92,101.08,100.8614,101.06,98.4316,137076.0,0.0,1.0
2017-09-29,101.08,101.12,100.9201,101.1,98.4705,6909.0,0.0,1.0
2017-10-02,101.02,101.02,100.88,100.95,98.5095,7018.0,0.19,1.0
2017-10-03,100.84,101.03,100.84,100.924,98.4841,2758.0,0.0,1.0
2017-10-04,101.02,101.02,101.01,101.01,98.568,21036.0,0.0,1.0
2017-10-05,101.07,101.07,100.96,101.0,98.5583,4565.0,0.0,1.0
2017-10-06,100.94,101.0,100.9046,100.96,98.5192,7371.0,0.0,1.0
2017-10-09,100.87,101.05,100.87,101.05,98.6071,2526.0,0.0,1.0
2017-10-10,101.07,101.07,100.85,101.05,98.6071,1900.0,0.0,1.0
2017-10-11,100.9947,101.065,100.9486,101.06,98.6168,6148.0,0.0,1.0
2017-10-12,100.9452,101.05,100.9452,101.05,98.6071,3221.0,0.0,1.0
2017-10-13,101.06,101.08,100.89,101.07,98.6266,8434.0,0.0,1.0
2017-10-16,101.0,101.0,100.9,100.9,98.4607,3975.0,0.0,1.0
2017-10-17,101.0,101.04,100.8518,101.04,98.5973,6142.0,0.0,1.0
2017-10-18,100.8514,101.0,100.8514,100.98,98.5388,11359.0,0.0,1.0
2017-10-19,101.06,101.06,100.9278,100.9278,98.4878,4610.0,0.0,1.0
2017-10-20,100.9101,100.98,100.8746,100.96,98.5192,9519.0,0.0,1.0
2017-10-23,101.08,101.08,100.948,101.0127,98.5707,1311.0,0.0,1.0
2017-10-24,100.92,101.08,100.9,101.08,98.6363,6196.0,0.0,1.0
2017-10-25,100.93,101.08,100.93,101.04,98.5973,13641.0,0.0,1.0
2017-10-26,101.08,101.1,101.0088,101.1,98.6559,8909.0,0.0,1.0
2017-10-27,101.3,101.3,101.1344,101.2577,98.8097,9430.0,0.0,1.0
2017-10-30,101.16,101.309,101.15,101.2499,98.8021,2783.0,0.0,1.0
2017-10-31,101.06,101.24,100.98,101.167,98.7212,5741.0,0.0,1.0
2017-11-01,100.81,101.07,100.81,101.0,98.729,5129.0,0.175,1.0
2017-11-02,101.04,101.09,100.86,101.09,98.817,14818.0,0.0,1.0
2017-11-03,101.1,101.1,100.946,101.03,98.7584,8690.0,0.0,1.0
2017-11-06,101.03,101.03,100.9,101.02,98.7486,10053.0,0.0,1.0
2017-11-07,100.93,100.9338,100.9216,100.9301,98.6607,2275.0,0.0,1.0
2017-11-08,100.95,100.96,100.9401,100.96,98.6899,4538.0,0.0,1.0
2017-11-09,100.88,100.91,100.865,100.89,98.6215,14983.0,0.0,1.0
2017-11-10,100.87,100.88,100.86,100.87,98.602,3474.0,0.0,1.0
2017-11-13,100.87,100.92,100.8,100.92,98.6508,10773.0,0.0,1.0
2017-11-14,100.9111,100.92,100.91,100.92,98.6508,2104.0,0.0,1.0
2017-11-15,100.9365,100.97,100.93,100.96,98.6899,13801.0,0.0,1.0
2017-11-16,100.99,100.99,100.8458,100.889,98.6205,4468.0,0.0,1.0
2017-11-17,100.95,100.97,100.9329,100.97,98.6997,9369.0,0.0,1.0
2017-11-20,101.03,101.03,100.9272,100.9272,98.6579,11681.0,0.0,1.0
2017-11-21,100.94,100.96,100.94,100.9523,98.6824,16696.0,0.0,1.0
2017-11-22,100.88,100.89,100.8701,100.89,98.6215,6183.0,0.0,1.0
2017-11-24,100.87,100.88,100.87,100.88,98.6117,3656.0,0.0,1.0
2017-11-27,100.95,100.95,100.89,100.89,98.6215,10691.0,0.0,1.0
2017-11-28,101.05,101.05,100.9,100.91,98.6411,7290.0,0.0,1.0
2017-11-29,100.91,100.92,100.91,100.9158,98.6467,6240.0,0.0,1.0
2017-11-30,100.915,100.92,100.91,100.915,98.6459,8973.0,0.0,1.0
2017-12-01,100.78,100.78,100.72,100.78,98.6997,11483.0,0.19,1.0
2017-12-04,100.67,100.7,100.66,100.68,98.6018,13679.0,0.0,1.0
2017-12-05,100.67,100.73,100.662,100.6699,98.5919,11302.0,0.0,1.0
2017-12-06,100.73,100.73,100.67,100.695,98.6165,10460.0,0.0,1.0
2017-12-07,100.68,100.7,100.68,100.69,98.6116,5874.0,0.0,1.0
2017-12-08,100.76,100.7697,100.76,100.765,98.685,4720.0,0.0,1.0
2017-12-11,100.76,100.76,100.71,100.75,98.6703,12466.0,0.0,1.0
2017-12-12,100.68,100.68,100.66,100.68,98.6018,6869.0,0.0,1.0
2017-12-13,100.67,100.83,100.67,100.83,98.7487,15698.0,0.0,1.0
2017-12-14,100.66,100.67,100.63,100.665,98.5871,11408.0,0.0,1.0
2017-12-15,100.53,100.61,100.53,100.6,98.5234,49030.0,0.0,1.0
2017-12-18,100.65,100.68,100.6445,100.665,98.5871,3856.0,0.0,1.0
2017-12-19,100.69,100.7,100.66,100.66,98.5822,7474.0,0.0,1.0
2017-12-20,100.6798,100.69,100.63,100.68,98.6018,10967.0,0.0,1.0
2017-12-21,100.65,100.7,100.64,100.676,98.5979,51956.0,0.0,1.0
2017-12-22,100.6,100.63,100.58,100.58,98.5038,17344.0,0.0,1.0
2017-12-26,100.63,100.69,100.63,100.675,98.5969,3145.0,0.0,1.0
2017-12-27,100.656,100.76,100.6014,100.7,98.6214,34550.0,0.0,1.0
2017-12-28,100.37,100.37,100.34,100.3572,98.5478,16694.0,0.2677,1.0
2017-12-29,100.37,100.38,100.34,100.34,98.5309,17989.0,0.0,1.0
2018-01-02,100.34,100.35,100.2918,100.33,98.5211,11764.0,0.0,1.0
2018-01-03,100.35,100.39,100.32,100.39,98.58,14982.0,0.0,1.0
2018-01-04,100.34,100.34,100.25,100.26,98.4523,7340.0,0.0,1.0
2018-01-05,100.27,100.27,100.22,100.2485,98.441,15027.0,0.0,1.0
2018-01-08,100.21,100.3214,100.21,100.264,98.4563,6238.0,0.0,1.0
2018-01-09,100.27,100.27,100.21,100.21,98.4032,7927.0,0.0,1.0
2018-01-10,100.3,100.3,100.2001,100.2099,98.4031,7834.0,0.0,1.0
2018-01-11,100.28,100.31,100.28,100.2905,98.4823,8140.0,0.0,1.0
2018-01-12,100.16,100.18,100.14,100.15,98.3443,13171.0,0.0,1.0
2018-01-16,100.29,100.29,100.2264,100.2354,98.4282,13739.0,0.0,1.0
2018-01-17,100.17,100.22,100.15,100.176,98.3699,18157.0,0.0,1.0
2018-01-18,100.16,100.16,100.08,100.08,98.2756,16842.0,0.0,1.0
2018-01-19,100.18,100.18,100.08,100.1036,98.2988,11193.0,0.0,1.0
2018-01-22,100.13,100.18,100.1,100.11,98.305,2826.0,0.0,1.0
2018-01-23,100.18,100.3899,100.18,100.3899,98.5799,17513.0,0.0,1.0
2018-01-24,100.21,100.21,100.14,100.2,98.3934,8296.0,0.0,1.0
2018-01-25,100.2,100.22,100.12,100.22,98.4131,15611.0,0.0,1.0
2018-01-26,100.07,100.09,100.01,100.09,98.2854,7424.0,0.0,1.0
2018-01-29,100.07,100.1484,100.07,100.1209,98.3157,7784.0,0.0,1.0
2018-01-30,100.132,100.18,100.1,100.16,98.3541,21633.0,0.0,1.0
2018-01-31,100.18,100.19,100.11,100.1105,98.3055,12874.0,0.0,1.0
2018-02-01,100.02,100.05,99.91,100.02,98.4032,17599.0,0.19,1.0
2018-02-02,99.9575,100.105,99.93,100.0335,98.4165,6561.0,0.0,1.0
2018-02-05,100.205,100.42,100.11,100.4,98.7771,18204.0,0.0,1.0
2018-02-06,100.3,100.389,100.21,100.389,98.7663,7100.0,0.0,1.0
2018-02-07,100.22,100.23,100.0537,100.064,98.4465,34575.0,0.0,1.0
2018-02-08,100.189,100.189,100.09,100.105,98.4869,6425.0,0.0,1.0
2018-02-09,100.0632,100.37,100.0632,100.2129,98.593,10662.0,0.0,1.0
2018-02-12,100.21,100.2163,100.15,100.1944,98.5748,5950.0,0.0,1.0
2018-02-13,100.16,100.16,99.932,99.9624,98.3466,5363.0,0.0,1.0
2018-02-14,100.02,100.02,99.84,99.91,98.295,13717.0,0.0,1.0
2018-02-15,99.99,100.03,99.85,100.01,98.3934,8547.0,0.0,1.0
2018-02-16,99.99,100.02,99.9401,99.965,98.3491,5931.0,0.0,1.0
2018-02-20,99.96,100.0067,99.8999,99.91,98.295,10190.0,0.0,1.0
2018-02-21,99.94,99.99,99.9043,99.92,98.3049,9287.0,0.0,1.0
2018-02-22,99.96,100.0571,99.96,100.039,98.4219,56418.0,0.0,1.0
2018-02-23,100.11,100.11,99.93,99.99,98.3737,3596.0,0.0,1.0
2018-02-26,100.12,100.12,99.95,99.95,98.3344,7727.0,0.0,1.0
2018-02-27,100.09,100.09,99.84,99.88,98.2655,7047.0,0.0,1.0
2018-02-28,100.09,100.1,99.92,100.03,98.4131,3772.0,0.0,1.0
2018-03-01,99.919,100.015,99.87,99.88,98.4524,8411.0,0.19,1.0
2018-03-02,99.86,99.88,99.74,99.74,98.3144,8552.0,0.0,1.0
2018-03-05,99.882,99.958,99.75,99.7514,98.3257,4137.0,0.0,1.0
2018-03-06,99.9011,99.9011,99.8066,99.81,98.3834,7569.0,0.0,1.0
2018-03-07,99.83,99.84,99.741,99.79,98.3637,30455.0,0.0,1.0
2018-03-08,99.83,99.99,99.8,99.88,98.4524,15403.0,0.0,1.0
2018-03-09,99.82,99.85,99.74,99.74,98.3144,9818.0,0.0,1.0
2018-03-12,99.7,99.8899,99.66,99.83,98.4031,15663.0,0.0,1.0
2018-03-13,99.75,99.82,99.6872,99.81,98.3834,3939.0,0.0,1.0
2018-03-14,99.64,99.85,99.64,99.815,98.3884,2396.0,0.0,1.0
2018-03-15,99.69,99.76,99.61,99.61,98.1863,3587.0,0.0,1.0
2018-03-16,99.81,99.81,99.631,99.725,98.2996,3545.0,0.0,1.0
2018-03-19,99.66,99.81,99.63,99.78,98.3539,7659.0,0.0,1.0
2018-03-20,99.63,99.72,99.62,99.6978,98.2728,13768.0,0.0,1.0
2018-03-21,99.63,99.75,99.61,99.7244,98.2991,4118.0,0.0,1.0
2018-03-22,99.8,99.8,99.664,99.7,98.275,17073.0,0.0,1.0
2018-03-23,99.66,99.789,99.65,99.6992,98.2742,10078.0,0.0,1.0
2018-03-26,99.66,99.81,99.65,99.66,98.2356,29972.0,0.0,1.0
2018-03-27,99.7,99.87,99.69,99.82,98.3933,33869.0,0.0,1.0
2018-03-28,99.96,99.96,99.71,99.71,98.2849,22852.0,0.0,1.0
2018-03-29,99.92,100.0,99.75,99.955,98.5264,9514.0,0.0,1.0
2018-04-02,99.43,99.6585,99.43,99.6084,98.4114,13812.0,0.23,1.0
2018-04-03,99.6,99.6,99.48,99.5245,98.3285,8743.0,0.0,1.0
2018-04-04,99.5598,99.68,99.505,99.66,98.4624,4871.0,0.0,1.0
2018-04-05,99.63,99.63,99.4,99.5126,98.3168,21620.0,0.0,1.0
2018-04-06,99.6334,99.73,99.58,99.72,98.5217,7379.0,0.0,1.0
2018-04-09,99.63,99.69,99.4501,99.5167,98.3208,7231.0,0.0,1.0
2018-04-10,99.57,99.68,99.5117,99.6359,98.4386,5721.0,0.0,1.0
2018-04-11,99.7,99.81,99.4799,99.5902,98.3934,3117.0,0.0,1.0
2018-04-12,99.48,99.81,99.45,99.5344,98.3383,14002.0,0.0,1.0
2018-04-13,99.8799,99.8799,99.3001,99.5167,98.3208,5184.0,0.0,1.0
2018-04-16,99.61,99.62,99.4917,99.55,98.3537,3425.0,0.0,1.0
2018-04-17,99.62,99.64,99.45,99.559,98.3626,6739.0,0.0,1.0
2018-04-18,99.62,99.62,99.37,99.54,98.3438,32697.0,0.0,1.0
2018-04-19,99.436,99.5,99.43,99.436,98.2411,5002.0,0.0,1.0
2018-04-20,99.5,99.59,99.455,99.53,98.334,4746.0,0.0,1.0
2018-04-23,99.65,99.65,99.4515,99.4515,98.2564,5279.0,0.0,1.0
2018-04-24,99.62,99.7,99.61,99.6739,98.4761,7979.0,0.0,1.0
2018-04-25,99.6589,99.7,99.63,99.6638,98.4662,4277.0,0.0,1.0
2018-04-26,99.7,99.78,99.69,99.765,98.5661,13142.0,0.0,1.0
2018-04-27,99.795,99.83,99.78,99.82,98.6205,7493.0,0.0,1.0
2018-04-30,99.8,99.8,99.72,99.7627,98.5639,25262.0,0.0,1.0
2018-05-01,99.416,99.4492,99.36,99.36,98.4031,4243.0,0.24,1.0
2018-05-02,99.55,99.58,99.47,99.57,98.6111,12147.0,0.0,1.0
2018-05-03,99.5328,99.569,99.47,99.47,98.5121,15119.0,0.0,1.0
2018-05-04,99.32,99.49,99.32,99.4728,98.5148,4118.0,0.0,1.0
2018-05-07,99.47,99.54,99.32,99.4208,98.4633,13186.0,0.0,1.0
2018-05-08,99.4057,99.45,99.3666,99.4144,98.457,10139.0,0.0,1.0
2018-05-09,99.32,99.54,99.32,99.4948,98.5366,5838.0,0.0,1.0
2018-05-10,99.5906,99.605,99.5,99.5,98.5418,13216.0,0.0,1.0
2018-05-11,99.44,99.61,99.4,99.5016,98.5434,6275.0,0.0,1.0
2018-05-14,99.6,99.62,99.411,99.59,98.6309,11411.0,0.0,1.0
2018-05-15,99.48,99.57,99.48,99.535,98.5764,10309.0,0.0,1.0
2018-05-16,99.7055,99.7399,99.66,99.705,98.7448,19665.0,0.0,1.0
2018-05-17,99.6665,99.7,99.6548,99.679,98.7191,9147.0,0.0,1.0
2018-05-18,99.68,99.7719,99.68,99.7,98.7399,39670.0,0.0,1.0
2018-05-21,99.7,99.7,99.6009,99.6009,98.6417,13192.0,0.0,1.0
2018-05-22,99.7,99.71,99.63,99.6724,98.7125,6625.0,0.0,1.0
2018-05-23,99.77,99.87,99.68,99.87,98.9082,5714.0,0.0,1.0
2018-05-24,99.79,99.8292,99.7201,99.78,98.8191,5655.0,0.0,1.0
2018-05-25,101.1392,101.4175,99.73,99.9,98.9379,5202.0,0.0,1.0
2018-05-29,99.87,100.21,99.87,100.14,99.1756,17028.0,0.0,1.0
2018-05-30,99.95,101.23,99.62,99.62,98.6606,6296.0,0.0,1.0
2018-05-31,99.5957,100.08,99.5957,99.8861,98.9242,5072.0,0.0,1.0
2018-06-01,99.32,99.53,99.251,99.4509,98.7358,6965.0,0.245,1.0
2018-06-04,99.4298,99.54,99.35,99.35,98.6356,4570.0,0.0,1.0
2018-06-05,99.36,99.61,99.36,99.56,98.8441,9401.0,0.0,1.0
2018-06-06,99.59,99.6199,99.4302,99.575,98.859,11546.0,0.0,1.0
2018-06-07,99.59,99.68,99.53,99.66,98.9434,6306.0,0.0,1.0
2018-06-08,99.58,99.61,99.405,99.5574,98.8415,11193.0,0.0,1.0
2018-06-11,99.47,99.5461,99.4213,99.47,98.7548,2797.0,0.0,1.0
2018-06-12,99.6,99.63,99.3969,99.6,98.8838,9240.0,0.0,1.0
2018-06-13,99.35,99.7318,99.35,99.56,98.8441,18382.0,0.0,1.0
2018-06-14,99.6,99.68,99.4992,99.5958,98.8796,5129.0,0.0,1.0
2018-06-15,99.505,99.74,99.35,99.62,98.9037,14192.0,0.0,1.0
2018-06-18,99.38,99.62,99.38,99.438,98.723,7848.0,0.0,1.0
2018-06-19,99.5,99.75,99.473,99.75,99.0327,14712.0,0.0,1.0
2018-06-20,99.89,99.89,99.38,99.59,98.8739,14117.0,0.0,1.0
2018-06-21,99.76,99.87,99.3438,99.5415,98.8257,15558.0,0.0,1.0
2018-06-22,99.45,99.8,99.4318,99.4877,98.7723,10251.0,0.0,1.0
2018-06-25,99.48,99.9,99.48,99.62,98.9037,17245.0,0.0,1.0
2018-06-26,99.67,99.776,99.5088,99.5238,98.8082,12394.0,0.0,1.0
2018-06-27,99.5433,99.75,99.542,99.69,98.9732,36675.0,0.0,1.0
2018-06-28,99.73,99.91,99.5237,99.6984,98.9815,7941.0,0.0,1.0
2018-06-29,99.916,99.916,99.6456,99.7048,98.9879,6954.0,0.0,1.0
2018-07-02,99.36,99.42,99.36,99.3601,98.8889,7378.0,0.245,1.0
2018-07-03,99.34,99.655,99.34,99.639,99.1665,4060.0,0.0,1.0
2018-07-05,99.37,99.62,99.3638,99.39,98.9186,8141.0,0.0,1.0
2018-07-06,99.4,99.66,99.4,99.4,98.9286,12805.0,0.0,1.0
2018-07-09,99.41,99.72,99.33,99.3972,98.9258,12526.0,0.0,1.0
2018-07-10,99.39,99.499,99.39,99.435,98.9634,2897.0,0.0,1.0
2018-07-11,99.6,99.6,99.3914,99.41,98.9385,1150.0,0.0,1.0
2018-07-12,99.4,99.56,99.4,99.51,99.0381,4857.0,0.0,1.0
2018-07-13,99.54,99.6,99.4,99.413,98.9415,4696.0,0.0,1.0
2018-07-16,99.49,99.82,99.43,99.49,99.0182,10472.0,0.0,1.0
2018-07-17,99.54,99.59,99.4501,99.46,98.9883,6441.0,0.0,1.0
2018-07-18,99.6676,99.78,99.5206,99.67,99.1973,5070.0,0.0,1.0
2018-07-19,99.74,99.86,99.5,99.53,99.058,20363.0,0.0,1.0
2018-07-20,99.58,99.77,99.5,99.6747,99.202,16772.0,0.0,1.0
2018-07-23,99.59,99.671,99.46,99.61,99.1376,18962.0,0.0,1.0
2018-07-24,99.52,99.84,99.52,99.6949,99.2221,2847.0,0.0,1.0
2018-07-25,99.5747,99.7999,99.5747,99.67,99.1973,2583.0,0.0,1.0
2018-07-26,99.54,99.77,99.54,99.6148,99.1424,5415.0,0.0,1.0
2018-07-27,99.722,99.7999,99.54,99.57,99.0978,9979.0,0.0,1.0
2018-07-30,99.57,99.73,99.55,99.7199,99.247,16804.0,0.0,1.0
2018-07-31,99.62,99.78,99.62,99.7,99.2272,3700.0,0.0,1.0
2018-08-01,99.38,99.6299,99.351,99.351,99.1117,2653.0,0.233,1.0
2018-08-02,99.54,99.5594,99.416,99.55,99.3102,4545.0,0.0,1.0
2018-08-03,99.49,99.74,99.4161,99.42,99.1806,3994.0,0.0,1.0
2018-08-06,99.73,99.73,99.39,99.55,99.3102,7631.0,0.0,1.0
2018-08-07,99.46,99.6699,99.3629,99.4999,99.2603,7391.0,0.0,1.0
2018-08-08,99.72,99.72,99.4032,99.5725,99.3327,4287.0,0.0,1.0
2018-08-09,99.4945,99.5912,99.441,99.498,99.2584,5923.0,0.0,1.0
2018-08-10,99.702,99.885,99.5094,99.625,99.3851,7631.0,0.0,1.0
2018-08-13,99.64,99.8562,99.4611,99.8562,99.6157,7992.0,0.0,1.0
2018-08-14,99.5,99.735,99.5,99.52,99.2803,7397.0,0.0,1.0
2018-08-15,99.502,99.9,99.5,99.5872,99.3474,12015.0,0.0,1.0
2018-08-16,99.53,99.7133,99.5035,99.5301,99.2904,8998.0,0.0,1.0
2018-08-17,99.56,99.748,99.4601,99.6126,99.3727,9727.0,0.0,1.0
2018-08-20,99.7,99.7,99.605,99.68,99.4399,9009.0,0.0,1.0
2018-08-21,99.601,99.6999,99.601,99.62,99.3801,7808.0,0.0,1.0
2018-08-22,99.6,99.7399,99.6,99.6974,99.4573,12287.0,0.0,1.0
2018-08-23,99.67,99.7388,99.64,99.64,99.4,9905.0,0.0,1.0
2018-08-24,99.6,99.645,99.6,99.62,99.3801,7693.0,0.0,1.0
2018-08-27,99.6979,99.7198,99.48,99.48,99.2404,4764.0,0.0,1.0
2018-08-28,99.48,99.6488,99.48,99.53,99.2903,9147.0,0.0,1.0
2018-08-29,99.6625,99.6648,99.5473,99.5638,99.324,3206.0,0.0,1.0
2018-08-30,99.64,99.83,99.555,99.83,99.5896,17566.0,0.0,1.0
2018-08-31,99.6138,99.75,99.5933,99.6,99.3601,34115.0,0.0,1.0
2018-09-04,99.42,99.5312,99.31,99.4099,99.4099,8493.0,0.24,1.0
2018-09-05,99.6,99.6,99.42,99.44,99.44,3511.0,0.0,1.0
2018-09-06,99.4171,99.56,99.39,99.39,99.39,43378.0,0.0,1.0
2018-09-07,99.48,99.48,99.4,99.4,99.4,16943.0,0.0,1.0
2018-09-10,99.38,99.6,99.38,99.457,99.457,13129.0,0.0,1.0
2018-09-11,99.46,99.6241,99.36,99.41,99.41,10067.0,0.0,1.0
2018-09-12,99.4951,99.5765,99.39,99.4333,99.4333,84331.0,0.0,1.0
2018-09-13,99.4,99.647,99.3938,99.54,99.54,37398.0,0.0,1.0
2018-09-14,99.39,99.548,99.39,99.4847,99.4847,3962.0,0.0,1.0
2018-09-17,99.68,99.6911,99.4,99.57,99.57,21131.0,0.0,1.0
2018-09-18,99.53,99.65,99.39,99.52,99.52,12595.0,0.0,1.0
2018-09-19,99.4,99.589,99.4,99.5545,99.5545,3485.0,0.0,1.0
2018-09-20,99.4017,99.63,99.4017,99.56,99.56,7866.0,0.0,1.0
2018-09-21,99.43,99.62,99.43,99.5618,99.5618,10515.0,0.0,1.0
2018-09-24,99.53,99.63,99.53,99.5798,99.5798,12418.0,0.0,1.0
2018-09-25,99.68,99.68,99.55,99.55,99.55,6873.0,0.0,1.0
2018-09-26,99.5837,99.72,99.55,99.71,99.71,16480.0,0.0,1.0
