date,1. open,2. high,3. low,4. close,5. adjusted close,6. volume,7. dividend amount,8. split coefficient
2014-12-04,25.0,25.0,25.0,25.0,19.8832,100100.0,0.0,1.0
2014-12-05,25.0,25.0,25.0,25.0,19.8832,50000.0,0.0,1.0
2014-12-08,25.0,25.0,25.0,25.0,19.8832,0.0,0.0,1.0
2014-12-09,25.0,25.0,25.0,25.0,19.8832,0.0,0.0,1.0
2014-12-10,25.0,25.0,25.0,25.0,19.8832,50000.0,0.0,1.0
2014-12-11,25.0,25.0,25.0,25.0,19.8832,100050.0,0.0,1.0
2014-12-12,25.0,25.0,25.0,25.0,19.8832,100000.0,0.0,1.0
2014-12-15,25.0,25.0,25.0,25.0,19.8832,100000.0,0.0,1.0
2014-12-16,21.65,21.65,21.43,21.57,17.1552,52600.0,0.0,1.0
2014-12-17,23.39,23.53,23.39,23.5299,18.714,50550.0,0.0,1.0
2014-12-18,24.23,24.23,24.23,24.23,19.2708,50100.0,0.0,1.0
2014-12-19,23.7,23.7,23.7,23.7,18.8493,100100.0,0.0,1.0
2014-12-22,23.7,23.7,23.7,23.7,18.8493,2.0,0.0,1.0
2014-12-23,23.7,23.7,23.7,23.7,18.8493,50000.0,0.0,1.0
2014-12-24,23.7,23.7,23.7,23.7,18.8493,0.0,0.0,1.0
2014-12-26,23.7,23.7,23.7,23.7,18.8493,2.0,0.0,1.0
2014-12-29,24.15,24.15,24.15,24.15,19.2072,100100.0,0.0,1.0
2014-12-30,24.15,24.15,24.15,24.15,19.2072,2.0,0.0,1.0
2014-12-31,24.15,24.15,24.15,24.15,19.2072,0.0,0.0,1.0
2015-01-02,24.15,24.15,24.15,24.15,19.2072,100000.0,0.0,1.0
2015-01-05,24.15,24.15,24.15,24.15,19.2072,100000.0,0.0,1.0
2015-01-06,24.15,24.15,24.15,24.15,19.2072,0.0,0.0,1.0
2015-01-07,23.08,23.08,23.08,23.08,18.3562,102.0,0.0,1.0
2015-01-08,23.08,23.08,23.08,23.08,18.3562,50000.0,0.0,1.0
2015-01-09,23.08,23.08,23.08,23.08,18.3562,0.0,0.0,1.0
2015-01-12,23.08,23.08,23.08,23.08,18.3562,50000.0,0.0,1.0
2015-01-13,23.08,23.08,23.08,23.08,18.3562,100002.0,0.0,1.0
2015-01-14,21.59,21.77,21.59,21.77,17.3143,100300.0,0.0,1.0
2015-01-15,22.2279,22.2279,22.2279,22.2279,17.6785,50300.0,0.0,1.0
2015-01-16,22.2279,22.2279,22.2279,22.2279,17.6785,150000.0,0.0,1.0
2015-01-20,22.2279,22.2279,22.2279,22.2279,17.6785,16.0,0.0,1.0
2015-01-21,23.46,23.46,23.46,23.46,18.6584,150100.0,0.0,1.0
2015-01-22,23.46,23.46,23.46,23.46,18.6584,150000.0,0.0,1.0
2015-01-23,23.46,23.46,23.46,23.46,18.6584,100000.0,0.0,1.0
2015-01-26,23.88,23.88,23.88,23.88,18.9924,65202.0,0.0,1.0
2015-01-27,23.88,23.88,23.88,23.88,18.9924,45000.0,0.0,1.0
2015-01-28,23.88,23.88,23.88,23.88,18.9924,70000.0,0.0,1.0
2015-01-29,23.88,23.88,23.88,23.88,18.9924,105000.0,0.0,1.0
2015-01-30,23.88,23.88,23.88,23.88,18.9924,100000.0,0.0,1.0
2015-02-02,23.5931,23.5931,23.5931,23.5931,18.7642,210200.0,0.0,1.0
2015-02-03,23.5931,23.5931,23.5931,23.5931,18.7642,50000.0,0.0,1.0
2015-02-04,23.5931,23.5931,23.5931,23.5931,18.7642,45000.0,0.0,1.0
2015-02-05,23.5931,23.5931,23.5931,23.5931,18.7642,30000.0,0.0,1.0
2015-02-06,23.5931,23.5931,23.5931,23.5931,18.7642,0.0,0.0,1.0
2015-02-09,24.28,24.28,24.28,24.28,19.3105,50200.0,0.0,1.0
2015-02-10,24.28,24.28,24.28,24.28,19.3105,70.0,0.0,1.0
2015-02-11,23.96,23.96,23.63,23.63,18.7936,200.0,0.0,1.0
2015-02-12,23.84,23.84,23.84,23.84,18.9606,400.0,0.0,1.0
2015-02-13,23.84,23.84,23.84,23.84,18.9606,2.0,0.0,1.0
2015-02-17,24.24,24.36,24.24,24.36,19.3742,200.0,0.0,1.0
2015-02-18,24.16,24.16,24.12,24.12,19.1833,450.0,0.0,1.0
2015-02-19,24.12,24.12,24.12,24.12,19.1833,40000.0,0.0,1.0
2015-02-20,24.12,24.12,24.12,24.12,19.1833,45020.0,0.0,1.0
2015-02-23,24.12,24.12,24.12,24.12,19.1833,45000.0,0.0,1.0
2015-02-24,24.12,24.12,24.12,24.12,19.1833,0.0,0.0,1.0
2015-02-25,24.41,24.42,24.41,24.42,19.4219,135200.0,0.0,1.0
2015-02-26,24.02,24.05,23.85,23.93,19.0322,2000.0,0.0,1.0
2015-02-27,24.22,24.26,24.02,24.23,19.2708,216800.0,0.0,1.0
2015-03-02,23.8,24.0,23.71,23.88,18.9924,1800.0,0.0,1.0
2015-03-03,24.05,24.96,23.96,23.96,19.056,2800.0,0.0,1.0
2015-03-04,23.98,24.0,23.94,23.94,19.0401,31102.0,0.0,1.0
2015-03-05,24.0,24.05,24.0,24.05,19.1276,200.0,0.0,1.0
2015-03-06,23.66,23.66,23.61,23.61,18.7777,200.0,0.0,1.0
2015-03-09,23.27,23.52,23.23,23.27,18.5073,48099.0,0.0,1.0
2015-03-10,23.27,23.27,23.27,23.27,18.5073,70000.0,0.0,1.0
2015-03-11,23.27,23.27,23.27,23.27,18.5073,0.0,0.0,1.0
2015-03-12,23.27,23.27,23.27,23.27,18.5073,0.0,0.0,1.0
2015-03-13,23.27,23.27,23.27,23.27,18.5073,100016.0,0.0,1.0
2015-03-16,23.27,23.27,23.27,23.27,18.5073,25000.0,0.0,1.0
2015-03-17,22.55,22.55,22.48,22.48,17.879,1200.0,0.0,1.0
2015-03-18,22.48,22.48,22.48,22.48,17.879,0.0,0.0,1.0
2015-03-19,22.48,22.48,22.48,22.48,17.879,35000.0,0.0,1.0
2015-03-20,22.48,22.48,22.48,22.48,17.879,55000.0,0.0,1.0
2015-03-23,22.48,22.48,22.48,22.48,17.879,75000.0,0.0,1.0
2015-03-24,22.48,22.48,22.48,22.48,17.879,45000.0,0.0,1.0
2015-03-25,22.48,22.48,22.48,22.48,17.879,40000.0,0.0,1.0
2015-03-26,22.48,22.48,22.48,22.48,17.879,0.0,0.0,1.0
2015-03-27,22.48,22.48,22.48,22.48,17.879,50000.0,0.0,1.0
2015-03-30,22.48,22.48,22.48,22.48,17.879,35000.0,0.0,1.0
2015-03-31,22.48,22.48,22.48,22.48,17.879,50000.0,0.0,1.0
2015-04-01,22.48,22.48,22.48,22.48,17.879,65000.0,0.0,1.0
2015-04-02,22.48,22.48,22.48,22.48,17.879,0.0,0.0,1.0
2015-04-06,22.48,22.48,22.48,22.48,17.879,0.0,0.0,1.0
2015-04-07,22.48,22.48,22.48,22.48,17.879,0.0,0.0,1.0
2015-04-08,22.48,22.48,22.48,22.48,17.879,0.0,0.0,1.0
2015-04-09,22.2,22.2,22.2,22.2,17.8783,50000.0,0.2792,1.0
2015-04-10,22.2,22.2,22.2,22.2,17.8783,35000.0,0.0,1.0
2015-04-13,22.2,22.2,22.2,22.2,17.8783,0.0,0.0,1.0
2015-04-14,22.2,22.2,22.2,22.2,17.8783,0.0,0.0,1.0
2015-04-15,22.2,22.2,22.2,22.2,17.8783,0.0,0.0,1.0
2015-04-16,22.2,22.2,22.2,22.2,17.8783,65000.0,0.0,1.0
2015-04-17,22.2,22.2,22.2,22.2,17.8783,0.0,0.0,1.0
2015-04-20,22.2,22.2,22.2,22.2,17.8783,0.0,0.0,1.0
2015-04-21,22.2,22.2,22.2,22.2,17.8783,45000.0,0.0,1.0
2015-04-22,22.2,22.2,22.2,22.2,17.8783,0.0,0.0,1.0
2015-04-23,22.2,22.2,22.2,22.2,17.8783,0.0,0.0,1.0
2015-04-24,22.2,22.2,22.2,22.2,17.8783,0.0,0.0,1.0
2015-04-27,22.2,22.2,22.2,22.2,17.8783,0.0,0.0,1.0
2015-04-28,22.2,22.2,22.2,22.2,17.8783,50.0,0.0,1.0
2015-04-29,22.2,22.2,22.2,22.2,17.8783,0.0,0.0,1.0
2015-04-30,24.31,24.31,24.22,24.22,19.5051,25400.0,0.0,1.0
2015-05-01,24.22,24.22,24.22,24.22,19.5051,0.0,0.0,1.0
2015-05-04,24.22,24.22,24.22,24.22,19.5051,0.0,0.0,1.0
2015-05-05,24.22,24.22,24.22,24.22,19.5051,0.0,0.0,1.0
2015-05-06,24.22,24.22,24.22,24.22,19.5051,110049.0,0.0,1.0
2015-05-07,24.22,24.22,24.22,24.22,19.5051,0.0,0.0,1.0
2015-05-08,24.25,24.25,24.25,24.25,19.5292,143.0,0.0,1.0
2015-05-11,24.25,24.25,24.25,24.25,19.5292,1.0,0.0,1.0
2015-05-12,24.25,24.25,24.25,24.25,19.5292,43.0,0.0,1.0
2015-05-13,24.2,24.44,24.2,24.44,19.6823,6100.0,0.0,1.0
2015-05-14,24.44,24.44,24.44,24.44,19.6823,0.0,0.0,1.0
2015-05-15,24.44,24.44,24.44,24.44,19.6823,0.0,0.0,1.0
2015-05-18,24.44,24.44,24.44,24.44,19.6823,0.0,0.0,1.0
2015-05-19,24.44,24.44,24.44,24.44,19.6823,0.0,0.0,1.0
2015-05-20,24.44,24.44,24.44,24.44,19.6823,0.0,0.0,1.0
2015-05-21,24.44,24.44,24.44,24.44,19.6823,0.0,0.0,1.0
2015-05-22,24.44,24.44,24.44,24.44,19.6823,0.0,0.0,1.0
2015-05-26,24.44,24.44,24.44,24.44,19.6823,0.0,0.0,1.0
2015-05-27,24.44,24.44,24.44,24.44,19.6823,265000.0,0.0,1.0
2015-05-28,24.44,24.44,24.44,24.44,19.6823,0.0,0.0,1.0
2015-05-29,24.44,24.44,24.44,24.44,19.6823,80000.0,0.0,1.0
2015-06-01,24.44,24.44,24.44,24.44,19.6823,0.0,0.0,1.0
2015-06-02,24.44,24.44,24.44,24.44,19.6823,25000.0,0.0,1.0
2015-06-03,24.44,24.44,24.44,24.44,19.6823,0.0,0.0,1.0
2015-06-04,22.96,22.96,22.96,22.96,18.4904,200.0,0.0,1.0
2015-06-05,22.96,22.96,22.96,22.96,18.4904,50000.0,0.0,1.0
2015-06-08,22.96,22.96,22.96,22.96,18.4904,0.0,0.0,1.0
2015-06-09,22.96,22.96,22.96,22.96,18.4904,0.0,0.0,1.0
2015-06-10,22.96,22.96,22.96,22.96,18.4904,0.0,0.0,1.0
2015-06-11,22.96,22.96,22.96,22.96,18.4904,55000.0,0.0,1.0
2015-06-12,22.96,22.96,22.96,22.96,18.4904,0.0,0.0,1.0
2015-06-15,22.96,22.96,22.96,22.96,18.4904,0.0,0.0,1.0
2015-06-16,22.96,22.96,22.96,22.96,18.4904,0.0,0.0,1.0
2015-06-17,22.96,22.96,22.96,22.96,18.4904,0.0,0.0,1.0
2015-06-18,22.96,22.96,22.96,22.96,18.4904,45000.0,0.0,1.0
2015-06-19,22.96,22.96,22.96,22.96,18.4904,0.0,0.0,1.0
2015-06-22,22.96,22.96,22.96,22.96,18.4904,0.0,0.0,1.0
2015-06-23,22.96,22.96,22.96,22.96,18.4904,0.0,0.0,1.0
2015-06-24,22.96,22.96,22.96,22.96,18.4904,0.0,0.0,1.0
2015-06-25,22.96,22.96,22.96,22.96,18.4904,0.0,0.0,1.0
2015-06-26,22.96,22.96,22.96,22.96,18.4904,0.0,0.0,1.0
2015-06-29,22.96,22.96,22.96,22.96,18.4904,40000.0,0.0,1.0
2015-06-30,22.96,22.96,22.96,22.96,18.4904,2.0,0.0,1.0
2015-07-01,21.61,21.61,21.61,21.61,17.4032,50100.0,0.0,1.0
2015-07-02,21.8,21.84,21.8,21.84,17.5884,200.0,0.0,1.0
2015-07-06,21.84,21.84,21.84,21.84,17.5884,0.0,0.0,1.0
2015-07-07,21.84,21.84,21.84,21.84,17.5884,0.0,0.0,1.0
2015-07-08,21.84,21.84,21.84,21.84,17.5884,0.0,0.0,1.0
2015-07-09,21.55,21.55,21.55,21.55,17.3549,0.0,0.0,1.0
2015-07-10,21.55,21.55,21.55,21.55,17.5831,0.0,0.2834,1.0
2015-07-13,21.55,21.55,21.55,21.55,17.5831,0.0,0.0,1.0
2015-07-14,21.55,21.55,21.55,21.55,17.5831,0.0,0.0,1.0
2015-07-15,21.55,21.55,21.55,21.55,17.5831,0.0,0.0,1.0
2015-07-16,21.55,21.55,21.55,21.55,17.5831,0.0,0.0,1.0
2015-07-17,21.55,21.55,21.55,21.55,17.5831,0.0,0.0,1.0
2015-07-20,21.55,21.55,21.55,21.55,17.5831,0.0,0.0,1.0
2015-07-21,21.55,21.55,21.55,21.55,17.5831,0.0,0.0,1.0
2015-07-22,21.55,21.55,21.55,21.55,17.5831,0.0,0.0,1.0
2015-07-23,21.55,21.55,21.55,21.55,17.5831,0.0,0.0,1.0
2015-07-24,21.55,21.55,21.55,21.55,17.5831,18.0,0.0,1.0
2015-07-27,21.55,21.55,21.55,21.55,17.5831,0.0,0.0,1.0
2015-07-28,20.67,20.68,20.59,20.65,16.8488,4600.0,0.0,1.0
2015-07-29,20.579,21.03,20.49,20.85,17.0119,19301.0,0.0,1.0
2015-07-30,20.79,20.8,20.7,20.77,16.9467,22300.0,0.0,1.0
2015-07-31,20.75,20.76,20.53,20.53,16.7508,19301.0,0.0,1.0
2015-08-03,20.53,20.53,20.53,20.53,16.7508,0.0,0.0,1.0
2015-08-04,20.04,20.05,19.93,19.93,16.2613,5800.0,0.0,1.0
2015-08-05,19.93,19.93,19.93,19.93,16.2613,0.0,0.0,1.0
2015-08-06,19.93,19.93,19.93,19.93,16.2613,0.0,0.0,1.0
2015-08-07,18.98,18.98,18.98,18.98,15.4862,587.0,0.0,1.0
2015-08-10,19.07,19.27,18.99,19.22,15.682,4500.0,0.0,1.0
2015-08-11,19.11,19.11,19.02,19.06,15.5514,2200.0,0.0,1.0
2015-08-12,19.06,19.06,19.06,19.06,15.5514,0.0,0.0,1.0
2015-08-13,19.06,19.06,19.06,19.06,15.5514,0.0,0.0,1.0
2015-08-14,19.06,19.06,19.06,19.06,15.5514,0.0,0.0,1.0
2015-08-17,19.06,19.06,19.06,19.06,15.5514,0.0,0.0,1.0
2015-08-18,19.88,19.88,19.81,19.81,16.1634,200.0,0.0,1.0
2015-08-19,19.81,19.81,19.81,19.81,16.1634,0.0,0.0,1.0
2015-08-20,19.81,19.81,19.81,19.81,16.1634,0.0,0.0,1.0
2015-08-21,19.81,19.81,19.81,19.81,16.1634,0.0,0.0,1.0
2015-08-24,17.85,17.85,17.85,17.85,14.5642,100.0,0.0,1.0
2015-08-25,17.85,17.85,17.85,17.85,14.5642,0.0,0.0,1.0
2015-08-26,17.85,17.85,17.85,17.85,14.5642,0.0,0.0,1.0
2015-08-27,17.85,17.85,17.85,17.85,14.5642,0.0,0.0,1.0
2015-08-28,17.85,17.85,17.85,17.85,14.5642,0.0,0.0,1.0
2015-08-31,17.85,17.85,17.85,17.85,14.5642,0.0,0.0,1.0
2015-09-01,17.85,17.85,17.85,17.85,14.5642,0.0,0.0,1.0
2015-09-02,17.85,17.85,17.85,17.85,14.5642,0.0,0.0,1.0
2015-09-03,17.85,17.85,17.85,17.85,14.5642,0.0,0.0,1.0
2015-09-04,17.85,17.85,17.85,17.85,14.5642,0.0,0.0,1.0
2015-09-08,17.85,17.85,17.85,17.85,14.5642,0.0,0.0,1.0
2015-09-09,17.85,17.85,17.85,17.85,14.5642,0.0,0.0,1.0
2015-09-10,17.85,17.85,17.85,17.85,14.5642,0.0,0.0,1.0
2015-09-11,17.85,17.85,17.85,17.85,14.5642,0.0,0.0,1.0
2015-09-14,17.85,17.85,17.85,17.85,14.5642,0.0,0.0,1.0
2015-09-15,17.85,17.85,17.85,17.85,14.5642,0.0,0.0,1.0
2015-09-16,18.13,18.13,18.13,18.13,14.7926,100.0,0.0,1.0
2015-09-17,18.13,18.13,18.13,18.13,14.7926,0.0,0.0,1.0
2015-09-18,18.13,18.13,18.13,18.13,14.7926,0.0,0.0,1.0
2015-09-21,18.35,18.35,18.3,18.3,14.9313,600.0,0.0,1.0
2015-09-22,18.3,18.3,18.3,18.3,14.9313,0.0,0.0,1.0
2015-09-23,18.3,18.3,18.3,18.3,14.9313,12.0,0.0,1.0
2015-09-24,18.3,18.3,18.3,18.3,14.9313,0.0,0.0,1.0
2015-09-25,18.3,18.3,18.3,18.3,14.9313,0.0,0.0,1.0
2015-09-28,18.3,18.3,18.3,18.3,14.9313,0.0,0.0,1.0
2015-09-29,18.3,18.3,18.3,18.3,14.9313,0.0,0.0,1.0
2015-09-30,16.32,16.32,15.28,15.45,12.606,1309.0,0.0,1.0
2015-10-01,15.45,15.45,15.45,15.45,12.606,0.0,0.0,1.0
2015-10-02,15.45,15.45,15.45,15.45,12.606,0.0,0.0,1.0
2015-10-05,15.45,15.45,15.45,15.45,12.606,8.0,0.0,1.0
2015-10-06,18.4374,18.4374,18.4374,18.4374,15.0435,100.0,0.0,1.0
2015-10-07,18.4374,18.4374,18.4374,18.4374,15.0435,1.0,0.0,1.0
2015-10-08,18.4374,18.4374,18.4374,18.4374,15.0435,0.0,0.0,1.0
2015-10-09,18.4374,18.4374,18.4374,18.4374,15.2902,0.0,0.3024,1.0
2015-10-12,18.4374,18.4374,18.4374,18.4374,15.2902,0.0,0.0,1.0
2015-10-13,17.923,17.923,17.923,17.923,14.8636,100.0,0.0,1.0
2015-10-14,17.923,17.923,17.923,17.923,14.8636,0.0,0.0,1.0
2015-10-15,17.923,17.923,17.923,17.923,14.8636,0.0,0.0,1.0
2015-10-16,17.923,17.923,17.923,17.923,14.8636,1.0,0.0,1.0
2015-10-19,17.923,17.923,17.923,17.923,14.8636,1.0,0.0,1.0
2015-10-20,17.923,17.923,17.923,17.923,14.8636,0.0,0.0,1.0
2015-10-21,17.92,17.92,17.92,17.92,14.8611,102.0,0.0,1.0
2015-10-22,17.92,17.92,17.92,17.92,14.8611,0.0,0.0,1.0
2015-10-23,17.92,17.92,17.92,17.92,14.8611,13.0,0.0,1.0
2015-10-26,17.92,17.92,17.92,17.92,14.8611,0.0,0.0,1.0
2015-10-27,17.92,17.92,17.92,17.92,14.8611,1.0,0.0,1.0
2015-10-28,17.92,17.92,17.92,17.92,14.8611,0.0,0.0,1.0
2015-10-29,17.92,17.92,17.92,17.92,14.8611,0.0,0.0,1.0
2015-10-30,17.92,17.92,17.92,17.92,14.8611,0.0,0.0,1.0
2015-11-02,17.92,17.92,17.92,17.92,14.8611,0.0,0.0,1.0
2015-11-03,17.92,17.92,17.92,17.92,14.8611,0.0,0.0,1.0
2015-11-04,17.92,17.92,17.92,17.92,14.8611,0.0,0.0,1.0
2015-11-05,17.92,17.92,17.92,17.92,14.8611,0.0,0.0,1.0
2015-11-06,17.92,17.92,17.92,17.92,14.8611,0.0,0.0,1.0
2015-11-09,17.92,17.92,17.92,17.92,14.8611,0.0,0.0,1.0
2015-11-10,17.92,17.92,17.92,17.92,14.8611,0.0,0.0,1.0
2015-11-11,17.92,17.92,17.92,17.92,14.8611,0.0,0.0,1.0
2015-11-12,17.92,17.92,17.92,17.92,14.8611,0.0,0.0,1.0
2015-11-13,17.92,17.92,17.92,17.92,14.8611,0.0,0.0,1.0
2015-11-16,17.92,17.92,17.92,17.92,14.8611,0.0,0.0,1.0
2015-11-17,17.92,17.92,17.92,17.92,14.8611,0.0,0.0,1.0
2015-11-18,17.92,17.92,17.92,17.92,14.8611,0.0,0.0,1.0
2015-11-19,17.92,17.92,17.92,17.92,14.8611,0.0,0.0,1.0
2015-11-20,17.92,17.92,17.92,17.92,14.8611,0.0,0.0,1.0
2015-11-23,17.92,17.92,17.92,17.92,14.8611,0.0,0.0,1.0
2015-11-24,17.92,17.92,17.92,17.92,14.8611,0.0,0.0,1.0
2015-11-25,17.92,17.92,17.92,17.92,14.8611,0.0,0.0,1.0
2015-11-27,17.92,17.92,17.92,17.92,14.8611,0.0,0.0,1.0
2015-11-30,17.92,17.92,17.92,17.92,14.8611,0.0,0.0,1.0
2015-12-01,17.92,17.92,17.92,17.92,14.8611,1.0,0.0,1.0
2015-12-02,17.92,17.92,17.92,17.92,14.8611,1.0,0.0,1.0
2015-12-03,17.92,17.92,17.92,17.92,14.8611,0.0,0.0,1.0
2015-12-04,17.92,17.92,17.92,17.92,14.8611,1.0,0.0,1.0
2015-12-07,17.92,17.92,17.92,17.92,14.8611,0.0,0.0,1.0
2015-12-08,17.92,17.92,17.92,17.92,14.8611,0.0,0.0,1.0
2015-12-09,17.92,17.92,17.92,17.92,14.8611,0.0,0.0,1.0
2015-12-10,17.92,17.92,17.92,17.92,14.8611,0.0,0.0,1.0
2015-12-11,17.92,17.92,17.92,17.92,14.8611,0.0,0.0,1.0
2015-12-14,17.92,17.92,17.92,17.92,14.8611,0.0,0.0,1.0
2015-12-15,17.92,17.92,17.92,17.92,14.8611,0.0,0.0,1.0
2015-12-16,17.92,17.92,17.92,17.92,14.8611,0.0,0.0,1.0
2015-12-17,17.92,17.92,17.92,17.92,14.8611,0.0,0.0,1.0
2015-12-18,17.92,17.92,17.92,17.92,14.8611,0.0,0.0,1.0
2015-12-21,17.92,17.92,17.92,17.92,14.8611,0.0,0.0,1.0
2015-12-22,17.92,17.92,17.92,17.92,14.8611,0.0,0.0,1.0
2015-12-23,17.92,17.92,17.92,17.92,14.8611,0.0,0.0,1.0
2015-12-24,17.92,17.92,17.92,17.92,14.8611,0.0,0.0,1.0
2015-12-28,17.92,17.92,17.92,17.92,14.8611,0.0,0.0,1.0
2015-12-29,17.92,17.92,17.92,17.92,14.8611,0.0,0.0,1.0
2015-12-30,17.92,17.92,17.92,17.92,14.8611,0.0,0.0,1.0
2015-12-31,17.92,17.92,17.92,17.92,14.8611,0.0,0.0,1.0
2016-01-04,17.92,17.92,17.92,17.92,14.8611,0.0,0.0,1.0
2016-01-05,17.92,17.92,17.92,17.92,14.8611,0.0,0.0,1.0
2016-01-06,14.96,15.11,14.8,14.8,12.2737,5490.0,0.0,1.0
2016-01-07,14.8,14.8,14.8,14.8,12.2737,90.0,0.0,1.0
2016-01-08,14.8,14.8,14.8,14.8,12.2737,0.0,0.0,1.0
2016-01-11,12.97,12.97,12.9201,12.9201,10.7147,215.0,0.0,1.0
2016-01-12,12.6299,12.6299,12.6299,12.6299,10.7147,0.0,0.2902,1.0
2016-01-13,12.6201,12.6201,12.6201,12.6201,10.7064,20.0,0.0,1.0
2016-01-14,12.6201,12.6201,12.6201,12.6201,10.7064,111.0,0.0,1.0
2016-01-15,12.6201,12.6201,12.6201,12.6201,10.7064,0.0,0.0,1.0
2016-01-19,12.6201,12.6201,12.6201,12.6201,10.7064,0.0,0.0,1.0
2016-01-20,12.6201,12.6201,12.6201,12.6201,10.7064,0.0,0.0,1.0
2016-01-21,12.6201,12.6201,12.6201,12.6201,10.7064,0.0,0.0,1.0
2016-01-22,11.45,12.457,11.45,12.457,10.568,10215.0,0.0,1.0
2016-01-25,12.457,12.457,12.457,12.457,10.568,0.0,0.0,1.0
2016-01-26,12.457,12.457,12.457,12.457,10.568,15.0,0.0,1.0
2016-01-27,12.457,12.457,12.457,12.457,10.568,0.0,0.0,1.0
2016-01-28,12.457,12.457,12.457,12.457,10.568,0.0,0.0,1.0
2016-01-29,12.457,12.457,12.457,12.457,10.568,1.0,0.0,1.0
2016-02-01,12.64,12.64,12.64,12.64,10.7232,135.0,0.0,1.0
2016-02-02,12.64,12.64,12.64,12.64,10.7232,0.0,0.0,1.0
2016-02-03,12.64,12.64,12.64,12.64,10.7232,0.0,0.0,1.0
2016-02-04,12.64,12.64,12.64,12.64,10.7232,0.0,0.0,1.0
2016-02-05,12.64,12.64,12.64,12.64,10.7232,0.0,0.0,1.0
2016-02-08,12.64,12.64,12.64,12.64,10.7232,0.0,0.0,1.0
2016-02-09,12.64,12.64,12.64,12.64,10.7232,0.0,0.0,1.0
2016-02-10,12.64,12.64,12.64,12.64,10.7232,0.0,0.0,1.0
2016-02-11,12.64,12.64,12.64,12.64,10.7232,0.0,0.0,1.0
2016-02-12,12.64,12.64,12.64,12.64,10.7232,0.0,0.0,1.0
2016-02-16,11.4499,11.6,11.4499,11.5105,9.765,1100.0,0.0,1.0
2016-02-17,11.73,11.73,11.73,11.73,9.9512,100.0,0.0,1.0
2016-02-18,11.73,11.73,11.73,11.73,9.9512,0.0,0.0,1.0
2016-02-19,11.73,11.73,11.73,11.73,9.9512,0.0,0.0,1.0
2016-02-22,11.73,11.73,11.73,11.73,9.9512,0.0,0.0,1.0
2016-02-23,11.73,11.73,11.73,11.73,9.9512,0.0,0.0,1.0
2016-02-24,11.73,11.73,11.73,11.73,9.9512,0.0,0.0,1.0
2016-02-25,11.73,11.73,11.73,11.73,9.9512,0.0,0.0,1.0
2016-02-26,11.73,11.73,11.73,11.73,9.9512,0.0,0.0,1.0
2016-02-29,11.73,11.73,11.73,11.73,9.9512,0.0,0.0,1.0
2016-03-01,11.73,11.73,11.73,11.73,9.9512,0.0,0.0,1.0
2016-03-02,11.73,11.73,11.73,11.73,9.9512,0.0,0.0,1.0
2016-03-03,13.2699,13.2699,13.2699,13.2699,11.2576,100.0,0.0,1.0
2016-03-04,13.63,13.63,13.63,13.63,11.5631,750.0,0.0,1.0
2016-03-07,13.63,13.63,13.63,13.63,11.5631,0.0,0.0,1.0
2016-03-08,13.63,13.63,13.63,13.63,11.5631,0.0,0.0,1.0
2016-03-09,13.63,13.63,13.63,13.63,11.5631,0.0,0.0,1.0
2016-03-10,13.0948,13.0948,13.0948,13.0948,11.1091,100.0,0.0,1.0
2016-03-11,13.0948,13.0948,13.0948,13.0948,11.1091,0.0,0.0,1.0
2016-03-14,13.3,13.42,13.24,13.41,11.3765,750.0,0.0,1.0
2016-03-15,13.41,13.41,13.41,13.41,11.3765,0.0,0.0,1.0
2016-03-16,13.41,13.41,13.41,13.41,11.3765,0.0,0.0,1.0
2016-03-17,13.41,13.41,13.41,13.41,11.3765,0.0,0.0,1.0
2016-03-18,13.41,13.41,13.41,13.41,11.3765,0.0,0.0,1.0
2016-03-21,13.66,13.66,13.66,13.66,11.5886,444.0,0.0,1.0
2016-03-22,13.66,13.66,13.66,13.66,11.5886,0.0,0.0,1.0
2016-03-23,13.66,13.66,13.66,13.66,11.5886,0.0,0.0,1.0
2016-03-24,13.66,13.66,13.66,13.66,11.5886,0.0,0.0,1.0
2016-03-28,13.66,13.66,13.66,13.66,11.5886,0.0,0.0,1.0
2016-03-29,13.66,13.66,13.66,13.66,11.5886,0.0,0.0,1.0
2016-03-30,13.66,13.66,13.66,13.66,11.5886,0.0,0.0,1.0
2016-03-31,13.66,13.66,13.66,13.66,11.5886,0.0,0.0,1.0
2016-04-01,13.66,13.66,13.66,13.66,11.5886,0.0,0.0,1.0
2016-04-04,13.66,13.66,13.66,13.66,11.5886,2.0,0.0,1.0
2016-04-05,13.66,13.66,13.66,13.66,11.5886,0.0,0.0,1.0
2016-04-06,13.66,13.66,13.66,13.66,11.5886,0.0,0.0,1.0
2016-04-07,13.66,13.66,13.66,13.66,11.5886,0.0,0.0,1.0
2016-04-08,13.66,13.66,13.66,13.66,11.5886,0.0,0.0,1.0
2016-04-11,13.66,13.66,13.66,13.66,11.8203,0.0,0.2731,1.0
2016-04-12,13.66,13.66,13.66,13.66,11.8203,0.0,0.0,1.0
2016-04-13,13.66,13.66,13.66,13.66,11.8203,0.0,0.0,1.0
2016-04-14,13.66,13.66,13.66,13.66,11.8203,0.0,0.0,1.0
2016-04-15,13.38,13.38,13.38,13.38,11.578,10.0,0.0,1.0
2016-04-18,13.39,13.56,13.39,13.56,11.7337,5400.0,0.0,1.0
2016-04-19,13.56,13.56,13.56,13.56,11.7337,0.0,0.0,1.0
2016-04-20,13.56,13.56,13.56,13.56,11.7337,0.0,0.0,1.0
2016-04-21,13.56,13.56,13.56,13.56,11.7337,0.0,0.0,1.0
2016-04-22,13.56,13.56,13.56,13.56,11.7337,12.0,0.0,1.0
2016-04-25,15.14,15.14,15.14,15.14,13.1009,158.0,0.0,1.0
2016-04-26,15.14,15.14,15.14,15.14,13.1009,1.0,0.0,1.0
2016-04-27,15.14,15.14,15.14,15.14,13.1009,1.0,0.0,1.0
2016-04-28,15.14,15.14,15.14,15.14,13.1009,3.0,0.0,1.0
2016-04-29,15.14,15.14,15.14,15.14,13.1009,1.0,0.0,1.0
2016-05-02,15.14,15.14,15.14,15.14,13.1009,0.0,0.0,1.0
2016-05-03,15.14,15.14,15.14,15.14,13.1009,1.0,0.0,1.0
2016-05-04,15.14,15.14,15.14,15.14,13.1009,2.0,0.0,1.0
2016-05-05,15.14,15.14,15.14,15.14,13.1009,0.0,0.0,1.0
2016-05-06,15.14,15.14,15.14,15.14,13.1009,1.0,0.0,1.0
2016-05-09,15.14,15.14,15.14,15.14,13.1009,0.0,0.0,1.0
2016-05-10,15.14,15.14,15.14,15.14,13.1009,2.0,0.0,1.0
2016-05-11,15.14,15.14,15.14,15.14,13.1009,8.0,0.0,1.0
2016-05-12,15.14,15.14,15.14,15.14,13.1009,18.0,0.0,1.0
2016-05-13,15.14,15.14,15.14,15.14,13.1009,1.0,0.0,1.0
2016-05-16,15.14,15.14,15.14,15.14,13.1009,0.0,0.0,1.0
2016-05-17,15.14,15.14,15.14,15.14,13.1009,1.0,0.0,1.0
2016-05-18,15.14,15.14,15.14,15.14,13.1009,2.0,0.0,1.0
2016-05-19,15.14,15.14,15.14,15.14,13.1009,21.0,0.0,1.0
2016-05-20,15.14,15.14,15.14,15.14,13.1009,3.0,0.0,1.0
2016-05-23,15.14,15.14,15.14,15.14,13.1009,1.0,0.0,1.0
2016-05-24,15.14,15.14,15.14,15.14,13.1009,0.0,0.0,1.0
2016-05-25,15.14,15.14,15.14,15.14,13.1009,43.0,0.0,1.0
2016-05-26,15.14,15.14,15.14,15.14,13.1009,0.0,0.0,1.0
2016-05-27,15.14,15.14,15.14,15.14,13.1009,0.0,0.0,1.0
2016-05-31,15.14,15.14,15.14,15.14,13.1009,0.0,0.0,1.0
2016-06-01,15.14,15.14,15.14,15.14,13.1009,0.0,0.0,1.0
2016-06-02,15.14,15.14,15.14,15.14,13.1009,0.0,0.0,1.0
2016-06-03,15.14,15.14,15.14,15.14,13.1009,0.0,0.0,1.0
2016-06-06,15.14,15.14,15.14,15.14,13.1009,0.0,0.0,1.0
2016-06-07,15.14,15.14,15.14,15.14,13.1009,0.0,0.0,1.0
2016-06-08,15.14,15.14,15.14,15.14,13.1009,0.0,0.0,1.0
2016-06-09,15.14,15.14,15.14,15.14,13.1009,0.0,0.0,1.0
2016-06-10,15.14,15.14,15.14,15.14,13.1009,0.0,0.0,1.0
2016-06-13,15.14,15.14,15.14,15.14,13.1009,0.0,0.0,1.0
2016-06-14,15.14,15.14,15.14,15.14,13.1009,0.0,0.0,1.0
2016-06-15,15.14,15.14,15.14,15.14,13.1009,0.0,0.0,1.0
2016-06-16,15.14,15.14,15.14,15.14,13.1009,0.0,0.0,1.0
2016-06-17,15.14,15.14,15.14,15.14,13.1009,0.0,0.0,1.0
2016-06-20,15.14,15.14,15.14,15.14,13.1009,0.0,0.0,1.0
2016-06-21,15.14,15.14,15.14,15.14,13.1009,0.0,0.0,1.0
2016-06-22,15.14,15.14,15.14,15.14,13.1009,50.0,0.0,1.0
2016-06-23,15.14,15.14,15.14,15.14,13.1009,0.0,0.0,1.0
2016-06-24,15.14,15.14,15.14,15.14,13.1009,10.0,0.0,1.0
2016-06-27,15.14,15.14,15.14,15.14,13.1009,0.0,0.0,1.0
2016-06-28,15.14,15.14,15.14,15.14,13.1009,0.0,0.0,1.0
2016-06-29,15.14,15.14,15.14,15.14,13.1009,0.0,0.0,1.0
2016-06-30,15.14,15.14,15.14,15.14,13.1009,0.0,0.0,1.0
2016-07-01,15.14,15.14,15.14,15.14,13.1009,0.0,0.0,1.0
2016-07-05,15.14,15.14,15.14,15.14,13.1009,0.0,0.0,1.0
2016-07-06,15.14,15.14,15.14,15.14,13.1009,0.0,0.0,1.0
2016-07-07,15.14,15.14,15.14,15.14,13.1009,0.0,0.0,1.0
2016-07-08,15.14,15.14,15.14,15.14,13.1009,0.0,0.0,1.0
2016-07-11,15.14,15.14,15.14,15.14,13.1009,9.0,0.0,1.0
2016-07-12,14.89,14.89,14.89,14.89,13.1001,14.0,0.249,1.0
2016-07-13,14.89,14.89,14.89,14.89,13.1001,1.0,0.0,1.0
2016-07-14,14.89,14.89,14.89,14.89,13.1001,1.0,0.0,1.0
2016-07-15,14.89,14.89,14.89,14.89,13.1001,0.0,0.0,1.0
2016-07-18,14.89,14.89,14.89,14.89,13.1001,20.0,0.0,1.0
2016-07-19,14.89,14.89,14.89,14.89,13.1001,1.0,0.0,1.0
2016-07-20,14.89,14.89,14.89,14.89,13.1001,0.0,0.0,1.0
2016-07-21,14.89,14.89,14.89,14.89,13.1001,0.0,0.0,1.0
2016-07-22,14.89,14.89,14.89,14.89,13.1001,0.0,0.0,1.0
2016-07-25,14.89,14.89,14.89,14.89,13.1001,10.0,0.0,1.0
2016-07-26,14.89,14.89,14.89,14.89,13.1001,0.0,0.0,1.0
2016-07-27,14.89,14.89,14.89,14.89,13.1001,0.0,0.0,1.0
2016-07-28,14.89,14.89,14.89,14.89,13.1001,0.0,0.0,1.0
2016-07-29,14.89,14.89,14.89,14.89,13.1001,0.0,0.0,1.0
2016-08-01,14.89,14.89,14.89,14.89,13.1001,0.0,0.0,1.0
2016-08-02,14.89,14.89,14.89,14.89,13.1001,0.0,0.0,1.0
2016-08-03,14.89,14.89,14.89,14.89,13.1001,0.0,0.0,1.0
2016-08-04,14.89,14.89,14.89,14.89,13.1001,0.0,0.0,1.0
2016-08-05,14.89,14.89,14.89,14.89,13.1001,0.0,0.0,1.0
2016-08-08,14.89,14.89,14.89,14.89,13.1001,0.0,0.0,1.0
2016-08-09,14.89,14.89,14.89,14.89,13.1001,0.0,0.0,1.0
2016-08-10,14.89,14.89,14.89,14.89,13.1001,0.0,0.0,1.0
2016-08-11,14.89,14.89,14.89,14.89,13.1001,0.0,0.0,1.0
2016-08-12,14.89,14.89,14.89,14.89,13.1001,0.0,0.0,1.0
2016-08-15,14.89,14.89,14.89,14.89,13.1001,0.0,0.0,1.0
2016-08-16,14.89,14.89,14.89,14.89,13.1001,0.0,0.0,1.0
2016-08-17,14.89,14.89,14.89,14.89,13.1001,0.0,0.0,1.0
2016-08-18,14.89,14.89,14.89,14.89,13.1001,0.0,0.0,1.0
2016-08-19,14.89,14.89,14.89,14.89,13.1001,0.0,0.0,1.0
2016-08-22,14.89,14.89,14.89,14.89,13.1001,0.0,0.0,1.0
2016-08-23,14.89,14.89,14.89,14.89,13.1001,75.0,0.0,1.0
2016-08-24,14.89,14.89,14.89,14.89,13.1001,0.0,0.0,1.0
2016-08-25,14.89,14.89,14.89,14.89,13.1001,0.0,0.0,1.0
2016-08-26,14.89,14.89,14.89,14.89,13.1001,0.0,0.0,1.0
2016-08-29,14.89,14.89,14.89,14.89,13.1001,0.0,0.0,1.0
2016-08-30,14.89,14.89,14.89,14.89,13.1001,0.0,0.0,1.0
2016-08-31,14.89,14.89,14.89,14.89,13.1001,0.0,0.0,1.0
2016-09-01,14.89,14.89,14.89,14.89,13.1001,0.0,0.0,1.0
2016-09-02,14.89,14.89,14.89,14.89,13.1001,0.0,0.0,1.0
2016-09-06,14.89,14.89,14.89,14.89,13.1001,0.0,0.0,1.0
2016-09-07,14.89,14.89,14.89,14.89,13.1001,4.0,0.0,1.0
2016-09-08,16.765,16.8307,16.765,16.8307,14.8075,302.0,0.0,1.0
2016-09-09,16.6642,16.6642,16.569000000000006,16.569000000000006,14.5772,400.0,0.0,1.0
2016-09-12,16.569000000000006,16.569000000000006,16.569000000000006,16.569000000000006,14.5772,0.0,0.0,1.0
2016-09-13,16.569000000000006,16.569000000000006,16.569000000000006,16.569000000000006,14.5772,0.0,0.0,1.0
2016-09-14,16.569000000000006,16.569000000000006,16.569000000000006,16.569000000000006,14.5772,0.0,0.0,1.0
2016-09-15,15.7996,15.7996,15.7996,15.7996,13.9003,200.0,0.0,1.0
2016-09-16,15.7996,15.7996,15.7996,15.7996,13.9003,0.0,0.0,1.0
2016-09-19,15.7996,15.7996,15.7996,15.7996,13.9003,0.0,0.0,1.0
2016-09-20,15.7996,15.7996,15.7996,15.7996,13.9003,0.0,0.0,1.0
2016-09-21,15.7996,15.7996,15.7996,15.7996,13.9003,0.0,0.0,1.0
2016-09-22,15.7996,15.7996,15.7996,15.7996,13.9003,184.0,0.0,1.0
2016-09-23,15.7996,15.7996,15.7996,15.7996,13.9003,0.0,0.0,1.0
2016-09-26,15.7996,15.7996,15.7996,15.7996,13.9003,0.0,0.0,1.0
2016-09-27,15.7996,15.7996,15.7996,15.7996,13.9003,0.0,0.0,1.0
2016-09-28,15.7996,15.7996,15.7996,15.7996,13.9003,0.0,0.0,1.0
2016-09-29,15.7996,15.7996,15.7996,15.7996,13.9003,0.0,0.0,1.0
2016-09-30,15.7996,15.7996,15.7996,15.7996,13.9003,0.0,0.0,1.0
2016-10-03,15.7996,15.7996,15.7996,15.7996,13.9003,0.0,0.0,1.0
2016-10-04,15.7996,15.7996,15.7996,15.7996,13.9003,0.0,0.0,1.0
2016-10-05,15.7996,15.7996,15.7996,15.7996,13.9003,0.0,0.0,1.0
2016-10-06,15.7996,15.7996,15.7996,15.7996,13.9003,0.0,0.0,1.0
2016-10-07,15.7996,15.7996,15.7996,15.7996,13.9003,0.0,0.0,1.0
2016-10-10,15.7996,15.7996,15.7996,15.7996,13.9003,0.0,0.0,1.0
2016-10-11,15.7996,15.7996,15.7996,15.7996,13.9003,0.0,0.0,1.0
2016-10-12,15.7996,15.7996,15.7996,15.7996,14.1221,0.0,0.2521,1.0
2016-10-13,15.7996,15.7996,15.7996,15.7996,14.1221,0.0,0.0,1.0
2016-10-14,15.7996,15.7996,15.7996,15.7996,14.1221,0.0,0.0,1.0
2016-10-17,15.7996,15.7996,15.7996,15.7996,14.1221,0.0,0.0,1.0
2016-10-18,15.7996,15.7996,15.7996,15.7996,14.1221,0.0,0.0,1.0
2016-10-19,15.7996,15.7996,15.7996,15.7996,14.1221,0.0,0.0,1.0
2016-10-20,15.7996,15.7996,15.7996,15.7996,14.1221,0.0,0.0,1.0
2016-10-21,15.7996,15.7996,15.7996,15.7996,14.1221,0.0,0.0,1.0
2016-10-24,15.7996,15.7996,15.7996,15.7996,14.1221,0.0,0.0,1.0
2016-10-25,15.5396,15.5396,15.5396,15.5396,13.8897,11.0,0.0,1.0
2016-10-26,15.5396,15.5396,15.5396,15.5396,13.8897,0.0,0.0,1.0
2016-10-27,15.5396,15.5396,15.5396,15.5396,13.8897,2.0,0.0,1.0
2016-10-28,15.5396,15.5396,15.5396,15.5396,13.8897,1.0,0.0,1.0
2016-10-31,15.5396,15.5396,15.5396,15.5396,13.8897,0.0,0.0,1.0
2016-11-01,15.5396,15.5396,15.5396,15.5396,13.8897,0.0,0.0,1.0
2016-11-02,15.5396,15.5396,15.5396,15.5396,13.8897,0.0,0.0,1.0
2016-11-03,15.5396,15.5396,15.5396,15.5396,13.8897,1.0,0.0,1.0
2016-11-04,15.5396,15.5396,15.5396,15.5396,13.8897,0.0,0.0,1.0
2016-11-07,15.5396,15.5396,15.5396,15.5396,13.8897,0.0,0.0,1.0
2016-11-08,15.5396,15.5396,15.5396,15.5396,13.8897,0.0,0.0,1.0
2016-11-09,15.5396,15.5396,15.5396,15.5396,13.8897,1.0,0.0,1.0
2016-11-10,15.5396,15.5396,15.5396,15.5396,13.8897,0.0,0.0,1.0
2016-11-11,15.5396,15.5396,15.5396,15.5396,13.8897,0.0,0.0,1.0
2016-11-14,15.5396,15.5396,15.5396,15.5396,13.8897,24.0,0.0,1.0
2016-11-15,15.5396,15.5396,15.5396,15.5396,13.8897,0.0,0.0,1.0
2016-11-16,15.5396,15.5396,15.5396,15.5396,13.8897,0.0,0.0,1.0
2016-11-17,15.5396,15.5396,15.5396,15.5396,13.8897,0.0,0.0,1.0
2016-11-18,15.5396,15.5396,15.5396,15.5396,13.8897,0.0,0.0,1.0
2016-11-21,16.07,16.07,16.07,16.07,14.3638,212.0,0.0,1.0
2016-11-22,16.07,16.07,16.07,16.07,14.3638,20.0,0.0,1.0
2016-11-23,16.07,16.07,16.07,16.07,14.3638,0.0,0.0,1.0
2016-11-25,16.07,16.07,16.07,16.07,14.3638,0.0,0.0,1.0
2016-11-28,16.07,16.07,16.07,16.07,14.3638,0.0,0.0,1.0
2016-11-29,16.07,16.07,16.07,16.07,14.3638,0.0,0.0,1.0
2016-11-30,16.07,16.07,16.07,16.07,14.3638,20.0,0.0,1.0
2016-12-01,16.07,16.07,16.07,16.07,14.3638,0.0,0.0,1.0
2016-12-02,16.07,16.07,16.07,16.07,14.3638,0.0,0.0,1.0
2016-12-05,16.07,16.07,16.07,16.07,14.3638,0.0,0.0,1.0
2016-12-06,16.07,16.07,16.07,16.07,14.3638,4.0,0.0,1.0
2016-12-07,16.07,16.07,16.07,16.07,14.3638,0.0,0.0,1.0
2016-12-08,16.07,16.07,16.07,16.07,14.3638,0.0,0.0,1.0
2016-12-09,16.07,16.07,16.07,16.07,14.3638,0.0,0.0,1.0
2016-12-12,16.07,16.07,16.07,16.07,14.3638,0.0,0.0,1.0
2016-12-13,16.07,16.07,16.07,16.07,14.3638,35.0,0.0,1.0
2016-12-14,16.07,16.07,16.07,16.07,14.3638,0.0,0.0,1.0
2016-12-15,16.07,16.07,16.07,16.07,14.3638,0.0,0.0,1.0
2016-12-16,16.07,16.07,16.07,16.07,14.3638,0.0,0.0,1.0
2016-12-19,16.07,16.07,16.07,16.07,14.3638,0.0,0.0,1.0
2016-12-20,16.07,16.07,16.07,16.07,14.3638,35.0,0.0,1.0
2016-12-21,16.07,16.07,16.07,16.07,14.3638,0.0,0.0,1.0
2016-12-22,16.07,16.07,16.07,16.07,14.3638,0.0,0.0,1.0
2016-12-23,16.07,16.07,16.07,16.07,14.3638,0.0,0.0,1.0
2016-12-27,16.07,16.07,16.07,16.07,14.3638,0.0,0.0,1.0
2016-12-28,16.07,16.07,16.07,16.07,14.3638,0.0,0.0,1.0
2016-12-29,16.07,16.07,16.07,16.07,14.3638,0.0,0.0,1.0
2016-12-30,16.07,16.07,16.07,16.07,14.3638,0.0,0.0,1.0
2017-01-03,16.07,16.07,16.07,16.07,14.3638,0.0,0.0,1.0
2017-01-04,16.07,16.07,16.07,16.07,14.3638,0.0,0.0,1.0
2017-01-05,16.07,16.07,16.07,16.07,14.3638,0.0,0.0,1.0
2017-01-06,16.07,16.07,16.07,16.07,14.3638,0.0,0.0,1.0
2017-01-09,16.07,16.07,16.07,16.07,14.3638,2.0,0.0,1.0
2017-01-10,16.07,16.07,16.07,16.07,14.3638,0.0,0.0,1.0
2017-01-11,15.82,15.82,15.82,15.82,14.3592,1.0,0.2449,1.0
2017-01-12,15.82,15.82,15.82,15.82,14.3592,81.0,0.0,1.0
2017-01-13,15.82,15.82,15.82,15.82,14.3592,3.0,0.0,1.0
2017-01-17,15.82,15.82,15.82,15.82,14.3592,0.0,0.0,1.0
2017-01-18,15.82,15.82,15.82,15.82,14.3592,0.0,0.0,1.0
2017-01-19,15.82,15.82,15.82,15.82,14.3592,0.0,0.0,1.0
2017-01-20,15.82,15.82,15.82,15.82,14.3592,70.0,0.0,1.0
2017-01-23,15.82,15.82,15.82,15.82,14.3592,0.0,0.0,1.0
2017-01-24,15.82,15.82,15.82,15.82,14.3592,0.0,0.0,1.0
2017-01-25,15.82,15.82,15.82,15.82,14.3592,10.0,0.0,1.0
2017-01-26,15.82,15.82,15.82,15.82,14.3592,0.0,0.0,1.0
2017-01-27,15.82,15.82,15.82,15.82,14.3592,0.0,0.0,1.0
2017-01-30,15.82,15.82,15.82,15.82,14.3592,1.0,0.0,1.0
2017-01-31,15.82,15.82,15.82,15.82,14.3592,0.0,0.0,1.0
2017-02-01,15.82,15.82,15.82,15.82,14.3592,0.0,0.0,1.0
2017-02-02,15.82,15.82,15.82,15.82,14.3592,0.0,0.0,1.0
2017-02-03,15.82,15.82,15.82,15.82,14.3592,0.0,0.0,1.0
2017-02-06,15.82,15.82,15.82,15.82,14.3592,0.0,0.0,1.0
2017-02-07,15.82,15.82,15.82,15.82,14.3592,0.0,0.0,1.0
2017-02-08,15.82,15.82,15.82,15.82,14.3592,0.0,0.0,1.0
2017-02-09,15.82,15.82,15.82,15.82,14.3592,0.0,0.0,1.0
2017-02-10,15.82,15.82,15.82,15.82,14.3592,0.0,0.0,1.0
2017-02-13,15.82,15.82,15.82,15.82,14.3592,0.0,0.0,1.0
2017-02-14,15.82,15.82,15.82,15.82,14.3592,0.0,0.0,1.0
2017-02-15,15.82,15.82,15.82,15.82,14.3592,0.0,0.0,1.0
2017-02-16,15.82,15.82,15.82,15.82,14.3592,0.0,0.0,1.0
2017-02-17,15.82,15.82,15.82,15.82,14.3592,0.0,0.0,1.0
2017-02-21,15.82,15.82,15.82,15.82,14.3592,0.0,0.0,1.0
2017-02-22,15.82,15.82,15.82,15.82,14.3592,0.0,0.0,1.0
2017-02-23,15.82,15.82,15.82,15.82,14.3592,0.0,0.0,1.0
2017-02-24,15.82,15.82,15.82,15.82,14.3592,0.0,0.0,1.0
2017-02-27,15.82,15.82,15.82,15.82,14.3592,0.0,0.0,1.0
2017-02-28,15.82,15.82,15.82,15.82,14.3592,0.0,0.0,1.0
2017-03-01,15.82,15.82,15.82,15.82,14.3592,0.0,0.0,1.0
2017-03-02,15.82,15.82,15.82,15.82,14.3592,4.0,0.0,1.0
2017-03-03,15.82,15.82,15.82,15.82,14.3592,0.0,0.0,1.0
2017-03-06,15.82,15.82,15.82,15.82,14.3592,0.0,0.0,1.0
2017-03-07,15.82,15.82,15.82,15.82,14.3592,0.0,0.0,1.0
2017-03-08,15.82,15.82,15.82,15.82,14.3592,0.0,0.0,1.0
2017-03-09,15.82,15.82,15.82,15.82,14.3592,0.0,0.0,1.0
2017-03-10,15.82,15.82,15.82,15.82,14.3592,0.0,0.0,1.0
2017-03-13,15.82,15.82,15.82,15.82,14.3592,0.0,0.0,1.0
2017-03-14,15.82,15.82,15.82,15.82,14.3592,0.0,0.0,1.0
2017-03-15,15.82,15.82,15.82,15.82,14.3592,0.0,0.0,1.0
2017-03-16,16.93,16.93,16.93,16.93,15.3667,1005.0,0.0,1.0
2017-03-17,16.93,16.93,16.93,16.93,15.3667,0.0,0.0,1.0
2017-03-20,16.93,16.93,16.93,16.93,15.3667,0.0,0.0,1.0
2017-03-21,16.93,16.93,16.93,16.93,15.3667,0.0,0.0,1.0
2017-03-22,16.93,16.93,16.93,16.93,15.3667,0.0,0.0,1.0
2017-03-23,16.93,16.93,16.93,16.93,15.3667,7.0,0.0,1.0
2017-03-24,16.93,16.93,16.93,16.93,15.3667,0.0,0.0,1.0
2017-03-27,16.93,16.93,16.93,16.93,15.3667,0.0,0.0,1.0
2017-03-28,16.93,16.93,16.93,16.93,15.3667,10.0,0.0,1.0
2017-03-29,16.93,16.93,16.93,16.93,15.3667,14.0,0.0,1.0
2017-03-30,16.93,16.93,16.93,16.93,15.3667,0.0,0.0,1.0
2017-03-31,16.93,16.93,16.93,16.93,15.3667,0.0,0.0,1.0
2017-04-03,16.93,16.93,16.93,16.93,15.3667,0.0,0.0,1.0
2017-04-04,16.93,16.93,16.93,16.93,15.3667,26.0,0.0,1.0
2017-04-05,16.93,16.93,16.93,16.93,15.3667,0.0,0.0,1.0
2017-04-06,17.2499,17.2499,17.2499,17.2499,15.6571,100.0,0.0,1.0
2017-04-07,17.2499,17.2499,17.2499,17.2499,15.6571,0.0,0.0,1.0
2017-04-10,17.2499,17.2499,17.2499,17.2499,15.6571,0.0,0.0,1.0
2017-04-11,17.2499,17.2499,17.2499,17.2499,15.8812,0.0,0.2469,1.0
2017-04-12,16.9999,16.9999,16.9999,16.9999,15.651,7.0,0.0,1.0
2017-04-13,16.9999,16.9999,16.9999,16.9999,15.651,3.0,0.0,1.0
2017-04-17,16.9999,16.9999,16.9999,16.9999,15.651,0.0,0.0,1.0
2017-04-18,16.9999,16.9999,16.9999,16.9999,15.651,0.0,0.0,1.0
2017-04-19,16.9999,16.9999,16.9999,16.9999,15.651,10.0,0.0,1.0
2017-04-20,16.9999,16.9999,16.9999,16.9999,15.651,0.0,0.0,1.0
2017-04-21,16.9999,16.9999,16.9999,16.9999,15.651,1.0,0.0,1.0
2017-04-24,16.9999,16.9999,16.9999,16.9999,15.651,11.0,0.0,1.0
2017-04-25,16.9999,16.9999,16.9999,16.9999,15.651,0.0,0.0,1.0
2017-04-26,16.9999,16.9999,16.9999,16.9999,15.651,10.0,0.0,1.0
2017-04-27,16.9999,16.9999,16.9999,16.9999,15.651,1.0,0.0,1.0
2017-04-28,16.9999,16.9999,16.9999,16.9999,15.651,0.0,0.0,1.0
2017-05-01,16.57,16.57,16.57,16.57,15.2553,102.0,0.0,1.0
2017-05-02,16.57,16.57,16.57,16.57,15.2553,0.0,0.0,1.0
2017-05-03,16.57,16.57,16.57,16.57,15.2553,0.0,0.0,1.0
2017-05-04,16.57,16.57,16.57,16.57,15.2553,7.0,0.0,1.0
2017-05-05,16.57,16.57,16.57,16.57,15.2553,1.0,0.0,1.0
2017-05-08,16.57,16.57,16.57,16.57,15.2553,21.0,0.0,1.0
2017-05-09,16.57,16.57,16.57,16.57,15.2553,0.0,0.0,1.0
2017-05-10,16.57,16.57,16.57,16.57,15.2553,0.0,0.0,1.0
2017-05-11,16.57,16.57,16.57,16.57,15.2553,0.0,0.0,1.0
2017-05-12,16.57,16.57,16.57,16.57,15.2553,7.0,0.0,1.0
2017-05-15,16.57,16.57,16.57,16.57,15.2553,70.0,0.0,1.0
2017-05-16,16.57,16.57,16.57,16.57,15.2553,0.0,0.0,1.0
2017-05-17,16.57,16.57,16.57,16.57,15.2553,0.0,0.0,1.0
2017-05-18,16.57,16.57,16.57,16.57,15.2553,50.0,0.0,1.0
2017-05-19,16.57,16.57,16.57,16.57,15.2553,75.0,0.0,1.0
2017-05-22,16.57,16.57,16.57,16.57,15.2553,90.0,0.0,1.0
2017-05-23,16.57,16.57,16.57,16.57,15.2553,0.0,0.0,1.0
2017-05-24,16.57,16.57,16.57,16.57,15.2553,0.0,0.0,1.0
2017-05-25,15.8876,15.8876,15.8876,15.8876,14.627,210.0,0.0,1.0
2017-05-26,15.8876,15.8876,15.8876,15.8876,14.627,0.0,0.0,1.0
2017-05-30,15.8876,15.8876,15.8876,15.8876,14.627,7.0,0.0,1.0
2017-05-31,15.8876,15.8876,15.8876,15.8876,14.627,0.0,0.0,1.0
2017-06-01,15.8876,15.8876,15.8876,15.8876,14.627,5.0,0.0,1.0
2017-06-02,15.8876,15.8876,15.8876,15.8876,14.627,0.0,0.0,1.0
2017-06-05,15.8876,15.8876,15.8876,15.8876,14.627,122.0,0.0,1.0
2017-06-06,15.8876,15.8876,15.8876,15.8876,14.627,0.0,0.0,1.0
2017-06-07,15.8876,15.8876,15.8876,15.8876,14.627,0.0,0.0,1.0
2017-06-08,15.8876,15.8876,15.8876,15.8876,14.627,0.0,0.0,1.0
2017-06-09,15.8876,15.8876,15.8876,15.8876,14.627,0.0,0.0,1.0
2017-06-12,15.8876,15.8876,15.8876,15.8876,14.627,0.0,0.0,1.0
2017-06-13,15.8876,15.8876,15.8876,15.8876,14.627,0.0,0.0,1.0
2017-06-14,15.8876,15.8876,15.8876,15.8876,14.627,0.0,0.0,1.0
2017-06-15,15.8876,15.8876,15.8876,15.8876,14.627,0.0,0.0,1.0
2017-06-16,15.8876,15.8876,15.8876,15.8876,14.627,0.0,0.0,1.0
2017-06-19,15.8876,15.8876,15.8876,15.8876,14.627,0.0,0.0,1.0
2017-06-20,15.8876,15.8876,15.8876,15.8876,14.627,0.0,0.0,1.0
2017-06-21,15.8876,15.8876,15.8876,15.8876,14.627,0.0,0.0,1.0
2017-06-22,15.8876,15.8876,15.8876,15.8876,14.627,3.0,0.0,1.0
2017-06-23,15.8876,15.8876,15.8876,15.8876,14.627,0.0,0.0,1.0
2017-06-26,15.8876,15.8876,15.8876,15.8876,14.627,0.0,0.0,1.0
2017-06-27,15.8876,15.8876,15.8876,15.8876,14.627,0.0,0.0,1.0
2017-06-28,15.8876,15.8876,15.8876,15.8876,14.627,0.0,0.0,1.0
2017-06-29,15.8876,15.8876,15.8876,15.8876,14.627,6.0,0.0,1.0
2017-06-30,15.8876,15.8876,15.8876,15.8876,14.627,20.0,0.0,1.0
2017-07-03,15.8876,15.8876,15.8876,15.8876,14.627,9.0,0.0,1.0
2017-07-05,15.8876,15.8876,15.8876,15.8876,14.627,0.0,0.0,1.0
2017-07-06,15.8876,15.8876,15.8876,15.8876,14.627,170.0,0.0,1.0
2017-07-07,15.8876,15.8876,15.8876,15.8876,14.627,0.0,0.0,1.0
2017-07-10,16.2009,16.2009,16.2009,16.2009,14.9154,103.0,0.0,1.0
2017-07-11,16.2009,16.2009,16.2009,16.2009,14.9154,95.0,0.0,1.0
2017-07-12,15.655,15.655,15.655,15.655,14.629,200.0,0.2348,1.0
2017-07-13,15.4153,15.4153,15.4153,15.4153,14.405,202.0,0.0,1.0
2017-07-14,15.4153,15.4153,15.4153,15.4153,14.405,2.0,0.0,1.0
2017-07-17,15.4153,15.4153,15.4153,15.4153,14.405,0.0,0.0,1.0
2017-07-18,15.4153,15.4153,15.4153,15.4153,14.405,0.0,0.0,1.0
2017-07-19,15.4153,15.4153,15.4153,15.4153,14.405,0.0,0.0,1.0
2017-07-20,15.4153,15.4153,15.4153,15.4153,14.405,0.0,0.0,1.0
2017-07-21,15.4153,15.4153,15.4153,15.4153,14.405,1.0,0.0,1.0
2017-07-24,15.4153,15.4153,15.4153,15.4153,14.405,1.0,0.0,1.0
2017-07-25,15.4153,15.4153,15.4153,15.4153,14.405,10.0,0.0,1.0
2017-07-26,15.4153,15.4153,15.4153,15.4153,14.405,0.0,0.0,1.0
2017-07-27,15.4153,15.4153,15.4153,15.4153,14.405,0.0,0.0,1.0
2017-07-28,15.4153,15.4153,15.4153,15.4153,14.405,0.0,0.0,1.0
2017-07-31,15.4153,15.4153,15.4153,15.4153,14.405,1.0,0.0,1.0
2017-08-01,15.4153,15.4153,15.4153,15.4153,14.405,2.0,0.0,1.0
2017-08-02,15.4153,15.4153,15.4153,15.4153,14.405,3.0,0.0,1.0
2017-08-03,15.4153,15.4153,15.4153,15.4153,14.405,0.0,0.0,1.0
2017-08-04,15.4153,15.4153,15.4153,15.4153,14.405,0.0,0.0,1.0
2017-08-07,15.4153,15.4153,15.4153,15.4153,14.405,2.0,0.0,1.0
2017-08-08,15.4153,15.4153,15.4153,15.4153,14.405,1.0,0.0,1.0
2017-08-09,15.4153,15.4153,15.4153,15.4153,14.405,43.0,0.0,1.0
2017-08-10,15.4153,15.4153,15.4153,15.4153,14.405,27.0,0.0,1.0
2017-08-11,15.4153,15.4153,15.4153,15.4153,14.405,0.0,0.0,1.0
2017-08-14,15.4153,15.4153,15.4153,15.4153,14.405,4.0,0.0,1.0
2017-08-15,15.4153,15.4153,15.4153,15.4153,14.405,0.0,0.0,1.0
2017-08-16,14.0611,14.0611,14.0611,14.0611,13.1396,300.0,0.0,1.0
2017-08-17,14.0611,14.0611,14.0611,14.0611,13.1396,0.0,0.0,1.0
2017-08-18,14.0611,14.0611,14.0611,14.0611,13.1396,0.0,0.0,1.0
2017-08-21,14.0611,14.0611,14.0611,14.0611,13.1396,0.0,0.0,1.0
2017-08-22,14.0611,14.0611,14.0611,14.0611,13.1396,0.0,0.0,1.0
2017-08-23,14.0611,14.0611,14.0611,14.0611,13.1396,0.0,0.0,1.0
2017-08-24,14.061,14.061,14.061,14.061,13.1395,0.0,0.0,1.0
2017-08-25,14.0611,14.0611,14.0611,14.0611,13.1396,0.0,0.0,1.0
2017-08-28,14.0611,14.0611,14.0611,14.0611,13.1396,0.0,0.0,1.0
2017-08-29,14.0611,14.0611,14.0611,14.0611,13.1396,0.0,0.0,1.0
2017-08-30,14.0611,14.0611,14.0611,14.0611,13.1396,0.0,0.0,1.0
2017-08-31,14.0611,14.0611,14.0611,14.0611,13.1396,0.0,0.0,1.0
2017-09-01,14.0611,14.0611,14.0611,14.0611,13.1396,75.0,0.0,1.0
2017-09-05,14.0611,14.0611,14.0611,14.0611,13.1396,48.0,0.0,1.0
2017-09-06,14.0611,14.0611,14.0611,14.0611,13.1396,3.0,0.0,1.0
2017-09-07,14.0611,14.0611,14.0611,14.0611,13.1396,6.0,0.0,1.0
2017-09-08,14.0611,14.0611,14.0611,14.0611,13.1396,0.0,0.0,1.0
2017-09-11,14.0611,14.0611,14.0611,14.0611,13.1396,10.0,0.0,1.0
2017-09-12,14.0611,14.0611,14.0611,14.0611,13.1396,0.0,0.0,1.0
2017-09-13,14.0611,14.0611,14.0611,14.0611,13.1396,0.0,0.0,1.0
2017-09-14,14.0611,14.0611,14.0611,14.0611,13.1396,0.0,0.0,1.0
2017-09-15,14.0611,14.0611,14.0611,14.0611,13.1396,0.0,0.0,1.0
2017-09-18,14.0611,14.0611,14.0611,14.0611,13.1396,0.0,0.0,1.0
2017-09-19,14.0611,14.0611,14.0611,14.0611,13.1396,0.0,0.0,1.0
2017-09-20,14.0611,14.0611,14.0611,14.0611,13.1396,0.0,0.0,1.0
2017-09-21,15.36,15.36,14.45,14.45,13.503,532.0,0.0,1.0
2017-09-22,14.45,14.45,14.45,14.45,13.503,0.0,0.0,1.0
2017-09-25,14.45,14.45,14.45,14.45,13.503,10.0,0.0,1.0
2017-09-26,14.45,14.45,14.45,14.45,13.503,0.0,0.0,1.0
2017-09-27,14.45,14.45,14.45,14.45,13.503,0.0,0.0,1.0
2017-09-28,14.45,14.45,14.45,14.45,13.503,0.0,0.0,1.0
2017-09-29,14.45,14.45,14.45,14.45,13.503,0.0,0.0,1.0
2017-10-02,14.45,14.45,14.45,14.45,13.503,3.0,0.0,1.0
2017-10-03,14.45,14.45,14.45,14.45,13.503,2.0,0.0,1.0
2017-10-04,14.45,14.45,14.45,14.45,13.503,1.0,0.0,1.0
2017-10-05,14.45,14.45,14.45,14.45,13.503,0.0,0.0,1.0
2017-10-06,14.45,14.45,14.45,14.45,13.503,0.0,0.0,1.0
2017-10-09,14.45,14.45,14.45,14.45,13.503,0.0,0.0,1.0
2017-10-10,14.45,14.45,14.45,14.45,13.503,234.0,0.0,1.0
2017-10-11,14.45,14.45,14.45,14.45,13.503,0.0,0.0,1.0
2017-10-12,14.45,14.45,14.45,14.45,13.7294,0.0,0.2423,1.0
2017-10-13,14.45,14.45,14.45,14.45,13.7294,0.0,0.0,1.0
2017-10-16,14.2077,14.2077,14.2077,14.2077,13.4992,2.0,0.0,1.0
2017-10-17,14.2077,14.2077,14.2077,14.2077,13.4992,6.0,0.0,1.0
2017-10-18,14.2077,14.2077,14.2077,14.2077,13.4992,25.0,0.0,1.0
2017-10-19,14.2077,14.2077,14.2077,14.2077,13.4992,0.0,0.0,1.0
2017-10-20,14.2077,14.2077,14.2077,14.2077,13.4992,0.0,0.0,1.0
2017-10-23,14.2077,14.2077,14.2077,14.2077,13.4992,1.0,0.0,1.0
2017-10-24,14.2077,14.2077,14.2077,14.2077,13.4992,18.0,0.0,1.0
2017-10-25,14.2077,14.2077,14.2077,14.2077,13.4992,0.0,0.0,1.0
2017-10-26,14.2077,14.2077,14.2077,14.2077,13.4992,0.0,0.0,1.0
2017-10-27,14.2077,14.2077,14.2077,14.2077,13.4992,0.0,0.0,1.0
2017-10-30,14.2077,14.2077,14.2077,14.2077,13.4992,0.0,0.0,1.0
2017-10-31,14.2077,14.2077,14.2077,14.2077,13.4992,0.0,0.0,1.0
2017-11-01,14.2077,14.2077,14.2077,14.2077,13.4992,0.0,0.0,1.0
2017-11-02,14.2077,14.2077,14.2077,14.2077,13.4992,0.0,0.0,1.0
2017-11-03,14.2077,14.2077,14.2077,14.2077,13.4992,0.0,0.0,1.0
2017-11-06,14.2077,14.2077,14.2077,14.2077,13.4992,28.0,0.0,1.0
2017-11-07,14.2077,14.2077,14.2077,14.2077,13.4992,19.0,0.0,1.0
2017-11-08,14.2077,14.2077,14.2077,14.2077,13.4992,0.0,0.0,1.0
2017-11-09,14.2077,14.2077,14.2077,14.2077,13.4992,85.0,0.0,1.0
2017-11-10,14.2077,14.2077,14.2077,14.2077,13.4992,0.0,0.0,1.0
2017-11-13,14.45,14.45,14.45,14.45,13.7294,0.0,0.0,1.0
2017-11-14,14.45,14.45,14.45,14.45,13.7294,0.0,0.0,1.0
2017-11-15,14.2077,14.2077,14.2077,14.2077,13.4992,0.0,0.0,1.0
2017-11-16,14.2077,14.2077,14.2077,14.2077,13.4992,0.0,0.0,1.0
2017-11-17,14.2077,14.2077,14.2077,14.2077,13.4992,0.0,0.0,1.0
2017-11-20,14.2077,14.2077,14.2077,14.2077,13.4992,0.0,0.0,1.0
2017-11-21,14.2077,14.2077,14.2077,14.2077,13.4992,0.0,0.0,1.0
2017-11-22,14.2077,14.2077,14.2077,14.2077,13.4992,0.0,0.0,1.0
2017-11-24,14.2077,14.2077,14.2077,14.2077,13.4992,0.0,0.0,1.0
2017-11-27,14.2077,14.2077,14.2077,14.2077,13.4992,0.0,0.0,1.0
2017-11-28,14.2077,14.2077,14.2077,14.2077,13.4992,0.0,0.0,1.0
2017-11-29,14.2077,14.2077,14.2077,14.2077,13.4992,0.0,0.0,1.0
2017-11-30,14.2077,14.2077,14.2077,14.2077,13.4992,0.0,0.0,1.0
2017-12-01,14.2077,14.2077,14.2077,14.2077,13.4992,0.0,0.0,1.0
2017-12-04,14.2077,14.2077,14.2077,14.2077,13.4992,0.0,0.0,1.0
2017-12-05,14.2077,14.2077,14.2077,14.2077,13.4992,0.0,0.0,1.0
2017-12-06,14.2077,14.2077,14.2077,14.2077,13.4992,0.0,0.0,1.0
2017-12-07,14.2077,14.2077,14.2077,14.2077,13.4992,0.0,0.0,1.0
2017-12-08,14.2077,14.2077,14.2077,14.2077,13.4992,0.0,0.0,1.0
2017-12-11,14.2077,14.2077,14.2077,14.2077,13.4992,0.0,0.0,1.0
2017-12-12,14.2077,14.2077,14.2077,14.2077,13.4992,0.0,0.0,1.0
2017-12-13,14.2077,14.2077,14.2077,14.2077,13.4992,0.0,0.0,1.0
2017-12-14,14.2077,14.2077,14.2077,14.2077,13.4992,0.0,0.0,1.0
2017-12-15,14.27,14.27,14.27,14.27,13.5584,400.0,0.0,1.0
2017-12-18,14.27,14.27,14.27,14.27,13.5584,0.0,0.0,1.0
2017-12-19,14.27,14.27,14.27,14.27,13.5584,0.0,0.0,1.0
2017-12-20,14.27,14.27,14.27,14.27,13.5584,0.0,0.0,1.0
2017-12-21,14.27,14.27,14.27,14.27,13.5584,0.0,0.0,1.0
2017-12-22,14.27,14.27,14.27,14.27,13.5584,0.0,0.0,1.0
2017-12-26,14.27,14.27,14.27,14.27,13.5584,0.0,0.0,1.0
2017-12-27,14.27,14.27,14.27,14.27,13.5584,0.0,0.0,1.0
2017-12-28,14.27,14.27,14.27,14.27,13.5584,0.0,0.0,1.0
2017-12-29,14.27,14.27,14.27,14.27,13.5584,0.0,0.0,1.0
2018-01-02,14.27,14.27,14.27,14.27,13.5584,88.0,0.0,1.0
2018-01-03,14.27,14.27,14.27,14.27,13.5584,2.0,0.0,1.0
2018-01-04,14.27,14.27,14.27,14.27,13.5584,0.0,0.0,1.0
2018-01-05,14.27,14.27,14.27,14.27,13.5584,0.0,0.0,1.0
2018-01-08,14.27,14.27,14.27,14.27,13.5584,0.0,0.0,1.0
2018-01-09,14.27,14.27,14.27,14.27,13.5584,0.0,0.0,1.0
2018-01-10,14.27,14.27,14.27,14.27,13.5584,87.0,0.0,1.0
2018-01-11,14.27,14.27,14.27,14.27,13.7869,0.0,0.2405,1.0
2018-01-12,14.27,14.27,14.27,14.27,13.7869,0.0,0.0,1.0
2018-01-16,14.27,14.27,14.27,14.27,13.7869,3.0,0.0,1.0
2018-01-17,14.27,14.27,14.27,14.27,13.7869,0.0,0.0,1.0
2018-01-18,14.0295,14.0295,14.0295,14.0295,13.5545,0.0,0.0,1.0
2018-01-19,14.0295,14.0295,14.0295,14.0295,13.5545,0.0,0.0,1.0
2018-01-22,14.0295,14.0295,14.0295,14.0295,13.5545,0.0,0.0,1.0
2018-01-23,14.0295,14.0295,14.0295,14.0295,13.5545,1.0,0.0,1.0
2018-01-24,14.0295,14.0295,14.0295,14.0295,13.5545,7.0,0.0,1.0
2018-01-25,14.0295,14.0295,14.0295,14.0295,13.5545,0.0,0.0,1.0
2018-01-26,14.0295,14.0295,14.0295,14.0295,13.5545,0.0,0.0,1.0
2018-01-29,14.0295,14.0295,14.0295,14.0295,13.5545,0.0,0.0,1.0
2018-01-30,14.0295,14.0295,14.0295,14.0295,13.5545,0.0,0.0,1.0
2018-01-31,14.0295,14.0295,14.0295,14.0295,13.5545,0.0,0.0,1.0
2018-02-01,14.0295,14.0295,14.0295,14.0295,13.5545,440000.0,0.0,1.0
2018-02-02,14.0295,14.0295,14.0295,14.0295,13.5545,50.0,0.0,1.0
2018-02-05,14.0295,14.0295,14.0295,14.0295,13.5545,0.0,0.0,1.0
2018-02-06,14.0295,14.0295,14.0295,14.0295,13.5545,0.0,0.0,1.0
2018-02-07,14.0295,14.0295,14.0295,14.0295,13.5545,0.0,0.0,1.0
2018-02-08,14.0295,14.0295,14.0295,14.0295,13.5545,0.0,0.0,1.0
2018-02-09,14.0295,14.0295,14.0295,14.0295,13.5545,0.0,0.0,1.0
2018-02-12,14.0295,14.0295,14.0295,14.0295,13.5545,0.0,0.0,1.0
2018-02-13,14.0295,14.0295,14.0295,14.0295,13.5545,0.0,0.0,1.0
2018-02-14,14.0295,14.0295,14.0295,14.0295,13.5545,0.0,0.0,1.0
2018-02-15,14.0295,14.0295,14.0295,14.0295,13.5545,0.0,0.0,1.0
2018-02-16,14.0295,14.0295,14.0295,14.0295,13.5545,0.0,0.0,1.0
2018-02-20,14.0295,14.0295,14.0295,14.0295,13.5545,8.0,0.0,1.0
2018-02-21,14.0295,14.0295,14.0295,14.0295,13.5545,0.0,0.0,1.0
2018-02-22,14.0295,14.0295,14.0295,14.0295,13.5545,100.0,0.0,1.0
2018-02-23,14.0295,14.0295,14.0295,14.0295,13.5545,0.0,0.0,1.0
2018-02-26,14.0295,14.0295,14.0295,14.0295,13.5545,0.0,0.0,1.0
2018-02-27,14.0295,14.0295,14.0295,14.0295,13.5545,0.0,0.0,1.0
2018-02-28,14.0295,14.0295,14.0295,14.0295,13.5545,100.0,0.0,1.0
2018-03-01,14.0295,14.0295,14.0295,14.0295,13.5545,0.0,0.0,1.0
2018-03-02,14.0295,14.0295,14.0295,14.0295,13.5545,0.0,0.0,1.0
2018-03-05,14.0295,14.0295,14.0295,14.0295,13.5545,0.0,0.0,1.0
2018-03-06,14.0295,14.0295,14.0295,14.0295,13.5545,120100.0,0.0,1.0
2018-03-07,14.0295,14.0295,14.0295,14.0295,13.5545,0.0,0.0,1.0
2018-03-08,14.0295,14.0295,14.0295,14.0295,13.5545,0.0,0.0,1.0
2018-03-09,14.27,14.27,14.27,14.27,13.7869,0.0,0.0,1.0
2018-03-12,14.0295,14.0295,14.0295,14.0295,13.5545,0.0,0.0,1.0
2018-03-13,14.0295,14.0295,14.0295,14.0295,13.5545,0.0,0.0,1.0
2018-03-14,14.0295,14.0295,14.0295,14.0295,13.5545,0.0,0.0,1.0
2018-03-15,14.0295,14.0295,14.0295,14.0295,13.5545,210000.0,0.0,1.0
2018-03-16,14.0295,14.0295,14.0295,14.0295,13.5545,0.0,0.0,1.0
2018-03-19,14.0295,14.0295,14.0295,14.0295,13.5545,0.0,0.0,1.0
2018-03-20,14.0295,14.0295,14.0295,14.0295,13.5545,0.0,0.0,1.0
2018-03-21,14.0295,14.0295,14.0295,14.0295,13.5545,0.0,0.0,1.0
2018-03-22,14.0295,14.0295,14.0295,14.0295,13.5545,113.0,0.0,1.0
2018-03-23,14.0295,14.0295,14.0295,14.0295,13.5545,0.0,0.0,1.0
2018-03-26,14.0295,14.0295,14.0295,14.0295,13.5545,0.0,0.0,1.0
2018-03-27,14.0295,14.0295,14.0295,14.0295,13.5545,50.0,0.0,1.0
2018-03-28,14.0295,14.0295,14.0295,14.0295,13.5545,0.0,0.0,1.0
2018-03-29,14.27,14.27,14.27,14.27,13.7869,0.0,0.0,1.0
2018-04-02,14.0295,14.0295,14.0295,14.0295,13.5545,0.0,0.0,1.0
2018-04-03,14.0295,14.0295,14.0295,14.0295,13.5545,50.0,0.0,1.0
2018-04-04,14.0295,14.0295,14.0295,14.0295,13.5545,35.0,0.0,1.0
2018-04-05,14.0295,14.0295,14.0295,14.0295,13.5545,0.0,0.0,1.0
2018-04-06,14.0295,14.0295,14.0295,14.0295,13.5545,6.0,0.0,1.0
2018-04-09,14.0295,14.0295,14.0295,14.0295,13.5545,0.0,0.0,1.0
2018-04-10,13.7828,13.7828,13.7828,13.7828,13.5548,2.0,0.247,1.0
2018-04-11,13.7828,13.7828,13.7828,13.7828,13.5548,61.0,0.0,1.0
2018-04-12,13.7828,13.7828,13.7828,13.7828,13.5548,0.0,0.0,1.0
2018-04-13,13.7828,13.7828,13.7828,13.7828,13.5548,0.0,0.0,1.0
2018-04-16,13.7828,13.7828,13.7828,13.7828,13.5548,0.0,0.0,1.0
2018-04-17,13.7828,13.7828,13.7828,13.7828,13.5548,0.0,0.0,1.0
2018-04-18,13.7828,13.7828,13.7828,13.7828,13.5548,0.0,0.0,1.0
2018-04-19,13.7828,13.7828,13.7828,13.7828,13.5548,1.0,0.0,1.0
2018-04-20,13.7828,13.7828,13.7828,13.7828,13.5548,3.0,0.0,1.0
2018-04-23,13.7828,13.7828,13.7828,13.7828,13.5548,0.0,0.0,1.0
2018-04-24,13.9153,13.9153,13.9153,13.9153,13.6851,100.0,0.0,1.0
2018-04-25,13.9153,13.9153,13.9153,13.9153,13.6851,1.0,0.0,1.0
2018-04-26,13.9153,13.9153,13.9153,13.9153,13.6851,0.0,0.0,1.0
2018-04-27,13.9153,13.9153,13.9153,13.9153,13.6851,0.0,0.0,1.0
2018-04-30,13.9153,13.9153,13.9153,13.9153,13.6851,0.0,0.0,1.0
2018-05-01,13.9153,13.9153,13.9153,13.9153,13.6851,410000.0,0.0,1.0
2018-05-02,13.9153,13.9153,13.9153,13.9153,13.6851,0.0,0.0,1.0
2018-05-03,13.9153,13.9153,13.9153,13.9153,13.6851,0.0,0.0,1.0
2018-05-04,13.9153,13.9153,13.9153,13.9153,13.6851,0.0,0.0,1.0
2018-05-07,13.9153,13.9153,13.9153,13.9153,13.6851,0.0,0.0,1.0
2018-05-08,13.9153,13.9153,13.9153,13.9153,13.6851,5.0,0.0,1.0
2018-05-09,13.9153,13.9153,13.9153,13.9153,13.6851,0.0,0.0,1.0
2018-05-10,13.9153,13.9153,13.9153,13.9153,13.6851,0.0,0.0,1.0
2018-05-11,13.9153,13.9153,13.9153,13.9153,13.6851,0.0,0.0,1.0
2018-05-14,13.9153,13.9153,13.9153,13.9153,13.6851,1.0,0.0,1.0
2018-05-15,14.33,14.33,14.33,14.33,14.093,800.0,0.0,1.0
2018-05-16,14.33,14.33,14.33,14.33,14.093,0.0,0.0,1.0
2018-05-17,14.33,14.33,14.33,14.33,14.093,0.0,0.0,1.0
2018-05-18,14.33,14.33,14.33,14.33,14.093,0.0,0.0,1.0
2018-05-21,14.33,14.33,14.33,14.33,14.093,120000.0,0.0,1.0
2018-05-22,14.33,14.33,14.33,14.33,14.093,0.0,0.0,1.0
2018-05-23,14.33,14.33,14.33,14.33,14.093,0.0,0.0,1.0
2018-05-24,14.33,14.33,14.33,14.33,14.093,0.0,0.0,1.0
2018-05-25,14.33,14.33,14.33,14.33,14.093,0.0,0.0,1.0
2018-05-29,14.33,14.33,14.33,14.33,14.093,0.0,0.0,1.0
2018-05-30,14.33,14.33,14.33,14.33,14.093,0.0,0.0,1.0
2018-05-31,14.33,14.33,14.33,14.33,14.093,0.0,0.0,1.0
2018-06-01,14.33,14.33,14.33,14.33,14.093,0.0,0.0,1.0
2018-06-04,14.33,14.33,14.33,14.33,14.093,0.0,0.0,1.0
2018-06-05,14.33,14.33,14.33,14.33,14.093,0.0,0.0,1.0
2018-06-06,14.33,14.33,14.33,14.33,14.093,0.0,0.0,1.0
2018-06-07,14.33,14.33,14.33,14.33,14.093,5.0,0.0,1.0
2018-06-08,14.33,14.33,14.33,14.33,14.093,0.0,0.0,1.0
2018-06-11,14.33,14.33,14.33,14.33,14.093,0.0,0.0,1.0
2018-06-12,14.33,14.33,14.33,14.33,14.093,0.0,0.0,1.0
2018-06-13,14.33,14.33,14.33,14.33,14.093,0.0,0.0,1.0
2018-06-14,14.33,14.33,14.33,14.33,14.093,0.0,0.0,1.0
2018-06-15,14.33,14.33,14.33,14.33,14.093,0.0,0.0,1.0
2018-06-18,14.33,14.33,14.33,14.33,14.093,0.0,0.0,1.0
2018-06-19,14.33,14.33,14.33,14.33,14.093,140000.0,0.0,1.0
2018-06-20,14.33,14.33,14.33,14.33,14.093,0.0,0.0,1.0
2018-06-21,14.33,14.33,14.33,14.33,14.093,3.0,0.0,1.0
2018-06-22,14.33,14.33,14.33,14.33,14.093,1.0,0.0,1.0
2018-06-25,14.33,14.33,14.33,14.33,14.093,0.0,0.0,1.0
2018-06-26,14.33,14.33,14.33,14.33,14.093,0.0,0.0,1.0
2018-06-27,14.33,14.33,14.33,14.33,14.093,67.0,0.0,1.0
2018-06-28,14.33,14.33,14.33,14.33,14.093,0.0,0.0,1.0
2018-06-29,14.33,14.33,14.33,14.33,14.093,1.0,0.0,1.0
2018-07-02,14.33,14.33,14.33,14.33,14.093,0.0,0.0,1.0
2018-07-03,14.33,14.33,14.33,14.33,14.093,0.0,0.0,1.0
2018-07-05,14.33,14.33,14.33,14.33,14.093,2.0,0.0,1.0
2018-07-06,14.33,14.33,14.33,14.33,14.093,220001.0,0.0,1.0
2018-07-09,14.33,14.33,14.33,14.33,14.093,2.0,0.0,1.0
2018-07-10,14.33,14.33,14.33,14.33,14.093,0.0,0.0,1.0
2018-07-11,14.33,14.33,14.33,14.33,14.093,0.0,0.0,1.0
2018-07-12,14.33,14.33,14.33,14.33,14.33,0.0,0.241,1.0
2018-07-13,14.0887,14.0887,14.0887,14.0887,14.0887,1.0,0.0,1.0
2018-07-16,14.0887,14.0887,14.0887,14.0887,14.0887,0.0,0.0,1.0
2018-07-17,14.0887,14.0887,14.0887,14.0887,14.0887,0.0,0.0,1.0
2018-07-18,14.0887,14.0887,14.0887,14.0887,14.0887,1.0,0.0,1.0
2018-07-19,14.0887,14.0887,14.0887,14.0887,14.0887,2.0,0.0,1.0
2018-07-20,14.0887,14.0887,14.0887,14.0887,14.0887,51.0,0.0,1.0
2018-07-23,14.0887,14.0887,14.0887,14.0887,14.0887,1.0,0.0,1.0
2018-07-24,14.0887,14.0887,14.0887,14.0887,14.0887,3.0,0.0,1.0
2018-07-25,14.0887,14.0887,14.0887,14.0887,14.0887,30.0,0.0,1.0
2018-07-26,14.0887,14.0887,14.0887,14.0887,14.0887,0.0,0.0,1.0
2018-07-27,14.0887,14.0887,14.0887,14.0887,14.0887,2.0,0.0,1.0
2018-07-30,14.0887,14.0887,14.0887,14.0887,14.0887,0.0,0.0,1.0
2018-07-31,14.0887,14.0887,14.0887,14.0887,14.0887,67.0,0.0,1.0
2018-08-01,14.0887,14.0887,14.0887,14.0887,14.0887,0.0,0.0,1.0
2018-08-02,14.0887,14.0887,14.0887,14.0887,14.0887,0.0,0.0,1.0
2018-08-03,14.0887,14.0887,14.0887,14.0887,14.0887,0.0,0.0,1.0
2018-08-06,14.0887,14.0887,14.0887,14.0887,14.0887,0.0,0.0,1.0
2018-08-07,14.0887,14.0887,14.0887,14.0887,14.0887,0.0,0.0,1.0
2018-08-08,14.0887,14.0887,14.0887,14.0887,14.0887,0.0,0.0,1.0
2018-08-09,14.0887,14.0887,14.0887,14.0887,14.0887,0.0,0.0,1.0
2018-08-10,14.0887,14.0887,14.0887,14.0887,14.0887,0.0,0.0,1.0
2018-08-13,14.0887,14.0887,14.0887,14.0887,14.0887,80.0,0.0,1.0
2018-08-14,14.0887,14.0887,14.0887,14.0887,14.0887,2.0,0.0,1.0
2018-08-15,14.0887,14.0887,14.0887,14.0887,14.0887,0.0,0.0,1.0
2018-08-16,14.0887,14.0887,14.0887,14.0887,14.0887,0.0,0.0,1.0
2018-08-17,14.0887,14.0887,14.0887,14.0887,14.0887,0.0,0.0,1.0
2018-08-20,14.0887,14.0887,14.0887,14.0887,14.0887,0.0,0.0,1.0
2018-08-21,14.0887,14.0887,14.0887,14.0887,14.0887,200000.0,0.0,1.0
2018-08-22,14.0887,14.0887,14.0887,14.0887,14.0887,0.0,0.0,1.0
2018-08-23,14.0887,14.0887,14.0887,14.0887,14.0887,0.0,0.0,1.0
2018-08-24,14.0887,14.0887,14.0887,14.0887,14.0887,0.0,0.0,1.0
2018-08-27,14.0887,14.0887,14.0887,14.0887,14.0887,0.0,0.0,1.0
2018-08-28,14.0887,14.0887,14.0887,14.0887,14.0887,0.0,0.0,1.0
2018-08-29,14.0887,14.0887,14.0887,14.0887,14.0887,400000.0,0.0,1.0
2018-08-30,14.0887,14.0887,14.0887,14.0887,14.0887,0.0,0.0,1.0
2018-08-31,14.0887,14.0887,14.0887,14.0887,14.0887,0.0,0.0,1.0
