date,1. open,2. high,3. low,4. close,5. adjusted close,6. volume,7. dividend amount,8. split coefficient
2016-01-27,10.0,10.01,10.0,10.0,9.4121,552984.0,0.0,1.0
2016-01-28,10.0,10.25,10.0,10.0,9.4121,73500.0,0.0,1.0
2016-01-29,10.03,10.05,10.02,10.02,9.4309,21303.0,0.0,1.0
2016-02-01,10.03,10.05,10.02,10.02,9.4309,14192.0,0.0,1.0
2016-02-02,10.08,10.08,10.01,10.02,9.4309,7905.0,0.0,1.0
2016-02-03,10.018,10.02,10.0,10.02,9.4309,5700.0,0.0,1.0
2016-02-04,10.08,10.08,10.0,10.0,9.4121,20780.0,0.0,1.0
2016-02-05,10.0299,10.0299,10.0,10.0,9.4121,3700.0,0.0,1.0
2016-02-08,10.0222,10.0222,10.0,10.02,9.4309,9350.0,0.0,1.0
2016-02-09,10.02,10.05,10.0101,10.03,9.4403,28215.0,0.0,1.0
2016-02-10,10.03,10.05,10.02,10.02,9.4309,20555.0,0.0,1.0
2016-02-11,10.0,10.0099,10.0,10.0077,9.4193,53085.0,0.0,1.0
2016-02-12,10.0265,10.0604,10.0265,10.05,9.4591,12700.0,0.0,1.0
2016-02-16,10.01,10.05,10.0,10.03,9.4403,28000.0,0.0,1.0
2016-02-17,10.1,10.1,10.0251,10.03,9.4403,9150.0,0.0,1.0
2016-02-18,10.02,10.04,10.02,10.04,9.4497,25325.0,0.0,1.0
2016-02-19,10.19,10.19,10.0399,10.04,9.4497,6199.0,0.0,1.0
2016-02-22,10.05,10.05,10.0,10.0,9.4121,10029.0,0.0,1.0
2016-02-23,10.08,10.1,10.01,10.01,9.4215,26407.0,0.0,1.0
2016-02-24,10.04,10.04,10.03,10.04,9.4497,5522.0,0.0,1.0
2016-02-25,10.25,10.25,10.19,10.19,9.5909,2608.0,0.0,1.0
2016-02-26,10.05,10.05,10.0,10.0,9.4121,608.0,0.0,1.0
2016-02-29,10.03,10.04,10.0165,10.04,9.4497,7144.0,0.0,1.0
2016-03-01,10.05,10.0986,10.0382,10.05,9.4591,6400.0,0.0,1.0
2016-03-02,10.02,10.04,10.0,10.0001,9.4122,46191.0,0.0,1.0
2016-03-03,10.01,10.05,10.0,10.05,9.4591,23424.0,0.0,1.0
2016-03-04,10.03,10.05,10.028,10.05,9.4591,8150.0,0.0,1.0
2016-03-07,10.0301,10.0696,10.0301,10.036,9.446,10798.0,0.0,1.0
2016-03-08,10.02,10.04,10.0,10.0,9.4121,29800.0,0.0,1.0
2016-03-09,10.01,10.04,10.0,10.0,9.4121,2697.0,0.0,1.0
2016-03-10,10.0,10.01,9.995,10.01,9.4215,5291.0,0.0,1.0
2016-03-11,9.9948,10.08,9.99,10.0799,9.5061,16501.0,0.02,1.0
2016-03-14,10.0,10.03,10.0,10.0001,9.4309,11600.0,0.0,1.0
2016-03-15,9.9968,10.0,9.9901,9.9951,9.4261,7200.0,0.0,1.0
2016-03-16,10.0,10.0,9.97,9.9799,9.4118,12800.0,0.0,1.0
2016-03-17,9.9601,9.9801,9.9574,9.96,9.393,11236.0,0.0,1.0
2016-03-18,9.98,9.98,9.78,9.91,9.3459,7319.0,0.0,1.0
2016-03-21,9.98,9.98,9.9001,9.9001,9.3365,10690.0,0.0,1.0
2016-03-22,9.96,10.0,9.96,9.96,9.393,22830.0,0.0,1.0
2016-03-23,10.0,10.01,9.97,10.0,9.4308,11095.0,0.0,1.0
2016-03-24,10.0099,10.02,10.0,10.01,9.4402,11175.0,0.0,1.0
2016-03-28,10.0015,10.02,10.0,10.01,9.4402,5800.0,0.0,1.0
2016-03-29,10.01,10.01,9.99,10.0,9.4308,19263.0,0.0,1.0
2016-03-30,9.9899,10.0,9.96,10.0,9.4308,22090.0,0.0,1.0
2016-03-31,9.98,10.01,9.98,10.0,9.4308,26426.0,0.0,1.0
2016-04-01,10.0,10.01,9.9933,10.01,9.4402,8038.0,0.0,1.0
2016-04-04,10.01,10.01,9.9968,10.0,9.4308,6440.0,0.0,1.0
2016-04-05,10.0,10.0,9.999,10.0,9.4308,14039.0,0.0,1.0
2016-04-06,10.0,10.15,10.0,10.1,9.5251,26608.0,0.0,1.0
2016-04-07,10.0651,10.0797,10.05,10.05,9.4779,10500.0,0.0,1.0
2016-04-08,10.0501,10.0732,10.0501,10.07,9.4968,3701.0,0.0,1.0
2016-04-11,10.0752,10.0752,10.05,10.05,9.4779,4850.0,0.0,1.0
2016-04-12,9.98,10.0,9.98,10.0,9.4308,14101.0,0.0,1.0
2016-04-13,9.96,10.13,9.96,10.13,9.5722,39200.0,0.02,1.0
2016-04-14,10.0901,10.15,10.03,10.15,9.5911,40432.0,0.0,1.0
2016-04-15,10.19,10.19,10.04,10.04,9.4872,33585.0,0.0,1.0
2016-04-18,10.12,10.12,10.0,10.01,9.4588,12140.0,0.0,1.0
2016-04-19,10.0101,10.07,10.0,10.03,9.4777,16680.0,0.0,1.0
2016-04-20,10.05,10.1599,10.03,10.1201,9.5629,29069.0,0.0,1.0
2016-04-21,10.08,10.11,10.0301,10.05,9.4966,19700.0,0.0,1.0
2016-04-22,10.06,10.0724,10.05,10.0688,9.5144,11522.0,0.0,1.0
2016-04-25,10.04,10.0699,10.011,10.02,9.4683,34200.0,0.0,1.0
2016-04-26,10.02,10.02,9.94,9.94,9.3927,42705.0,0.0,1.0
2016-04-27,9.95,9.98,9.9401,9.98,9.4305,12362.0,0.0,1.0
2016-04-28,9.98,10.01,9.98,10.0,9.4494,37282.0,0.0,1.0
2016-04-29,10.01,10.01,9.78,9.84,9.2982,88118.0,0.0,1.0
2016-05-02,9.895,9.9699,9.8899,9.95,9.4021,64956.0,0.0,1.0
2016-05-03,9.95,9.95,9.8701,9.91,9.3643,54619.0,0.0,1.0
2016-05-04,9.9291,9.99,9.92,9.9775,9.4281,14016.0,0.0,1.0
2016-05-05,9.99,10.01,9.9789,10.01,9.4588,23562.0,0.0,1.0
2016-05-06,10.0,10.01,9.95,10.0064,9.4554,15444.0,0.0,1.0
2016-05-09,9.988,9.99,9.88,9.93,9.3832,41035.0,0.0,1.0
2016-05-10,9.95,10.01,9.9438,10.0,9.4494,20201.0,0.0,1.0
2016-05-11,9.9752,10.01,9.9752,10.0,9.4683,10089.0,0.02,1.0
2016-05-12,9.9899,10.0,9.94,10.0,9.4683,33075.0,0.0,1.0
2016-05-13,9.954,9.954,9.83,9.91,9.3831,40100.0,0.0,1.0
2016-05-16,9.9185,9.95,9.9,9.95,9.4209,6300.0,0.0,1.0
2016-05-17,9.94,9.94,9.87,9.9099,9.383,37620.0,0.0,1.0
2016-05-18,10.01,10.01,9.88,9.9,9.3736,44908.0,0.0,1.0
2016-05-19,9.88,9.9218,9.85,9.85,9.3263,21166.0,0.0,1.0
2016-05-20,9.93,9.94,9.8501,9.86,9.3357,18141.0,0.0,1.0
2016-05-23,9.97,9.97,9.93,9.95,9.4209,13506.0,0.0,1.0
2016-05-24,9.93,9.93,9.81,9.9,9.3736,93333.0,0.0,1.0
2016-05-25,9.8999,9.93,9.85,9.9,9.3736,57793.0,0.0,1.0
2016-05-26,9.92,9.95,9.8999,9.9201,9.3926,31147.0,0.0,1.0
2016-05-27,9.98,9.99,9.92,9.9399,9.4114,26800.0,0.0,1.0
2016-05-31,9.95,9.96,9.91,9.95,9.4209,45633.0,0.0,1.0
2016-06-01,9.9,9.9569,9.9,9.94,9.4115,7475.0,0.0,1.0
2016-06-02,9.9493,9.96,9.9493,9.96,9.4304,12905.0,0.0,1.0
2016-06-03,9.9773,9.99,9.95,9.99,9.4588,19860.0,0.0,1.0
2016-06-06,9.99,9.99,9.97,9.99,9.4588,5716.0,0.0,1.0
2016-06-07,10.0,10.01,9.99,9.99,9.4588,12497.0,0.0,1.0
2016-06-08,10.01,10.01,10.0,10.01,9.4777,7250.0,0.0,1.0
2016-06-09,10.01,10.01,10.0,10.01,9.4777,4900.0,0.0,1.0
2016-06-10,10.01,10.01,10.0,10.0,9.4683,1800.0,0.0,1.0
2016-06-13,10.0,10.0,9.982,10.0,9.4872,10300.0,0.02,1.0
2016-06-14,10.0,10.01,10.0,10.01,9.4967,3100.0,0.0,1.0
2016-06-15,10.01,10.0199,10.0088,10.0199,9.5061,7000.0,0.0,1.0
2016-06-16,10.0053,10.02,9.99,10.02,9.5062,20496.0,0.0,1.0
2016-06-17,10.02,10.05,9.9801,10.02,9.5062,20900.0,0.0,1.0
2016-06-20,10.02,10.02,10.0175,10.02,9.5062,10310.0,0.0,1.0
2016-06-21,10.02,10.05,10.01,10.05,9.5347,21382.0,0.0,1.0
2016-06-22,10.0316,10.0452,10.02,10.0299,9.5156,23900.0,0.0,1.0
2016-06-23,10.0,10.05,10.0,10.03,9.5157,26882.0,0.0,1.0
2016-06-24,10.05,10.05,10.0,10.04,9.5252,23290.0,0.0,1.0
2016-06-27,10.04,10.1,10.0,10.0,9.4872,22508.0,0.0,1.0
2016-06-28,10.08,10.12,10.02,10.0699,9.5535,30254.0,0.0,1.0
2016-06-29,10.069,10.14,10.02,10.07,9.5536,43404.0,0.0,1.0
2016-06-30,10.06,10.23,10.0,10.21,9.6864,20400.0,0.0,1.0
2016-07-01,10.23,10.23,10.1328,10.14,9.62,2487.0,0.0,1.0
2016-07-05,10.06,10.14,10.06,10.12,9.6011,16924.0,0.0,1.0
2016-07-06,10.1397,10.2,10.1137,10.18,9.658,17982.0,0.0,1.0
2016-07-07,10.18,10.2,10.1501,10.2,9.677,18423.0,0.0,1.0
2016-07-08,10.1982,10.2,10.1982,10.2,9.677,4100.0,0.0,1.0
2016-07-11,10.2,10.24,10.1,10.12,9.6011,48238.0,0.0,1.0
2016-07-12,10.1,10.15,10.09,10.12,9.6011,28612.0,0.0,1.0
2016-07-13,10.1104,10.1104,10.05,10.08,9.5821,9600.0,0.02,1.0
2016-07-14,10.0501,10.07,10.03,10.03,9.5346,21950.0,0.0,1.0
2016-07-15,10.07,10.07,10.04,10.07,9.5726,15975.0,0.0,1.0
2016-07-18,10.16,10.2,10.11,10.18,9.6771,19800.0,0.0,1.0
2016-07-19,10.1469,10.212,10.08,10.2,9.6962,22127.0,0.0,1.0
2016-07-20,10.2087,10.24,10.19,10.24,9.7342,5000.0,0.0,1.0
2016-07-21,10.23,10.28,10.2116,10.2793,9.7715,12396.0,0.0,1.0
2016-07-22,10.3,10.35,10.292,10.3,9.7912,17600.0,0.0,1.0
2016-07-25,10.28,10.35,10.25,10.26,9.7532,22355.0,0.0,1.0
2016-07-26,10.2571,10.27,10.1,10.16,9.6581,47204.0,0.0,1.0
2016-07-27,10.22,10.22,10.03,10.1,9.6011,52231.0,0.0,1.0
2016-07-28,10.0633,10.1,10.02,10.06,9.5631,50500.0,0.0,1.0
2016-07-29,10.05,10.1,10.0,10.1,9.6011,68879.0,0.0,1.0
2016-08-01,10.08,10.09,10.07,10.07,9.5726,7400.0,0.0,1.0
2016-08-02,10.06,10.13,10.04,10.13,9.6296,21776.0,0.0,1.0
2016-08-03,10.1,10.21,10.1,10.1752,9.6726,26178.0,0.0,1.0
2016-08-04,10.2,10.2,10.045,10.0799,9.582,48653.0,0.0,1.0
2016-08-05,10.08,10.12,10.07,10.09,9.5916,9801.0,0.0,1.0
2016-08-08,10.1,10.1,10.0889,10.0889,9.5905,4802.0,0.0,1.0
2016-08-09,10.09,10.09,10.06,10.08,9.5821,28845.0,0.0,1.0
2016-08-10,10.08,10.12,10.08,10.12,9.6201,21522.0,0.0,1.0
2016-08-11,10.1,10.12,10.06,10.11,9.6296,34459.0,0.02,1.0
2016-08-12,10.08,10.11,10.08,10.11,9.6296,18273.0,0.0,1.0
2016-08-15,10.11,10.13,10.07,10.09,9.6106,17306.0,0.0,1.0
2016-08-16,10.0999,10.1,10.08,10.08,9.601,8875.0,0.0,1.0
2016-08-17,10.07,10.1,10.05,10.0799,9.6009,48683.0,0.0,1.0
2016-08-18,10.05,10.09,10.05,10.0899,9.6105,9650.0,0.0,1.0
2016-08-19,10.06,10.08,10.06,10.08,9.601,1000.0,0.0,1.0
2016-08-22,10.09,10.1,10.0701,10.0701,9.5916,10550.0,0.0,1.0
2016-08-23,10.06,10.0699,10.05,10.0599,9.5819,23800.0,0.0,1.0
2016-08-24,10.06,10.06,10.03,10.0599,9.5819,19361.0,0.0,1.0
2016-08-25,10.06,10.125,10.06,10.0735,9.5949,16016.0,0.0,1.0
2016-08-26,10.1,10.13,10.07,10.1111,9.6307,34350.0,0.0,1.0
2016-08-29,10.12,10.1411,10.115,10.1201,9.6392,22521.0,0.0,1.0
2016-08-30,10.11,10.1101,10.1,10.1,9.6201,12963.0,0.0,1.0
2016-08-31,10.12,10.13,10.1,10.1171,9.6364,14509.0,0.0,1.0
2016-09-01,10.14,10.15,10.1059,10.15,9.6677,13122.0,0.0,1.0
2016-09-02,10.12,10.16,10.0401,10.05,9.5725,80952.0,0.0,1.0
2016-09-06,10.06,10.12,10.06,10.11,9.6296,2661.0,0.0,1.0
2016-09-07,10.13,10.505,10.1,10.3,9.8106,23005.0,0.0,1.0
2016-09-08,10.29,10.44,10.29,10.3024,9.8129,52175.0,0.0,1.0
2016-09-09,10.23,10.25,10.11,10.11,9.6296,16900.0,0.0,1.0
2016-09-12,10.1252,10.1385,10.1252,10.1385,9.6568,1277.0,0.0,1.0
2016-09-13,10.13,10.14,10.07,10.1,9.6391,21300.0,0.02,1.0
2016-09-14,10.13,10.15,10.13,10.15,9.6869,4897.0,0.0,1.0
2016-09-15,10.1379,10.16,10.1379,10.16,9.6964,4100.0,0.0,1.0
2016-09-16,10.15,10.49,10.15,10.31,9.8396,20517.0,0.0,1.0
2016-09-19,10.3,10.3,10.27,10.3,9.83,6047.0,0.0,1.0
2016-09-20,10.3,10.3,10.25,10.26,9.7918,5643.0,0.0,1.0
2016-09-21,10.26,10.3,10.22,10.23,9.7632,23651.0,0.0,1.0
2016-09-22,10.22,10.23,10.21,10.23,9.7632,2055.0,0.0,1.0
2016-09-23,10.24,10.24,10.16,10.1673,9.7034,11395.0,0.0,1.0
2016-09-26,10.16,10.17,10.13,10.1428,9.68,11550.0,0.0,1.0
2016-09-27,10.13,10.14,10.06,10.09,9.6296,35683.0,0.0,1.0
2016-09-28,10.1,10.1,10.05,10.07,9.6105,46183.0,0.0,1.0
2016-09-29,10.06,10.0743,10.0,10.04,9.5819,51750.0,0.0,1.0
2016-09-30,10.0385,10.05,10.02,10.04,9.5819,11200.0,0.0,1.0
2016-10-03,10.05,10.05,10.0,10.0,9.5437,13672.0,0.0,1.0
2016-10-04,10.01,10.1,10.0,10.08,9.6201,50493.0,0.0,1.0
2016-10-05,10.09,10.11,10.0569,10.093,9.6325,12696.0,0.0,1.0
2016-10-06,10.08,10.1,10.0547,10.1,9.6391,21500.0,0.0,1.0
2016-10-07,10.09,10.09,10.08,10.09,9.6296,953.0,0.0,1.0
2016-10-10,10.1,10.1,10.06,10.07,9.6105,6093.0,0.0,1.0
2016-10-11,10.0801,10.0801,10.05,10.06,9.601,19107.0,0.0,1.0
2016-10-12,10.08,10.12,10.06,10.101,9.6592,28900.0,0.02,1.0
2016-10-13,10.12,10.12,10.1001,10.12,9.6774,16450.0,0.0,1.0
2016-10-14,10.1,10.1095,10.0977,10.1,9.6582,10350.0,0.0,1.0
2016-10-17,10.13,10.18,10.05,10.17,9.7252,17500.0,0.0,1.0
2016-10-18,10.1799,10.19,10.1799,10.1853,9.7398,1809.0,0.0,1.0
2016-10-19,10.17,10.28,10.17,10.2099,9.7633,4501.0,0.0,1.0
2016-10-20,10.2,10.25,10.2,10.25,9.8017,11900.0,0.0,1.0
2016-10-21,10.23,10.27,10.2278,10.2434,9.7954,16025.0,0.0,1.0
2016-10-24,10.2699,10.2699,10.1,10.12,9.6774,14400.0,0.0,1.0
2016-10-25,10.1101,10.16,10.1101,10.16,9.7156,6200.0,0.0,1.0
2016-10-26,10.1497,10.18,10.1217,10.1799,9.7346,9025.0,0.0,1.0
2016-10-27,10.25,10.25,10.13,10.17,9.7252,18290.0,0.0,1.0
2016-10-28,10.13,10.15,10.09,10.09,9.6487,5900.0,0.0,1.0
2016-10-31,10.1365,10.1365,10.06,10.0799,9.639,24770.0,0.0,1.0
2016-11-01,10.26,10.26,10.07,10.12,9.6774,17659.0,0.0,1.0
2016-11-02,10.08,10.1,10.08,10.08,9.6391,6167.0,0.0,1.0
2016-11-03,10.06,10.1,10.05,10.06,9.62,8541.0,0.0,1.0
2016-11-04,10.12,10.18,10.1199,10.16,9.7156,14600.0,0.0,1.0
2016-11-07,10.149,10.15,10.1082,10.15,9.706,11650.0,0.0,1.0
2016-11-08,10.11,10.16,10.11,10.1407,9.6971,16283.0,0.0,1.0
2016-11-09,10.08,10.115,10.07,10.0792,9.6383,12495.0,0.0,1.0
2016-11-10,10.05,10.11,10.05,10.06,9.6391,16000.0,0.02,1.0
2016-11-11,10.05,10.08,10.05,10.05,9.6295,15875.0,0.0,1.0
2016-11-14,10.05,10.05,10.02,10.04,9.6199,18504.0,0.0,1.0
2016-11-15,10.0443,10.0443,10.03,10.04,9.6199,5170.0,0.0,1.0
2016-11-16,10.0498,10.0498,10.02,10.03,9.6104,7798.0,0.0,1.0
2016-11-17,10.02,10.02,9.98,9.98,9.5625,42522.0,0.0,1.0
2016-11-18,9.9776,9.9999,9.97,9.99,9.572,9631.0,0.0,1.0
2016-11-21,9.99,10.0,9.94,9.9565,9.5399,35600.0,0.0,1.0
2016-11-22,9.98,9.98,9.8,9.89,9.4762,53691.0,0.0,1.0
2016-11-23,9.96,9.98,9.9,9.9149,9.5001,20879.0,0.0,1.0
2016-11-25,9.89,9.91,9.85,9.9,9.4858,8364.0,0.0,1.0
2016-11-28,9.95,9.95,9.88,9.88,9.4666,29720.0,0.0,1.0
2016-11-29,9.8778,9.8899,9.85,9.85,9.4379,20961.0,0.0,1.0
2016-11-30,9.88,9.88,9.85,9.85,9.4379,27604.0,0.0,1.0
2016-12-01,9.88,9.8844,9.86,9.87,9.4571,1496.0,0.0,1.0
2016-12-02,9.86,9.89,9.86,9.88,9.4666,4433.0,0.0,1.0
2016-12-05,9.8733,9.88,9.8733,9.88,9.4666,3701.0,0.0,1.0
2016-12-06,9.87,9.95,9.87,9.94,9.5241,13597.0,0.0,1.0
2016-12-07,9.9434,9.95,9.94,9.95,9.5337,7937.0,0.0,1.0
2016-12-08,9.95,10.0,9.86,9.88,9.4666,43301.0,0.0,1.0
2016-12-09,9.93,9.95,9.88,9.92,9.505,4110.0,0.0,1.0
2016-12-12,9.96,9.96,9.86,9.87,9.4571,6450.0,0.0,1.0
2016-12-13,9.871,9.8733,9.8,9.819,9.4273,36281.0,0.02,1.0
2016-12-14,9.82,9.93,9.78,9.93,9.5339,50705.0,0.0,1.0
2016-12-15,9.89,9.94,9.8341,9.93,9.5339,28697.0,0.0,1.0
2016-12-16,9.8899,9.9652,9.8899,9.92,9.5243,10276.0,0.0,1.0
2016-12-19,9.88,9.9245,9.78,9.8558,9.4627,26924.0,0.0,1.0
2016-12-20,9.8546,9.92,9.8546,9.92,9.5243,7042.0,0.0,1.0
2016-12-21,9.9,9.9,9.8765,9.89,9.4955,16768.0,0.0,1.0
2016-12-22,9.9,9.93,9.84,9.93,9.5339,33776.0,0.0,1.0
2016-12-23,9.85,9.9197,9.84,9.864,9.4706,23295.0,0.0,1.0
2016-12-27,9.92,10.25,9.8704,10.1,9.6971,58450.0,0.0,1.0
2016-12-28,10.25,10.25,9.91,9.91,9.5147,20666.0,0.0,1.0
2016-12-29,9.89,9.902,9.89,9.9,9.5051,5381.0,0.0,1.0
2016-12-30,9.89,9.92,9.84,9.92,9.5243,33480.0,0.0,1.0
2017-01-03,9.94,9.95,9.9,9.91,9.5147,1708.0,0.0,1.0
2017-01-04,9.94,9.95,9.9203,9.95,9.5531,4071.0,0.0,1.0
2017-01-05,9.8941,10.0,9.8941,9.94,9.5435,19800.0,0.0,1.0
2017-01-06,9.86,9.9399,9.86,9.9361,9.5398,7465.0,0.0,1.0
2017-01-09,9.9351,9.9351,9.8791,9.9,9.5051,3612.0,0.0,1.0
2017-01-10,9.91,9.94,9.91,9.94,9.5435,8300.0,0.0,1.0
2017-01-11,9.93,9.95,9.93,9.94,9.5627,13700.0,0.02,1.0
2017-01-12,9.95,9.95,9.9,9.92,9.5435,16900.0,0.0,1.0
2017-01-13,9.9151,9.9151,9.87,9.89,9.5146,11392.0,0.0,1.0
2017-01-17,9.949,9.95,9.86,9.91,9.5339,11023.0,0.0,1.0
2017-01-18,9.88,9.93,9.88,9.9,9.5242,7796.0,0.0,1.0
2017-01-19,9.9,9.9,9.84,9.87,9.4954,18684.0,0.0,1.0
2017-01-20,9.84,9.84,9.79,9.82,9.4473,18650.0,0.0,1.0
2017-01-23,9.85,9.87,9.7465,9.78,9.4088,54881.0,0.0,1.0
2017-01-24,9.8299,9.86,9.7701,9.8,9.428,35701.0,0.0,1.0
2017-01-25,9.78,9.78,9.73,9.73,9.3607,26132.0,0.0,1.0
2017-01-26,9.73,9.75,9.7265,9.75,9.3799,55919.0,0.0,1.0
2017-01-27,9.75,9.76,9.71,9.76,9.3896,70255.0,0.0,1.0
2017-01-30,9.8,9.84,9.78,9.84,9.4665,12455.0,0.0,1.0
2017-01-31,9.77,9.87,9.77,9.87,9.4954,12615.0,0.0,1.0
2017-02-01,9.75,9.94,9.75,9.81,9.4377,44112.0,0.0,1.0
2017-02-02,9.83,9.89,9.82,9.87,9.4954,14023.0,0.0,1.0
2017-02-03,9.87,9.88,9.82,9.86,9.4858,21997.0,0.0,1.0
2017-02-06,9.85,9.85,9.8,9.82,9.4473,5609.0,0.0,1.0
2017-02-07,9.81,9.85,9.72,9.78,9.4088,97895.0,0.0,1.0
2017-02-08,9.78,9.79,9.74,9.79,9.4184,23272.0,0.0,1.0
2017-02-09,9.74,9.78,9.74,9.77,9.3992,26675.0,0.0,1.0
2017-02-10,9.7724,9.82,9.75,9.81,9.4377,33136.0,0.0,1.0
2017-02-13,9.8,9.8,9.75,9.78,9.428,21134.0,0.02,1.0
2017-02-14,9.77,9.79,9.719,9.72,9.3702,29000.0,0.0,1.0
2017-02-15,9.71,9.72,9.6999,9.72,9.3702,21915.0,0.0,1.0
2017-02-16,9.82,9.82,9.66,9.69,9.3413,30748.0,0.0,1.0
2017-02-17,9.7,9.7,9.65,9.69,9.3413,43932.0,0.0,1.0
2017-02-21,9.6919,9.7,9.55,9.68,9.3316,47107.0,0.0,1.0
2017-02-22,9.65,9.68,9.6201,9.67,9.322,17550.0,0.0,1.0
2017-02-23,9.67,9.7,9.65,9.69,9.3413,25151.0,0.0,1.0
2017-02-24,9.69,9.7,9.65,9.7,9.3509,39181.0,0.0,1.0
2017-02-27,9.7,9.7,9.62,9.64,9.2931,76330.0,0.0,1.0
2017-02-28,9.62,9.79,9.6,9.75,9.3991,55644.0,0.0,1.0
2017-03-01,9.7,9.8,9.54,9.55,9.2063,42309.0,0.0,1.0
2017-03-02,9.56,9.62,9.56,9.62,9.2738,113.0,0.0,1.0
2017-03-03,9.68,9.68,9.48,9.52,9.1774,131250.0,0.0,1.0
2017-03-06,9.55,9.6,9.51,9.55,9.2063,27669.0,0.0,1.0
2017-03-07,9.6,9.6,9.56,9.56,9.216,24800.0,0.0,1.0
2017-03-08,9.5,9.65,9.4981,9.57,9.2256,36064.0,0.0,1.0
2017-03-09,9.57,9.65,9.5361,9.62,9.2738,49756.0,0.0,1.0
2017-03-10,9.59,9.623,9.5603,9.623,9.2767,28867.0,0.0,1.0
2017-03-13,9.6,9.7,9.6,9.6991,9.3693,36079.0,0.02,1.0
2017-03-14,9.6201,9.7489,9.6201,9.74,9.4088,11082.0,0.0,1.0
2017-03-15,9.74,9.9999,9.7135,9.9499,9.6116,22583.0,0.0,1.0
2017-03-16,9.9166,9.9166,9.76,9.78,9.4475,39803.0,0.0,1.0
2017-03-17,9.74,9.86,9.71,9.86,9.5248,17598.0,0.0,1.0
2017-03-20,9.8,9.8999,9.8,9.87,9.5344,10673.0,0.0,1.0
2017-03-21,9.8528,9.8636,9.74,9.75,9.4185,21310.0,0.0,1.0
2017-03-22,9.74,9.7696,9.7332,9.7597,9.4279,15233.0,0.0,1.0
2017-03-23,9.88,9.88,9.68,9.68,9.3509,22665.0,0.0,1.0
2017-03-24,9.71,9.78,9.71,9.7797,9.4472,8390.0,0.0,1.0
2017-03-27,9.8,9.8,9.72,9.73,9.3992,15840.0,0.0,1.0
2017-03-28,9.73,9.9,9.73,9.85,9.5151,16496.0,0.0,1.0
2017-03-29,9.9,9.9,9.8,9.8543,9.5193,2748.0,0.0,1.0
2017-03-30,9.8,9.82,9.73,9.75,9.4185,27970.0,0.0,1.0
2017-03-31,9.75,9.76,9.75,9.75,9.4185,3938.0,0.0,1.0
2017-04-03,9.8,9.8155,9.74,9.7498,9.4183,18326.0,0.0,1.0
2017-04-04,9.82,9.82,9.65,9.65,9.3219,29151.0,0.0,1.0
2017-04-05,9.65,9.67,9.6,9.6,9.2736,31985.0,0.0,1.0
2017-04-06,9.61,9.76,9.61,9.76,9.4282,46155.0,0.0,1.0
2017-04-07,9.76,9.77,9.7,9.72,9.3895,15685.0,0.0,1.0
2017-04-10,9.77,9.77,9.7182,9.72,9.3895,11010.0,0.0,1.0
2017-04-11,9.65,9.75,9.65,9.7448,9.4328,21471.0,0.02,1.0
2017-04-12,9.7524,9.77,9.73,9.76,9.4475,11008.0,0.0,1.0
2017-04-13,9.77,9.8,9.7699,9.8,9.4862,12342.0,0.0,1.0
2017-04-17,9.82,9.82,9.7,9.82,9.5056,21856.0,0.0,1.0
2017-04-18,9.8392,10.0,9.8392,9.87,9.554,18465.0,0.0,1.0
2017-04-19,9.86,9.89,9.75,9.83,9.5153,18401.0,0.0,1.0
2017-04-20,9.83,9.99,9.79,9.99,9.6701,58273.0,0.0,1.0
2017-04-21,9.9398,9.95,9.9,9.9,9.583,8082.0,0.0,1.0
2017-04-24,9.91,10.1,9.91,10.0,9.6798,8693.0,0.0,1.0
2017-04-25,9.99,9.99,9.94,9.97,9.6508,17999.0,0.0,1.0
2017-04-26,9.99,9.99,9.97,9.97,9.6508,18540.0,0.0,1.0
2017-04-27,9.97,9.97,9.96,9.96,9.6411,19507.0,0.0,1.0
2017-04-28,9.99,9.99,9.9568,9.99,9.6701,9326.0,0.0,1.0
2017-05-01,9.98,9.99,9.96,9.97,9.6508,3421.0,0.0,1.0
2017-05-02,9.99,10.05,9.96,10.04,9.7185,14563.0,0.0,1.0
2017-05-03,10.03,10.03,9.9551,9.99,9.6701,19797.0,0.0,1.0
2017-05-04,9.92,9.93,9.9,9.93,9.6121,13550.0,0.0,1.0
2017-05-05,10.0,10.0,9.9201,9.94,9.6217,9146.0,0.0,1.0
2017-05-08,9.94,9.94,9.9151,9.94,9.6217,22663.0,0.0,1.0
2017-05-09,10.0,10.0,9.9301,10.0,9.6798,25603.0,0.0,1.0
2017-05-10,9.92,9.9996,9.8024,9.9101,9.5928,29706.0,0.0,1.0
2017-05-11,9.9,10.0,9.9,9.9611,9.6606,15720.0,0.019,1.0
2017-05-12,10.0,10.0,9.97,9.98,9.6789,6700.0,0.0,1.0
2017-05-15,10.0,10.1,9.91,9.91,9.611,62949.0,0.0,1.0
2017-05-16,9.91,10.0851,9.91,9.9847,9.6835,7416.0,0.0,1.0
2017-05-17,9.92,10.25,9.81,9.85,9.5528,33871.0,0.0,1.0
2017-05-18,9.81,9.9257,9.81,9.88,9.5819,13569.0,0.0,1.0
2017-05-19,9.8786,9.8786,9.76,9.81,9.514,15620.0,0.0,1.0
2017-05-22,9.81,9.83,9.74,9.75,9.4558,24944.0,0.0,1.0
2017-05-23,9.8299,9.9,9.7615,9.82,9.5237,13263.0,0.0,1.0
2017-05-24,9.85,9.85,9.73,9.83,9.5334,21324.0,0.0,1.0
2017-05-25,9.8499,9.85,9.82,9.85,9.5528,3400.0,0.0,1.0
2017-05-26,9.89,9.89,9.84,9.85,9.5528,3000.0,0.0,1.0
2017-05-30,9.81,9.85,9.76,9.79,9.4946,17274.0,0.0,1.0
2017-05-31,9.7946,9.84,9.75,9.76,9.4655,16351.0,0.0,1.0
2017-06-01,9.83,9.83,9.76,9.8,9.5043,7253.0,0.0,1.0
2017-06-02,9.8291,9.85,9.8291,9.83,9.5334,3280.0,0.0,1.0
2017-06-05,9.84,9.85,9.8237,9.85,9.5528,6503.0,0.0,1.0
2017-06-06,9.84,9.86,9.79,9.86,9.5625,17981.0,0.0,1.0
2017-06-07,9.88,9.88,9.83,9.8304,9.5338,8113.0,0.0,1.0
2017-06-08,9.78,9.8,9.78,9.8,9.5043,8655.0,0.0,1.0
2017-06-09,9.78,9.85,9.75,9.8106,9.5146,40544.0,0.0,1.0
2017-06-12,9.8572,9.87,9.78,9.8243,9.5279,17702.0,0.0,1.0
2017-06-13,9.7943,9.84,9.7943,9.8225,9.5446,16777.0,0.019,1.0
2017-06-14,9.7901,9.89,9.7901,9.89,9.6102,18744.0,0.0,1.0
2017-06-15,9.845,9.87,9.845,9.85,9.5713,3205.0,0.0,1.0
2017-06-16,9.85,9.86,9.78,9.83,9.5519,13780.0,0.0,1.0
2017-06-19,9.8,9.8485,9.8,9.84,9.5616,4521.0,0.0,1.0
2017-06-20,9.86,9.9,9.83,9.9,9.6199,13050.0,0.0,1.0
2017-06-21,9.8653,9.95,9.8653,9.95,9.6685,7650.0,0.0,1.0
2017-06-22,10.03,10.06,9.78,9.83,9.5519,26973.0,0.0,1.0
2017-06-23,9.85,9.88,9.85,9.88,9.6004,900.0,0.0,1.0
2017-06-26,9.97,10.96,9.81,10.28,9.9891,58467.0,0.0,1.0
2017-06-27,10.25,10.25,10.02,10.06,9.7754,14861.0,0.0,1.0
2017-06-28,10.14,10.14,9.91,10.0,9.717,15138.0,0.0,1.0
2017-06-29,9.81,10.0,9.81,9.98,9.6976,11095.0,0.0,1.0
2017-06-30,10.0,10.0,9.98,10.0,9.717,3536.0,0.0,1.0
2017-07-03,10.0,10.0,9.92,9.92,9.6393,13486.0,0.0,1.0
2017-07-05,10.0,10.505,9.95,10.48,10.1835,11653.0,0.0,1.0
2017-07-06,10.25,10.25,10.025,10.05,9.7656,32797.0,0.0,1.0
2017-07-07,10.08,10.08,9.95,10.08,9.7948,8823.0,0.0,1.0
2017-07-10,10.05,10.25,10.05,10.22,9.9308,39858.0,0.0,1.0
2017-07-11,10.17,10.17,10.07,10.1098,9.8237,7024.0,0.0,1.0
2017-07-12,10.05,10.13,10.02,10.02,9.7549,16897.0,0.019,1.0
2017-07-13,10.06,10.06,10.01,10.01,9.7452,10829.0,0.0,1.0
2017-07-14,10.05,10.05,10.01,10.01,9.7452,16885.0,0.0,1.0
2017-07-17,10.09,10.1,9.99,10.01,9.7452,21906.0,0.0,1.0
2017-07-18,10.02,10.06,10.0,10.0,9.7355,14487.0,0.0,1.0
2017-07-19,10.0113,10.0113,9.96,9.98,9.716,7486.0,0.0,1.0
2017-07-20,10.04,10.04,10.04,10.04,9.7744,100.0,0.0,1.0
2017-07-21,10.02,10.035,9.93,10.0,9.7355,35704.0,0.0,1.0
2017-07-24,9.9876,9.9876,9.97,9.97,9.7063,4953.0,0.0,1.0
2017-07-25,9.98,10.25,9.98,9.99,9.7257,15913.0,0.0,1.0
2017-07-26,10.0,10.014,9.98,9.98,9.716,20826.0,0.0,1.0
2017-07-27,10.04,10.04,9.98,9.98,9.716,569.0,0.0,1.0
2017-07-28,9.98,10.0027,9.98,9.98,9.716,8201.0,0.0,1.0
2017-07-31,10.07,10.07,9.96,9.99,9.7257,16459.0,0.0,1.0
2017-08-01,10.06,10.0838,10.0,10.01,9.7452,17882.0,0.0,1.0
2017-08-02,10.01,10.01,9.98,9.98,9.716,4419.0,0.0,1.0
2017-08-03,10.0269,10.0269,9.9634,9.99,9.7257,9920.0,0.0,1.0
2017-08-04,10.06,10.06,9.89,9.91,9.6479,19906.0,0.0,1.0
2017-08-07,9.9799,9.98,9.9349,9.9499,9.6867,3300.0,0.0,1.0
2017-08-08,9.99,9.99,9.84,9.9,9.6381,14667.0,0.0,1.0
2017-08-09,9.87,9.87,9.83,9.87,9.6089,15170.0,0.0,1.0
2017-08-10,9.85,9.9,9.8351,9.89,9.6284,20936.0,0.0,1.0
2017-08-11,9.8708,9.95,9.85,9.95,9.7053,13026.0,0.019,1.0
2017-08-14,9.98,9.99,9.98,9.99,9.7443,6468.0,0.0,1.0
2017-08-15,10.0,10.1,9.98,10.1,9.8516,13308.0,0.0,1.0
2017-08-16,10.0969,10.0969,10.0,10.0,9.7541,7936.0,0.0,1.0
2017-08-17,10.02,10.0259,9.97,10.014,9.7677,7304.0,0.0,1.0
2017-08-18,10.05,10.05,10.029,10.029,9.7824,5198.0,0.0,1.0
2017-08-21,10.03,10.07,10.011,10.07,9.8223,8254.0,0.0,1.0
2017-08-22,10.0512,10.0699,10.05,10.05,9.8028,14608.0,0.0,1.0
2017-08-23,10.05,10.069,10.05,10.05,9.8028,7300.0,0.0,1.0
2017-08-24,10.069,10.069,10.05,10.05,9.8028,5000.0,0.0,1.0
2017-08-25,10.05,10.0583,9.98,9.995,9.7492,12451.0,0.0,1.0
2017-08-28,9.9918,9.9918,9.9,9.9,9.6565,5861.0,0.0,1.0
2017-08-29,9.93,10.03,9.93,9.9904,9.7447,12721.0,0.0,1.0
2017-08-30,10.0399,10.05,10.0248,10.05,9.8028,4850.0,0.0,1.0
2017-08-31,10.0528,10.06,10.0528,10.06,9.8126,1079.0,0.0,1.0
2017-09-01,10.05,10.05,10.0374,10.0484,9.8013,908.0,0.0,1.0
2017-09-05,10.0,10.0132,10.0,10.01,9.7638,3499.0,0.0,1.0
2017-09-06,10.05,10.05,10.0301,10.033,9.7863,3302.0,0.0,1.0
2017-09-07,10.0068,10.01,9.99,9.99,9.7443,9200.0,0.0,1.0
2017-09-08,10.0199,10.0228,10.0164,10.02,9.7736,3700.0,0.0,1.0
2017-09-11,10.02,10.07,10.02,10.06,9.8126,21416.0,0.0,1.0
2017-09-12,10.05,10.09,10.05,10.09,9.8419,4223.0,0.0,1.0
2017-09-13,10.09,10.19,10.05,10.05,9.8028,10610.0,0.0,1.0
2017-09-14,10.04,10.0946,10.03,10.04,9.8102,3300.0,0.0175,1.0
2017-09-15,10.0,10.08,9.98,10.08,9.8492,16425.0,0.0,1.0
2017-09-18,10.0473,10.06,10.0,10.001,9.772,6518.0,0.0,1.0
2017-09-19,10.02,10.07,9.95,10.07,9.8395,7645.0,0.0,1.0
2017-09-20,10.01,10.03,10.01,10.02,9.7906,1805.0,0.0,1.0
2017-09-21,10.03,10.04,10.0,10.01,9.7808,16089.0,0.0,1.0
2017-09-22,10.01,10.1,10.0,10.0996,9.8684,3722.0,0.0,1.0
2017-09-25,10.13,10.14,10.01,10.09,9.859,8644.0,0.0,1.0
2017-09-26,10.0801,10.082,10.0,10.0017,9.7727,14505.0,0.0,1.0
2017-09-27,10.0,10.028,10.0,10.0,9.7711,7410.0,0.0,1.0
2017-09-28,10.07,10.07,9.95,10.0067,9.7776,10384.0,0.0,1.0
2017-09-29,10.0,10.0064,9.93,9.945,9.7173,11032.0,0.0,1.0
2017-10-02,9.99,10.0,9.88,10.0,9.7711,13701.0,0.0,1.0
2017-10-03,9.93,10.0892,9.9,9.95,9.7222,12473.0,0.0,1.0
2017-10-04,9.9424,10.14,9.92,9.96,9.732,11814.0,0.0,1.0
2017-10-05,9.98,9.98,9.961,9.961,9.733,1614.0,0.0,1.0
2017-10-06,9.97,9.97,9.9519,9.96,9.732,3341.0,0.0,1.0
2017-10-09,9.98,10.03,9.9601,9.9601,9.7321,2800.0,0.0,1.0
2017-10-10,9.97,10.1137,9.94,10.0,9.7711,9805.0,0.0,1.0
2017-10-11,10.02,10.02,10.0175,10.0175,9.7882,2200.0,0.0,1.0
2017-10-12,10.14,10.2,10.0,10.0,9.7882,7711.0,0.0175,1.0
2017-10-13,10.0,10.02,10.0,10.0168,9.8046,4820.0,0.0,1.0
2017-10-16,10.01,10.03,10.0,10.0297,9.8172,7300.0,0.0,1.0
2017-10-17,10.02,10.02,10.0,10.0177,9.8055,3423.0,0.0,1.0
2017-10-18,10.01,10.0234,9.9933,10.0,9.7882,9458.0,0.0,1.0
2017-10-19,9.99,10.0,9.9,9.91,9.7001,27166.0,0.0,1.0
2017-10-20,9.942,9.96,9.8999,9.9,9.6903,6470.0,0.0,1.0
2017-10-23,9.93,9.95,9.82,9.914,9.704,27000.0,0.0,1.0
2017-10-24,9.91,9.93,9.903,9.93,9.7196,12541.0,0.0,1.0
2017-10-25,9.9,9.92,9.9,9.91,9.7001,4613.0,0.0,1.0
2017-10-26,9.91,9.94,9.91,9.92,9.7099,3607.0,0.0,1.0
2017-10-27,9.96,9.96,9.91,9.91,9.7001,11091.0,0.0,1.0
2017-10-30,9.9,9.91,9.82,9.82,9.612,12938.0,0.0,1.0
2017-10-31,9.86,9.86,9.82,9.8399,9.6315,8876.0,0.0,1.0
2017-11-01,9.84,9.8699,9.82,9.82,9.612,2344.0,0.0,1.0
2017-11-02,9.81,9.97,9.81,9.95,9.7392,22190.0,0.0,1.0
2017-11-03,9.94,9.97,9.91,9.91,9.7001,25139.0,0.0,1.0
2017-11-06,9.92,9.96,9.9194,9.9599,9.7489,3907.0,0.0,1.0
2017-11-07,9.94,9.94,9.85,9.88,9.6707,8435.0,0.0,1.0
2017-11-08,9.87,9.8908,9.81,9.81,9.6022,19793.0,0.0,1.0
2017-11-09,9.82,9.83,9.67,9.71,9.5043,62700.0,0.0,1.0
2017-11-10,9.6951,9.6951,9.66,9.67,9.4652,6801.0,0.0,1.0
2017-11-13,9.66,9.72,9.56,9.61,9.4064,44097.0,0.0,1.0
2017-11-14,9.59,9.63,9.53,9.54,9.355,37647.0,0.0175,1.0
2017-11-15,9.53,9.6151,9.29,9.33,9.1491,59491.0,0.0,1.0
2017-11-16,9.36,9.5399,9.36,9.52,9.3354,24355.0,0.0,1.0
2017-11-17,9.52,9.5599,9.48,9.48,9.2962,20630.0,0.0,1.0
2017-11-20,9.45,9.55,9.34,9.4,9.2178,155986.0,0.0,1.0
2017-11-21,9.4,9.53,9.4,9.48,9.2962,62449.0,0.0,1.0
2017-11-22,9.49,9.49,9.41,9.4301,9.2473,41901.0,0.0,1.0
2017-11-24,9.48,9.48,9.48,9.48,9.2962,2907.0,0.0,1.0
2017-11-27,9.45,9.61,9.45,9.58,9.3943,67057.0,0.0,1.0
2017-11-28,9.58,9.6,9.43,9.6,9.4139,59500.0,0.0,1.0
2017-11-29,9.58,9.6,9.54,9.6,9.4139,38359.0,0.0,1.0
2017-11-30,9.54,9.54,9.42,9.48,9.2962,81279.0,0.0,1.0
2017-12-01,9.51,9.52,9.43,9.5178,9.3504,18707.0,0.0175,1.0
2017-12-04,9.5133,9.5133,9.44,9.49,9.3231,7457.0,0.0,1.0
2017-12-05,9.49,9.5,9.42,9.47,9.3035,28400.0,0.0,1.0
2017-12-06,9.5059,9.53,9.4507,9.52,9.3526,21105.0,0.0,1.0
2017-12-07,9.52,9.58,9.48,9.5,9.3329,47398.0,0.0,1.0
2017-12-08,9.49,9.5412,9.42,9.46,9.2936,26883.0,0.0,1.0
2017-12-11,9.46,9.46,9.4,9.42,9.2544,68749.0,0.0,1.0
2017-12-12,9.42,9.4385,9.4,9.43,9.2642,71401.0,0.0,1.0
2017-12-13,9.44,9.47,9.4,9.44,9.274,49221.0,0.0,1.0
2017-12-14,9.38,9.52,9.37,9.45,9.3029,98657.0,0.0194,1.0
2017-12-15,9.41,9.4338,9.39,9.42,9.2733,46338.0,0.0,1.0
2017-12-18,9.41,9.49,9.4,9.4,9.2537,63850.0,0.0,1.0
2017-12-19,9.38,9.41,9.37,9.38,9.234,78318.0,0.0,1.0
2017-12-20,9.4,9.49,9.4,9.41,9.2635,32604.0,0.0,1.0
2017-12-21,9.41,9.49,9.37,9.45,9.3029,64940.0,0.0,1.0
2017-12-22,9.35,9.45,9.34,9.37,9.2241,49140.0,0.0,1.0
2017-12-26,9.4,9.4,9.31,9.39,9.2438,102418.0,0.0,1.0
2017-12-27,9.3999,9.415,9.37,9.4,9.2537,96056.0,0.0,1.0
2017-12-28,9.3992,9.41,9.37,9.4,9.2537,139703.0,0.0,1.0
2017-12-29,9.41,9.45,9.37,9.44,9.293,103255.0,0.0,1.0
2018-01-02,9.42,9.505,9.4,9.48,9.3324,31028.0,0.0,1.0
2018-01-03,9.5,9.54,9.49,9.51,9.3619,19737.0,0.0,1.0
2018-01-04,9.53,9.57,9.53,9.55,9.4013,25942.0,0.0,1.0
2018-01-05,9.549,9.56,9.5,9.54,9.3915,34280.0,0.0,1.0
2018-01-08,9.56,9.56,9.54,9.5598,9.411,13668.0,0.0,1.0
2018-01-09,9.57,9.63,9.52,9.6,9.4505,41733.0,0.0,1.0
2018-01-10,9.584,9.584,9.584,9.584,9.4348,330.0,0.0,1.0
2018-01-11,9.5861,9.63,9.58,9.62,9.4875,25596.0,0.0175,1.0
2018-01-12,9.6124,9.62,9.5764,9.5764,9.4445,9516.0,0.0,1.0
2018-01-16,9.58,9.62,9.53,9.62,9.4875,13000.0,0.0,1.0
2018-01-17,9.6,9.6,9.4999,9.52,9.3888,21179.0,0.0,1.0
2018-01-18,9.54,9.619,9.5399,9.6107,9.4783,22098.0,0.0,1.0
2018-01-19,9.6,9.62,9.5,9.5,9.3691,49640.0,0.0,1.0
2018-01-22,9.5,9.64,9.45,9.64,9.5072,29638.0,0.0,1.0
2018-01-23,9.63,9.65,9.63,9.6303,9.4976,23770.0,0.0,1.0
2018-01-24,9.64,9.85,9.64,9.71,9.5762,24375.0,0.0,1.0
2018-01-25,9.7,9.71,9.6,9.7,9.5664,15408.0,0.0,1.0
2018-01-26,9.75,9.75,9.68,9.68,9.5466,20812.0,0.0,1.0
2018-01-29,9.71,9.77,9.65,9.77,9.6354,18004.0,0.0,1.0
2018-01-30,9.63,9.75,9.45,9.55,9.4184,86827.0,0.0,1.0
2018-01-31,9.6,9.6632,9.46,9.4693,9.3388,33303.0,0.0,1.0
2018-02-01,9.56,9.56,9.5,9.51,9.379,4196.0,0.0,1.0
2018-02-02,9.4808,9.6,9.45,9.5,9.3691,21250.0,0.0,1.0
2018-02-05,9.55,9.55,9.5121,9.5299,9.3986,17165.0,0.0,1.0
2018-02-06,9.43,9.55,9.42,9.42,9.2902,43206.0,0.0,1.0
2018-02-07,9.49,9.51,9.4679,9.47,9.3395,13452.0,0.0,1.0
2018-02-08,9.4999,9.53,9.46,9.49,9.3593,11636.0,0.0,1.0
2018-02-09,9.45,9.4801,9.42,9.48,9.3494,9560.0,0.0,1.0
2018-02-12,9.43,9.51,9.43,9.51,9.379,5029.0,0.0,1.0
2018-02-13,9.51,9.59,9.51,9.5322,9.4009,12308.0,0.0,1.0
2018-02-14,9.53,9.53,9.5,9.51,9.3962,9992.0,0.0175,1.0
2018-02-15,9.515,9.56,9.5,9.55,9.4358,13992.0,0.0,1.0
2018-02-16,9.5751,9.5751,9.5751,9.5751,9.4606,200.0,0.0,1.0
2018-02-20,9.58,9.58,9.53,9.559,9.4447,6550.0,0.0,1.0
2018-02-21,9.58,9.5899,9.51,9.51,9.3962,21431.0,0.0,1.0
2018-02-22,9.51,9.5116,9.4,9.4,9.2876,31340.0,0.0,1.0
2018-02-23,9.44,9.44,9.4,9.4299,9.3171,7769.0,0.0,1.0
2018-02-26,9.47,9.54,9.4101,9.53,9.416,47030.0,0.0,1.0
2018-02-27,9.54,9.56,9.501,9.555,9.4407,22487.0,0.0,1.0
2018-02-28,9.561,9.561,9.53,9.55,9.4358,21096.0,0.0,1.0
2018-03-01,9.5,9.54,9.5,9.525,9.4111,15730.0,0.0,1.0
2018-03-02,9.55,9.56,9.5,9.55,9.4358,19394.0,0.0,1.0
2018-03-05,9.5,9.53,9.47,9.53,9.416,24303.0,0.0,1.0
2018-03-06,9.59,9.59,9.48,9.57,9.4555,20098.0,0.0,1.0
2018-03-07,9.5,9.54,9.47,9.47,9.3567,17150.0,0.0,1.0
2018-03-08,9.45,9.5141,9.45,9.5,9.3864,3600.0,0.0,1.0
2018-03-09,9.48,9.55,9.471,9.55,9.4358,14635.0,0.0,1.0
2018-03-12,9.56,9.56,9.45,9.46,9.3468,14171.0,0.0,1.0
2018-03-13,9.47,9.47,9.45,9.464,9.3508,3859.0,0.0,1.0
2018-03-14,9.4763,9.4763,9.44,9.44,9.3434,10700.0,0.0165,1.0
2018-03-15,9.465,9.465,9.38,9.4,9.3038,34988.0,0.0,1.0
2018-03-16,9.3899,9.47,9.3899,9.4,9.3038,22957.0,0.0,1.0
2018-03-19,9.398,9.45,9.398,9.45,9.3533,8650.0,0.0,1.0
2018-03-20,9.45,9.47,9.44,9.4635,9.3666,5252.0,0.0,1.0
2018-03-21,9.435,9.47,9.435,9.4622,9.3654,7030.0,0.0,1.0
2018-03-22,9.46,9.48,9.43,9.43,9.3335,15930.0,0.0,1.0
2018-03-23,9.43,9.48,9.41,9.46,9.3632,25236.0,0.0,1.0
2018-03-26,9.43,9.43,9.4001,9.42,9.3236,15447.0,0.0,1.0
2018-03-27,9.4,9.42,9.34,9.3594,9.2636,23392.0,0.0,1.0
2018-03-28,9.3699,9.3699,9.3501,9.3501,9.2544,3342.0,0.0,1.0
2018-03-29,9.36,9.3652,9.321,9.34,9.2444,17382.0,0.0,1.0
2018-04-02,9.34,9.35,9.3176,9.32,9.2246,6345.0,0.0,1.0
2018-04-03,9.4,9.4,9.31,9.39,9.2939,16071.0,0.0,1.0
2018-04-04,9.3765,9.3765,9.3601,9.3601,9.2643,1713.0,0.0,1.0
2018-04-05,9.31,9.53,9.31,9.49,9.3929,41711.0,0.0,1.0
2018-04-06,9.5,9.58,9.47,9.48,9.383,7824.0,0.0,1.0
2018-04-09,9.52,9.52,9.4747,9.5,9.4028,9067.0,0.0,1.0
2018-04-10,9.5,9.59,9.5,9.59,9.4918,11877.0,0.0,1.0
2018-04-11,9.55,9.551,9.4998,9.54,9.4424,12488.0,0.0,1.0
2018-04-12,9.51,9.5399,9.51,9.53,9.4488,5145.0,0.0165,1.0
2018-04-13,9.53,9.5499,9.5,9.51,9.429,6161.0,0.0,1.0
2018-04-16,9.5,9.55,9.5,9.5466,9.4652,8628.0,0.0,1.0
2018-04-17,9.59,9.59,9.537,9.55,9.4686,6219.0,0.0,1.0
2018-04-18,9.541,9.59,9.501,9.59,9.5083,18925.0,0.0,1.0
2018-04-19,9.59,9.59,9.55,9.55,9.4686,12922.0,0.0,1.0
2018-04-20,9.58,9.59,9.48,9.5272,9.446,16151.0,0.0,1.0
2018-04-23,9.59,9.59,9.5513,9.57,9.4884,6407.0,0.0,1.0
2018-04-24,9.575,9.575,9.52,9.55,9.4686,20934.0,0.0,1.0
2018-04-25,9.55,9.55,9.54,9.54,9.4587,5901.0,0.0,1.0
2018-04-26,9.55,9.55,9.5458,9.55,9.4686,7200.0,0.0,1.0
2018-04-27,9.57,9.57,9.5699,9.5699,9.4883,1539.0,0.0,1.0
2018-04-30,9.57,9.5898,9.5616,9.57,9.4884,8934.0,0.0,1.0
2018-05-01,9.59,9.59,9.57,9.5798,9.4982,3210.0,0.0,1.0
2018-05-02,9.58,9.58,9.56,9.57,9.4884,11355.0,0.0,1.0
2018-05-03,9.56,9.56,9.51,9.51,9.429,17744.0,0.0,1.0
2018-05-04,9.59,9.59,9.5,9.523,9.4418,4039.0,0.0,1.0
2018-05-07,9.54,9.6,9.54,9.54,9.4587,7381.0,0.0,1.0
2018-05-08,9.59,9.59,9.5136,9.5694,9.4879,10597.0,0.0,1.0
2018-05-09,9.57,9.59,9.5265,9.5709,9.4893,15605.0,0.0,1.0
2018-05-10,9.575,9.58,9.5668,9.5779,9.4963,11316.0,0.0,1.0
2018-05-11,9.5866,9.5866,9.5866,9.5866,9.5049,502.0,0.0,1.0
2018-05-14,9.58,9.58,9.49,9.49,9.4255,13030.0,0.0165,1.0
2018-05-15,9.5001,9.5198,9.49,9.499,9.4344,5270.0,0.0,1.0
2018-05-16,9.5099,9.5099,9.45,9.45,9.3858,15639.0,0.0,1.0
2018-05-17,9.48,9.485,9.44,9.485,9.4205,4109.0,0.0,1.0
2018-05-18,9.43,9.4799,9.43,9.47,9.4056,7186.0,0.0,1.0
2018-05-21,9.47,9.47,9.4,9.41,9.346,17908.0,0.0,1.0
2018-05-22,9.41,9.41,9.39,9.41,9.346,8650.0,0.0,1.0
2018-05-23,9.42,9.45,9.42,9.4401,9.3759,4144.0,0.0,1.0
2018-05-24,9.4313,9.4442,9.42,9.4232,9.3591,3900.0,0.0,1.0
2018-05-25,9.43,9.4453,9.42,9.42,9.356,4785.0,0.0,1.0
2018-05-29,9.42,9.4493,9.42,9.425,9.3609,2453.0,0.0,1.0
2018-05-30,9.4138,9.415,9.41,9.414,9.35,9653.0,0.0,1.0
2018-05-31,9.41,9.45,9.41,9.45,9.3858,2103.0,0.0,1.0
2018-06-01,9.51,9.51,9.45,9.46,9.3957,5408.0,0.0,1.0
2018-06-04,9.45,9.46,9.45,9.4566,9.3923,3957.0,0.0,1.0
2018-06-05,9.4529,9.4529,9.38,9.38,9.3162,21546.0,0.0,1.0
2018-06-06,9.43,9.43,9.36,9.36,9.2964,9711.0,0.0,1.0
2018-06-07,9.37,9.4072,9.35,9.4,9.3361,23475.0,0.0,1.0
2018-06-08,9.42,9.58,9.42,9.5,9.4354,5895.0,0.0,1.0
2018-06-11,9.45,9.45,9.35,9.42,9.356,56310.0,0.0,1.0
2018-06-12,9.46,9.48,9.42,9.4398,9.3756,22679.0,0.0,1.0
2018-06-13,9.43,9.46,9.39,9.4,9.3361,16262.0,0.0,1.0
2018-06-14,9.42,9.43,9.4,9.41,9.3624,35649.0,0.0165,1.0
2018-06-15,9.41,9.53,9.4,9.5299,9.4817,18870.0,0.0,1.0
2018-06-18,9.4828,9.49,9.4828,9.49,9.442,1600.0,0.0,1.0
2018-06-19,9.48,9.48,9.4,9.4,9.3525,30200.0,0.0,1.0
2018-06-20,9.5,9.5,9.36,9.45,9.4022,15634.0,0.0,1.0
2018-06-21,9.43,9.43,9.35,9.41,9.3624,34682.0,0.0,1.0
2018-06-22,9.48,9.49,9.38,9.38,9.3326,13990.0,0.0,1.0
2018-06-25,9.42,9.45,9.41,9.41,9.3624,14206.0,0.0,1.0
2018-06-26,9.41,9.41,9.41,9.41,9.3624,0.0,0.0,1.0
2018-06-27,9.4363,9.4599,9.4279,9.4279,9.3802,2798.0,0.0,1.0
2018-06-28,9.42,9.42,9.42,9.42,9.3724,292.0,0.0,1.0
2018-06-29,9.42,9.49,9.42,9.45,9.4022,6336.0,0.0,1.0
2018-07-02,9.52,9.57,9.5087,9.56,9.5117,13556.0,0.0,1.0
2018-07-03,9.57,9.6,9.54,9.56,9.5117,33518.0,0.0,1.0
2018-07-05,9.59,9.6,9.584,9.59,9.5415,3251.0,0.0,1.0
2018-07-06,9.61,9.61,9.54,9.54,9.4918,11566.0,0.0,1.0
2018-07-09,9.531,9.5632,9.531,9.5597,9.5114,3194.0,0.0,1.0
2018-07-10,9.5597,9.5597,9.5597,9.5597,9.5114,19.0,0.0,1.0
2018-07-11,9.5301,9.6,9.5301,9.575,9.5266,10276.0,0.0,1.0
2018-07-12,9.5653,9.5653,9.54,9.5451,9.5133,3834.0,0.0165,1.0
2018-07-13,9.53,9.53,9.44,9.4899,9.4582,7650.0,0.0,1.0
2018-07-16,9.48,9.49,9.4734,9.4734,9.4418,6445.0,0.0,1.0
2018-07-17,9.5,9.5,9.4801,9.481,9.4494,5679.0,0.0,1.0
2018-07-18,9.47,9.4932,9.47,9.4932,9.4615,735.0,0.0,1.0
2018-07-19,9.48,9.5,9.48,9.4943,9.4626,4115.0,0.0,1.0
2018-07-20,9.51,9.51,9.505,9.505,9.4733,3304.0,0.0,1.0
2018-07-23,9.48,9.4852,9.48,9.4852,9.4536,7630.0,0.0,1.0
2018-07-24,9.4963,9.4963,9.45,9.48,9.4484,13550.0,0.0,1.0
2018-07-25,9.4598,9.4598,9.4598,9.4598,9.4282,1722.0,0.0,1.0
2018-07-26,9.41,9.48,9.41,9.43,9.3985,16180.0,0.0,1.0
2018-07-27,9.42,9.4358,9.4,9.4,9.3686,6300.0,0.0,1.0
2018-07-30,9.49,9.499,9.43,9.44,9.4085,12108.0,0.0,1.0
2018-07-31,9.44,9.46,9.43,9.43,9.3985,14923.0,0.0,1.0
2018-08-01,9.51,9.51,9.4,9.42,9.3886,15530.0,0.0,1.0
2018-08-02,9.456,9.456,9.4538,9.4538,9.4223,633.0,0.0,1.0
2018-08-03,9.46,9.48,9.46,9.47,9.4384,10348.0,0.0,1.0
2018-08-06,9.46,9.51,9.46,9.49,9.4583,6722.0,0.0,1.0
2018-08-07,9.42,9.48,9.42,9.45,9.4185,9964.0,0.0,1.0
2018-08-08,9.4561,9.4561,9.4,9.42,9.3886,9288.0,0.0,1.0
2018-08-09,9.46,9.4899,9.46,9.4856,9.454,7835.0,0.0,1.0
2018-08-10,9.4748,9.4748,9.4,9.4,9.3686,11000.0,0.0,1.0
2018-08-13,9.42,9.45,9.41,9.45,9.4185,9299.0,0.0,1.0
2018-08-14,9.4288,9.4288,9.36,9.37,9.3552,35821.0,0.0165,1.0
2018-08-15,9.39,9.45,9.39,9.42,9.4051,30199.0,0.0,1.0
2018-08-16,9.42,9.4827,9.42,9.48,9.465,32647.0,0.0,1.0
2018-08-17,9.47,9.52,9.47,9.52,9.5049,7636.0,0.0,1.0
2018-08-20,9.481,9.4857,9.481,9.4857,9.4707,5000.0,0.0,1.0
2018-08-21,9.4932,9.5061,9.47,9.49,9.475,14206.0,0.0,1.0
2018-08-22,9.47,9.4999,9.43,9.44,9.4251,19195.0,0.0,1.0
2018-08-23,9.5245,9.53,9.4887,9.5104,9.4954,5166.0,0.0,1.0
2018-08-24,9.4982,9.55,9.4919,9.54,9.5249,6881.0,0.0,1.0
2018-08-27,9.5103,9.53,9.47,9.5199,9.5048,12850.0,0.0,1.0
2018-08-28,9.4848,9.489,9.47,9.47,9.455,8954.0,0.0,1.0
2018-08-29,9.485,9.4883,9.47,9.4701,9.4551,6875.0,0.0,1.0
2018-08-30,9.55,9.55,9.46,9.46,9.445,8533.0,0.0,1.0
2018-08-31,9.4724,9.4724,9.4724,9.4724,9.4574,1562.0,0.0,1.0
2018-09-04,9.46,9.51,9.46,9.48,9.465,19549.0,0.0,1.0
2018-09-05,9.54,9.54,9.4858,9.49,9.475,766.0,0.0,1.0
2018-09-06,9.46,9.4999,9.46,9.4999,9.4849,2733.0,0.0,1.0
2018-09-07,9.48,9.483,9.46,9.47,9.455,9901.0,0.0,1.0
2018-09-10,9.43,9.45,9.4,9.44,9.4251,18402.0,0.0,1.0
2018-09-11,9.44,9.46,9.44,9.46,9.445,11309.0,0.0,1.0
2018-09-12,9.46,9.46,9.44,9.44,9.4251,18700.0,0.0,1.0
2018-09-13,9.43,9.47,9.43,9.47,9.47,4966.0,0.015,1.0
2018-09-14,9.4633,9.4633,9.45,9.45,9.45,12166.0,0.0,1.0
2018-09-17,9.45,9.4888,9.45,9.4888,9.4888,2806.0,0.0,1.0
2018-09-18,9.4747,9.4747,9.36,9.4,9.4,21898.0,0.0,1.0
