date,1. open,2. high,3. low,4. close,5. adjusted close,6. volume,7. dividend amount,8. split coefficient
2014-05-16,12.91,12.95,12.9099,12.94,12.94,60483.0,0.0,1.0
2014-05-19,13.02,13.03,12.94,12.95,12.95,75010.0,0.0,1.0
2014-05-20,12.9,12.97,12.9,12.95,12.95,55553.0,0.0,1.0
2014-05-21,12.91,12.92,12.84,12.92,12.92,3152636.0,0.0,1.0
2014-05-22,13.01,13.01,12.9499,12.95,12.95,22200.0,0.0,1.0
2014-05-23,12.94,12.95,12.9,12.93,12.93,48441.0,0.0,1.0
2014-05-27,12.78,12.78,12.65,12.67,12.67,38258.0,0.0,1.0
2014-05-28,12.62,12.63,12.5699,12.589,12.589,23856.0,0.0,1.0
2014-05-29,12.55,12.6,12.55,12.56,12.56,26262.0,0.0,1.0
2014-05-30,12.55,12.55,12.43,12.5,12.5,98473.0,0.0,1.0
2014-06-02,12.46,12.5,12.4201,12.43,12.43,106025.0,0.0,1.0
2014-06-03,12.44,12.48,12.42,12.47,12.47,35884.0,0.0,1.0
2014-06-04,12.47,12.47,12.44,12.44,12.44,19928.0,0.0,1.0
2014-06-05,12.52,12.55,12.5181,12.53,12.53,44839.0,0.0,1.0
2014-06-06,12.54,12.54,12.46,12.53,12.53,39036.0,0.0,1.0
2014-06-09,12.532,12.55,12.522,12.5399,12.5399,18542.0,0.0,1.0
2014-06-10,12.6,12.62,12.6,12.62,12.62,28069.0,0.0,1.0
2014-06-11,12.62,12.63,12.59,12.61,12.61,28977.0,0.0,1.0
2014-06-12,12.66,12.75,12.657,12.73,12.73,61637.0,0.0,1.0
2014-06-13,12.73,12.77,12.73,12.77,12.77,48277.0,0.0,1.0
2014-06-16,12.77,12.77,12.71,12.71,12.71,27997.0,0.0,1.0
2014-06-17,12.66,12.72,12.66,12.7,12.7,24288.0,0.0,1.0
2014-06-18,12.7,12.75,12.69,12.74,12.74,35844.0,0.0,1.0
2014-06-19,12.91,13.21,12.91,13.16,13.16,126003.0,0.0,1.0
2014-06-20,13.12,13.2,13.11,13.14,13.14,163172.0,0.0,1.0
2014-06-23,13.15,13.18,13.13,13.16,13.16,38003.0,0.0,1.0
2014-06-24,13.22,13.22,13.17,13.19,13.19,140422.0,0.0,1.0
2014-06-25,13.17,13.24,13.17,13.19,13.19,51636.0,0.0,1.0
2014-06-26,13.15,13.17,13.1399,13.157,13.157,25422.0,0.0,1.0
2014-06-27,13.166,13.2,13.16,13.16,13.16,28728.0,0.0,1.0
2014-06-30,13.14,13.28,13.1399,13.257,13.257,125418.0,0.0,1.0
2014-07-01,13.29,13.3,13.25,13.27,13.27,73295.0,0.0,1.0
2014-07-02,13.27,13.32,13.26,13.26,13.26,61727.0,0.0,1.0
2014-07-03,13.18,13.215,13.1401,13.19,13.19,39162.0,0.0,1.0
2014-07-07,13.15,13.1825,13.12,13.18,13.18,32302.0,0.0,1.0
2014-07-08,13.22,13.24,13.14,13.2,13.2,62256.0,0.0,1.0
2014-07-09,13.245,13.31,13.21,13.27,13.27,61314.0,0.0,1.0
2014-07-10,13.42,13.42,13.3499,13.36,13.36,56484.0,0.0,1.0
2014-07-11,13.34,13.37,13.34,13.37,13.37,58969.0,0.0,1.0
2014-07-14,13.04,13.09,13.04,13.06,13.06,71441.0,0.0,1.0
2014-07-15,13.07,13.11,12.92,12.95,12.95,90839.0,0.0,1.0
2014-07-16,12.9947,13.03,12.97,12.97,12.97,56309.0,0.0,1.0
2014-07-17,13.04,13.23,13.02,13.18,13.18,91258.0,0.0,1.0
2014-07-18,13.06,13.1,13.05,13.1,13.1,41748.0,0.0,1.0
2014-07-21,13.14,13.15,13.11,13.13,13.13,43300.0,0.0,1.0
2014-07-22,13.13,13.13,13.04,13.05,13.05,26832.0,0.0,1.0
2014-07-23,13.05,13.09,13.036,13.0474,13.0474,40783.0,0.0,1.0
2014-07-24,12.97,12.97,12.88,12.92,12.92,64942.0,0.0,1.0
2014-07-25,12.95,13.07,12.9347,13.069,13.069,70852.0,0.0,1.0
2014-07-28,13.03,13.05,13.02,13.04,13.04,88990.0,0.0,1.0
2014-07-29,13.06,13.07,12.96,13.01,13.01,44914.0,0.0,1.0
2014-07-30,12.97,12.97,12.9297,12.96,12.96,49168.0,0.0,1.0
2014-07-31,12.86,12.87,12.8,12.84,12.84,57909.0,0.0,1.0
2014-08-01,12.94,12.95,12.91,12.93,12.93,35625.0,0.0,1.0
2014-08-04,12.92,12.92,12.86,12.88,12.88,28729.0,0.0,1.0
2014-08-05,12.86,12.92,12.82,12.87,12.87,50262.0,0.0,1.0
2014-08-06,13.06,13.08,13.05,13.05,13.05,23413.0,0.0,1.0
2014-08-07,13.029,13.13,13.029,13.11,13.11,17433.0,0.0,1.0
2014-08-08,13.1,13.1199,13.09,13.1099,13.1099,13109.0,0.0,1.0
2014-08-11,13.08,13.09,13.07,13.0762,13.0762,20335.0,0.0,1.0
2014-08-12,13.13,13.16,13.073,13.0925,13.0925,57232.0,0.0,1.0
2014-08-13,13.12,13.14,13.08,13.11,13.11,37856.0,0.0,1.0
2014-08-14,13.12,13.14,13.106,13.12,13.12,39838.0,0.0,1.0
2014-08-15,12.93,13.07,12.9201,13.05,13.05,136121.0,0.0,1.0
2014-08-18,12.96,12.99,12.96,12.98,12.98,25212.0,0.0,1.0
2014-08-19,12.98,12.98,12.93,12.95,12.95,67585.0,0.0,1.0
2014-08-20,12.96,12.96,12.87,12.8901,12.8901,22511.0,0.0,1.0
2014-08-21,12.75,12.7985,12.72,12.77,12.77,28266.0,0.0,1.0
2014-08-22,12.78,12.81,12.74,12.8,12.8,29775.0,0.0,1.0
2014-08-25,12.77,12.7776,12.75,12.76,12.76,38940.0,0.0,1.0
2014-08-26,12.8699,12.87,12.81,12.83,12.83,25009.0,0.0,1.0
2014-08-27,12.84,12.84,12.8127,12.82,12.82,11613.0,0.0,1.0
2014-08-28,12.9,12.915,12.87,12.8899,12.8899,22807.0,0.0,1.0
2014-08-29,12.86,12.88,12.85,12.86,12.86,20352.0,0.0,1.0
2014-09-02,12.67,12.67,12.62,12.64,12.64,71227.0,0.0,1.0
2014-09-03,12.65,12.69,12.64,12.68,12.68,26382.0,0.0,1.0
2014-09-04,12.72,12.74,12.59,12.61,12.61,52149.0,0.0,1.0
2014-09-05,12.65,12.6699,12.64,12.665,12.665,43430.0,0.0,1.0
2014-09-08,12.62,12.62,12.502,12.55,12.55,83093.0,0.0,1.0
2014-09-09,12.55,12.55,12.47,12.55,12.55,42621.0,0.0,1.0
2014-09-10,12.48,12.51,12.43,12.49,12.49,49052.0,0.0,1.0
2014-09-11,12.43,12.43,12.34,12.4,12.4,41345.0,0.0,1.0
2014-09-12,12.32,12.34,12.2697,12.29,12.29,32029.0,0.0,1.0
2014-09-15,12.34,12.34,12.31,12.3243,12.3243,36654.0,0.0,1.0
2014-09-16,12.35,12.407,12.304,12.35,12.35,36430.0,0.0,1.0
2014-09-17,12.36,12.36,12.217,12.217,12.217,32239.0,0.0,1.0
2014-09-18,12.19,12.26,12.17,12.24,12.24,57515.0,0.0,1.0
2014-09-19,12.21,12.21,12.1237,12.16,12.16,53316.0,0.0,1.0
2014-09-22,12.13,12.1867,12.11,12.13,12.13,38960.0,0.0,1.0
2014-09-23,12.26,12.26,12.19,12.21,12.21,32135.0,0.0,1.0
2014-09-24,12.17,12.22,12.15,12.159,12.159,74552.0,0.0,1.0
2014-09-25,12.09,12.22,12.08,12.2,12.2,33236.0,0.0,1.0
2014-09-26,12.16,12.16,12.12,12.16,12.16,34882.0,0.0,1.0
2014-09-29,12.19,12.195,12.147,12.147,12.147,50868.0,0.0,1.0
2014-09-30,12.11,12.185,12.04,12.0799,12.0799,31179.0,0.0,1.0
2014-10-01,12.12,12.17,12.12,12.139,12.139,44440.0,0.0,1.0
2014-10-02,12.14,12.17,12.1,12.11,12.11,37121.0,0.0,1.0
2014-10-03,11.96,11.99,11.9,11.9,11.9,90385.0,0.0,1.0
2014-10-06,11.96,12.06,11.94,12.06,12.06,40096.0,0.0,1.0
2014-10-07,12.08,12.11,12.06,12.08,12.08,52603.0,0.0,1.0
2014-10-08,12.15,12.2099,12.035,12.2099,12.2099,25915.0,0.0,1.0
2014-10-09,12.25,12.27,12.2199,12.2199,12.2199,77928.0,0.0,1.0
2014-10-10,12.23,12.23,12.177,12.22,12.22,84813.0,0.0,1.0
2014-10-13,12.28,12.32,12.26,12.31,12.31,19360.0,0.0,1.0
2014-10-14,12.32,12.34,12.3,12.31,12.31,58590.0,0.0,1.0
2014-10-15,12.39,12.46,12.34,12.36,12.36,94193.0,0.0,1.0
2014-10-16,12.359,12.4266,12.359,12.38,12.38,15462.0,0.0,1.0
2014-10-17,12.37,12.38,12.3,12.3694,12.3694,46517.0,0.0,1.0
2014-10-20,12.43,12.45,12.42,12.44,12.44,39995.0,0.0,1.0
2014-10-21,12.5,12.51,12.46,12.46,12.46,17151.0,0.0,1.0
2014-10-22,12.43,12.439,12.3899,12.3999,12.3999,14324.0,0.0,1.0
2014-10-23,12.3225,12.33,12.25,12.31,12.31,103507.0,0.0,1.0
2014-10-24,12.32,12.32,12.2701,12.29,12.29,16378.0,0.0,1.0
2014-10-27,12.28,12.2899,12.21,12.269,12.269,16353.0,0.0,1.0
2014-10-28,12.31,12.31,12.26,12.27,12.27,14484.0,0.0,1.0
2014-10-29,12.22,12.237,12.022,12.08,12.08,17503.0,0.0,1.0
2014-10-30,12.03,12.04,11.94,11.97,11.97,58302.0,0.0,1.0
2014-10-31,11.62,11.704,11.61,11.704,11.704,41861.0,0.0,1.0
2014-11-03,11.68,11.704,11.6499,11.6515,11.6515,35864.0,0.0,1.0
2014-11-04,11.64,11.69,11.64,11.65,11.65,18397.0,0.0,1.0
2014-11-05,11.42,11.48,11.4,11.4,11.4,45320.0,0.0,1.0
2014-11-06,11.42,11.47,11.401,11.41,11.41,39533.0,0.0,1.0
2014-11-07,11.5,11.74,11.5,11.74,11.74,53112.0,0.0,1.0
2014-11-10,11.66,11.66,11.469,11.4699,11.4699,12100.0,0.0,1.0
2014-11-11,11.54,11.71,11.53,11.6799,11.6799,28461.0,0.0,1.0
2014-11-12,11.65,11.65,11.5655,11.57,11.57,14734.0,0.0,1.0
2014-11-13,11.62,11.65,11.57,11.6,11.6,5906.0,0.0,1.0
2014-11-14,11.51,11.91,11.51,11.89,11.89,24516.0,0.0,1.0
2014-11-17,11.84,11.86,11.8,11.84,11.84,26659.0,0.0,1.0
2014-11-18,11.94,11.95,11.9,11.93,11.93,15386.0,0.0,1.0
2014-11-19,11.94,11.97,11.75,11.81,11.81,29436.0,0.0,1.0
2014-11-20,11.91,11.9399,11.87,11.93,11.93,30724.0,0.0,1.0
2014-11-21,12.01,12.04,11.904,11.99,11.99,28280.0,0.0,1.0
2014-11-24,11.97,11.977,11.9301,11.967,11.967,9516.0,0.0,1.0
2014-11-25,11.96,11.99,11.94,11.98,11.98,16252.0,0.0,1.0
2014-11-26,11.98,11.98,11.95,11.9699,11.9699,45813.0,0.0,1.0
2014-11-28,11.79,11.81,11.64,11.6564,11.6564,15475.0,0.0,1.0
2014-12-01,11.82,12.18,11.82,12.1,12.1,27324.0,0.0,1.0
2014-12-02,11.96,12.01,11.93,11.971,11.971,10047.0,0.0,1.0
2014-12-03,12.02,12.1,12.02,12.08,12.08,20365.0,0.0,1.0
2014-12-04,12.0574,12.07,12.04,12.04,12.04,6326.0,0.0,1.0
2014-12-05,11.96,11.96,11.88,11.89,11.89,18667.0,0.0,1.0
2014-12-08,11.9201,12.0301,11.89,12.03,12.03,15670.0,0.0,1.0
2014-12-09,12.15,12.3,12.15,12.27,12.27,14219.0,0.0,1.0
2014-12-10,12.28,12.28,12.24,12.259,12.259,8743.0,0.0,1.0
2014-12-11,12.15,12.27,12.15,12.23,12.23,37343.0,0.0,1.0
2014-12-12,12.2,12.22,12.1399,12.206,12.206,10307.0,0.0,1.0
2014-12-15,12.08,12.145,11.9115,11.9115,11.9115,9148.0,0.0,1.0
2014-12-16,12.07,12.1,11.88,11.9164,11.9164,24506.0,0.0,1.0
2014-12-17,11.96,11.96,11.59,11.8599,11.8599,9136.0,0.0,1.0
2014-12-18,12.01,12.01,11.91,11.92,11.92,20175.0,0.0,1.0
2014-12-19,11.95,11.97,11.9299,11.9299,11.9299,33199.0,0.0,1.0
2014-12-22,11.93,11.94,11.69,11.69,11.69,16740.0,0.0,1.0
2014-12-23,11.735,11.77,11.7,11.71,11.71,20712.0,0.0,1.0
2014-12-24,11.72,11.7299,11.707,11.719,11.719,6187.0,0.0,1.0
2014-12-26,11.9,11.94,11.9,11.92,11.92,8277.0,0.0,1.0
2014-12-29,11.88,11.88,11.78,11.82,11.82,8554.0,0.0,1.0
2014-12-30,11.95,12.05,11.947,11.97,11.97,32928.0,0.0,1.0
2014-12-31,11.94,11.9464,11.78,11.8099,11.8099,111588.0,0.0,1.0
2015-01-02,11.69,11.879,11.69,11.84,11.84,9607.0,0.0,1.0
2015-01-05,11.92,12.0399,11.92,12.03,12.03,47019.0,0.0,1.0
2015-01-06,12.08,12.173,12.04,12.16,12.16,28741.0,0.0,1.0
2015-01-07,12.1,12.13,12.0,12.11,12.11,42563.0,0.0,1.0
2015-01-08,12.09,12.13,12.04,12.04,12.04,14875.0,0.0,1.0
2015-01-09,12.11,12.17,12.11,12.17,12.17,21561.0,0.0,1.0
2015-01-12,12.21,12.32,12.19,12.303,12.303,59499.0,0.0,1.0
2015-01-13,12.36,12.36,12.25,12.28,12.28,26860.0,0.0,1.0
2015-01-14,12.36,12.38,12.2699,12.2699,12.2699,51011.0,0.0,1.0
2015-01-15,12.51,12.631,12.51,12.55,12.55,29412.0,0.0,1.0
2015-01-16,12.65,12.76,12.642,12.723,12.723,35009.0,0.0,1.0
2015-01-20,12.84,12.94,12.83,12.909,12.909,239839.0,0.0,1.0
2015-01-21,13.01,13.0152,12.82,12.91,12.91,37812.0,0.0,1.0
2015-01-22,12.9599,13.01,12.91,13.0,13.0,24977.0,0.0,1.0
2015-01-23,12.93,12.93,12.8499,12.9,12.9,28740.0,0.0,1.0
2015-01-26,12.81,12.81,12.74,12.777,12.777,64584.0,0.0,1.0
2015-01-27,12.84,12.9399,12.84,12.92,12.92,77692.0,0.0,1.0
2015-01-28,12.83,12.86,12.79,12.83,12.83,54980.0,0.0,1.0
2015-01-29,12.67,12.69,12.5,12.5468,12.5468,51380.0,0.0,1.0
2015-01-30,12.6,12.8,12.57,12.79,12.79,47810.0,0.0,1.0
2015-02-02,12.75,12.79,12.55,12.72,12.72,25804.0,0.0,1.0
2015-02-03,12.65,12.65,12.54,12.57,12.57,127188.0,0.0,1.0
2015-02-04,12.64,12.6491,12.57,12.63,12.63,12856.0,0.0,1.0
2015-02-05,12.57,12.62,12.55,12.62,12.62,50771.0,0.0,1.0
2015-02-06,12.38,12.4001,12.25,12.32,12.32,36984.0,0.0,1.0
2015-02-09,12.35,12.39,12.3448,12.38,12.38,33660.0,0.0,1.0
2015-02-10,12.33,12.35,12.2899,12.31,12.31,41128.0,0.0,1.0
2015-02-11,12.3,12.31,12.16,12.16,12.16,30061.0,0.0,1.0
2015-02-12,12.23,12.23,12.1701,12.2,12.2,40648.0,0.0,1.0
2015-02-13,12.26,12.3199,12.24,12.256,12.256,15329.0,0.0,1.0
2015-02-17,12.1,12.1,12.01,12.06,12.06,121686.0,0.0,1.0
2015-02-18,12.04,12.09,11.85,12.08,12.08,42128.0,0.0,1.0
2015-02-19,12.09,12.1,12.04,12.05,12.05,124064.0,0.0,1.0
2015-02-20,12.08,12.08,11.95,11.98,11.98,29537.0,0.0,1.0
2015-02-23,11.96,12.05,11.96,11.99,11.99,13304.0,0.0,1.0
2015-02-24,11.95,11.9799,11.87,11.97,11.97,17325.0,0.0,1.0
2015-02-25,12.03,12.03,11.99,12.009,12.009,9036.0,0.0,1.0
2015-02-26,12.11,12.11,12.0301,12.05,12.05,47398.0,0.0,1.0
2015-02-27,12.13,12.15,12.08,12.08,12.08,30955.0,0.0,1.0
2015-03-02,12.11,12.11,12.02,12.02,12.02,11392.0,0.0,1.0
2015-03-03,12.09,12.09,11.99,12.0,12.0,25215.0,0.0,1.0
2015-03-04,12.02,12.02,11.95,11.96,11.96,9486.0,0.0,1.0
2015-03-05,11.99,12.04,11.94,11.95,11.95,68431.0,0.0,1.0
2015-03-06,11.76,11.76,11.6,11.62,11.62,43530.0,0.0,1.0
2015-03-09,11.67,11.69,11.63,11.63,11.63,26506.0,0.0,1.0
2015-03-10,11.667,11.667,11.5655,11.57,11.57,17880.0,0.0,1.0
2015-03-11,11.55,11.553,11.44,11.5087,11.5087,160683.0,0.0,1.0
2015-03-12,11.519,11.52,11.46,11.5,11.5,17593.0,0.0,1.0
2015-03-13,11.55,11.55,11.48,11.515,11.515,13509.0,0.0,1.0
2015-03-16,11.53,11.53,11.47,11.52,11.52,47393.0,0.0,1.0
2015-03-17,11.42,11.53,11.4088,11.45,11.45,15343.0,0.0,1.0
2015-03-18,11.46,11.6601,11.44,11.65,11.65,13348.0,0.0,1.0
2015-03-19,11.6,11.6736,11.6,11.67,11.67,15826.0,0.0,1.0
2015-03-20,11.71,11.84,11.7099,11.79,11.79,16316.0,0.0,1.0
2015-03-23,11.91,12.1465,11.8,11.87,11.87,32008.0,0.0,1.0
2015-03-24,11.88,11.9,11.84,11.9,11.9,147699.0,0.0,1.0
2015-03-25,11.95,11.95,11.91,11.91,11.91,34218.0,0.0,1.0
2015-03-26,12.03,12.03,11.98,11.998,11.998,10670.0,0.0,1.0
2015-03-27,11.96,11.97,11.89,11.96,11.96,11734.0,0.0,1.0
2015-03-30,11.83,11.8399,11.81,11.81,11.81,10308.0,0.0,1.0
2015-03-31,11.835,11.84,11.7899,11.791,11.791,18852.0,0.0,1.0
2015-04-01,11.9,12.04,11.9,12.0001,12.0001,17516.0,0.0,1.0
2015-04-02,11.9599,11.98,11.92,11.97,11.97,22644.0,0.0,1.0
2015-04-06,12.18,12.1875,12.1146,12.1146,12.1146,6108.0,0.0,1.0
2015-04-07,12.08,12.1,12.051,12.06,12.06,12252.0,0.0,1.0
2015-04-08,12.05,12.054,11.9499,11.9799,11.9799,12289.0,0.0,1.0
2015-04-09,11.92,11.92,11.89,11.9,11.9,16790.0,0.0,1.0
2015-04-10,12.05,12.06,12.0,12.0401,12.0401,13763.0,0.0,1.0
2015-04-13,11.99,11.99,11.94,11.95,11.95,29366.0,0.0,1.0
2015-04-14,11.9299,11.94,11.89,11.89,11.89,1949.0,0.0,1.0
2015-04-15,11.93,12.001,11.8999,11.99,11.99,40861.0,0.0,1.0
2015-04-16,12.0,12.01,11.91,11.95,11.95,27227.0,0.0,1.0
2015-04-17,11.99,12.01,11.98,12.004,12.004,5388.0,0.0,1.0
2015-04-20,11.93,11.93,11.8799,11.92,11.92,23270.0,0.0,1.0
2015-04-21,11.94,12.0,11.93,11.99,11.99,8537.0,0.0,1.0
2015-04-22,11.93,11.93,11.83,11.84,11.84,8106.0,0.0,1.0
2015-04-23,11.83,11.92,11.83,11.9099,11.9099,6062.0,0.0,1.0
2015-04-24,11.75,11.75,11.718,11.74,11.74,49661.0,0.0,1.0
2015-04-27,11.83,12.035,11.78,11.99,11.99,17328.0,0.0,1.0
2015-04-28,12.0,12.105,12.0,12.08,12.08,36105.0,0.0,1.0
2015-04-29,12.06,12.08,11.9899,12.0,12.0,8372.0,0.0,1.0
2015-04-30,11.82,11.8299,11.7396,11.8,11.8,41526.0,0.0,1.0
2015-05-01,11.68,11.75,11.67,11.7225,11.7225,42669.0,0.0,1.0
2015-05-04,11.86,11.87,11.83,11.87,11.87,28437.0,0.0,1.0
2015-05-05,11.94,11.95,11.896,11.896,11.896,5117.0,0.0,1.0
2015-05-06,11.92,11.92,11.85,11.87,11.87,17840.0,0.0,1.0
2015-05-07,11.83,11.84,11.77,11.7827,11.7827,18329.0,0.0,1.0
2015-05-08,11.8685,11.8685,11.81,11.8332,11.8332,11172.0,0.0,1.0
2015-05-11,11.86,11.864,11.85,11.85,11.85,6410.0,0.0,1.0
2015-05-12,11.8799,11.9001,11.85,11.8999,11.8999,6007.0,0.0,1.0
2015-05-13,12.03,12.14,12.03,12.1099,12.1099,19632.0,0.0,1.0
2015-05-14,12.1799,12.22,12.16,12.17,12.17,12102.0,0.0,1.0
2015-05-15,12.14,12.214,12.13,12.21,12.21,13980.0,0.0,1.0
2015-05-18,12.24,12.24,12.21,12.23,12.23,5936.0,0.0,1.0
2015-05-19,12.11,12.12,12.02,12.04,12.04,26228.0,0.0,1.0
2015-05-20,12.06,12.08,12.05,12.0633,12.0633,9389.0,0.0,1.0
2015-05-21,12.0,12.02,11.995,12.02,12.02,116616.0,0.0,1.0
2015-05-22,12.0,12.02,11.99,12.01,12.01,11872.0,0.0,1.0
2015-05-26,11.83,11.85,11.82,11.83,11.83,25460.0,0.0,1.0
2015-05-27,11.83,11.835,11.814,11.8301,11.8301,31235.0,0.0,1.0
2015-05-28,11.83,11.847,11.789,11.847,11.847,18005.0,0.0,1.0
2015-05-29,11.86,11.88,11.8546,11.8646,11.8646,4202.0,0.0,1.0
2015-06-01,11.94,11.99,11.8399,11.843,11.843,13119.0,0.0,1.0
2015-06-02,11.89,11.89,11.87,11.89,11.89,13246.0,0.0,1.0
2015-06-03,11.86,11.87,11.75,11.8249,11.8249,8882.0,0.0,1.0
2015-06-04,11.72,11.73,11.7,11.71,11.71,9563.0,0.0,1.0
2015-06-05,11.6,11.67,11.5951,11.67,11.67,30152.0,0.0,1.0
2015-06-08,11.68,11.7,11.6501,11.6951,11.6951,12585.0,0.0,1.0
2015-06-09,11.76,11.76,11.72,11.73,11.73,16705.0,0.0,1.0
2015-06-10,11.85,11.85,11.8131,11.83,11.83,26679.0,0.0,1.0
2015-06-11,11.77,11.78,11.75,11.78,11.78,5942.0,0.0,1.0
2015-06-12,11.78,11.78,11.7595,11.76,11.76,4555.0,0.0,1.0
2015-06-15,11.77,11.85,11.77,11.83,11.83,12800.0,0.0,1.0
2015-06-16,11.7301,11.78,11.73,11.78,11.78,12477.0,0.0,1.0
2015-06-17,11.75,11.82,11.704,11.82,11.82,40968.0,0.0,1.0
2015-06-18,11.97,11.984,11.95,11.97,11.97,15921.0,0.0,1.0
2015-06-19,11.98,11.99,11.95,11.959,11.959,17790.0,0.0,1.0
2015-06-22,11.83,11.83,11.78,11.79,11.79,22969.0,0.0,1.0
2015-06-23,11.73,11.75,11.72,11.7287,11.7287,46394.0,0.0,1.0
2015-06-24,11.69,11.71,11.67,11.7,11.7,14403.0,0.0,1.0
2015-06-25,11.7,11.7,11.68,11.6842,11.6842,6550.0,0.0,1.0
2015-06-26,11.665,11.71,11.65,11.71,11.71,21247.0,0.0,1.0
2015-06-29,11.72,11.7564,11.7,11.7564,11.7564,11519.0,0.0,1.0
2015-06-30,11.66,11.7783,11.62,11.6799,11.6799,44473.0,0.0,1.0
2015-07-01,11.65,11.68,11.635,11.64,11.64,94943.0,0.0,1.0
2015-07-02,11.59,11.61,11.58,11.597,11.597,67833.0,0.0,1.0
2015-07-06,11.6,11.68,11.6,11.64,11.64,126738.0,0.0,1.0
2015-07-07,11.55,11.55,11.4501,11.52,11.52,72377.0,0.0,1.0
2015-07-08,11.57,11.58,11.55,11.55,11.55,53163.0,0.0,1.0
2015-07-09,11.62,11.62,11.56,11.56,11.56,40524.0,0.0,1.0
2015-07-10,11.55,11.6,11.55,11.585,11.585,53106.0,0.0,1.0
2015-07-13,11.47,11.54,11.46,11.53,11.53,41719.0,0.0,1.0
2015-07-14,11.54,11.54,11.49,11.5,11.5,51201.0,0.0,1.0
2015-07-15,11.43,11.45,11.4,11.437,11.437,24526.0,0.0,1.0
2015-07-16,11.39,11.415,11.39,11.407,11.407,61183.0,0.0,1.0
2015-07-17,11.33,11.34,11.2601,11.28,11.28,53730.0,0.0,1.0
2015-07-20,11.08,11.08,10.98,10.98,10.98,108624.0,0.0,1.0
2015-07-21,10.99,11.03,10.93,10.94,10.94,25544.0,0.0,1.0
2015-07-22,10.85,10.91,10.83,10.89,10.89,199519.0,0.0,1.0
2015-07-23,10.93,10.93,10.82,10.84,10.84,18025.0,0.0,1.0
2015-07-24,10.77,10.955,10.75,10.949,10.949,31607.0,0.0,1.0
2015-07-27,10.91,10.9585,10.89,10.9,10.9,21052.0,0.0,1.0
2015-07-28,10.92,10.93,10.899,10.9085,10.9085,13690.0,0.0,1.0
2015-07-29,10.9,10.95,10.87,10.9299,10.9299,45254.0,0.0,1.0
2015-07-30,10.81,10.9,10.8,10.82,10.82,17449.0,0.0,1.0
2015-07-31,10.96,10.96,10.89,10.9,10.9,44096.0,0.0,1.0
2015-08-03,10.87,10.88,10.8125,10.82,10.82,59873.0,0.0,1.0
2015-08-04,10.867,10.88,10.817,10.83,10.83,54016.0,0.0,1.0
2015-08-05,10.84,10.84,10.7899,10.79,10.79,21749.0,0.0,1.0
2015-08-06,10.82,10.8865,10.82,10.86,10.86,122335.0,0.0,1.0
2015-08-07,10.87,10.94,10.87,10.8761,10.8761,27352.0,0.0,1.0
2015-08-10,10.92,11.03,10.91,10.989,10.989,16074.0,0.0,1.0
2015-08-11,11.0648,11.0648,11.03,11.03,11.03,98314.0,0.0,1.0
2015-08-12,11.12,11.1999,11.117,11.18,11.18,68325.0,0.0,1.0
2015-08-13,11.11,11.12,11.09,11.1,11.1,66253.0,0.0,1.0
2015-08-14,11.13,11.15,11.08,11.1,11.1,47955.0,0.0,1.0
2015-08-17,11.16,11.17,11.12,11.12,11.12,315489.0,0.0,1.0
2015-08-18,11.09,11.13,11.06,11.13,11.13,130944.0,0.0,1.0
2015-08-19,11.18,11.28,11.18,11.28,11.28,65010.0,0.0,1.0
2015-08-20,11.41,11.53,11.36,11.53,11.53,61422.0,0.0,1.0
2015-08-21,11.53,11.55,11.4572,11.54,11.54,111258.0,0.0,1.0
2015-08-24,11.59,11.61,11.45,11.48,11.48,310113.0,0.0,1.0
2015-08-25,11.4,11.41,11.3,11.34,11.34,128700.0,0.0,1.0
2015-08-26,11.2,11.22,11.13,11.18,11.18,77253.0,0.0,1.0
2015-08-27,11.16,11.21,11.14,11.19,11.19,82345.0,0.0,1.0
2015-08-28,11.24,11.35,11.24,11.29,11.29,105040.0,0.0,1.0
2015-08-31,11.25,11.3099,11.24,11.3,11.3,55570.0,0.0,1.0
2015-09-01,11.39,11.4,11.3301,11.35,11.35,68789.0,0.0,1.0
2015-09-02,11.34,11.34,11.27,11.29,11.29,51472.0,0.0,1.0
2015-09-03,11.2,11.2748,11.17,11.2,11.2,46204.0,0.0,1.0
2015-09-04,11.1399,11.175,11.1201,11.17,11.17,79941.0,0.0,1.0
2015-09-08,11.17,11.21,11.15,11.174,11.174,43694.0,0.0,1.0
2015-09-09,11.08,11.08,10.96,11.03,11.03,18018.0,0.0,1.0
2015-09-10,11.06,11.08,11.03,11.06,11.06,30315.0,0.0,1.0
2015-09-11,10.98,11.034,10.946,11.03,11.03,39744.0,0.0,1.0
2015-09-14,11.0,11.044,10.99,11.035,11.035,30587.0,0.0,1.0
2015-09-15,11.0,11.01,10.98,11.0,11.0,60470.0,0.0,1.0
2015-09-16,11.1,11.1801,11.1,11.139,11.139,18344.0,0.0,1.0
2015-09-17,11.11,11.27,11.11,11.2586,11.2586,45657.0,0.0,1.0
2015-09-18,11.34,11.35,11.31,11.34,11.34,38588.0,0.0,1.0
2015-09-21,11.26,11.28,11.26,11.28,11.28,28131.0,0.0,1.0
2015-09-22,11.17,11.2136,11.1699,11.19,11.19,13526.0,0.0,1.0
2015-09-23,11.28,11.28,11.24,11.24,11.24,32450.0,0.0,1.0
2015-09-24,11.46,11.5,11.4599,11.471,11.471,30205.0,0.0,1.0
2015-09-25,11.41,11.429,11.38,11.429,11.429,133251.0,0.0,1.0
2015-09-28,11.26,11.29,11.25,11.26,11.26,19196.0,0.0,1.0
2015-09-29,11.25,11.2799,11.22,11.22,11.22,8994.0,0.0,1.0
2015-09-30,11.1,11.11,11.076,11.0935,11.0935,131752.0,0.0,1.0
2015-10-01,11.12,11.121,11.08,11.089,11.089,7905.0,0.0,1.0
2015-10-02,11.3368,11.39,11.2999,11.31,11.31,9538.0,0.0,1.0
2015-10-05,11.34,11.34,11.29,11.29,11.29,28595.0,0.0,1.0
2015-10-06,11.4,11.45,11.3901,11.4,11.4,10151.0,0.0,1.0
2015-10-07,11.4,11.4301,11.3737,11.39,11.39,24083.0,0.0,1.0
2015-10-08,11.38,11.389,11.35,11.3504,11.3504,9880.0,0.0,1.0
2015-10-09,11.4865,11.5299,11.47,11.5199,11.5199,13682.0,0.0,1.0
2015-10-12,11.6,11.6,11.55,11.56,11.56,101873.0,0.0,1.0
2015-10-13,11.57,11.609,11.57,11.609,11.609,14673.0,0.0,1.0
2015-10-14,11.7,11.8368,11.66,11.82,11.82,15640.0,0.0,1.0
2015-10-15,11.76,11.82,11.75,11.757,11.757,22162.0,0.0,1.0
2015-10-16,11.76,11.77,11.74,11.7428,11.7428,14542.0,0.0,1.0
2015-10-19,11.71,11.71,11.63,11.63,11.63,8070.0,0.0,1.0
2015-10-20,11.68,11.7095,11.68,11.7095,11.7095,4625.0,0.0,1.0
2015-10-21,11.67,11.67,11.5995,11.6001,11.6001,27145.0,0.0,1.0
2015-10-22,11.59,11.6465,11.5899,11.5899,11.5899,5650.0,0.0,1.0
2015-10-23,11.5698,11.5945,11.54,11.57,11.57,34506.0,0.0,1.0
2015-10-26,11.61,11.63,11.57,11.57,11.57,129977.0,0.0,1.0
2015-10-27,11.56,11.62,11.56,11.59,11.59,22050.0,0.0,1.0
2015-10-28,11.72,11.76,11.48,11.4999,11.4999,14244.0,0.0,1.0
2015-10-29,11.46,11.48,11.39,11.39,11.39,27643.0,0.0,1.0
2015-10-30,11.38,11.38,11.34,11.35,11.35,10886.0,0.0,1.0
2015-11-02,11.29,11.31,11.27,11.28,11.28,92980.0,0.0,1.0
2015-11-03,11.18,11.18,11.0999,11.1071,11.1071,37099.0,0.0,1.0
2015-11-04,11.1,11.114,11.0,11.03,11.03,18186.0,0.0,1.0
2015-11-05,11.02,11.02,10.98,10.98,10.98,6996.0,0.0,1.0
2015-11-06,10.83,10.85,10.81,10.82,10.82,56100.0,0.0,1.0
2015-11-09,10.83,10.86,10.83,10.86,10.86,26870.0,0.0,1.0
2015-11-10,10.8,10.85,10.8,10.82,10.82,42580.0,0.0,1.0
2015-11-11,10.81,10.82,10.77,10.79,10.79,75002.0,0.0,1.0
2015-11-12,10.71,10.81,10.71,10.77,10.77,26770.0,0.0,1.0
2015-11-13,10.76,10.77,10.75,10.769,10.769,15363.0,0.0,1.0
2015-11-16,10.7992,10.7992,10.77,10.77,10.77,563.0,0.0,1.0
2015-11-17,10.74,10.74,10.59,10.64,10.64,108038.0,0.0,1.0
2015-11-18,10.64,10.6693,10.615,10.64,10.64,59102.0,0.0,1.0
2015-11-19,10.72,10.763,10.72,10.76,10.76,19113.0,0.0,1.0
2015-11-20,10.75,10.76,10.69,10.71,10.71,16993.0,0.0,1.0
2015-11-23,10.64,10.67,10.6101,10.6101,10.6101,10698.0,0.0,1.0
2015-11-24,10.72,10.72,10.68,10.69,10.69,39172.0,0.0,1.0
2015-11-25,10.65,10.6699,10.63,10.65,10.65,13787.0,0.0,1.0
2015-11-27,10.5,10.5499,10.5,10.5232,10.5232,19271.0,0.0,1.0
2015-11-30,10.55,10.63,10.55,10.6,10.6,8716.0,0.0,1.0
2015-12-01,10.59,10.6299,10.58,10.6299,10.6299,13769.0,0.0,1.0
2015-12-02,10.53,10.53,10.45,10.47,10.47,7464.0,0.0,1.0
2015-12-03,10.48,10.59,10.48,10.5658,10.5658,10503.0,0.0,1.0
2015-12-04,10.68,10.82,10.67,10.8,10.8,12885.0,0.0,1.0
2015-12-07,10.74,10.74,10.66,10.6686,10.6686,53420.0,0.0,1.0
2015-12-08,10.71,10.71,10.66,10.68,10.68,26390.0,0.0,1.0
2015-12-09,10.741,10.743,10.6399,10.66,10.66,13164.0,0.0,1.0
2015-12-10,10.65,10.671,10.65,10.66,10.66,6950.0,0.0,1.0
2015-12-11,10.66,10.72,10.66,10.7,10.7,15101.0,0.0,1.0
2015-12-14,10.66,10.66,10.57,10.57,10.57,13452.0,0.0,1.0
2015-12-15,10.56,10.5775,10.54,10.54,10.54,95083.0,0.0,1.0
2015-12-16,10.69,10.7,10.63,10.665,10.665,14555.0,0.0,1.0
2015-12-17,10.48,10.49,10.43,10.46,10.46,32307.0,0.0,1.0
2015-12-18,10.52,10.59,10.52,10.59,10.59,7370.0,0.0,1.0
2015-12-21,10.69,10.7399,10.69,10.7197,10.7197,28736.0,0.0,1.0
2015-12-22,10.72,10.72,10.66,10.66,10.66,16800.0,0.0,1.0
2015-12-23,10.62,10.635,10.62,10.6325,10.6325,72987.0,0.0,1.0
2015-12-24,10.69,10.7,10.68,10.7,10.7,11671.0,0.0,1.0
2015-12-28,10.64,10.65,10.6,10.62,10.62,41224.0,0.0,1.0
2015-12-29,10.65,10.65,10.61,10.6185,10.6185,50481.0,0.0,1.0
2015-12-30,10.55,10.55,10.54,10.5401,10.5401,11750.0,0.0,1.0
2015-12-31,10.54,10.56,10.52,10.52,10.52,26382.0,0.0,1.0
2016-01-04,10.71,10.74,10.65,10.68,10.68,27561.0,0.0,1.0
2016-01-05,10.71,10.73,10.7001,10.72,10.72,11785.0,0.0,1.0
2016-01-06,10.85,10.9764,10.8,10.86,10.86,112681.0,0.0,1.0
2016-01-07,10.989,11.03,10.94,11.02,11.02,62376.0,0.0,1.0
2016-01-08,10.95,10.97,10.9199,10.96,10.96,51951.0,0.0,1.0
2016-01-11,10.96,10.96,10.88,10.88,10.88,26727.0,0.0,1.0
2016-01-12,10.82,10.84,10.78,10.84,10.84,10084.0,0.0,1.0
2016-01-13,10.78,10.8862,10.78,10.879,10.879,19676.0,0.0,1.0
2016-01-14,10.78,10.8236,10.6899,10.71,10.71,135366.0,0.0,1.0
2016-01-15,10.8799,10.8799,10.82,10.82,10.82,59332.0,0.0,1.0
2016-01-19,10.82,10.85,10.79,10.82,10.82,29374.0,0.0,1.0
2016-01-20,10.93,11.0,10.91,10.93,10.93,51370.0,0.0,1.0
2016-01-21,10.91,10.95,10.87,10.95,10.95,17803.0,0.0,1.0
2016-01-22,10.89,10.94,10.89,10.91,10.91,44511.0,0.0,1.0
2016-01-25,10.99,11.035,10.9725,11.01,11.01,141743.0,0.0,1.0
2016-01-26,11.04,11.16,11.04,11.15,11.15,46252.0,0.0,1.0
2016-01-27,11.1,11.2099,11.0899,11.19,11.19,37506.0,0.0,1.0
2016-01-28,11.07,11.1,11.06,11.07,11.07,58848.0,0.0,1.0
2016-01-29,11.08,11.11,11.0463,11.1,11.1,8990.0,0.0,1.0
2016-02-01,11.16,11.23,11.16,11.23,11.23,13861.0,0.0,1.0
2016-02-02,11.21,11.2199,11.16,11.21,11.21,29309.0,0.0,1.0
2016-02-03,11.21,11.36,11.21,11.3399,11.3399,45450.0,0.0,1.0
2016-02-04,11.475,11.4899,11.4267,11.4849,11.4849,24232.0,0.0,1.0
2016-02-05,11.41,11.669,11.4,11.669,11.669,16692.0,0.0,1.0
2016-02-08,11.81,11.91,11.786,11.82,11.82,70728.0,0.0,1.0
2016-02-09,11.89,11.91,11.795,11.84,11.84,257924.0,0.0,1.0
2016-02-10,11.84,11.89,11.76,11.89,11.89,52319.0,0.0,1.0
2016-02-11,12.32,12.51,12.26,12.3501,12.3501,370543.0,0.0,1.0
2016-02-12,12.26,12.33,12.25,12.3099,12.3099,57657.0,0.0,1.0
2016-02-16,12.04,12.07,11.9299,11.9299,11.9299,53697.0,0.0,1.0
2016-02-17,12.0,12.05,11.94,11.99,11.99,61996.0,0.0,1.0
2016-02-18,11.98,12.3101,11.98,12.28,12.28,68542.0,0.0,1.0
2016-02-19,12.18,12.25,12.18,12.21,12.21,48312.0,0.0,1.0
2016-02-22,11.99,12.05,11.99,11.99,11.99,60809.0,0.0,1.0
2016-02-23,12.1401,12.1892,12.13,12.17,12.17,25162.0,0.0,1.0
2016-02-24,12.36,12.4199,12.2,12.206,12.206,25083.0,0.0,1.0
2016-02-25,12.21,12.33,12.21,12.2678,12.2678,154519.0,0.0,1.0
2016-02-26,12.19,12.2001,12.0348,12.16,12.16,33016.0,0.0,1.0
2016-02-29,12.21,12.3205,12.21,12.3205,12.3205,20247.0,0.0,1.0
2016-03-01,12.34,12.34,12.2082,12.24,12.24,28911.0,0.0,1.0
2016-03-02,12.28,12.33,12.27,12.33,12.33,42665.0,0.0,1.0
2016-03-03,12.38,12.58,12.38,12.54,12.54,26779.0,0.0,1.0
2016-03-04,12.58,12.71,12.5,12.53,12.53,50736.0,0.0,1.0
2016-03-07,12.57,12.61,12.52,12.58,12.58,38509.0,0.0,1.0
2016-03-08,12.65,12.65,12.51,12.52,12.52,19759.0,0.0,1.0
2016-03-09,12.38,12.49,12.3536,12.42,12.42,42229.0,0.0,1.0
2016-03-10,12.51,12.6301,12.51,12.62,12.62,11711.0,0.0,1.0
2016-03-11,12.58,12.6,12.4,12.4,12.4,93321.0,0.0,1.0
2016-03-14,12.5,12.5,12.21,12.24,12.24,100547.0,0.0,1.0
2016-03-15,12.24,12.2539,12.2,12.25,12.25,6814.0,0.0,1.0
2016-03-16,12.2,12.53,12.19,12.52,12.52,84615.0,0.0,1.0
2016-03-17,12.5685,12.58,12.47,12.47,12.47,25408.0,0.0,1.0
2016-03-18,12.44,12.48,12.42,12.45,12.45,33836.0,0.0,1.0
2016-03-21,12.37,12.3967,12.34,12.35,12.35,36772.0,0.0,1.0
2016-03-22,12.44,12.4788,12.37,12.39,12.39,20292.0,0.0,1.0
2016-03-23,12.13,12.16,12.08,12.11,12.11,71861.0,0.0,1.0
2016-03-24,12.12,12.13,12.08,12.08,12.08,14614.0,0.0,1.0
2016-03-28,12.12,12.12,12.1,12.1191,12.1191,18687.0,0.0,1.0
2016-03-29,12.19,12.3,12.1663,12.2984,12.2984,41870.0,0.0,1.0
2016-03-30,12.25,12.27,12.1533,12.17,12.17,19413.0,0.0,1.0
2016-03-31,12.29,12.29,12.22,12.22,12.22,21858.0,0.0,1.0
2016-04-01,12.06,12.15,12.005,12.15,12.15,27569.0,0.0,1.0
2016-04-04,12.11,12.12,12.06,12.0657,12.0657,25847.0,0.0,1.0
2016-04-05,12.2391,12.2399,12.185,12.22,12.22,17722.0,0.0,1.0
2016-04-06,12.13,12.1891,12.08,12.15,12.15,13836.0,0.0,1.0
2016-04-07,12.32,12.3396,12.2669,12.32,12.32,122185.0,0.0,1.0
2016-04-08,12.27,12.3391,12.2638,12.31,12.31,46534.0,0.0,1.0
2016-04-11,12.41,12.491,12.41,12.47,12.47,30239.0,0.0,1.0
2016-04-12,12.48,12.5,12.43,12.48,12.48,95631.0,0.0,1.0
2016-04-13,12.4,12.4,12.329,12.34,12.34,708615.0,0.0,1.0
2016-04-14,12.26,12.26,12.15,12.16,12.16,34246.0,0.0,1.0
2016-04-15,12.19,12.265,12.18,12.25,12.25,89135.0,0.0,1.0
2016-04-18,12.32,12.32,12.22,12.23,12.23,35663.0,0.0,1.0
2016-04-19,12.45,12.4699,12.41,12.42,12.42,40229.0,0.0,1.0
2016-04-20,12.44,12.46,12.34,12.3401,12.3401,54982.0,0.0,1.0
2016-04-21,12.5,12.5,12.394,12.4099,12.4099,15082.0,0.0,1.0
2016-04-22,12.33,12.35,12.1901,12.2491,12.2491,58452.0,0.0,1.0
2016-04-25,12.28,12.3285,12.28,12.29,12.29,11855.0,0.0,1.0
2016-04-26,12.34,12.35,12.31,12.3387,12.3387,13080.0,0.0,1.0
2016-04-27,12.36,12.42,12.33,12.3665,12.3665,76440.0,0.0,1.0
2016-04-28,12.46,12.609,12.45,12.5963,12.5963,57093.0,0.0,1.0
2016-04-29,12.72,12.87,12.71,12.8399,12.8399,44336.0,0.0,1.0
2016-05-02,12.86,12.87,12.79,12.81,12.81,36846.0,0.0,1.0
2016-05-03,12.83,12.849,12.7346,12.77,12.77,58146.0,0.0,1.0
2016-05-04,12.77,12.78,12.63,12.7,12.7,40279.0,0.0,1.0
2016-05-05,12.7,12.72,12.6,12.67,12.67,9997.0,0.0,1.0
2016-05-06,12.75,12.8591,12.75,12.79,12.79,51604.0,0.0,1.0
2016-05-09,12.59,12.59,12.53,12.53,12.53,49303.0,0.0,1.0
2016-05-10,12.54,12.6,12.4888,12.568,12.568,44899.0,0.0,1.0
2016-05-11,12.6899,12.69,12.63,12.6899,12.6899,58617.0,0.0,1.0
2016-05-12,12.68,12.7,12.57,12.5799,12.5799,14289.0,0.0,1.0
2016-05-13,12.58,12.645,12.566,12.636,12.636,36677.0,0.0,1.0
2016-05-16,12.77,12.77,12.62,12.65,12.65,38096.0,0.0,1.0
2016-05-17,12.63,12.72,12.63,12.69,12.69,62370.0,0.0,1.0
2016-05-18,12.59,12.655,12.46,12.4762,12.4762,196334.0,0.0,1.0
2016-05-19,12.37,12.46,12.36,12.45,12.45,42801.0,0.0,1.0
2016-05-20,12.4838,12.4838,12.4,12.43,12.43,57380.0,0.0,1.0
2016-05-23,12.35,12.415,12.34,12.4,12.4,37794.0,0.0,1.0
2016-05-24,12.28,12.28,12.18,12.19,12.19,2303703.0,0.0,1.0
2016-05-25,12.12,12.1593,12.0866,12.15,12.15,49355.0,0.0,1.0
2016-05-26,12.22,12.22,12.1,12.1008,12.1008,20948.0,0.0,1.0
2016-05-27,12.08,12.08,11.9801,12.015,12.015,146850.0,0.0,1.0
2016-05-31,12.03,12.09,12.01,12.08,12.08,66117.0,0.0,1.0
2016-06-01,12.055,12.06,11.98,12.05,12.05,103229.0,0.0,1.0
2016-06-02,12.03,12.04,12.01,12.0199,12.0199,31123.0,0.0,1.0
2016-06-03,12.29,12.3425,12.285,12.3425,12.3425,46786.0,0.0,1.0
2016-06-06,12.35,12.37,12.33,12.35,12.35,24539.0,0.0,1.0
2016-06-07,12.3,12.35,12.3,12.34,12.34,17494.0,0.0,1.0
2016-06-08,12.5,12.5399,12.49,12.52,12.52,48195.0,0.0,1.0
2016-06-09,12.5299,12.61,12.5244,12.5999,12.5999,63173.0,0.0,1.0
2016-06-10,12.63,12.6736,12.58,12.65,12.65,47393.0,0.0,1.0
2016-06-13,12.76,12.76,12.69,12.7462,12.7462,74044.0,0.0,1.0
2016-06-14,12.77,12.77,12.7099,12.7599,12.7599,34383.0,0.0,1.0
2016-06-15,12.73,12.86,12.72,12.84,12.84,43845.0,0.0,1.0
2016-06-16,13.0,13.04,12.7,12.7,12.7,470862.0,0.0,1.0
2016-06-17,12.81,12.885,12.7785,12.87,12.87,31496.0,0.0,1.0
2016-06-20,12.69,12.7985,12.69,12.7985,12.7985,196656.0,0.0,1.0
2016-06-21,12.63,12.65,12.55,12.55,12.55,12731.0,0.0,1.0
2016-06-22,12.55,12.59,12.54,12.55,12.55,22565.0,0.0,1.0
2016-06-23,12.52,12.5538,12.5,12.5,12.5,35331.0,0.0,1.0
2016-06-24,13.15,13.15,12.9901,13.09,13.09,95034.0,0.0,1.0
2016-06-27,13.14,13.1899,13.08,13.15,13.15,174964.0,0.0,1.0
2016-06-28,13.05,13.08,13.0,13.05,13.05,50026.0,0.0,1.0
2016-06-29,13.07,13.15,13.07,13.07,13.07,63167.0,0.0,1.0
2016-06-30,13.09,13.126,13.044,13.126,13.126,37596.0,0.0,1.0
2016-07-01,13.25,13.33,13.24,13.3256,13.3256,79369.0,0.0,1.0
2016-07-05,13.37,13.46,13.33,13.44,13.44,219591.0,0.0,1.0
2016-07-06,13.56,13.61,13.5,13.53,13.53,138678.0,0.0,1.0
2016-07-07,13.49,13.4999,13.4001,13.47,13.47,90939.0,0.0,1.0
2016-07-08,13.49,13.54,13.41,13.54,13.54,55655.0,0.0,1.0
2016-07-11,13.46,13.48,13.4209,13.4285,13.4285,83647.0,0.0,1.0
2016-07-12,13.34,13.34,13.21,13.22,13.22,56016.0,0.0,1.0
2016-07-13,13.29,13.33,13.2599,13.33,13.33,141530.0,0.0,1.0
2016-07-14,13.12,13.23,13.1,13.23,13.23,30636.0,0.0,1.0
2016-07-15,13.139,13.19,13.139,13.15,13.15,8678.0,0.0,1.0
2016-07-18,13.19,13.24,13.159,13.19,13.19,68979.0,0.0,1.0
2016-07-19,13.18,13.226,13.18,13.22,13.22,53551.0,0.0,1.0
2016-07-20,13.04,13.0901,13.02,13.0267,13.0267,67501.0,0.0,1.0
2016-07-21,13.06,13.23,13.06,13.22,13.22,51769.0,0.0,1.0
2016-07-22,13.14,13.14,13.09,13.12,13.12,30443.0,0.0,1.0
2016-07-25,13.04,13.099,13.01,13.04,13.04,18768.0,0.0,1.0
2016-07-26,13.1,13.1,13.07,13.0899,13.0899,22940.0,0.0,1.0
2016-07-27,13.18,13.29,13.13,13.29,13.29,44401.0,0.0,1.0
2016-07-28,13.31,13.31,13.22,13.2499,13.2499,55861.0,0.0,1.0
2016-07-29,13.34,13.4399,13.3,13.42,13.42,36336.0,0.0,1.0
2016-08-01,13.36,13.43,13.36,13.42,13.42,90778.0,0.0,1.0
2016-08-02,13.5,13.5563,13.5,13.5299,13.5299,44403.0,0.0,1.0
2016-08-03,13.49,13.49,13.44,13.47,13.47,28806.0,0.0,1.0
2016-08-04,13.51,13.5289,13.489,13.49,13.49,57729.0,0.0,1.0
2016-08-05,13.35,13.35,13.24,13.25,13.25,78241.0,0.0,1.0
2016-08-08,13.23,13.2693,13.229,13.25,13.25,51102.0,0.0,1.0
2016-08-09,13.28,13.3,13.276,13.28,13.28,32189.0,0.0,1.0
2016-08-10,13.42,13.42,13.32,13.35,13.35,160363.0,0.0,1.0
2016-08-11,13.36,13.3999,13.25,13.2501,13.2501,32609.0,0.0,1.0
2016-08-12,13.42,13.42,13.22,13.24,13.24,40282.0,0.0,1.0
2016-08-15,13.25,13.31,13.25,13.28,13.28,61954.0,0.0,1.0
2016-08-16,13.3,13.4,13.3,13.3499,13.3499,266227.0,0.0,1.0
2016-08-17,13.31,13.38,13.29,13.34,13.34,130888.0,0.0,1.0
2016-08-18,13.39,13.42,13.36,13.42,13.42,24945.0,0.0,1.0
2016-08-19,13.31,13.366,13.28,13.29,13.29,86424.0,0.0,1.0
2016-08-22,13.25,13.28,13.24,13.25,13.25,66882.0,0.0,1.0
2016-08-23,13.31,13.31,13.259,13.27,13.27,37038.0,0.0,1.0
2016-08-24,13.18,13.18,13.12,13.12,13.12,54307.0,0.0,1.0
2016-08-25,13.08,13.12,13.08,13.1064,13.1064,43821.0,0.0,1.0
2016-08-26,13.18,13.29,13.08,13.0989,13.0989,57135.0,0.0,1.0
2016-08-29,13.08,13.13,13.08,13.11,13.11,21952.0,0.0,1.0
2016-08-30,13.05,13.0793,12.98,12.99,12.99,56951.0,0.0,1.0
2016-08-31,12.96,12.99,12.9565,12.96,12.96,89021.0,0.0,1.0
2016-09-01,12.95,13.0299,12.95,13.02,13.02,35437.0,0.0,1.0
2016-09-02,13.11,13.137,13.0501,13.125,13.125,64744.0,0.0,1.0
2016-09-06,13.21,13.4135,13.21,13.372,13.372,60695.0,0.0,1.0
2016-09-07,13.38,13.38,13.3071,13.3261,13.3261,55754.0,0.0,1.0
2016-09-08,13.31,13.34,13.2398,13.2401,13.2401,12215.0,0.0,1.0
2016-09-09,13.22,13.22,13.16,13.16,13.16,36929.0,0.0,1.0
2016-09-12,13.12,13.17,13.09,13.16,13.16,21599.0,0.0,1.0
2016-09-13,13.14,13.14,13.041,13.06,13.06,29952.0,0.0,1.0
2016-09-14,13.1,13.13,13.09,13.13,13.13,18685.0,0.0,1.0
2016-09-15,13.01,13.08,12.99,13.02,13.02,37903.0,0.0,1.0
2016-09-16,12.97,13.0,12.949,12.98,12.98,37085.0,0.0,1.0
2016-09-19,13.04,13.05,13.005,13.01,13.01,35440.0,0.0,1.0
2016-09-20,13.0063,13.04,13.0063,13.02,13.02,31658.0,0.0,1.0
2016-09-21,13.12,13.24,13.12,13.21,13.21,175079.0,0.0,1.0
2016-09-22,13.25,13.31,13.2499,13.25,13.25,44156.0,0.0,1.0
2016-09-23,13.26,13.28,13.2301,13.26,13.26,32602.0,0.0,1.0
2016-09-26,13.29,13.29,13.23,13.24,13.24,22472.0,0.0,1.0
2016-09-27,13.18,13.18,13.13,13.15,13.15,25380.0,0.0,1.0
2016-09-28,13.1,13.1274,13.073,13.1074,13.1074,26403.0,0.0,1.0
2016-09-29,13.07,13.12,13.04,13.09,13.09,68455.0,0.0,1.0
2016-09-30,13.14,13.14,13.015,13.05,13.05,60303.0,0.0,1.0
2016-10-03,13.02,13.02,12.97,13.0107,13.0107,23087.0,0.0,1.0
2016-10-04,12.79,12.79,12.56,12.5661,12.5661,163081.0,0.0,1.0
2016-10-05,12.61,12.63,12.5031,12.55,12.55,52143.0,0.0,1.0
2016-10-06,12.44,12.46,12.381,12.415,12.415,62173.0,0.0,1.0
2016-10-07,12.5,12.5172,12.3,12.44,12.44,74325.0,0.0,1.0
2016-10-10,12.48,12.49,12.46,12.4752,12.4752,12717.0,0.0,1.0
2016-10-11,12.46,12.479,12.42,12.42,12.42,33530.0,0.0,1.0
2016-10-12,12.43,12.46,12.3947,12.4393,12.4393,32346.0,0.0,1.0
2016-10-13,12.46,12.49,12.44,12.46,12.46,130270.0,0.0,1.0
2016-10-14,12.41,12.45,12.391,12.391,12.391,24275.0,0.0,1.0
2016-10-17,12.44,12.45,12.42,12.429,12.429,70056.0,0.0,1.0
2016-10-18,12.5,12.52,12.45,12.505,12.505,56065.0,0.0,1.0
2016-10-19,12.58,12.62,12.5509,12.57,12.57,100842.0,0.0,1.0
2016-10-20,12.61,12.62,12.53,12.54,12.54,58953.0,0.0,1.0
2016-10-21,12.5599,12.56,12.526,12.55,12.55,16887.0,0.0,1.0
2016-10-24,12.59,12.595,12.49,12.53,12.53,29568.0,0.0,1.0
2016-10-25,12.57,12.64,12.5384,12.6243,12.6243,38337.0,0.0,1.0
2016-10-26,12.61,12.61,12.5201,12.55,12.55,29111.0,0.0,1.0
2016-10-27,12.58,12.58,12.55,12.57,12.57,37087.0,0.0,1.0
2016-10-28,12.59,12.7,12.55,12.63,12.63,27637.0,0.0,1.0
2016-10-31,12.63,12.66,12.6,12.66,12.66,53604.0,0.0,1.0
2016-11-01,12.76,12.8,12.73,12.75,12.75,36081.0,0.0,1.0
2016-11-02,12.86,12.95,12.83,12.831,12.831,41326.0,0.0,1.0
2016-11-03,12.82,12.91,12.8101,12.91,12.91,19787.0,0.0,1.0
2016-11-04,12.93,12.93,12.8841,12.92,12.92,89743.0,0.0,1.0
2016-11-07,12.74,12.74,12.65,12.69,12.69,79367.0,0.0,1.0
2016-11-08,12.69,12.74,12.609,12.63,12.63,28643.0,0.0,1.0
2016-11-09,12.91,12.91,12.58,12.624,12.624,229290.0,0.0,1.0
2016-11-10,12.62,12.62,12.4,12.43,12.43,238070.0,0.0,1.0
2016-11-11,12.43,12.43,12.09,12.15,12.15,137864.0,0.0,1.0
2016-11-14,12.05,12.159,11.9979,12.05,12.05,241646.0,0.0,1.0
2016-11-15,12.09,12.16,12.086,12.15,12.15,20462.0,0.0,1.0
2016-11-16,12.1512,12.1585,12.106,12.139,12.139,18817.0,0.0,1.0
2016-11-17,12.14,12.16,11.99,12.06,12.06,66637.0,0.0,1.0
2016-11-18,11.99,12.01,11.94,11.96,11.96,78008.0,0.0,1.0
2016-11-21,12.01,12.03,11.98,12.0,12.0,40654.0,0.0,1.0
2016-11-22,12.02,12.02,11.96,12.0,12.0,19519.0,0.0,1.0
2016-11-23,11.82,11.82,11.7,11.75,11.75,127210.0,0.0,1.0
2016-11-25,11.78,11.78,11.66,11.68,11.68,23822.0,0.0,1.0
2016-11-28,11.75,11.81,11.7482,11.81,11.81,16900.0,0.0,1.0
2016-11-29,11.71,11.7799,11.7001,11.77,11.77,2214319.0,0.0,1.0
2016-11-30,11.71,11.71,11.59,11.61,11.61,134493.0,0.0,1.0
2016-12-01,11.54,11.6212,11.48,11.5944,11.5944,172428.0,0.0,1.0
2016-12-02,11.62,11.6515,11.609,11.64,11.64,25408.0,0.0,1.0
2016-12-05,11.55,11.63,11.46,11.58,11.58,76482.0,0.0,1.0
2016-12-06,11.6,11.62,11.55,11.56,11.56,150605.0,0.0,1.0
2016-12-07,11.64,11.67,11.6,11.6,11.6,18559.0,0.0,1.0
2016-12-08,11.6,11.6,11.58,11.59,11.59,210300.0,0.0,1.0
2016-12-09,11.54,11.54,11.45,11.46,11.46,25221.0,0.0,1.0
2016-12-12,11.49,11.511,11.46,11.49,11.49,59798.0,0.0,1.0
2016-12-13,11.48,11.49,11.42,11.46,11.46,46483.0,0.0,1.0
2016-12-14,11.52,11.528,11.27,11.2951,11.2951,89377.0,0.0,1.0
2016-12-15,11.2,11.21,11.12,11.16,11.16,188721.0,0.0,1.0
2016-12-16,11.22,11.28,11.17,11.21,11.21,51472.0,0.0,1.0
2016-12-19,11.27,11.3,11.2559,11.28,11.28,97578.0,0.0,1.0
2016-12-20,11.17,11.215,11.1434,11.194,11.194,92325.0,0.0,1.0
2016-12-21,11.24,11.25,11.19,11.2,11.2,107410.0,0.0,1.0
2016-12-22,11.18,11.22,11.16,11.16,11.16,33432.0,0.0,1.0
2016-12-23,11.1993,11.23,11.195,11.2,11.2,80613.0,0.0,1.0
2016-12-27,11.22,11.28,11.22,11.27,11.27,49812.0,0.0,1.0
2016-12-28,11.26,11.31,11.25,11.31,11.31,59684.0,0.0,1.0
2016-12-29,11.3384,11.48,11.3356,11.45,11.45,60594.0,0.0,1.0
2016-12-30,11.46,11.48,11.38,11.39,11.39,110003.0,0.0,1.0
2017-01-03,11.38,11.51,11.37,11.47,11.47,236457.0,0.0,1.0
2017-01-04,11.54,11.55,11.49,11.51,11.51,137553.0,0.0,1.0
2017-01-05,11.66,11.729,11.65,11.7,11.7,56903.0,0.0,1.0
2017-01-06,11.62,11.67,11.59,11.61,11.61,44159.0,0.0,1.0
2017-01-09,11.68,11.74,11.66,11.7051,11.7051,29989.0,0.0,1.0
2017-01-10,11.75,11.78,11.74,11.76,11.76,14994.0,0.0,1.0
2017-01-11,11.73,11.85,11.66,11.7861,11.7861,16144.0,0.0,1.0
2017-01-12,11.9,11.94,11.84,11.84,11.84,55344.0,0.0,1.0
2017-01-13,11.8,11.87,11.76,11.86,11.86,30315.0,0.0,1.0
2017-01-17,12.04,12.04,11.9948,12.03,12.03,87721.0,0.0,1.0
2017-01-18,12.02,12.03,11.9,11.9258,11.9258,40634.0,0.0,1.0
2017-01-19,11.88,11.94,11.8338,11.9241,11.9241,118207.0,0.0,1.0
2017-01-20,11.91,12.02,11.88,11.96,11.96,27271.0,0.0,1.0
2017-01-23,12.0,12.05,12.0,12.03,12.03,25685.0,0.0,1.0
2017-01-24,12.0101,12.04,11.95,11.97,11.97,45139.0,0.0,1.0
2017-01-25,11.85,11.88,11.8106,11.87,11.87,18765.0,0.0,1.0
2017-01-26,11.76,11.78,11.7243,11.77,11.77,41422.0,0.0,1.0
2017-01-27,11.72,11.79,11.7161,11.79,11.79,20774.0,0.0,1.0
2017-01-30,11.79,11.86,11.79,11.82,11.82,132899.0,0.0,1.0
2017-01-31,11.96,12.01,11.9557,11.99,11.99,34204.0,0.0,1.0
2017-02-01,11.91,11.98,11.857,11.95,11.95,50644.0,0.0,1.0
2017-02-02,12.08,12.1,12.008,12.02,12.02,29327.0,0.0,1.0
2017-02-03,12.01,12.07,12.01,12.05,12.05,25473.0,0.0,1.0
2017-02-06,12.15,12.218,12.129,12.218,12.218,50347.0,0.0,1.0
2017-02-07,12.19,12.22,12.17,12.19,12.19,55343.0,0.0,1.0
2017-02-08,12.26,12.302,12.23,12.27,12.27,36735.0,0.0,1.0
2017-02-09,12.29,12.29,12.17,12.18,12.18,29702.0,0.0,1.0
2017-02-10,12.12,12.226,12.117,12.21,12.21,79518.0,0.0,1.0
2017-02-13,12.13,12.14,12.07,12.12,12.12,76566.0,0.0,1.0
2017-02-14,12.21,12.44,12.09,12.15,12.15,27162.0,0.0,1.0
2017-02-15,12.09,12.2,12.08,12.19,12.19,49713.0,0.0,1.0
2017-02-16,12.25,12.287,12.25,12.26,12.26,21282.0,0.0,1.0
2017-02-17,12.28,12.29,12.215,12.23,12.23,22296.0,0.0,1.0
2017-02-21,12.15,12.25,12.12,12.229,12.229,25407.0,0.0,1.0
2017-02-22,12.23,12.25,12.17,12.25,12.25,24000.0,0.0,1.0
2017-02-23,12.34,12.37,12.33,12.35,12.35,39499.0,0.0,1.0
2017-02-24,12.44,12.447,12.39,12.43,12.43,32160.0,0.0,1.0
2017-02-27,12.43,12.5,12.37,12.37,12.37,113243.0,0.0,1.0
2017-02-28,12.426,12.44,12.35,12.38,12.38,75434.0,0.0,1.0
2017-03-01,12.26,12.37,12.241,12.37,12.37,29049.0,0.0,1.0
2017-03-02,12.22,12.28,12.18,12.21,12.21,150586.0,0.0,1.0
2017-03-03,12.14,12.22,12.096,12.2,12.2,57515.0,0.0,1.0
2017-03-06,12.19,12.19,12.12,12.13,12.13,148140.0,0.0,1.0
2017-03-07,12.05,12.06,12.0,12.02,12.02,37742.0,0.0,1.0
2017-03-08,11.95,11.964,11.93,11.95,11.95,106320.0,0.0,1.0
2017-03-09,11.92,11.94,11.88,11.89,11.89,15618.0,0.0,1.0
2017-03-10,11.88,11.91,11.86,11.91,11.91,19402.0,0.0,1.0
2017-03-13,11.9,11.92,11.9,11.91,11.91,29270.0,0.0,1.0
2017-03-14,11.89,11.93,11.84,11.86,11.86,45134.0,0.0,1.0
2017-03-15,11.87,12.069,11.85,12.06,12.06,18320.0,0.0,1.0
2017-03-16,12.18,12.18,12.12,12.12,12.12,51504.0,0.0,1.0
2017-03-17,12.16,12.17,12.14,12.14,12.14,44765.0,0.0,1.0
2017-03-20,12.18,12.21,12.18,12.2,12.2,72049.0,0.0,1.0
2017-03-21,12.25,12.31,12.23,12.3,12.3,52306.0,0.0,1.0
2017-03-22,12.35,12.364,12.33,12.33,12.33,16062.0,0.0,1.0
2017-03-23,12.37,12.37,12.29,12.32,12.32,26149.0,0.0,1.0
2017-03-24,12.29,12.37,12.29,12.336,12.336,16902.0,0.0,1.0
2017-03-27,12.45,12.46,12.39,12.41,12.41,38899.0,0.0,1.0
2017-03-28,12.44,12.44,12.338,12.35,12.35,143904.0,0.0,1.0
2017-03-29,12.39,12.39,12.37,12.39,12.39,13528.0,0.0,1.0
2017-03-30,12.33,12.355,12.291,12.292,12.292,13710.0,0.0,1.0
2017-03-31,12.315,12.356,12.29,12.33,12.33,28086.0,0.0,1.0
2017-04-03,12.32,12.4,12.32,12.4,12.4,67941.0,0.0,1.0
2017-04-04,12.42,12.43,12.404,12.41,12.41,47991.0,0.0,1.0
2017-04-05,12.326,12.42,12.31,12.42,12.42,12812.0,0.0,1.0
2017-04-06,12.37,12.39,12.37,12.37,12.37,23432.0,0.0,1.0
2017-04-07,12.49,12.529,12.4,12.41,12.41,43096.0,0.0,1.0
2017-04-10,12.36,12.42,12.34,12.4,12.4,34402.0,0.0,1.0
2017-04-11,12.49,12.59,12.49,12.58,12.58,33277.0,0.0,1.0
2017-04-12,12.6,12.686,12.58,12.67,12.67,28276.0,0.0,1.0
2017-04-13,12.721,12.73,12.68,12.73,12.73,17463.0,0.0,1.0
2017-04-17,12.73,12.77,12.664,12.69,12.69,48558.0,0.0,1.0
2017-04-18,12.72,12.765,12.65,12.75,12.75,61477.0,0.0,1.0
2017-04-19,12.67,12.68,12.58,12.63,12.63,49608.0,0.0,1.0
2017-04-20,12.65,12.67,12.64,12.657,12.657,5401.0,0.0,1.0
2017-04-21,12.67,12.717,12.67,12.695,12.695,4597.0,0.0,1.0
2017-04-24,12.55,12.61,12.53,12.61,12.61,32934.0,0.0,1.0
2017-04-25,12.52,12.54,12.48,12.48,12.48,45285.0,0.0,1.0
2017-04-26,12.48,12.55,12.47,12.54,12.54,19706.0,0.0,1.0
2017-04-27,12.48,12.51,12.47,12.5,12.5,8760.0,0.0,1.0
2017-04-28,12.5,12.53,12.49,12.53,12.53,21992.0,0.0,1.0
2017-05-01,12.49,12.53,12.4,12.42,12.42,45605.0,0.0,1.0
2017-05-02,12.39,12.42,12.385,12.42,12.42,12220.0,0.0,1.0
2017-05-03,12.37,12.37,12.24,12.26,12.26,26985.0,0.0,1.0
2017-05-04,12.13,12.17,12.119,12.137,12.137,19738.0,0.0,1.0
2017-05-05,12.14,12.154,12.12,12.15,12.15,14070.0,0.0,1.0
2017-05-08,12.16,12.16,12.12,12.125,12.125,21863.0,0.0,1.0
2017-05-09,12.07,12.07,12.0,12.05,12.05,31402.0,0.0,1.0
2017-05-10,12.09,12.09,12.03,12.05,12.05,54803.0,0.0,1.0
2017-05-11,12.09,12.12,12.085,12.1,12.1,23719.0,0.0,1.0
2017-05-12,12.16,12.16,12.13,12.13,12.13,27475.0,0.0,1.0
2017-05-15,12.198,12.198,12.15,12.17,12.17,28404.0,0.0,1.0
2017-05-16,12.19,12.239,12.19,12.21,12.21,15279.0,0.0,1.0
2017-05-17,12.4,12.45,12.39,12.44,12.44,26829.0,0.0,1.0
2017-05-18,12.43,12.43,12.313,12.34,12.34,29200.0,0.0,1.0
2017-05-19,12.389,12.4,12.36,12.4,12.4,22270.0,0.0,1.0
2017-05-22,12.42,12.47,12.42,12.44,12.44,17750.0,0.0,1.0
2017-05-23,12.46,12.47,12.36,12.37,12.37,10705.0,0.0,1.0
2017-05-24,12.38,12.426,12.38,12.42,12.42,68894.0,0.0,1.0
2017-05-25,12.42,12.42,12.4,12.409,12.409,12872.0,0.0,1.0
2017-05-26,12.51,12.54,12.502,12.53,12.53,30843.0,0.0,1.0
2017-05-30,12.49,12.49,12.464,12.474,12.474,8809.0,0.0,1.0
2017-05-31,12.49,12.576,12.49,12.57,12.57,9244.0,0.0,1.0
2017-06-01,12.49,12.54,12.47,12.52,12.52,26152.0,0.0,1.0
2017-06-02,12.59,12.64,12.59,12.63,12.63,4108.0,0.0,1.0
2017-06-05,12.65,12.65,12.63,12.65,12.65,13376.0,0.0,1.0
2017-06-06,12.79,12.8,12.743,12.78,12.78,21958.0,0.0,1.0
2017-06-07,12.75,12.78,12.695,12.7,12.7,7470.0,0.0,1.0
2017-06-08,12.67,12.67,12.565,12.62,12.62,9586.0,0.0,1.0
2017-06-09,12.51,12.55,12.51,12.53,12.53,23897.0,0.0,1.0
2017-06-12,12.5,12.52,12.49,12.502,12.502,20208.0,0.0,1.0
2017-06-13,12.45,12.53,12.45,12.51,12.51,31427.0,0.0,1.0
2017-06-14,12.61,12.63,12.41,12.42,12.42,8263.0,0.0,1.0
2017-06-15,12.38,12.4,12.37,12.39,12.39,23776.0,0.0,1.0
2017-06-16,12.4,12.405,12.385,12.385,12.385,17300.0,0.0,1.0
2017-06-19,12.33,12.335,12.28,12.3,12.3,55396.0,0.0,1.0
2017-06-20,12.29,12.29,12.27,12.27,12.27,12689.0,0.0,1.0
2017-06-21,12.27,12.313,12.27,12.31,12.31,13415.0,0.0,1.0
2017-06-22,12.37,12.377,12.32,12.35,12.35,21199.0,0.0,1.0
2017-06-23,12.43,12.43,12.39,12.4,12.4,17133.0,0.0,1.0
2017-06-26,12.29,12.305,12.27,12.287,12.287,64599.0,0.0,1.0
2017-06-27,12.34,12.341,12.3,12.341,12.341,22832.0,0.0,1.0
2017-06-28,12.36,12.36,12.33,12.35,12.35,99459.0,0.0,1.0
2017-06-29,12.25,12.32,12.25,12.29,12.29,17320.0,0.0,1.0
2017-06-30,12.26,12.3,12.206,12.26,12.26,41868.0,0.0,1.0
2017-07-03,12.11,12.14,12.03,12.06,12.06,36697.0,0.0,1.0
2017-07-05,12.04,12.1,12.03,12.1,12.1,19579.0,0.0,1.0
2017-07-06,12.1047,12.1047,12.08,12.0991,12.0991,8147.0,0.0,1.0
2017-07-07,12.03,12.03,11.94,11.98,11.98,49147.0,0.0,1.0
2017-07-10,11.94,11.99,11.93,11.99,11.99,33172.0,0.0,1.0
2017-07-11,11.96,12.02,11.93,12.01,12.01,14476.0,0.0,1.0
2017-07-12,12.08,12.08,12.04,12.05,12.05,81656.0,0.0,1.0
2017-07-13,12.05,12.05,12.015,12.03,12.03,7246.0,0.0,1.0
2017-07-14,12.16,12.17,12.111,12.13,12.13,40419.0,0.0,1.0
2017-07-17,12.2,12.2,12.18,12.18,12.18,40470.0,0.0,1.0
2017-07-18,12.25,12.2799,12.2462,12.26,12.26,12631.0,0.0,1.0
2017-07-19,12.27,12.28,12.25,12.26,12.26,11845.0,0.0,1.0
2017-07-20,12.24,12.31,12.24,12.28,12.28,48404.0,0.0,1.0
2017-07-21,12.36,12.4,12.342,12.39,12.39,17063.0,0.0,1.0
2017-07-24,12.41,12.41,12.38,12.389,12.389,5952.0,0.0,1.0
2017-07-25,12.36,12.39,12.335,12.34,12.34,64908.0,0.0,1.0
2017-07-26,12.32,12.46,12.32,12.445,12.445,11267.0,0.0,1.0
2017-07-27,12.45,12.46,12.392,12.44,12.44,5805.0,0.0,1.0
2017-07-28,12.48,12.54,12.48,12.53,12.53,25839.0,0.0,1.0
2017-07-31,12.51,12.53,12.5,12.53,12.53,18849.0,0.0,1.0
2017-08-01,12.5,12.57,12.5,12.529,12.529,23191.0,0.0,1.0
2017-08-02,12.52,12.566,12.5,12.5,12.5,9555.0,0.0,1.0
2017-08-03,12.49,12.535,12.49,12.535,12.535,7604.0,0.0,1.0
2017-08-04,12.46,12.46,12.394,12.424,12.424,13614.0,0.0,1.0
2017-08-07,12.41,12.43,12.41,12.42,12.42,14328.0,0.0,1.0
2017-08-08,12.46,12.46,12.37,12.45,12.45,101612.0,0.0,1.0
2017-08-09,12.57,12.615,12.545,12.592,12.592,59499.0,0.0,1.0
2017-08-10,12.68,12.71,12.67,12.69,12.69,192070.0,0.0,1.0
2017-08-11,12.69,12.75,12.67,12.75,12.75,177542.0,0.0,1.0
2017-08-14,12.67,12.68,12.645,12.65,12.65,27315.0,0.0,1.0
2017-08-15,12.52,12.58,12.52,12.56,12.56,196683.0,0.0,1.0
2017-08-16,12.53,12.66,12.44,12.65,12.65,147844.0,0.0,1.0
2017-08-17,12.7,12.73,12.65,12.72,12.72,183359.0,0.0,1.0
2017-08-18,12.81,12.81,12.69,12.69,12.69,143062.0,0.0,1.0
2017-08-21,12.72,12.76,12.72,12.75,12.75,99198.0,0.0,1.0
2017-08-22,12.73,12.73,12.66,12.69,12.69,75745.0,0.0,1.0
2017-08-23,12.72,12.74,12.71,12.73,12.73,27272.0,0.0,1.0
2017-08-24,12.71,12.72,12.69,12.69,12.69,92888.0,0.0,1.0
2017-08-25,12.75,12.77,12.6,12.75,12.75,89820.0,0.0,1.0
2017-08-28,12.8,12.95,12.8,12.94,12.94,73504.0,0.0,1.0
2017-08-29,13.06,13.06,12.8953,12.92,12.92,143819.0,0.0,1.0
2017-08-30,12.91,12.93,12.89,12.91,12.91,157474.0,0.0,1.0
2017-08-31,12.93,13.06,12.93,13.06,13.06,119602.0,0.0,1.0
2017-09-01,13.08,13.09,12.995,13.09,13.09,141390.0,0.0,1.0
2017-09-05,13.15,13.26,13.14,13.23,13.23,95152.0,0.0,1.0
2017-09-06,13.22,13.224,13.144,13.17,13.17,78890.0,0.0,1.0
2017-09-07,13.25,13.32,13.235,13.3,13.3,200390.0,0.0,1.0
2017-09-08,13.31,13.31,13.25,13.29,13.29,195981.0,0.0,1.0
2017-09-11,13.16,13.18,13.09,13.1,13.1,150931.0,0.0,1.0
2017-09-12,13.08,13.14,13.074,13.14,13.14,159717.0,0.0,1.0
2017-09-13,13.2,13.2,13.04,13.04,13.04,62197.0,0.0,1.0
2017-09-14,13.05,13.12,13.05,13.1,13.1,139513.0,0.0,1.0
2017-09-15,13.08,13.08,13.03,13.03,13.03,68993.0,0.0,1.0
2017-09-18,12.95,12.95,12.88,12.91,12.91,125381.0,0.0,1.0
2017-09-19,12.92,12.94,12.89,12.94,12.94,129494.0,0.0,1.0
2017-09-20,12.94,12.98,12.78,12.83,12.83,193300.0,0.0,1.0
2017-09-21,12.73,12.77,12.72,12.74,12.74,66464.0,0.0,1.0
2017-09-22,12.77,12.805,12.77,12.78,12.78,130920.0,0.0,1.0
2017-09-25,12.75,12.93,12.74,12.93,12.93,116978.0,0.0,1.0
2017-09-26,12.83,12.835,12.78,12.78,12.78,103862.0,0.0,1.0
2017-09-27,12.67,12.71,12.66,12.67,12.67,139760.0,0.0,1.0
2017-09-28,12.67,12.71,12.65,12.69,12.69,241971.0,0.0,1.0
2017-09-29,12.7,12.7,12.63,12.63,12.63,123373.0,0.0,1.0
2017-10-02,12.58,12.59,12.54,12.54,12.54,166685.0,0.0,1.0
2017-10-03,12.54,12.57,12.54,12.55,12.55,56878.0,0.0,1.0
2017-10-04,12.59,12.59,12.55,12.58,12.58,88451.0,0.0,1.0
2017-10-05,12.57,12.58,12.505,12.51,12.51,198407.0,0.0,1.0
2017-10-06,12.49,12.58,12.44,12.57,12.57,147009.0,0.0,1.0
2017-10-09,12.63,12.675,12.624,12.67,12.67,113994.0,0.0,1.0
2017-10-10,12.73,12.77,12.705,12.71,12.71,138711.0,0.0,1.0
2017-10-11,12.72,12.76,12.673,12.75,12.75,104574.0,0.0,1.0
2017-10-12,12.75,12.775,12.75,12.76,12.76,163917.0,0.0,1.0
2017-10-13,12.84,12.86,12.81,12.86,12.86,200136.0,0.0,1.0
2017-10-16,12.86,12.866,12.731,12.77,12.77,119526.0,0.0,1.0
2017-10-17,12.67,12.698,12.65,12.68,12.68,120115.0,0.0,1.0
2017-10-18,12.63,12.65,12.62,12.63,12.63,60960.0,0.0,1.0
2017-10-19,12.68,12.71,12.68,12.7,12.7,27226.0,0.0,1.0
2017-10-20,12.63,12.66,12.605,12.63,12.63,67202.0,0.0,1.0
2017-10-23,12.56,12.66,12.56,12.65,12.65,120297.0,0.0,1.0
2017-10-24,12.59,12.605,12.57,12.6,12.6,78216.0,0.0,1.0
2017-10-25,12.6,12.62,12.56,12.6,12.6,72422.0,0.0,1.0
2017-10-26,12.58,12.58,12.49,12.5,12.5,157505.0,0.0,1.0
2017-10-27,12.5,12.56,12.491,12.55,12.55,212014.0,0.0,1.0
2017-10-30,12.545,12.61,12.54,12.58,12.58,147883.0,0.0,1.0
2017-10-31,12.55,12.55,12.513,12.53,12.53,117758.0,0.0,1.0
2017-11-01,12.56,12.62,12.55,12.57,12.57,146011.0,0.0,1.0
2017-11-02,12.59,12.66,12.58,12.59,12.59,113872.0,0.0,1.0
2017-11-03,12.6,12.6,12.48,12.53,12.53,138083.0,0.0,1.0
2017-11-06,12.53,12.64,12.53,12.63,12.63,105115.0,0.0,1.0
2017-11-07,12.61,12.62,12.555,12.58,12.58,67819.0,0.0,1.0
2017-11-08,12.66,12.69,12.625,12.63,12.63,222127.0,0.0,1.0
2017-11-09,12.65,12.697,12.64,12.68,12.68,121887.0,0.0,1.0
2017-11-10,12.67,12.67,12.571,12.58,12.58,106331.0,0.0,1.0
2017-11-13,12.61,12.62,12.59,12.59,12.59,112048.0,0.0,1.0
2017-11-14,12.55,12.656,12.55,12.62,12.62,118898.0,0.0,1.0
2017-11-15,12.68,12.7,12.59,12.6,12.6,122487.0,0.0,1.0
2017-11-16,12.61,12.63,12.6,12.6,12.6,129285.0,0.0,1.0
2017-11-17,12.68,12.771,12.67,12.75,12.75,52840.0,0.0,1.0
2017-11-20,12.7,12.7,12.575,12.59,12.59,157012.0,0.0,1.0
2017-11-21,12.63,12.66,12.61,12.61,12.61,149841.0,0.0,1.0
2017-11-22,12.69,12.76,12.69,12.73,12.73,182516.0,0.0,1.0
2017-11-24,12.7,12.73,12.698,12.7,12.7,106088.0,0.0,1.0
2017-11-27,12.8,12.8,12.74,12.76,12.76,97481.0,0.0,1.0
2017-11-28,12.78,12.78,12.725,12.75,12.75,133528.0,0.0,1.0
2017-11-29,12.69,12.69,12.65,12.67,12.67,119636.0,0.0,1.0
2017-11-30,12.61,12.62,12.53,12.56,12.56,162738.0,0.0,1.0
2017-12-01,12.55,12.7066,12.545,12.62,12.62,38511.0,0.0,1.0
2017-12-04,12.58,12.58,12.55,12.57,12.57,52303.0,0.0,1.0
2017-12-05,12.5,12.51,12.43,12.49,12.49,81119.0,0.0,1.0
2017-12-06,12.45,12.5,12.45,12.47,12.47,38971.0,0.0,1.0
2017-12-07,12.36,12.38,12.26,12.3,12.3,88514.0,0.0,1.0
2017-12-08,12.3172,12.34,12.29,12.31,12.31,43447.0,0.0,1.0
2017-12-11,12.3,12.3005,12.23,12.24,12.24,57568.0,0.0,1.0
2017-12-12,12.21,12.27,12.19,12.27,12.27,35508.0,0.0,1.0
2017-12-13,12.27,12.37,12.25,12.37,12.37,29445.0,0.0,1.0
2017-12-14,12.33,12.375,12.3223,12.34,12.34,28486.0,0.0,1.0
2017-12-15,12.37,12.39,12.36,12.38,12.38,14917.0,0.0,1.0
2017-12-18,12.43,12.45,12.42,12.44,12.44,59090.0,0.0,1.0
2017-12-19,12.44,12.44,12.41,12.43,12.43,76438.0,0.0,1.0
2017-12-20,12.45,12.49,12.4475,12.48,12.48,25027.0,0.0,1.0
2017-12-21,12.47,12.51,12.461,12.49,12.49,31383.0,0.0,1.0
2017-12-22,12.57,12.58,12.52,12.55,12.55,48605.0,0.0,1.0
2017-12-26,12.57,12.65,12.4288,12.65,12.65,34046.0,0.0,1.0
2017-12-27,12.66,12.7,12.66,12.7,12.7,37780.0,0.0,1.0
2017-12-28,12.75,12.76,12.73,12.7527,12.7527,93337.0,0.0,1.0
2017-12-29,12.84,12.89,12.82,12.85,12.85,167864.0,0.0,1.0
2018-01-02,12.93,13.0,12.921,13.0,13.0,55398.0,0.0,1.0
2018-01-03,12.99,12.99,12.88,12.95,12.95,96661.0,0.0,1.0
2018-01-04,12.96,13.05,12.96,13.02,13.02,50474.0,0.0,1.0
2018-01-05,12.96,13.02,12.96,13.01,13.01,84820.0,0.0,1.0
2018-01-08,12.99,13.01,12.9729,13.0,13.0,68245.0,0.0,1.0
2018-01-09,12.92,12.95,12.9,12.95,12.95,28122.0,0.0,1.0
2018-01-10,12.99,13.0,12.9799,12.99,12.99,62002.0,0.0,1.0
2018-01-11,13.02,13.0468,13.01,13.0259,13.0259,23659.0,0.0,1.0
2018-01-12,13.08,13.2,13.075,13.2,13.2,43753.0,0.0,1.0
2018-01-16,13.15,13.2041,13.129,13.19,13.19,67437.0,0.0,1.0
2018-01-17,13.15,13.2,13.08,13.09,13.09,44097.0,0.0,1.0
2018-01-18,13.09,13.13,13.06,13.06,13.06,35672.0,0.0,1.0
2018-01-19,13.13,13.1593,13.12,13.12,13.12,42194.0,0.0,1.0
2018-01-22,13.13,13.1549,13.12,13.14,13.14,138448.0,0.0,1.0
2018-01-23,13.13,13.22,13.1291,13.22,13.22,45292.0,0.0,1.0
2018-01-24,13.34,13.4,13.315,13.37,13.37,61753.0,0.0,1.0
2018-01-25,13.35,13.44,13.23,13.29,13.29,95772.0,0.0,1.0
2018-01-26,13.31,13.335,13.2907,13.3,13.3,30828.0,0.0,1.0
2018-01-29,13.24,13.25,13.18,13.23,13.23,93914.0,0.0,1.0
2018-01-30,13.28,13.28,13.16,13.16,13.16,161253.0,0.0,1.0
2018-01-31,13.23,13.27,13.13,13.27,13.27,59938.0,0.0,1.0
2018-02-01,13.21,13.31,13.2,13.31,13.31,31817.0,0.0,1.0
2018-02-02,13.17,13.17,13.0894,13.11,13.11,61300.0,0.0,1.0
2018-02-05,13.16,13.21,13.141,13.17,13.17,67301.0,0.0,1.0
2018-02-06,13.14,13.14,13.01,13.01,13.01,37873.0,0.0,1.0
2018-02-07,13.02,13.0577,12.93,12.95,12.95,72847.0,0.0,1.0
2018-02-08,12.97,13.01,12.93,12.97,12.97,44055.0,0.0,1.0
2018-02-09,12.95,12.9862,12.92,12.95,12.95,35907.0,0.0,1.0
2018-02-12,12.99,13.06,12.99,13.01,13.01,36326.0,0.0,1.0
2018-02-13,13.05,13.1,13.04,13.1,13.1,120603.0,0.0,1.0
2018-02-14,13.1211,13.35,13.121,13.32,13.32,56277.0,0.0,1.0
2018-02-15,13.33,13.349,13.2935,13.34,13.34,88544.0,0.0,1.0
2018-02-16,13.33,13.3551,13.26,13.29,13.29,69772.0,0.0,1.0
2018-02-20,13.22,13.2293,13.09,13.1,13.1,26133.0,0.0,1.0
2018-02-21,13.11,13.15,13.03,13.04,13.04,35890.0,0.0,1.0
2018-02-22,13.08,13.12,13.07,13.12,13.12,35979.0,0.0,1.0
2018-02-23,13.09,13.1,13.07,13.1,13.1,36075.0,0.0,1.0
2018-02-26,13.13,13.145,13.1001,13.14,13.14,22972.0,0.0,1.0
2018-02-27,13.065,13.065,12.94,12.98,12.98,129244.0,0.0,1.0
2018-02-28,12.98,13.02,12.9641,12.98,12.98,52226.0,0.0,1.0
2018-03-01,12.87,13.0,12.835,12.96,12.96,25137.0,0.0,1.0
2018-03-02,13.06,13.06,12.9999,13.01,13.01,41811.0,0.0,1.0
2018-03-05,13.01,13.019,12.981,12.9948,12.9948,53281.0,0.0,1.0
2018-03-06,13.1,13.19,13.1,13.14,13.14,51988.0,0.0,1.0
2018-03-07,13.1,13.11,13.0334,13.05,13.05,45160.0,0.0,1.0
2018-03-08,13.06,13.06,13.0,13.02,13.02,31045.0,0.0,1.0
2018-03-09,12.98,13.05,12.96,13.03,13.03,48278.0,0.0,1.0
2018-03-12,12.99,13.04,12.97,13.04,13.04,75680.0,0.0,1.0
2018-03-13,13.05,13.0759,13.015,13.07,13.07,41493.0,0.0,1.0
2018-03-14,13.0399,13.06,13.02,13.06,13.06,21789.0,0.0,1.0
2018-03-15,12.99,12.99,12.9556,12.96,12.96,10902.0,0.0,1.0
2018-03-16,12.96,12.96,12.91,12.93,12.93,47627.0,0.0,1.0
2018-03-19,12.93,12.99,12.92,12.96,12.96,18131.0,0.0,1.0
2018-03-20,12.91,12.9267,12.881,12.91,12.91,59320.0,0.0,1.0
2018-03-21,13.02,13.15,12.9948,13.14,13.14,79557.0,0.0,1.0
2018-03-22,13.1,13.1151,13.05,13.0763,13.0763,11733.0,0.0,1.0
2018-03-23,13.28,13.29,13.25,13.25,13.25,78834.0,0.0,1.0
2018-03-26,13.29,13.35,13.29,13.31,13.31,43562.0,0.0,1.0
2018-03-27,13.22,13.25,13.2,13.23,13.23,70112.0,0.0,1.0
2018-03-28,13.13,13.13,13.03,13.05,13.05,20568.0,0.0,1.0
2018-03-29,13.01,13.049,13.01,13.049,13.049,43012.0,0.0,1.0
2018-04-02,13.14,13.23,13.1222,13.21,13.21,33091.0,0.0,1.0
2018-04-03,13.13,13.14,13.0949,13.1,13.1,36561.0,0.0,1.0
2018-04-04,13.24,13.24,13.12,13.13,13.13,16395.0,0.0,1.0
2018-04-05,13.03,13.06,13.03,13.05,13.05,26710.0,0.0,1.0
2018-04-06,13.15,13.15,13.1094,13.1242,13.1242,8354.0,0.0,1.0
2018-04-09,13.13,13.17,13.1119,13.17,13.17,47385.0,0.0,1.0
2018-04-10,13.19,13.21,13.1799,13.19,13.19,24936.0,0.0,1.0
2018-04-11,13.29,13.3958,13.2868,13.29,13.29,24178.0,0.0,1.0
2018-04-12,13.22,13.22,13.135,13.14,13.14,48345.0,0.0,1.0
2018-04-13,13.19,13.2599,13.19,13.24,13.24,109182.0,0.0,1.0
2018-04-16,13.27,13.287,13.25,13.26,13.26,34314.0,0.0,1.0
2018-04-17,13.2,13.27,13.2,13.27,13.27,48702.0,0.0,1.0
2018-04-18,13.3,13.32,13.27,13.28,13.28,19027.0,0.0,1.0
2018-04-19,13.28,13.28,13.205,13.2467,13.2467,27947.0,0.0,1.0
2018-04-20,13.16,13.175,13.14,13.14,13.14,65632.0,0.0,1.0
2018-04-23,13.04,13.05,13.02,13.05,13.05,13625.0,0.0,1.0
2018-04-24,13.06,13.12,13.05,13.11,13.11,61349.0,0.0,1.0
2018-04-25,13.01,13.03,12.99,13.01,13.01,148808.0,0.0,1.0
2018-04-26,13.03,13.03,12.96,12.98,12.98,20146.0,0.0,1.0
2018-04-27,13.0,13.045,13.0,13.03,13.03,102685.0,0.0,1.0
2018-04-30,12.92,12.99,12.9,12.94,12.94,29823.0,0.0,1.0
2018-05-01,12.87,12.87,12.81,12.8451,12.8451,48437.0,0.0,1.0
2018-05-02,12.87,12.9136,12.83,12.83,12.83,45246.0,0.0,1.0
2018-05-03,12.95,12.95,12.9,12.9,12.9,88110.0,0.0,1.0
2018-05-04,12.9,12.94,12.9,12.94,12.94,38653.0,0.0,1.0
2018-05-07,12.92,12.9408,12.91,12.94,12.94,37297.0,0.0,1.0
2018-05-08,12.89,12.95,12.86,12.94,12.94,75901.0,0.0,1.0
2018-05-09,12.93,12.9569,12.9,12.9,12.9,15559.0,0.0,1.0
2018-05-10,13.0,13.01,12.9481,13.0,13.0,30990.0,0.0,1.0
2018-05-11,13.02,13.02,12.97,12.99,12.99,26442.0,0.0,1.0
2018-05-14,12.99,12.99,12.925,12.925,12.925,18046.0,0.0,1.0
2018-05-15,12.76,12.76,12.6882,12.71,12.71,96486.0,0.0,1.0
2018-05-16,12.7001,12.72,12.675,12.69,12.69,81668.0,0.0,1.0
2018-05-17,12.7,12.71,12.6727,12.7,12.7,26234.0,0.0,1.0
2018-05-18,12.7,12.7351,12.68,12.72,12.72,21266.0,0.0,1.0
2018-05-21,12.68,12.72,12.67,12.71,12.71,24307.0,0.0,1.0
2018-05-22,12.74,12.74,12.7,12.7,12.7,34426.0,0.0,1.0
2018-05-23,12.69,12.7399,12.68,12.72,12.72,68304.0,0.0,1.0
2018-05-24,12.79,12.85,12.79,12.84,12.84,12858.0,0.0,1.0
2018-05-25,12.84,12.84,12.79,12.79,12.79,28026.0,0.0,1.0
2018-05-29,12.76,12.829,12.735,12.8,12.8,19030.0,0.0,1.0
2018-05-30,12.7938,12.82,12.7938,12.82,12.82,18399.0,0.0,1.0
2018-05-31,12.8163,12.8385,12.78,12.79,12.79,17293.0,0.0,1.0
2018-06-01,12.72,12.78,12.7194,12.73,12.73,186396.0,0.0,1.0
2018-06-04,12.76,12.7602,12.7034,12.7034,12.7034,125525.0,0.0,1.0
2018-06-05,12.73,12.7815,12.69,12.76,12.76,15863.0,0.0,1.0
2018-06-06,12.77,12.8068,12.75,12.75,12.75,60674.0,0.0,1.0
2018-06-07,12.76,12.78,12.75,12.76,12.76,27294.0,0.0,1.0
2018-06-08,12.78,12.78,12.77,12.77,12.77,17970.0,0.0,1.0
2018-06-11,12.79,12.81,12.77,12.79,12.79,76334.0,0.0,1.0
2018-06-12,12.77,12.78,12.74,12.74,12.74,16172.0,0.0,1.0
2018-06-13,12.75,12.79,12.7288,12.78,12.78,31214.0,0.0,1.0
2018-06-14,12.84,12.855,12.8125,12.83,12.83,15300.0,0.0,1.0
2018-06-15,12.68,12.68,12.545,12.6,12.6,75500.0,0.0,1.0
2018-06-18,12.61,12.61,12.57,12.58,12.58,83827.0,0.0,1.0
2018-06-19,12.56,12.5625,12.54,12.54,12.54,228380.0,0.0,1.0
2018-06-20,12.5328,12.54,12.48,12.48,12.48,616457.0,0.0,1.0
2018-06-21,12.45,12.49,12.44,12.46,12.46,114614.0,0.0,1.0
2018-06-22,12.48,12.4963,12.4748,12.4923,12.4923,77860.0,0.0,1.0
2018-06-25,12.4667,12.47,12.44,12.44,12.44,20151.0,0.0,1.0
2018-06-26,12.39,12.3935,12.37,12.38,12.38,34606.0,0.0,1.0
2018-06-27,12.35,12.355,12.31,12.32,12.32,105128.0,0.0,1.0
2018-06-28,12.3165,12.3165,12.2599,12.279,12.279,78237.0,0.0,1.0
2018-06-29,12.29,12.34,12.2863,12.3078,12.3078,63175.0,0.0,1.0
2018-07-02,12.28,12.28,12.19,12.2,12.2,44879.0,0.0,1.0
2018-07-03,12.29,12.69,12.29,12.69,12.69,32693.0,0.0,1.0
2018-07-05,12.35,12.38,12.34,12.37,12.37,30483.0,0.0,1.0
2018-07-06,12.35,12.36,12.33,12.35,12.35,12402.0,0.0,1.0
2018-07-09,12.42,12.43,12.37,12.38,12.38,12380.0,0.0,1.0
2018-07-10,12.35,12.356,12.33,12.355,12.355,20658.0,0.0,1.0
2018-07-11,12.29,12.31,12.21,12.21,12.21,14270.0,0.0,1.0
2018-07-12,12.25,12.27,12.25,12.27,12.27,19257.0,0.0,1.0
2018-07-13,12.21,12.22,12.2,12.2,12.2,20478.0,0.0,1.0
2018-07-16,12.21,12.21,12.18,12.21,12.21,18736.0,0.0,1.0
2018-07-17,12.12,12.12,12.05,12.08,12.08,33041.0,0.0,1.0
2018-07-18,12.04,12.08,12.03,12.08,12.08,37030.0,0.0,1.0
2018-07-19,11.96,12.056,11.95,12.03,12.03,60413.0,0.0,1.0
2018-07-20,12.0882,12.1011,12.08,12.09,12.09,24610.0,0.0,1.0
2018-07-23,12.06,12.07,12.0237,12.05,12.05,16774.0,0.0,1.0
2018-07-24,12.08,12.089,12.0317,12.034,12.034,16446.0,0.0,1.0
2018-07-25,12.1248,12.126,12.076,12.12,12.12,19543.0,0.0,1.0
2018-07-26,12.06,12.09,12.025,12.0266,12.0266,27159.0,0.0,1.0
2018-07-27,12.03,12.065,12.021,12.03,12.03,35136.0,0.0,1.0
2018-07-30,12.02,12.05,12.01,12.01,12.01,20056.0,0.0,1.0
2018-07-31,12.0138,12.05,12.0047,12.05,12.05,15140.0,0.0,1.0
2018-08-01,12.01,12.01,11.95,11.95,11.95,47920.0,0.0,1.0
2018-08-02,11.95,11.9501,11.88,11.88,11.88,51199.0,0.0,1.0
2018-08-03,11.9629,11.99,11.93,11.94,11.94,103516.0,0.0,1.0
2018-08-06,11.89,11.9085,11.87,11.88,11.88,79511.0,0.0,1.0
2018-08-07,11.92,11.93,11.8801,11.89,11.89,11147.0,0.0,1.0
2018-08-08,11.92,11.93,11.88,11.92,11.92,86571.0,0.0,1.0
2018-08-09,11.94,11.9562,11.91,11.92,11.92,155428.0,0.0,1.0
2018-08-10,11.92,11.95,11.9,11.9,11.9,18892.0,0.0,1.0
2018-08-13,11.82,11.82,11.71,11.74,11.74,37330.0,0.0,1.0
2018-08-14,11.76,11.7764,11.73,11.73,11.73,22108.0,0.0,1.0
2018-08-15,11.64,11.65,11.53,11.55,11.55,62088.0,0.0,1.0
2018-08-16,11.58,11.61,11.53,11.53,11.53,117090.0,0.0,1.0
2018-08-17,11.59,11.64,11.5701,11.64,11.64,152391.0,0.0,1.0
2018-08-20,11.67,11.7,11.65,11.69,11.69,29595.0,0.0,1.0
2018-08-21,11.71,11.815,11.68,11.73,11.73,23065.0,0.0,1.0
2018-08-22,11.78,11.9759,11.747,11.75,11.75,24694.0,0.0,1.0
2018-08-23,11.71,11.71,11.6499,11.66,11.66,18765.0,0.0,1.0
2018-08-24,11.76,11.8785,11.7566,11.8449,11.8449,44631.0,0.0,1.0
2018-08-27,11.85,11.91,11.85,11.8982,11.8982,119589.0,0.0,1.0
2018-08-28,11.92,11.92,11.8,11.81,11.81,54406.0,0.0,1.0
2018-08-29,11.8532,11.86,11.83,11.85,11.85,30519.0,0.0,1.0
2018-08-30,11.82,11.82,11.771,11.79,11.79,5795.0,0.0,1.0
2018-08-31,11.81,11.84,11.78,11.78,11.78,26357.0,0.0,1.0
2018-09-04,11.7,11.73,11.7,11.73,11.73,155537.0,0.0,1.0
2018-09-05,11.78,11.78,11.7514,11.77,11.77,11482.0,0.0,1.0
2018-09-06,11.82,11.86,11.78,11.78,11.78,243044.0,0.0,1.0
2018-09-07,11.75,11.78,11.74,11.76,11.76,47965.0,0.0,1.0
2018-09-10,11.75,11.78,11.7432,11.75,11.75,13889.0,0.0,1.0
2018-09-11,11.7,11.77,11.6785,11.7597,11.7597,12543.0,0.0,1.0
2018-09-12,11.76,11.87,11.76,11.85,11.85,10128.0,0.0,1.0
2018-09-13,11.9,11.91,11.79,11.8032,11.8032,19601.0,0.0,1.0
2018-09-14,11.81,11.81,11.73,11.75,11.75,11499.0,0.0,1.0
2018-09-17,11.79,11.8381,11.79,11.7965,11.7965,143437.0,0.0,1.0
2018-09-18,11.82,11.82,11.77,11.77,11.77,4509.0,0.0,1.0
2018-09-19,11.82,11.848,11.8199,11.82,11.82,12084.0,0.0,1.0
2018-09-20,11.85,11.87,11.8399,11.87,11.87,69607.0,0.0,1.0
2018-09-21,11.72,11.8,11.72,11.7781,11.7781,44474.0,0.0,1.0
