date,1. open,2. high,3. low,4. close,5. adjusted close,6. volume,7. dividend amount,8. split coefficient
2012-02-08,25.09,25.16,25.064,25.1,24.0009,12400.0,0.0,1.0
2012-02-09,25.16,25.16,25.0,25.03,23.9339,18161.0,0.0,1.0
2012-02-10,26.0,26.0,25.01,25.08,23.9817,103006.0,0.0,1.0
2012-02-13,25.07,25.15,25.07,25.1,24.0009,20075.0,0.0,1.0
2012-02-14,25.13,25.13,25.03,25.09,23.9913,8896.0,0.0,1.0
2012-02-15,25.12,25.164,25.04,25.06,23.9626,17044.0,0.0,1.0
2012-02-16,24.97,25.12,24.9,25.12,24.02,26799.0,0.0,1.0
2012-02-17,25.09,25.09,24.91,25.07,23.9722,38997.0,0.0,1.0
2012-02-21,25.13,25.16,25.07,25.14,24.0391,14993.0,0.0,1.0
2012-02-22,25.18,25.24,25.11,25.24,24.1347,7035.0,0.0,1.0
2012-02-23,25.19,25.34,25.19,25.34,24.2304,500.0,0.0,1.0
2012-02-24,25.3269,25.38,25.27,25.38,24.2686,29781.0,0.0,1.0
2012-02-27,25.35,25.47,25.33,25.42,24.3069,15660.0,0.0,1.0
2012-02-28,25.43,25.64,25.43,25.58,24.4598,17609.0,0.0,1.0
2012-02-29,25.56,25.58,25.108,25.108,24.0085,15881.0,0.0,1.0
2012-03-01,25.1,25.19,25.031,25.177,24.0745,15190.0,0.0,1.0
2012-03-02,25.19,25.19,25.11,25.118,24.0181,17121.0,0.0,1.0
2012-03-05,25.05,25.05,25.0,25.0,23.9052,2144.0,0.0,1.0
2012-03-06,24.91,24.91,24.69,24.8324,23.745,9125.0,0.0,1.0
2012-03-07,24.88,24.89,24.7301,24.8572,23.7687,12053.0,0.0,1.0
2012-03-08,24.89,24.9,24.81,24.884,23.7943,8395.0,0.0,1.0
2012-03-09,24.85,24.89,24.8005,24.89,23.8001,3689.0,0.0,1.0
2012-03-12,25.0,25.0,24.87,24.87,23.7809,7942.0,0.0,1.0
2012-03-13,24.9,24.93,24.798,24.798,23.7121,18996.0,0.0,1.0
2012-03-14,24.8,24.8,24.5999,24.5999,23.5227,7937.0,0.0,1.0
2012-03-15,24.53,24.6849,24.53,24.63,23.5514,4621.0,0.0,1.0
2012-03-16,24.67,24.74,24.67,24.74,23.6566,6317.0,0.0,1.0
2012-03-19,24.7149,24.7149,24.66,24.66,23.5801,1700.0,0.0,1.0
2012-03-20,24.59,24.628,24.55,24.57,23.4941,3818.0,0.0,1.0
2012-03-21,24.69,24.72,24.675,24.699,23.6174,4825.0,0.0,1.0
2012-03-22,24.59,24.59,24.51,24.51,23.4367,2100.0,0.0,1.0
2012-03-23,24.7,24.76,24.7,24.76,23.6758,5200.0,0.0,1.0
2012-03-26,24.73,24.9112,24.73,24.9112,23.8203,11986.0,0.0,1.0
2012-03-27,24.9155,24.96,24.87,24.9298,23.8381,6598.0,0.0,1.0
2012-03-28,24.87,24.87,24.7257,24.77,23.6853,5000.0,0.0,1.0
2012-03-29,24.61,24.79,24.6,24.79,23.7044,2037.0,0.0,1.0
2012-03-30,24.84,24.84,24.7,24.7,23.6184,6260.0,0.0,1.0
2012-04-02,24.95,24.95,24.84,24.8401,23.7523,9680.0,0.0,1.0
2012-04-03,24.9,24.9,24.54,24.624,23.5457,5530.0,0.0,1.0
2012-04-04,24.58,24.58,24.5,24.5,23.4271,1560.0,0.0,1.0
2012-04-05,24.58,24.63,24.58,24.6261,23.5477,4430.0,0.0,1.0
2012-04-09,24.58,24.73,24.58,24.73,23.6471,5514.0,0.0,1.0
2012-04-10,24.72,24.73,24.66,24.66,23.5801,2725.0,0.0,1.0
2012-04-11,24.61,24.71,24.59,24.71,23.6279,14162.0,0.0,1.0
2012-04-12,24.71,24.71,24.3,24.67,23.5897,1925.0,0.0,1.0
2012-04-13,24.73,24.81,24.7125,24.81,23.7236,6067.0,0.0,1.0
2012-04-16,24.79,24.82,24.742,24.82,23.7331,6915.0,0.0,1.0
2012-04-17,24.75,24.86,24.75,24.8199,23.733,3595.0,0.0,1.0
2012-04-18,24.76,24.77,24.7395,24.7395,23.6562,977.0,0.0,1.0
2012-04-19,24.82,24.82,24.77,24.77,23.6853,3500.0,0.0,1.0
2012-04-20,24.75,24.8,24.75,24.8,23.714,880.0,0.0,1.0
2012-04-23,24.6,24.72,24.6,24.72,23.6375,2910.0,0.0,1.0
2012-04-24,24.78,24.82,24.7271,24.7271,23.6443,13520.0,0.0,1.0
2012-04-25,24.69,24.782,24.69,24.72,23.6375,1230.0,0.0,1.0
2012-04-26,24.9,24.9,24.8301,24.84,23.7523,7145.0,0.0,1.0
2012-04-27,24.87,25.029,24.87,24.95,23.8574,42289.0,0.0,1.0
2012-04-30,24.87,24.95,24.87,24.9,23.8096,4590.0,0.0,1.0
2012-05-01,25.01,25.01,24.91,24.93,23.8383,5176.0,0.0,1.0
2012-05-02,24.84,24.88,24.8,24.81,23.7236,128849.0,0.0,1.0
2012-05-03,24.75,24.75,24.75,24.75,23.6662,200.0,0.0,1.0
2012-05-04,24.65,24.84,24.585,24.65,23.5706,119201.0,0.0,1.0
2012-05-07,24.67,24.88,24.6,24.738000000000003,23.6547,250576.0,0.0,1.0
2012-05-08,24.685,24.685,24.56,24.645,23.5658,14726.0,0.0,1.0
2012-05-09,24.57,24.631,24.44,24.5,23.4271,98446.0,0.0,1.0
2012-05-10,24.53,24.62,24.49,24.57,23.4941,7134.0,0.0,1.0
2012-05-11,24.52,24.58,24.46,24.57,23.4941,30398.0,0.0,1.0
2012-05-14,24.49,24.55,24.33,24.33,23.2646,85509.0,0.0,1.0
2012-05-15,24.33,24.45,24.29,24.31,23.2455,131722.0,0.0,1.0
2012-05-16,24.23,24.33,24.23,24.3,23.2359,3523.0,0.0,1.0
2012-05-17,24.32,24.389,24.3,24.369,23.3019,7672.0,0.0,1.0
2012-05-18,24.36,24.4451,24.36,24.37,23.3028,3670.0,0.0,1.0
2012-05-21,24.44,24.53,24.409,24.5003,23.4274,2120.0,0.0,1.0
2012-05-22,24.46,24.48,24.34,24.3799,23.3123,3572.0,0.0,1.0
2012-05-23,24.3,24.42,24.2,24.35,23.2837,8869.0,0.0,1.0
2012-05-24,24.49,24.49,24.33,24.33,23.2646,1200.0,0.0,1.0
2012-05-25,24.33,24.33,24.33,24.33,23.2646,0.0,0.0,1.0
2012-05-29,24.37,24.45,24.3392,24.4,23.3315,9980.0,0.0,1.0
2012-05-30,24.51,24.54,24.41,24.54,23.4654,2590.0,0.0,1.0
2012-05-31,24.55,24.61,24.49,24.5604,23.4849,105503.0,0.0,1.0
2012-06-01,24.6789,24.83,24.6789,24.83,23.7427,37564.0,0.0,1.0
2012-06-04,24.79,24.79,24.68,24.689,23.6079,6739.0,0.0,1.0
2012-06-05,24.58,24.58,24.58,24.58,23.5036,150.0,0.0,1.0
2012-06-06,24.84,24.88,24.65,24.65,23.5706,23422.0,0.0,1.0
2012-06-07,24.65,24.7199,24.62,24.63,23.5514,4715.0,0.0,1.0
2012-06-08,24.67,24.7,24.544,24.68,23.5993,19151.0,0.0,1.0
2012-06-11,24.72,24.73,24.6475,24.67,23.5897,5450.0,0.0,1.0
2012-06-12,24.55,24.7,24.55,24.6896,23.6084,9317.0,0.0,1.0
2012-06-13,24.7,24.7875,24.7,24.76,23.6758,15923.0,0.0,1.0
2012-06-14,24.77,24.7899,24.66,24.66,23.5801,5971.0,0.0,1.0
2012-06-15,24.8,24.84,24.78,24.8382,23.7505,2816.0,0.0,1.0
2012-06-18,24.97,24.97,24.811,24.906,23.8154,25643.0,0.0,1.0
2012-06-19,24.8,24.9,24.8,24.8737,23.7845,2817.0,0.0,1.0
2012-06-20,24.77,24.82,24.65,24.82,23.7331,4100.0,0.0,1.0
2012-06-21,24.78,24.78,24.49,24.498,23.4252,22763.0,0.0,1.0
2012-06-22,24.41,24.52,24.37,24.48,23.408,61673.0,0.0,1.0
2012-06-25,24.43,24.59,24.42,24.59,23.5132,81135.0,0.0,1.0
2012-06-26,24.54,24.56,24.43,24.51,23.4367,60406.0,0.0,1.0
2012-06-27,24.539,24.593000000000004,24.51,24.593000000000004,23.5161,6970.0,0.0,1.0
2012-06-28,24.49,24.56,24.429,24.481,23.409,31603.0,0.0,1.0
2012-06-29,24.89,24.89,24.682,24.7499,23.6661,6115.0,0.0,1.0
2012-07-02,24.7,24.85,24.7,24.8,23.714,82380.0,0.0,1.0
2012-07-03,24.86,24.9436,24.77,24.9436,23.8513,41853.0,0.0,1.0
2012-07-05,25.0335,25.04,24.81,25.01,23.9148,6089.0,0.0,1.0
2012-07-06,24.96,24.96,24.73,24.95,23.8574,2888.0,0.0,1.0
2012-07-09,24.95,25.009,24.7724,25.009,23.9139,1540.0,0.0,1.0
2012-07-10,24.77,24.79,24.77,24.79,23.7044,283.0,0.0,1.0
2012-07-11,24.76,24.81,24.4,24.81,23.7236,10164.0,0.0,1.0
2012-07-12,24.8,24.85,24.8,24.85,23.7618,1105.0,0.0,1.0
2012-07-13,24.838,25.0082,24.838,24.9596,23.8666,2664.0,0.0,1.0
2012-07-16,25.0089,25.0199,24.9,25.0199,23.9243,1018.0,0.0,1.0
2012-07-17,25.04,25.11,24.95,25.0299,23.9338,12570.0,0.0,1.0
2012-07-18,25.02,25.07,25.02,25.06,23.9626,2977.0,0.0,1.0
2012-07-19,25.07,25.1,25.0,25.0,23.9052,14115.0,0.0,1.0
2012-07-20,24.91,25.09,24.91,25.0423,23.9457,3447.0,0.0,1.0
2012-07-23,24.97,24.9898,24.92,24.9898,23.8955,2000.0,0.0,1.0
2012-07-24,24.9999,25.0,24.83,24.98,23.8861,3504.0,0.0,1.0
2012-07-25,25.0,25.13,24.9988,25.0825,23.9841,5050.0,0.0,1.0
2012-07-26,26.15,26.15,25.08,25.08,23.9817,8147.0,0.0,1.0
2012-07-27,25.03,25.03,25.03,25.03,23.9339,3658.0,0.0,1.0
2012-07-30,25.19,25.25,25.15,25.166,24.064,39312.0,0.0,1.0
2012-07-31,25.14,25.2363,25.11,25.11,24.0104,8128.0,0.0,1.0
2012-08-01,25.1,25.16,25.07,25.09,23.9913,25348.0,0.0,1.0
2012-08-02,25.03,25.04,25.0,25.04,23.9435,4000.0,0.0,1.0
2012-08-03,25.01,25.05,25.01,25.03,23.9339,5280.0,0.0,1.0
2012-08-06,25.23,25.23,25.111,25.198,24.0946,12305.0,0.0,1.0
2012-08-07,25.0,25.11,25.0,25.05,23.9531,9784.0,0.0,1.0
2012-08-08,25.1,25.1,25.0,25.0,23.9052,1478.0,0.0,1.0
2012-08-09,24.94,25.072,24.94,25.0657,23.9681,4643.0,0.0,1.0
2012-08-10,25.11,25.11,25.022,25.05,23.9531,12800.0,0.0,1.0
2012-08-13,25.04,25.1199,24.94,25.1199,24.0199,12467.0,0.0,1.0
2012-08-14,24.95,24.95,24.84,24.8699,23.7808,4060.0,0.0,1.0
2012-08-15,24.87,24.9,24.6878,24.8399,23.7522,2791.0,0.0,1.0
2012-08-16,24.9,24.92,24.8403,24.92,23.8287,4638.0,0.0,1.0
2012-08-17,24.8668,24.8668,24.8668,24.8668,23.7779,200.0,0.0,1.0
2012-08-20,24.87,25.056,24.87,24.88,23.7905,900.0,0.0,1.0
2012-08-21,25.07,25.0851,25.0699,25.07,23.9722,2748.0,0.0,1.0
2012-08-22,25.13,25.14,25.09,25.09,23.9913,4121.0,0.0,1.0
2012-08-23,25.2873,25.34,25.26,25.34,24.2304,5380.0,0.0,1.0
2012-08-24,25.2916,25.3044,25.29,25.3044,24.1963,1447.0,0.0,1.0
2012-08-27,25.26,25.3,25.26,25.3,24.1921,668.0,0.0,1.0
2012-08-28,25.4199,25.42,25.4199,25.42,24.3069,2000.0,0.0,1.0
2012-08-29,25.29,25.35,25.25,25.35,24.2399,10080.0,0.0,1.0
2012-08-30,25.33,25.33,25.16,25.186,24.0831,4670.0,0.0,1.0
2012-08-31,25.25,25.481,25.25,25.4756,24.36,3050.0,0.0,1.0
2012-09-04,25.54,25.5917,25.51,25.521,24.4034,11520.0,0.0,1.0
2012-09-05,25.56,25.58,25.543000000000006,25.5499,24.4311,3330.0,0.0,1.0
2012-09-06,25.58,25.59,25.58,25.58,24.4598,3291.0,0.0,1.0
2012-09-07,25.8116,25.8116,25.74,25.8,24.6702,3800.0,0.0,1.0
2012-09-10,25.74,25.74,25.7199,25.72,24.5937,1804.0,0.0,1.0
2012-09-11,25.91,25.91,25.65,25.65,24.5268,93572.0,0.0,1.0
2012-09-12,25.66,25.66,25.6118,25.6265,24.5043,6860.0,0.0,1.0
2012-09-13,25.65,25.9,25.65,25.8161,24.6856,4200.0,0.0,1.0
2012-09-14,25.82,25.87,25.7435,25.7435,24.6162,40521.0,0.0,1.0
2012-09-17,25.75,25.86,25.75,25.7604,24.6323,15292.0,0.0,1.0
2012-09-18,25.85,25.9,25.8247,25.85,24.718000000000004,5705.0,0.0,1.0
2012-09-19,25.93,26.0,25.87,25.9399,24.804,11922.0,0.0,1.0
2012-09-20,25.85,25.92,25.85,25.882,24.7486,2399.0,0.0,1.0
2012-09-21,25.93,25.96,25.93,25.94,24.8041,2445.0,0.0,1.0
2012-09-24,25.95,25.95,25.9,25.94,24.8041,4208.0,0.0,1.0
2012-09-25,25.89,25.97,25.88,25.97,24.8328,10648.0,0.0,1.0
2012-09-26,25.8001,25.98,25.8,25.98,24.8423,4651.0,0.0,1.0
2012-09-27,25.97,26.04,25.97,26.0194,24.88,1607.0,0.0,1.0
2012-09-28,25.97,25.98,25.96,25.96,24.8232,400.0,0.0,1.0
2012-10-01,26.0499,26.0499,25.85,25.9901,24.852,11523.0,0.0,1.0
2012-10-02,26.0199,26.0199,25.93,25.93,24.7945,750.0,0.0,1.0
2012-10-03,25.9396,25.99,25.9396,25.97,24.8328,6159.0,0.0,1.0
2012-10-04,26.04,26.05,26.038,26.05,24.9093,1260.0,0.0,1.0
2012-10-05,25.99,25.99,25.8501,25.93,24.7945,2604.0,0.0,1.0
2012-10-08,25.85,25.92,25.8299,25.92,24.785,1420.0,0.0,1.0
2012-10-09,25.8883,25.8883,25.74,25.74,24.6128,3767.0,0.0,1.0
2012-10-10,25.6426,25.79,25.6426,25.74,24.6128,17735.0,0.0,1.0
2012-10-11,25.7601,25.7601,25.7601,25.7601,24.6321,181.0,0.0,1.0
2012-10-12,25.8384,25.8384,25.8384,25.8384,24.7069,550.0,0.0,1.0
2012-10-15,25.79,25.84,25.75,25.7661,24.6378,5950.0,0.0,1.0
2012-10-16,25.81,25.81,25.67,25.71,24.5842,900.0,0.0,1.0
2012-10-17,25.8,25.8,25.69,25.72,24.5937,4120.0,0.0,1.0
2012-10-18,25.78,25.78,25.7783,25.7783,24.6495,400.0,0.0,1.0
2012-10-19,25.7,25.72,25.5448,25.56,24.4407,9640.0,0.0,1.0
2012-10-22,25.57,25.7,25.57,25.58,24.4598,1645.0,0.0,1.0
2012-10-23,25.58,25.58,25.56,25.57,24.4503,2200.0,0.0,1.0
2012-10-24,25.61,25.61,25.44,25.4899,24.3737,5250.0,0.0,1.0
2012-10-25,25.5399,25.57,25.4,25.41,24.2973,2500.0,0.0,1.0
2012-10-26,25.46,25.5,25.45,25.47,24.3547,2489.0,0.0,1.0
2012-10-31,25.72,25.77,25.6625,25.75,24.6224,32396.0,0.0,1.0
2012-11-01,25.77,25.78,25.75,25.7699,24.6414,2175.0,0.0,1.0
2012-11-02,25.65,25.65,25.51,25.55,24.4312,3228.0,0.0,1.0
2012-11-05,25.5999,25.6,25.516,25.6,24.479,748.0,0.0,1.0
2012-11-06,25.5001,25.614,25.5001,25.5801,24.4599,1054.0,0.0,1.0
2012-11-07,25.5501,25.7,25.55,25.7,24.5746,2294.0,0.0,1.0
2012-11-08,25.67,25.82,25.67,25.81,24.6798,10822.0,0.0,1.0
2012-11-09,25.82,25.91,25.8071,25.9,24.7658,15091.0,0.0,1.0
2012-11-12,25.98,25.98,25.85,25.85,24.718000000000004,1057.0,0.0,1.0
2012-11-13,25.68,25.8599,25.68,25.8599,24.7275,1279.0,0.0,1.0
2012-11-14,25.58,25.59,25.58,25.59,24.4694,322.0,0.0,1.0
2012-11-15,25.67,25.67,25.61,25.61,24.4885,6707.0,0.0,1.0
2012-11-16,25.52,25.66,25.472,25.64,24.5172,5195.0,0.0,1.0
2012-11-19,25.77,25.77,25.77,25.77,24.6415,1005.0,0.0,1.0
2012-11-20,25.66,25.82,25.56,25.58,24.4598,3039.0,0.0,1.0
2012-11-21,25.58,25.76,25.58,25.76,24.632,1744.0,0.0,1.0
2012-11-23,25.67,25.81,25.66,25.81,24.6798,1492.0,0.0,1.0
2012-11-26,25.96,25.98,25.85,25.86,24.7276,1140.0,0.0,1.0
2012-11-27,25.98,26.04,25.869,25.97,24.8328,18738.0,0.0,1.0
2012-11-28,25.8,25.8,25.8,25.8,24.6702,138.0,0.0,1.0
2012-11-29,25.8101,25.87,25.81,25.87,24.7371,453.0,0.0,1.0
2012-11-30,26.08,26.08,25.8,25.86,24.7276,924.0,0.0,1.0
2012-12-03,25.86,25.8899,25.7501,25.8821,24.7487,3043.0,0.0,1.0
2012-12-04,25.75,25.8,25.75,25.7896,24.6603,1973.0,0.0,1.0
2012-12-05,25.91,25.91,25.75,25.7999,24.6701,2108.0,0.0,1.0
2012-12-06,25.82,25.8799,25.8,25.8,24.6702,8277.0,0.0,1.0
2012-12-07,25.75,25.75,25.67,25.68,24.5555,2616.0,0.0,1.0
2012-12-10,25.9,25.9,25.874,25.874,24.741,3095.0,0.0,1.0
2012-12-11,25.78,25.94,25.78,25.93,24.7945,7544.0,0.0,1.0
2012-12-12,25.98,25.98,25.7819,25.7819,24.6529,2101.0,0.0,1.0
2012-12-13,25.78,25.8,25.6,25.64,24.5172,1963.0,0.0,1.0
2012-12-14,25.64,25.64,25.64,25.64,24.5172,0.0,0.0,1.0
2012-12-17,25.686,25.78,25.686,25.769,24.6406,2552.0,0.0,1.0
2012-12-18,25.8,25.8,25.6,25.634,24.5115,2671.0,0.0,1.0
2012-12-19,25.53,25.81,25.53,25.66,24.5363,3130.0,0.0,1.0
2012-12-20,25.55,25.5701,25.49,25.52,24.4025,3914.0,0.0,1.0
2012-12-21,25.48,25.6,25.46,25.6,24.479,94604.0,0.0,1.0
2012-12-24,25.5,25.6299,25.5,25.61,24.4885,2814.0,0.0,1.0
2012-12-26,25.7,25.72,25.68,25.69,24.565,627.0,0.0,1.0
2012-12-27,25.4,25.51,25.28,25.51,24.592,6403.0,0.2082,1.0
2012-12-28,25.36,25.53,25.36,25.53,24.6113,13936.0,0.0,1.0
2012-12-31,25.51,25.636,25.3601,25.6258,24.7036,4722.0,0.0,1.0
2013-01-02,25.7,25.84,25.548,25.66,24.7366,22652.0,0.0,1.0
2013-01-03,25.63,25.729,25.36,25.36,24.4474,6899.0,0.0,1.0
2013-01-04,25.4038,25.4444,25.36,25.37,24.457,4451.0,0.0,1.0
2013-01-07,25.47,25.48,25.36,25.36,24.4474,8532.0,0.0,1.0
2013-01-08,25.4224,25.44,25.33,25.35,24.4378,6136.0,0.0,1.0
2013-01-09,25.421,25.4463,25.36,25.38,24.4667,4431.0,0.0,1.0
2013-01-10,25.6,25.6,25.47,25.51,24.592,10271.0,0.0,1.0
2013-01-11,25.5,25.52,25.44,25.5199,24.6015,7004.0,0.0,1.0
2013-01-14,25.53,25.54,25.47,25.5,24.5824,8368.0,0.0,1.0
2013-01-15,25.58,25.66,25.56,25.59,24.6691,5661.0,0.0,1.0
2013-01-16,25.64,25.66,25.57,25.6,24.6788,12296.0,0.0,1.0
2013-01-17,25.6073,25.68,25.5801,25.65,24.727,2564.0,0.0,1.0
2013-01-18,25.65,25.73,25.61,25.69,24.7655,5242.0,0.0,1.0
2013-01-22,25.62,25.7872,25.5,25.72,24.7944,8889.0,0.0,1.0
2013-01-23,25.7865,25.7865,25.66,25.67,24.7462,17347.0,0.0,1.0
2013-01-24,25.66,25.68,25.6231,25.68,24.7559,22356.0,0.0,1.0
2013-01-25,25.6,25.6,25.5,25.5698,24.6497,12894.0,0.0,1.0
2013-01-28,25.44,25.52,25.4132,25.5199,24.6015,3148.0,0.0,1.0
2013-01-29,25.5928,25.5998,25.5065,25.5198,24.6014,1624.0,0.0,1.0
2013-01-30,25.5364,25.59,25.5001,25.5001,24.5825,2264.0,0.0,1.0
2013-01-31,25.4564,25.4698,25.4001,25.4001,24.4861,25407.0,0.0,1.0
2013-02-01,25.5998,25.5998,25.4501,25.4801,24.5632,14133.0,0.0,1.0
2013-02-04,25.56,25.56,25.42,25.42,24.5052,19652.0,0.0,1.0
2013-02-05,25.49,25.5995,25.4201,25.48,24.5631,6669.0,0.0,1.0
2013-02-06,25.502,25.502,25.46,25.46,24.5438,1914.0,0.0,1.0
2013-02-07,25.4712,25.5399,25.4432,25.4432,24.5276,3223.0,0.0,1.0
2013-02-08,25.519,25.5199,25.454,25.5199,24.6015,2659.0,0.0,1.0
2013-02-11,25.4,25.5,25.4,25.5,24.5824,213395.0,0.0,1.0
2013-02-12,25.36,25.48,25.35,25.38,24.4667,141539.0,0.0,1.0
2013-02-13,25.352,25.36,25.3,25.3,24.3896,7041.0,0.0,1.0
2013-02-14,25.22,25.28,25.2,25.25,24.3414,28439.0,0.0,1.0
2013-02-15,25.2,25.2,25.09,25.12,24.216,4462.0,0.0,1.0
2013-02-19,25.03,25.21,25.03,25.12,24.216,21180.0,0.0,1.0
2013-02-20,25.21,25.21,24.94,24.94,24.0425,8894.0,0.0,1.0
2013-02-21,24.93,24.94,24.86,24.9001,24.0041,3947.0,0.0,1.0
2013-02-22,24.9,24.949,24.9,24.9,24.004,4719.0,0.0,1.0
2013-02-25,25.05,25.21,25.02,25.11,24.2064,89161.0,0.0,1.0
2013-02-26,25.18,25.24,25.08,25.19,24.2835,33056.0,0.0,1.0
2013-02-27,25.12,25.17,25.101,25.14,24.2353,8152.0,0.0,1.0
2013-02-28,25.01,25.11,25.0001,25.05,24.1486,13037.0,0.0,1.0
2013-03-01,25.12,25.12,24.98,25.0304,24.1297,24937.0,0.0,1.0
2013-03-04,25.019,25.03,24.95,25.02,24.1196,7312.0,0.0,1.0
2013-03-05,25.1,25.1,25.0401,25.0401,24.139,5322.0,0.0,1.0
2013-03-06,25.05,25.0865,25.05,25.079,24.1765,578.0,0.0,1.0
2013-03-07,25.12,25.12,25.0325,25.06,24.1582,2638.0,0.0,1.0
2013-03-08,24.95,25.04,24.9,24.98,24.0811,4660.0,0.0,1.0
2013-03-11,25.04,25.04,24.968000000000004,25.01,24.11,4782.0,0.0,1.0
2013-03-12,25.05,25.14,25.03,25.04,24.1389,4070.0,0.0,1.0
2013-03-13,25.03,25.0499,24.98,25.01,24.11,1692.0,0.0,1.0
2013-03-14,25.009,25.086,25.0,25.0858,24.1831,1314.0,0.0,1.0
2013-03-15,25.11,25.21,25.11,25.17,24.2642,9779.0,0.0,1.0
2013-03-18,25.17,25.28,25.17,25.194000000000006,24.2874,8690.0,0.0,1.0
2013-03-19,25.21,25.222,25.1932,25.1932,24.2866,1610.0,0.0,1.0
2013-03-20,25.2095,25.27,25.18,25.186,24.2797,7718.0,0.0,1.0
2013-03-21,25.1701,25.1701,25.1701,25.1701,24.2643,604.0,0.0,1.0
2013-03-22,25.1701,25.25,25.1701,25.25,24.3414,2220.0,0.0,1.0
2013-03-25,25.17,25.22,25.12,25.12,24.216,50626.0,0.0,1.0
2013-03-26,25.23,25.23,25.11,25.11,24.2064,26400.0,0.0,1.0
2013-03-27,25.078000000000007,25.228,25.078000000000007,25.21,24.3028,26794.0,0.0,1.0
2013-03-28,25.2,25.2,25.07,25.07,24.1678,3720.0,0.0,1.0
2013-04-01,25.05,25.16,25.0,25.156,24.2507,6619.0,0.0,1.0
2013-04-02,25.15,25.15,25.0,25.0414,24.1403,6232.0,0.0,1.0
2013-04-03,25.1099,25.1099,25.0999,25.0999,24.1967,871.0,0.0,1.0
2013-04-04,24.98,25.0287,24.9606,25.0287,24.128,2937.0,0.0,1.0
2013-04-05,25.08,25.319000000000006,25.07,25.319000000000006,24.4079,5760.0,0.0,1.0
2013-04-08,25.21,25.254,25.162,25.24,24.3317,2770.0,0.0,1.0
2013-04-09,25.349,25.42,25.32,25.3698,24.4568,8692.0,0.0,1.0
2013-04-10,25.28,25.29,25.2001,25.2001,24.2933,12497.0,0.0,1.0
2013-04-11,25.2636,25.284,25.21,25.21,24.3028,4946.0,0.0,1.0
2013-04-12,25.2399,25.24,24.99,25.0899,24.187,5440.0,0.0,1.0
2013-04-15,24.76,24.76,24.4,24.4076,23.5293,12189.0,0.0,1.0
2013-04-16,24.4248,24.58,24.4248,24.46,23.5798,6548.0,0.0,1.0
2013-04-17,24.41,24.49,24.41,24.414,23.5354,8328.0,0.0,1.0
2013-04-18,24.43,24.562,24.43,24.5188,23.6365,7791.0,0.0,1.0
2013-04-19,24.49,24.5599,24.4601,24.53,23.6473,2919.0,0.0,1.0
2013-04-22,24.5501,24.71,24.5501,24.6313,23.7449,3320.0,0.0,1.0
2013-04-23,24.581,24.64,24.49,24.608,23.7225,8519.0,0.0,1.0
2013-04-24,24.78,24.78,24.636,24.7126,23.8233,2445.0,0.0,1.0
2013-04-25,24.8899,24.9,24.83,24.85,23.9558,31240.0,0.0,1.0
2013-04-26,24.95,25.0699,24.91,24.91,24.0136,2335.0,0.0,1.0
2013-04-29,25.08,25.08,24.97,24.99,24.0907,2520.0,0.0,1.0
2013-04-30,25.0499,25.06,24.99,24.99,24.0907,1035.0,0.0,1.0
2013-05-01,24.92,25.0,24.84,25.0,24.1004,172867.0,0.0,1.0
2013-05-02,25.0799,25.0799,25.044,25.044,24.1428,636.0,0.0,1.0
2013-05-03,25.03,25.03,24.9464,24.95,24.0522,12126.0,0.0,1.0
2013-05-06,24.926,25.0,24.926,24.95,24.0522,3494.0,0.0,1.0
2013-05-07,24.84,24.97,24.79,24.97,24.0714,8762.0,0.0,1.0
2013-05-08,24.91,25.0399,24.9,24.98,24.0811,34093.0,0.0,1.0
2013-05-09,24.93,24.93,24.93,24.93,24.0329,5200.0,0.0,1.0
2013-05-10,24.65,24.7799,24.65,24.7505,23.8598,3086.0,0.0,1.0
2013-05-13,24.66,24.73,24.66,24.7,23.8112,5113.0,0.0,1.0
2013-05-14,24.768,24.768,24.6952,24.6952,23.8065,775.0,0.0,1.0
2013-05-15,24.6999,24.6999,24.55,24.5581,23.6744,4619.0,0.0,1.0
2013-05-16,24.5,24.64,24.5,24.54,23.6569,7949.0,0.0,1.0
2013-05-17,24.5,24.51,24.43,24.4462,23.5665,16357.0,0.0,1.0
2013-05-20,24.385,24.55,24.385,24.55,23.6665,3445.0,0.0,1.0
2013-05-21,24.5399,24.61,24.5399,24.6099,23.7243,21451.0,0.0,1.0
2013-05-22,24.61,24.72,24.5913,24.5913,23.7064,1073.0,0.0,1.0
2013-05-23,24.5913,24.5913,24.5913,24.5913,23.7064,0.0,0.0,1.0
2013-05-24,24.5,24.5099,24.5,24.5099,23.6279,650.0,0.0,1.0
2013-05-28,24.381,24.45,24.2745,24.2745,23.401,2039.0,0.0,1.0
2013-05-29,24.2104,24.2999,24.2104,24.2999,23.4254,1460.0,0.0,1.0
2013-05-30,24.46,24.46,24.4006,24.4451,23.5654,2345.0,0.0,1.0
2013-05-31,24.2699,24.2699,24.15,24.15,23.2809,973.0,0.0,1.0
2013-06-03,24.2,24.24,24.2,24.24,23.3677,13981.0,0.0,1.0
2013-06-04,24.11,24.1101,24.11,24.1101,23.2425,695.0,0.0,1.0
2013-06-05,24.11,24.211,24.0,24.1937,23.3231,3251.0,0.0,1.0
2013-06-06,24.17,24.17,24.14,24.14,23.2713,514.0,0.0,1.0
2013-06-07,24.14,24.14,24.14,24.14,23.2713,400.0,0.0,1.0
2013-06-10,24.08,24.08,23.92,23.94,23.0785,36078.0,0.0,1.0
2013-06-11,23.76,23.93,23.76,23.8484,22.9902,1704.0,0.0,1.0
2013-06-12,23.8283,23.8283,23.8283,23.8283,22.9708,400.0,0.0,1.0
2013-06-13,23.84,24.04,23.84,24.02,23.1556,140712.0,0.0,1.0
2013-06-14,23.9101,24.04,23.9101,24.03,23.1653,906.0,0.0,1.0
2013-06-17,23.92,24.02,23.92,24.02,23.1556,1712.0,0.0,1.0
2013-06-18,23.91,23.93,23.91,23.93,23.0689,264.0,0.0,1.0
2013-06-19,23.91,24.05,23.7,23.81,22.9532,6781.0,0.0,1.0
2013-06-20,23.32,23.32,23.11,23.12,22.288,29931.0,0.0,1.0
2013-06-21,23.1699,23.32,23.169,23.32,22.4808,515.0,0.0,1.0
2013-06-24,23.0,23.09,22.75,22.96,22.1338,29864.0,0.0,1.0
2013-06-25,23.06,23.14,23.06,23.14,22.3073,300.0,0.0,1.0
2013-06-26,23.0,23.11,22.96,23.0,22.1723,900.0,0.0,1.0
2013-06-27,23.156,23.1799,22.96,23.005,22.1771,8637.0,0.0,1.0
2013-06-28,22.98,23.113000000000003,22.93,23.113000000000003,22.2813,4262.0,0.0,1.0
2013-07-01,23.23,23.341,23.18,23.18,22.3458,4071.0,0.0,1.0
2013-07-02,23.4,23.4,23.23,23.23,22.3941,577.0,0.0,1.0
2013-07-03,23.17,23.17,23.17,23.17,22.3362,420.0,0.0,1.0
2013-07-05,22.85,22.89,22.74,22.84,22.0181,3702.0,0.0,1.0
2013-07-08,22.97,22.97,22.97,22.97,22.1434,1317.0,0.0,1.0
2013-07-09,23.23,23.29,23.01,23.27,22.4326,11271.0,0.0,1.0
2013-07-10,23.155,23.155,23.02,23.0201,22.1917,547.0,0.0,1.0
2013-07-11,23.36,23.5068,23.36,23.5068,22.6609,918.0,0.0,1.0
2013-07-12,23.4,23.482,23.4,23.4,22.5579,995.0,0.0,1.0
2013-07-15,23.51,23.6757,23.51,23.54,22.6929,11917.0,0.0,1.0
2013-07-16,23.74,23.74,23.56,23.56,22.7122,1224.0,0.0,1.0
2013-07-17,23.728,23.728,23.5001,23.72,22.8664,16006.0,0.0,1.0
2013-07-18,23.7,23.71,23.69,23.71,22.8568,1308.0,0.0,1.0
2013-07-19,23.56,23.6701,23.56,23.63,22.7797,6022.0,0.0,1.0
2013-07-22,23.97,24.05,23.78,24.05,23.1845,1454.0,0.0,1.0
2013-07-23,23.944000000000006,24.13,23.92,23.92,23.0592,1600.0,0.0,1.0
2013-07-24,23.99,23.99,23.71,23.7101,22.8569,2830.0,0.0,1.0
2013-07-25,23.62,23.88,23.62,23.7882,22.9322,1562.0,0.0,1.0
2013-07-26,23.6755,23.6755,23.6755,23.6755,22.8235,205.0,0.0,1.0
2013-07-29,23.69,23.8,23.67,23.8,22.9435,4439.0,0.0,1.0
2013-07-30,23.82,23.83,23.776,23.776,22.9204,1117.0,0.0,1.0
2013-07-31,23.57,23.57,23.57,23.57,22.7218,500.0,0.0,1.0
2013-08-01,23.61,23.61,23.47,23.57,22.7218,1011.0,0.0,1.0
2013-08-02,23.53,23.65,23.48,23.65,22.7989,7095.0,0.0,1.0
2013-08-05,23.65,23.65,23.65,23.65,22.7989,779.0,0.0,1.0
2013-08-06,23.34,23.52,23.3,23.3901,22.5484,3832.0,0.0,1.0
2013-08-07,23.34,23.3498,23.33,23.33,22.4905,1705.0,0.0,1.0
2013-08-08,23.48,23.48,23.48,23.48,22.6351,100.0,0.0,1.0
2013-08-09,23.56,23.76,23.421,23.7595,22.9045,13756.0,0.0,1.0
2013-08-12,23.79,23.85,23.78,23.79,22.9339,2993.0,0.0,1.0
2013-08-13,23.651,23.81,23.651,23.8093,22.9525,1682.0,0.0,1.0
2013-08-14,23.81,23.81,23.6701,23.6975,22.8447,700.0,0.0,1.0
2013-08-15,23.8,23.8,23.8,23.8,22.9435,425.0,0.0,1.0
2013-08-16,23.78,23.78,23.771,23.78,22.9243,500.0,0.0,1.0
2013-08-19,23.83,23.83,23.67,23.7139,22.8605,847.0,0.0,1.0
2013-08-20,23.7139,23.7139,23.7139,23.7139,22.8605,0.0,0.0,1.0
2013-08-21,23.6,23.75,23.4148,23.48,22.6351,29684.0,0.0,1.0
2013-08-22,23.62,23.91,23.55,23.71,22.8568,43056.0,0.0,1.0
2013-08-23,23.69,24.028,23.69,24.028,23.1633,37100.0,0.0,1.0
2013-08-26,24.06,24.06,23.9,23.9,23.0399,6450.0,0.0,1.0
2013-08-27,24.1,24.13,23.9529,24.09,23.2231,11593.0,0.0,1.0
2013-08-28,24.15,24.23,23.91,24.09,23.2231,17104.0,0.0,1.0
2013-08-29,23.92,24.0492,23.91,24.0492,23.1838,7567.0,0.0,1.0
2013-08-30,23.88,23.99,23.88,23.98,23.1171,1620.0,0.0,1.0
2013-09-03,23.98,24.01,23.85,23.9999,23.1362,3943.0,0.0,1.0
2013-09-04,23.898000000000003,23.94,23.85,23.851,22.9927,2513.0,0.0,1.0
2013-09-05,23.661,23.75,23.63,23.64,22.7893,1713.0,0.0,1.0
2013-09-06,23.8312,23.8312,23.815,23.815,22.958,3160.0,0.0,1.0
2013-09-09,23.97,24.02,23.9,23.98,23.1171,7455.0,0.0,1.0
2013-09-10,23.91,23.91,23.83,23.87,23.011,1000.0,0.0,1.0
2013-09-11,23.838,23.93,23.838,23.93,23.0689,1530.0,0.0,1.0
2013-09-12,23.78,23.78,23.64,23.7,22.8471,1492.0,0.0,1.0
2013-09-13,23.651,23.651,23.64,23.65,22.7989,3300.0,0.0,1.0
2013-09-16,23.7,23.71,23.66,23.66,22.8086,3100.0,0.0,1.0
2013-09-17,23.75,23.75,23.5,23.54,22.6929,25600.0,0.0,1.0
2013-09-18,23.75,23.99,23.75,23.97,23.1074,2100.0,0.0,1.0
2013-09-19,24.01,24.08,23.89,23.9,23.0399,8128.0,0.0,1.0
2013-09-20,23.9,23.9,23.9,23.9,23.0399,1525.0,0.0,1.0
2013-09-23,23.9,23.9,23.7456,23.7456,22.8911,2173.0,0.0,1.0
2013-09-24,23.86,23.86,23.66,23.68,22.8279,2398.0,0.0,1.0
2013-09-25,23.76,23.76,23.76,23.76,22.905,0.0,0.0,1.0
2013-09-26,23.9496,23.9496,23.9496,23.9496,23.0878,131.0,0.0,1.0
2013-09-27,23.87,23.87,23.87,23.87,23.011,829.0,0.0,1.0
2013-09-30,23.61,23.66,23.61,23.62,22.77,816.0,0.0,1.0
2013-10-01,23.4601,23.4601,23.46,23.4601,22.6159,900.0,0.0,1.0
2013-10-02,23.48,23.84,23.48,23.84,22.9821,2510.0,0.0,1.0
2013-10-03,23.6,23.75,23.57,23.74,22.8857,1526.0,0.0,1.0
2013-10-04,23.52,23.58,23.52,23.58,22.7315,670.0,0.0,1.0
2013-10-07,23.7001,23.7001,23.7001,23.7001,22.8472,100.0,0.0,1.0
2013-10-08,23.65,23.65,23.65,23.65,22.7989,100.0,0.0,1.0
2013-10-09,23.5001,23.55,23.43,23.43,22.5869,17220.0,0.0,1.0
2013-10-10,23.62,23.81,23.6,23.76,22.905,25455.0,0.0,1.0
2013-10-11,23.55,23.77,23.5,23.74,22.8857,76748.0,0.0,1.0
2013-10-14,23.7872,23.7872,23.627,23.7,22.8471,5531.0,0.0,1.0
2013-10-15,23.44,23.71,23.44,23.57,22.7218,19177.0,0.0,1.0
2013-10-16,23.58,23.74,23.58,23.702,22.8491,4050.0,0.0,1.0
2013-10-17,23.77,24.14,23.77,24.07,23.2038,7602.0,0.0,1.0
2013-10-18,24.19,24.23,24.19,24.21,23.3388,7196.0,0.0,1.0
2013-10-21,24.37,24.37,24.28,24.28,23.4063,300.0,0.0,1.0
2013-10-22,24.41,24.44,24.3601,24.44,23.5605,909.0,0.0,1.0
2013-10-23,24.4027,24.4027,24.32,24.35,23.4737,4448.0,0.0,1.0
2013-10-24,24.47,24.47,24.32,24.3483,23.4721,1586.0,0.0,1.0
2013-10-25,24.4399,24.46,24.3,24.46,23.5798,6581.0,0.0,1.0
2013-10-28,24.3301,24.52,24.33,24.51,23.628,8770.0,0.0,1.0
2013-10-29,24.42,24.42,24.3801,24.3801,23.5028,550.0,0.0,1.0
2013-10-30,24.4301,24.4599,24.4301,24.4599,23.5797,362.0,0.0,1.0
2013-10-31,24.42,24.42,24.2831,24.2831,23.4093,4548.0,0.0,1.0
2013-11-01,24.31,24.31,24.222,24.222,23.3504,7300.0,0.0,1.0
2013-11-04,24.28,24.28,24.28,24.28,23.4063,200.0,0.0,1.0
2013-11-05,24.21,24.22,24.21,24.21,23.3388,2280.0,0.0,1.0
2013-11-06,24.2,24.2,24.2,24.2,23.3291,110.0,0.0,1.0
2013-11-07,24.09,24.16,24.09,24.16,23.2906,1146.0,0.0,1.0
2013-11-08,23.95,23.96,23.95,23.96,23.0978,3200.0,0.0,1.0
2013-11-11,23.85,23.85,23.85,23.85,22.9917,200.0,0.0,1.0
2013-11-12,23.85,23.85,23.85,23.85,22.9917,0.0,0.0,1.0
2013-11-13,23.92,23.92,23.84,23.84,22.9821,1243.0,0.0,1.0
2013-11-14,23.71,24.019,23.71,23.88,23.0207,3007.0,0.0,1.0
2013-11-15,24.01,24.01,23.99,23.99,23.1267,1840.0,0.0,1.0
2013-11-18,23.74,23.95,23.74,23.89,23.0303,2698.0,0.0,1.0
2013-11-19,23.74,23.74,23.74,23.74,22.8857,313.0,0.0,1.0
2013-11-20,23.82,23.82,23.72,23.72,22.8664,4593.0,0.0,1.0
2013-11-21,23.521,23.63,23.521,23.63,22.7797,4409.0,0.0,1.0
2013-11-22,23.5701,23.69,23.5701,23.69,22.8375,1699.0,0.0,1.0
2013-11-25,23.61,23.65,23.61,23.645,22.7941,1523.0,0.0,1.0
2013-11-26,23.78,23.78,23.6001,23.6001,22.7508,2092.0,0.0,1.0
2013-11-27,23.6544,23.73,23.6,23.6,22.7507,2545.0,0.0,1.0
2013-11-29,23.76,23.76,23.63,23.66,22.8086,725.0,0.0,1.0
2013-12-02,23.59,23.62,23.52,23.52,22.6736,4665.0,0.0,1.0
2013-12-03,23.51,23.53,23.49,23.53,22.6833,1304.0,0.0,1.0
2013-12-04,23.49,23.54,23.49,23.54,22.6929,1548.0,0.0,1.0
2013-12-05,23.58,23.58,23.33,23.33,22.4905,8770.0,0.0,1.0
2013-12-06,23.5,23.65,23.5,23.64,22.7893,4386.0,0.0,1.0
2013-12-09,23.5965,23.5965,23.5792,23.5792,22.7307,910.0,0.0,1.0
2013-12-10,23.66,23.7178,23.66,23.71,22.8568,2010.0,0.0,1.0
2013-12-11,23.6001,23.6001,23.6,23.6,22.7507,3098.0,0.0,1.0
2013-12-12,23.51,23.51,23.34,23.4,22.5579,5078.0,0.0,1.0
2013-12-13,23.5486,23.55,23.411,23.411,22.5685,2660.0,0.0,1.0
2013-12-16,23.5,23.6596,23.5,23.56,22.7122,6465.0,0.0,1.0
2013-12-17,23.4,23.5999,23.37,23.5999,22.7506,1664.0,0.0,1.0
2013-12-18,23.42,23.5,23.41,23.42,22.5772,2540.0,0.0,1.0
2013-12-19,23.34,23.37,23.32,23.37,22.529,4378.0,0.0,1.0
2013-12-20,23.48,23.635,23.48,23.62,22.77,5376.0,0.0,1.0
2013-12-23,23.42,23.48,23.42,23.43,22.5869,1878.0,0.0,1.0
2013-12-24,23.43,23.43,23.43,23.43,22.5869,74.0,0.0,1.0
2013-12-26,23.5,23.68,23.5,23.68,22.8279,9490.0,0.0,1.0
2013-12-27,23.25,23.29,23.21,23.21,22.4513,4902.0,0.0794,1.0
2013-12-30,23.12,23.286,23.1006,23.286,22.5249,8651.0,0.0,1.0
2013-12-31,23.176,23.2,23.15,23.2,22.4417,2674.0,0.0,1.0
2014-01-02,23.2,23.2,23.2,23.2,22.4417,155.0,0.0,1.0
2014-01-03,23.3108,23.3108,23.1,23.13,22.374,90121.0,0.0,1.0
2014-01-06,23.0401,23.072,23.04,23.072,22.3178,6900.0,0.0,1.0
2014-01-07,23.16,23.17,23.0,23.17,22.4126,7029.0,0.0,1.0
2014-01-08,23.0,23.0,22.9401,22.9401,22.1903,1945.0,0.0,1.0
2014-01-09,23.06,23.06,23.03,23.0301,22.2773,689.0,0.0,1.0
2014-01-10,23.29,23.29,23.29,23.29,22.5287,237.0,0.0,1.0
2014-01-13,23.2425,23.2425,23.2425,23.2425,22.4828,901.0,0.0,1.0
2014-01-14,23.191,23.33,23.191,23.33,22.5674,747.0,0.0,1.0
2014-01-15,23.32,23.34,23.221,23.3,22.5384,4210.0,0.0,1.0
2014-01-16,23.33,23.34,23.3001,23.3336,22.5709,1748.0,0.0,1.0
2014-01-17,23.3336,23.3336,23.3336,23.3336,22.5709,50.0,0.0,1.0
2014-01-21,23.36,23.41,23.34,23.41,22.6448,2755.0,0.0,1.0
2014-01-22,23.23,23.42,23.23,23.416,22.6506,3838.0,0.0,1.0
2014-01-23,23.52,23.52,23.48,23.5,22.7319,1707.0,0.0,1.0
2014-01-24,23.52,23.525,23.3,23.3,22.5384,3091.0,0.0,1.0
2014-01-27,23.31,23.34,23.31,23.34,22.5771,994.0,0.0,1.0
2014-01-28,23.2601,23.3293,23.2601,23.313,22.551,995.0,0.0,1.0
2014-01-29,23.22,23.22,23.22,23.22,22.461,200.0,0.0,1.0
2014-01-30,23.3178,23.3178,23.3178,23.3178,22.5556,175.0,0.0,1.0
2014-01-31,23.3,23.3001,23.23,23.23,22.4707,1385.0,0.0,1.0
2014-02-03,23.36,23.4,23.21,23.21,22.4513,4562.0,0.0,1.0
2014-02-04,23.21,23.21,23.21,23.21,22.4513,53.0,0.0,1.0
2014-02-05,23.21,23.21,23.184,23.184,22.4262,2867.0,0.0,1.0
2014-02-06,23.2488,23.3,23.2488,23.3,22.5384,2941.0,0.0,1.0
2014-02-07,23.3,23.31,23.3,23.31,22.5481,1000.0,0.0,1.0
2014-02-10,23.4,23.5,23.4,23.5,22.7319,626.0,0.0,1.0
2014-02-11,23.5,23.6476,23.5,23.6476,22.8746,528.0,0.0,1.0
2014-02-12,23.65,23.66,23.62,23.65,22.877,3036.0,0.0,1.0
2014-02-13,23.65,23.65,23.65,23.65,22.877,1.0,0.0,1.0
2014-02-14,23.64,23.85,23.54,23.85,23.0704,14729.0,0.0,1.0
2014-02-18,23.92,23.94,23.92,23.93,23.1478,1661.0,0.0,1.0
2014-02-19,23.93,23.95,23.7,23.7,22.9253,968.0,0.0,1.0
2014-02-20,23.69,23.705,23.69,23.705,22.9302,2244.0,0.0,1.0
2014-02-21,23.74,23.74,23.74,23.74,22.964,232444.0,0.0,1.0
2014-02-24,23.99,23.99,23.94,23.99,23.2058,1083.0,0.0,1.0
2014-02-25,23.99,23.99,23.99,23.99,23.2058,36.0,0.0,1.0
2014-02-26,23.87,23.875,23.8,23.804,23.0259,2778.0,0.0,1.0
2014-02-27,23.94,23.94,23.94,23.94,23.1575,1001.0,0.0,1.0
2014-02-28,23.97,24.0,23.76,23.79,23.0124,19280.0,0.0,1.0
2014-03-03,23.68,23.96,23.68,23.95,23.1672,2224.0,0.0,1.0
2014-03-04,23.87,23.87,23.87,23.87,23.0898,534.0,0.0,1.0
2014-03-05,23.93,23.962,23.89,23.89,23.1091,2225.0,0.0,1.0
2014-03-06,23.89,23.89,23.89,23.89,23.1091,49.0,0.0,1.0
2014-03-07,23.72,23.9599,23.64,23.9396,23.1571,8946.0,0.0,1.0
2014-03-10,23.9396,23.9396,23.9396,23.9396,23.1571,0.0,0.0,1.0
2014-03-11,23.9099,23.92,23.9002,23.9002,23.119,2043.0,0.0,1.0
2014-03-12,23.84,24.0499,23.84,23.966,23.1826,8317.0,0.0,1.0
2014-03-13,23.966,23.966,23.966,23.966,23.1826,0.0,0.0,1.0
2014-03-14,24.2,24.2,24.0999,24.0999,23.3122,701.0,0.0,1.0
2014-03-17,24.14,24.14,24.12,24.12,23.3316,701.0,0.0,1.0
2014-03-18,23.93,24.04,23.92,24.04,23.2542,909.0,0.0,1.0
2014-03-19,23.899,23.94,23.8755,23.9,23.1188,3700.0,0.0,1.0
2014-03-20,23.906,23.906,23.8992,23.8992,23.118,968.0,0.0,1.0
2014-03-21,23.8902,23.8902,23.8902,23.8902,23.1093,1052.0,0.0,1.0
2014-03-24,23.92,23.92,23.92,23.92,23.1381,630.0,0.0,1.0
2014-03-25,23.97,23.97,23.75,23.946,23.1633,3822.0,0.0,1.0
2014-03-26,23.861,23.861,23.861,23.861,23.0811,322.0,0.0,1.0
2014-03-27,23.861,23.861,23.861,23.861,23.0811,0.0,0.0,1.0
2014-03-28,23.861,23.861,23.861,23.861,23.0811,0.0,0.0,1.0
2014-03-31,23.95,24.01,23.88,23.88,23.0994,12865.0,0.0,1.0
2014-04-01,23.85,23.85,23.85,23.85,23.0704,101.0,0.0,1.0
2014-04-02,23.85,23.85,23.85,23.85,23.0704,75.0,0.0,1.0
2014-04-03,23.85,23.85,23.85,23.85,23.0704,1.0,0.0,1.0
2014-04-04,23.85,23.85,23.85,23.85,23.0704,100.0,0.0,1.0
2014-04-07,23.9,23.9846,23.8701,23.976,23.1923,1439.0,0.0,1.0
2014-04-08,23.9858,23.9858,23.9858,23.9858,23.2018,255.0,0.0,1.0
2014-04-09,24.07,24.08,24.06,24.08,23.2929,12536.0,0.0,1.0
2014-04-10,24.15,24.15,24.08,24.08,23.2929,2114.0,0.0,1.0
2014-04-11,24.02,24.12,24.02,24.12,23.3316,200.0,0.0,1.0
2014-04-14,24.16,24.16,24.101,24.101,23.3132,439.0,0.0,1.0
2014-04-15,23.99,23.99,23.93,23.93,23.1478,23650.0,0.0,1.0
2014-04-16,23.96,23.98,23.94,23.98,23.1962,1306.0,0.0,1.0
2014-04-17,24.1,24.1,23.9999,24.07,23.2832,7452.0,0.0,1.0
2014-04-21,23.9442,24.08,23.9442,24.01,23.2252,1404.0,0.0,1.0
2014-04-22,23.895,24.03,23.895,23.97,23.1865,2434.0,0.0,1.0
2014-04-23,24.138,24.14,24.1109,24.1109,23.3228,4167.0,0.0,1.0
2014-04-24,23.94,23.9401,23.94,23.94,23.1575,475.0,0.0,1.0
2014-04-25,24.21,24.21,24.01,24.0101,23.2253,2720.0,0.0,1.0
2014-04-28,24.05,24.13,23.95,24.13,23.3413,1011.0,0.0,1.0
2014-04-29,23.96,23.994,23.96,23.96,23.1768,315.0,0.0,1.0
2014-04-30,23.96,23.96,23.96,23.96,23.1768,0.0,0.0,1.0
2014-05-01,23.9901,23.9901,23.9901,23.9901,23.2059,500.0,0.0,1.0
2014-05-02,24.08,24.08,24.08,24.08,23.2929,284.0,0.0,1.0
2014-05-05,24.08,24.08,24.08,24.08,23.2929,30.0,0.0,1.0
2014-05-06,24.2,24.2,24.2,24.2,23.409,287.0,0.0,1.0
2014-05-07,24.232,24.232,24.232,24.232,23.4399,100.0,0.0,1.0
2014-05-08,24.1,24.1,24.1,24.1,23.3122,154.0,0.0,1.0
2014-05-09,24.22,24.22,24.15,24.22,23.4283,2156.0,0.0,1.0
2014-05-12,24.138,24.138,24.138,24.138,23.349,100.0,0.0,1.0
2014-05-13,24.18,24.26,24.135,24.19,23.3993,17328.0,0.0,1.0
2014-05-14,24.2,24.2,24.2,24.2,23.409,193.0,0.0,1.0
2014-05-15,24.1601,24.221,24.1601,24.221,23.4293,300.0,0.0,1.0
2014-05-16,24.221,24.221,24.221,24.221,23.4293,0.0,0.0,1.0
2014-05-19,24.439,24.439,24.419,24.419,23.6208,1190.0,0.0,1.0
2014-05-20,24.419,24.419,24.419,24.419,23.6208,19.0,0.0,1.0
2014-05-21,24.08,24.23,24.08,24.16,23.3703,5511.0,0.0,1.0
2014-05-22,24.24,24.24,24.13,24.16,23.3703,860.0,0.0,1.0
2014-05-23,24.15,24.202,24.1,24.1,23.3122,9581.0,0.0,1.0
2014-05-27,24.25,24.39,24.0,24.16,23.3703,22004.0,0.0,1.0
2014-05-28,24.2511,24.2511,24.2511,24.2511,23.4584,336.0,0.0,1.0
2014-05-29,24.16,24.16,24.131,24.131,23.3422,440.0,0.0,1.0
2014-05-30,24.131,24.131,24.131,24.131,23.3422,0.0,0.0,1.0
2014-06-02,24.18,24.18,23.94,23.9692,23.1857,17234.0,0.0,1.0
2014-06-03,23.9692,23.9692,23.9692,23.9692,23.1857,38.0,0.0,1.0
2014-06-04,23.87,23.912,23.87,23.912,23.1304,1420.0,0.0,1.0
2014-06-05,24.02,24.02,24.02,24.02,23.2349,250.0,0.0,1.0
2014-06-06,24.07,24.07,24.07,24.07,23.2832,104.0,0.0,1.0
2014-06-09,23.97,24.0641,23.97,24.03,23.2445,6682.0,0.0,1.0
2014-06-10,24.03,24.03,24.03,24.03,23.2445,205.0,0.0,1.0
2014-06-11,24.148000000000003,24.148000000000003,24.148000000000003,24.148000000000003,23.3587,101.0,0.0,1.0
2014-06-12,24.21,24.21,24.14,24.14,23.3509,760.0,0.0,1.0
2014-06-13,24.12,24.126,24.08,24.126,23.3374,15834.0,0.0,1.0
2014-06-16,24.1,24.194000000000006,24.091,24.14,23.3509,21045.0,0.0,1.0
2014-06-17,24.11,24.11,24.102,24.102,23.3142,901.0,0.0,1.0
2014-06-18,24.14,24.14,24.14,24.14,23.3509,320.0,0.0,1.0
2014-06-19,24.365,24.37,24.36,24.36,23.5637,1410.0,0.0,1.0
2014-06-20,24.4999,24.4999,24.4999,24.4999,23.6991,112.0,0.0,1.0
2014-06-23,24.42,24.5,24.4,24.48,23.6798,16134.0,0.0,1.0
2014-06-24,24.47,24.47,24.47,24.47,23.6702,1201.0,0.0,1.0
2014-06-25,24.47,24.47,24.47,24.47,23.6702,74.0,0.0,1.0
2014-06-26,24.5599,24.56,24.5599,24.56,23.7572,1281.0,0.0,1.0
2014-06-27,24.42,24.61,24.42,24.49,23.6895,3850.0,0.0,1.0
2014-06-30,24.41,24.4901,24.41,24.4901,23.6896,526.0,0.0,1.0
2014-07-01,24.4901,24.4901,24.4901,24.4901,23.6896,18.0,0.0,1.0
2014-07-02,24.4901,24.4901,24.4901,24.4901,23.6896,5.0,0.0,1.0
2014-07-03,24.5199,24.5199,24.5199,24.5199,23.7184,418.0,0.0,1.0
2014-07-07,24.5,24.5,24.5,24.5,23.6992,886.0,0.0,1.0
2014-07-08,24.5199,24.52,24.5199,24.52,23.7185,1692.0,0.0,1.0
2014-07-09,24.52,24.55,24.52,24.52,23.7185,3260.0,0.0,1.0
2014-07-10,24.6001,24.6001,24.6,24.6,23.7959,603.0,0.0,1.0
2014-07-11,24.7,24.72,24.6,24.6888,23.8818,10233.0,0.0,1.0
2014-07-14,24.63,24.63,24.5,24.59,23.7862,2629.0,0.0,1.0
2014-07-15,24.62,24.62,24.49,24.5,23.6992,4249.0,0.0,1.0
2014-07-16,24.4701,24.51,24.47,24.51,23.7088,2628.0,0.0,1.0
2014-07-17,24.54,24.62,24.54,24.62,23.8153,4217.0,0.0,1.0
2014-07-18,24.7,24.7,24.62,24.65,23.8443,820.0,0.0,1.0
2014-07-21,24.65,24.65,24.65,24.65,23.8443,43.0,0.0,1.0
2014-07-22,24.73,24.73,24.69,24.69,23.883000000000006,1800.0,0.0,1.0
2014-07-23,24.77,24.77,24.77,24.77,23.9603,651.0,0.0,1.0
2014-07-24,24.77,24.77,24.77,24.77,23.9603,41.0,0.0,1.0
2014-07-25,24.71,24.71,24.66,24.695,23.8878,2090.0,0.0,1.0
2014-07-28,24.56,24.72,24.56,24.72,23.912,7480.0,0.0,1.0
2014-07-29,24.6689,24.731,24.65,24.65,23.8443,2214.0,0.0,1.0
2014-07-30,24.65,24.65,24.49,24.49,23.6895,4603.0,0.0,1.0
2014-07-31,24.35,24.35,24.35,24.35,23.5541,296.0,0.0,1.0
2014-08-01,24.35,24.35,24.35,24.35,23.5541,0.0,0.0,1.0
2014-08-04,24.37,24.3701,24.37,24.37,23.5734,3584.0,0.0,1.0
2014-08-05,24.37,24.37,24.37,24.37,23.5734,17.0,0.0,1.0
2014-08-06,24.431,24.431,24.4202,24.4202,23.622,275.0,0.0,1.0
2014-08-07,24.4542,24.4542,24.3901,24.3901,23.5929,18208.0,0.0,1.0
2014-08-08,24.48,24.504,24.47,24.504,23.703000000000007,6064.0,0.0,1.0
2014-08-11,24.504,24.504,24.504,24.504,23.703000000000007,0.0,0.0,1.0
2014-08-12,24.68,24.68,24.588,24.61,23.8056,13054.0,0.0,1.0
2014-08-13,24.52,24.67,24.52,24.67,23.8636,3399.0,0.0,1.0
2014-08-14,24.622,24.68,24.5976,24.5976,23.7936,1946.0,0.0,1.0
2014-08-15,24.63,24.63,24.63,24.63,23.8249,677.0,0.0,1.0
2014-08-18,24.57,24.57,24.57,24.57,23.7669,566.0,0.0,1.0
2014-08-19,24.6459,24.67,24.6459,24.67,23.8636,812.0,0.0,1.0
2014-08-20,24.6388,24.6388,24.5805,24.5805,23.777,500.0,0.0,1.0
2014-08-21,24.501,24.572,24.5,24.51,23.7088,4111.0,0.0,1.0
2014-08-22,24.51,24.51,24.51,24.51,23.7088,0.0,0.0,1.0
2014-08-25,24.55,24.55,24.55,24.55,23.7475,241.0,0.0,1.0
2014-08-26,24.55,24.55,24.55,24.55,23.7475,17.0,0.0,1.0
2014-08-27,24.64,24.65,24.64,24.64,23.8346,530.0,0.0,1.0
2014-08-28,24.7999,24.7999,24.7999,24.7999,23.9893,401.0,0.0,1.0
2014-08-29,24.83,24.83,24.78,24.81,23.999,3484.0,0.0,1.0
2014-09-02,24.56,24.56,24.56,24.56,23.7572,134.0,0.0,1.0
2014-09-03,24.4901,24.65,24.4901,24.57,23.7669,6104.0,0.0,1.0
2014-09-04,24.56,24.63,24.5,24.5,23.6992,1722.0,0.0,1.0
2014-09-05,24.49,24.5323,24.49,24.5197,23.7182,4001.0,0.0,1.0
2014-09-08,24.51,24.51,24.51,24.51,23.7088,1.0,0.0,1.0
2014-09-09,24.51,24.51,24.51,24.51,23.7088,7.0,0.0,1.0
2014-09-10,24.51,24.51,24.51,24.51,23.7088,0.0,0.0,1.0
2014-09-11,24.22,24.244,24.22,24.244,23.4515,1202.0,0.0,1.0
2014-09-12,24.08,24.08,24.06,24.06,23.2736,400.0,0.0,1.0
2014-09-15,24.09,24.124,24.06,24.124,23.3355,1045.0,0.0,1.0
2014-09-16,24.124,24.124,24.124,24.124,23.3355,46.0,0.0,1.0
2014-09-17,24.124,24.124,24.124,24.124,23.3355,0.0,0.0,1.0
2014-09-18,24.09,24.101,24.09,24.101,23.3132,273.0,0.0,1.0
2014-09-19,24.177,24.1899,24.177,24.1899,23.3992,295.0,0.0,1.0
2014-09-22,24.01,24.025,24.01,24.025,23.2397,501.0,0.0,1.0
2014-09-23,24.025,24.025,24.025,24.025,23.2397,0.0,0.0,1.0
2014-09-24,24.06,24.06,24.06,24.06,23.2736,170.0,0.0,1.0
2014-09-25,24.06,24.06,24.06,24.06,23.2736,1.0,0.0,1.0
2014-09-26,24.06,24.06,24.06,24.06,23.2736,1.0,0.0,1.0
2014-09-29,24.078000000000007,24.09,24.04,24.04,23.2542,851.0,0.0,1.0
2014-09-30,24.03,24.14,24.03,24.04,23.2542,5840.0,0.0,1.0
2014-10-01,24.01,24.042,24.0,24.02,23.2349,5282.0,0.0,1.0
2014-10-02,24.02,24.08,24.02,24.0799,23.2928,6200.0,0.0,1.0
2014-10-03,23.91,23.951,19.13,23.95,23.1672,3931.0,0.0,1.0
2014-10-06,23.96,24.0699,23.96,24.04,23.2542,6241.0,0.0,1.0
2014-10-07,24.04,24.04,24.04,24.04,23.2542,0.0,0.0,1.0
2014-10-08,24.04,24.04,24.04,24.04,23.2542,0.0,0.0,1.0
2014-10-09,24.04,24.04,24.04,24.04,23.2542,4.0,0.0,1.0
2014-10-10,24.15,24.2,24.15,24.2,23.409,1480.0,0.0,1.0
2014-10-13,24.11,24.15,24.11,24.15,23.3606,605.0,0.0,1.0
2014-10-14,24.18,24.2205,24.18,24.19,23.3993,1718.0,0.0,1.0
2014-10-15,24.3,24.4425,24.26,24.33,23.5347,804.0,0.0,1.0
2014-10-16,24.33,24.33,24.33,24.33,23.5347,235.0,0.0,1.0
2014-10-17,24.33,24.33,24.33,24.33,23.5347,15.0,0.0,1.0
2014-10-20,24.31,24.39,24.31,24.39,23.5928,1801.0,0.0,1.0
2014-10-21,24.39,24.39,24.39,24.39,23.5928,89.0,0.0,1.0
2014-10-22,24.378,24.39,24.378,24.39,23.5928,253.0,0.0,1.0
2014-10-23,24.2401,24.27,24.2401,24.27,23.4767,1100.0,0.0,1.0
2014-10-24,24.271,24.32,24.271,24.32,23.5251,700.0,0.0,1.0
2014-10-27,24.22,24.28,24.22,24.28,23.4864,814.0,0.0,1.0
2014-10-28,24.311,24.382,24.3,24.3,23.5057,2501.0,0.0,1.0
2014-10-29,24.3,24.3,24.3,24.3,23.5057,1.0,0.0,1.0
2014-10-30,24.3,24.3,24.3,24.3,23.5057,0.0,0.0,1.0
2014-10-31,24.22,24.22,24.03,24.0401,23.2543,4200.0,0.0,1.0
2014-11-03,24.17,24.17,24.0601,24.0999,23.3122,1600.0,0.0,1.0
2014-11-04,24.0999,24.0999,24.0999,24.0999,23.3122,70.0,0.0,1.0
2014-11-05,24.0999,24.0999,24.0999,24.0999,23.3122,70.0,0.0,1.0
2014-11-06,23.93,24.0,23.89,23.97,23.1865,4275.0,0.0,1.0
2014-11-07,23.97,23.97,23.97,23.97,23.1865,0.0,0.0,1.0
2014-11-10,23.97,23.97,23.97,23.97,23.1865,10.0,0.0,1.0
2014-11-11,24.1199,24.1199,24.1199,24.1199,23.3315,175.0,0.0,1.0
2014-11-12,24.1199,24.1199,24.1199,24.1199,23.3315,55.0,0.0,1.0
2014-11-13,24.1199,24.1199,24.1199,24.1199,23.3315,0.0,0.0,1.0
2014-11-14,24.12,24.12,24.12,24.12,23.3316,401.0,0.0,1.0
2014-11-17,24.17,24.19,24.17,24.19,23.3993,802.0,0.0,1.0
2014-11-18,24.22,24.22,24.22,24.22,23.4283,483.0,0.0,1.0
2014-11-19,24.21,24.21,24.15,24.15,23.3606,1703.0,0.0,1.0
2014-11-20,24.277,24.277,24.277,24.277,23.4835,999.0,0.0,1.0
2014-11-21,24.35,24.45,24.35,24.36,23.5637,5410.0,0.0,1.0
2014-11-24,24.35,24.36,24.34,24.34,23.5444,1320.0,0.0,1.0
2014-11-25,24.4795,24.4795,24.4795,24.4795,23.6793,448.0,0.0,1.0
2014-11-26,24.46,24.55,24.46,24.55,23.7475,1796.0,0.0,1.0
2014-11-28,24.5,24.5,24.3788,24.41,23.6121,862.0,0.0,1.0
2014-12-01,24.41,24.41,24.41,24.41,23.6121,30.0,0.0,1.0
2014-12-02,24.36,24.4,24.36,24.4,23.6024,2306.0,0.0,1.0
2014-12-03,24.4,24.76,24.4,24.54,23.7379,8645.0,0.0,1.0
2014-12-04,24.54,24.54,24.54,24.54,23.7379,2.0,0.0,1.0
2014-12-05,24.46,24.46,24.4,24.45,23.6508,1009.0,0.0,1.0
2014-12-08,24.4,24.54,24.39,24.53,23.7282,4696.0,0.0,1.0
2014-12-09,24.62,24.73,24.601,24.73,23.9217,2362.0,0.0,1.0
2014-12-10,24.69,24.72,24.63,24.63,23.8249,5189.0,0.0,1.0
2014-12-11,24.63,24.63,24.63,24.63,23.8249,0.0,0.0,1.0
2014-12-12,24.63,24.63,24.63,24.63,23.8249,0.0,0.0,1.0
2014-12-15,24.5,24.62,24.4644,24.51,23.7088,14297.0,0.0,1.0
2014-12-16,24.466,24.6,24.41,24.6,23.7959,84551.0,0.0,1.0
2014-12-17,24.37,24.5492,24.37,24.5492,23.7468,702.0,0.0,1.0
2014-12-18,24.92,24.92,24.54,24.569000000000006,23.7659,5997.0,0.0,1.0
2014-12-19,24.63,24.71,24.63,24.6685,23.8622,12922.0,0.0,1.0
2014-12-22,24.65,24.72,24.505,24.696,23.8888,17687.0,0.0,1.0
2014-12-23,24.66,24.727,24.58,24.58,23.7766,3935.0,0.0,1.0
2014-12-24,24.71,24.76,24.702,24.76,23.9507,9750.0,0.0,1.0
2014-12-26,24.89,24.8999,24.6701,24.81,23.999,1190.0,0.0,1.0
2014-12-29,24.66,24.66,24.52,24.57,23.9939,2782.0,0.2347,1.0
2014-12-30,24.647,24.655,24.62,24.63,24.0525,1842.0,0.0,1.0
2014-12-31,24.629,24.63,24.629,24.63,24.0525,1932.0,0.0,1.0
2015-01-02,24.48,24.57,24.33,24.57,23.9939,2527.0,0.0,1.0
2015-01-05,24.5001,24.65,24.5,24.649,24.071,8158.0,0.0,1.0
2015-01-06,24.66,24.8286,24.62,24.651,24.073,1558.0,0.0,1.0
2015-01-07,24.78,24.78,24.77,24.78,24.199,3869.0,0.0,1.0
2015-01-08,24.7,24.83,24.7,24.73,24.1501,1369.0,0.0,1.0
2015-01-09,24.6916,24.945,24.6916,24.8979,24.3141,1108.0,0.0,1.0
2015-01-12,24.8001,24.9499,24.8001,24.939,24.3542,1725.0,0.0,1.0
2015-01-13,24.99,24.99,24.98,24.98,24.3943,844.0,0.0,1.0
2015-01-14,25.0102,25.03,24.94,24.94,24.3552,2217.0,0.0,1.0
2015-01-15,25.02,25.11,24.98,25.0701,24.4823,9392.0,0.0,1.0
2015-01-16,25.24,25.2499,25.24,25.2499,24.6579,300.0,0.0,1.0
2015-01-20,25.27,25.4255,25.27,25.393,24.7976,1871.0,0.0,1.0
2015-01-21,25.28,25.3899,25.28,25.3899,24.7946,1531.0,0.0,1.0
2015-01-22,25.39,25.506,25.38,25.506,24.908,3564.0,0.0,1.0
2015-01-23,25.4401,25.4807,25.41,25.41,24.8142,12001.0,0.0,1.0
2015-01-26,25.38,25.38,25.37,25.37,24.7751,1516.0,0.0,1.0
2015-01-27,25.36,25.484,25.36,25.38,24.7849,1592.0,0.0,1.0
2015-01-28,25.391,25.435,25.391,25.435,24.8386,1391.0,0.0,1.0
2015-01-29,25.4,25.4,25.4,25.4,24.8044,1842.0,0.0,1.0
2015-01-30,25.3,25.4531,25.3,25.32,24.7263,2836.0,0.0,1.0
2015-02-02,25.42,25.42,25.21,25.3,24.7068,3741.0,0.0,1.0
2015-02-03,25.3,25.3,25.3,25.3,24.7068,50.0,0.0,1.0
2015-02-04,25.25,25.26,25.15,25.15,24.5603,5283.0,0.0,1.0
2015-02-05,24.71,24.71,24.7,24.7,24.1209,1842.0,0.0,1.0
2015-02-06,24.99,25.0,24.88,24.88,24.2966,2140.0,0.0,1.0
2015-02-09,24.88,24.88,24.88,24.88,24.2966,153.0,0.0,1.0
2015-02-10,24.85,24.9352,24.8,24.9352,24.3505,3356.0,0.0,1.0
2015-02-11,24.9,24.9,24.82,24.89,24.3064,1060.0,0.0,1.0
2015-02-12,24.8979,24.95,24.86,24.95,24.365,874.0,0.0,1.0
2015-02-13,24.825,24.87,24.825,24.87,24.2869,483.0,0.0,1.0
2015-02-17,24.79,24.79,24.6,24.6,24.0232,1606.0,0.0,1.0
2015-02-18,24.67,24.69,24.59,24.591,24.0144,5615.0,0.0,1.0
2015-02-19,24.7089,24.7089,24.7089,24.7089,24.1295,138.0,0.0,1.0
2015-02-20,24.55,24.56,24.55,24.56,23.9841,1007.0,0.0,1.0
2015-02-23,24.525,24.525,24.525,24.525,23.95,150.0,0.0,1.0
2015-02-24,24.55,24.55,24.55,24.55,23.9744,200.0,0.0,1.0
2015-02-25,24.55,24.55,24.55,24.55,23.9744,0.0,0.0,1.0
2015-02-26,24.55,24.55,24.55,24.55,23.9744,81.0,0.0,1.0
2015-02-27,24.55,24.55,24.55,24.55,23.9744,62.0,0.0,1.0
2015-03-02,24.65,24.6956,24.65,24.652,24.074,750.0,0.0,1.0
2015-03-03,24.58,24.67,24.58,24.67,24.0916,1400.0,0.0,1.0
2015-03-04,24.35,24.54,24.35,24.4501,23.8768,8469.0,0.0,1.0
2015-03-05,24.5386,24.55,24.5234,24.5234,23.9484,572.0,0.0,1.0
2015-03-06,24.5234,24.5234,24.5234,24.5234,23.9484,0.0,0.0,1.0
2015-03-09,24.206,24.206,24.14,24.1401,23.5741,1184.0,0.0,1.0
2015-03-10,24.1401,24.1401,24.1401,24.1401,23.5741,3.0,0.0,1.0
2015-03-11,24.06,24.1908,24.04,24.1908,23.6236,4681.0,0.0,1.0
2015-03-12,24.33,24.33,24.18,24.2482,23.6796,7133.0,0.0,1.0
2015-03-13,24.22,24.25,24.22,24.25,23.6814,8348.0,0.0,1.0
2015-03-16,24.29,24.29,24.2401,24.2401,23.6717,691.0,0.0,1.0
2015-03-17,24.34,24.34,24.281,24.3,23.7302,875.0,0.0,1.0
2015-03-18,24.34,24.67,24.28,24.67,24.0916,2700.0,0.0,1.0
2015-03-19,24.6,24.604,24.52,24.604,24.0271,998.0,0.0,1.0
2015-03-20,24.604,24.604,24.604,24.604,24.0271,22.0,0.0,1.0
2015-03-23,24.8,24.81,24.8,24.81,24.2283,2147.0,0.0,1.0
2015-03-24,24.81,24.81,24.81,24.81,24.2283,43.0,0.0,1.0
2015-03-25,24.81,24.81,24.81,24.81,24.2283,2.0,0.0,1.0
2015-03-26,24.7,24.72,24.67,24.67,24.0916,4408.0,0.0,1.0
2015-03-27,24.72,24.725,24.71,24.72,24.1404,4300.0,0.0,1.0
2015-03-30,24.72,24.72,24.72,24.72,24.1404,0.0,0.0,1.0
2015-03-31,24.69,24.82,24.69,24.695,24.116,3488.0,0.0,1.0
2015-04-01,24.695,24.695,24.695,24.695,24.116,1.0,0.0,1.0
2015-04-02,24.695,24.695,24.695,24.695,24.116,258.0,0.0,1.0
2015-04-06,24.8544,24.8544,24.8544,24.8544,24.2716,183.0,0.0,1.0
2015-04-07,24.85,24.87,24.85,24.863000000000003,24.28,4700.0,0.0,1.0
2015-04-08,24.835,24.835,24.835,24.835,24.2527,465.0,0.0,1.0
2015-04-09,24.75,24.75,24.713,24.713,24.1335,680.0,0.0,1.0
2015-04-10,24.85,24.85,24.77,24.77,24.1892,1804.0,0.0,1.0
2015-04-13,24.72,24.8115,24.72,24.8115,24.2297,1521.0,0.0,1.0
2015-04-14,24.82,24.82,24.76,24.77,24.1892,777.0,0.0,1.0
2015-04-15,24.77,24.77,24.77,24.77,24.1892,80.0,0.0,1.0
2015-04-16,24.77,24.77,24.77,24.77,24.1892,13.0,0.0,1.0
2015-04-17,24.77,24.77,24.77,24.77,24.1892,23.0,0.0,1.0
2015-04-20,24.77,24.77,24.77,24.77,24.1892,158.0,0.0,1.0
2015-04-21,24.77,24.77,24.77,24.77,24.1892,0.0,0.0,1.0
2015-04-22,24.71,24.71,24.64,24.646,24.0681,1986.0,0.0,1.0
2015-04-23,24.76,24.76,24.7,24.7,24.1209,851.0,0.0,1.0
2015-04-24,24.7561,24.79,24.7561,24.78,24.199,1505.0,0.0,1.0
2015-04-27,24.8101,24.92,24.81,24.92,24.3357,794.0,0.0,1.0
2015-04-28,24.898000000000003,24.93,24.8884,24.8884,24.3048,13648.0,0.0,1.0
2015-04-29,24.7329,24.7329,24.7329,24.7329,24.153,293.0,0.0,1.0
2015-04-30,24.5261,24.5624,24.5261,24.5624,23.9865,3100.0,0.0,1.0
2015-05-01,24.567,24.6,24.4858,24.59,24.0134,17140.0,0.0,1.0
2015-05-04,24.5908,24.5908,24.5908,24.5908,24.0142,114.0,0.0,1.0
2015-05-05,24.6,24.6,24.6,24.6,24.0232,169.0,0.0,1.0
2015-05-06,24.42,24.42,24.4,24.4,23.8279,1504.0,0.0,1.0
2015-05-07,24.4,24.4,24.4,24.4,23.8279,1.0,0.0,1.0
2015-05-08,24.627,24.69,24.6,24.638,24.0603,1421.0,0.0,1.0
2015-05-11,24.52,24.52,24.4172,24.4172,23.8447,2436.0,0.0,1.0
2015-05-12,24.241,24.52,24.21,24.52,23.9451,6166.0,0.0,1.0
2015-05-13,24.57,24.57,24.57,24.57,23.9939,303.0,0.0,1.0
2015-05-14,24.57,24.57,24.57,24.57,23.9939,0.0,0.0,1.0
2015-05-15,24.57,24.57,24.57,24.57,23.9939,0.0,0.0,1.0
2015-05-18,24.59,24.61,24.59,24.6,24.0232,837.0,0.0,1.0
2015-05-19,24.6,24.6,24.569000000000006,24.569000000000006,23.9929,2040.0,0.0,1.0
2015-05-20,24.4,24.63,24.4,24.63,24.0525,767.0,0.0,1.0
2015-05-21,24.62,24.65,24.6,24.65,24.072,14944.0,0.0,1.0
2015-05-22,24.54,24.54,24.54,24.54,23.9646,1287.0,0.0,1.0
2015-05-26,24.5,24.6,24.4999,24.6,24.0232,7140.0,0.0,1.0
2015-05-27,24.61,24.65,24.6099,24.612,24.0349,7850.0,0.0,1.0
2015-05-28,24.67,24.69,24.52,24.69,24.1111,9606.0,0.0,1.0
2015-05-29,24.7,24.7,24.7,24.7,24.1209,100.0,0.0,1.0
2015-06-01,24.5468,24.5592,24.5468,24.5592,23.9834,422.0,0.0,1.0
2015-06-02,24.45,24.46,24.45,24.4504,23.8771,1667.0,0.0,1.0
2015-06-03,24.4,24.4,24.3068,24.33,23.7595,4300.0,0.0,1.0
2015-06-04,24.27,24.27,24.2,24.2,23.6326,2280.0,0.0,1.0
2015-06-05,24.206,24.23,24.03,24.03,23.4666,6518.0,0.0,1.0
2015-06-08,24.0,24.0,24.0,24.0,23.4373,403.0,0.0,1.0
2015-06-09,24.0875,24.0875,24.0875,24.0875,23.5227,764.0,0.0,1.0
2015-06-10,24.0201,24.17,24.0,24.17,23.6033,719.0,0.0,1.0
2015-06-11,24.2,24.5169,24.1999,24.5169,23.942,808.0,0.0,1.0
2015-06-12,24.5169,24.5169,24.5169,24.5169,23.942,0.0,0.0,1.0
2015-06-15,24.11,24.11,24.1,24.1,23.5349,550.0,0.0,1.0
2015-06-16,24.1,24.1,24.1,24.1,23.5349,0.0,0.0,1.0
2015-06-17,23.86,24.252,23.85,24.252,23.6834,2356.0,0.0,1.0
2015-06-18,24.2354,24.2354,24.2354,24.2354,23.6671,300.0,0.0,1.0
2015-06-19,24.44,24.472,24.3,24.3,23.7302,3017.0,0.0,1.0
2015-06-22,24.55,24.55,24.11,24.11,23.5447,15929.0,0.0,1.0
2015-06-23,24.07,24.093000000000004,24.07,24.09,23.5252,1262.0,0.0,1.0
2015-06-24,24.09,24.09,24.09,24.09,23.5252,0.0,0.0,1.0
2015-06-25,24.023000000000003,24.1424,24.023000000000003,24.1424,23.5763,713.0,0.0,1.0
2015-06-26,24.16,24.16,24.06,24.07,23.5056,7194.0,0.0,1.0
2015-06-29,23.99,23.99,23.99,23.99,23.4275,400.0,0.0,1.0
2015-06-30,23.99,23.99,23.99,23.99,23.4275,35.0,0.0,1.0
2015-07-01,23.54,23.7,23.4005,23.4005,22.8518,4339.0,0.0,1.0
2015-07-02,23.91,23.932,23.91,23.932,23.3709,390.0,0.0,1.0
2015-07-06,23.95,24.0016,23.95,24.0016,23.4388,1291.0,0.0,1.0
2015-07-07,24.0016,24.0016,24.0016,24.0016,23.4388,1.0,0.0,1.0
2015-07-08,23.96,24.1024,23.96,24.1024,23.5373,1266.0,0.0,1.0
2015-07-09,23.912,23.912,23.912,23.912,23.3513,101.0,0.0,1.0
2015-07-10,24.0,24.0,23.93,23.93,23.3689,1101.0,0.0,1.0
2015-07-13,23.9301,23.9301,23.9301,23.9301,23.369,222.0,0.0,1.0
2015-07-14,23.93,23.954,23.93,23.954,23.3923,6303.0,0.0,1.0
2015-07-15,23.88,23.88,23.88,23.88,23.3201,123.0,0.0,1.0
2015-07-16,23.88,23.88,23.88,23.88,23.3201,23.0,0.0,1.0
2015-07-17,24.04,24.04,24.04,24.04,23.4763,120.0,0.0,1.0
2015-07-20,23.96,23.96,23.96,23.96,23.3982,473.0,0.0,1.0
2015-07-21,23.96,23.96,23.96,23.96,23.3982,51.0,0.0,1.0
2015-07-22,23.885,23.95,23.8526,23.95,23.3884,2127.0,0.0,1.0
2015-07-23,23.95,23.95,23.95,23.95,23.3884,52.0,0.0,1.0
2015-07-24,23.74,23.9,23.74,23.9,23.3396,2178.0,0.0,1.0
2015-07-27,23.81,23.87,23.78,23.78,23.2224,1342.0,0.0,1.0
2015-07-28,23.93,23.99,23.78,23.99,23.4275,11059.0,0.0,1.0
2015-07-29,23.87,23.87,23.84,23.84,23.281,856.0,0.0,1.0
2015-07-30,23.83,23.83,23.83,23.83,23.2713,1031.0,0.0,1.0
2015-07-31,23.83,23.83,23.83,23.83,23.2713,0.0,0.0,1.0
2015-08-03,23.83,23.83,23.83,23.83,23.2713,20.0,0.0,1.0
2015-08-04,23.83,23.83,23.83,23.83,23.2713,0.0,0.0,1.0
2015-08-05,23.873,23.9401,23.87,23.9401,23.3788,1322.0,0.0,1.0
2015-08-06,23.908,23.93,23.86,23.86,23.3005,6849.0,0.0,1.0
2015-08-07,23.86,23.86,23.86,23.86,23.3005,24.0,0.0,1.0
2015-08-10,23.86,23.86,23.86,23.86,23.3005,1.0,0.0,1.0
2015-08-11,24.1,24.1,24.09,24.09,23.5252,2700.0,0.0,1.0
2015-08-12,24.09,24.09,24.09,24.09,23.5252,2.0,0.0,1.0
2015-08-13,24.09,24.09,24.09,24.09,23.5252,22.0,0.0,1.0
2015-08-14,24.09,24.09,24.09,24.09,23.5252,12.0,0.0,1.0
2015-08-17,24.23,24.248,24.2157,24.2157,23.6479,835.0,0.0,1.0
2015-08-18,24.2157,24.2157,24.2157,24.2157,23.6479,25.0,0.0,1.0
2015-08-19,24.2157,24.2157,24.2157,24.2157,23.6479,24.0,0.0,1.0
2015-08-20,24.21,24.21,24.21,24.21,23.6423,503.0,0.0,1.0
2015-08-21,24.04,24.15,24.02,24.15,23.5837,6727.0,0.0,1.0
2015-08-24,24.15,24.15,24.15,24.15,23.5837,307.0,0.0,1.0
2015-08-25,24.63,24.63,23.39,23.39,22.8416,2643.0,0.0,1.0
2015-08-26,23.39,23.39,23.39,23.39,22.8416,103.0,0.0,1.0
2015-08-27,23.6,23.74,23.6,23.736,23.1795,2316.0,0.0,1.0
2015-08-28,23.63,23.633000000000006,23.63,23.63,23.0759,2025.0,0.0,1.0
2015-08-31,23.01,23.64,23.01,23.64,23.0857,6600.0,0.0,1.0
2015-09-01,23.44,23.44,23.42,23.42,22.8709,10102.0,0.0,1.0
2015-09-02,23.42,23.42,23.42,23.42,22.8709,3.0,0.0,1.0
2015-09-03,23.511,23.511,23.51,23.51,22.9588,311.0,0.0,1.0
2015-09-04,23.51,23.51,23.51,23.51,22.9588,2.0,0.0,1.0
2015-09-08,23.39,23.39,23.39,23.39,22.8416,475.0,0.0,1.0
2015-09-09,23.39,23.39,23.39,23.39,22.8416,109.0,0.0,1.0
2015-09-10,23.39,23.39,23.39,23.39,22.8416,4.0,0.0,1.0
2015-09-11,23.39,23.39,23.39,23.39,22.8416,5.0,0.0,1.0
2015-09-14,23.32,23.3604,23.31,23.31,22.7634,1613.0,0.0,1.0
2015-09-15,23.28,23.3261,23.28,23.3261,22.7792,1413.0,0.0,1.0
2015-09-16,23.3261,23.3261,23.3261,23.3261,22.7792,15.0,0.0,1.0
2015-09-17,23.436,23.436,23.436,23.436,22.8865,200.0,0.0,1.0
2015-09-18,23.436,23.436,23.436,23.436,22.8865,0.0,0.0,1.0
2015-09-21,23.436,23.436,23.436,23.436,22.8865,63.0,0.0,1.0
2015-09-22,23.436,23.436,23.436,23.436,22.8865,2.0,0.0,1.0
2015-09-23,23.436,23.436,23.436,23.436,22.8865,2.0,0.0,1.0
2015-09-24,23.52,23.52,23.52,23.52,22.9685,894.0,0.0,1.0
2015-09-25,23.52,23.52,23.52,23.52,22.9685,0.0,0.0,1.0
2015-09-28,23.52,23.52,23.52,23.52,22.9685,15.0,0.0,1.0
2015-09-29,23.34,23.354,23.34,23.354,22.8064,1505.0,0.0,1.0
2015-09-30,23.3435,23.44,23.3,23.44,22.8904,9908.0,0.0,1.0
2015-10-01,23.44,23.44,23.44,23.44,22.8904,5.0,0.0,1.0
2015-10-02,23.44,23.44,23.44,23.44,22.8904,278.0,0.0,1.0
2015-10-05,23.7888,23.7888,23.74,23.74,23.1834,528.0,0.0,1.0
2015-10-06,23.73,23.83,23.73,23.83,23.2713,614.0,0.0,1.0
2015-10-07,23.89,23.89,23.89,23.89,23.3298,333.0,0.0,1.0
2015-10-08,23.89,23.89,23.89,23.89,23.3298,5.0,0.0,1.0
2015-10-09,23.944000000000006,23.957,23.94,23.957,23.3953,1165.0,0.0,1.0
2015-10-12,23.957,23.957,23.957,23.957,23.3953,10.0,0.0,1.0
2015-10-13,24.0404,24.0404,24.02,24.032,23.4685,566.0,0.0,1.0
2015-10-14,24.2,24.2,24.15,24.15,23.5837,1117.0,0.0,1.0
2015-10-15,24.15,24.15,24.15,24.15,23.5837,8.0,0.0,1.0
2015-10-16,24.16,24.2031,24.16,24.2014,23.6339,2068.0,0.0,1.0
2015-10-19,24.2014,24.2014,24.2014,24.2014,23.6339,12.0,0.0,1.0
2015-10-20,24.3199,24.3199,24.2078,24.2078,23.6402,1444.0,0.0,1.0
2015-10-21,24.2078,24.2078,24.2078,24.2078,23.6402,3.0,0.0,1.0
2015-10-22,24.2078,24.2078,24.2078,24.2078,23.6402,3.0,0.0,1.0
2015-10-23,24.2078,24.2078,24.2078,24.2078,23.6402,47.0,0.0,1.0
2015-10-26,24.33,24.33,24.25,24.27,23.7009,2975.0,0.0,1.0
2015-10-27,24.25,24.28,24.2,24.2,23.6326,5950.0,0.0,1.0
2015-10-28,24.31,24.31,24.31,24.31,23.74,166.0,0.0,1.0
2015-10-29,24.22,24.22,24.22,24.22,23.6521,1866.0,0.0,1.0
2015-10-30,23.99,23.99,23.99,23.99,23.4275,122.0,0.0,1.0
2015-11-02,23.99,23.99,23.99,23.99,23.4275,31.0,0.0,1.0
2015-11-03,24.004,24.004,24.0,24.003,23.4402,579.0,0.0,1.0
2015-11-04,24.003,24.003,24.003,24.003,23.4402,19.0,0.0,1.0
2015-11-05,23.99,23.99,23.784,23.784,23.2263,383.0,0.0,1.0
2015-11-06,23.73,23.73,23.68,23.68,23.1248,505.0,0.0,1.0
2015-11-09,23.4401,23.4896,23.44,23.4896,22.9388,733.0,0.0,1.0
2015-11-10,23.4896,23.4896,23.4896,23.4896,22.9388,3.0,0.0,1.0
2015-11-11,23.42,23.42,23.4,23.4,22.8513,4017.0,0.0,1.0
2015-11-12,23.4,23.4,23.4,23.4,22.8513,203.0,0.0,1.0
2015-11-13,23.4,23.4,23.4,23.4,22.8513,6.0,0.0,1.0
2015-11-16,23.4,23.4,23.4,23.4,22.8513,26.0,0.0,1.0
2015-11-17,23.4,23.4,23.4,23.4,22.8513,54.0,0.0,1.0
2015-11-18,23.3272,23.3272,23.3235,23.3235,22.7766,581.0,0.0,1.0
2015-11-19,23.45,23.45,23.45,23.45,22.9002,316.0,0.0,1.0
2015-11-20,23.45,23.45,23.45,23.45,22.9002,6.0,0.0,1.0
2015-11-23,23.45,23.45,23.45,23.45,22.9002,12.0,0.0,1.0
2015-11-24,23.49,23.49,23.49,23.49,22.9392,137.0,0.0,1.0
2015-11-25,23.49,23.49,23.49,23.49,22.9392,18.0,0.0,1.0
2015-11-27,23.49,23.49,23.49,23.49,22.9392,8.0,0.0,1.0
2015-11-30,23.49,23.49,23.49,23.49,22.9392,73.0,0.0,1.0
2015-12-01,23.49,23.49,23.49,23.49,22.9392,3.0,0.0,1.0
2015-12-02,23.49,23.49,23.49,23.49,22.9392,2.0,0.0,1.0
2015-12-03,23.49,23.49,23.49,23.49,22.9392,35.0,0.0,1.0
2015-12-04,23.49,23.49,23.49,23.49,22.9392,8.0,0.0,1.0
2015-12-07,23.49,23.49,23.49,23.49,22.9392,115.0,0.0,1.0
2015-12-08,23.42,23.42,23.39,23.42,22.8709,5406.0,0.0,1.0
2015-12-09,23.42,23.42,23.42,23.42,22.8709,50.0,0.0,1.0
2015-12-10,23.373,23.373,23.373,23.373,22.825,137.0,0.0,1.0
2015-12-11,23.373,23.373,23.373,23.373,22.825,27.0,0.0,1.0
2015-12-14,23.23,23.29,23.21,23.21,22.6658,6193.0,0.0,1.0
2015-12-15,23.21,23.21,23.21,23.21,22.6658,12.0,0.0,1.0
2015-12-16,23.21,23.21,23.21,23.21,22.6658,1.0,0.0,1.0
2015-12-17,23.32,23.55,23.32,23.382,22.8338,4638.0,0.0,1.0
2015-12-18,23.3,23.3,23.3,23.3,22.7537,422.0,0.0,1.0
2015-12-21,23.474,23.5615,23.474,23.5615,23.009,402.0,0.0,1.0
2015-12-22,23.59,23.59,23.59,23.59,23.0369,6385.0,0.0,1.0
2015-12-23,23.61,23.61,23.48,23.48,22.9295,4127.0,0.0,1.0
2015-12-24,23.48,23.48,23.48,23.48,22.9295,0.0,0.0,1.0
2015-12-28,23.5185,23.5185,23.5185,23.5185,22.9671,252.0,0.0,1.0
2015-12-29,23.416,23.416,23.2513,23.2513,22.9551,1400.0,0.2549,1.0
2015-12-30,23.14,23.28,23.14,23.1601,22.865,1589.0,0.0,1.0
2015-12-31,23.1,23.1,23.1,23.1,22.8057,104.0,0.0,1.0
2016-01-04,23.12,23.12,23.12,23.12,22.8254,130.0,0.0,1.0
2016-01-05,23.1801,23.27,23.1801,23.27,22.9735,365.0,0.0,1.0
2016-01-06,23.27,23.27,23.27,23.27,22.9735,128.0,0.0,1.0
2016-01-07,23.27,23.27,23.27,23.27,22.9735,0.0,0.0,1.0
2016-01-08,23.13,23.13,23.09,23.09,22.7958,2928.0,0.0,1.0
2016-01-11,24.203000000000007,24.203000000000007,23.03,23.03,22.7366,244.0,0.0,1.0
2016-01-12,23.02,23.02,23.02,23.02,22.7267,125.0,0.0,1.0
2016-01-13,23.182,23.182,23.182,23.182,22.8867,1761.0,0.0,1.0
2016-01-14,23.182,23.182,23.182,23.182,22.8867,13.0,0.0,1.0
2016-01-15,23.1154,23.2,23.1154,23.18,22.8847,1136.0,0.0,1.0
2016-01-19,23.04,23.11,23.02,23.02,22.7267,4655.0,0.0,1.0
2016-01-20,23.17,23.17,23.1217,23.1217,22.8271,1025.0,0.0,1.0
2016-01-21,23.07,23.07,23.07,23.07,22.7761,102.0,0.0,1.0
2016-01-22,23.07,23.07,23.07,23.07,22.7761,0.0,0.0,1.0
2016-01-25,23.07,23.07,23.07,23.07,22.7761,29.0,0.0,1.0
2016-01-26,23.07,23.07,23.07,23.07,22.7761,0.0,0.0,1.0
2016-01-27,23.27,23.27,23.21,23.24,22.9439,2069.0,0.0,1.0
2016-01-28,23.26,23.26,23.26,23.26,22.9637,205.0,0.0,1.0
2016-01-29,23.224,23.2308,23.2,23.2,22.9044,3097.0,0.0,1.0
2016-02-01,23.2601,23.2601,23.26,23.26,22.9637,816.0,0.0,1.0
2016-02-02,23.26,23.33,23.23,23.28,22.9834,6402.0,0.0,1.0
2016-02-03,23.3,23.47,23.3,23.36,23.0624,2453.0,0.0,1.0
2016-02-04,23.41,23.41,23.41,23.41,23.1117,132.0,0.0,1.0
2016-02-05,23.41,23.41,23.41,23.41,23.1117,7.0,0.0,1.0
2016-02-08,23.5465,23.5465,23.5465,23.5465,23.2465,212.0,0.0,1.0
2016-02-09,23.77,23.77,23.2813,23.2813,22.9847,1275.0,0.0,1.0
2016-02-10,23.63,23.73,23.63,23.68,23.3783,1919.0,0.0,1.0
2016-02-11,24.0,24.02,23.92,23.93,23.6251,975.0,0.0,1.0
2016-02-12,24.01,24.01,23.8001,23.8001,23.4969,408.0,0.0,1.0
2016-02-16,23.69,23.69,23.69,23.69,23.3882,108.0,0.0,1.0
2016-02-17,23.79,23.9038,23.79,23.9038,23.5993,606.0,0.0,1.0
2016-02-18,23.834,23.9999,23.834,23.91,23.6054,5398.0,0.0,1.0
2016-02-19,23.9707,23.9707,23.9707,23.9707,23.6653,506.0,0.0,1.0
2016-02-22,24.17,24.17,23.83,23.99,23.6844,1628.0,0.0,1.0
2016-02-23,23.85,24.017,23.81,23.8801,23.5759,32167.0,0.0,1.0
2016-02-24,23.9279,24.19,23.9,23.9,23.5955,12176.0,0.0,1.0
2016-02-25,23.8901,24.0673,23.8901,23.99,23.6844,8713.0,0.0,1.0
2016-02-26,23.85,24.0,23.78,23.84,23.5363,14490.0,0.0,1.0
2016-02-29,23.9,23.9,23.86,23.86,23.556,606.0,0.0,1.0
2016-03-01,23.9,23.9,23.9,23.9,23.5955,553.0,0.0,1.0
2016-03-02,23.91,23.91,23.91,23.91,23.6054,143.0,0.0,1.0
2016-03-03,24.0,24.0,24.0,24.0,23.6942,265.0,0.0,1.0
2016-03-04,24.22,24.22,24.12,24.13,23.8226,4402.0,0.0,1.0
2016-03-07,24.343000000000004,24.343000000000004,24.25,24.2954,23.9859,1030.0,0.0,1.0
2016-03-08,24.23,24.23,24.23,24.23,23.9213,108.0,0.0,1.0
2016-03-09,24.09,24.09,24.09,24.09,23.7831,158.0,0.0,1.0
2016-03-10,24.09,24.09,24.09,24.09,23.7831,6.0,0.0,1.0
2016-03-11,24.16,24.3088,24.16,24.3088,23.9991,1500.0,0.0,1.0
2016-03-14,24.4199,24.4199,24.4199,24.4199,24.1088,106.0,0.0,1.0
2016-03-15,24.4199,24.4199,24.4199,24.4199,24.1088,135.0,0.0,1.0
2016-03-16,24.26,24.33,24.19,24.19,23.8818,15018.0,0.0,1.0
2016-03-17,24.3419,24.3464,24.3419,24.3464,24.0362,1004.0,0.0,1.0
2016-03-18,24.53,24.6,24.35,24.5188,24.2064,11957.0,0.0,1.0
2016-03-21,24.62,24.62,24.22,24.4314,24.1201,2204.0,0.0,1.0
2016-03-22,24.579,24.62,24.4476,24.4476,24.1361,15837.0,0.0,1.0
2016-03-23,24.3288,24.392,24.11,24.16,23.8522,29585.0,0.0,1.0
2016-03-24,24.1,24.2699,24.1,24.11,23.8028,1004.0,0.0,1.0
2016-03-28,24.61,24.61,24.1,24.1599,23.8521,19647.0,0.0,1.0
2016-03-29,24.5031,24.5031,24.31,24.31,24.0003,850.0,0.0,1.0
2016-03-30,24.214,24.4499,24.21,24.3,23.9904,2251.0,0.0,1.0
2016-03-31,24.493,24.614,24.31,24.3714,24.0609,15498.0,0.0,1.0
2016-04-01,24.49,24.58,24.328000000000007,24.58,24.2668,1227.0,0.0,1.0
2016-04-04,24.4,24.5558,24.4,24.51,24.1977,3074.0,0.0,1.0
2016-04-05,24.4332,24.4332,24.4332,24.4332,24.1219,547.0,0.0,1.0
2016-04-06,24.3315,24.5258,24.3315,24.5258,24.2133,2073.0,0.0,1.0
2016-04-07,24.39,24.39,24.39,24.39,24.0793,239.0,0.0,1.0
2016-04-08,24.73,24.73,24.58,24.58,24.2668,1529.0,0.0,1.0
2016-04-11,24.74,24.74,24.3,24.66,24.3458,11157.0,0.0,1.0
2016-04-12,24.68,25.0,24.6,24.86,24.5433,7221.0,0.0,1.0
2016-04-13,24.6,24.72,24.32,24.32,24.0102,15548.0,0.0,1.0
2016-04-14,24.984,25.06,24.3,24.3,23.9904,10405.0,0.0,1.0
2016-04-15,25.0426,25.0426,24.6,24.6,24.2866,431.0,0.0,1.0
2016-04-18,24.78,25.189,24.318,24.89,24.5729,1411.0,0.0,1.0
2016-04-19,24.88,25.2299,24.1001,24.1001,23.7931,2904.0,0.0,1.0
2016-04-20,24.109,24.109,24.109,24.109,23.8018,617.0,0.0,1.0
2016-04-21,24.99,24.99,24.99,24.99,24.6716,488.0,0.0,1.0
2016-04-22,24.99,24.9999,24.36,24.3701,24.0596,24419.0,0.0,1.0
2016-04-25,24.69,24.6999,24.3,24.6999,24.3852,1371.0,0.0,1.0
2016-04-26,24.6999,24.6999,24.6999,24.6999,24.3852,40.0,0.0,1.0
2016-04-27,24.5999,24.5999,24.41,24.524,24.2116,1347.0,0.0,1.0
2016-04-28,24.59,24.5999,24.58,24.5999,24.2865,853.0,0.0,1.0
2016-04-29,24.55,24.59,24.55,24.59,24.2767,553.0,0.0,1.0
2016-05-02,24.5072,24.66,24.5,24.5501,24.2373,10130.0,0.0,1.0
2016-05-03,24.9999,24.9999,24.9999,24.9999,24.6814,389.0,0.0,1.0
2016-05-04,24.9999,24.9999,24.9999,24.9999,24.6814,22.0,0.0,1.0
2016-05-05,24.9999,24.9999,24.9999,24.9999,24.6814,30.0,0.0,1.0
2016-05-06,24.5,24.9999,24.5,24.69,24.3754,2391.0,0.0,1.0
2016-05-09,25.0,25.0,24.5,24.5289,24.2164,1270.0,0.0,1.0
2016-05-10,24.9999,24.9999,24.5001,24.75,24.4347,1847.0,0.0,1.0
2016-05-11,24.7499,24.7499,24.7499,24.7499,24.4346,596.0,0.0,1.0
2016-05-12,24.7499,24.75,24.4,24.4,24.0891,14765.0,0.0,1.0
2016-05-13,24.4,24.6174,24.4,24.5343,24.2217,1594.0,0.0,1.0
2016-05-16,24.88,24.88,24.7837,24.7837,24.4679,881.0,0.0,1.0
2016-05-17,24.7541,24.7541,24.7541,24.7541,24.4387,143.0,0.0,1.0
2016-05-18,24.7999,24.7999,24.5,24.5008,24.1886,2626.0,0.0,1.0
2016-05-19,24.41,24.42,24.4,24.4011,24.0902,3250.0,0.0,1.0
2016-05-20,24.41,24.45,24.4001,24.45,24.1385,1140.0,0.0,1.0
2016-05-23,24.4,24.59,24.4,24.5051,24.1929,2000.0,0.0,1.0
2016-05-24,24.8,24.8,24.8,24.8,24.484,931.0,0.0,1.0
2016-05-25,24.41,24.7642,24.41,24.49,24.178,668.0,0.0,1.0
2016-05-26,24.5,24.5203,24.5,24.5203,24.2079,369.0,0.0,1.0
2016-05-27,24.41,24.6289,24.4001,24.46,24.1484,2139.0,0.0,1.0
2016-05-31,24.4083,24.4083,24.1,24.14,23.8324,14263.0,0.0,1.0
2016-06-01,24.12,24.13,24.1,24.13,23.8226,4222.0,0.0,1.0
2016-06-02,24.13,24.13,24.13,24.13,23.8226,103.0,0.0,1.0
2016-06-03,24.3,24.5601,24.3,24.35,24.0398,4603.0,0.0,1.0
2016-06-06,25.23,25.23,24.11,24.6533,24.3392,28028.0,0.0,1.0
2016-06-07,24.6,24.68,24.3232,24.4,24.0891,6601.0,0.0,1.0
2016-06-08,24.2,24.85,24.2,24.59,24.2767,4901.0,0.0,1.0
2016-06-09,24.69,25.06,24.69,25.0,24.6815,4490.0,0.0,1.0
2016-06-10,24.65,26.48,24.5,24.88,24.563,18201.0,0.0,1.0
2016-06-13,24.75,25.25,24.49,24.63,24.3162,8337.0,0.0,1.0
2016-06-14,24.8,25.2,24.64,24.85,24.5334,8497.0,0.0,1.0
2016-06-15,24.9,24.99,24.76,24.76,24.4445,1542.0,0.0,1.0
2016-06-16,24.8775,24.8775,24.84,24.84,24.5235,702.0,0.0,1.0
2016-06-17,25.0,25.0,24.75,24.86,24.5433,6675.0,0.0,1.0
2016-06-20,25.0,25.0,24.771,24.84,24.5235,3518.0,0.0,1.0
2016-06-21,24.84,24.84,24.84,24.84,24.5235,40.0,0.0,1.0
2016-06-22,24.7,24.7,24.7,24.7,24.3853,216.0,0.0,1.0
2016-06-23,24.7,24.7,24.7,24.7,24.3853,133.0,0.0,1.0
2016-06-24,24.8935,24.8935,24.8935,24.8935,24.5763,145.0,0.0,1.0
2016-06-27,25.0,25.0,24.7,24.95,24.6321,880.0,0.0,1.0
2016-06-28,25.38,25.38,24.73,24.73,24.4149,1291.0,0.0,1.0
2016-06-29,24.73,24.73,24.73,24.73,24.4149,0.0,0.0,1.0
2016-06-30,25.82,25.82,25.15,25.4,25.0764,799.0,0.0,1.0
2016-07-01,25.3,25.3999,25.3,25.39,25.0665,670.0,0.0,1.0
2016-07-05,25.8701,25.873,24.7001,25.58,25.2541,3088.0,0.0,1.0
2016-07-06,25.58,25.58,25.58,25.58,25.2541,38.0,0.0,1.0
2016-07-07,25.9,25.993,25.69,25.7,25.3726,9002.0,0.0,1.0
2016-07-08,25.91,26.0999,25.8601,25.8601,25.5306,1980.0,0.0,1.0
2016-07-11,25.94,26.115,25.92,25.94,25.6095,3670.0,0.0,1.0
2016-07-12,25.94,25.94,25.94,25.94,25.6095,79.0,0.0,1.0
2016-07-13,25.94,25.94,25.94,25.94,25.6095,50.0,0.0,1.0
2016-07-14,26.07,26.07,26.07,26.07,25.7379,457.0,0.0,1.0
2016-07-15,26.17,26.17,26.005,26.09,25.7576,5973.0,0.0,1.0
2016-07-18,26.135,26.17,25.9,25.94,25.6095,2552.0,0.0,1.0
2016-07-19,26.129,26.1399,26.129,26.1399,25.8069,1119.0,0.0,1.0
2016-07-20,25.9,25.9,25.9,25.9,25.57,819.0,0.0,1.0
2016-07-21,25.9,25.9,25.9,25.9,25.57,167.0,0.0,1.0
2016-07-22,25.7501,25.8161,25.7501,25.8161,25.4872,888.0,0.0,1.0
2016-07-25,25.6,25.74,25.6,25.72,25.3923,3854.0,0.0,1.0
2016-07-26,26.01,26.0699,25.8972,25.8972,25.5673,3241.0,0.0,1.0
2016-07-27,25.8972,25.8972,25.8972,25.8972,25.5673,31.0,0.0,1.0
2016-07-28,25.8972,25.8972,25.8972,25.8972,25.5673,17.0,0.0,1.0
2016-07-29,26.05,26.05,26.05,26.05,25.7181,202.0,0.0,1.0
2016-08-01,26.34,26.34,26.13,26.13,25.7971,781.0,0.0,1.0
2016-08-02,26.3,26.32,26.14,26.17,25.8366,16762.0,0.0,1.0
2016-08-03,26.3,26.3,26.3,26.3,25.9649,436.0,0.0,1.0
2016-08-04,26.0,26.0,26.0,26.0,25.6687,1501.0,0.0,1.0
2016-08-05,26.16,26.179,25.96,25.99,25.6589,4576.0,0.0,1.0
2016-08-08,26.0361,26.16,25.86,25.86,25.5305,4309.0,0.0,1.0
2016-08-09,26.01,26.2499,25.861,25.965,25.6342,3787.0,0.0,1.0
2016-08-10,26.153,26.153,25.9601,26.1,25.7675,1530.0,0.0,1.0
2016-08-11,26.0,26.015,25.96,25.98,25.649,2293.0,0.0,1.0
2016-08-12,26.17,26.21,25.95,25.96,25.6293,1700.0,0.0,1.0
2016-08-15,25.91,25.9699,25.9,25.9,25.57,1873.0,0.0,1.0
2016-08-16,25.9,25.9,25.9,25.9,25.57,30.0,0.0,1.0
2016-08-17,25.9,25.9,25.9,25.9,25.57,19.0,0.0,1.0
2016-08-18,25.9,25.9,25.9,25.9,25.57,37.0,0.0,1.0
2016-08-19,25.9,25.9,25.9,25.9,25.57,50.0,0.0,1.0
2016-08-22,25.7301,25.9475,25.7301,25.84,25.5108,3836.0,0.0,1.0
2016-08-23,26.1135,26.1135,26.1135,26.1135,25.7808,203.0,0.0,1.0
2016-08-24,26.1135,26.1135,26.1135,26.1135,25.7808,93.0,0.0,1.0
2016-08-25,26.11,26.11,25.72,25.72,25.3923,2722.0,0.0,1.0
2016-08-26,25.98,25.98,25.98,25.98,25.649,144.0,0.0,1.0
2016-08-29,26.0,26.0,25.71,25.71,25.3824,5100.0,0.0,1.0
2016-08-30,25.58,25.6363,25.58,25.6363,25.3097,1291.0,0.0,1.0
2016-08-31,25.6363,25.6363,25.6363,25.6363,25.3097,6.0,0.0,1.0
2016-09-01,25.5,25.5401,25.5,25.5401,25.2147,789.0,0.0,1.0
2016-09-02,25.5401,25.5401,25.5401,25.5401,25.2147,0.0,0.0,1.0
2016-09-06,25.75,26.1382,25.75,26.1382,25.8052,1268.0,0.0,1.0
2016-09-07,26.1382,26.1382,26.1382,26.1382,25.8052,29.0,0.0,1.0
2016-09-08,25.9626,26.01,25.828000000000007,25.828000000000007,25.4989,1249.0,0.0,1.0
2016-09-09,25.574,25.574,25.574,25.574,25.2482,518.0,0.0,1.0
2016-09-12,25.5,25.88,25.2,25.4,25.0764,27329.0,0.0,1.0
2016-09-13,25.34,25.34,25.34,25.34,25.0172,263.0,0.0,1.0
2016-09-14,25.3891,25.5239,25.3891,25.44,25.1159,2261.0,0.0,1.0
2016-09-15,25.44,25.44,25.44,25.44,25.1159,154.0,0.0,1.0
2016-09-16,25.63,25.63,25.2201,25.28,24.9579,1779.0,0.0,1.0
2016-09-19,25.25,25.31,25.25,25.31,24.9875,257.0,0.0,1.0
2016-09-20,25.7399,25.7399,25.6016,25.6016,25.2754,890.0,0.0,1.0
2016-09-21,25.73,25.79,25.4655,25.7842,25.4557,2738.0,0.0,1.0
2016-09-22,26.04,26.04,25.89,25.89,25.5602,254.0,0.0,1.0
2016-09-23,25.89,25.89,25.89,25.89,25.5602,18.0,0.0,1.0
2016-09-26,25.89,25.89,25.89,25.89,25.5602,0.0,0.0,1.0
2016-09-27,25.89,25.89,25.89,25.89,25.5602,0.0,0.0,1.0
2016-09-28,25.89,25.89,25.89,25.89,25.5602,10.0,0.0,1.0
2016-09-29,25.89,25.89,25.89,25.89,25.5602,12.0,0.0,1.0
2016-09-30,25.7363,25.7363,25.63,25.63,25.3035,475.0,0.0,1.0
2016-10-03,25.6272,25.6272,25.6272,25.6272,25.3007,479.0,0.0,1.0
2016-10-04,25.6272,25.6272,25.6272,25.6272,25.3007,0.0,0.0,1.0
2016-10-05,25.2,25.2,25.2,25.2,24.8789,186.0,0.0,1.0
2016-10-06,25.2,25.2,25.2,25.2,24.8789,100.0,0.0,1.0
2016-10-07,25.1583,25.1583,25.1583,25.1583,24.8378,379.0,0.0,1.0
2016-10-10,25.242,25.242,25.242,25.242,24.9204,1128.0,0.0,1.0
2016-10-11,25.25,25.2577,24.89,24.89,24.5729,2884.0,0.0,1.0
2016-10-12,24.89,24.89,24.89,24.89,24.5729,0.0,0.0,1.0
2016-10-13,24.9804,24.9804,24.9804,24.9804,24.6621,196.0,0.0,1.0
2016-10-14,24.9401,24.9401,24.9401,24.9401,24.6224,287.0,0.0,1.0
2016-10-17,24.8734,24.8734,24.8734,24.8734,24.5565,161.0,0.0,1.0
2016-10-18,24.9124,25.0375,24.9124,25.0,24.6815,769.0,0.0,1.0
2016-10-19,25.0,25.0,25.0,25.0,24.6815,0.0,0.0,1.0
2016-10-20,25.0001,25.0001,25.0001,25.0001,24.6816,105.0,0.0,1.0
2016-10-21,25.03,25.03,25.03,25.03,24.7111,220.0,0.0,1.0
2016-10-24,25.03,25.03,25.03,25.03,24.7111,12.0,0.0,1.0
2016-10-25,25.03,25.03,25.03,25.03,24.7111,3.0,0.0,1.0
2016-10-26,24.93,25.01,24.93,24.98,24.6617,4184.0,0.0,1.0
2016-10-27,24.86,24.86,24.86,24.86,24.5433,105.0,0.0,1.0
2016-10-28,24.9889,24.9889,24.9889,24.9889,24.6705,279.0,0.0,1.0
2016-10-31,24.9889,24.9889,24.9889,24.9889,24.6705,43.0,0.0,1.0
2016-11-01,25.2859,25.2859,25.2859,25.2859,24.9637,255.0,0.0,1.0
2016-11-02,25.2124,25.2124,25.1441,25.1441,24.8238,628.0,0.0,1.0
2016-11-03,25.2471,25.2471,25.2471,25.2471,24.9254,500.0,0.0,1.0
2016-11-04,25.2471,25.2471,25.2471,25.2471,24.9254,102.0,0.0,1.0
2016-11-07,25.1,25.24,25.0983,25.23,24.9086,1985.0,0.0,1.0
2016-11-08,25.23,25.23,25.23,25.23,24.9086,37.0,0.0,1.0
2016-11-09,24.895,24.895,24.8567,24.8567,24.54,450.0,0.0,1.0
2016-11-10,24.85,24.8764,24.5301,24.8764,24.5595,9474.0,0.0,1.0
2016-11-11,24.334,24.334,24.334,24.334,24.024,676.0,0.0,1.0
2016-11-14,24.1362,24.255,24.1362,24.255,23.946,1139.0,0.0,1.0
2016-11-15,24.4865,24.4865,24.31,24.31,24.0003,1133.0,0.0,1.0
2016-11-16,24.31,24.31,24.31,24.31,24.0003,2.0,0.0,1.0
2016-11-17,24.05,24.29,24.05,24.29,23.9805,1149.0,0.0,1.0
2016-11-18,24.05,24.1128,24.0,24.1128,23.8056,2120.0,0.0,1.0
2016-11-21,23.93,24.99,23.93,24.49,24.178,13300.0,0.0,1.0
2016-11-22,24.02,24.4092,24.02,24.3008,23.9912,3269.0,0.0,1.0
2016-11-23,23.977,24.0628,23.977,24.007,23.7011,778.0,0.0,1.0
2016-11-25,24.1,24.1,24.1,24.1,23.793000000000006,841.0,0.0,1.0
2016-11-28,24.12,24.13,24.01,24.095,23.788,2461.0,0.0,1.0
2016-11-29,24.15,24.17,24.07,24.08,23.7732,4240.0,0.0,1.0
2016-11-30,23.9169,24.06,23.89,24.06,23.7535,3208.0,0.0,1.0
2016-12-01,23.83,23.99,23.83,23.99,23.6844,1080.0,0.0,1.0
2016-12-02,23.99,23.99,23.99,23.99,23.6844,0.0,0.0,1.0
2016-12-05,23.87,24.015,23.87,24.015,23.709,893.0,0.0,1.0
2016-12-06,23.94,24.046,23.94,24.01,23.7041,597.0,0.0,1.0
2016-12-07,24.4499,25.02,24.2836,24.67,24.3557,4866.0,0.0,1.0
2016-12-08,24.67,24.67,24.58,24.58,24.2668,1742.0,0.0,1.0
2016-12-09,24.58,24.5856,24.16,24.29,23.9805,3024.0,0.0,1.0
2016-12-12,24.27,24.46,24.085,24.37,24.0595,7208.0,0.0,1.0
2016-12-13,24.5,24.5,24.23,24.4043,24.0934,1032.0,0.0,1.0
2016-12-14,24.5538,24.5538,24.4669,24.4669,24.1552,652.0,0.0,1.0
2016-12-15,24.4669,24.4669,24.4669,24.4669,24.1552,11.0,0.0,1.0
2016-12-16,24.23,24.23,23.881,23.881,23.5767,1595.0,0.0,1.0
2016-12-19,23.8,24.0853,23.8,24.01,23.7041,1022.0,0.0,1.0
2016-12-20,24.1078,24.1078,23.977,23.977,23.6715,519.0,0.0,1.0
2016-12-21,23.9,24.0971,23.9,24.0971,23.7901,3020.0,0.0,1.0
2016-12-22,23.7601,24.86,23.76,24.0808,23.774,27494.0,0.0,1.0
2016-12-23,23.9,24.05,23.9,24.02,23.714,3740.0,0.0,1.0
2016-12-27,24.02,24.02,24.02,24.02,23.714,1.0,0.0,1.0
2016-12-28,24.2,24.4174,23.9,24.2256,24.2256,8670.0,0.3126,1.0
2016-12-29,24.2256,24.2256,24.2256,24.2256,24.2256,11.0,0.0,1.0
2016-12-30,24.29,24.58,24.29,24.29,24.29,1857.0,0.0,1.0
2017-01-03,23.95,24.37,23.95,24.17,24.17,5981.0,0.0,1.0
2017-01-04,24.11,24.6758,24.11,24.6758,24.6758,900.0,0.0,1.0
2017-01-05,24.26,24.66,24.25,24.38,24.38,1662.0,0.0,1.0
2017-01-06,24.3744,24.392,24.32,24.32,24.32,1428.0,0.0,1.0
2017-01-09,24.6346,24.66,24.42,24.585,24.585,1793.0,0.0,1.0
2017-01-10,24.66,24.9155,24.66,24.665,24.665,2637.0,0.0,1.0
2017-01-11,24.91,25.29,24.65,24.75,24.75,49321.0,0.0,1.0
2017-01-12,24.68,24.75,24.67,24.67,24.67,1062.0,0.0,1.0
2017-01-13,24.9003,25.23,24.57,24.57,24.57,1188.0,0.0,1.0
2017-01-17,24.73,24.73,24.73,24.73,24.73,351.0,0.0,1.0
2017-01-18,25.0229,25.0229,24.73,24.73,24.73,1116.0,0.0,1.0
2017-01-19,24.59,24.768,24.59,24.768,24.768,1135.0,0.0,1.0
2017-01-20,24.58,24.68,24.58,24.66,24.66,717.0,0.0,1.0
2017-01-23,24.9,24.9,24.9,24.9,24.9,436.0,0.0,1.0
2017-01-24,24.71,24.8085,24.7,24.8085,24.8085,951.0,0.0,1.0
2017-01-25,24.8145,24.8145,24.8145,24.8145,24.8145,100.0,0.0,1.0
2017-01-26,24.86,25.05,24.848000000000006,24.848000000000006,24.848000000000006,8251.0,0.0,1.0
2017-01-27,25.0243,25.0243,25.0243,25.0243,25.0243,247.0,0.0,1.0
2017-01-30,24.8332,24.8332,24.8332,24.8332,24.8332,157.0,0.0,1.0
2017-01-31,24.64,24.73,24.36,24.44,24.44,13122.0,0.0,1.0
2017-02-01,24.44,24.44,24.44,24.44,24.44,1.0,0.0,1.0
2017-02-02,24.5,24.86,24.5,24.61,24.61,2888.0,0.0,1.0
2017-02-03,24.8,24.8,24.8,24.8,24.8,224.0,0.0,1.0
2017-02-06,24.8,24.8,24.8,24.8,24.8,5.0,0.0,1.0
2017-02-07,24.47,24.57,24.47,24.57,24.57,5483.0,0.0,1.0
2017-02-08,24.98,25.06,24.85,24.88,24.88,1830.0,0.0,1.0
2017-02-09,24.95,24.95,24.5,24.5,24.5,2040.0,0.0,1.0
2017-02-10,24.5,24.59,24.5,24.54,24.54,4036.0,0.0,1.0
2017-02-13,24.5,25.0,24.5,24.99,24.99,2959.0,0.0,1.0
2017-02-14,24.57,24.81,24.57,24.81,24.81,1563.0,0.0,1.0
2017-02-15,24.38,24.72,24.38,24.48,24.48,855.0,0.0,1.0
2017-02-16,24.83,25.06,24.54,24.55,24.55,7578.0,0.0,1.0
2017-02-17,24.85,24.85,24.85,24.85,24.85,280.0,0.0,1.0
2017-02-21,24.53,24.68,24.53,24.68,24.68,467.0,0.0,1.0
2017-02-22,24.68,24.68,24.68,24.68,24.68,32.0,0.0,1.0
2017-02-23,24.68,24.68,24.68,24.68,24.68,0.0,0.0,1.0
2017-02-24,24.65,24.88,24.65,24.88,24.88,54560.0,0.0,1.0
2017-02-27,25.09,25.24,25.0,25.0,25.0,2154.0,0.0,1.0
2017-02-28,24.8,24.81,24.72,24.77,24.77,5700.0,0.0,1.0
2017-03-01,24.6,24.78,24.6,24.74,24.74,5493.0,0.0,1.0
2017-03-02,24.57,24.59,24.55,24.59,24.59,2558.0,0.0,1.0
2017-03-03,24.58,24.6,24.57,24.6,24.6,383.0,0.0,1.0
2017-03-06,24.48,24.79,24.44,24.79,24.79,3268.0,0.0,1.0
2017-03-07,24.79,24.79,24.79,24.79,24.79,19.0,0.0,1.0
2017-03-08,24.79,24.79,24.79,24.79,24.79,106.0,0.0,1.0
2017-03-09,24.25,24.42,24.17,24.23,24.23,1320.0,0.0,1.0
2017-03-10,24.18,24.31,24.15,24.31,24.31,3497.0,0.0,1.0
2017-03-13,24.31,24.31,24.16,24.25,24.25,3671.0,0.0,1.0
2017-03-14,24.05,24.4,24.05,24.2,24.2,8318.0,0.0,1.0
2017-03-15,24.2,24.2,24.2,24.2,24.2,0.0,0.0,1.0
2017-03-16,24.2,24.2,24.2,24.2,24.2,153.0,0.0,1.0
2017-03-17,24.33,24.56,24.32,24.51,24.51,1585.0,0.0,1.0
2017-03-20,24.51,24.64,24.51,24.64,24.64,892.0,0.0,1.0
2017-03-21,24.64,24.64,24.64,24.64,24.64,37.0,0.0,1.0
2017-03-22,24.6,24.6,24.56,24.56,24.56,465.0,0.0,1.0
2017-03-23,24.68,24.8,24.55,24.55,24.55,4609.0,0.0,1.0
2017-03-24,24.76,24.76,24.76,24.76,24.76,142.0,0.0,1.0
2017-03-27,24.76,24.76,24.76,24.76,24.76,104.0,0.0,1.0
2017-03-28,24.76,24.76,24.76,24.76,24.76,2.0,0.0,1.0
2017-03-29,24.57,24.99,24.57,24.99,24.99,2330.0,0.0,1.0
2017-03-30,24.71,24.74,24.55,24.71,24.71,4694.0,0.0,1.0
2017-03-31,24.71,24.71,24.71,24.71,24.71,63.0,0.0,1.0
2017-04-03,24.8,24.8,24.8,24.8,24.8,274.0,0.0,1.0
2017-04-04,24.76,24.98,24.7,24.98,24.98,3875.0,0.0,1.0
2017-04-05,24.72,24.72,24.72,24.72,24.72,152.0,0.0,1.0
2017-04-06,24.72,24.72,24.72,24.72,24.72,0.0,0.0,1.0
2017-04-07,24.72,24.72,24.72,24.72,24.72,0.0,0.0,1.0
2017-04-10,24.72,24.72,24.72,24.72,24.72,0.0,0.0,1.0
2017-04-11,24.89,24.89,24.87,24.87,24.87,599.0,0.0,1.0
2017-04-12,25.0,25.0,24.99,24.99,24.99,730.0,0.0,1.0
2017-04-13,25.0,25.05,25.0,25.05,25.05,1714.0,0.0,1.0
2017-04-17,24.8,24.8,24.8,24.8,24.8,105.0,0.0,1.0
2017-04-18,24.95,25.0,24.95,24.95,24.95,1220.0,0.0,1.0
2017-04-19,24.97,24.99,24.97,24.99,24.99,904.0,0.0,1.0
2017-04-20,24.84,24.84,24.84,24.84,24.84,101.0,0.0,1.0
2017-04-21,24.94,24.96,24.94,24.96,24.96,1344.0,0.0,1.0
2017-04-24,24.96,24.96,24.96,24.96,24.96,1.0,0.0,1.0
2017-04-25,24.83,24.88,24.83,24.88,24.88,521.0,0.0,1.0
2017-04-26,24.91,24.91,24.91,24.91,24.91,156.0,0.0,1.0
2017-04-27,24.91,24.91,24.91,24.91,24.91,0.0,0.0,1.0
2017-04-28,25.13,25.13,25.13,25.13,25.13,441.0,0.0,1.0
2017-05-01,24.66,24.76,24.66,24.76,24.76,222.0,0.0,1.0
2017-05-02,24.76,24.76,24.76,24.76,24.76,0.0,0.0,1.0
2017-05-03,24.8,24.8,24.8,24.8,24.8,152.0,0.0,1.0
2017-05-04,24.67,24.77,24.67,24.76,24.76,1317.0,0.0,1.0
2017-05-05,24.78,24.8,24.78,24.8,24.8,300.0,0.0,1.0
2017-05-08,24.8,24.8,24.8,24.8,24.8,10.0,0.0,1.0
2017-05-09,24.8,24.8,24.8,24.8,24.8,3.0,0.0,1.0
2017-05-10,24.8,24.8,24.8,24.8,24.8,0.0,0.0,1.0
2017-05-11,24.8,24.8,24.8,24.8,24.8,233.0,0.0,1.0
2017-05-12,24.65,24.65,24.53,24.53,24.53,759.0,0.0,1.0
2017-05-15,24.53,24.53,24.53,24.53,24.53,26.0,0.0,1.0
2017-05-16,24.73,24.75,24.49,24.49,24.49,2698.0,0.0,1.0
2017-05-17,24.71,24.71,24.71,24.71,24.71,472.0,0.0,1.0
2017-05-18,24.71,24.71,24.71,24.71,24.71,0.0,0.0,1.0
2017-05-19,24.8,24.8,24.8,24.8,24.8,311.0,0.0,1.0
2017-05-22,24.9,24.9,24.78,24.9,24.9,810.0,0.0,1.0
2017-05-23,24.9,24.9,24.9,24.9,24.9,79.0,0.0,1.0
2017-05-24,24.97,24.97,24.97,24.97,24.97,105.0,0.0,1.0
2017-05-25,24.97,24.97,24.97,24.97,24.97,0.0,0.0,1.0
2017-05-26,24.97,24.97,24.97,24.97,24.97,2.0,0.0,1.0
2017-05-30,25.01,25.01,25.0,25.01,25.01,1849.0,0.0,1.0
2017-05-31,25.12,25.12,25.12,25.12,25.12,219.0,0.0,1.0
2017-06-01,25.12,25.12,25.12,25.12,25.12,2.0,0.0,1.0
2017-06-02,25.12,25.12,25.12,25.12,25.12,60.0,0.0,1.0
2017-06-05,25.23,25.45,25.2,25.45,25.45,2394.0,0.0,1.0
2017-06-06,25.41,25.41,25.41,25.41,25.41,455.0,0.0,1.0
2017-06-07,25.44,25.45,25.44,25.45,25.45,1102.0,0.0,1.0
2017-06-08,25.45,25.45,25.45,25.45,25.45,2.0,0.0,1.0
2017-06-09,25.45,25.45,25.45,25.45,25.45,24.0,0.0,1.0
2017-06-12,24.99,25.15,24.99,25.01,25.01,1745.0,0.0,1.0
2017-06-13,25.35,25.35,25.35,25.35,25.35,306.0,0.0,1.0
2017-06-14,25.35,25.45,25.08,25.08,25.08,3696.0,0.0,1.0
2017-06-15,25.08,25.08,25.08,25.08,25.08,1.0,0.0,1.0
2017-06-16,25.0,25.03,22.57,25.02,25.02,5115.0,0.0,1.0
2017-06-19,24.96,24.96,24.96,24.96,24.96,312.0,0.0,1.0
2017-06-20,25.29,25.33,25.09,25.33,25.33,5164.0,0.0,1.0
2017-06-21,25.33,25.33,25.33,25.33,25.33,311.0,0.0,1.0
2017-06-22,25.45,25.45,25.18,25.18,25.18,469.0,0.0,1.0
2017-06-23,25.18,25.18,25.18,25.18,25.18,0.0,0.0,1.0
2017-06-26,25.45,25.45,25.06,25.06,25.06,208.0,0.0,1.0
2017-06-27,25.44,25.44,25.29,25.29,25.29,277.0,0.0,1.0
2017-06-28,25.44,25.44,25.28,25.28,25.28,2117.0,0.0,1.0
2017-06-29,25.28,25.28,25.28,25.28,25.28,0.0,0.0,1.0
2017-06-30,25.1,25.1,25.1,25.1,25.1,137.0,0.0,1.0
2017-07-03,25.1,25.1,25.1,25.1,25.1,1.0,0.0,1.0
2017-07-05,25.27,25.27,25.27,25.27,25.27,101.0,0.0,1.0
2017-07-06,25.27,25.27,25.27,25.27,25.27,0.0,0.0,1.0
2017-07-07,24.73,24.73,24.58,24.58,24.58,1018.0,0.0,1.0
2017-07-10,24.67,25.23,24.67,25.17,25.17,4163.0,0.0,1.0
2017-07-11,24.95,25.02,24.95,25.02,25.02,274.0,0.0,1.0
2017-07-12,25.02,25.02,25.02,25.02,25.02,0.0,0.0,1.0
2017-07-13,25.02,25.02,25.02,25.02,25.02,0.0,0.0,1.0
2017-07-14,25.02,25.02,25.02,25.02,25.02,52.0,0.0,1.0
2017-07-17,25.43,25.43,25.43,25.43,25.43,328.0,0.0,1.0
2017-07-18,25.425,25.425,25.425,25.425,25.425,0.0,0.0,1.0
2017-07-19,25.43,25.43,25.43,25.43,25.43,0.0,0.0,1.0
2017-07-20,25.43,25.43,25.43,25.43,25.43,0.0,0.0,1.0
2017-07-21,25.43,25.43,25.43,25.43,25.43,2.0,0.0,1.0
2017-07-24,25.45,25.45,25.13,25.21,25.21,5004.0,0.0,1.0
2017-07-25,25.12,25.16,25.12,25.16,25.16,2398.0,0.0,1.0
2017-07-26,24.96,25.2,24.96,25.2,25.2,1088.0,0.0,1.0
2017-07-27,25.2,25.2,25.12,25.12,25.12,602.0,0.0,1.0
2017-07-28,25.2,25.26,25.19,25.19,25.19,804.0,0.0,1.0
2017-07-31,25.47,26.69,25.23,25.71,25.71,14729.0,0.0,1.0
2017-08-01,26.0,26.0,25.66,25.7,25.7,1591.0,0.0,1.0
2017-08-02,25.26,26.0,25.25,25.7,25.7,5662.0,0.0,1.0
2017-08-03,26.0,26.0,25.56,25.56,25.56,355.0,0.0,1.0
2017-08-04,25.56,25.56,25.56,25.56,25.56,0.0,0.0,1.0
2017-08-07,26.0,26.0,26.0,26.0,26.0,129.0,0.0,1.0
2017-08-08,25.73,25.73,25.54,25.54,25.54,1165.0,0.0,1.0
2017-08-09,26.0,26.0,25.0,25.0,25.0,19810.0,0.0,1.0
2017-08-10,25.0,25.0,25.0,25.0,25.0,0.0,0.0,1.0
2017-08-11,25.32,25.74,25.31,25.74,25.74,9241.0,0.0,1.0
2017-08-14,25.27,25.67,25.27,25.67,25.67,3071.0,0.0,1.0
2017-08-15,25.22,25.49,25.22,25.49,25.49,6366.0,0.0,1.0
2017-08-16,25.39,25.39,25.39,25.39,25.39,320.0,0.0,1.0
2017-08-17,25.41,25.7,25.33,25.7,25.7,10958.0,0.0,1.0
2017-08-18,25.7,25.7,25.7,25.7,25.7,0.0,0.0,1.0
2017-08-21,25.7,25.7,25.7,25.7,25.7,10.0,0.0,1.0
2017-08-22,25.32,25.69,25.32,25.4,25.4,16925.0,0.0,1.0
2017-08-23,25.38,25.43,25.38,25.38,25.38,8156.0,0.0,1.0
2017-08-24,25.69,25.72,25.59,25.68,25.68,905.0,0.0,1.0
2017-08-25,25.68,25.68,25.68,25.68,25.68,0.0,0.0,1.0
2017-08-28,25.68,25.68,25.68,25.68,25.68,3.0,0.0,1.0
2017-08-29,25.63,25.6503,25.63,25.63,25.63,1033.0,0.0,1.0
2017-08-30,25.42,25.71,25.42,25.71,25.71,814.0,0.0,1.0
2017-08-31,25.71,25.71,25.71,25.71,25.71,60.0,0.0,1.0
2017-09-01,25.71,25.71,25.71,25.71,25.71,46.0,0.0,1.0
2017-09-05,25.71,25.71,25.71,25.71,25.71,7.0,0.0,1.0
2017-09-06,25.71,25.71,25.71,25.71,25.71,0.0,0.0,1.0
2017-09-07,25.93,25.95,25.93,25.93,25.93,1641.0,0.0,1.0
2017-09-08,25.82,26.29,25.82,26.29,26.29,3275.0,0.0,1.0
2017-09-11,26.28,26.28,26.28,26.28,26.28,282.0,0.0,1.0
2017-09-12,26.28,26.28,26.28,26.28,26.28,0.0,0.0,1.0
2017-09-13,25.81,25.81,25.76,25.8,25.8,1174.0,0.0,1.0
2017-09-14,25.84,25.84,25.84,25.84,25.84,260.0,0.0,1.0
2017-09-15,25.842,25.842,25.842,25.842,25.842,4.0,0.0,1.0
2017-09-18,25.68,25.86,25.68,25.86,25.86,1452.0,0.0,1.0
2017-09-19,25.66,25.66,25.66,25.66,25.66,222.0,0.0,1.0
2017-09-20,25.66,25.66,25.66,25.66,25.66,0.0,0.0,1.0
2017-09-21,25.53,25.63,25.53,25.63,25.63,2859.0,0.0,1.0
2017-09-22,25.63,25.63,25.63,25.63,25.63,191.0,0.0,1.0
2017-09-25,25.46,25.8,25.0,25.62,25.62,27505.0,0.0,1.0
2017-09-26,25.57,25.85,25.57,25.58,25.58,22797.0,0.0,1.0
2017-09-27,25.73,25.73,25.45,25.45,25.45,2449.0,0.0,1.0
2017-09-28,25.83,25.83,25.42,25.42,25.42,11406.0,0.0,1.0
2017-09-29,25.62,25.62,25.62,25.62,25.62,100.0,0.0,1.0
2017-10-02,25.45,25.75,25.43,25.48,25.48,6875.0,0.0,1.0
2017-10-03,25.65,25.65,25.6,25.6,25.6,300.0,0.0,1.0
2017-10-04,25.6,25.6,25.6,25.6,25.6,6.0,0.0,1.0
2017-10-05,25.46,25.78,25.41,25.78,25.78,1005.0,0.0,1.0
2017-10-06,25.5,25.69,25.46,25.52,25.52,5934.0,0.0,1.0
