date,1. open,2. high,3. low,4. close,5. adjusted close,6. volume,7. dividend amount,8. split coefficient
2013-06-26,20.0,20.0199,20.0,20.0,12.3346,218437.0,0.0,1.0
2013-06-27,20.0,20.03,20.0,20.0,12.3346,71130.0,0.0,1.0
2013-06-28,20.0,20.03,20.0,20.0,12.3346,78165.0,0.0,1.0
2013-07-01,20.02,20.02,20.01,20.01,12.3408,3110.0,0.0,1.0
2013-07-02,20.03,20.03,20.01,20.01,12.3408,3065.0,0.0,1.0
2013-07-03,20.03,20.03,20.0,20.01,12.3408,4118.0,0.0,1.0
2013-07-05,20.05,20.0501,20.0,20.03,12.3531,9398.0,0.0,1.0
2013-07-08,20.03,20.03,20.0,20.01,12.3408,39852.0,0.0,1.0
2013-07-09,20.01,20.01,20.0,20.0,12.3346,8075.0,0.0,1.0
2013-07-10,20.01,20.0199,20.0007,20.0007,12.335,3025.0,0.0,1.0
2013-07-11,20.0,20.01,20.0,20.0016,12.3356,11800.0,0.0,1.0
2013-07-12,20.0001,20.01,20.0,20.0,12.3346,3821.0,0.0,1.0
2013-07-15,20.0,20.01,20.0,20.0,12.3346,6865.0,0.0,1.0
2013-07-16,20.0,20.01,20.0,20.0,12.3346,9455.0,0.0,1.0
2013-07-17,20.0,20.0099,20.0,20.0,12.3346,19350.0,0.0,1.0
2013-07-18,20.0,20.0001,19.98,20.0,12.3346,47526.0,0.0,1.0
2013-07-19,20.01,20.01,20.01,20.01,12.3408,2000.0,0.0,1.0
2013-07-22,20.0,20.01,20.0,20.0,12.3346,7200.0,0.0,1.0
2013-07-23,20.01,20.37,20.01,20.29,12.5135,32700.0,0.0,1.0
2013-07-24,20.37,20.4,20.016,20.3,12.5196,36710.0,0.0,1.0
2013-07-25,20.2,20.2101,20.0,20.0,12.3346,40153.0,0.0,1.0
2013-07-26,20.0,20.01,20.0,20.0,12.3346,15500.0,0.0,1.0
2013-07-29,20.0,20.01,20.0,20.0,12.3346,281373.0,0.0,1.0
2013-07-30,20.0,20.02,20.0,20.0,12.3346,63065.0,0.0,1.0
2013-07-31,20.02,20.0984,20.0,20.03,12.3531,34100.0,0.0,1.0
2013-08-01,20.026,20.1,20.0,20.05,12.3654,20250.0,0.0,1.0
2013-08-02,20.25,20.35,20.03,20.05,12.3654,66381.0,0.0,1.0
2013-08-05,20.1,20.18,20.01,20.1024,12.3978,48261.0,0.0,1.0
2013-08-06,20.0,20.2,20.0,20.07,12.3778,63951.0,0.0,1.0
2013-08-07,20.11,20.11,20.0,20.0,12.3346,36717.0,0.0,1.0
2013-08-08,20.001,20.04,20.0,20.0,12.3346,9150.0,0.0,1.0
2013-08-09,20.0,20.01,19.84,19.98,12.3223,67500.0,0.0,1.0
2013-08-12,19.94,19.94,19.65,19.79,12.2051,31275.0,0.0,1.0
2013-08-13,19.88,19.88,19.43,19.67,12.1311,63818.0,0.0,1.0
2013-08-14,20.0,20.25,19.9,19.98,12.3223,56261.0,0.0,1.0
2013-08-15,19.74,19.74,19.33,19.35,12.017,44324.0,0.135,1.0
2013-08-16,19.26,19.38,18.81,18.85,11.7065,32492.0,0.0,1.0
2013-08-19,18.62,19.0,18.62,18.95,11.7686,55548.0,0.0,1.0
2013-08-20,18.84,18.84,18.35,18.36,11.4022,34032.0,0.0,1.0
2013-08-21,18.32,18.67,17.1501,17.43,10.8246,49582.0,0.0,1.0
2013-08-22,17.03,17.87,17.03,17.33,10.7625,21433.0,0.0,1.0
2013-08-23,17.449,17.64,17.18,17.41,10.8122,14576.0,0.0,1.0
2013-08-26,17.829,17.97,17.26,17.3,10.7439,19863.0,0.0,1.0
2013-08-27,17.12,17.48,17.05,17.35,10.7749,11100.0,0.0,1.0
2013-08-28,17.1,17.63,17.01,17.2801,10.7315,21438.0,0.0,1.0
2013-08-29,17.8,17.8899,17.11,17.3,10.7439,20619.0,0.0,1.0
2013-08-30,17.21,17.75,17.17,17.37,10.7873,33242.0,0.0,1.0
2013-09-03,17.455,17.86,17.45,17.61,10.9364,10500.0,0.0,1.0
2013-09-04,17.68,17.95,17.32,17.95,11.1475,5851.0,0.0,1.0
2013-09-05,17.86,18.44,17.27,17.6,10.9302,10138.0,0.0,1.0
2013-09-06,17.52,17.8899,17.47,17.69,10.9861,11936.0,0.0,1.0
2013-09-09,17.889,17.889,17.12,17.52,10.8805,22052.0,0.0,1.0
2013-09-10,17.49,17.75,17.49,17.532,10.8879,8750.0,0.0,1.0
2013-09-11,17.79,18.48,17.36,17.765,11.0326,23565.0,0.0,1.0
2013-09-12,17.564,17.6635,16.89,17.01,10.6476,49703.0,0.135,1.0
2013-09-13,17.01,17.2601,16.9999,17.13,10.7227,39243.0,0.0,1.0
2013-09-16,17.25,17.34,16.96,17.2,10.7665,46793.0,0.0,1.0
2013-09-17,17.2,17.2999,17.11,17.11,10.7102,25371.0,0.0,1.0
2013-09-18,17.27,17.43,16.68,17.35,10.8604,27053.0,0.0,1.0
2013-09-19,17.2,17.68,17.2,17.66,11.0545,14865.0,0.0,1.0
2013-09-20,17.39,17.61,17.1501,17.6,11.0169,20389.0,0.0,1.0
2013-09-23,17.44,17.579,17.35,17.35,10.8604,16028.0,0.0,1.0
2013-09-24,17.61,17.66,17.2,17.38,10.8792,19600.0,0.0,1.0
2013-09-25,17.51,17.7,17.399,17.49,10.9481,22810.0,0.0,1.0
2013-09-26,17.93,17.93,17.55,17.687,11.0714,23979.0,0.0,1.0
2013-09-27,17.95,17.95,17.391,17.6,11.0169,35415.0,0.0,1.0
2013-09-30,17.5116,17.84,17.5,17.82,11.1546,5825.0,0.0,1.0
2013-10-01,17.27,17.6226,17.27,17.54,10.9794,16052.0,0.0,1.0
2013-10-02,17.682,17.689,17.37,17.55,10.9856,10024.0,0.0,1.0
2013-10-03,17.75,17.75,17.05,17.3,10.8291,20014.0,0.0,1.0
2013-10-04,17.512,17.8799,17.5,17.8699,11.1859,22400.0,0.0,1.0
2013-10-07,17.74,17.8475,17.4,17.5,10.9543,23242.0,0.0,1.0
2013-10-08,17.4,17.53,17.0101,17.07,10.6852,52005.0,0.0,1.0
2013-10-09,17.02,17.45,16.76,17.02,10.6539,121540.0,0.0,1.0
2013-10-10,17.11,17.22,17.01,17.15,10.7352,25966.0,0.0,1.0
2013-10-11,17.07,17.35,17.06,17.1,10.7039,22131.0,0.0,1.0
2013-10-14,17.1701,17.309,17.0,17.148,10.734,38361.0,0.0,1.0
2013-10-15,17.15,17.3035,17.05,17.25,10.7978,25658.0,0.0,1.0
2013-10-16,17.28,17.44,17.25,17.4,10.8917,20203.0,0.0,1.0
2013-10-17,17.25,17.48,17.2268,17.35,10.9449,33727.0,0.135,1.0
2013-10-18,17.38,17.43,17.201,17.29,10.9071,18070.0,0.0,1.0
2013-10-21,17.31,17.5099,17.31,17.37,10.9576,14825.0,0.0,1.0
2013-10-22,17.37,17.74,17.37,17.49,11.0333,36749.0,0.0,1.0
2013-10-23,17.49,17.97,17.3801,17.846,11.2578,40632.0,0.0,1.0
2013-10-24,17.85,18.0,17.551,17.94,11.3171,58306.0,0.0,1.0
2013-10-25,17.87,18.0,17.7601,18.0,11.355,33660.0,0.0,1.0
2013-10-28,17.88,18.5,17.88,17.96,11.3297,23424.0,0.0,1.0
2013-10-29,18.392,18.392,18.01,18.01,11.3613,17751.0,0.0,1.0
2013-10-30,18.01,18.4665,17.75,17.92,11.3045,23669.0,0.0,1.0
2013-10-31,18.59,18.59,17.76,17.76,11.2036,21628.0,0.0,1.0
2013-11-01,18.083,18.083,17.76,18.04,11.3802,14572.0,0.0,1.0
2013-11-04,18.26,18.32,18.16,18.25,11.5127,11834.0,0.0,1.0
2013-11-05,18.0,18.03,17.77,18.01,11.3613,20204.0,0.0,1.0
2013-11-06,18.021,18.51,18.02,18.0901,11.4118,27519.0,0.0,1.0
2013-11-07,18.09,18.45,18.05,18.05,11.3865,12467.0,0.0,1.0
2013-11-08,18.02,18.199,18.02,18.199,11.4805,7030.0,0.0,1.0
2013-11-11,18.05,18.2987,18.02,18.289,11.5373,4940.0,0.0,1.0
2013-11-12,18.05,18.2799,17.68,17.68,11.1531,24419.0,0.0,1.0
2013-11-13,17.5,17.86,17.5,17.56,11.0774,15066.0,0.0,1.0
2013-11-14,17.45,17.5001,17.0701,17.12,10.885,25011.0,0.135,1.0
2013-11-15,17.16,17.4304,17.16,17.389,11.056,16948.0,0.0,1.0
2013-11-18,17.4,17.55,17.25,17.36,11.0376,26273.0,0.0,1.0
2013-11-19,17.26,17.3,17.11,17.29,10.9931,50503.0,0.0,1.0
2013-11-20,17.2755,17.279,17.0101,17.08,10.8596,48188.0,0.0,1.0
2013-11-21,17.31,17.435,17.03,17.2707,10.9808,27458.0,0.0,1.0
2013-11-22,17.27,17.38,17.04,17.1,10.8723,24035.0,0.0,1.0
2013-11-25,17.07,17.134,16.631,16.78,10.6688,89561.0,0.0,1.0
2013-11-26,16.78,16.94,16.68,16.9,10.7451,69317.0,0.0,1.0
2013-11-27,16.99,17.119,16.82,16.91,10.7515,36159.0,0.0,1.0
2013-11-29,17.02,17.02,16.8,16.8905,10.7391,20881.0,0.0,1.0
2013-12-02,16.811,17.033,16.7,16.77,10.6625,29397.0,0.0,1.0
2013-12-03,16.77,16.899,16.66,16.73,10.637,62132.0,0.0,1.0
2013-12-04,16.73,16.83,16.5212,16.72,10.6307,39217.0,0.0,1.0
2013-12-05,16.751,16.798,16.47,16.6,10.5544,50582.0,0.0,1.0
2013-12-06,16.54,16.79,16.54,16.71,10.6243,59131.0,0.0,1.0
2013-12-09,16.64,16.71,16.64,16.71,10.6243,24915.0,0.0,1.0
2013-12-10,16.7,16.91,16.67,16.79,10.6752,71780.0,0.0,1.0
2013-12-11,16.81,16.98,16.791,16.846,10.7108,27362.0,0.0,1.0
2013-12-12,16.7736,16.85,16.749,16.81,10.7737,26928.0,0.135,1.0
2013-12-13,16.79,16.949,16.785,16.89,10.825,54231.0,0.0,1.0
2013-12-16,17.0,17.079,16.85,16.86,10.8058,90024.0,0.0,1.0
2013-12-17,16.87,17.04,16.85,16.89,10.825,24181.0,0.0,1.0
2013-12-18,16.89,17.069,16.8,16.97,10.8763,38030.0,0.0,1.0
2013-12-19,17.082,17.082,16.8501,16.88,10.8186,36082.0,0.0,1.0
2013-12-20,16.89,16.9965,16.81,16.95,10.8635,76341.0,0.0,1.0
2013-12-23,16.9,17.17,16.89,17.08,10.9468,101482.0,0.0,1.0
2013-12-24,17.1,17.41,17.0,17.07,10.9404,25615.0,0.0,1.0
2013-12-26,17.19,17.2999,17.03,17.1354,10.9823,54975.0,0.0,1.0
2013-12-27,17.18,17.18,16.91,17.07,10.9404,78457.0,0.0,1.0
2013-12-30,16.98,17.1,16.93,17.1,10.9596,89902.0,0.0,1.0
2013-12-31,17.0,17.116,16.92,17.05,10.9276,95603.0,0.0,1.0
2014-01-02,17.05,17.19,17.05,17.16,10.9981,29517.0,0.0,1.0
2014-01-03,16.97,17.12,16.97,17.12,10.9724,29367.0,0.0,1.0
2014-01-06,17.04,17.27,17.04,17.222,11.0378,9671.0,0.0,1.0
2014-01-07,17.3,17.59,17.06,17.23,11.0429,56694.0,0.0,1.0
2014-01-08,17.27,17.3,17.19,17.21,11.0301,30704.0,0.0,1.0
2014-01-09,17.35,17.35,17.08,17.26,11.0622,17813.0,0.0,1.0
2014-01-10,17.329,17.5199,17.302,17.5199,11.2287,21079.0,0.0,1.0
2014-01-13,17.55,17.69,17.43,17.69,11.3377,16113.0,0.0,1.0
2014-01-14,17.82,17.94,17.59,17.6401,11.3058,17237.0,0.0,1.0
2014-01-15,17.68,17.699,17.4801,17.69,11.3377,24273.0,0.0,1.0
2014-01-16,17.58,17.7799,17.31,17.37,11.2192,34942.0,0.135,1.0
2014-01-17,17.44,17.44,17.321,17.34,11.1998,18844.0,0.0,1.0
2014-01-21,17.32,17.48,17.29,17.376,11.2231,69110.0,0.0,1.0
2014-01-22,17.3799,17.52,17.3799,17.49,11.2967,25349.0,0.0,1.0
2014-01-23,17.5799,17.5799,17.44,17.5,11.3031,21857.0,0.0,1.0
2014-01-24,17.37,17.49,17.23,17.38,11.2256,39649.0,0.0,1.0
2014-01-27,17.3601,17.56,17.2,17.2,11.1094,24110.0,0.0,1.0
2014-01-28,17.169,17.3,17.1,17.3,11.174,45897.0,0.0,1.0
2014-01-29,17.24,17.25,17.16,17.21,11.1158,33782.0,0.0,1.0
2014-01-30,17.3,17.43,17.23,17.365,11.2159,14950.0,0.0,1.0
2014-01-31,17.23,17.69,17.23,17.61,11.3742,32187.0,0.0,1.0
2014-02-03,17.61,17.61,17.2508,17.3,11.174,12120.0,0.0,1.0
2014-02-04,17.51,17.709,17.496,17.7,11.4323,27693.0,0.0,1.0
2014-02-05,17.64,17.66,17.5,17.62,11.3807,19219.0,0.0,1.0
2014-02-06,17.84,17.84,17.55,17.6288,11.3863,14025.0,0.0,1.0
2014-02-07,17.68,17.82,17.6799,17.74,11.4582,22105.0,0.0,1.0
2014-02-10,17.83,17.899,17.26,17.5,11.3031,57095.0,0.0,1.0
2014-02-11,17.61,17.75,17.5301,17.73,11.4517,33517.0,0.0,1.0
2014-02-12,17.7999,17.909,17.66,17.88,11.5486,28342.0,0.0,1.0
2014-02-13,17.63,17.96,17.57,17.96,11.6907,49346.0,0.14,1.0
2014-02-14,18.0,18.0,17.892,18.0,11.7167,26211.0,0.0,1.0
2014-02-18,18.12,18.29,17.8601,18.29,11.9055,85819.0,0.0,1.0
2014-02-19,18.26,18.3899,18.12,18.29,11.9055,23029.0,0.0,1.0
2014-02-20,18.2924,18.2974,18.02,18.06,11.7558,21247.0,0.0,1.0
2014-02-21,18.1381,18.2542,18.11,18.14,11.8078,16186.0,0.0,1.0
2014-02-24,18.06,18.27,18.0101,18.11,11.7883,22537.0,0.0,1.0
2014-02-25,18.22,18.22,17.8979,17.969,11.6965,14044.0,0.0,1.0
2014-02-26,17.99,17.99,17.74,17.93,11.6712,20240.0,0.0,1.0
2014-02-27,18.0,18.17,17.8801,18.06,11.7558,28078.0,0.0,1.0
2014-02-28,18.1656,18.34,18.1656,18.2652,11.8893,17528.0,0.0,1.0
2014-03-03,18.06,18.2899,18.06,18.24,11.8729,21619.0,0.0,1.0
2014-03-04,18.426,18.46,18.31,18.31,11.9185,28214.0,0.0,1.0
2014-03-05,18.4,18.53,18.161,18.394,11.9732,26160.0,0.0,1.0
2014-03-06,18.5155,18.5155,18.11,18.22,11.8599,27139.0,0.0,1.0
2014-03-07,18.22,18.22,18.12,18.1485,11.8134,27527.0,0.0,1.0
2014-03-10,18.18,18.3136,18.1001,18.2808,11.8995,16554.0,0.0,1.0
2014-03-11,18.3,18.3099,18.1614,18.29,11.9055,21097.0,0.0,1.0
2014-03-12,18.17,18.2599,18.1,18.14,11.8078,19329.0,0.0,1.0
2014-03-13,18.08,18.1,17.9426,17.99,11.8013,14343.0,0.14,1.0
2014-03-14,17.909,18.04,17.851,17.92,11.7554,23281.0,0.0,1.0
2014-03-17,17.85,17.95,17.7,17.931,11.7626,31724.0,0.0,1.0
2014-03-18,17.86,18.18,17.86,18.17,11.9194,29733.0,0.0,1.0
2014-03-19,18.25,18.29,17.99,17.99,11.8013,26593.0,0.0,1.0
2014-03-20,18.04,18.13,17.988,18.1,11.8735,24200.0,0.0,1.0
2014-03-21,18.056,18.1055,17.82,17.88,11.7292,39445.0,0.0,1.0
2014-03-24,17.84,17.8899,17.7,17.81,11.6833,23707.0,0.0,1.0
2014-03-25,17.89,17.9899,17.791,17.8699,11.7226,30238.0,0.0,1.0
2014-03-26,17.95,18.03,17.88,18.0,11.8079,24307.0,0.0,1.0
2014-03-27,17.99,18.0456,17.94,17.95,11.7751,15828.0,0.0,1.0
2014-03-28,18.05,18.15,17.9915,18.15,11.9063,8232.0,0.0,1.0
2014-03-31,18.15,18.2917,18.081,18.26,11.9785,43612.0,0.0,1.0
2014-04-01,18.19,18.26,18.13,18.19,11.9325,17167.0,0.0,1.0
2014-04-02,18.15,18.25,18.07,18.1169,11.8846,65215.0,0.0,1.0
2014-04-03,18.02,18.32,18.02,18.2799,11.9915,47606.0,0.0,1.0
2014-04-04,18.21,18.31,18.21,18.25,11.9719,45550.0,0.0,1.0
2014-04-07,18.28,18.32,18.25,18.292,11.9994,22037.0,0.0,1.0
2014-04-08,18.41,18.44,18.31,18.44,12.0965,13195.0,0.0,1.0
2014-04-09,18.58,18.65,18.57,18.649,12.2336,23086.0,0.0,1.0
2014-04-10,18.5,18.5499,18.45,18.48,12.2146,9627.0,0.14,1.0
2014-04-11,18.5,18.73,18.45,18.618,12.3058,40275.0,0.0,1.0
2014-04-14,18.63,18.77,18.361,18.44,12.1882,28901.0,0.0,1.0
2014-04-15,18.371,18.56,18.3,18.34,12.1221,12377.0,0.0,1.0
2014-04-16,18.38,18.59,18.32,18.51,12.2344,76853.0,0.0,1.0
2014-04-17,18.57,18.609,18.45,18.56,12.2675,35083.0,0.0,1.0
2014-04-21,18.63,18.66,18.56,18.57,12.2741,54450.0,0.0,1.0
2014-04-22,18.6199,18.64,18.55,18.58,12.2807,16105.0,0.0,1.0
2014-04-23,18.52,18.76,18.52,18.76,12.3997,38506.0,0.0,1.0
2014-04-24,18.84,18.85,18.78,18.78,12.4129,22968.0,0.0,1.0
2014-04-25,18.72,18.89,18.72,18.86,12.4658,42488.0,0.0,1.0
2014-04-28,18.87,19.03,18.87,18.96,12.5319,41890.0,0.0,1.0
2014-04-29,18.9,19.05,18.9,18.99,12.5517,65380.0,0.0,1.0
2014-04-30,18.9896,19.02,18.9281,18.95,12.5253,40137.0,0.0,1.0
2014-05-01,18.95,19.0,18.9401,18.97,12.5385,19328.0,0.0,1.0
2014-05-02,18.979,19.0,18.96,19.0,12.5583,12174.0,0.0,1.0
2014-05-05,18.9075,18.9665,18.8401,18.9432,12.5208,7006.0,0.0,1.0
2014-05-06,18.83,18.9899,18.83,18.9785,12.5441,11775.0,0.0,1.0
2014-05-07,18.9252,19.1,18.913,19.1,12.6244,31038.0,0.0,1.0
2014-05-08,19.0,19.169,18.81,18.85,12.4592,63447.0,0.0,1.0
2014-05-09,18.9571,19.0,18.91,18.98,12.5451,18341.0,0.0,1.0
2014-05-12,19.0,19.11,18.82,18.88,12.479,34475.0,0.0,1.0
2014-05-13,18.85,18.9199,18.85,18.919,12.5048,20621.0,0.0,1.0
2014-05-14,18.911,19.062,18.911,18.9899,12.5516,38126.0,0.0,1.0
2014-05-15,18.8,18.959,18.8,18.88,12.5715,31121.0,0.14,1.0
2014-05-16,18.86,18.961,18.86,18.88,12.5715,14415.0,0.0,1.0
2014-05-19,18.97,18.97,18.81,18.81,12.5249,19709.0,0.0,1.0
2014-05-20,18.99,18.99,18.78,18.8,12.5183,18236.0,0.0,1.0
2014-05-21,18.9899,18.9899,18.75,18.78,12.5049,27973.0,0.0,1.0
2014-05-22,18.85,18.96,18.792,18.82,12.5316,24393.0,0.0,1.0
2014-05-23,18.89,18.95,18.85,18.94,12.6115,12510.0,0.0,1.0
2014-05-27,18.87,18.9899,18.87,18.9152,12.595,11840.0,0.0,1.0
2014-05-28,18.87,19.17,18.86,19.16,12.758,16671.0,0.0,1.0
2014-05-29,19.26,19.34,19.11,19.28,12.8379,18409.0,0.0,1.0
2014-05-30,19.32,19.3499,19.22,19.2228,12.7998,10510.0,0.0,1.0
2014-06-02,19.31,19.3413,19.25,19.27,12.8312,12619.0,0.0,1.0
2014-06-03,19.26,19.34,19.25,19.31,12.8579,11554.0,0.0,1.0
2014-06-04,19.36,19.39,19.29,19.33,12.8712,20788.0,0.0,1.0
2014-06-05,19.3263,19.61,19.26,19.5875,13.0426,23869.0,0.0,1.0
2014-06-06,19.78,19.78,19.57,19.61,13.0576,8341.0,0.0,1.0
2014-06-09,19.71,19.71,19.45,19.5139,12.9936,17695.0,0.0,1.0
2014-06-10,19.45,19.46,19.3401,19.45,12.9511,15038.0,0.0,1.0
2014-06-11,19.42,19.57,19.42,19.56,13.0243,14558.0,0.0,1.0
2014-06-12,19.4,19.5655,19.4,19.5655,13.1212,23021.0,0.14,1.0
2014-06-13,19.5401,19.5401,19.35,19.4399,13.037,9001.0,0.0,1.0
2014-06-16,19.35,19.3528,19.13,19.13,12.8291,12753.0,0.0,1.0
2014-06-17,19.13,19.19,18.93,18.93,12.695,28289.0,0.0,1.0
2014-06-18,19.039,19.05,18.94,18.9999,12.7419,29417.0,0.0,1.0
2014-06-19,19.0,19.06,18.9,18.95,12.7084,47527.0,0.0,1.0
2014-06-20,19.0,19.0,18.86,19.0,12.742,47049.0,0.0,1.0
2014-06-23,18.988,19.0,18.9385,18.98,12.7286,23951.0,0.0,1.0
2014-06-24,18.92,19.0,18.89,18.89,12.6682,55070.0,0.0,1.0
2014-06-25,18.83,18.91,18.68,18.86,12.6481,115689.0,0.0,1.0
2014-06-26,18.86,18.8816,18.8,18.85,12.6414,34917.0,0.0,1.0
2014-06-27,18.94,19.08,18.88,19.05,12.7755,54856.0,0.0,1.0
2014-06-30,19.08,19.1,19.03,19.07,12.7889,22987.0,0.0,1.0
2014-07-01,19.17,19.23,19.11,19.23,12.8962,17675.0,0.0,1.0
2014-07-02,19.1798,19.19,19.1101,19.14,12.8359,18176.0,0.0,1.0
2014-07-03,19.19,19.24,19.09,19.1905,12.8697,14379.0,0.0,1.0
2014-07-07,19.21,19.25,19.19,19.1975,12.8744,19519.0,0.0,1.0
2014-07-08,19.19,19.19,19.1,19.1,12.809,13540.0,0.0,1.0
2014-07-09,19.1,19.14,19.08,19.08,12.7956,18365.0,0.0,1.0
2014-07-10,19.0,19.14,19.0,19.09,12.8023,21732.0,0.0,1.0
2014-07-11,19.14,19.3143,19.11,19.28,12.9297,25097.0,0.0,1.0
2014-07-14,19.19,19.71,19.19,19.59,13.1376,44046.0,0.0,1.0
2014-07-15,19.55,19.62,19.51,19.54,13.1041,25130.0,0.0,1.0
2014-07-16,19.62,19.857,19.52,19.69,13.2047,36755.0,0.0,1.0
2014-07-17,19.63,19.64,19.15,19.26,13.0102,57417.0,0.14,1.0
2014-07-18,19.27,19.37,19.21,19.22,12.9832,25158.0,0.0,1.0
2014-07-21,19.26,19.32,19.16,19.161,12.9433,20524.0,0.0,1.0
2014-07-22,19.27,19.3,19.16,19.23,12.99,39428.0,0.0,1.0
2014-07-23,19.15,19.39,19.15,19.35,13.071,38874.0,0.0,1.0
2014-07-24,19.4,19.44,19.16,19.22,12.9832,44070.0,0.0,1.0
2014-07-25,19.31,19.33,19.11,19.14,12.9292,38269.0,0.0,1.0
2014-07-28,19.22,19.25,19.13,19.15,12.9359,19011.0,0.0,1.0
2014-07-29,19.19,19.25,19.1595,19.1799,12.9561,11678.0,0.0,1.0
2014-07-30,19.27,19.32,19.12,19.16,12.9427,21958.0,0.0,1.0
2014-07-31,19.17,19.19,19.02,19.19,12.9629,31601.0,0.0,1.0
2014-08-01,19.28,19.28,19.02,19.14,12.9292,21520.0,0.0,1.0
2014-08-04,19.11,19.24,19.0785,19.16,12.9427,17165.0,0.0,1.0
2014-08-05,19.2,19.23,19.05,19.09,12.8954,44099.0,0.0,1.0
2014-08-06,19.15,19.15,18.98,18.98,12.8211,17567.0,0.0,1.0
2014-08-07,19.08,19.08,18.97,19.01,12.8413,7294.0,0.0,1.0
2014-08-08,19.09,19.1,19.057,19.1,12.9021,7176.0,0.0,1.0
2014-08-11,19.25,19.29,19.12,19.29,13.0305,20177.0,0.0,1.0
2014-08-12,19.33,19.37,19.24,19.36,13.0778,45225.0,0.0,1.0
2014-08-13,19.43,19.43,19.35,19.42,13.1183,12191.0,0.0,1.0
2014-08-14,19.39,19.39,19.248,19.3464,13.1632,15760.0,0.14,1.0
2014-08-15,19.44,19.49,19.41,19.47,13.2472,10611.0,0.0,1.0
2014-08-18,19.5,19.5,19.38,19.4401,13.2269,11407.0,0.0,1.0
2014-08-19,19.5,19.54,19.41,19.5,13.2677,16060.0,0.0,1.0
2014-08-20,19.59,19.59,19.51,19.56,13.3085,13194.0,0.0,1.0
2014-08-21,19.64,19.64,19.46,19.59,13.3289,31017.0,0.0,1.0
2014-08-22,19.59,19.59,19.3729,19.47,13.2472,20246.0,0.0,1.0
2014-08-25,19.42,19.5899,19.36,19.5,13.2677,20512.0,0.0,1.0
2014-08-26,19.58,19.58,19.346,19.52,13.2813,33476.0,0.0,1.0
2014-08-27,19.64,19.64,19.595,19.6055,13.3394,33064.0,0.0,1.0
2014-08-28,19.63,19.66,19.42,19.55,13.3017,32902.0,0.0,1.0
2014-08-29,19.65,19.65,19.5504,19.61,13.3425,28724.0,0.0,1.0
2014-09-02,19.66,19.67,19.568,19.63,13.3561,20818.0,0.0,1.0
2014-09-03,19.69,19.69,19.55,19.66,13.3765,11876.0,0.0,1.0
2014-09-04,19.69,19.69,19.5801,19.582,13.3235,28894.0,0.0,1.0
2014-09-05,19.65,19.68,19.571,19.68,13.3901,15324.0,0.0,1.0
2014-09-08,19.67,19.7,19.64,19.69,13.3969,13373.0,0.0,1.0
2014-09-09,19.8,19.8,19.641,19.67,13.3833,22682.0,0.0,1.0
2014-09-10,19.65,19.727,19.6,19.6,13.3357,33170.0,0.0,1.0
2014-09-11,19.52,19.55,19.43,19.52,13.3765,26056.0,0.14,1.0
2014-09-12,19.62,19.62,19.16,19.24,13.1846,15321.0,0.0,1.0
2014-09-15,19.3,19.35,19.12,19.13,13.1093,25787.0,0.0,1.0
2014-09-16,19.21,19.33,19.17,19.28,13.2121,20136.0,0.0,1.0
2014-09-17,19.38,19.58,19.27,19.38,13.2806,52119.0,0.0,1.0
2014-09-18,19.47,19.47,19.12,19.12,13.1024,31760.0,0.0,1.0
2014-09-19,19.1,19.23,19.1,19.17,13.1367,12746.0,0.0,1.0
2014-09-22,19.23,19.41,19.1601,19.23,13.1778,10316.0,0.0,1.0
2014-09-23,19.24,19.29,18.9301,19.02,13.0339,19066.0,0.0,1.0
2014-09-24,19.14,19.19,19.08,19.17,13.1367,20238.0,0.0,1.0
2014-09-25,19.16,19.17,18.92,18.92,12.9654,30766.0,0.0,1.0
2014-09-26,19.01,19.16,18.98,19.16,13.1298,7116.0,0.0,1.0
2014-09-29,19.0,19.19,19.0,19.15,13.123,14303.0,0.0,1.0
2014-09-30,19.07,19.14,18.98,19.05,13.0544,17787.0,0.0,1.0
2014-10-01,18.99,19.15,18.99,19.09,13.0819,23838.0,0.0,1.0
2014-10-02,19.17,19.19,18.74,18.8,12.8831,39981.0,0.0,1.0
2014-10-03,18.93,18.99,18.81,18.88,12.9379,21660.0,0.0,1.0
2014-10-06,19.04,19.18,19.0,19.088,13.0805,16000.0,0.0,1.0
2014-10-07,18.92,19.08,18.83,19.08,13.075,21894.0,0.0,1.0
2014-10-08,19.05,19.19,18.95,19.1396,13.1158,22813.0,0.0,1.0
2014-10-09,19.15,19.22,19.11,19.2,13.1572,17959.0,0.0,1.0
2014-10-10,18.98,19.05,18.8,18.92,12.9654,26970.0,0.0,1.0
2014-10-13,19.0,19.03,18.747,18.94,12.9791,9457.0,0.0,1.0
2014-10-14,18.88,18.98,18.78,18.85,12.9174,15475.0,0.0,1.0
2014-10-15,18.41,18.67,17.94,18.53,12.6981,74231.0,0.0,1.0
2014-10-16,18.07,18.9,18.07,18.79,12.9722,14353.0,0.14,1.0
2014-10-17,18.85,19.0,18.5401,18.691,12.9039,33534.0,0.0,1.0
2014-10-20,18.7,18.88,18.587,18.8068,12.9838,18338.0,0.0,1.0
2014-10-21,18.97,19.0,18.75,18.95,13.0827,12355.0,0.0,1.0
2014-10-22,19.09,19.175,18.9,19.15,13.2207,16732.0,0.0,1.0
2014-10-23,19.2,19.38,19.18,19.34,13.3519,20733.0,0.0,1.0
2014-10-24,19.33,19.34,19.169,19.33,13.345,21231.0,0.0,1.0
2014-10-27,19.3,19.35,19.17,19.35,13.3588,17803.0,0.0,1.0
2014-10-28,19.35,19.43,19.18,19.23,13.276,28352.0,0.0,1.0
2014-10-29,19.32,19.32,19.08,19.26,13.2967,12315.0,0.0,1.0
2014-10-30,19.28,19.41,19.12,19.27,13.3036,8248.0,0.0,1.0
2014-10-31,19.32,19.5,19.21,19.34,13.3519,28808.0,0.0,1.0
2014-11-03,19.43,19.54,19.3201,19.54,13.49,20489.0,0.0,1.0
2014-11-04,19.51,19.54,19.42,19.54,13.49,3714.0,0.0,1.0
2014-11-05,19.48,19.55,19.42,19.55,13.4969,6428.0,0.0,1.0
2014-11-06,19.41,19.521,19.41,19.5,13.4624,4514.0,0.0,1.0
2014-11-07,19.44,19.51,19.37,19.49,13.4555,10892.0,0.0,1.0
2014-11-10,19.52,19.58,19.45,19.55,13.4969,16000.0,0.0,1.0
2014-11-11,19.59,19.59,19.3801,19.54,13.49,29299.0,0.0,1.0
2014-11-12,19.4771,19.512,19.35,19.49,13.4555,12673.0,0.0,1.0
2014-11-13,19.36,19.5,19.34,19.44,13.5176,17147.0,0.14,1.0
2014-11-14,19.44,19.44,19.08,19.29,13.4133,45884.0,0.0,1.0
2014-11-17,19.31,19.31,19.0901,19.17,13.3299,17239.0,0.0,1.0
2014-11-18,19.26,19.29,19.12,19.29,13.4133,19733.0,0.0,1.0
2014-11-19,19.38,19.38,19.253,19.3,13.4203,23185.0,0.0,1.0
2014-11-20,19.34,19.34,19.1301,19.3,13.4203,42971.0,0.0,1.0
2014-11-21,19.3,19.45,19.19,19.19,13.3438,21313.0,0.0,1.0
2014-11-24,19.23,19.28,19.181,19.19,13.3438,13584.0,0.0,1.0
2014-11-25,19.22,19.3,19.21,19.28,13.4064,20638.0,0.0,1.0
2014-11-26,19.3,19.43,19.2,19.32,13.4342,38084.0,0.0,1.0
2014-11-28,19.4,19.52,19.18,19.22,13.3646,24955.0,0.0,1.0
2014-12-01,19.12,19.34,19.12,19.26,13.3924,11517.0,0.0,1.0
2014-12-02,19.21,19.3,19.11,19.2,13.3507,22874.0,0.0,1.0
2014-12-03,19.25,19.33,19.11,19.32,13.4342,21437.0,0.0,1.0
2014-12-04,19.34,19.35,19.08,19.08,13.2673,36432.0,0.0,1.0
2014-12-05,19.09,19.32,19.02,19.08,13.2673,32087.0,0.0,1.0
2014-12-08,19.15,19.22,18.88,18.9,13.1421,20741.0,0.0,1.0
2014-12-09,18.84,18.99,18.84,18.99,13.2047,9623.0,0.0,1.0
2014-12-10,19.0,19.14,18.962,19.026,13.2297,20718.0,0.0,1.0
2014-12-11,18.92,19.29,18.878,19.25,13.4828,17648.0,0.14,1.0
2014-12-12,19.18,19.41,19.15,19.31,13.5249,18791.0,0.0,1.0
2014-12-15,19.3,19.3,19.11,19.18,13.4338,17906.0,0.0,1.0
2014-12-16,19.07,19.07,18.87,18.87,13.2167,15474.0,0.0,1.0
2014-12-17,18.82,19.09,18.82,18.8807,13.2242,11845.0,0.0,1.0
2014-12-18,19.0,19.0,18.8,18.81,13.1747,19575.0,0.0,1.0
2014-12-19,18.7,18.93,18.6096,18.78,13.1537,36297.0,0.0,1.0
2014-12-22,18.7,18.99,18.7,18.8,13.1677,13818.0,0.0,1.0
2014-12-23,18.68,18.9,18.61,18.82,13.1817,36907.0,0.0,1.0
2014-12-24,18.89,19.0,18.74,18.9132,13.2469,13721.0,0.0,1.0
2014-12-26,18.99,19.1,18.894,18.97,13.2867,5983.0,0.0,1.0
2014-12-29,18.92,19.098,18.69,18.76,13.1396,17424.0,0.0,1.0
2014-12-30,18.89,18.89,18.65,18.73,13.1186,32816.0,0.0,1.0
2014-12-31,18.65,18.8,18.65,18.66,13.0696,42626.0,0.0,1.0
2015-01-02,18.66,18.88,18.64,18.81,13.1747,19716.0,0.0,1.0
2015-01-05,18.86,18.86,18.65,18.82,13.1817,21516.0,0.0,1.0
2015-01-06,18.86,18.97,18.81,18.86,13.2097,21777.0,0.0,1.0
2015-01-07,19.02,19.0998,18.64,19.05,13.3428,22841.0,0.0,1.0
2015-01-08,19.05,19.16,19.0,19.13,13.3988,20157.0,0.0,1.0
2015-01-09,19.19,19.19,19.1381,19.1563,13.4172,4862.0,0.0,1.0
2015-01-12,19.24,19.29,19.06,19.1404,13.4061,13844.0,0.0,1.0
2015-01-13,19.1,19.24,19.05,19.24,13.4758,18399.0,0.0,1.0
2015-01-14,19.04,19.2,19.04,19.1057,13.3818,22578.0,0.0,1.0
2015-01-15,19.08,19.129,18.88,18.93,13.3568,23689.0,0.14,1.0
2015-01-16,19.03,19.2,18.9799,19.2,13.5473,11857.0,0.0,1.0
2015-01-20,19.14,19.21,18.9808,19.1,13.4767,14310.0,0.0,1.0
2015-01-21,19.16,19.18,18.99,19.1,13.4767,28423.0,0.0,1.0
2015-01-22,19.15,19.24,18.968,19.2106,13.5548,14712.0,0.0,1.0
2015-01-23,19.03,19.24,19.03,19.13,13.4979,14691.0,0.0,1.0
2015-01-26,19.23,19.27,19.2,19.2401,13.5756,9248.0,0.0,1.0
2015-01-27,19.11,19.36,19.11,19.34,13.6461,17891.0,0.0,1.0
2015-01-28,19.49,19.61,19.36,19.4,13.6884,33839.0,0.0,1.0
2015-01-29,19.54,19.79,19.467,19.57,13.8083,40215.0,0.0,1.0
2015-01-30,19.61,19.7,19.33,19.34,13.6461,53825.0,0.0,1.0
2015-02-02,19.46,19.61,19.4,19.6,13.8295,25864.0,0.0,1.0
2015-02-03,19.66,19.81,19.55,19.67,13.8789,17927.0,0.0,1.0
2015-02-04,19.68,19.93,19.68,19.88,14.0271,18153.0,0.0,1.0
2015-02-05,19.96,19.96,19.85,19.92,14.0553,28463.0,0.0,1.0
2015-02-06,19.92,19.976,19.81,19.89,14.0341,36135.0,0.0,1.0
2015-02-09,19.85,20.0,19.8,19.85,14.0059,20104.0,0.0,1.0
2015-02-10,19.9,19.9,19.66,19.86,14.013,13054.0,0.0,1.0
2015-02-11,19.85,19.9,19.66,19.81,13.9777,29309.0,0.0,1.0
2015-02-12,19.75,19.82,19.688,19.8,14.0729,13094.0,0.145,1.0
2015-02-13,19.79,19.8,19.6106,19.6106,13.9383,22021.0,0.0,1.0
2015-02-17,19.57,19.76,19.37,19.37,13.7673,13497.0,0.0,1.0
2015-02-18,19.26,19.6753,19.26,19.67,13.9805,22758.0,0.0,1.0
2015-02-19,19.67,19.86,19.6,19.682,13.9891,21319.0,0.0,1.0
2015-02-20,19.78,19.86,19.69,19.71,14.009,18102.0,0.0,1.0
2015-02-23,19.76,19.99,19.72,19.92,14.1582,17480.0,0.0,1.0
2015-02-24,19.89,19.93,19.76,19.88,14.1298,40745.0,0.0,1.0
2015-02-25,19.9,19.9,19.62,19.62,13.945,39611.0,0.0,1.0
2015-02-26,19.74,19.8012,19.46,19.49,13.8526,18601.0,0.0,1.0
2015-02-27,19.53,19.66,19.5,19.6,13.9308,10649.0,0.0,1.0
2015-03-02,19.69,19.78,19.56,19.6799,13.9876,14687.0,0.0,1.0
2015-03-03,19.7,19.7,19.6201,19.6899,13.9947,6500.0,0.0,1.0
2015-03-04,19.72,19.72,19.57,19.6104,13.9382,9240.0,0.0,1.0
2015-03-05,19.64,19.7094,19.64,19.649,13.9656,6192.0,0.0,1.0
2015-03-06,19.64,19.64,19.29,19.32,13.7318,8739.0,0.0,1.0
2015-03-09,19.41,19.5499,19.32,19.36,13.7602,12388.0,0.0,1.0
2015-03-10,19.15,19.48,19.15,19.35,13.7531,14098.0,0.0,1.0
2015-03-11,19.4,19.4,19.2401,19.2795,13.703,15401.0,0.0,1.0
2015-03-12,19.27,19.37,19.24,19.28,13.8064,18987.0,0.145,1.0
2015-03-13,19.31,19.3599,19.29,19.3599,13.8636,6681.0,0.0,1.0
2015-03-16,19.39,19.52,19.339,19.4636,13.9379,9979.0,0.0,1.0
2015-03-17,19.4,19.505,19.19,19.25,13.7849,27227.0,0.0,1.0
2015-03-18,19.26,19.42,19.0975,19.39,13.8852,14134.0,0.0,1.0
2015-03-19,19.4,19.43,19.3001,19.43,13.9138,6609.0,0.0,1.0
2015-03-20,19.43,19.5,19.3875,19.5,13.964,27092.0,0.0,1.0
2015-03-23,19.3,19.62,19.3,19.61,14.0427,27955.0,0.0,1.0
2015-03-24,19.63,19.66,19.3901,19.41,13.8995,19860.0,0.0,1.0
2015-03-25,19.51,19.51,19.266,19.36,13.8637,26920.0,0.0,1.0
2015-03-26,19.45,19.46,19.38,19.4,13.8923,18034.0,0.0,1.0
2015-03-27,19.57,19.57,19.28,19.42,13.9067,10784.0,0.0,1.0
2015-03-30,19.43,19.58,19.4101,19.55,13.9998,10864.0,0.0,1.0
2015-03-31,19.58,19.59,19.389,19.48,13.9496,19900.0,0.0,1.0
2015-04-01,19.55,19.55,19.41,19.41,13.8995,9257.0,0.0,1.0
2015-04-02,19.25,19.43,19.25,19.41,13.8995,17782.0,0.0,1.0
2015-04-06,19.45,19.54,19.35,19.51,13.9711,25386.0,0.0,1.0
2015-04-07,19.54,19.57,19.47,19.55,13.9998,8593.0,0.0,1.0
2015-04-08,19.58,19.74,19.5,19.67,14.0857,14115.0,0.0,1.0
2015-04-09,19.6,19.6,19.33,19.3907,13.9895,13203.0,0.145,1.0
2015-04-10,19.43,19.55,19.41,19.52,14.0828,18625.0,0.0,1.0
2015-04-13,19.55,19.55,19.38,19.39,13.989,25198.0,0.0,1.0
2015-04-14,19.37,19.44,19.37,19.4301,14.0179,6868.0,0.0,1.0
2015-04-15,19.48,19.5581,19.45,19.53,14.09,11793.0,0.0,1.0
2015-04-16,19.59,19.59,19.49,19.56,14.1117,7317.0,0.0,1.0
2015-04-17,19.58,19.58,19.42,19.42,14.0107,13775.0,0.0,1.0
2015-04-20,19.46,19.5111,19.29,19.4,13.9962,31984.0,0.0,1.0
2015-04-21,19.42,19.53,19.35,19.39,13.989,16296.0,0.0,1.0
2015-04-22,19.41,19.56,19.41,19.4914,14.0622,13670.0,0.0,1.0
2015-04-23,19.63,19.76,19.585,19.64,14.1694,32760.0,0.0,1.0
2015-04-24,19.68,19.83,19.5,19.83,14.3065,14281.0,0.0,1.0
2015-04-27,19.85,19.99,19.65,19.6804,14.1985,19275.0,0.0,1.0
2015-04-28,19.71,19.8,19.49,19.55,14.1044,19778.0,0.0,1.0
2015-04-29,19.59,19.64,19.34,19.464,14.0424,16161.0,0.0,1.0
2015-04-30,19.47,19.47,19.2931,19.321,13.9392,18919.0,0.0,1.0
2015-05-01,19.34,19.5399,19.34,19.529,14.0893,6323.0,0.0,1.0
2015-05-04,19.51,19.51,19.28,19.45,14.0323,13291.0,0.0,1.0
2015-05-05,19.48,19.48,19.36,19.39,13.989,10714.0,0.0,1.0
2015-05-06,19.47,19.488,19.36,19.46,14.0395,12210.0,0.0,1.0
2015-05-07,19.49,19.54,19.417,19.4495,14.0319,7273.0,0.0,1.0
2015-05-08,19.6,19.61,19.34,19.35,13.9602,22394.0,0.0,1.0
2015-05-11,19.38,19.6099,19.38,19.5003,14.0686,23594.0,0.0,1.0
2015-05-12,19.31,19.45,19.1099,19.33,13.9457,29415.0,0.0,1.0
2015-05-13,19.51,19.59,19.41,19.47,14.0467,13449.0,0.0,1.0
2015-05-14,19.41,19.52,19.2946,19.52,14.1874,9328.0,0.145,1.0
2015-05-15,19.6,19.72,19.455,19.56,14.2165,16279.0,0.0,1.0
2015-05-18,19.56,19.61,19.5,19.53,14.1947,6750.0,0.0,1.0
2015-05-19,19.5,19.51,19.35,19.35,14.0639,16549.0,0.0,1.0
2015-05-20,19.44,19.65,19.3,19.31,14.0348,16277.0,0.0,1.0
2015-05-21,19.35,19.527,19.31,19.42,14.1147,15657.0,0.0,1.0
2015-05-22,19.44,19.46,19.3801,19.46,14.1438,9601.0,0.0,1.0
2015-05-26,19.56,19.56,19.45,19.4828,14.1604,13898.0,0.0,1.0
2015-05-27,19.52,19.55,19.23,19.52,14.1874,19405.0,0.0,1.0
2015-05-28,19.55,19.68,19.515,19.64,14.2746,11378.0,0.0,1.0
2015-05-29,19.68,19.68,19.37,19.56,14.2165,9362.0,0.0,1.0
2015-06-01,19.57,19.68,19.5,19.5337,14.1974,11216.0,0.0,1.0
2015-06-02,19.56,19.56,19.35,19.36,14.0711,17554.0,0.0,1.0
2015-06-03,19.4,19.51,19.378,19.41,14.1075,7070.0,0.0,1.0
2015-06-04,19.29,19.461,19.29,19.38,14.0857,13928.0,0.0,1.0
2015-06-05,19.42,19.77,19.31,19.75,14.3546,22917.0,0.0,1.0
2015-06-08,19.66,19.78,19.521,19.75,14.3546,48866.0,0.0,1.0
2015-06-09,19.73,19.84,19.68,19.8,14.3909,28955.0,0.0,1.0
2015-06-10,19.99,19.99,19.8,19.8032,14.3932,19843.0,0.0,1.0
2015-06-11,19.98,19.98,19.52,19.85,14.5326,43131.0,0.145,1.0
2015-06-12,19.86,20.0,19.85,19.96,14.6132,25833.0,0.0,1.0
2015-06-15,19.78,19.97,19.51,19.81,14.5034,15337.0,0.0,1.0
2015-06-16,19.75,19.78,19.3664,19.48,14.2618,20327.0,0.0,1.0
2015-06-17,19.38,19.38,19.16,19.3,14.13,17632.0,0.0,1.0
2015-06-18,19.32,19.54,19.2601,19.27,14.108,10127.0,0.0,1.0
2015-06-19,19.36,19.36,19.03,19.05,13.9469,20954.0,0.0,1.0
2015-06-22,19.14,19.28,19.05,19.25,14.0934,11172.0,0.0,1.0
2015-06-23,19.36,19.36,19.07,19.2141,14.0671,8458.0,0.0,1.0
2015-06-24,19.35,19.45,19.01,19.1,13.9836,21688.0,0.0,1.0
2015-06-25,19.32,19.32,18.94,18.99,13.903,12285.0,0.0,1.0
2015-06-26,19.14,19.24,18.61,18.89,13.8298,45204.0,0.0,1.0
2015-06-29,18.63,18.7397,18.26,18.26,13.3686,26973.0,0.0,1.0
2015-06-30,18.25,18.57,18.16,18.57,13.5955,33772.0,0.0,1.0
2015-07-01,18.82,18.82,18.4205,18.45,13.5077,8668.0,0.0,1.0
2015-07-02,18.65,18.69,18.38,18.42,13.4857,13853.0,0.0,1.0
2015-07-06,18.26,18.4899,18.01,18.42,13.4857,27083.0,0.0,1.0
2015-07-07,18.49,18.69,18.4272,18.65,13.6541,18919.0,0.0,1.0
2015-07-08,18.58,18.63,18.2,18.63,13.6395,11301.0,0.0,1.0
2015-07-09,18.89,18.89,18.4,18.56,13.5882,15162.0,0.0,1.0
2015-07-10,18.59,18.68,18.453,18.63,13.6395,22286.0,0.0,1.0
2015-07-13,18.88,18.88,18.53,18.53,13.5662,8641.0,0.0,1.0
2015-07-14,18.66,18.66,18.42,18.51,13.5516,7245.0,0.0,1.0
2015-07-15,18.51,18.61,18.36,18.57,13.5955,19923.0,0.0,1.0
2015-07-16,18.6,18.6,18.31,18.46,13.6212,18466.0,0.145,1.0
2015-07-17,18.44,18.57,18.44,18.5603,13.6952,9332.0,0.0,1.0
2015-07-20,18.48,18.68,18.48,18.67,13.7761,12261.0,0.0,1.0
2015-07-21,18.53,18.65,18.52,18.58,13.7097,6730.0,0.0,1.0
2015-07-22,18.62,18.73,18.52,18.57,13.7023,16081.0,0.0,1.0
2015-07-23,18.64,18.65,18.57,18.65,13.7614,11332.0,0.0,1.0
2015-07-24,18.69,18.85,18.54,18.61,13.7318,15278.0,0.0,1.0
2015-07-27,18.53,18.78,18.27,18.36,13.5474,22758.0,0.0,1.0
2015-07-28,18.25,18.33,18.07,18.1,13.3555,57393.0,0.0,1.0
2015-07-29,18.15,18.15,17.73,17.87,13.1858,62259.0,0.0,1.0
2015-07-30,17.96,18.04,17.7,17.92,13.2227,30912.0,0.0,1.0
2015-07-31,17.92,18.15,17.91,18.14,13.385,27557.0,0.0,1.0
2015-08-03,18.09,18.17,18.0,18.0999,13.3554,12581.0,0.0,1.0
2015-08-04,18.08,18.1699,18.0501,18.1001,13.3556,9286.0,0.0,1.0
2015-08-05,18.15,18.1804,18.01,18.01,13.2891,21883.0,0.0,1.0
2015-08-06,18.03,18.04,17.78,17.8699,13.1857,12863.0,0.0,1.0
2015-08-07,18.03,18.0358,17.89,17.99,13.2744,12163.0,0.0,1.0
2015-08-10,17.97,18.04,17.97,18.0338,13.3067,16725.0,0.0,1.0
2015-08-11,18.02,18.0975,17.99,18.05,13.3186,18644.0,0.0,1.0
2015-08-12,18.04,18.05,17.84,17.9801,13.267,31858.0,0.0,1.0
2015-08-13,17.92,18.06,17.79,18.04,13.4182,21114.0,0.145,1.0
2015-08-14,17.99,18.03,17.93,17.95,13.3513,4620.0,0.0,1.0
2015-08-17,17.91,17.95,17.79,17.81,13.2472,18505.0,0.0,1.0
2015-08-18,17.81,17.89,17.7701,17.89,13.3067,13414.0,0.0,1.0
2015-08-19,17.92,17.92,17.67,17.73,13.1877,7220.0,0.0,1.0
2015-08-20,17.78,17.78,17.25,17.29,12.8604,36787.0,0.0,1.0
2015-08-21,17.25,17.25,17.16,17.2046,12.7969,18012.0,0.0,1.0
2015-08-24,17.01,17.01,15.62,16.4,12.1984,43447.0,0.0,1.0
2015-08-25,17.0,17.108,16.72,16.99,12.6372,27979.0,0.0,1.0
2015-08-26,17.21,17.41,16.95,17.31,12.8753,36735.0,0.0,1.0
2015-08-27,17.55,17.83,17.2456,17.4,12.9422,27664.0,0.0,1.0
2015-08-28,17.61,17.676,17.51,17.54,13.0463,18293.0,0.0,1.0
2015-08-31,17.6,17.72,17.12,17.194,12.789,9472.0,0.0,1.0
2015-09-01,17.11,17.27,17.11,17.15,12.7563,5389.0,0.0,1.0
2015-09-02,17.16,17.42,17.16,17.16,12.7637,10549.0,0.0,1.0
2015-09-03,17.25,17.25,17.11,17.11,12.7265,6240.0,0.0,1.0
2015-09-04,17.05,17.2399,17.05,17.18,12.7786,4777.0,0.0,1.0
2015-09-08,17.22,17.3,17.03,17.19,12.786,15230.0,0.0,1.0
2015-09-09,17.18,17.1899,17.0,17.03,12.667,21447.0,0.0,1.0
2015-09-10,16.95,17.06,16.95,16.99,12.7451,8018.0,0.145,1.0
2015-09-11,16.95,17.0499,16.86,16.88,12.6626,12979.0,0.0,1.0
2015-09-14,16.96,17.03,16.91,16.98,12.7376,14584.0,0.0,1.0
2015-09-15,16.92,17.08,16.85,17.08,12.8126,8434.0,0.0,1.0
2015-09-16,16.99,17.14,16.94,17.14,12.8576,9701.0,0.0,1.0
2015-09-17,17.19,17.323,17.0801,17.21,12.9101,12606.0,0.0,1.0
2015-09-18,17.2,17.38,17.2,17.31,12.9851,11687.0,0.0,1.0
2015-09-21,17.31,17.43,17.31,17.33,13.0001,1875.0,0.0,1.0
2015-09-22,17.32,17.37,17.2,17.28,12.9626,25106.0,0.0,1.0
2015-09-23,17.3001,17.399,17.28,17.3467,13.0127,7397.0,0.0,1.0
2015-09-24,17.39,17.46,17.21,17.46,13.0977,21165.0,0.0,1.0
2015-09-25,17.45,17.47,17.33,17.42,13.0677,12667.0,0.0,1.0
2015-09-28,17.4,17.4001,17.169,17.22,12.9176,12053.0,0.0,1.0
2015-09-29,17.16,17.46,17.16,17.2535,12.9428,28500.0,0.0,1.0
2015-09-30,17.49,17.49,17.1835,17.25,12.9401,11153.0,0.0,1.0
2015-10-01,17.2,17.25,17.14,17.18,12.8876,5838.0,0.0,1.0
2015-10-02,17.15,17.32,17.11,17.1601,12.8727,16388.0,0.0,1.0
2015-10-05,17.2,17.38,17.1484,17.36,13.0227,8930.0,0.0,1.0
2015-10-06,17.41,17.41,17.16,17.352,13.0167,8164.0,0.0,1.0
2015-10-07,17.32,17.522,17.32,17.36,13.0227,16120.0,0.0,1.0
2015-10-08,17.36,17.49,17.23,17.49,13.1202,11009.0,0.0,1.0
2015-10-09,17.48,17.48,17.27,17.3,12.9776,3123.0,0.0,1.0
2015-10-12,17.3,17.502,17.3,17.43,13.0752,9634.0,0.0,1.0
2015-10-13,17.43,17.43,17.35,17.37,13.0302,3713.0,0.0,1.0
2015-10-14,17.36,17.46,17.36,17.44,13.0827,9336.0,0.0,1.0
2015-10-15,17.39,17.4,17.35,17.4,13.1614,8332.0,0.145,1.0
2015-10-16,17.45,17.51,17.3735,17.51,13.2446,12179.0,0.0,1.0
2015-10-19,17.5,17.5844,17.5,17.556,13.2794,3625.0,0.0,1.0
2015-10-20,17.6,17.76,17.6,17.76,13.4337,7523.0,0.0,1.0
2015-10-21,17.81,17.81,17.66,17.8,13.464,14760.0,0.0,1.0
2015-10-22,17.94,17.99,17.9301,17.97,13.5926,14093.0,0.0,1.0
2015-10-23,17.94,17.94,17.7169,17.76,13.4337,8014.0,0.0,1.0
2015-10-26,17.73,17.79,17.58,17.68,13.3732,7092.0,0.0,1.0
2015-10-27,17.62,17.67,17.59,17.64,13.343,6795.0,0.0,1.0
2015-10-28,17.62,17.7,17.56,17.67,13.3657,10103.0,0.0,1.0
2015-10-29,17.73,17.8065,17.55,17.6,13.3127,24780.0,0.0,1.0
2015-10-30,17.54,17.7399,17.54,17.56,13.2825,13809.0,0.0,1.0
2015-11-02,17.54,17.84,17.49,17.84,13.4942,8979.0,0.0,1.0
2015-11-03,17.81,17.82,17.48,17.563,13.2847,12762.0,0.0,1.0
2015-11-04,17.56,17.62,17.56,17.56,13.2825,4500.0,0.0,1.0
2015-11-05,17.56,17.63,17.46,17.549,13.2741,21894.0,0.0,1.0
2015-11-06,17.48,17.48,17.3,17.39,13.1539,13978.0,0.0,1.0
2015-11-09,17.41,17.41,17.11,17.1952,13.0065,9820.0,0.0,1.0
2015-11-10,17.08,17.32,17.08,17.19,13.0026,12286.0,0.0,1.0
2015-11-11,17.17,17.341,17.04,17.09,12.9269,9884.0,0.0,1.0
2015-11-12,16.92,16.92,16.75,16.75,12.7794,5327.0,0.145,1.0
2015-11-13,16.73,16.86,16.6299,16.64,12.6955,14850.0,0.0,1.0
2015-11-16,16.6,16.71,16.55,16.66,12.7108,23897.0,0.0,1.0
2015-11-17,16.64,16.7,16.54,16.57,12.6421,11772.0,0.0,1.0
2015-11-18,16.55,16.7165,16.45,16.7,12.7413,11378.0,0.0,1.0
2015-11-19,16.62,16.69,16.61,16.61,12.6726,13525.0,0.0,1.0
2015-11-20,16.61,16.7,16.61,16.6799,12.726,12492.0,0.0,1.0
2015-11-23,16.64,16.7322,16.51,16.72,12.7566,18413.0,0.0,1.0
2015-11-24,16.67,16.67,16.35,16.58,12.6497,22006.0,0.0,1.0
2015-11-25,16.62,16.763,16.24,16.698,12.7398,45313.0,0.0,1.0
2015-11-27,16.8199,16.8199,16.6,16.71,12.7489,13863.0,0.0,1.0
2015-11-30,16.7,16.77,16.6,16.69,12.7337,18865.0,0.0,1.0
2015-12-01,16.63,16.8,16.63,16.8,12.8176,7657.0,0.0,1.0
2015-12-02,16.77,16.81,16.5,16.55,12.6269,38538.0,0.0,1.0
2015-12-03,16.52,16.71,16.48,16.48,12.5734,24701.0,0.0,1.0
2015-12-04,16.51,16.64,16.51,16.63,12.6879,22045.0,0.0,1.0
2015-12-07,16.55,16.61,16.41,16.45,12.5506,8778.0,0.0,1.0
2015-12-08,16.33,16.53,16.32,16.49,12.5811,14222.0,0.0,1.0
2015-12-09,16.38,16.5,16.36,16.36,12.4819,35099.0,0.0,1.0
2015-12-10,16.31,16.446,16.08,16.25,12.398,33222.0,0.0,1.0
2015-12-11,16.11,16.2,16.0,16.0,12.2072,25066.0,0.0,1.0
2015-12-14,15.85,16.06,15.791,15.94,12.1615,33797.0,0.0,1.0
2015-12-15,16.09,16.2,15.9642,16.07,12.2606,26167.0,0.0,1.0
2015-12-16,16.05,16.39,16.05,16.39,12.5048,18295.0,0.0,1.0
2015-12-17,16.37,16.37,16.05,16.2599,12.5162,36504.0,0.145,1.0
2015-12-18,16.32,16.35,16.053,16.1699,12.4469,32179.0,0.0,1.0
2015-12-21,16.13,16.31,16.13,16.2799,12.5315,13553.0,0.0,1.0
2015-12-22,16.22,16.38,16.22,16.33,12.5701,35422.0,0.0,1.0
2015-12-23,16.32,16.64,16.32,16.61,12.7856,39230.0,0.0,1.0
2015-12-24,16.53,16.73,16.45,16.73,12.878,11842.0,0.0,1.0
2015-12-28,16.73,16.81,16.43,16.59,12.7702,16501.0,0.0,1.0
2015-12-29,16.53,16.77,16.48,16.7,12.8549,54092.0,0.0,1.0
2015-12-30,16.57,16.69,16.55,16.58,12.7626,45083.0,0.0,1.0
2015-12-31,16.51,16.72,16.51,16.68,12.8395,26732.0,0.0,1.0
2016-01-04,16.56,16.64,16.438,16.56,12.7472,19275.0,0.0,1.0
2016-01-05,16.58,16.85,16.57,16.69,12.8472,18202.0,0.0,1.0
2016-01-06,16.61,16.73,16.6,16.66,12.8241,3724.0,0.0,1.0
2016-01-07,16.53,16.63,16.45,16.48,12.6856,18811.0,0.0,1.0
2016-01-08,16.46,16.5,16.4,16.4599,12.6701,11052.0,0.0,1.0
2016-01-11,16.44,16.465,16.2,16.21,12.4777,12030.0,0.0,1.0
2016-01-12,16.19,16.24,16.07,16.09,12.3854,20663.0,0.0,1.0
2016-01-13,16.12,16.21,15.95,15.98,12.3007,21303.0,0.0,1.0
2016-01-14,15.9,15.95,15.702,15.83,12.2968,17378.0,0.145,1.0
2016-01-15,15.62,15.72,15.25,15.35,11.924,20727.0,0.0,1.0
2016-01-19,15.41,15.45,15.28,15.3044,11.8886,26298.0,0.0,1.0
2016-01-20,15.18,15.195,14.3116,14.65,11.3802,48305.0,0.0,1.0
2016-01-21,14.54,14.9389,14.5,14.82,11.5123,42889.0,0.0,1.0
2016-01-22,14.87,15.25,14.87,15.2101,11.8153,19598.0,0.0,1.0
2016-01-25,15.19,15.19,15.01,15.0999,11.7297,19173.0,0.0,1.0
2016-01-26,15.17,15.316,15.02,15.23,11.8308,26074.0,0.0,1.0
2016-01-27,15.21,15.34,15.1483,15.22,11.823,18202.0,0.0,1.0
2016-01-28,15.31,15.47,15.298,15.36,11.9317,32010.0,0.0,1.0
2016-01-29,15.47,15.61,15.444,15.56,12.0871,22389.0,0.0,1.0
2016-02-01,15.57,15.73,15.5083,15.73,12.2192,14049.0,0.0,1.0
2016-02-02,15.62,15.62,15.46,15.56,12.0871,8285.0,0.0,1.0
2016-02-03,15.71,15.71,15.56,15.64,12.1493,31728.0,0.0,1.0
2016-02-04,15.79,15.79,15.651,15.73,12.2192,15609.0,0.0,1.0
2016-02-05,15.77,15.77,15.58,15.608,12.1244,19940.0,0.0,1.0
2016-02-08,15.52,15.52,15.1158,15.1158,11.7421,14557.0,0.0,1.0
2016-02-09,15.07,15.07,14.95,14.99,11.6443,16159.0,0.0,1.0
2016-02-10,14.95,15.169,14.95,15.04,11.6832,12168.0,0.0,1.0
2016-02-11,14.84,14.84,14.6559,14.6559,11.4974,11001.0,0.145,1.0
2016-02-12,14.75,14.7775,14.66,14.77,11.5869,4636.0,0.0,1.0
2016-02-16,14.76,15.025,14.59,14.97,11.7438,25894.0,0.0,1.0
2016-02-17,15.0,15.13,15.0,15.07,11.8223,11390.0,0.0,1.0
2016-02-18,15.07,15.25,15.04,15.25,11.9635,15191.0,0.0,1.0
2016-02-19,15.24,15.2685,14.9901,15.2685,11.978,19188.0,0.0,1.0
2016-02-22,15.32,15.4446,15.205,15.25,11.9635,12356.0,0.0,1.0
2016-02-23,15.32,15.4,15.2101,15.361,12.0506,14438.0,0.0,1.0
2016-02-24,15.34,15.374,15.18,15.36,12.0498,27350.0,0.0,1.0
2016-02-25,15.46,15.49,15.265,15.48,12.1439,26356.0,0.0,1.0
2016-02-26,15.54,15.59,15.53,15.577,12.22,25500.0,0.0,1.0
2016-02-29,15.59,15.7,15.415,15.62,12.2538,14568.0,0.0,1.0
2016-03-01,15.62,15.79,15.62,15.79,12.3871,4265.0,0.0,1.0
2016-03-02,15.63,15.88,15.63,15.81,12.4028,22008.0,0.0,1.0
2016-03-03,15.84,15.96,15.818,15.9474,12.5106,3981.0,0.0,1.0
2016-03-04,15.89,16.09,15.89,15.99,12.544,7930.0,0.0,1.0
2016-03-07,15.94,16.09,15.68,16.02,12.5676,27155.0,0.0,1.0
2016-03-08,16.04,16.045,15.75,15.91,12.4813,13717.0,0.0,1.0
2016-03-09,15.99,15.99,15.71,15.9,12.4734,13968.0,0.0,1.0
2016-03-10,15.88,16.04,15.79,15.81,12.4028,30363.0,0.0,1.0
2016-03-11,15.89,16.06,15.89,16.03,12.5754,5146.0,0.0,1.0
2016-03-14,16.07,16.07,16.0399,16.06,12.5989,5947.0,0.0,1.0
2016-03-15,16.05,16.1,16.05,16.09,12.6225,6769.0,0.0,1.0
2016-03-16,16.09,16.24,16.0101,16.21,12.7166,15345.0,0.0,1.0
2016-03-17,16.12,16.27,16.12,16.27,12.8774,8831.0,0.145,1.0
2016-03-18,16.3,16.4899,16.2,16.3501,12.9408,21800.0,0.0,1.0
2016-03-21,16.33,16.39,16.15,16.23,12.8458,17284.0,0.0,1.0
2016-03-22,16.24,16.306,16.15,16.2493,12.8611,23216.0,0.0,1.0
2016-03-23,16.19,16.28,16.11,16.11,12.7508,23525.0,0.0,1.0
2016-03-24,16.15,16.15,16.04,16.0598,12.7111,15619.0,0.0,1.0
2016-03-28,16.08,16.15,15.97,16.0,12.6637,22458.0,0.0,1.0
2016-03-29,16.05,16.16,16.05,16.1,12.7429,14757.0,0.0,1.0
2016-03-30,16.2,16.319,16.101,16.29,12.8933,20860.0,0.0,1.0
2016-03-31,16.29,16.5,16.2,16.5,13.0595,36445.0,0.0,1.0
2016-04-01,16.44,16.5,16.278,16.48,13.0436,22266.0,0.0,1.0
2016-04-04,16.53,16.56,16.42,16.5,13.0595,20409.0,0.0,1.0
2016-04-05,16.49,16.575,16.2701,16.41,12.9882,22265.0,0.0,1.0
2016-04-06,16.41,16.55,16.3601,16.4804,13.044,15573.0,0.0,1.0
2016-04-07,16.54,16.71,16.3,16.39,12.9724,25801.0,0.0,1.0
2016-04-08,16.59,16.63,16.4405,16.598,13.137,24882.0,0.0,1.0
2016-04-11,16.66,16.66,16.42,16.487,13.0492,20796.0,0.0,1.0
2016-04-12,16.63,16.63,16.45,16.605,13.1426,12326.0,0.0,1.0
2016-04-13,16.63,16.99,16.52,16.73,13.2415,36884.0,0.0,1.0
2016-04-14,16.65,17.0,16.497,16.91,13.4988,18638.0,0.145,1.0
2016-04-15,16.89,16.89,16.6,16.7,13.3311,20373.0,0.0,1.0
2016-04-18,16.77,16.77,16.7,16.7501,13.3711,39072.0,0.0,1.0
2016-04-19,16.72,16.816,16.7,16.72,13.3471,13989.0,0.0,1.0
2016-04-20,16.73,16.77,16.63,16.67,13.3072,32513.0,0.0,1.0
2016-04-21,16.76,16.76,16.56,16.6079,13.2576,11702.0,0.0,1.0
2016-04-22,16.72,16.72,16.67,16.7141,13.3424,10615.0,0.0,1.0
2016-04-25,16.77,16.77,16.68,16.7,13.3311,14372.0,0.0,1.0
2016-04-26,16.73,17.0,16.73,17.0,13.5706,40384.0,0.0,1.0
2016-04-27,16.99,17.21,16.94,17.18,13.7143,22487.0,0.0,1.0
2016-04-28,17.29,17.43,17.19,17.2201,13.7463,49928.0,0.0,1.0
2016-04-29,17.36,17.39,17.1014,17.17,13.7063,18070.0,0.0,1.0
2016-05-02,17.2,17.3,17.055,17.29,13.8021,19724.0,0.0,1.0
2016-05-03,17.22,17.279,17.03,17.277,13.7917,8616.0,0.0,1.0
2016-05-04,17.22,17.3,17.2135,17.3,13.8101,6272.0,0.0,1.0
2016-05-05,17.3,17.3,17.21,17.21,13.7382,12247.0,0.0,1.0
2016-05-06,17.23,17.3,17.23,17.25,13.7702,28646.0,0.0,1.0
2016-05-09,17.3,17.35,17.09,17.09,13.6424,11161.0,0.0,1.0
2016-05-10,17.26,17.2985,17.07,17.07,13.6265,26361.0,0.0,1.0
2016-05-11,17.11,17.11,16.85,16.94,13.5227,15307.0,0.0,1.0
2016-05-12,16.89,17.01,16.7,16.83,13.5506,38633.0,0.145,1.0
2016-05-13,16.82,16.83,16.6,16.8,13.5265,26361.0,0.0,1.0
2016-05-16,16.69,16.9,16.69,16.81,13.5345,20017.0,0.0,1.0
2016-05-17,16.81,16.9,16.67,16.6938,13.441,12788.0,0.0,1.0
2016-05-18,16.76,16.95,16.5801,16.7,13.446,11138.0,0.0,1.0
2016-05-19,16.71,16.78,16.39,16.48,13.2688,39207.0,0.0,1.0
2016-05-20,16.62,16.755,16.46,16.58,13.3494,21151.0,0.0,1.0
2016-05-23,16.66,16.8,16.635,16.7229,13.4644,22109.0,0.0,1.0
2016-05-24,16.79,16.95,16.75,16.82,13.5426,21851.0,0.0,1.0
2016-05-25,16.83,17.03,16.83,17.02,13.7036,16711.0,0.0,1.0
2016-05-26,17.16,17.31,16.82,17.208,13.855,16659.0,0.0,1.0
2016-05-27,17.19,17.33,17.06,17.24,13.8807,16426.0,0.0,1.0
2016-05-31,17.23,17.41,17.23,17.39,14.0015,14236.0,0.0,1.0
2016-06-01,17.38,17.38,17.12,17.345,13.9653,16381.0,0.0,1.0
2016-06-02,17.41,17.6381,17.3,17.6237,14.1897,18534.0,0.0,1.0
2016-06-03,17.65,17.97,17.65,17.97,14.4685,21067.0,0.0,1.0
2016-06-06,18.14,18.26,17.9999,18.11,14.5812,28515.0,0.0,1.0
2016-06-07,18.1,18.13,17.6947,17.83,14.3558,19762.0,0.0,1.0
2016-06-08,17.77,17.92,17.7401,17.82,14.3477,15074.0,0.0,1.0
2016-06-09,17.94,18.0,17.76,18.0,14.4927,20364.0,0.0,1.0
2016-06-10,17.98,18.44,17.805,18.29,14.7262,68227.0,0.0,1.0
2016-06-13,18.14,18.3699,18.045,18.2,14.6537,18263.0,0.0,1.0
2016-06-14,18.15,18.38,17.93,18.28,14.7181,21503.0,0.0,1.0
2016-06-15,18.39,18.39,18.1,18.2,14.6537,24175.0,0.0,1.0
2016-06-16,18.01,18.095,17.91,17.98,14.5933,29042.0,0.145,1.0
2016-06-17,17.95,18.56,17.95,18.2376,14.8024,28436.0,0.0,1.0
2016-06-20,18.28,18.48,17.7301,18.02,14.6258,25841.0,0.0,1.0
2016-06-21,18.25,18.25,17.8,18.05,14.6501,23168.0,0.0,1.0
2016-06-22,18.1,18.19,17.76,17.83,14.4716,36352.0,0.0,1.0
2016-06-23,18.08,18.13,17.7,17.78,14.431,25704.0,0.0,1.0
2016-06-24,17.63,17.97,17.63,17.77,14.4229,32019.0,0.0,1.0
2016-06-27,17.8,18.05,17.47,17.67,14.3417,21950.0,0.0,1.0
2016-06-28,17.98,18.0999,17.7,17.941,14.5617,30758.0,0.0,1.0
2016-06-29,18.21,18.21,17.5,17.58,14.2686,45343.0,0.0,1.0
2016-06-30,17.65,17.8099,17.59,17.7,14.366,23284.0,0.0,1.0
2016-07-01,17.79,17.97,17.67,17.7165,14.3794,11660.0,0.0,1.0
2016-07-05,17.76,17.96,17.7201,17.845,14.4837,20183.0,0.0,1.0
2016-07-06,17.73,17.85,17.7,17.73,14.3904,26122.0,0.0,1.0
2016-07-07,17.68,17.9044,17.5601,17.6,14.2849,30728.0,0.0,1.0
2016-07-08,17.6,17.84,17.57,17.82,14.4634,23776.0,0.0,1.0
2016-07-11,17.87,18.02,17.7684,17.81,14.4553,26613.0,0.0,1.0
2016-07-12,17.9,17.9,17.67,17.74,14.3985,32010.0,0.0,1.0
2016-07-13,17.76,17.81,17.68,17.8,14.4472,39151.0,0.0,1.0
2016-07-14,17.66,17.84,17.54,17.83,14.5892,41001.0,0.145,1.0
2016-07-15,17.81,17.83,17.48,17.61,14.4092,37609.0,0.0,1.0
2016-07-18,17.72,17.75,17.61,17.71,14.4911,25360.0,0.0,1.0
2016-07-19,17.67,17.76,17.495,17.58,14.3847,38963.0,0.0,1.0
2016-07-20,17.65,17.7851,17.59,17.67,14.4583,46028.0,0.0,1.0
2016-07-21,17.74,17.74,17.572,17.7,14.4829,38024.0,0.0,1.0
2016-07-22,17.63,17.82,17.62,17.77,14.5402,31706.0,0.0,1.0
2016-07-25,17.84,17.84,17.59,17.75,14.5238,35904.0,0.0,1.0
2016-07-26,17.72,17.77,17.71,17.76,14.532,12685.0,0.0,1.0
2016-07-27,17.84,17.93,17.7,17.93,14.6711,34313.0,0.0,1.0
2016-07-28,17.99,18.0,17.82,18.0,14.7283,29885.0,0.0,1.0
2016-07-29,17.9,18.11,17.8301,18.08,14.7938,33667.0,0.0,1.0
2016-08-01,18.05,18.05,17.86,17.95,14.6874,37435.0,0.0,1.0
2016-08-02,17.75,17.83,17.65,17.68,14.4665,82583.0,0.0,1.0
2016-08-03,17.68,17.76,17.64,17.69,14.4747,25331.0,0.0,1.0
2016-08-04,17.7,17.829,17.64,17.66,14.4501,38682.0,0.0,1.0
2016-08-05,17.7,17.79,17.58,17.61,14.4092,39980.0,0.0,1.0
2016-08-08,17.71,17.717,17.52,17.5301,14.3439,21887.0,0.0,1.0
2016-08-09,17.55,17.66,17.55,17.63,14.4256,21507.0,0.0,1.0
2016-08-10,17.69,17.78,17.6,17.76,14.532,33906.0,0.0,1.0
2016-08-11,17.61,17.7299,17.57,17.7299,14.626,11834.0,0.145,1.0
2016-08-12,17.77,17.858,17.66,17.81,14.6921,19539.0,0.0,1.0
2016-08-15,17.81,17.86,17.75,17.86,14.7333,11037.0,0.0,1.0
2016-08-16,17.82,17.82,17.55,17.71,14.6096,33492.0,0.0,1.0
2016-08-17,17.63,17.6572,17.47,17.5,14.4363,30257.0,0.0,1.0
2016-08-18,17.48,17.62,17.48,17.62,14.5353,8346.0,0.0,1.0
2016-08-19,17.52,17.62,17.5,17.61,14.5271,9886.0,0.0,1.0
2016-08-22,17.69,17.78,17.63,17.78,14.6673,12760.0,0.0,1.0
2016-08-23,17.83,17.9,17.83,17.85,14.7251,15668.0,0.0,1.0
2016-08-24,17.9,17.9,17.81,17.85,14.7251,36286.0,0.0,1.0
2016-08-25,17.87,17.97,17.81,17.85,14.7251,52796.0,0.0,1.0
2016-08-26,17.85,18.0,17.75,17.75,14.6426,23918.0,0.0,1.0
2016-08-29,17.76,17.94,17.75,17.94,14.7993,11153.0,0.0,1.0
2016-08-30,17.83,17.9199,17.7973,17.85,14.7251,29924.0,0.0,1.0
2016-08-31,17.84,17.8899,17.7,17.8499,14.725,26892.0,0.0,1.0
2016-09-01,17.82,17.89,17.71,17.8,14.6838,13350.0,0.0,1.0
2016-09-02,17.8,17.96,17.79,17.85,14.7251,19467.0,0.0,1.0
2016-09-06,18.0,18.09,18.0,18.06,14.8983,31049.0,0.0,1.0
2016-09-07,18.14,18.14,18.0403,18.13,14.956,18684.0,0.0,1.0
2016-09-08,18.06,18.14,18.02,18.09,14.923,18248.0,0.0,1.0
2016-09-09,18.06,18.06,17.78,17.81,14.6921,94148.0,0.0,1.0
2016-09-12,17.83,18.11,17.7601,18.11,14.9395,25356.0,0.0,1.0
2016-09-13,17.95,17.957,17.7,17.81,14.6921,29326.0,0.0,1.0
2016-09-14,17.79,18.0312,17.64,17.66,14.5683,13260.0,0.0,1.0
2016-09-15,17.59,17.61,17.32,17.47,14.5312,28964.0,0.145,1.0
2016-09-16,17.5,17.5127,17.21,17.4,14.473,26356.0,0.0,1.0
2016-09-19,17.45,17.5499,17.44,17.46,14.5229,18454.0,0.0,1.0
2016-09-20,17.55,17.55,17.33,17.4,14.473,17242.0,0.0,1.0
2016-09-21,17.42,17.47,17.26,17.46,14.5229,34298.0,0.0,1.0
2016-09-22,17.52,17.69,17.51,17.59,14.631,51133.0,0.0,1.0
2016-09-23,17.69,17.69,17.46,17.55,14.5977,32087.0,0.0,1.0
2016-09-26,17.52,17.6,17.31,17.43,14.4979,26335.0,0.0,1.0
2016-09-27,17.48,17.58,17.41,17.5299,14.581,20780.0,0.0,1.0
2016-09-28,17.55,17.662,17.475,17.6,14.6393,18443.0,0.0,1.0
2016-09-29,17.67,17.67,17.45,17.59,14.631,34909.0,0.0,1.0
2016-09-30,17.55,17.68,17.5201,17.6511,14.6818,14440.0,0.0,1.0
2016-10-03,17.65,17.6775,17.4981,17.59,14.631,12800.0,0.0,1.0
2016-10-04,17.58,17.66,17.32,17.52,14.5728,51554.0,0.0,1.0
2016-10-05,17.64,17.64,17.36,17.47,14.5312,21664.0,0.0,1.0
2016-10-06,17.44,17.4806,17.27,17.32,14.4064,32762.0,0.0,1.0
2016-10-07,17.32,17.4399,17.16,17.23,14.3316,14200.0,0.0,1.0
2016-10-10,17.27,17.4565,17.21,17.29,14.3815,28222.0,0.0,1.0
2016-10-11,17.18,17.2058,17.06,17.06,14.1902,19276.0,0.0,1.0
2016-10-12,17.11,17.2099,17.01,17.2099,14.3149,21343.0,0.0,1.0
2016-10-13,16.95,17.13,16.95,17.13,14.369,17000.0,0.145,1.0
2016-10-14,17.16,17.16,17.01,17.11,14.3522,10267.0,0.0,1.0
2016-10-17,17.08,17.13,16.96,16.96,14.2264,12363.0,0.0,1.0
2016-10-18,16.97,17.1414,16.9501,17.07,14.3187,25042.0,0.0,1.0
2016-10-19,17.04,17.04,16.96,17.0,14.26,24447.0,0.0,1.0
2016-10-20,17.0,17.0042,16.75,16.75,14.0503,17636.0,0.0,1.0
2016-10-21,16.85,16.949,16.8,16.83,14.1174,15964.0,0.0,1.0
2016-10-24,16.88,16.94,16.8,16.93,14.2012,38666.0,0.0,1.0
2016-10-25,16.9,17.02,16.88,16.99,14.2516,17733.0,0.0,1.0
2016-10-26,16.99,17.02,16.79,16.95,14.218,22030.0,0.0,1.0
2016-10-27,16.95,16.95,16.47,16.49,13.8322,60178.0,0.0,1.0
2016-10-28,16.41,16.73,16.41,16.7,14.0083,20934.0,0.0,1.0
2016-10-31,16.7,16.7,16.49,16.62,13.9412,20273.0,0.0,1.0
2016-11-01,16.66,16.66,16.3456,16.42,13.7734,13193.0,0.0,1.0
2016-11-02,16.33,16.33,15.97,16.13,13.5302,55390.0,0.0,1.0
2016-11-03,16.2,16.22,15.8,16.02,13.4379,32205.0,0.0,1.0
2016-11-04,16.05,16.16,16.0,16.1001,13.5051,11393.0,0.0,1.0
2016-11-07,16.18,16.295,16.14,16.25,13.6308,11287.0,0.0,1.0
2016-11-08,16.17,16.35,16.14,16.23,13.6141,41874.0,0.0,1.0
2016-11-09,15.98,16.27,15.88,16.27,13.6476,39625.0,0.0,1.0
2016-11-10,16.08,16.3359,15.585,15.8911,13.3298,67754.0,0.0,1.0
2016-11-11,15.84,15.91,15.74,15.8,13.2534,19509.0,0.0,1.0
2016-11-14,15.8,15.81,15.47,15.6193,13.1018,28603.0,0.0,1.0
2016-11-15,15.63,15.987,15.57,15.78,13.2366,46554.0,0.0,1.0
2016-11-16,15.86,16.02,15.7601,15.7601,13.2199,26039.0,0.0,1.0
2016-11-17,15.76,15.889,15.59,15.61,13.2156,27045.0,0.145,1.0
2016-11-18,15.54,15.76,15.5,15.69,13.2834,40257.0,0.0,1.0
2016-11-21,15.7,15.937,15.6801,15.74,13.3257,53299.0,0.0,1.0
2016-11-22,15.8,15.97,15.78,15.945,13.4992,33818.0,0.0,1.0
2016-11-23,15.86,16.09,15.86,16.01,13.5543,8919.0,0.0,1.0
2016-11-25,16.0,16.2,16.0,16.2,13.7151,2715.0,0.0,1.0
2016-11-28,16.21,16.26,16.1201,16.23,13.7405,32325.0,0.0,1.0
2016-11-29,16.23,16.303,16.16,16.28,13.7829,34153.0,0.0,1.0
2016-11-30,16.24,16.42,16.13,16.38,13.8675,46759.0,0.0,1.0
2016-12-01,16.29,16.29,15.982,15.99,13.5373,29291.0,0.0,1.0
2016-12-02,16.0,16.25,15.9895,16.05,13.5881,33250.0,0.0,1.0
2016-12-05,16.03,16.2341,15.98,16.0,13.5458,32547.0,0.0,1.0
2016-12-06,16.0,16.27,15.98,16.27,13.7744,43236.0,0.0,1.0
2016-12-07,16.24,16.3332,16.161,16.32,13.8167,23025.0,0.0,1.0
2016-12-08,16.26,16.2737,16.12,16.19,13.7067,33205.0,0.0,1.0
2016-12-09,16.26,16.28,15.95,16.06,13.5966,73013.0,0.0,1.0
2016-12-12,16.0,16.21,15.8401,16.19,13.7067,62431.0,0.0,1.0
2016-12-13,16.19,16.26,16.03,16.23,13.7405,26348.0,0.0,1.0
2016-12-14,16.24,16.29,15.97,16.0108,13.5549,29743.0,0.0,1.0
2016-12-15,15.83,16.08,15.81,15.9,13.5839,46594.0,0.145,1.0
2016-12-16,15.87,16.01,15.86,15.9,13.5839,18173.0,0.0,1.0
2016-12-19,15.92,16.1,15.92,15.98,13.6522,23018.0,0.0,1.0
2016-12-20,15.96,16.08,15.821,16.08,13.7377,35983.0,0.0,1.0
2016-12-21,15.99,16.15,15.919,16.13,13.7804,39676.0,0.0,1.0
2016-12-22,16.09,16.15,15.95,16.08,13.7377,66916.0,0.0,1.0
2016-12-23,15.98,16.15,15.75,15.98,13.6522,60901.0,0.0,1.0
2016-12-27,15.97,16.07,15.88,15.96,13.6352,49300.0,0.0,1.0
2016-12-28,15.86,15.95,15.8,15.85,13.5412,46136.0,0.0,1.0
2016-12-29,15.97,16.01,15.75,15.86,13.5497,111174.0,0.0,1.0
2016-12-30,15.88,15.98,15.8419,15.96,13.6352,43713.0,0.0,1.0
2017-01-03,16.08,16.1168,16.01,16.11,13.7633,45049.0,0.0,1.0
2017-01-04,16.12,16.31,16.12,16.31,13.9342,42591.0,0.0,1.0
2017-01-05,16.3,16.3981,16.21,16.34,13.9598,32948.0,0.0,1.0
2017-01-06,16.26,16.47,16.26,16.45,14.0538,36608.0,0.0,1.0
2017-01-09,16.36,16.51,16.3235,16.36,13.9769,41844.0,0.0,1.0
2017-01-10,16.37,16.44,16.19,16.19,13.8317,62085.0,0.0,1.0
2017-01-11,16.14,16.28,16.12,16.22,13.8573,83318.0,0.0,1.0
2017-01-12,16.03,16.17,16.01,16.17,13.9384,20581.0,0.145,1.0
2017-01-13,16.11,16.17,16.06,16.14,13.9126,21869.0,0.0,1.0
2017-01-17,16.23,16.36,16.15,16.28,14.0333,41325.0,0.0,1.0
2017-01-18,16.24,16.4,16.2,16.4,14.1367,40880.0,0.0,1.0
2017-01-19,16.37,16.37,16.16,16.2,13.9643,22114.0,0.0,1.0
2017-01-20,16.17,16.22,16.14,16.15,13.9212,24434.0,0.0,1.0
2017-01-23,16.16,16.31,16.12,16.31,14.0591,32099.0,0.0,1.0
2017-01-24,16.25,16.3892,16.25,16.34,14.085,35079.0,0.0,1.0
2017-01-25,16.33,16.37,16.25,16.36,14.1022,74203.0,0.0,1.0
2017-01-26,16.38,16.44,16.33,16.4,14.1367,45124.0,0.0,1.0
2017-01-27,16.39,16.45,16.39,16.44,14.1712,27856.0,0.0,1.0
2017-01-30,16.52,16.52,16.32,16.32,14.0677,99258.0,0.0,1.0
2017-01-31,16.46,16.7526,16.46,16.66,14.3608,41626.0,0.0,1.0
2017-02-01,16.6,16.84,16.5559,16.81,14.4901,52261.0,0.0,1.0
2017-02-02,16.83,16.92,16.72,16.8199,14.4987,52093.0,0.0,1.0
2017-02-03,16.88,16.93,16.7312,16.81,14.4901,36557.0,0.0,1.0
2017-02-06,16.87,16.99,16.78,16.8,14.4815,35433.0,0.0,1.0
2017-02-07,16.8,16.86,16.71,16.72,14.4125,340.0,0.0,1.0
2017-02-08,16.75,16.87,16.7,16.75,14.4384,13056.0,0.0,1.0
2017-02-09,16.74,16.83,16.74,16.77,14.4556,39351.0,0.0,1.0
2017-02-10,16.77,16.87,16.72,16.87,14.5418,54235.0,0.0,1.0
2017-02-13,16.9,16.99,16.812,16.88,14.5505,42843.0,0.0,1.0
2017-02-14,16.85,16.88,16.72,16.81,14.4901,44819.0,0.0,1.0
2017-02-15,16.85,16.94,16.64,16.83,14.5074,72952.0,0.0,1.0
2017-02-16,16.73,16.91,16.6337,16.85,14.6496,15020.0,0.145,1.0
2017-02-17,16.83,16.9,16.761,16.9,14.6931,30364.0,0.0,1.0
2017-02-21,16.96,16.98,16.86,16.89,14.6844,40092.0,0.0,1.0
2017-02-22,16.91,16.98,16.86,16.8783,14.6742,14648.0,0.0,1.0
2017-02-23,16.92,17.095,16.88,16.93,14.7191,28930.0,0.0,1.0
2017-02-24,16.97,17.0299,16.85,16.96,14.7452,32101.0,0.0,1.0
2017-02-27,17.05,17.17,16.884,17.11,14.8756,54843.0,0.0,1.0
2017-02-28,17.15,17.1899,17.002,17.15,14.9104,46504.0,0.0,1.0
2017-03-01,17.16,17.23,17.12,17.12,14.8843,48009.0,0.0,1.0
2017-03-02,17.17,17.22,17.05,17.1,14.8669,96796.0,0.0,1.0
2017-03-03,17.17,17.17,17.09,17.09,14.8583,19840.0,0.0,1.0
2017-03-06,17.1,17.1434,16.85,16.91,14.7018,16585.0,0.0,1.0
2017-03-07,17.02,17.02,16.9,16.95,14.7365,19076.0,0.0,1.0
2017-03-08,16.98,16.99,16.86,16.95,14.7365,37318.0,0.0,1.0
2017-03-09,16.92,16.98,16.72,16.72,14.5366,34212.0,0.0,1.0
2017-03-10,16.8,16.85,16.58,16.84,14.6409,16419.0,0.0,1.0
2017-03-13,16.93,16.93,16.64,16.64,14.467,22276.0,0.0,1.0
2017-03-14,16.56,16.76,16.56,16.63,14.4583,21822.0,0.0,1.0
2017-03-15,16.7,16.92,16.64,16.81,14.6148,27385.0,0.0,1.0
2017-03-16,16.62,16.84,16.5801,16.61,14.567,11039.0,0.145,1.0
2017-03-17,16.72,16.84,16.5859,16.69,14.6372,17647.0,0.0,1.0
2017-03-20,16.8,16.85,16.665,16.73,14.6722,9564.0,0.0,1.0
2017-03-21,16.82,16.85,16.6701,16.81,14.7424,23238.0,0.0,1.0
2017-03-22,16.81,16.81,16.6,16.65,14.6021,32689.0,0.0,1.0
2017-03-23,16.7,16.8,16.7,16.75,14.6898,20119.0,0.0,1.0
2017-03-24,16.85,16.87,16.6848,16.86,14.7863,11914.0,0.0,1.0
2017-03-27,16.84,16.84,16.698,16.72,14.6635,16608.0,0.0,1.0
2017-03-28,16.77,16.94,16.77,16.82,14.7512,22395.0,0.0,1.0
2017-03-29,16.92,16.92,16.71,16.83,14.7599,29597.0,0.0,1.0
2017-03-30,16.82,16.99,16.798,16.96,14.874,31953.0,0.0,1.0
2017-03-31,16.87,17.54,16.87,17.54,15.3826,37359.0,0.0,1.0
2017-04-03,17.49,17.49,17.04,17.22,15.102,50083.0,0.0,1.0
2017-04-04,17.31,17.31,17.15,17.225,15.1064,15813.0,0.0,1.0
2017-04-05,17.38,17.44,17.05,17.05,14.9529,22738.0,0.0,1.0
2017-04-06,17.22,17.25,17.0,17.04,14.9441,18474.0,0.0,1.0
2017-04-07,17.12,17.25,17.08,17.11,15.0055,18522.0,0.0,1.0
2017-04-10,17.21,17.4,17.21,17.33,15.1984,25136.0,0.0,1.0
2017-04-11,17.45,17.45,17.31,17.4,15.2598,28556.0,0.0,1.0
2017-04-12,17.35,17.3798,17.27,17.29,15.2905,25102.0,0.145,1.0
2017-04-13,17.44,17.46,17.36,17.36,15.3524,19154.0,0.0,1.0
2017-04-17,17.49,17.5692,17.35,17.53,15.5028,29998.0,0.0,1.0
2017-04-18,17.55,17.681,17.49,17.55,15.5205,28422.0,0.0,1.0
2017-04-19,17.7,17.85,17.54,17.56,15.5293,29281.0,0.0,1.0
2017-04-20,17.6,17.6,17.503,17.544,15.5152,32357.0,0.0,1.0
2017-04-21,17.55,17.661,17.4789,17.575,15.5426,35975.0,0.0,1.0
2017-04-24,17.78,17.78,17.56,17.61,15.5735,34987.0,0.0,1.0
2017-04-25,17.69,17.75,17.57,17.61,15.5735,35297.0,0.0,1.0
2017-04-26,17.69,17.76,17.44,17.6,15.5647,53876.0,0.0,1.0
2017-04-27,17.7,17.99,17.6,17.99,15.9096,27962.0,0.0,1.0
2017-04-28,17.94,17.94,17.7,17.94,15.8654,34084.0,0.0,1.0
2017-05-01,17.88,18.0,17.76,17.84,15.7769,36197.0,0.0,1.0
2017-05-02,17.91,17.97,17.84,17.91,15.8388,27084.0,0.0,1.0
2017-05-03,17.97,18.05,17.55,17.6,15.5647,44470.0,0.0,1.0
2017-05-04,17.58,17.67,17.54,17.54,15.5116,30031.0,0.0,1.0
2017-05-05,17.59,17.8,17.5501,17.71,15.662,30231.0,0.0,1.0
2017-05-08,17.77,17.99,17.55,17.67,15.6266,45851.0,0.0,1.0
2017-05-09,17.76,17.94,17.67,17.68,15.6354,18316.0,0.0,1.0
2017-05-10,17.75,17.93,17.61,17.81,15.7504,22599.0,0.0,1.0
2017-05-11,17.86,17.86,17.56,17.59,15.5558,64756.0,0.0,1.0
2017-05-12,17.61,17.66,17.5718,17.66,15.6177,27119.0,0.0,1.0
2017-05-15,17.71,17.71,17.42,17.56,15.5293,50858.0,0.0,1.0
2017-05-16,17.59,17.62,17.48,17.53,15.5028,36105.0,0.0,1.0
2017-05-17,17.44,17.4788,17.26,17.4,15.3878,40436.0,0.0,1.0
2017-05-18,17.27,17.37,17.26,17.35,15.4718,27820.0,0.145,1.0
2017-05-19,17.33,17.47,17.33,17.4599,15.5698,16207.0,0.0,1.0
2017-05-22,17.44,17.63,17.39,17.55,15.6502,17445.0,0.0,1.0
2017-05-23,17.66,17.68,17.46,17.65,15.7393,43456.0,0.0,1.0
2017-05-24,17.6,17.71,17.5901,17.66,15.7483,14736.0,0.0,1.0
2017-05-25,17.77,17.77,17.56,17.6,15.6948,50196.0,0.0,1.0
2017-05-26,17.66,17.68,17.56,17.62,15.7126,35070.0,0.0,1.0
2017-05-30,17.64,17.7316,17.4806,17.67,15.7572,14950.0,0.0,1.0
2017-05-31,17.66,17.702,17.5996,17.63,15.7215,27527.0,0.0,1.0
2017-06-01,17.61,17.76,17.61,17.76,15.8374,31366.0,0.0,1.0
2017-06-02,18.0,18.2,17.73,18.2,16.2298,66575.0,0.0,1.0
2017-06-05,18.08,18.15,17.8167,18.12,16.1585,80256.0,0.0,1.0
2017-06-06,18.16,18.42,17.66,17.7992,15.8724,56778.0,0.0,1.0
2017-06-07,17.91,18.09,17.79,17.8,15.8731,51848.0,0.0,1.0
2017-06-08,17.91,17.999,17.72,17.72,15.8018,75514.0,0.0,1.0
2017-06-09,17.78,18.1,17.62,17.91,15.9712,67635.0,0.0,1.0
2017-06-12,18.1,18.26,17.75,18.13,16.1674,76169.0,0.0,1.0
2017-06-13,18.13,18.4697,18.01,18.4,16.4082,71813.0,0.0,1.0
2017-06-14,18.46,18.88,18.3401,18.84,16.8005,34366.0,0.0,1.0
2017-06-15,18.59,18.65,18.22,18.31,16.4572,51721.0,0.145,1.0
2017-06-16,18.62,18.65,18.31,18.31,16.4572,31555.0,0.0,1.0
2017-06-19,18.65,18.65,18.3469,18.3469,16.4904,21764.0,0.0,1.0
2017-06-20,18.65,18.65,18.15,18.15,16.3134,30859.0,0.0,1.0
2017-06-21,18.34,18.45,17.95,17.95,16.1336,23729.0,0.0,1.0
2017-06-22,18.16,18.23,17.85,17.85,16.0437,48454.0,0.0,1.0
2017-06-23,17.94,18.37,17.94,18.12,16.2864,20600.0,0.0,1.0
2017-06-26,18.26,18.4617,18.02,18.15,16.3134,32343.0,0.0,1.0
2017-06-27,18.2,18.25,18.05,18.25,16.4033,25878.0,0.0,1.0
2017-06-28,18.47,18.512,18.16,18.1742,16.3351,23496.0,0.0,1.0
2017-06-29,18.47,18.47,17.9,18.06,16.2325,36853.0,0.0,1.0
2017-06-30,18.29,18.38,18.0,18.09,16.2595,43774.0,0.0,1.0
2017-07-03,18.57,18.6,18.22,18.22,16.3763,10133.0,0.0,1.0
2017-07-05,18.5,18.5,18.22,18.33,16.4752,18492.0,0.0,1.0
2017-07-06,18.38,18.519,18.22,18.23,16.3853,34795.0,0.0,1.0
2017-07-07,18.32,18.36,18.09,18.17,16.3314,14340.0,0.0,1.0
2017-07-10,18.38,18.4685,18.121,18.3,16.4482,40364.0,0.0,1.0
2017-07-11,18.45,18.47,18.15,18.37,16.5111,64724.0,0.0,1.0
2017-07-12,18.49,18.5223,18.29,18.29,16.4392,39147.0,0.0,1.0
2017-07-13,18.5,18.5,18.1933,18.46,16.7224,37370.0,0.145,1.0
2017-07-14,18.65,18.65,18.4185,18.52,16.7767,40982.0,0.0,1.0
2017-07-17,18.6,18.85,18.3623,18.85,17.0756,28342.0,0.0,1.0
2017-07-18,18.47,18.7223,18.2,18.42,16.6861,71009.0,0.0,1.0
2017-07-19,18.36,18.37,18.16,18.31,16.5865,48354.0,0.0,1.0
2017-07-20,18.39,18.39,18.3,18.39,16.6589,17242.0,0.0,1.0
2017-07-21,18.45,18.45,18.25,18.37,16.6408,25737.0,0.0,1.0
2017-07-24,18.39,18.47,18.26,18.32,16.5955,45061.0,0.0,1.0
2017-07-25,18.34,18.4041,18.18,18.24,16.5231,22401.0,0.0,1.0
2017-07-26,18.3,18.44,18.25,18.34,16.6136,30678.0,0.0,1.0
2017-07-27,18.42,18.45,18.33,18.365,16.6363,29809.0,0.0,1.0
2017-07-28,18.42,18.4752,18.25,18.28,16.5593,11785.0,0.0,1.0
2017-07-31,18.31,18.47,18.15,18.46,16.7224,34171.0,0.0,1.0
2017-08-01,18.4,18.5999,18.4,18.54,16.7948,39834.0,0.0,1.0
2017-08-02,18.56,18.8,18.4286,18.8,17.0303,30146.0,0.0,1.0
2017-08-03,18.8,18.8,18.3319,18.49,16.7495,32120.0,0.0,1.0
2017-08-04,18.53,18.76,18.39,18.4,16.668,38604.0,0.0,1.0
2017-08-07,18.49,18.61,18.49,18.49,16.7495,17521.0,0.0,1.0
2017-08-08,18.6,18.789,18.39,18.78,17.0122,12629.0,0.0,1.0
2017-08-09,18.79,18.79,18.4985,18.78,17.0122,29367.0,0.0,1.0
2017-08-10,18.5,18.57,17.94,17.94,16.3826,43207.0,0.145,1.0
2017-08-11,17.96,18.0621,17.83,17.91,16.3553,26227.0,0.0,1.0
2017-08-14,18.05,18.39,18.01,18.17,16.5927,40531.0,0.0,1.0
2017-08-15,18.25,18.4605,18.25,18.3,16.7114,21944.0,0.0,1.0
2017-08-16,18.39,18.59,18.28,18.585,16.9717,24379.0,0.0,1.0
2017-08-17,18.64,18.64,18.36,18.48,16.8758,26628.0,0.0,1.0
2017-08-18,18.34,18.34,18.12,18.34,16.7479,41076.0,0.0,1.0
2017-08-21,18.32,18.5,18.1721,18.25,16.6657,14175.0,0.0,1.0
2017-08-22,18.21,18.43,18.21,18.26,16.6749,13630.0,0.0,1.0
2017-08-23,18.26,18.54,18.26,18.45,16.8484,23181.0,0.0,1.0
2017-08-24,18.46,18.65,18.26,18.49,16.8849,29085.0,0.0,1.0
2017-08-25,18.53,18.65,18.35,18.35,16.7571,13225.0,0.0,1.0
2017-08-28,18.5,18.62,18.15,18.21,16.6292,26601.0,0.0,1.0
2017-08-29,18.33,18.4752,18.13,18.33,16.7388,25954.0,0.0,1.0
2017-08-30,18.29,18.79,18.29,18.51,16.9032,48895.0,0.0,1.0
2017-08-31,18.71,18.71,18.53,18.62,17.0036,17387.0,0.0,1.0
2017-09-01,18.73,18.73,18.66,18.69,17.0675,5958.0,0.0,1.0
2017-09-05,18.72,18.78,18.6,18.69,17.0675,17341.0,0.0,1.0
2017-09-06,18.79,18.79,18.6901,18.7298,17.1039,15413.0,0.0,1.0
2017-09-07,18.79,18.88,18.7,18.88,17.241,29458.0,0.0,1.0
2017-09-08,18.94,18.9498,18.81,18.88,17.241,18426.0,0.0,1.0
2017-09-11,18.95,19.03,18.861,19.03,17.378,37425.0,0.0,1.0
2017-09-12,19.05,19.52,19.0,19.15,17.4876,36430.0,0.0,1.0
2017-09-13,19.2,19.3,18.9,19.041,17.3881,15645.0,0.0,1.0
2017-09-14,18.4,18.4471,17.43,17.68,16.2776,371027.0,0.145,1.0
2017-09-15,17.65,17.9274,17.51,17.9,16.4802,91433.0,0.0,1.0
2017-09-18,17.9,18.02,17.9,18.01,16.5815,77903.0,0.0,1.0
2017-09-19,18.0,18.09,17.95,18.07,16.6367,67914.0,0.0,1.0
2017-09-20,18.08,18.14,18.02,18.14,16.7011,42654.0,0.0,1.0
2017-09-21,18.14,18.14,17.91,18.13,16.6919,13566.0,0.0,1.0
2017-09-22,18.14,18.27,17.9469,18.06,16.6275,35626.0,0.0,1.0
2017-09-25,18.15,18.2,17.83,18.1,16.6643,30488.0,0.0,1.0
2017-09-26,18.02,18.21,17.85,17.9992,16.5715,34073.0,0.0,1.0
2017-09-27,18.0,18.26,17.71,17.79,16.3789,29476.0,0.0,1.0
2017-09-28,17.9,18.08,17.62,17.92,16.4986,42712.0,0.0,1.0
2017-09-29,17.99,17.99,17.74,17.96,16.5354,57287.0,0.0,1.0
2017-10-02,18.0,18.0,17.843,17.95,16.5262,57945.0,0.0,1.0
2017-10-03,17.97,17.99,17.8296,17.99,16.563,21019.0,0.0,1.0
2017-10-04,18.05,18.05,17.88,18.0,16.5723,18263.0,0.0,1.0
2017-10-05,18.12,18.12,17.9,18.04,16.6091,41473.0,0.0,1.0
2017-10-06,18.15,18.34,17.8818,17.92,16.4986,58068.0,0.0,1.0
2017-10-09,18.22,18.22,17.93,17.95,16.5262,30152.0,0.0,1.0
2017-10-10,18.11,18.249,17.91,17.95,16.5262,24933.0,0.0,1.0
2017-10-11,18.07,18.07,17.89,17.95,16.5262,36344.0,0.0,1.0
2017-10-12,17.96,17.987,17.82,17.98,16.6551,21918.0,0.11,1.0
2017-10-13,17.95,18.21,17.8828,17.99,16.6644,38000.0,0.0,1.0
2017-10-16,17.94,17.94,17.79,17.8953,16.5767,42271.0,0.0,1.0
2017-10-17,18.0,18.0,17.75,17.87,16.5532,33381.0,0.0,1.0
2017-10-18,17.95,17.95,17.62,17.75,16.4421,34263.0,0.0,1.0
2017-10-19,17.75,17.75,17.61,17.68,16.3772,29689.0,0.0,1.0
2017-10-20,17.61,17.67,17.46,17.58,16.2846,45984.0,0.0,1.0
2017-10-23,17.69,17.69,17.4,17.44,16.1549,45231.0,0.0,1.0
2017-10-24,17.51,17.51,17.31,17.41,16.1271,38235.0,0.0,1.0
2017-10-25,17.45,17.54,17.2,17.22,15.9511,45745.0,0.0,1.0
2017-10-26,17.44,17.46,17.2,17.2057,15.9379,47329.0,0.0,1.0
2017-10-27,17.3,17.3,17.01,17.21,15.9419,70604.0,0.0,1.0
2017-10-30,17.2,17.25,17.1,17.12,15.8585,26893.0,0.0,1.0
2017-10-31,17.2,17.2501,16.95,17.09,15.8307,67681.0,0.0,1.0
2017-11-01,17.09,17.14,17.09,17.14,15.877,41010.0,0.0,1.0
2017-11-02,17.25,17.25,17.11,17.13,15.8677,26288.0,0.0,1.0
2017-11-03,17.15,17.3857,17.12,17.23,15.9604,18906.0,0.0,1.0
2017-11-06,17.5,17.52,17.29,17.32,16.0437,40471.0,0.0,1.0
2017-11-07,17.35,17.46,17.3,17.42,16.1364,30955.0,0.0,1.0
2017-11-08,17.49,17.5,17.16,17.28,16.0067,69979.0,0.0,1.0
2017-11-09,17.28,17.36,17.14,17.23,15.9604,38745.0,0.0,1.0
2017-11-10,17.24,17.35,17.11,17.11,15.8492,19965.0,0.0,1.0
2017-11-13,17.27,17.27,17.0242,17.04,15.7844,37273.0,0.0,1.0
2017-11-14,17.08,17.08,16.55,16.97,15.7195,106757.0,0.0,1.0
2017-11-15,17.05,17.05,16.898,16.92,15.6732,31394.0,0.0,1.0
2017-11-16,16.84,17.09,16.81,17.08,15.9233,44871.0,0.11,1.0
2017-11-17,17.07,17.156,16.8201,16.96,15.8115,33320.0,0.0,1.0
2017-11-20,17.04,17.14,17.0,17.03,15.8767,23977.0,0.0,1.0
2017-11-21,17.11,17.22,17.0495,17.09,15.9326,50551.0,0.0,1.0
2017-11-22,17.19,17.27,17.0316,17.17,16.0072,21967.0,0.0,1.0
2017-11-24,17.24,17.26,17.11,17.15,15.9886,18162.0,0.0,1.0
2017-11-27,17.2,17.2232,17.04,17.09,15.9326,34502.0,0.0,1.0
2017-11-28,17.15,17.25,17.0552,17.23,16.0632,21467.0,0.0,1.0
2017-11-29,17.24,17.26,17.135,17.16,15.9979,26693.0,0.0,1.0
2017-11-30,17.25,17.2696,17.0611,17.19,16.0259,30231.0,0.0,1.0
2017-12-01,17.24,17.32,17.07,17.17,16.0072,40091.0,0.0,1.0
2017-12-04,17.25,17.281,17.1,17.2,16.0352,24306.0,0.0,1.0
2017-12-05,17.32,17.38,17.2401,17.28,16.1098,28890.0,0.0,1.0
2017-12-06,17.32,17.36,17.201,17.25,16.0818,26014.0,0.0,1.0
2017-12-07,17.34,17.35,17.0504,17.09,15.9326,42787.0,0.0,1.0
2017-12-08,17.15,17.185,17.03,17.077,15.9205,33128.0,0.0,1.0
2017-12-11,17.13,17.1937,17.08,17.08,15.9233,17605.0,0.0,1.0
2017-12-12,17.17,17.2084,17.08,17.1,15.942,9947.0,0.0,1.0
2017-12-13,17.19,17.22,17.12,17.16,15.9979,14581.0,0.0,1.0
2017-12-14,17.16,17.225,17.03,17.12,16.0632,32780.0,0.11,1.0
2017-12-15,17.17,17.25,17.11,17.21,16.1476,38774.0,0.0,1.0
2017-12-18,17.24,17.33,17.14,17.23,16.1664,66869.0,0.0,1.0
2017-12-19,17.05,17.3,16.91,16.91,15.8661,26388.0,0.0,1.0
2017-12-20,17.03,17.15,17.0,17.04,15.9881,30835.0,0.0,1.0
2017-12-21,17.12,17.16,17.06,17.09,16.035,31592.0,0.0,1.0
2017-12-22,17.18,17.26,17.0,17.22,16.157,35720.0,0.0,1.0
2017-12-26,17.18,17.28,17.05,17.2,16.1382,49267.0,0.0,1.0
2017-12-27,17.22,17.25,17.1,17.12,16.0632,26658.0,0.0,1.0
2017-12-28,17.12,17.182,17.09,17.15,16.0913,45232.0,0.0,1.0
2017-12-29,17.12,17.1989,17.12,17.19,16.1288,51043.0,0.0,1.0
2018-01-02,17.25,17.3,17.2,17.2,16.1382,21499.0,0.0,1.0
2018-01-03,17.27,17.4,17.2301,17.38,16.3071,20410.0,0.0,1.0
2018-01-04,17.44,17.44,17.2701,17.37,16.2977,23995.0,0.0,1.0
2018-01-05,17.4,17.54,17.39,17.46,16.3822,22837.0,0.0,1.0
2018-01-08,17.56,17.72,17.56,17.61,16.5229,23320.0,0.0,1.0
2018-01-09,17.71,17.71,17.37,17.41,16.3353,46329.0,0.0,1.0
2018-01-10,17.38,17.44,17.16,17.16,16.1007,55203.0,0.0,1.0
2018-01-11,17.13,17.2238,17.04,17.04,16.0913,11324.0,0.11,1.0
2018-01-12,17.19,17.24,17.08,17.15,16.1952,27371.0,0.0,1.0
2018-01-16,17.16,17.28,17.16,17.22,16.2613,27200.0,0.0,1.0
2018-01-17,17.28,17.28,17.22,17.25,16.2896,13849.0,0.0,1.0
2018-01-18,17.25,17.25,17.0901,17.12,16.1669,25958.0,0.0,1.0
2018-01-19,17.11,17.2407,17.11,17.14,16.1857,11536.0,0.0,1.0
2018-01-22,17.22,17.28,17.1338,17.27,16.3085,24742.0,0.0,1.0
2018-01-23,17.28,17.37,17.28,17.34,16.3746,53399.0,0.0,1.0
2018-01-24,17.35,17.35,17.28,17.28,16.318,40206.0,0.0,1.0
2018-01-25,17.32,17.32,17.13,17.25,16.2896,33530.0,0.0,1.0
2018-01-26,17.25,17.4,17.215,17.231,16.2717,33250.0,0.0,1.0
2018-01-29,17.13,17.19,17.05,17.05,16.1008,33671.0,0.0,1.0
2018-01-30,17.02,17.04,16.77,16.77,15.8363,50259.0,0.0,1.0
2018-01-31,16.88,17.01,16.76,16.98,16.0347,26590.0,0.0,1.0
2018-02-01,16.98,17.09,16.81,16.89,15.9497,28806.0,0.0,1.0
2018-02-02,16.77,16.99,16.52,16.99,16.0441,41454.0,0.0,1.0
2018-02-05,16.84,16.9757,16.22,16.34,15.4303,33909.0,0.0,1.0
2018-02-06,16.21,16.7699,16.21,16.57,15.6475,25607.0,0.0,1.0
2018-02-07,16.74,16.74,16.54,16.58,15.6569,27599.0,0.0,1.0
2018-02-08,16.6,16.6757,16.35,16.63,15.7041,22467.0,0.0,1.0
2018-02-09,16.67,16.75,16.3938,16.75,15.8175,20232.0,0.0,1.0
2018-02-12,16.79,16.79,16.6,16.61,15.6853,13514.0,0.0,1.0
2018-02-13,16.69,16.69,16.48,16.54,15.6192,23684.0,0.0,1.0
2018-02-14,16.4,16.75,16.4,16.46,15.5436,13637.0,0.0,1.0
2018-02-15,16.52,16.59,16.34,16.41,15.6003,18492.0,0.11,1.0
2018-02-16,16.38,16.65,16.38,16.59,15.7714,23864.0,0.0,1.0
2018-02-20,16.61,16.72,16.51,16.59,15.7714,20677.0,0.0,1.0
2018-02-21,16.61,16.69,16.4,16.43,15.6193,17545.0,0.0,1.0
2018-02-22,16.51,16.6017,16.4328,16.51,15.6953,9909.0,0.0,1.0
2018-02-23,16.6,16.72,16.6,16.71,15.8855,19020.0,0.0,1.0
2018-02-26,16.71,16.79,16.7001,16.73,15.9045,16430.0,0.0,1.0
2018-02-27,16.77,16.77,16.45,16.58,15.7619,17356.0,0.0,1.0
2018-02-28,16.55,16.74,16.53,16.57,15.7524,13130.0,0.0,1.0
2018-03-01,16.65,16.67,16.4225,16.57,15.7524,15012.0,0.0,1.0
2018-03-02,16.57,16.65,16.5121,16.6301,15.8095,19926.0,0.0,1.0
2018-03-05,16.65,16.69,16.5484,16.67,15.8474,24931.0,0.0,1.0
2018-03-06,16.67,16.78,16.62,16.78,15.952,17438.0,0.0,1.0
2018-03-07,16.8,16.83,16.68,16.71,15.8855,10087.0,0.0,1.0
2018-03-08,16.86,16.9604,16.73,16.74,15.914,29915.0,0.0,1.0
2018-03-09,16.73,16.7835,16.52,16.7,15.876,27865.0,0.0,1.0
2018-03-12,16.7,16.74,16.6,16.61,15.7904,35071.0,0.0,1.0
2018-03-13,16.73,16.75,16.7,16.71,15.8855,20015.0,0.0,1.0
2018-03-14,16.71,16.82,16.67,16.79,15.9615,26022.0,0.0,1.0
2018-03-15,16.7,16.77,16.67,16.765,16.0423,17035.0,0.11,1.0
2018-03-16,16.72,16.76,16.68,16.7,15.9801,28127.0,0.0,1.0
2018-03-19,16.69,16.71,16.461,16.55,15.8366,11451.0,0.0,1.0
2018-03-20,16.64,16.69,16.505,16.62,15.9036,20173.0,0.0,1.0
2018-03-21,16.54,16.6,16.4399,16.51,15.7983,20841.0,0.0,1.0
2018-03-22,16.46,16.485,16.41,16.45,15.7409,23707.0,0.0,1.0
2018-03-23,16.47,16.65,16.3295,16.33,15.6261,18492.0,0.0,1.0
2018-03-26,16.41,16.52,16.22,16.3775,15.6715,31583.0,0.0,1.0
2018-03-27,16.36,16.56,16.29,16.53,15.8174,29788.0,0.0,1.0
2018-03-28,16.54,16.75,16.4701,16.7,15.9801,29091.0,0.0,1.0
2018-03-29,16.7,16.74,16.65,16.7299,16.0087,14464.0,0.0,1.0
2018-04-02,16.76,16.76,16.62,16.64,15.9227,26565.0,0.0,1.0
2018-04-03,16.65,16.72,16.65,16.69,15.9706,14248.0,0.0,1.0
2018-04-04,16.7,16.9566,16.6806,16.881,16.1533,32274.0,0.0,1.0
2018-04-05,16.98,16.98,16.86,16.91,16.1811,22158.0,0.0,1.0
2018-04-06,16.97,17.05,16.81,16.89,16.1619,44141.0,0.0,1.0
2018-04-09,16.89,17.05,16.8811,16.94,16.2098,17926.0,0.0,1.0
2018-04-10,17.15,17.15,16.71,16.8,16.0758,29429.0,0.0,1.0
2018-04-11,16.8,16.9,16.76,16.9,16.1715,11587.0,0.0,1.0
2018-04-12,16.84,16.89,16.61,16.64,16.028,26104.0,0.11,1.0
2018-04-13,16.64,16.7865,16.45,16.5,15.8931,23367.0,0.0,1.0
2018-04-16,16.53,16.59,16.474,16.5568,15.9478,11415.0,0.0,1.0
2018-04-17,16.58,16.83,16.58,16.77,16.1532,16466.0,0.0,1.0
2018-04-18,16.7,16.85,16.7,16.85,16.2302,28200.0,0.0,1.0
2018-04-19,16.72,16.78,16.63,16.73,16.1147,18768.0,0.0,1.0
2018-04-20,16.72,16.72,16.51,16.51,15.9027,13579.0,0.0,1.0
2018-04-23,16.54,16.54,16.41,16.49,15.8835,15025.0,0.0,1.0
2018-04-24,16.49,16.5801,16.49,16.56,15.9509,12905.0,0.0,1.0
2018-04-25,16.57,16.73,16.57,16.65,16.0376,27239.0,0.0,1.0
2018-04-26,16.66,16.8065,16.66,16.76,16.1436,13176.0,0.0,1.0
2018-04-27,16.76,16.94,16.6897,16.87,16.2495,15685.0,0.0,1.0
2018-04-30,16.87,16.87,16.75,16.75,16.1339,11029.0,0.0,1.0
2018-05-01,16.81,16.81,16.7,16.77,16.1532,15917.0,0.0,1.0
2018-05-02,16.8,17.02,16.8,16.93,16.3073,42826.0,0.0,1.0
2018-05-03,16.98,16.9987,16.83,16.86,16.2399,9226.0,0.0,1.0
2018-05-04,16.93,16.98,16.7195,16.98,16.3555,11222.0,0.0,1.0
2018-05-07,16.95,17.01,16.92,17.01,16.3844,11173.0,0.0,1.0
2018-05-08,17.01,17.01,16.88,16.99,16.3651,11296.0,0.0,1.0
2018-05-09,16.94,17.05,16.76,17.05,16.4229,13298.0,0.0,1.0
2018-05-10,17.07,17.21,17.03,17.11,16.4807,18437.0,0.0,1.0
2018-05-11,17.08,17.08,17.01,17.03,16.4036,17470.0,0.0,1.0
2018-05-14,17.07,17.095,17.0001,17.01,16.3844,14823.0,0.0,1.0
2018-05-15,17.01,17.01,16.8,16.94,16.3169,16508.0,0.0,1.0
2018-05-16,16.93,17.09,16.78,16.92,16.2977,29028.0,0.0,1.0
2018-05-17,16.86,16.95,16.71,16.85,16.2302,27802.0,0.0,1.0
2018-05-18,17.27,17.27,16.89,16.92,16.2977,49645.0,0.0,1.0
2018-05-21,16.92,17.05,16.9076,16.94,16.4229,23368.0,0.11,1.0
2018-05-22,16.97,17.02,16.8201,16.8775,16.3623,20775.0,0.0,1.0
2018-05-23,16.84,17.01,16.8366,16.93,16.4132,12418.0,0.0,1.0
2018-05-24,17.01,17.16,16.95,16.9652,16.4473,27484.0,0.0,1.0
2018-05-25,17.01,17.14,16.96,16.96,16.4423,11701.0,0.0,1.0
2018-05-29,17.07,17.08,16.98,17.08,16.5586,19368.0,0.0,1.0
2018-05-30,17.04,17.3155,17.01,17.28,16.7525,32354.0,0.0,1.0
2018-05-31,17.3,17.3071,17.04,17.11,16.5877,22417.0,0.0,1.0
2018-06-01,17.1,17.23,17.05,17.16,16.6362,28633.0,0.0,1.0
2018-06-04,17.2,17.26,16.98,17.06,16.5392,37502.0,0.0,1.0
2018-06-05,17.17,17.34,17.07,17.19,16.6653,25122.0,0.0,1.0
2018-06-06,17.29,17.29,17.08,17.27,16.7428,28545.0,0.0,1.0
2018-06-07,17.25,17.31,17.15,17.3,16.7719,16951.0,0.0,1.0
2018-06-08,17.31,17.349,17.2801,17.34,16.8107,9943.0,0.0,1.0
2018-06-11,17.4,17.45,17.28,17.38,16.8495,25677.0,0.0,1.0
2018-06-12,17.47,17.47,17.21,17.39,16.8591,23600.0,0.0,1.0
2018-06-13,17.58,17.58,17.23,17.2527,16.726,30345.0,0.0,1.0
2018-06-14,17.38,17.48,17.29,17.43,16.8979,20337.0,0.0,1.0
2018-06-15,17.5,17.58,17.45,17.58,17.0433,31047.0,0.0,1.0
2018-06-18,17.55,17.55,17.4401,17.49,17.0627,28995.0,0.11,1.0
2018-06-19,17.54,17.61,17.4038,17.48,17.053,27296.0,0.0,1.0
2018-06-20,17.55,17.56,17.5001,17.53,17.1018,20885.0,0.0,1.0
2018-06-21,17.6,17.6119,17.37,17.44,17.014,49562.0,0.0,1.0
2018-06-22,17.44,17.58,17.44,17.5154,17.0875,12206.0,0.0,1.0
2018-06-25,17.58,17.61,17.511,17.59,17.1603,29946.0,0.0,1.0
2018-06-26,17.64,17.73,17.59,17.64,17.2091,16260.0,0.0,1.0
2018-06-27,17.7,17.7,17.55,17.5501,17.1214,16667.0,0.0,1.0
2018-06-28,17.56,17.789,17.51,17.52,17.092,21778.0,0.0,1.0
2018-06-29,17.62,17.75,17.59,17.75,17.3164,7961.0,0.0,1.0
2018-07-02,17.76,17.911,17.66,17.72,17.2871,18983.0,0.0,1.0
2018-07-03,17.72,17.99,17.72,17.99,17.5505,5603.0,0.0,1.0
2018-07-05,17.99,18.0,17.89,17.94,17.5017,21917.0,0.0,1.0
2018-07-06,17.98,18.189,17.96,17.96,17.5213,26554.0,0.0,1.0
2018-07-09,18.0,18.08,17.975,18.01,17.57,24829.0,0.0,1.0
2018-07-10,18.16,18.31,18.06,18.12,17.6773,39708.0,0.0,1.0
2018-07-11,18.11,18.17,17.92,17.9954,17.5558,19003.0,0.0,1.0
2018-07-12,18.03,18.03,17.95,17.98,17.5408,18344.0,0.0,1.0
2018-07-13,17.98,18.29,17.37,17.58,17.1505,83100.0,0.0,1.0
2018-07-16,17.55,17.61,17.4918,17.57,17.2481,28205.0,0.11,1.0
2018-07-17,17.61,17.67,17.54,17.64,17.3168,11901.0,0.0,1.0
2018-07-18,17.6,17.6572,17.52,17.58,17.2579,35865.0,0.0,1.0
2018-07-19,17.58,17.65,17.55,17.55,17.2285,29802.0,0.0,1.0
2018-07-20,17.55,17.64,17.521,17.62,17.2972,20949.0,0.0,1.0
2018-07-23,17.69,17.79,17.64,17.79,17.4641,30767.0,0.0,1.0
2018-07-24,17.79,17.94,17.79,17.925,17.5966,14764.0,0.0,1.0
2018-07-25,17.96,18.16,17.8701,18.13,17.7978,20020.0,0.0,1.0
2018-07-26,18.2,18.2,18.06,18.16,17.8273,39035.0,0.0,1.0
2018-07-27,18.15,18.24,18.1,18.12,17.788,14069.0,0.0,1.0
2018-07-30,18.18,18.2,18.01,18.06,17.7291,19418.0,0.0,1.0
2018-07-31,18.15,18.199,18.05,18.16,17.8273,19014.0,0.0,1.0
2018-08-01,18.19,18.22,17.86,17.98,17.6506,21960.0,0.0,1.0
2018-08-02,17.89,17.95,17.89,17.89,17.5622,14695.0,0.0,1.0
2018-08-03,17.89,18.09,17.71,17.75,17.4248,30426.0,0.0,1.0
2018-08-06,18.03,18.07,17.81,17.85,17.523,24020.0,0.0,1.0
2018-08-07,17.96,17.99,17.9,17.98,17.6506,16381.0,0.0,1.0
2018-08-08,18.03,18.1,18.02,18.03,17.6997,23470.0,0.0,1.0
2018-08-09,18.1,18.1674,18.0619,18.1,17.7684,7010.0,0.0,1.0
2018-08-10,18.07,18.25,18.02,18.08,17.7488,15940.0,0.0,1.0
2018-08-13,18.21,18.24,18.05,18.05,17.7193,15986.0,0.0,1.0
2018-08-14,18.14,18.18,18.1001,18.14,17.8077,10516.0,0.0,1.0
2018-08-15,18.15,18.24,18.12,18.24,17.9058,16602.0,0.0,1.0
2018-08-16,18.17,18.27,18.12,18.25,18.0236,8452.0,0.11,1.0
2018-08-17,18.25,18.34,18.25,18.325,18.0977,28268.0,0.0,1.0
2018-08-20,18.22,18.6,18.04,18.44,18.2113,87884.0,0.0,1.0
2018-08-21,18.51,18.74,18.5,18.52,18.2903,60423.0,0.0,1.0
2018-08-22,18.7,18.75,18.4,18.62,18.389,50322.0,0.0,1.0
2018-08-23,18.56,18.68,18.54,18.6,18.3693,54356.0,0.0,1.0
2018-08-24,18.85,18.85,18.6,18.74,18.5075,38902.0,0.0,1.0
2018-08-27,18.84,18.84,18.62,18.69,18.4582,25397.0,0.0,1.0
2018-08-28,18.77,18.79,18.58,18.68,18.4483,36227.0,0.0,1.0
2018-08-29,18.61,18.6892,18.41,18.47,18.2409,35942.0,0.0,1.0
2018-08-30,18.44,18.47,18.31,18.31,18.0829,26395.0,0.0,1.0
2018-08-31,18.37,18.44,18.31,18.33,18.1026,13748.0,0.0,1.0
2018-09-04,18.32,18.3799,18.2,18.26,18.0335,24388.0,0.0,1.0
2018-09-05,18.24,18.31,18.2,18.22,17.994,19157.0,0.0,1.0
2018-09-06,18.2,18.229,18.13,18.13,17.9051,23008.0,0.0,1.0
2018-09-07,18.0,18.1229,17.77,17.84,17.6187,53827.0,0.0,1.0
2018-09-10,17.86,17.919,17.86,17.89,17.6681,25582.0,0.0,1.0
2018-09-11,17.85,17.99,17.85,17.99,17.7668,10644.0,0.0,1.0
2018-09-12,17.95,18.035,17.95,17.99,17.7668,12264.0,0.0,1.0
2018-09-13,17.83,17.885,17.67,17.8715,17.7585,28513.0,0.11,1.0
2018-09-14,17.81,17.82,17.58,17.61,17.4986,30719.0,0.0,1.0
2018-09-17,17.62,17.7,17.52,17.68,17.5682,17891.0,0.0,1.0
2018-09-18,17.7,17.7,17.6,17.66,17.5483,9297.0,0.0,1.0
2018-09-19,17.56,17.6,17.51,17.54,17.4291,24277.0,0.0,1.0
2018-09-20,17.52,17.6266,17.44,17.58,17.4688,21309.0,0.0,1.0
2018-09-21,17.58,17.71,17.58,17.69,17.5781,21562.0,0.0,1.0
2018-09-24,17.64,17.669,17.42,17.44,17.3297,25245.0,0.0,1.0
2018-09-25,17.43,17.47,17.4282,17.44,17.3297,17458.0,0.0,1.0
2018-09-26,17.43,17.43,17.2,17.25,17.1409,46333.0,0.0,1.0
2018-09-27,17.2,17.38,17.11,17.11,17.0018,59687.0,0.0,1.0
2018-09-28,17.2,17.3299,17.1,17.24,17.1309,29108.0,0.0,1.0
2018-10-01,17.45,17.62,17.3664,17.53,17.4191,35805.0,0.0,1.0
2018-10-02,17.54,17.65,17.54,17.59,17.4787,27724.0,0.0,1.0
2018-10-03,17.63,17.7,17.56,17.62,17.5085,55545.0,0.0,1.0
2018-10-04,17.56,17.56,17.446,17.55,17.439,16512.0,0.0,1.0
2018-10-05,17.45,17.45,17.25,17.36,17.2502,32873.0,0.0,1.0
2018-10-08,17.29,17.36,17.2319,17.26,17.1508,19596.0,0.0,1.0
2018-10-09,17.54,17.7,17.02,17.21,17.1011,51000.0,0.0,1.0
2018-10-10,17.16,17.18,16.98,17.1127,17.0045,20153.0,0.0,1.0
2018-10-11,17.12,17.14,16.86,16.93,16.8229,27595.0,0.0,1.0
2018-10-12,17.0,17.13,16.88,16.89,16.7832,22903.0,0.0,1.0
2018-10-15,16.9,17.05,16.9,17.05,16.9422,9162.0,0.0,1.0
2018-10-16,17.1,17.28,17.0011,17.28,17.28,39409.0,0.11,1.0
2018-10-17,17.29,17.34,17.12,17.13,17.13,39211.0,0.0,1.0
2018-10-18,17.23,17.23,17.1273,17.14,17.14,10277.0,0.0,1.0
2018-10-19,17.17,17.24,17.17,17.24,17.24,11227.0,0.0,1.0
2018-10-22,17.25,17.34,17.24,17.28,17.28,13349.0,0.0,1.0
2018-10-23,17.28,17.3,17.0,17.0,17.0,23516.0,0.0,1.0
2018-10-24,17.05,17.07,16.9,16.9,16.9,17490.0,0.0,1.0
2018-10-25,16.99,17.0108,16.9318,16.99,16.99,6084.0,0.0,1.0
2018-10-26,16.97,16.9763,16.7127,16.78,16.78,10302.0,0.0,1.0
2018-10-29,16.84,17.07,16.8212,17.04,17.04,12027.0,0.0,1.0
