date,1. open,2. high,3. low,4. close,5. adjusted close,6. volume,7. dividend amount,8. split coefficient
2016-01-04,23.19,23.2,23.17,23.17,22.8642,12680.0,0.0,1.0
2016-01-05,23.28,23.28,22.98,23.18,22.8741,32521.0,0.0,1.0
2016-01-06,23.1603,23.19,23.16,23.18,22.8741,43550.0,0.0,1.0
2016-01-07,23.37,23.42,23.16,23.1638,22.8581,13930.0,0.0,1.0
2016-01-08,23.2,23.2,23.16,23.1831,22.8772,38527.0,0.0,1.0
2016-01-11,23.1603,23.19,23.16,23.1774,22.8715,235096.0,0.0,1.0
2016-01-12,23.35,23.35,23.16,23.1769,22.871,18974.0,0.0,1.0
2016-01-13,23.1784,23.18,23.16,23.16,22.8544,20220.0,0.0,1.0
2016-01-14,23.31,23.31,23.16,23.19,22.884,135383.0,0.0,1.0
2016-01-15,23.1899,23.19,23.16,23.1896,22.8836,42132.0,0.0,1.0
2016-01-19,23.13,23.19,23.13,23.19,22.884,128068.0,0.0,1.0
2016-01-20,23.164,23.19,23.16,23.19,22.884,156533.0,0.0,1.0
2016-01-21,23.19,23.19,23.16,23.1867,22.8807,117955.0,0.0,1.0
2016-01-22,23.17,23.19,23.1601,23.19,22.884,57708.0,0.0,1.0
2016-01-25,23.1603,23.19,23.16,23.1899,22.8839,68031.0,0.0,1.0
2016-01-26,23.1822,23.19,23.1652,23.19,22.884,105385.0,0.0,1.0
2016-01-27,23.16,23.19,23.16,23.19,22.884,47135.0,0.0,1.0
2016-01-28,23.1831,23.19,23.16,23.19,22.884,52188.0,0.0,1.0
2016-01-29,23.1487,23.19,23.1487,23.18,22.8741,43270.0,0.0,1.0
2016-02-01,23.14,23.2,23.14,23.18,22.8741,31140.0,0.0,1.0
2016-02-02,23.22,23.22,23.16,23.21,22.9037,40562.0,0.0,1.0
2016-02-03,23.18,23.18,23.1619,23.18,22.8741,51008.0,0.0,1.0
2016-02-04,23.165,23.18,23.16,23.18,22.8741,53178.0,0.0,1.0
2016-02-05,23.15,23.18,23.0138,23.18,22.8741,65823.0,0.0,1.0
2016-02-08,23.27,23.27,23.16,23.18,22.8741,53188.0,0.0,1.0
2016-02-09,23.42,23.42,23.16,23.1601,22.8545,29510.0,0.0,1.0
2016-02-10,23.3,23.3,23.16,23.18,22.8741,56932.0,0.0,1.0
2016-02-11,23.97,23.97,23.16,23.17,22.8642,44319.0,0.0,1.0
2016-02-12,23.19,23.19,23.1411,23.18,22.8741,37401.0,0.0,1.0
2016-02-16,23.2,23.4099,23.16,23.1602,22.8546,30202.0,0.0,1.0
2016-02-17,23.18,23.19,23.17,23.18,22.8741,117374.0,0.0,1.0
2016-02-18,23.2413,23.2413,23.14,23.18,22.8741,56751.0,0.0,1.0
2016-02-19,23.14,23.18,23.14,23.18,22.8741,25411.0,0.0,1.0
2016-02-22,23.38,23.38,23.16,23.16,22.8544,32862.0,0.0,1.0
2016-02-23,22.97,23.18,22.97,23.18,22.8741,255285.0,0.0,1.0
2016-02-24,23.1617,23.17,23.16,23.1601,22.8545,20640.0,0.0,1.0
2016-02-25,23.1601,23.17,23.16,23.1676,22.8619,16536.0,0.0,1.0
2016-02-26,23.25,23.25,23.1318,23.16,22.8544,40190.0,0.0,1.0
2016-02-29,23.1488,23.17,23.0509,23.1699,22.8641,35473.0,0.0,1.0
2016-03-01,23.1561,23.17,23.15,23.15,22.8445,22884.0,0.0,1.0
2016-03-02,23.17,23.17,23.15,23.1637,22.858,14946.0,0.0,1.0
2016-03-03,23.2069,23.2069,23.1307,23.15,22.8445,42638.0,0.0,1.0
2016-03-04,23.18,23.2,23.15,23.159,22.8534,133769.0,0.0,1.0
2016-03-07,23.115,23.17,23.115,23.1515,22.846,34656.0,0.0,1.0
2016-03-08,23.1698,23.17,23.1502,23.1692,22.8634,48642.0,0.0,1.0
2016-03-09,23.22,23.22,23.15,23.1682,22.8625,12745.0,0.0,1.0
2016-03-10,23.15,23.17,23.15,23.1633,22.8576,96873.0,0.0,1.0
2016-03-11,23.36,23.36,23.15,23.16,22.8544,33977.0,0.0,1.0
2016-03-14,23.15,23.17,23.15,23.17,22.8642,31306.0,0.0,1.0
2016-03-15,23.1682,23.17,23.1502,23.17,22.8642,23348.0,0.0,1.0
2016-03-16,23.15,23.18,23.15,23.17,22.8642,11785.0,0.0,1.0
2016-03-17,23.24,23.24,23.15,23.17,22.8642,24938.0,0.0,1.0
2016-03-18,23.17,23.17,23.15,23.15,22.8445,25878.0,0.0,1.0
2016-03-21,23.38,23.38,23.15,23.17,22.8642,36621.0,0.0,1.0
2016-03-22,23.12,23.17,23.12,23.1696,22.8638,28497.0,0.0,1.0
2016-03-23,23.25,23.25,23.15,23.155,22.8494,134663.0,0.0,1.0
2016-03-24,23.1578,23.17,23.15,23.1697,22.8639,47901.0,0.0,1.0
2016-03-28,23.1678,23.17,23.15,23.165,22.8593,25579.0,0.0,1.0
2016-03-29,23.15,23.17,23.15,23.1699,22.8641,25151.0,0.0,1.0
2016-03-30,23.25,23.25,23.15,23.168,22.8623,156440.0,0.0,1.0
2016-03-31,23.1,23.17,23.1,23.17,22.8642,111852.0,0.0,1.0
2016-04-01,23.23,23.23,23.15,23.17,22.8642,57799.0,0.0,1.0
2016-04-04,23.38,23.38,23.01,23.17,22.8642,26017.0,0.0,1.0
2016-04-05,23.19,23.235,23.15,23.1501,22.8446,82933.0,0.0,1.0
2016-04-06,23.15,23.3792,23.11,23.37,23.0616,34456.0,0.0,1.0
2016-04-07,23.44,23.44,22.94,23.05,22.7458,34918.0,0.0,1.0
2016-04-08,23.07,23.37,23.07,23.1801,22.8742,212455.0,0.0,1.0
2016-04-11,23.55,23.55,23.15,23.19,22.884,17598.0,0.0,1.0
2016-04-12,22.98,23.3899,22.98,23.322,23.0142,14302.0,0.0,1.0
2016-04-13,23.4899,23.6989,23.4774,23.69,23.3774,81933.0,0.0,1.0
2016-04-14,23.7,23.7104,23.62,23.6301,23.3183,80817.0,0.0,1.0
2016-04-15,23.62,23.84,23.62,23.74,23.4267,34281.0,0.0,1.0
2016-04-18,23.68,23.85,23.68,23.85,23.5353,61021.0,0.0,1.0
2016-04-19,24.14,24.14,23.8201,23.9232,23.6075,85067.0,0.0,1.0
2016-04-20,23.9,24.015,23.8501,23.93,23.6142,43092.0,0.0,1.0
2016-04-21,24.16,24.16,23.71,23.77,23.4563,20318.0,0.0,1.0
2016-04-22,23.959,23.99,23.838,23.9696,23.6533,25413.0,0.0,1.0
2016-04-25,23.93,23.93,23.7972,23.8362,23.5216,55809.0,0.0,1.0
2016-04-26,24.08,24.1088,23.9125,24.07,23.7524,38106.0,0.0,1.0
2016-04-27,24.26,24.26,23.9065,24.19,23.8708,74997.0,0.0,1.0
2016-04-28,24.09,24.2,23.89,23.89,23.5747,20729.0,0.0,1.0
2016-04-29,23.73,23.84,23.6101,23.8,23.4859,36928.0,0.0,1.0
2016-05-02,24.03,24.03,23.75,23.97,23.6537,23847.0,0.0,1.0
2016-05-03,23.55,23.83,23.5117,23.7,23.3872,24303.0,0.0,1.0
2016-05-04,23.7,23.7718,23.5001,23.61,23.2984,11952.0,0.0,1.0
2016-05-05,23.5766,23.6979,23.54,23.59,23.2787,59839.0,0.0,1.0
2016-05-06,23.45,23.72,23.4464,23.6712,23.3588,17074.0,0.0,1.0
2016-05-09,23.695,23.83,23.6637,23.76,23.4464,95069.0,0.0,1.0
2016-05-10,23.76,24.0,23.74,24.0,23.6833,34417.0,0.0,1.0
2016-05-11,23.95,23.9566,23.79,23.79,23.476,19671.0,0.0,1.0
2016-05-12,24.03,24.03,23.6115,23.73,23.4168,13044.0,0.0,1.0
2016-05-13,23.6526,23.76,23.539,23.56,23.2491,30710.0,0.0,1.0
2016-05-16,23.7799,23.86,23.7448,23.78,23.4662,108707.0,0.0,1.0
2016-05-17,24.02,24.02,23.5205,23.6,23.2886,89013.0,0.0,1.0
2016-05-18,23.74,23.77,23.4137,23.5267,23.2162,17778.0,0.0,1.0
2016-05-19,23.59,23.59,23.27,23.46,23.1504,25060.0,0.0,1.0
2016-05-20,23.6499,23.74,23.55,23.71,23.3971,19978.0,0.0,1.0
2016-05-23,23.78,23.78,23.66,23.66,23.3478,24651.0,0.0,1.0
2016-05-24,24.02,24.1,23.8501,24.1,23.782,53855.0,0.0,1.0
2016-05-25,24.35,24.35,24.1601,24.26,23.9398,21761.0,0.0,1.0
2016-05-26,24.08,24.3783,24.08,24.2418,23.9219,15806.0,0.0,1.0
2016-05-27,24.32,24.42,24.31,24.42,24.0977,58092.0,0.0,1.0
2016-05-31,24.66,24.66,24.38,24.46,24.1372,31735.0,0.0,1.0
2016-06-01,24.2946,24.56,24.2946,24.5399,24.2161,50217.0,0.0,1.0
2016-06-02,24.69,24.69,24.45,24.6696,24.344,14463.0,0.0,1.0
2016-06-03,24.57,24.6399,24.4447,24.62,24.2951,18162.0,0.0,1.0
2016-06-06,24.6052,24.81,24.6052,24.77,24.4431,10530.0,0.0,1.0
2016-06-07,24.58,24.91,24.58,24.8399,24.5121,19798.0,0.0,1.0
2016-06-08,25.05,25.05,24.8333,24.9387,24.6096,32716.0,0.0,1.0
2016-06-09,24.8001,24.87,24.77,24.86,24.5319,18712.0,0.0,1.0
2016-06-10,24.59,24.64,24.4,24.45,24.1273,38023.0,0.0,1.0
2016-06-13,24.49,24.49,24.2101,24.2101,23.8906,22144.0,0.0,1.0
2016-06-14,24.21,24.21,24.0401,24.137,23.8185,14596.0,0.0,1.0
2016-06-15,24.18,24.33,24.18,24.19,23.8708,56921.0,0.0,1.0
2016-06-16,24.24,24.24,23.87,24.1584,23.8396,27452.0,0.0,1.0
2016-06-17,23.94,24.2799,23.94,24.17,23.851,50616.0,0.0,1.0
2016-06-20,24.29,24.5553,24.29,24.385,24.0632,26207.0,0.0,1.0
2016-06-21,24.62,24.62,24.3,24.43,24.1076,19858.0,0.0,1.0
2016-06-22,24.4132,24.5499,24.3503,24.3503,24.029,22970.0,0.0,1.0
2016-06-23,24.8,24.8,24.5601,24.7004,24.3744,72019.0,0.0,1.0
2016-06-24,23.34,24.35,23.34,23.85,23.5353,18459.0,0.0,1.0
2016-06-27,23.37,23.45,23.03,23.1327,22.8274,26080.0,0.0,1.0
2016-06-28,23.51,23.6399,23.39,23.6399,23.3279,24910.0,0.0,1.0
2016-06-29,23.95,24.1099,23.9004,24.1099,23.7917,25380.0,0.0,1.0
2016-06-30,24.1092,24.5,24.1092,24.4995,24.1762,27757.0,0.0,1.0
2016-07-01,24.435,24.6,24.435,24.51,24.1865,151109.0,0.0,1.0
2016-07-05,24.3376,24.3376,24.1401,24.2738,23.9535,23512.0,0.0,1.0
2016-07-06,24.2393,24.41,24.137,24.39,24.0681,66845.0,0.0,1.0
2016-07-07,24.29,24.58,24.29,24.4,24.078,14972.0,0.0,1.0
2016-07-08,24.47,24.8599,24.47,24.83,24.5023,19662.0,0.0,1.0
2016-07-11,25.04,25.04,24.91,24.994,24.6642,12921.0,0.0,1.0
2016-07-12,25.34,25.34,25.13,25.22,24.8872,37354.0,0.0,1.0
2016-07-13,25.33,25.33,25.102,25.1682,24.8361,23898.0,0.0,1.0
2016-07-14,25.25,25.28,25.151,25.2099,24.8772,12120.0,0.0,1.0
2016-07-15,25.55,25.55,25.15,25.15,24.8181,27519.0,0.0,1.0
2016-07-18,24.96,25.28,24.96,25.2581,24.9248,18784.0,0.0,1.0
2016-07-19,25.25,25.25,25.1001,25.175,24.8428,35297.0,0.0,1.0
2016-07-20,25.22,25.39,25.2139,25.36,25.0253,34907.0,0.0,1.0
2016-07-21,25.49,25.49,25.2001,25.3287,24.9944,37448.0,0.0,1.0
2016-07-22,25.35,25.49,25.245,25.425,25.0895,71387.0,0.0,1.0
2016-07-25,25.5,25.5,25.3,25.38,25.0451,75175.0,0.0,1.0
2016-07-26,25.4698,25.495,25.311,25.44,25.1043,16380.0,0.0,1.0
2016-07-27,25.5037,25.5037,25.26,25.3201,24.986,65240.0,0.0,1.0
2016-07-28,25.34,25.4798,25.3088,25.45,25.1141,32097.0,0.0,1.0
2016-07-29,25.63,25.63,25.32,25.5249,25.1881,23299.0,0.0,1.0
2016-08-01,25.56,25.58,25.4001,25.4493,25.1135,10770.0,0.0,1.0
2016-08-02,25.4,25.4,25.1133,25.17,24.8378,14981.0,0.0,1.0
2016-08-03,24.86,25.32,24.86,25.3099,24.9759,37616.0,0.0,1.0
2016-08-04,25.32,25.38,25.2704,25.2704,24.9369,17640.0,0.0,1.0
2016-08-05,25.51,25.52,25.442,25.4844,25.1481,33820.0,0.0,1.0
2016-08-08,25.59,25.59,25.4636,25.4861,25.1498,61325.0,0.0,1.0
2016-08-09,25.55,25.57,25.45,25.5,25.1635,32025.0,0.0,1.0
2016-08-10,25.59,25.59,25.33,25.393,25.0579,10702.0,0.0,1.0
2016-08-11,25.61,25.63,25.3963,25.47,25.1339,15570.0,0.0,1.0
2016-08-12,25.55,25.55,25.38,25.45,25.1141,25910.0,0.0,1.0
2016-08-15,25.6,25.65,25.57,25.6,25.2622,29355.0,0.0,1.0
2016-08-16,25.46,25.65,25.32,25.42,25.0845,40473.0,0.0,1.0
2016-08-17,25.48,25.48,25.17,25.34,25.0056,22761.0,0.0,1.0
2016-08-18,25.42,25.47,25.3259,25.432,25.0964,17838.0,0.0,1.0
2016-08-19,25.51,25.51,25.4001,25.4999,25.1634,44208.0,0.0,1.0
2016-08-22,25.5,25.6173,25.36,25.52,25.1832,174057.0,0.0,1.0
2016-08-23,25.68,25.7,25.6405,25.67,25.3312,61684.0,0.0,1.0
2016-08-24,25.85,25.85,25.39,25.39,25.0549,72997.0,0.0,1.0
2016-08-25,25.5,25.5899,25.39,25.4948,25.1584,16325.0,0.0,1.0
2016-08-26,25.61,25.6999,25.3185,25.44,25.1043,50232.0,0.0,1.0
2016-08-29,25.5879,25.6593,25.5879,25.6,25.2622,14679.0,0.0,1.0
2016-08-30,25.52,25.65,25.5006,25.5404,25.2033,53210.0,0.0,1.0
2016-08-31,25.66,25.66,25.3601,25.5273,25.1904,21212.0,0.0,1.0
2016-09-01,25.61,25.61,25.339,25.5084,25.1718,17281.0,0.0,1.0
2016-09-02,25.73,25.75,25.6127,25.75,25.4102,22488.0,0.0,1.0
2016-09-06,25.8,25.8,25.6001,25.7286,25.3891,13409.0,0.0,1.0
2016-09-07,25.82,25.905,25.76,25.9,25.5582,14555.0,0.0,1.0
2016-09-08,25.91,25.91,25.79,25.84,25.499,72316.0,0.0,1.0
2016-09-09,25.77,25.77,25.07,25.07,24.7392,37102.0,0.0,1.0
2016-09-12,24.97,25.3622,24.97,25.3493,25.0148,29101.0,0.0,1.0
2016-09-13,25.01,25.15,24.84,24.8801,24.5518,26798.0,0.0,1.0
2016-09-14,24.86,25.04,24.7905,24.8405,24.5127,31867.0,0.0,1.0
2016-09-15,24.98,25.15,24.9589,25.118,24.7865,29856.0,0.0,1.0
2016-09-16,24.9,25.06,24.8907,25.04,24.7096,18128.0,0.0,1.0
2016-09-19,25.23,25.3199,25.1299,25.16,24.828,13199.0,0.0,1.0
2016-09-20,25.24,25.25,25.09,25.1036,24.7723,16700.0,0.0,1.0
2016-09-21,25.12,25.43,25.0852,25.41,25.0747,23433.0,0.0,1.0
2016-09-22,25.67,25.73,25.59,25.7124,25.3731,47361.0,0.0,1.0
2016-09-23,25.74,25.74,25.49,25.5799,25.2423,17922.0,0.0,1.0
2016-09-26,25.52,25.52,25.38,25.4199,25.0844,35985.0,0.0,1.0
2016-09-27,25.3828,25.44,25.3201,25.3759,25.041,15800.0,0.0,1.0
2016-09-28,25.45,25.5994,25.2935,25.5994,25.2616,35332.0,0.0,1.0
2016-09-29,25.5858,25.6,25.2501,25.409,25.0737,15890.0,0.0,1.0
2016-09-30,25.5118,25.59,25.4,25.51,25.1734,39647.0,0.0,1.0
2016-10-03,25.47,25.47,25.2811,25.34,25.0056,12200.0,0.0,1.0
2016-10-04,25.45,25.45,25.0801,25.14,24.8082,40445.0,0.0,1.0
2016-10-05,25.35,25.4199,25.2701,25.28,24.9464,26367.0,0.0,1.0
2016-10-06,25.27,25.2999,25.1272,25.27,24.9365,17873.0,0.0,1.0
2016-10-07,25.33,25.4199,25.02,25.1001,24.7689,36108.0,0.0,1.0
2016-10-10,25.3763,25.39,25.2959,25.315,24.9809,18963.0,0.0,1.0
2016-10-11,25.37,25.37,24.83,24.8936,24.5651,18993.0,0.0,1.0
2016-10-12,24.86,25.0456,24.86,24.99,24.6602,20265.0,0.0,1.0
2016-10-13,24.71,24.95,24.67,24.88,24.5517,15554.0,0.0,1.0
2016-10-14,24.9927,25.0606,24.82,24.859,24.5309,38948.0,0.0,1.0
2016-10-17,24.9799,24.9799,24.791,24.82,24.4925,16825.0,0.0,1.0
2016-10-18,24.98,25.0588,24.92,24.9764,24.6468,12952.0,0.0,1.0
2016-10-19,25.15,25.15,24.89,25.08,24.749,70531.0,0.0,1.0
2016-10-20,25.15,25.15,24.84,24.9797,24.65,22222.0,0.0,1.0
2016-10-21,24.8295,24.99,24.8107,24.95,24.6207,91338.0,0.0,1.0
2016-10-24,25.05,25.25,25.0,25.0401,24.7097,29452.0,0.0,1.0
2016-10-25,25.01,25.01,24.84,24.8405,24.5127,36796.0,0.0,1.0
2016-10-26,24.88,24.88,24.62,24.7504,24.4238,19199.0,0.0,1.0
2016-10-27,24.91,24.91,24.5105,24.5346,24.2108,43038.0,0.0,1.0
2016-10-28,24.38,24.79,24.38,24.553,24.229,34816.0,0.0,1.0
2016-10-31,24.6493,24.73,24.6104,24.7005,24.3745,8724.0,0.0,1.0
2016-11-01,24.56,24.6576,24.2744,24.445,24.1224,23608.0,0.0,1.0
2016-11-02,24.31,24.448,24.1262,24.15,23.8313,20534.0,0.0,1.0
2016-11-03,24.18,24.3,24.07,24.1,23.782,87413.0,0.0,1.0
2016-11-04,24.12,24.3499,24.095,24.1562,23.8374,53354.0,0.0,1.0
2016-11-07,24.5691,24.6256,24.5106,24.624,24.299,25731.0,0.0,1.0
2016-11-08,24.59,24.7594,24.4509,24.718,24.3918,35086.0,0.0,1.0
2016-11-09,24.13,25.1869,24.13,25.102,24.7707,66016.0,0.0,1.0
2016-11-10,25.19,25.8,25.13,25.22,24.8872,131359.0,0.0,1.0
2016-11-11,25.18,25.37,25.17,25.37,25.0352,25817.0,0.0,1.0
2016-11-14,25.61,25.808,25.6099,25.79,25.4497,85649.0,0.0,1.0
2016-11-15,25.8154,25.97,25.7614,25.94,25.5977,32182.0,0.0,1.0
2016-11-16,25.98,26.0099,25.8425,25.8895,25.5478,38490.0,0.0,1.0
2016-11-17,26.04,26.06,25.8801,26.026,25.6825,83882.0,0.0,1.0
2016-11-18,26.12,26.22,25.97,26.0,25.6569,78476.0,0.0,1.0
2016-11-21,26.21,26.21,26.0885,26.2,25.8542,45696.0,0.0,1.0
2016-11-22,26.12,26.37,26.12,26.37,26.022,46407.0,0.0,1.0
2016-11-23,26.4,26.49,26.25,26.49,26.1404,54418.0,0.0,1.0
2016-11-25,26.513,26.569,26.513,26.53,26.1799,10843.0,0.0,1.0
2016-11-28,26.53,26.53,26.3585,26.365,26.0171,42436.0,0.0,1.0
2016-11-29,26.47,26.49,26.39,26.44,26.0911,146279.0,0.0,1.0
2016-11-30,26.68,27.04,26.41,26.42,26.0713,65244.0,0.0,1.0
2016-12-01,26.56,26.56,26.24,26.3,25.9529,39058.0,0.0,1.0
2016-12-02,26.25,26.45,26.25,26.3492,26.0015,40265.0,0.0,1.0
2016-12-05,26.5298,26.66,26.5298,26.5815,26.2307,33132.0,0.0,1.0
2016-12-06,26.73,26.86,26.5901,26.86,26.5055,37753.0,0.0,1.0
2016-12-07,27.0,27.16,26.86,27.11,26.7522,42110.0,0.0,1.0
2016-12-08,27.33,27.44,27.11,27.39,27.0285,65980.0,0.0,1.0
2016-12-09,27.27,27.46,27.16,27.27,26.9101,39251.0,0.0,1.0
2016-12-12,27.37,28.7,27.0962,27.1562,26.7978,55958.0,0.0,1.0
2016-12-13,27.12,27.3299,27.0693,27.1997,26.8408,51034.0,0.0,1.0
2016-12-14,27.29,27.29,26.8214,26.8597,26.5052,44859.0,0.0,1.0
2016-12-15,27.0,27.11,26.7301,26.96,26.6042,43260.0,0.0,1.0
2016-12-16,26.89,27.12,26.89,26.91,26.5549,44635.0,0.0,1.0
2016-12-19,27.084,27.084,26.9897,27.044,26.6871,62309.0,0.0,1.0
2016-12-20,27.28,27.28,27.03,27.18,26.8213,84778.0,0.0,1.0
2016-12-21,27.31,27.31,27.0701,27.11,26.7522,59184.0,0.0,1.0
2016-12-22,27.19,27.19,26.87,26.901,26.546,72231.0,0.0,1.0
2016-12-23,27.0,27.05,26.9506,27.02,26.6634,37880.0,0.0,1.0
2016-12-27,27.21,27.21,27.0766,27.1062,26.7485,36332.0,0.0,1.0
2016-12-28,27.11,27.11,26.64,26.64,26.4622,42823.0,0.1761,1.0
2016-12-29,26.76,26.7791,26.6335,26.72,26.5417,47367.0,0.0,1.0
2016-12-30,26.71,26.77,26.5901,26.5901,26.4127,53927.0,0.0,1.0
2017-01-03,26.89,26.92,26.591,26.7655,26.5869,250989.0,0.0,1.0
2017-01-04,27.02,27.2296,26.87,27.19,27.0086,55839.0,0.0,1.0
2017-01-05,27.28,27.28,26.9496,27.06,26.8794,71425.0,0.0,1.0
2017-01-06,27.21,27.21,27.0,27.08,26.8993,164121.0,0.0,1.0
2017-01-09,27.18,27.18,26.8455,26.88,26.7006,52358.0,0.0,1.0
2017-01-10,27.04,27.08,26.874,27.0101,26.8299,40089.0,0.0,1.0
2017-01-11,27.19,27.19,26.95,27.07,26.8894,30764.0,0.0,1.0
2017-01-12,27.19,27.19,26.7208,27.01,26.8298,42393.0,0.0,1.0
2017-01-13,27.12,27.33,27.08,27.16,26.9788,59533.0,0.0,1.0
2017-01-17,27.15,27.15,26.861,26.8972,26.7177,42860.0,0.0,1.0
2017-01-18,26.98,27.06,26.9408,27.06,26.8794,36751.0,0.0,1.0
2017-01-19,27.21,27.23,26.8,26.91,26.7304,40382.0,0.0,1.0
2017-01-20,27.09,27.24,26.89,26.99,26.8099,72908.0,0.0,1.0
2017-01-23,27.05,27.06,26.81,26.96,26.7801,53627.0,0.0,1.0
2017-01-24,27.09,27.3399,27.06,27.261,27.0791,48907.0,0.0,1.0
2017-01-25,27.5,27.67,27.38,27.49,27.3066,82147.0,0.0,1.0
2017-01-26,27.58,27.6,27.4001,27.45,27.2668,49529.0,0.0,1.0
2017-01-27,27.59,27.64,27.25,27.3096,27.1274,59070.0,0.0,1.0
2017-01-30,27.14,27.31,26.8228,27.09,26.9092,42741.0,0.0,1.0
2017-01-31,27.13,27.19,26.9101,27.16,26.9788,76141.0,0.0,1.0
2017-02-01,27.28,27.43,26.99,27.1382,26.9571,59553.0,0.0,1.0
2017-02-02,27.17,27.39,27.0301,27.1462,26.9651,42092.0,0.0,1.0
2017-02-03,27.52,27.52,27.33,27.47,27.2867,33962.0,0.0,1.0
2017-02-06,27.46,27.53,27.32,27.38,27.1973,24768.0,0.0,1.0
2017-02-07,27.35,27.47,27.25,27.31,27.1278,58191.0,0.0,1.0
2017-02-08,27.34,27.37,27.1429,27.31,27.1278,27371.0,0.0,1.0
2017-02-09,27.45,27.64,27.4096,27.563,27.3791,37327.0,0.0,1.0
2017-02-10,27.76,27.76,27.5508,27.719,27.534,55968.0,0.0,1.0
2017-02-13,27.81,27.83,27.71,27.71,27.5251,33403.0,0.0,1.0
2017-02-14,27.84,27.8594,27.62,27.85,27.6642,36273.0,0.0,1.0
2017-02-15,27.92,28.0,27.815,27.97,27.7834,65593.0,0.0,1.0
2017-02-16,27.99,28.1299,27.82,27.92,27.7337,40482.0,0.0,1.0
2017-02-17,27.76,27.95,27.76,27.95,27.7635,55666.0,0.0,1.0
2017-02-21,28.13,28.19,27.96,28.19,28.0019,60729.0,0.0,1.0
2017-02-22,28.04,28.27,28.0,28.06,27.8728,178247.0,0.0,1.0
2017-02-23,28.06,28.1262,27.8337,27.92,27.7337,62462.0,0.0,1.0
2017-02-24,27.86,27.93,27.7122,27.9299,27.7435,39454.0,0.0,1.0
2017-02-27,27.8536,28.15,27.8536,28.15,27.9622,67899.0,0.0,1.0
2017-02-28,28.0,28.0472,27.8583,27.92,27.7337,81991.0,0.0,1.0
2017-03-01,28.17,28.33,28.17,28.3,28.1112,41763.0,0.0,1.0
2017-03-02,28.34,28.34,28.02,28.04,27.8529,130631.0,0.0,1.0
2017-03-03,28.02,28.07,27.88,28.07,27.8827,86005.0,0.0,1.0
2017-03-06,28.05,28.05,27.75,27.92,27.7337,38903.0,0.0,1.0
2017-03-07,27.79,27.8575,27.73,27.7423,27.5572,59600.0,0.0,1.0
2017-03-08,27.7931,27.7931,27.6,27.63,27.4456,29775.0,0.0,1.0
2017-03-09,27.62,27.71,27.39,27.53,27.3463,50445.0,0.0,1.0
2017-03-10,27.58,27.71,27.4661,27.63,27.4456,106301.0,0.0,1.0
2017-03-13,27.66,27.75,27.57,27.7,27.5152,27249.0,0.0,1.0
2017-03-14,27.64,27.64,27.4,27.58,27.396,37042.0,0.0,1.0
2017-03-15,27.75,27.9575,27.67,27.94,27.7536,47301.0,0.0,1.0
2017-03-16,27.86,27.9989,27.84,27.92,27.7337,33697.0,0.0,1.0
2017-03-17,28.08,28.08,27.85,27.96,27.7734,57013.0,0.0,1.0
2017-03-20,27.82,27.95,27.75,27.83,27.6443,40511.0,0.0,1.0
2017-03-21,27.96,27.988,27.2031,27.26,27.0781,42456.0,0.0,1.0
2017-03-22,27.18,27.32,27.122,27.31,27.1278,70191.0,0.0,1.0
2017-03-23,27.21,27.52,27.21,27.3599,27.1773,44916.0,0.0,1.0
2017-03-24,27.48,27.49,27.2519,27.38,27.1973,32336.0,0.0,1.0
2017-03-27,27.19,27.3593,26.9911,27.3,27.1178,50702.0,0.0,1.0
2017-03-28,27.34,27.57,27.265,27.47,27.2867,22746.0,0.0,1.0
2017-03-29,27.6,27.64,27.5101,27.61,27.4258,65311.0,0.0,1.0
2017-03-30,27.64,27.77,27.64,27.77,27.5847,38111.0,0.0,1.0
2017-03-31,27.7789,27.88,27.7484,27.79,27.6046,36419.0,0.0,1.0
2017-04-03,27.77,27.908,27.5009,27.62,27.4357,24434.0,0.0,1.0
2017-04-04,27.5801,27.709,27.58,27.5978,27.4137,50284.0,0.0,1.0
2017-04-05,27.87,27.87,27.3608,27.45,27.2668,56255.0,0.0,1.0
2017-04-06,27.57,27.67,27.33,27.62,27.4357,47651.0,0.0,1.0
2017-04-07,27.52,27.75,27.52,27.625,27.4407,36649.0,0.0,1.0
2017-04-10,27.7699,27.825,27.596,27.68,27.4953,30225.0,0.0,1.0
2017-04-11,27.72,27.78,27.5201,27.75,27.5648,39966.0,0.0,1.0
2017-04-12,27.8,27.8,27.5006,27.54,27.3562,37904.0,0.0,1.0
2017-04-13,27.65,27.65,27.27,27.31,27.1278,57184.0,0.0,1.0
2017-04-17,27.34,27.58,27.25,27.58,27.396,31119.0,0.0,1.0
2017-04-18,27.58,27.62,27.429,27.6,27.4158,77186.0,0.0,1.0
2017-04-19,27.76,27.79,27.6,27.6302,27.4458,21102.0,0.0,1.0
2017-04-20,27.8183,27.91,27.666,27.884,27.6979,93177.0,0.0,1.0
2017-04-21,28.03,28.03,27.72,27.84,27.6542,30953.0,0.0,1.0
2017-04-24,27.93,28.119,27.93,28.0899,27.9025,31481.0,0.0,1.0
2017-04-25,28.27,28.32,28.1762,28.27,28.0814,29083.0,0.0,1.0
2017-04-26,28.32,28.35,28.1,28.25,28.0615,50330.0,0.0,1.0
2017-04-27,28.31,28.318,28.13,28.262,28.0734,39704.0,0.0,1.0
2017-04-28,28.22,28.2499,28.0019,28.045,27.8579,38794.0,0.0,1.0
2017-05-01,28.21,28.21,27.924,28.12,27.9324,47096.0,0.0,1.0
2017-05-02,28.1989,28.1989,27.9806,28.0408,27.8537,60942.0,0.0,1.0
2017-05-03,27.98,27.98,27.83,27.9181,27.7318,32983.0,0.0,1.0
2017-05-04,28.09,28.1,27.68,27.885,27.6989,71814.0,0.0,1.0
2017-05-05,27.974,28.15,27.9091,28.15,27.9622,62142.0,0.0,1.0
2017-05-08,28.25,28.25,27.8708,28.01,27.8231,57414.0,0.0,1.0
2017-05-09,28.09,28.09,27.87,27.87,27.684,23285.0,0.0,1.0
2017-05-10,27.96,28.1387,27.9062,28.12,27.9324,36822.0,0.0,1.0
2017-05-11,28.07,28.07,27.7656,27.98,27.7933,47720.0,0.0,1.0
2017-05-12,27.865,27.99,27.8,27.8495,27.6637,37126.0,0.0,1.0
2017-05-15,27.88,28.1399,27.88,28.08,27.8926,35276.0,0.0,1.0
2017-05-16,27.87,28.22,27.87,27.96,27.7734,46014.0,0.0,1.0
2017-05-17,27.8,27.82,27.45,27.5,27.3165,54732.0,0.0,1.0
2017-05-18,27.37,27.64,27.368,27.61,27.4258,39040.0,0.0,1.0
2017-05-19,27.74,27.91,27.5962,27.81,27.6244,45719.0,0.0,1.0
2017-05-22,28.01,28.01,27.85,27.965,27.7784,37794.0,0.0,1.0
2017-05-23,28.1,28.1,27.882,27.9702,27.7836,45959.0,0.0,1.0
2017-05-24,28.07,28.08,27.89,28.0317,27.8447,86130.0,0.0,1.0
2017-05-25,28.27,28.27,28.05,28.0974,27.9099,41292.0,0.0,1.0
2017-05-26,28.08,28.085,27.99,28.033,27.8459,29643.0,0.0,1.0
2017-05-30,27.93,28.01,27.8608,27.94,27.7536,41736.0,0.0,1.0
2017-05-31,27.9605,27.9605,27.6201,27.93,27.7436,33338.0,0.0,1.0
2017-06-01,27.91,28.32,27.91,28.3007,28.1119,43829.0,0.0,1.0
2017-06-02,28.56,28.56,28.28,28.38,28.1906,49280.0,0.0,1.0
2017-06-05,28.32,28.38,28.25,28.3,28.1112,63495.0,0.0,1.0
2017-06-06,28.21,28.29,28.0042,28.185,27.9969,45311.0,0.0,1.0
2017-06-07,28.27,28.27,28.06,28.1999,28.0117,32222.0,0.0,1.0
2017-06-08,28.19,28.39,28.0911,28.31,28.1211,78956.0,0.0,1.0
2017-06-09,28.4099,28.58,28.2433,28.3394,28.1503,42302.0,0.0,1.0
2017-06-12,28.3,28.378,28.2491,28.378,28.1886,20439.0,0.0,1.0
2017-06-13,28.48,28.5773,28.4101,28.573,28.3823,37815.0,0.0,1.0
2017-06-14,28.54,28.59,28.33,28.41,28.2204,43566.0,0.0,1.0
2017-06-15,28.2601,28.39,28.22,28.39,28.2006,13402.0,0.0,1.0
2017-06-16,28.26,28.36,28.219,28.36,28.1708,28085.0,0.0,1.0
2017-06-19,28.35,28.59,28.35,28.58,28.3893,32283.0,0.0,1.0
2017-06-20,28.65,28.65,28.27,28.35,28.1608,49048.0,0.0,1.0
2017-06-21,28.55,28.55,28.1401,28.2199,28.0316,23407.0,0.0,1.0
2017-06-22,28.12,28.32,28.1196,28.2394,28.051,54489.0,0.0,1.0
2017-06-23,28.28,28.4099,28.1601,28.38,28.1906,26968.0,0.0,1.0
2017-06-26,28.445,28.54,28.31,28.4495,28.2597,41547.0,0.0,1.0
2017-06-27,28.47,28.51,28.2401,28.28,28.0913,34141.0,0.0,1.0
2017-06-28,28.45,28.58,28.3592,28.5126,28.3223,26111.0,0.0,1.0
2017-06-29,28.41,28.5,28.1499,28.33,28.141,31423.0,0.0,1.0
2017-06-30,28.07,28.45,28.07,28.38,28.1906,39097.0,0.0,1.0
2017-07-03,28.23,28.58,28.23,28.58,28.3893,12176.0,0.0,1.0
2017-07-05,28.51,28.51,28.35,28.46,28.2701,18122.0,0.0,1.0
2017-07-06,28.43,28.43,28.03,28.0625,27.8753,24863.0,0.0,1.0
2017-07-07,28.09,28.37,28.09,28.37,28.1807,42929.0,0.0,1.0
2017-07-10,28.41,28.41,28.211,28.2797,28.091,72089.0,0.0,1.0
2017-07-11,28.43,28.43,28.1114,28.2962,28.1074,27136.0,0.0,1.0
2017-07-12,28.59,28.64,28.47,28.55,28.3595,38819.0,0.0,1.0
2017-07-13,28.6083,28.6083,28.405,28.6,28.4092,23193.0,0.0,1.0
2017-07-14,28.7,28.73,28.58,28.72,28.5284,20366.0,0.0,1.0
2017-07-17,28.6,28.76,28.6,28.73,28.5383,52142.0,0.0,1.0
2017-07-18,28.55,28.75,28.5434,28.655,28.4638,37727.0,0.0,1.0
2017-07-19,28.61,28.94,28.61,28.94,28.7469,39694.0,0.0,1.0
2017-07-20,28.84,28.9836,28.84,28.854,28.6615,37765.0,0.0,1.0
2017-07-21,28.9,28.91,28.71,28.86,28.6674,46759.0,0.0,1.0
2017-07-24,28.76,29.0,28.76,28.94,28.7469,28709.0,0.0,1.0
2017-07-25,28.98,29.14,28.93,29.09,28.8959,55371.0,0.0,1.0
2017-07-26,29.1,29.15,28.9,28.9404,28.7473,31366.0,0.0,1.0
2017-07-27,28.9,29.14,28.62,28.7695,28.5775,36930.0,0.0,1.0
2017-07-28,28.68,28.86,28.67,28.76,28.5681,47945.0,0.0,1.0
2017-07-31,28.7706,28.7706,28.6,28.72,28.5284,26574.0,0.0,1.0
2017-08-01,28.6487,28.65,28.56,28.6162,28.4253,26630.0,0.0,1.0
2017-08-02,28.86,28.88,28.46,28.5533,28.3628,41449.0,0.0,1.0
2017-08-03,28.76,28.76,28.4308,28.4508,28.261,58176.0,0.0,1.0
2017-08-04,28.6487,28.65,28.56,28.6162,28.4253,26630.0,0.0,1.0
2017-08-07,28.69,28.71,28.5839,28.6916,28.5002,28546.0,0.0,1.0
2017-08-08,28.79,28.81,28.48,28.61,28.4191,148678.0,0.0,1.0
2017-08-09,28.34,28.5554,28.34,28.4616,28.2717,91059.0,0.0,1.0
2017-08-10,28.37,28.37,28.0101,28.0256,27.8386,36926.0,0.0,1.0
2017-08-11,28.08,28.13,28.0,28.12,27.9324,28267.0,0.0,1.0
2017-08-14,28.29,28.49,28.29,28.393,28.2035,88932.0,0.0,1.0
2017-08-15,28.25,28.3792,28.25,28.27,28.0814,42910.0,0.0,1.0
2017-08-16,28.5,28.5,28.361,28.3802,28.1908,59749.0,0.0,1.0
2017-08-17,28.47,28.47,27.96,27.96,27.7734,117878.0,0.0,1.0
2017-08-18,27.85,28.03,27.7,27.9128,27.7265,36427.0,0.0,1.0
2017-08-21,27.87,27.93,27.8299,27.93,27.7436,46500.0,0.0,1.0
2017-08-22,28.01,28.21,27.77,28.21,28.0218,45105.0,0.0,1.0
2017-08-23,28.1399,28.2399,28.1001,28.1797,27.9917,40611.0,0.0,1.0
2017-08-24,28.37,28.37,28.15,28.24,28.0516,48484.0,0.0,1.0
2017-08-25,28.35,28.35,28.17,28.32,28.131,37551.0,0.0,1.0
2017-08-28,28.45,28.45,28.1212,28.1792,27.9912,74598.0,0.0,1.0
2017-08-29,28.01,28.24,28.0,28.23,28.0416,36634.0,0.0,1.0
2017-08-30,28.0719,28.43,28.0719,28.3916,28.2022,28408.0,0.0,1.0
2017-08-31,28.59,28.69,28.4725,28.67,28.4787,47777.0,0.0,1.0
2017-09-01,28.7131,28.8104,28.7131,28.8,28.6078,21908.0,0.0,1.0
2017-09-05,28.84,28.84,28.39,28.49,28.2999,30149.0,0.0,1.0
2017-09-06,28.51,28.6005,28.4701,28.5595,28.3689,33474.0,0.0,1.0
2017-09-07,28.57,28.57,28.31,28.43,28.2403,25631.0,0.0,1.0
2017-09-08,28.4,28.51,28.2401,28.48,28.29,59370.0,0.0,1.0
2017-09-11,28.7116,28.8199,28.7088,28.81,28.6178,47965.0,0.0,1.0
2017-09-12,28.93,28.95,28.81,28.95,28.7568,110415.0,0.0,1.0
2017-09-13,28.9123,28.95,28.8791,28.91,28.7171,27510.0,0.0,1.0
2017-09-14,28.91,28.95,28.8626,28.9489,28.7557,25036.0,0.0,1.0
2017-09-15,28.77,29.0,28.77,28.9932,28.7997,24174.0,0.0,1.0
2017-09-18,28.89,29.15,28.89,29.12,28.9257,54732.0,0.0,1.0
2017-09-19,29.07,29.1885,29.021,29.1,28.9058,67427.0,0.0,1.0
2017-09-20,29.25,29.25,29.0601,29.21,29.0151,36206.0,0.0,1.0
2017-09-21,29.08,29.36,29.08,29.1395,28.9451,59734.0,0.0,1.0
2017-09-22,29.04,29.2,29.04,29.2,29.0052,27477.0,0.0,1.0
2017-09-25,29.2583,29.2583,29.074,29.21,29.0151,31174.0,0.0,1.0
2017-09-26,29.2495,29.275,29.1509,29.2306,29.0356,34018.0,0.0,1.0
2017-09-27,29.396,29.45,29.18,29.4287,29.2323,31258.0,0.0,1.0
2017-09-28,29.5,29.5199,29.2709,29.47,29.2734,34480.0,0.0,1.0
2017-09-29,29.61,29.61,29.49,29.5796,29.3822,27760.0,0.0,1.0
2017-10-02,29.59,29.75,29.58,29.719,29.5207,34532.0,0.0,1.0
2017-10-03,29.74,29.8941,29.705,29.83,29.631,46935.0,0.0,1.0
2017-10-04,29.85,29.9,29.7121,29.8056,29.6067,47619.0,0.0,1.0
2017-10-05,29.8,29.97,29.7901,29.93,29.7303,140593.0,0.0,1.0
2017-10-06,29.8394,29.91,29.82,29.8908,29.6914,30410.0,0.0,1.0
2017-10-09,30.03,30.03,29.7901,29.8204,29.6214,37714.0,0.0,1.0
2017-10-10,29.9419,29.9419,29.79,29.8665,29.6672,53444.0,0.0,1.0
2017-10-11,30.05,30.05,29.8108,29.9,29.7005,43224.0,0.0,1.0
2017-10-12,30.02,30.02,29.78,29.94,29.7402,28374.0,0.0,1.0
2017-10-13,29.98,30.03,29.8501,29.9497,29.7499,38301.0,0.0,1.0
2017-10-16,30.02,30.05,29.87,29.9001,29.7006,54298.0,0.0,1.0
2017-10-17,29.86,29.9799,29.84,29.84,29.6409,79704.0,0.0,1.0
2017-10-18,30.02,30.02,29.9092,29.9692,29.7692,68342.0,0.0,1.0
2017-10-19,29.9,29.98,29.721,29.9564,29.7565,27974.0,0.0,1.0
2017-10-20,30.06,30.21,30.049,30.155,29.9538,47481.0,0.0,1.0
2017-10-23,30.27,30.27,29.98,30.01,29.8098,67370.0,0.0,1.0
2017-10-24,30.18,30.18,30.03,30.065,29.8644,40786.0,0.0,1.0
2017-10-25,30.13,30.13,29.72,29.91,29.7104,58934.0,0.0,1.0
2017-10-26,29.99,30.08,29.9004,30.06,29.8594,28970.0,0.0,1.0
2017-10-27,30.18,30.22,29.9901,30.1736,29.9723,57981.0,0.0,1.0
2017-10-30,29.95,30.22,29.95,30.07,29.8694,168226.0,0.0,1.0
2017-10-31,30.29,30.29,30.0017,30.2299,30.0282,52352.0,0.0,1.0
2017-11-01,30.46,30.46,29.95,30.115,29.9141,120428.0,0.0,1.0
2017-11-02,30.13,30.2,29.99,30.09,29.8892,107706.0,0.0,1.0
2017-11-03,30.045,30.19,30.01,30.19,29.9886,41577.0,0.0,1.0
2017-11-06,30.2,30.33,30.1806,30.285,30.0829,46806.0,0.0,1.0
2017-11-07,30.45,30.45,29.95,30.1,29.8992,84799.0,0.0,1.0
2017-11-08,30.11,30.22,29.9984,30.17,29.9687,39986.0,0.0,1.0
2017-11-09,30.04,30.139,29.79,30.0026,29.8024,49040.0,0.0,1.0
2017-11-10,30.02,30.1,29.91,30.028,29.8276,44118.0,0.0,1.0
2017-11-13,29.9,30.09,29.869,30.01,29.8098,30695.0,0.0,1.0
2017-11-14,29.99,30.04,29.9404,29.98,29.78,48818.0,0.0,1.0
2017-11-15,29.9,30.03,29.79,29.85,29.6508,71834.0,0.0,1.0
2017-11-16,29.98,30.28,29.901,30.24,30.0382,71272.0,0.0,1.0
2017-11-17,30.23,30.3,30.1109,30.29,30.0879,53290.0,0.0,1.0
2017-11-20,30.45,30.45,30.1904,30.33,30.1276,38375.0,0.0,1.0
2017-11-21,30.4988,30.5789,30.44,30.5148,30.3112,55866.0,0.0,1.0
2017-11-22,30.67,30.67,30.5376,30.59,30.3859,14364.0,0.0,1.0
2017-11-24,30.6122,30.6499,30.5009,30.51,30.3064,6138.0,0.0,1.0
2017-11-27,30.44,30.63,30.44,30.6,30.3958,28309.0,0.0,1.0
2017-11-28,30.76,30.92,30.6054,30.918,30.7117,30182.0,0.0,1.0
2017-11-29,31.16,31.189,30.95,31.09,30.8825,42496.0,0.0,1.0
2017-11-30,31.35,31.388,31.0912,31.289,31.0802,72211.0,0.0,1.0
2017-12-01,31.3,31.3,30.57,31.19,30.9819,100818.0,0.0,1.0
2017-12-04,31.37,31.54,31.19,31.19,30.9819,70775.0,0.0,1.0
2017-12-05,31.18,31.1999,30.8909,30.8909,30.6848,32796.0,0.0,1.0
2017-12-06,30.98,30.98,30.781,30.805,30.5995,31222.0,0.0,1.0
2017-12-07,30.67,31.08,30.67,31.03,30.8229,41691.0,0.0,1.0
2017-12-08,31.17,31.23,31.0434,31.16,30.9521,37440.0,0.0,1.0
2017-12-11,31.28,31.28,31.0308,31.1,30.8925,32940.0,0.0,1.0
2017-12-12,31.29,31.29,31.015,31.04,30.8329,28385.0,0.0,1.0
2017-12-13,31.08,31.21,31.0,31.03,30.8229,75992.0,0.0,1.0
2017-12-14,31.06,31.11,30.71,30.775,30.5697,56192.0,0.0,1.0
2017-12-15,31.15,31.26,30.9127,31.09,30.8825,52320.0,0.0,1.0
2017-12-18,31.41,31.4799,31.3,31.4,31.1905,88151.0,0.0,1.0
2017-12-19,31.3,31.59,31.22,31.27,31.0613,113372.0,0.0,1.0
2017-12-20,31.28,31.54,31.1838,31.32,31.111,61460.0,0.0,1.0
2017-12-21,31.42,31.528,31.2613,31.3999,31.1904,490001.0,0.0,1.0
2017-12-22,31.3,31.51,31.3,31.38,31.1706,57372.0,0.0,1.0
2017-12-26,31.53,31.53,31.36,31.39,31.1805,40836.0,0.0,1.0
2017-12-27,31.21,31.289,31.15,31.21,31.21,63587.0,0.2097,1.0
2017-12-28,31.14,31.3,31.12,31.3,31.3,88230.0,0.0,1.0
2017-12-29,31.43,31.43,31.09,31.11,31.11,52796.0,0.0,1.0
2018-01-02,31.1731,31.4,31.1731,31.4,31.4,74638.0,0.0,1.0
2018-01-03,31.57,31.57,31.3416,31.49,31.49,65115.0,0.0,1.0
2018-01-04,31.595,31.787,31.51,31.59,31.59,104700.0,0.0,1.0
2018-01-05,31.56,31.78,31.55,31.71,31.71,88048.0,0.0,1.0
2018-01-08,31.78,31.8795,31.61,31.87,31.87,42908.0,0.0,1.0
2018-01-09,32.06,32.06,31.81,31.84,31.84,72596.0,0.0,1.0
2018-01-10,31.78,31.78,31.6,31.66,31.66,98844.0,0.0,1.0
2018-01-11,31.87,32.1,31.755,32.09,32.09,117219.0,0.0,1.0
2018-01-12,32.3166,32.3166,32.09,32.15,32.15,125621.0,0.0,1.0
2018-01-16,32.48,32.48,31.8567,31.98,31.98,68224.0,0.0,1.0
2018-01-17,32.24,32.2476,31.965,32.1896,32.1896,89966.0,0.0,1.0
2018-01-18,31.93,32.1899,31.93,32.0237,32.0237,56970.0,0.0,1.0
2018-01-19,32.23,32.38,32.02,32.365,32.365,172125.0,0.0,1.0
2018-01-22,32.57,32.57,32.3567,32.55,32.55,101834.0,0.0,1.0
2018-01-23,32.67,32.68,32.4301,32.6689,32.6689,64343.0,0.0,1.0
2018-01-24,32.86,32.86,32.4208,32.55,32.55,58078.0,0.0,1.0
2018-01-25,32.75,32.75,32.364,32.519,32.519,47598.0,0.0,1.0
2018-01-26,32.71,32.71,32.4343,32.67,32.67,66669.0,0.0,1.0
2018-01-29,32.7,32.7,32.341,32.44,32.44,53402.0,0.0,1.0
2018-01-30,32.23,32.26,31.9801,32.05,32.05,48170.0,0.0,1.0
2018-01-31,32.29,32.29,31.8784,32.02,32.02,74215.0,0.0,1.0
2018-02-01,31.8,32.11,31.8,32.05,32.05,99941.0,0.0,1.0
2018-02-02,31.99,31.99,31.399,31.42,31.42,148509.0,0.0,1.0
2018-02-05,31.05,31.36,30.29,30.35,30.35,156821.0,0.0,1.0
2018-02-06,29.73,30.6199,29.4566,30.51,30.51,194691.0,0.0,1.0
2018-02-07,30.36,30.749,30.36,30.55,30.55,77072.0,0.0,1.0
2018-02-08,30.56,30.7882,29.3,29.35,29.35,62659.0,0.0,1.0
2018-02-09,29.99,29.99,29.0357,29.8492,29.8492,141366.0,0.0,1.0
2018-02-12,30.13,30.33,29.78,30.18,30.18,114180.0,0.0,1.0
2018-02-13,29.88,30.24,29.87,30.22,30.22,221247.0,0.0,1.0
2018-02-14,30.26,30.8,29.7,30.8,30.8,73130.0,0.0,1.0
2018-02-15,31.18,31.18,30.72,31.0574,31.0574,52040.0,0.0,1.0
2018-02-16,31.24,31.53,30.981,31.19,31.19,142379.0,0.0,1.0
2018-02-20,31.25,31.25,30.82,30.98,30.98,131047.0,0.0,1.0
2018-02-21,31.02,31.32,30.8704,30.92,30.92,41307.0,0.0,1.0
2018-02-22,30.89,31.16,30.8434,30.87,30.87,77611.0,0.0,1.0
2018-02-23,31.26,31.26,30.79,31.22,31.22,35808.0,0.0,1.0
2018-02-26,31.33,31.53,31.1,31.35,31.35,72480.0,0.0,1.0
2018-02-27,31.51,31.5199,30.9589,30.98,30.98,47986.0,0.0,1.0
2018-02-28,31.1,31.12,30.56,30.61,30.61,64874.0,0.0,1.0
2018-03-01,30.46,30.81,30.26,30.5,30.5,90713.0,0.0,1.0
2018-03-02,30.64,30.84,30.21,30.84,30.84,67419.0,0.0,1.0
2018-03-05,30.39,31.17,30.39,31.06,31.06,43432.0,0.0,1.0
2018-03-06,31.27,31.45,31.01,31.45,31.45,56470.0,0.0,1.0
2018-03-07,31.36,31.55,31.15,31.4874,31.4874,38059.0,0.0,1.0
2018-03-08,31.57,31.71,31.27,31.42,31.42,48055.0,0.0,1.0
2018-03-09,31.64,31.97,31.63,31.97,31.97,36834.0,0.0,1.0
2018-03-12,32.0,32.1,31.891,32.05,32.05,44818.0,0.0,1.0
2018-03-13,32.21,32.21,31.7801,31.85,31.85,24898.0,0.0,1.0
2018-03-14,32.0088,32.0088,31.59,31.6612,31.6612,37110.0,0.0,1.0
2018-03-15,31.53,31.73,31.43,31.58,31.58,30954.0,0.0,1.0
2018-03-16,31.602,31.84,31.6015,31.785,31.785,44799.0,0.0,1.0
2018-03-19,31.83,31.83,31.2,31.448,31.448,28279.0,0.0,1.0
2018-03-20,31.43,31.6,31.42,31.49,31.49,40643.0,0.0,1.0
2018-03-21,31.52,31.8,31.52,31.7,31.7,49639.0,0.0,1.0
2018-03-22,31.2716,31.46,30.8,30.83,30.83,86357.0,0.0,1.0
2018-03-23,30.8,30.8588,30.178,30.2,30.2,41228.0,0.0,1.0
2018-03-26,30.23,30.84,30.23,30.83,30.83,51580.0,0.0,1.0
2018-03-27,30.8366,30.93,30.26,30.35,30.35,66429.0,0.0,1.0
2018-03-28,30.36,30.61,30.3101,30.46,30.46,56032.0,0.0,1.0
2018-03-29,30.6048,30.98,30.56,30.86,30.86,66427.0,0.0,1.0
2018-04-02,30.68,31.05,29.886,30.03,30.03,141097.0,0.0,1.0
2018-04-03,30.13,30.638,30.13,30.56,30.56,193514.0,0.0,1.0
2018-04-04,30.42,30.84,30.2007,30.83,30.83,86879.0,0.0,1.0
2018-04-05,31.19,31.19,30.835,31.08,31.08,128217.0,0.0,1.0
2018-04-06,31.35,31.35,30.15,30.42,30.42,60288.0,0.0,1.0
2018-04-09,30.53,30.82,30.43,30.47,30.47,34673.0,0.0,1.0
2018-04-10,30.83,31.03,30.71,30.9004,30.9004,85345.0,0.0,1.0
2018-04-11,30.58,31.01,30.58,30.88,30.88,68852.0,0.0,1.0
2018-04-12,30.94,31.29,30.94,30.992,30.992,46512.0,0.0,1.0
2018-04-13,31.06,31.43,30.8137,30.8824,30.8824,42676.0,0.0,1.0
2018-04-16,31.02,31.309,31.013,31.25,31.25,60007.0,0.0,1.0
2018-04-17,31.29,31.82,31.26,31.5,31.5,35585.0,0.0,1.0
2018-04-18,31.62,31.719,31.48,31.57,31.57,46894.0,0.0,1.0
2018-04-19,31.43,31.65,31.251,31.44,31.44,40915.0,0.0,1.0
2018-04-20,31.56,31.56,31.061,31.1668,31.1668,167687.0,0.0,1.0
2018-04-23,31.3,31.39,31.0425,31.22,31.22,47391.0,0.0,1.0
2018-04-24,31.3,31.449,30.75,30.97,30.97,40841.0,0.0,1.0
2018-04-25,30.97,31.14,30.75,31.0,31.0,42826.0,0.0,1.0
2018-04-26,30.96,31.2,30.86,31.0813,31.0813,32375.0,0.0,1.0
2018-04-27,31.18,31.18,30.88,31.08,31.08,52025.0,0.0,1.0
2018-04-30,31.22,31.22,30.72,30.72,30.72,91332.0,0.0,1.0
2018-05-01,30.8,30.88,30.4603,30.88,30.88,24771.0,0.0,1.0
2018-05-02,30.87,31.0422,30.7201,30.75,30.75,45531.0,0.0,1.0
2018-05-03,30.76,30.82,30.3846,30.72,30.72,85952.0,0.0,1.0
2018-05-04,30.68,31.29,30.32,31.17,31.17,51671.0,0.0,1.0
2018-05-07,31.08,31.485,31.08,31.34,31.34,92078.0,0.0,1.0
2018-05-08,31.23,31.44,31.23,31.3905,31.3905,74506.0,0.0,1.0
2018-05-09,31.53,31.65,31.3861,31.59,31.59,51702.0,0.0,1.0
2018-05-10,31.81,31.9,31.6548,31.8196,31.8196,87856.0,0.0,1.0
2018-05-11,31.87,31.93,31.57,31.84,31.84,60289.0,0.0,1.0
2018-05-14,31.92,32.06,31.729,31.78,31.78,50280.0,0.0,1.0
2018-05-15,31.55,31.85,31.55,31.72,31.72,66267.0,0.0,1.0
2018-05-16,31.66,32.02,31.66,31.93,31.93,47892.0,0.0,1.0
2018-05-17,31.94,32.0899,31.8601,31.97,31.97,57294.0,0.0,1.0
2018-05-18,32.03,32.03,31.86,31.91,31.91,60253.0,0.0,1.0
2018-05-21,31.93,32.24,31.93,32.16,32.16,38612.0,0.0,1.0
2018-05-22,32.31,32.31,31.957,32.02,32.02,40084.0,0.0,1.0
2018-05-23,32.17,32.17,31.8309,32.04,32.04,39989.0,0.0,1.0
2018-05-24,31.9,32.11,31.87,32.07,32.07,62197.0,0.0,1.0
2018-05-25,31.9896,32.05,31.84,31.9,31.9,33281.0,0.0,1.0
2018-05-29,31.8852,32.0,31.684,31.88,31.88,37138.0,0.0,1.0
2018-05-30,31.99,32.42,31.99,32.3,32.3,21645.0,0.0,1.0
2018-05-31,32.46,32.46,31.91,31.92,31.92,51549.0,0.0,1.0
2018-06-01,32.31,32.46,32.0901,32.18,32.18,41346.0,0.0,1.0
2018-06-04,32.29,32.41,32.13,32.35,32.35,42876.0,0.0,1.0
2018-06-05,32.23,32.49,32.23,32.46,32.46,43837.0,0.0,1.0
2018-06-06,32.5,32.7,32.411,32.7,32.7,50543.0,0.0,1.0
2018-06-07,33.05,33.05,32.54,32.72,32.72,65859.0,0.0,1.0
2018-06-08,32.77,32.89,32.681,32.89,32.89,58897.0,0.0,1.0
2018-06-11,32.75,33.0485,32.75,32.91,32.91,47904.0,0.0,1.0
2018-06-12,32.85,33.05,32.8318,32.98,32.98,43924.0,0.0,1.0
2018-06-13,33.05,33.05,32.721,32.818,32.818,65609.0,0.0,1.0
2018-06-14,33.0,33.0,32.651,32.88,32.88,54436.0,0.0,1.0
2018-06-15,32.69,32.843,32.5808,32.81,32.81,50291.0,0.0,1.0
2018-06-18,32.4,32.8808,32.4,32.86,32.86,45304.0,0.0,1.0
2018-06-19,32.69,32.82,32.42,32.82,32.82,46903.0,0.0,1.0
2018-06-20,32.84,33.22,32.771,32.99,32.99,57800.0,0.0,1.0
2018-06-21,33.22,33.22,32.65,32.74,32.74,183194.0,0.0,1.0
2018-06-22,32.96,32.96,32.7691,32.79,32.79,64558.0,0.0,1.0
2018-06-25,32.69,32.69,32.14,32.33,32.33,56524.0,0.0,1.0
2018-06-26,32.43,32.455,32.17,32.36,32.36,66216.0,0.0,1.0
2018-06-27,32.36,32.54,32.0,32.02,32.02,67157.0,0.0,1.0
2018-06-28,32.22,32.22,31.8464,32.1087,32.1087,57912.0,0.0,1.0
2018-06-29,32.31,32.43,32.16,32.22,32.22,69421.0,0.0,1.0
2018-07-02,32.21,32.21,31.92,32.2,32.2,69624.0,0.0,1.0
2018-07-03,32.35,32.445,32.2251,32.26,32.26,30941.0,0.0,1.0
2018-07-05,32.58,32.58,32.2028,32.53,32.53,51966.0,0.0,1.0
2018-07-06,32.79,32.84,32.5162,32.81,32.81,67427.0,0.0,1.0
2018-07-09,32.91,33.21,32.55,33.13,33.13,101082.0,0.0,1.0
2018-07-10,33.14,33.215,32.9663,33.12,33.12,178714.0,0.0,1.0
2018-07-11,32.66,33.02,32.66,32.84,32.84,46422.0,0.0,1.0
2018-07-12,33.09,33.09,32.7294,32.92,32.92,40091.0,0.0,1.0
2018-07-13,32.68,33.18,32.68,32.92,32.92,79279.0,0.0,1.0
2018-07-16,32.62,32.8633,32.62,32.76,32.76,60330.0,0.0,1.0
2018-07-17,32.75,32.91,32.7224,32.88,32.88,54651.0,0.0,1.0
2018-07-18,32.88,33.0,32.76,33.0,33.0,67218.0,0.0,1.0
2018-07-19,32.98,33.18,32.58,33.13,33.13,61694.0,0.0,1.0
2018-07-20,33.1,33.14,32.9,32.95,32.95,53123.0,0.0,1.0
2018-07-23,32.96,32.98,32.8001,32.92,32.92,65683.0,0.0,1.0
2018-07-24,33.11,33.11,32.52,32.69,32.69,63656.0,0.0,1.0
2018-07-25,32.93,32.93,32.53,32.79,32.79,76751.0,0.0,1.0
2018-07-26,32.77,33.0196,32.51,32.93,32.93,49976.0,0.0,1.0
2018-07-27,32.915,33.1899,32.45,32.57,32.57,44129.0,0.0,1.0
2018-07-30,32.64,32.73,32.34,32.34,32.34,89976.0,0.0,1.0
2018-07-31,32.4,32.8,32.4,32.73,32.73,63275.0,0.0,1.0
2018-08-01,32.69,32.7299,32.42,32.6096,32.6096,70046.0,0.0,1.0
2018-08-02,32.56,32.91,32.5596,32.88,32.88,57928.0,0.0,1.0
2018-08-03,32.83,33.059,32.8201,32.92,32.92,49952.0,0.0,1.0
2018-08-06,33.23,33.23,32.9484,33.13,33.13,46684.0,0.0,1.0
2018-08-07,33.3,33.3398,33.1836,33.23,33.23,61170.0,0.0,1.0
2018-08-08,33.34,33.34,32.99,33.16,33.16,50645.0,0.0,1.0
2018-08-09,33.08,33.27,33.08,33.12,33.12,123364.0,0.0,1.0
2018-08-10,32.84,33.0819,32.83,32.93,32.93,57333.0,0.0,1.0
2018-08-13,32.87,33.09,32.66,32.75,32.75,77705.0,0.0,1.0
2018-08-14,32.77,33.14,32.77,33.04,33.04,260825.0,0.0,1.0
2018-08-15,32.64,33.02,32.528,32.74,32.74,53768.0,0.0,1.0
2018-08-16,32.82,33.15,32.82,33.0,33.0,50530.0,0.0,1.0
2018-08-17,32.86,33.29,32.86,33.17,33.17,58155.0,0.0,1.0
2018-08-20,33.15,33.38,33.15,33.32,33.32,55583.0,0.0,1.0
2018-08-21,33.48,33.669,33.3546,33.6,33.6,51683.0,0.0,1.0
2018-08-22,33.59,33.69,33.5213,33.595,33.595,58347.0,0.0,1.0
2018-08-23,33.62,33.62,33.41,33.48,33.48,89174.0,0.0,1.0
2018-08-24,33.64,33.64,33.51,33.6,33.6,46391.0,0.0,1.0
2018-08-27,33.72,33.96,33.6301,33.73,33.73,64620.0,0.0,1.0
2018-08-28,33.85,33.9,33.5899,33.73,33.73,142106.0,0.0,1.0
2018-08-29,33.82,33.87,33.6265,33.8,33.8,133585.0,0.0,1.0
2018-08-30,33.7606,33.82,33.64,33.67,33.67,94280.0,0.0,1.0
2018-08-31,33.68,33.79,33.579,33.77,33.77,80883.0,0.0,1.0
2018-09-04,33.63,33.7792,33.5112,33.7,33.7,92396.0,0.0,1.0
2018-09-05,33.71,33.71,33.44,33.66,33.66,61183.0,0.0,1.0
2018-09-06,33.87,33.87,33.505,33.57,33.57,62070.0,0.0,1.0
2018-09-07,33.13,33.66,33.13,33.49,33.49,48745.0,0.0,1.0
2018-09-10,33.68,33.94,33.5067,33.56,33.56,52961.0,0.0,1.0
2018-09-11,33.52,33.69,33.39,33.62,33.62,70320.0,0.0,1.0
2018-09-12,33.69,33.7,33.39,33.65,33.65,84881.0,0.0,1.0
2018-09-13,33.73,33.83,33.6201,33.71,33.71,61701.0,0.0,1.0
2018-09-14,33.82,33.8973,33.7028,33.83,33.83,70786.0,0.0,1.0
2018-09-17,33.74,33.92,33.4901,33.52,33.52,53497.0,0.0,1.0
2018-09-18,33.63,33.72,33.5002,33.68,33.68,60010.0,0.0,1.0
2018-09-19,33.72,33.78,33.45,33.53,33.53,59355.0,0.0,1.0
2018-09-20,33.8,33.8,33.5618,33.77,33.77,82157.0,0.0,1.0
2018-09-21,33.9,33.9,33.68,33.7,33.7,50811.0,0.0,1.0
