date,1. open,2. high,3. low,4. close,5. adjusted close,6. volume,7. dividend amount,8. split coefficient
2014-06-06,61.0,61.0,60.9999,60.9999,56.092,463.0,0.0,1.0
2014-06-09,60.8561,60.88,60.8561,60.8665,55.9694,1100.0,0.0,1.0
2014-06-10,60.87,60.87,60.87,60.87,55.9726,0.0,0.0,1.0
2014-06-11,60.87,60.87,60.87,60.87,55.9726,0.0,0.0,1.0
2014-06-12,60.87,60.87,60.87,60.87,55.9726,0.0,0.0,1.0
2014-06-13,60.93,62.01,60.93,62.01,57.0209,1800.0,0.0,1.0
2014-06-16,61.38,61.38,60.715,60.79,55.899,1768.0,0.0,1.0
2014-06-17,60.75,60.75,60.61,60.61,55.7335,850.0,0.0,1.0
2014-06-18,60.61,60.61,60.61,60.61,55.7335,0.0,0.0,1.0
2014-06-19,60.74,60.75,60.74,60.75,55.8622,1600.0,0.0,1.0
2014-06-20,60.77,60.77,60.77,60.77,55.8933,150.0,0.0138,1.0
2014-06-23,60.75,60.75,60.38,60.38,55.5346,1100.0,0.0,1.0
2014-06-24,60.38,60.38,60.38,60.38,55.5346,0.0,0.0,1.0
2014-06-25,60.38,60.38,60.38,60.38,55.5346,0.0,0.0,1.0
2014-06-26,60.38,60.38,60.38,60.38,55.5346,84.0,0.0,1.0
2014-06-27,60.38,60.38,60.38,60.38,55.5346,50.0,0.0,1.0
2014-06-30,61.09,61.09,61.09,61.09,56.1876,300.0,0.0,1.0
2014-07-01,61.09,61.09,61.09,61.09,56.1876,0.0,0.0,1.0
2014-07-02,61.67,61.67,61.5928,61.5928,56.6501,960.0,0.0,1.0
2014-07-03,61.5928,61.5928,61.5928,61.5928,56.6501,80.0,0.0,1.0
2014-07-07,61.93,61.93,61.93,61.93,56.9602,700.0,0.0,1.0
2014-07-08,61.93,61.93,61.93,61.93,56.9602,0.0,0.0,1.0
2014-07-09,62.06,62.06,62.06,62.06,57.0798,1600.0,0.0,1.0
2014-07-10,62.06,62.06,62.06,62.06,57.0798,0.0,0.0,1.0
2014-07-11,61.92,61.92,61.92,61.92,56.951,500.0,0.0,1.0
2014-07-14,61.92,61.92,61.92,61.92,56.951,0.0,0.0,1.0
2014-07-15,62.82,62.82,62.05,62.17,57.181,800.0,0.0,1.0
2014-07-16,62.51,62.51,62.48,62.48,57.4661,1200.0,0.0,1.0
2014-07-17,62.02,62.02,61.72,61.8776,56.912,975.0,0.0,1.0
2014-07-18,61.8776,61.8776,61.8776,61.8776,56.912,20.0,0.0,1.0
2014-07-21,62.0,62.0,61.9,61.9,56.9326,850.0,0.0,1.0
2014-07-22,61.9,61.9,61.9,61.9,56.9326,0.0,0.0,1.0
2014-07-23,62.92,62.92,62.92,62.92,57.8708,3000.0,0.0,1.0
2014-07-24,62.92,62.92,62.92,62.92,57.8708,0.0,0.0,1.0
2014-07-25,62.92,62.92,62.92,62.92,57.8708,0.0,0.0,1.0
2014-07-28,62.9,63.0199,62.9,63.0199,57.9627,700.0,0.0,1.0
2014-07-29,62.76,62.76,62.76,62.76,57.7236,680.0,0.0,1.0
2014-07-30,63.65,63.65,62.45,62.54,57.5213,3700.0,0.0,1.0
2014-07-31,61.9,61.9,61.9,61.9,56.9326,256.0,0.0,1.0
2014-08-01,61.78,61.78,61.74,61.77,56.8131,858.0,0.0,1.0
2014-08-04,62.46,62.46,62.46,62.46,57.4477,300.0,0.0,1.0
2014-08-05,62.0,62.0,61.4301,61.4301,56.5005,2230.0,0.0,1.0
2014-08-06,61.4301,61.4301,61.4301,61.4301,56.5005,10.0,0.0,1.0
2014-08-07,61.12,61.12,61.0857,61.0857,56.1837,320.0,0.0,1.0
2014-08-08,61.0857,61.0857,61.0857,61.0857,56.1837,0.0,0.0,1.0
2014-08-11,61.0857,61.0857,61.0857,61.0857,56.1837,0.0,0.0,1.0
2014-08-12,61.0857,61.0857,61.0857,61.0857,56.1837,0.0,0.0,1.0
2014-08-13,61.0857,61.0857,61.0857,61.0857,56.1837,0.0,0.0,1.0
2014-08-14,62.9293,62.9293,62.9293,62.9293,57.8793,400.0,0.0,1.0
2014-08-15,62.9293,62.9293,62.9293,62.9293,57.8793,16.0,0.0,1.0
2014-08-18,62.9293,62.9293,62.9293,62.9293,57.8793,17.0,0.0,1.0
2014-08-19,63.6,63.6,63.6,63.6,58.4962,100.0,0.0,1.0
2014-08-20,63.6,63.6,63.6,63.6,58.4962,0.0,0.0,1.0
2014-08-21,63.6,63.6,63.6,63.6,58.4962,0.0,0.0,1.0
2014-08-22,63.6,63.6,63.6,63.6,58.4962,0.0,0.0,1.0
2014-08-25,63.6,63.6,63.6,63.6,58.4962,60.0,0.0,1.0
2014-08-26,63.71,63.71,63.71,63.71,58.5974,130.0,0.0,1.0
2014-08-27,64.05,64.05,64.001,64.001,58.865,702.0,0.0,1.0
2014-08-28,63.52,63.52,63.52,63.52,58.4226,200.0,0.0,1.0
2014-08-29,63.52,63.52,63.52,63.52,58.4226,0.0,0.0,1.0
2014-09-02,63.47,63.47,63.3,63.38,58.2939,3000.0,0.0,1.0
2014-09-03,63.38,63.38,63.38,63.38,58.2939,0.0,0.0,1.0
2014-09-04,64.55,64.55,64.55,64.55,59.37,100.0,0.0,1.0
2014-09-05,64.55,64.55,64.55,64.55,59.37,100.0,0.0,1.0
2014-09-08,64.0,64.0,64.0,64.0,58.8641,100.0,0.0,1.0
2014-09-09,64.0,64.0,64.0,64.0,58.8641,16.0,0.0,1.0
2014-09-10,63.0,63.1001,62.78,63.0,57.9444,1300.0,0.0,1.0
2014-09-11,62.8075,62.8801,62.5,62.77,57.7328,14420.0,0.0,1.0
2014-09-12,62.25,62.4401,62.1299,62.2599,57.2637,8800.0,0.0,1.0
2014-09-15,62.0501,62.0601,61.8799,62.05,57.0706,4100.0,0.0,1.0
2014-09-16,62.0499,62.7201,62.0499,62.72,57.6868,5238.0,0.0,1.0
2014-09-17,62.5,62.5101,62.3,62.49,57.4753,3400.0,0.0,1.0
2014-09-18,62.49,62.49,62.49,62.49,57.4753,41.0,0.0,1.0
2014-09-19,62.49,62.49,62.49,62.49,57.4753,31.0,0.0,1.0
2014-09-22,62.49,62.49,62.49,62.49,57.4753,0.0,0.0,1.0
2014-09-23,61.0,61.07,60.6699,60.73,55.8565,6000.0,0.0,1.0
2014-09-24,61.09,61.26,61.09,61.2505,56.3353,2098.0,0.0,1.0
2014-09-25,60.5,60.52,60.2,60.21,55.3783,3896.0,0.0,1.0
2014-09-26,60.2899,60.6501,60.2899,60.45,55.599,800.0,0.0,1.0
2014-09-29,60.45,60.45,60.45,60.45,55.599,0.0,0.0,1.0
2014-09-30,59.85,59.85,59.85,59.85,55.0472,207.0,0.0,1.0
2014-10-01,58.66,58.66,58.6,58.6,53.8975,830.0,0.0,1.0
2014-10-02,58.55,58.55,58.55,58.55,53.8515,100.0,0.0,1.0
2014-10-03,58.55,58.55,58.55,58.55,53.8515,0.0,0.0,1.0
2014-10-06,58.55,58.55,58.55,58.55,53.8515,0.0,0.0,1.0
2014-10-07,59.4,59.43,59.4,59.43,54.6609,1765.0,0.0,1.0
2014-10-08,59.43,59.43,59.43,59.43,54.6609,0.0,0.0,1.0
2014-10-09,59.43,59.43,59.43,59.43,54.6609,4.0,0.0,1.0
2014-10-10,53.3401,58.02,53.3401,58.02,53.364,400.0,0.0,1.0
2014-10-13,58.02,58.02,58.02,58.02,53.364,156.0,0.0,1.0
2014-10-14,58.02,58.02,58.02,58.02,53.364,0.0,0.0,1.0
2014-10-15,58.1657,58.19,58.0401,58.19,53.5204,400.0,0.0,1.0
2014-10-16,57.89,58.01,57.8879,58.01,53.3548,6860.0,0.0,1.0
2014-10-17,58.8,58.8,58.8,58.8,54.0814,389.0,0.0,1.0
2014-10-20,58.8,58.8,58.8,58.8,54.0814,0.0,0.0,1.0
2014-10-21,58.8,58.8,58.8,58.8,54.0814,0.0,0.0,1.0
2014-10-22,58.8578,58.8578,58.77,58.8455,54.1233,730.0,0.0,1.0
2014-10-23,58.99,58.99,58.95,58.95,54.2194,664.0,0.0,1.0
2014-10-24,58.85,59.81,58.85,59.81,55.0104,2146.0,0.0,1.0
2014-10-27,58.47,59.47,58.44,58.44,53.7503,3082.0,0.0,1.0
2014-10-28,59.09,59.4563,59.09,59.4563,54.685,700.0,0.0,1.0
2014-10-29,59.4563,59.4563,59.4563,59.4563,54.685,0.0,0.0,1.0
2014-10-30,59.4563,59.4563,59.4563,59.4563,54.685,0.0,0.0,1.0
2014-10-31,59.4563,59.4563,59.4563,59.4563,54.685,0.0,0.0,1.0
2014-11-03,60.0,60.0,60.0,60.0,55.1851,250.0,0.0,1.0
2014-11-04,59.9199,59.9199,59.9199,59.9199,55.1114,100.0,0.0,1.0
2014-11-05,59.9199,59.9199,59.9199,59.9199,55.1114,0.0,0.0,1.0
2014-11-06,59.9199,59.9199,59.9199,59.9199,55.1114,0.0,0.0,1.0
2014-11-07,58.56,58.93,58.56,58.93,54.201,1200.0,0.0,1.0
2014-11-10,58.93,58.93,58.93,58.93,54.201,0.0,0.0,1.0
2014-11-11,59.0,59.0,59.0,59.0,54.2654,100.0,0.0,1.0
2014-11-12,59.24,59.24,59.24,59.24,54.4861,800.0,0.0,1.0
2014-11-13,59.24,59.24,59.24,59.24,54.4861,11.0,0.0,1.0
2014-11-14,59.24,59.24,59.24,59.24,54.4861,59.0,0.0,1.0
2014-11-17,59.24,59.24,59.24,59.24,54.4861,0.0,0.0,1.0
2014-11-18,59.24,59.24,59.24,59.24,54.4861,0.0,0.0,1.0
2014-11-19,58.5,58.5,58.5,58.5,53.8055,150.0,0.0,1.0
2014-11-20,58.5,58.5,58.5,58.5,53.8055,16.0,0.0,1.0
2014-11-21,59.82,59.82,59.82,59.82,55.0196,578.0,0.0,1.0
2014-11-24,59.95,59.95,59.95,59.95,55.1391,220.0,0.0,1.0
2014-11-25,59.95,59.95,59.95,59.95,55.1391,0.0,0.0,1.0
2014-11-26,59.95,59.95,59.95,59.95,55.1391,0.0,0.0,1.0
2014-11-28,59.95,59.95,59.95,59.95,55.1391,0.0,0.0,1.0
2014-12-01,59.95,59.95,59.95,59.95,55.1391,77.0,0.0,1.0
2014-12-02,59.95,59.95,59.95,59.95,55.1391,0.0,0.0,1.0
2014-12-03,59.95,59.95,59.95,59.95,55.1391,10.0,0.0,1.0
2014-12-04,59.95,59.95,59.95,59.95,55.1391,50.0,0.0,1.0
2014-12-05,59.95,59.95,59.95,59.95,55.1391,2.0,0.0,1.0
2014-12-08,58.0,58.0,57.43,57.43,52.8214,1300.0,0.0,1.0
2014-12-09,57.43,57.43,57.43,57.43,52.8214,10.0,0.0,1.0
2014-12-10,56.65,58.45,56.54,58.45,53.7595,1520.0,0.0,1.0
2014-12-11,58.45,58.45,58.45,58.45,53.7595,0.0,0.0,1.0
2014-12-12,58.45,58.45,58.45,58.45,53.7595,0.0,0.0,1.0
2014-12-15,56.7,56.7,54.5,54.5,50.1265,3936.0,0.0,1.0
2014-12-16,54.5,54.5,54.5,54.5,50.1265,0.0,0.0,1.0
2014-12-17,54.5,54.5,54.5,54.5,50.1265,20.0,0.0,1.0
2014-12-18,54.5,54.5,54.5,54.5,50.1265,20.0,0.0,1.0
2014-12-19,55.42,55.5999,55.32,55.5999,51.928,1341.0,0.8588,1.0
2014-12-22,55.5999,55.5999,55.5999,55.5999,51.928,33.0,0.0,1.0
2014-12-23,55.5999,55.5999,55.5999,55.5999,51.928,0.0,0.0,1.0
2014-12-24,55.9199,55.95,55.846,55.86,52.1709,1023.0,0.0,1.0
2014-12-26,55.86,55.86,55.86,55.86,52.1709,0.0,0.0,1.0
2014-12-29,56.1001,56.1001,56.1001,56.1001,52.3952,223.0,0.0,1.0
2014-12-30,56.1001,56.1001,56.1001,56.1001,52.3952,1.0,0.0,1.0
2014-12-31,56.1001,56.1001,56.1001,56.1001,52.3952,150.0,0.0,1.0
2015-01-02,56.54,56.54,55.655,55.655,51.9795,315.0,0.0,1.0
2015-01-05,54.5099,54.6244,54.5099,54.6244,51.0169,492.0,0.0,1.0
2015-01-06,54.57,54.57,54.57,54.57,50.9661,3911.0,0.0,1.0
2015-01-07,54.57,54.57,54.57,54.57,50.9661,0.0,0.0,1.0
2015-01-08,54.57,54.57,54.57,54.57,50.9661,22.0,0.0,1.0
2015-01-09,54.57,54.57,54.57,54.57,50.9661,0.0,0.0,1.0
2015-01-12,54.57,54.57,54.57,54.57,50.9661,99.0,0.0,1.0
2015-01-13,54.57,54.57,54.57,54.57,50.9661,0.0,0.0,1.0
2015-01-14,54.57,54.57,54.57,54.57,50.9661,0.0,0.0,1.0
2015-01-15,54.57,54.57,54.57,54.57,50.9661,35.0,0.0,1.0
2015-01-16,54.57,54.57,54.57,54.57,50.9661,0.0,0.0,1.0
2015-01-20,55.98,55.98,55.98,55.98,52.283,700.0,0.0,1.0
2015-01-21,55.98,55.98,55.98,55.98,52.283,0.0,0.0,1.0
2015-01-22,55.98,55.98,55.98,55.98,52.283,3.0,0.0,1.0
2015-01-23,57.84,58.0848,57.84,58.0848,54.2488,400.0,0.0,1.0
2015-01-26,57.9953,58.07,57.9953,58.07,54.235,11923.0,0.0,1.0
2015-01-27,57.6,57.6,57.6,57.6,53.796,6800.0,0.0,1.0
2015-01-28,56.6701,56.6701,56.6701,56.6701,52.9275,200.0,0.0,1.0
2015-01-29,56.6701,56.6701,56.6701,56.6701,52.9275,0.0,0.0,1.0
2015-01-30,56.48,56.48,56.36,56.36,52.6379,1280450.0,0.0,1.0
2015-02-02,57.11,57.11,57.11,57.11,53.3384,130.0,0.0,1.0
2015-02-03,57.11,57.11,57.11,57.11,53.3384,0.0,0.0,1.0
2015-02-04,58.1919,58.2899,57.8801,57.978,54.1491,1461.0,0.0,1.0
2015-02-05,58.1369,58.1369,58.1369,58.1369,54.2975,296.0,0.0,1.0
2015-02-06,58.1369,58.1369,58.1369,58.1369,54.2975,0.0,0.0,1.0
2015-02-09,58.1369,58.1369,58.1369,58.1369,54.2975,89.0,0.0,1.0
2015-02-10,58.1369,58.1369,58.1369,58.1369,54.2975,0.0,0.0,1.0
2015-02-11,57.02,57.02,56.22,56.88,53.1236,510.0,0.0,1.0
2015-02-12,56.98,57.21,56.79,57.21,53.4318,6500.0,0.0,1.0
2015-02-13,57.21,57.21,57.21,57.21,53.4318,0.0,0.0,1.0
2015-02-17,57.46,57.46,57.41,57.42,53.6279,1620.0,0.0,1.0
2015-02-18,57.42,57.42,57.42,57.42,53.6279,0.0,0.0,1.0
2015-02-19,57.42,57.42,57.42,57.42,53.6279,0.0,0.0,1.0
2015-02-20,57.42,57.42,57.42,57.42,53.6279,0.0,0.0,1.0
2015-02-23,57.97,57.98,57.86,57.98,54.1509,939.0,0.0,1.0
2015-02-24,58.41,58.41,58.41,58.41,54.5525,385.0,0.0,1.0
2015-02-25,58.41,58.41,58.41,58.41,54.5525,0.0,0.0,1.0
2015-02-26,58.41,58.41,58.41,58.41,54.5525,50.0,0.0,1.0
2015-02-27,58.41,58.41,58.41,58.41,54.5525,0.0,0.0,1.0
2015-03-02,58.41,58.41,58.41,58.41,54.5525,0.0,0.0,1.0
2015-03-03,58.41,58.41,58.41,58.41,54.5525,0.0,0.0,1.0
2015-03-04,58.41,58.41,58.41,58.41,54.5525,11.0,0.0,1.0
2015-03-05,58.41,58.41,58.41,58.41,54.5525,108.0,0.0,1.0
2015-03-06,56.77,56.77,56.77,56.77,53.0208,100.0,0.0,1.0
2015-03-09,56.77,56.77,56.76,56.76,53.0115,802.0,0.0,1.0
2015-03-10,56.76,56.76,56.76,56.76,53.0115,0.0,0.0,1.0
2015-03-11,56.76,56.76,56.76,56.76,53.0115,0.0,0.0,1.0
2015-03-12,56.76,56.76,56.76,56.76,53.0115,72.0,0.0,1.0
2015-03-13,55.51,55.51,55.51,55.51,51.844,100.0,0.0,1.0
2015-03-16,56.73,56.77,56.16,56.77,53.0208,4600.0,0.0,1.0
2015-03-17,56.77,56.77,56.77,56.77,53.0208,0.0,0.0,1.0
2015-03-18,56.77,56.77,56.77,56.77,53.0208,0.0,0.0,1.0
2015-03-19,56.77,56.77,56.77,56.77,53.0208,1.0,0.0,1.0
2015-03-20,56.77,56.77,56.77,56.77,53.0208,0.0,0.0,1.0
2015-03-23,58.03,58.03,58.03,58.03,54.1976,196.0,0.0,1.0
2015-03-24,58.03,58.03,58.03,58.03,54.1976,0.0,0.0,1.0
2015-03-25,57.54,57.54,57.54,57.54,53.74,100.0,0.0,1.0
2015-03-26,57.54,57.54,57.54,57.54,53.74,1.0,0.0,1.0
2015-03-27,57.54,57.54,57.54,57.54,53.74,0.0,0.0,1.0
2015-03-30,57.54,57.54,57.54,57.54,53.74,11.0,0.0,1.0
2015-03-31,57.54,57.54,57.54,57.54,53.74,0.0,0.0,1.0
2015-04-01,57.54,57.54,57.54,57.54,53.74,34.0,0.0,1.0
2015-04-02,59.0699,59.0699,59.0699,59.0699,55.1688,344.0,0.0,1.0
2015-04-06,59.0699,59.0699,59.0699,59.0699,55.1688,12.0,0.0,1.0
2015-04-07,59.0699,59.0699,59.0699,59.0699,55.1688,100.0,0.0,1.0
2015-04-08,59.0699,59.0699,59.0699,59.0699,55.1688,2.0,0.0,1.0
2015-04-09,59.0699,59.0699,59.0699,59.0699,55.1688,1.0,0.0,1.0
2015-04-10,59.0699,59.0699,59.0699,59.0699,55.1688,34.0,0.0,1.0
2015-04-13,60.97,60.97,60.97,60.97,56.9435,796.0,0.0,1.0
2015-04-14,60.97,60.97,60.97,60.97,56.9435,3.0,0.0,1.0
2015-04-15,60.97,60.97,60.97,60.97,56.9435,24.0,0.0,1.0
2015-04-16,60.97,60.97,60.97,60.97,56.9435,30.0,0.0,1.0
2015-04-17,60.97,60.97,60.97,60.97,56.9435,0.0,0.0,1.0
2015-04-20,60.97,60.97,60.97,60.97,56.9435,0.0,0.0,1.0
2015-04-21,60.97,60.97,60.97,60.97,56.9435,0.0,0.0,1.0
2015-04-22,60.97,60.97,60.97,60.97,56.9435,0.0,0.0,1.0
2015-04-23,62.31,62.6199,62.287,62.6199,58.4844,464.0,0.0,1.0
2015-04-24,62.7099,62.7199,62.64,62.7199,58.5778,786.0,0.0,1.0
2015-04-27,62.7199,62.7199,62.7199,62.7199,58.5778,9.0,0.0,1.0
2015-04-28,62.7199,62.7199,62.7199,62.7199,58.5778,0.0,0.0,1.0
2015-04-29,62.11,62.77,62.0501,62.77,58.6246,1778.0,0.0,1.0
2015-04-30,61.58,61.58,61.58,61.58,57.5132,122.0,0.0,1.0
2015-05-01,61.8099,62.4724,61.8099,62.4724,58.3466,1017.0,0.0,1.0
2015-05-04,62.4724,62.4724,62.4724,62.4724,58.3466,18.0,0.0,1.0
2015-05-05,62.4724,62.4724,62.4724,62.4724,58.3466,23.0,0.0,1.0
2015-05-06,62.4724,62.4724,62.4724,62.4724,58.3466,20.0,0.0,1.0
2015-05-07,60.589,60.61,60.38,60.6099,56.6071,1482.0,0.0,1.0
2015-05-08,61.56,61.56,61.56,61.56,57.4945,508.0,0.0,1.0
2015-05-11,61.56,61.56,61.56,61.56,57.4945,8.0,0.0,1.0
2015-05-12,61.56,61.56,61.56,61.56,57.4945,18.0,0.0,1.0
2015-05-13,61.47,61.47,60.83,60.85,56.8314,2023.0,0.0,1.0
2015-05-14,61.4299,62.05,61.4299,61.99,57.8961,756.0,0.0,1.0
2015-05-15,61.99,61.99,61.99,61.99,57.8961,45.0,0.0,1.0
2015-05-18,61.99,61.99,61.99,61.99,57.8961,54.0,0.0,1.0
2015-05-19,61.99,61.99,61.99,61.99,57.8961,58.0,0.0,1.0
2015-05-20,61.99,61.99,61.99,61.99,57.8961,0.0,0.0,1.0
2015-05-21,60.8,60.8,60.7999,60.8,56.7847,630.0,0.0,1.0
2015-05-22,60.8,60.8,60.8,60.8,56.7847,71.0,0.0,1.0
2015-05-26,60.8,60.8,60.8,60.8,56.7847,0.0,0.0,1.0
2015-05-27,60.174,60.269,60.174,60.269,56.2888,303.0,0.0,1.0
2015-05-28,60.269,60.269,60.269,60.269,56.2888,0.0,0.0,1.0
2015-05-29,59.19,59.19,59.17,59.17,55.2623,297.0,0.0,1.0
2015-06-01,58.01,58.01,58.01,58.01,54.1789,257.0,0.0,1.0
2015-06-02,58.01,58.01,58.01,58.01,54.1789,26.0,0.0,1.0
2015-06-03,58.759,58.759,58.759,58.759,54.8785,500.0,0.0,1.0
2015-06-04,58.51,58.51,57.76,58.06,54.2256,1022.0,0.0,1.0
2015-06-05,58.06,58.06,58.06,58.06,54.2256,70.0,0.0,1.0
2015-06-08,57.54,57.54,57.54,57.54,53.74,251.0,0.0,1.0
2015-06-09,57.54,57.54,57.54,57.54,53.74,2.0,0.0,1.0
2015-06-10,57.54,57.54,57.54,57.54,53.74,4.0,0.0,1.0
2015-06-11,57.69,58.0,57.69,58.0,54.1696,215.0,0.0,1.0
2015-06-12,57.3001,57.3001,57.3,57.3,53.5158,899.0,0.0,1.0
2015-06-15,57.3,57.3,57.3,57.3,53.5158,70.0,0.0,1.0
2015-06-16,57.3,57.3,57.3,57.3,53.5158,2.0,0.0,1.0
2015-06-17,57.14,61.48,57.14,57.47,53.6746,601.0,0.0,1.0
2015-06-18,57.47,57.47,57.47,57.47,53.6746,51.0,0.0,1.0
2015-06-19,57.329,57.5,57.186,57.5,54.1286,1276.0,0.4561,1.0
2015-06-22,59.68,60.68,57.53,57.53,54.1568,610.0,0.0,1.0
2015-06-23,57.53,57.53,57.53,57.53,54.1568,0.0,0.0,1.0
2015-06-24,57.53,57.53,57.53,57.53,54.1568,0.0,0.0,1.0
2015-06-25,57.53,57.53,57.53,57.53,54.1568,2.0,0.0,1.0
2015-06-26,57.53,57.53,57.53,57.53,54.1568,14.0,0.0,1.0
2015-06-29,56.7599,56.7599,56.34,56.34,53.0366,571.0,0.0,1.0
2015-06-30,56.34,56.34,56.34,56.34,53.0366,0.0,0.0,1.0
2015-07-01,56.34,56.34,56.34,56.34,53.0366,6.0,0.0,1.0
2015-07-02,56.34,56.34,56.34,56.34,53.0366,105.0,0.0,1.0
2015-07-06,55.97,56.46,55.97,56.01,52.7259,1414.0,0.0,1.0
2015-07-07,54.54,55.39,54.54,55.2808,52.0395,1758.0,0.0,1.0
2015-07-08,55.2808,55.2808,55.2808,55.2808,52.0395,1.0,0.0,1.0
2015-07-09,55.2808,55.2808,55.2808,55.2808,52.0395,110.0,0.0,1.0
2015-07-10,55.2808,55.2808,55.2808,55.2808,52.0395,12.0,0.0,1.0
2015-07-13,56.148,56.148,56.148,56.148,52.8559,281.0,0.0,1.0
2015-07-14,56.148,56.148,56.148,56.148,52.8559,8.0,0.0,1.0
2015-07-15,55.67,55.67,55.67,55.67,52.4059,219.0,0.0,1.0
2015-07-16,56.23,56.47,56.23,56.47,53.159,302.0,0.0,1.0
2015-07-17,56.49,56.87,55.95,56.87,53.5355,2370.0,0.0,1.0
2015-07-20,55.4801,55.4801,55.4801,55.4801,52.2271,283.0,0.0,1.0
2015-07-21,55.91,56.5,55.5,55.83,52.5565,1617.0,0.0,1.0
2015-07-22,55.39,56.36,55.39,55.51,52.2553,2202.0,0.0,1.0
2015-07-23,55.5,55.5,55.4,55.4,52.1517,2007.0,0.0,1.0
2015-07-24,54.29,54.29,54.29,54.29,51.1068,106.0,0.0,1.0
2015-07-27,53.23,54.86,53.23,54.86,51.6434,2004.0,0.0,1.0
2015-07-28,53.46,54.6,53.46,53.9,50.7397,800.0,0.0,1.0
2015-07-29,53.97,53.97,53.97,53.97,50.8056,155.0,0.0,1.0
2015-07-30,54.336,54.336,54.336,54.336,51.1501,162.0,0.0,1.0
2015-07-31,54.336,54.336,54.336,54.336,51.1501,0.0,0.0,1.0
2015-08-03,54.336,54.336,54.336,54.336,51.1501,0.0,0.0,1.0
2015-08-04,53.08,53.11,53.08,53.11,49.996,605.0,0.0,1.0
2015-08-05,54.01,54.2,54.01,54.02,50.8526,1000.0,0.0,1.0
2015-08-06,54.5,54.5,54.418,54.418,51.2273,465.0,0.0,1.0
2015-08-07,54.418,54.418,54.418,54.418,51.2273,0.0,0.0,1.0
2015-08-10,54.418,54.418,54.418,54.418,51.2273,8.0,0.0,1.0
2015-08-11,53.81,53.98,53.81,53.98,50.815,500.0,0.0,1.0
2015-08-12,53.1059,53.84,53.1059,53.84,50.6832,500.0,0.0,1.0
2015-08-13,53.84,53.84,53.84,53.84,50.6832,40.0,0.0,1.0
2015-08-14,53.84,53.84,53.84,53.84,50.6832,5.0,0.0,1.0
2015-08-17,53.3699,53.3699,53.3699,53.3699,50.2406,275.0,0.0,1.0
2015-08-18,51.713,52.15,51.3,52.15,49.0923,1501.0,0.0,1.0
2015-08-19,52.15,52.15,52.15,52.15,49.0923,180.0,0.0,1.0
2015-08-20,49.71,51.51,49.13,51.51,48.4898,2111.0,0.0,1.0
2015-08-21,49.2,49.9,49.2,49.75,46.833,2442.0,0.0,1.0
2015-08-24,49.75,49.75,49.75,49.75,46.833,4.0,0.0,1.0
2015-08-25,47.9,49.6999,47.9,48.75,45.8916,3456.0,0.0,1.0
2015-08-26,48.4,49.3,48.4,49.3,46.4094,3001.0,0.0,1.0
2015-08-27,49.6,49.6,49.6,49.6,46.6918,1405.0,0.0,1.0
2015-08-28,49.9,49.9,49.85,49.87,46.946,403.0,0.0,1.0
2015-08-31,50.8699,50.8699,49.19,49.19,46.3058,2891.0,0.0,1.0
2015-09-01,50.07,50.16,48.52,49.13,46.2493,22785.0,0.0,1.0
2015-09-02,48.99,49.45,48.43,48.858,45.9933,1650.0,0.0,1.0
2015-09-03,48.858,48.858,48.858,48.858,45.9933,1.0,0.0,1.0
2015-09-04,48.858,48.858,48.858,48.858,45.9933,42.0,0.0,1.0
2015-09-08,48.858,48.858,48.858,48.858,45.9933,0.0,0.0,1.0
2015-09-09,49.88,49.9399,48.24,48.28,45.4492,213977.0,0.0,1.0
2015-09-10,48.867,48.92,48.84,48.92,46.0517,2696.0,0.0,1.0
2015-09-11,48.69,48.69,48.69,48.69,45.8351,40999.0,0.0,1.0
2015-09-14,48.492,48.9,48.492,48.9,46.0328,3771.0,0.0,1.0
2015-09-15,49.11,49.21,49.11,49.2,46.3152,9703.0,0.0,1.0
2015-09-16,49.563,50.26,49.563,50.26,47.3131,1202.0,0.0,1.0
2015-09-17,50.997,51.04,50.3541,50.42,47.4637,1616.0,0.0,1.0
2015-09-18,50.04,50.04,49.548,49.548,46.6428,1321.0,0.0,1.0
2015-09-21,48.7201,48.7201,48.7201,48.7201,45.8635,1131.0,0.0,1.0
2015-09-22,48.57,48.57,48.33,48.34,45.5057,1010.0,0.0,1.0
2015-09-23,48.0155,48.0155,47.441,47.84,45.035,3863.0,0.0,1.0
2015-09-24,47.0,47.591,47.0,47.591,44.8006,8751.0,0.0,1.0
2015-09-25,47.4656,47.4656,47.4656,47.4656,44.6825,291.0,0.0,1.0
2015-09-28,47.0,47.0,46.12,46.709,43.9703,2745.0,0.0,1.0
2015-09-29,46.93,46.96,46.83,46.83,44.0842,724.0,0.0,1.0
2015-09-30,48.03,48.08,47.8092,48.08,45.2609,2447.0,0.0,1.0
2015-10-01,47.86,48.308,47.838,48.15,45.3268,25299.0,0.0,1.0
2015-10-02,48.17,49.16,48.17,49.15,46.2682,3185.0,0.0,1.0
2015-10-05,49.15,49.15,49.15,49.15,46.2682,197.0,0.0,1.0
2015-10-06,49.15,49.15,49.15,49.15,46.2682,85.0,0.0,1.0
2015-10-07,51.294,51.36,51.11,51.32,48.3109,1739.0,0.0,1.0
2015-10-08,51.4569,51.4569,51.4569,51.4569,48.4398,500.0,0.0,1.0
2015-10-09,52.26,52.26,51.614,52.1,49.0452,3365.0,0.0,1.0
2015-10-12,51.44,51.45,51.32,51.32,48.3109,6678.0,0.0,1.0
2015-10-13,51.446,51.45,51.446,51.45,48.4333,340.0,0.0,1.0
2015-10-14,51.03,51.3,50.74,50.85,47.8685,83860.0,0.0,1.0
2015-10-15,50.85,50.85,50.85,50.85,47.8685,81.0,0.0,1.0
2015-10-16,51.97,51.97,51.35,51.3901,48.3769,11214.0,0.0,1.0
2015-10-19,51.38,51.38,51.06,51.18,48.1791,3112.0,0.0,1.0
2015-10-20,51.4321,51.4321,50.99,51.04,48.0474,5077.0,0.0,1.0
2015-10-21,50.66,50.95,50.651,50.95,47.9626,4586.0,0.0,1.0
2015-10-22,51.47,51.6,51.3605,51.44,48.4239,6255.0,0.0,1.0
2015-10-23,52.04,52.08,51.7,51.82,48.7816,1522.0,0.0,1.0
2015-10-26,51.82,51.82,51.82,51.82,48.7816,0.0,0.0,1.0
2015-10-27,51.364,51.364,51.07,51.07,48.0756,2429.0,0.0,1.0
2015-10-28,51.264,51.264,51.264,51.264,48.2582,252.0,0.0,1.0
2015-10-29,50.58,50.6,50.53,50.53,47.5673,1631.0,0.0,1.0
2015-10-30,50.3891,50.6024,50.3891,50.6024,47.6354,1473.0,0.0,1.0
2015-11-02,50.56,51.379,50.56,51.032,48.0398,9144.0,0.0,1.0
2015-11-03,51.61,51.8316,51.5801,51.8316,48.7925,852.0,0.0,1.0
2015-11-04,52.39,52.39,51.38,51.38,48.3674,4634.0,0.0,1.0
2015-11-05,51.81,51.81,51.81,51.81,48.7722,252.0,0.0,1.0
2015-11-06,51.81,51.81,51.81,51.81,48.7722,21.0,0.0,1.0
2015-11-09,50.43,50.43,49.41,49.41,46.5129,13261.0,0.0,1.0
2015-11-10,49.86,49.86,49.31,49.77,46.8518,3947.0,0.0,1.0
2015-11-11,49.564,49.564,49.564,49.564,46.6579,401.0,0.0,1.0
2015-11-12,49.425,49.529,49.425,49.529,46.625,1795.0,0.0,1.0
2015-11-13,49.529,49.529,49.529,49.529,46.625,30.0,0.0,1.0
2015-11-16,48.88,48.9299,48.53,48.78,45.9199,6802.0,0.0,1.0
2015-11-17,49.34,49.34,49.324,49.3399,46.4469,3345.0,0.0,1.0
2015-11-18,49.3399,49.3399,49.3399,49.3399,46.4469,20.0,0.0,1.0
2015-11-19,50.14,50.15,49.69,49.98,47.0495,60445.0,0.0,1.0
2015-11-20,50.58,50.589,50.17,50.3994,47.4443,8956.0,0.0,1.0
2015-11-23,49.871,50.17,49.871,49.89,46.9648,3477.0,0.0,1.0
2015-11-24,49.9894,50.42,49.9894,50.3,47.3507,5797.0,0.0,1.0
2015-11-25,50.03,50.11,50.03,50.09,47.1531,2003.0,0.0,1.0
2015-11-27,49.0262,49.0262,49.0262,49.0262,46.1516,148.0,0.0,1.0
2015-11-30,49.0262,49.0262,49.0262,49.0262,46.1516,103.0,0.0,1.0
2015-12-01,48.9,49.25,48.9,49.2457,46.3583,603.0,0.0,1.0
2015-12-02,49.05,49.1,48.9,48.9,46.0328,559.0,0.0,1.0
2015-12-03,48.85,48.85,48.83,48.83,45.9669,679.0,0.0,1.0
2015-12-04,48.78,49.01,48.55,48.685,45.8304,4070.0,0.0,1.0
2015-12-07,48.2632,48.5,48.2632,48.43,45.5904,2092.0,0.0,1.0
2015-12-08,47.7597,47.7597,47.554,47.554,44.7658,2448.0,0.0,1.0
2015-12-09,47.4999,47.59,47.49,47.59,44.7996,6988.0,0.0,1.0
2015-12-10,47.49,47.49,47.1156,47.319,44.5445,49462.0,0.0,1.0
2015-12-11,46.2444,46.269,45.88,46.0,43.3029,15309.0,0.0,1.0
2015-12-14,46.1,46.38,46.0,46.041,43.3415,123049.0,0.0,1.0
2015-12-15,47.0,47.25,46.98,47.25,44.4796,30970.0,0.0,1.0
2015-12-16,47.56,47.99,47.54,47.98,45.1668,7260.0,0.0,1.0
2015-12-17,47.92,47.96,47.47,47.74,44.9408,5918.0,0.0,1.0
2015-12-18,47.04,47.05,46.648,46.79,44.5737,14358.0,0.56,1.0
2015-12-21,47.1603,47.1768,46.94,47.17,44.9357,4505.0,0.0,1.0
2015-12-22,47.0,47.56,47.0,47.56,45.3072,37163.0,0.0,1.0
2015-12-23,47.74,48.1,47.6428,48.09,45.8121,41068.0,0.0,1.0
2015-12-24,47.95,48.056,47.95,47.98,45.7073,8515.0,0.0,1.0
2015-12-28,47.7,47.88,47.27,47.87,45.6025,15478.0,0.0,1.0
2015-12-29,47.78,47.86,47.36,47.84,45.574,208982.0,0.0,1.0
2015-12-30,47.259,47.47,47.12,47.2194,44.9828,16196.0,0.0,1.0
2015-12-31,47.68,47.96,47.16,47.43,45.1834,45187.0,0.0,1.0
2016-01-04,45.83,46.1,45.795,45.875,43.702,4075.0,0.0,1.0
2016-01-05,46.18,46.18,45.84,46.01,43.8306,3238.0,0.0,1.0
2016-01-06,45.48,45.588,45.36,45.4974,43.3423,2653.0,0.0,1.0
2016-01-07,44.67,44.9,44.28,44.43,42.3255,36160.0,0.0,1.0
2016-01-08,44.33,44.33,43.95,44.26,42.1635,1223.0,0.0,1.0
2016-01-11,44.18,44.22,43.28,43.89,41.8111,36714.0,0.0,1.0
2016-01-12,43.81,44.14,43.4876,44.14,42.0492,4495.0,0.0,1.0
2016-01-13,44.25,44.25,43.08,43.08,41.0394,7859.0,0.0,1.0
2016-01-14,43.71,43.96,43.2675,43.28,41.23,60090.0,0.0,1.0
2016-01-15,42.2046,42.43,41.64,42.26,40.2583,78077.0,0.0,1.0
2016-01-19,42.4624,42.71,42.1,42.67,40.6489,5135.0,0.0,1.0
2016-01-20,41.17,42.21,41.17,41.64,39.6676,194216.0,0.0,1.0
2016-01-21,41.7,42.15,41.6401,42.11,40.1154,208253.0,0.0,1.0
2016-01-22,43.1,43.1799,42.6801,42.92,40.887,46723.0,0.0,1.0
2016-01-25,42.96,43.14,42.7372,42.83,40.8013,2418.0,0.0,1.0
2016-01-26,42.255,42.8322,42.255,42.8322,40.8034,2699.0,0.0,1.0
2016-01-27,43.5296,43.5296,42.82,43.14,41.0966,14125.0,0.0,1.0
2016-01-28,43.27,43.731,43.1901,43.731,41.6596,4848.0,0.0,1.0
2016-01-29,44.6,45.29,44.5999,45.29,43.1448,11936.0,0.0,1.0
2016-02-01,44.5742,45.0899,44.458,44.69,42.5732,22147.0,0.0,1.0
2016-02-02,43.75,44.11,43.68,43.68,41.611,13880.0,0.0,1.0
2016-02-03,44.17,44.18,44.13,44.18,42.0873,1042.0,0.0,1.0
2016-02-04,44.18,44.18,44.18,44.18,42.0873,30.0,0.0,1.0
2016-02-05,44.6,44.6,44.2551,44.33,42.2302,2961.0,0.0,1.0
2016-02-08,43.6677,44.0,43.6677,43.87,41.792,4168.0,0.0,1.0
2016-02-09,43.4162,43.527,43.4162,43.527,41.4653,2009.0,0.0,1.0
2016-02-10,43.9168,44.04,43.9168,44.04,41.954,579.0,0.0,1.0
2016-02-11,43.21,43.269,42.7141,42.7141,40.6909,10510.0,0.0,1.0
2016-02-12,43.6,43.786,43.27,43.78,41.7063,36876.0,0.0,1.0
2016-02-16,44.73,44.73,44.19,44.48,42.3731,8565.0,0.0,1.0
2016-02-17,44.9724,45.1547,44.9724,45.1547,43.0159,1777.0,0.0,1.0
2016-02-18,45.06,45.199,45.06,45.17,43.0304,1645.0,0.0,1.0
2016-02-19,44.95,45.07,44.796,44.796,42.6742,12960.0,0.0,1.0
2016-02-22,45.25,45.82,45.25,45.82,43.6496,32372.0,0.0,1.0
2016-02-23,45.35,45.35,44.9961,45.1,42.9638,36361.0,0.0,1.0
2016-02-24,44.3499,44.935,44.2713,44.92,42.7923,10538.0,0.0,1.0
2016-02-25,44.88,45.1356,44.645,45.0466,42.9129,1782.0,0.0,1.0
2016-02-26,45.0,45.0,44.4445,44.89,42.7637,3516.0,0.0,1.0
2016-02-29,45.2057,45.2057,45.2057,45.2057,43.0644,2137.0,0.0,1.0
2016-03-01,46.766,46.799,45.83,45.89,43.7163,84503.0,0.0,1.0
2016-03-02,46.48,46.99,46.48,46.88,44.6594,2296.0,0.0,1.0
2016-03-03,47.01,47.3499,46.96,46.96,44.7357,28343.0,0.0,1.0
2016-03-04,47.83,48.04,47.8,47.8029,45.5386,4800.0,0.0,1.0
2016-03-07,48.04,48.36,47.9,48.26,45.9741,12960.0,0.0,1.0
2016-03-08,47.18,47.62,46.88,46.88,44.6594,25867.0,0.0,1.0
2016-03-09,47.19,47.21,47.19,47.21,44.9738,740.0,0.0,1.0
2016-03-10,46.88,47.16,46.871,47.16,44.9262,4008.0,0.0,1.0
2016-03-11,48.3485,48.379,48.11,48.11,45.8312,1309.0,0.0,1.0
2016-03-14,48.2448,48.3638,47.86,47.86,45.593,1340.0,0.0,1.0
2016-03-15,47.4678,47.4678,47.369,47.369,45.1253,1370.0,0.0,1.0
2016-03-16,47.5371,48.47,47.176,48.47,46.1741,10421.0,0.0,1.0
2016-03-17,48.99,49.515,48.8,49.17,46.841,24615.0,0.0,1.0
2016-03-18,49.0801,49.12,49.0801,49.12,46.7933,3498.0,0.0,1.0
2016-03-21,49.45,49.6974,49.13,49.13,46.8029,870.0,0.0,1.0
2016-03-22,49.7299,49.7299,49.05,49.05,46.7267,714.0,0.0,1.0
2016-03-23,48.9699,48.9699,48.45,48.45,46.1551,1154.0,0.0,1.0
2016-03-24,47.98,48.2369,47.98,48.2369,45.9521,942.0,0.0,1.0
2016-03-28,48.44,48.56,48.08,48.16,45.8788,2381.0,0.0,1.0
2016-03-29,48.87,48.87,48.39,48.74,46.4313,954.0,0.0,1.0
2016-03-30,49.35,49.9899,49.31,49.4,47.0601,155809.0,0.0,1.0
2016-03-31,49.52,49.7,49.26,49.26,46.9267,20113.0,0.0,1.0
2016-04-01,49.22,49.22,49.2,49.2,46.8695,401.0,0.0,1.0
2016-04-04,49.411,49.411,48.73,48.73,46.4218,2459.0,0.0,1.0
2016-04-05,48.224,48.224,47.94,47.94,45.6692,327.0,0.0,1.0
2016-04-06,48.4,48.416,48.211,48.34,46.0503,2423.0,0.0,1.0
2016-04-07,48.48,48.48,47.5501,48.04,45.7645,6974.0,0.0,1.0
2016-04-08,48.37,48.6799,48.35,48.6199,46.3169,3097.0,0.0,1.0
2016-04-11,48.9563,49.289,48.9563,49.289,46.9543,568.0,0.0,1.0
2016-04-12,49.04,49.91,49.04,49.86,47.4983,1563.0,0.0,1.0
2016-04-13,50.292,50.6304,50.26,50.4186,48.0304,3187.0,0.0,1.0
2016-04-14,50.5799,50.65,50.3037,50.52,48.127,3066.0,0.0,1.0
2016-04-15,50.176,50.61,50.0179,50.35,47.9651,1947.0,0.0,1.0
2016-04-18,49.98,50.8,49.98,50.45,48.0603,193118.0,0.0,1.0
2016-04-19,51.2644,51.29,50.6101,51.29,48.8606,2378.0,0.0,1.0
2016-04-20,50.8,51.0299,50.71,50.7601,48.3558,2052.0,0.0,1.0
2016-04-21,50.6616,50.6616,50.3901,50.3901,48.0033,8667.0,0.0,1.0
2016-04-22,50.7844,50.7844,50.2099,50.34,47.9556,1992.0,0.0,1.0
2016-04-25,49.99,50.32,49.99,50.05,47.6793,2400.0,0.0,1.0
2016-04-26,50.48,50.56,50.32,50.4186,48.0304,4029.0,0.0,1.0
2016-04-27,50.4186,50.4186,50.4186,50.4186,48.0304,288.0,0.0,1.0
2016-04-28,50.18,50.7399,50.11,50.11,47.7364,2529.0,0.0,1.0
2016-04-29,50.22,50.229,50.06,50.1459,47.7706,1935.0,0.0,1.0
2016-05-02,49.989,50.199,49.989,50.199,47.8212,1815.0,0.0,1.0
2016-05-03,49.47,49.47,48.56,48.74,46.4313,6552.0,0.0,1.0
2016-05-04,48.66,48.66,48.24,48.2401,45.9551,2541.0,0.0,1.0
2016-05-05,48.2551,48.4348,47.92,47.94,45.6692,17136.0,0.0,1.0
2016-05-06,48.17,48.2901,48.0899,48.2199,45.9359,1970.0,0.0,1.0
2016-05-09,47.81,48.06,47.6001,48.0585,45.7821,6800.0,0.0,1.0
2016-05-10,48.47,48.655,48.1006,48.614,46.3113,26038.0,0.0,1.0
2016-05-11,48.6,48.6289,48.17,48.5913,46.2897,5233.0,0.0,1.0
2016-05-12,48.3459,48.5783,48.3459,48.4609,46.1655,820.0,0.0,1.0
2016-05-13,47.9576,47.9576,47.33,47.6012,45.3465,5391.0,0.0,1.0
2016-05-16,48.102,48.1501,47.9333,48.05,45.774,1958.0,0.0,1.0
2016-05-17,47.8599,47.9801,47.6,47.884,45.6159,4374.0,0.0,1.0
2016-05-18,47.7299,47.8501,47.29,47.644,45.3873,2557.0,0.0,1.0
2016-05-19,47.05,47.25,46.96,47.22,44.9833,558083.0,0.0,1.0
2016-05-20,47.71,47.71,47.48,47.55,45.2977,2002.0,0.0,1.0
2016-05-23,47.35,47.64,47.35,47.5439,45.2919,1768.0,0.0,1.0
2016-05-24,47.77,47.77,47.63,47.75,45.4882,6021.0,0.0,1.0
2016-05-25,48.2001,48.33,48.2001,48.3201,46.0313,1080.0,0.0,1.0
2016-05-26,48.63,48.67,48.491,48.66,46.3551,4878.0,0.0,1.0
2016-05-27,48.675,48.7509,48.675,48.7509,46.4417,2283.0,0.0,1.0
2016-05-31,48.74,48.74,48.4349,48.56,46.2599,7226.0,0.0,1.0
2016-06-01,48.716,48.8103,48.59,48.6101,46.3076,4117.0,0.0,1.0
2016-06-02,48.8699,48.8801,48.54,48.54,46.2408,581877.0,0.0,1.0
2016-06-03,48.97,49.2686,48.9476,49.11,46.7838,29754.0,0.0,1.0
2016-06-06,49.52,49.96,49.52,49.595,47.2458,34866.0,0.0,1.0
2016-06-07,50.35,50.452,50.198,50.302,47.9194,4201.0,0.0,1.0
2016-06-08,50.302,50.302,50.302,50.302,47.9194,65.0,0.0,1.0
2016-06-09,50.14,50.14,50.12,50.14,47.765,1162.0,0.0,1.0
2016-06-10,49.48,49.48,48.97,48.97,46.6504,1799.0,0.0,1.0
2016-06-13,48.88,48.88,48.19,48.19,45.9074,889.0,0.0,1.0
2016-06-14,48.15,48.15,47.85,48.07,45.7931,16703.0,0.0,1.0
2016-06-15,48.7055,48.856,48.7055,48.856,46.5418,1124.0,0.0,1.0
2016-06-16,47.88,48.3917,47.87,48.26,45.9741,7511.0,0.0,1.0
2016-06-17,47.978,47.978,47.978,47.978,46.1329,192.0,0.4487,1.0
2016-06-20,48.974,48.974,48.72,48.72,46.8463,38188.0,0.0,1.0
2016-06-21,49.0499,49.2944,48.92,49.2636,47.369,14908.0,0.0,1.0
2016-06-22,49.4655,49.5895,49.05,49.07,47.1829,4363.0,0.0,1.0
2016-06-23,50.09,50.09,49.63,49.95,48.029,3590.0,0.0,1.0
2016-06-24,48.73,48.73,47.7999,47.82,45.9809,2052.0,0.0,1.0
2016-06-27,47.435,47.4798,47.05,47.1,45.2886,996.0,0.0,1.0
2016-06-28,48.41,48.41,48.136,48.136,46.2848,1988.0,0.0,1.0
2016-06-29,49.384,49.484,49.03,49.03,47.1444,37723.0,0.0,1.0
2016-06-30,49.432,49.87,49.432,49.87,47.9521,2684.0,0.0,1.0
2016-07-01,50.2,50.24,50.19,50.24,48.3079,1670.0,0.0,1.0
2016-07-05,49.3001,49.65,49.3001,49.5692,47.6629,567.0,0.0,1.0
2016-07-06,48.9508,49.35,48.8575,49.1209,47.2318,2773.0,0.0,1.0
2016-07-07,49.7,49.7,49.0901,49.33,47.4329,6940.0,0.0,1.0
2016-07-08,49.43,50.22,49.43,50.21,48.279,7548.0,0.0,1.0
2016-07-11,50.6216,50.6216,50.34,50.52,48.5771,10570.0,0.0,1.0
2016-07-12,51.31,51.31,50.79,51.27,49.2983,1589.0,0.0,1.0
2016-07-13,51.22,51.23,50.71,51.22,49.2502,2826.0,0.0,1.0
2016-07-14,51.7914,51.86,51.3901,51.84,49.8463,25643.0,0.0,1.0
2016-07-15,51.11,51.72,51.11,51.57,49.5867,1671.0,0.0,1.0
2016-07-18,51.6842,51.82,51.6501,51.82,49.8271,3228.0,0.0,1.0
2016-07-19,51.5104,51.6699,51.39,51.578,49.5944,3247.0,0.0,1.0
2016-07-20,51.401,51.86,51.401,51.86,49.8656,601.0,0.0,1.0
2016-07-21,51.7999,51.7999,51.3956,51.7521,49.7618,4177.0,0.0,1.0
2016-07-22,52.0,52.1,51.87,52.1,50.0963,807.0,0.0,1.0
2016-07-25,51.55,51.71,51.54,51.71,49.7213,1136.0,0.0,1.0
2016-07-26,51.71,51.71,51.71,51.71,49.7213,58.0,0.0,1.0
2016-07-27,52.046,52.046,51.88,51.88,49.8848,12692.0,0.0,1.0
2016-07-28,51.88,51.88,51.88,51.88,49.8848,143.0,0.0,1.0
2016-07-29,52.1199,52.2,52.06,52.1701,50.1637,3336.0,0.0,1.0
2016-08-01,52.4197,52.459,52.26,52.34,50.3271,2027.0,0.0,1.0
2016-08-02,52.208,52.208,51.775,51.9972,49.9975,2638.0,0.0,1.0
2016-08-03,51.82,52.26,51.82,52.26,50.2502,6525.0,0.0,1.0
2016-08-04,52.14,52.5,52.14,52.41,50.3944,4192.0,0.0,1.0
2016-08-05,52.9267,52.96,52.81,52.8976,50.8633,16950.0,0.0,1.0
2016-08-08,53.2,53.36,52.9001,53.25,51.2021,4249.0,0.0,1.0
2016-08-09,53.6094,53.73,53.6094,53.665,51.6012,18877.0,0.0,1.0
2016-08-10,53.7377,53.7377,53.7377,53.7377,51.6711,111.0,0.0,1.0
2016-08-11,54.02,54.227,54.0065,54.227,52.1415,1442.0,0.0,1.0
2016-08-12,54.09,54.09,53.6349,53.9384,51.864,11035.0,0.0,1.0
2016-08-15,54.38,54.62,54.2972,54.52,52.4233,8352.0,0.0,1.0
2016-08-16,54.53,54.53,54.2297,54.23,52.1444,3837.0,0.0,1.0
2016-08-17,53.58,53.6989,53.58,53.6743,51.6101,2883.0,0.0,1.0
2016-08-18,54.2799,54.29,54.121,54.121,52.0396,2018.0,0.0,1.0
2016-08-19,53.76,54.0199,53.76,54.0199,51.9424,1504.0,0.0,1.0
2016-08-22,53.251,53.461,53.24,53.24,51.1925,3021.0,0.0,1.0
2016-08-23,53.8399,53.8399,53.33,53.33,51.279,32344.0,0.0,1.0
2016-08-24,53.17,53.296,53.11,53.2,51.154,2189.0,0.0,1.0
2016-08-25,53.3241,53.3241,53.2001,53.2001,51.1541,202.0,0.0,1.0
2016-08-26,53.12,53.15,53.12,53.15,51.106,1245.0,0.0,1.0
2016-08-29,53.04,53.3499,53.04,53.3,51.2502,2763.0,0.0,1.0
2016-08-30,53.3318,53.3318,53.1101,53.26,51.2117,1882.0,0.0,1.0
2016-08-31,52.9745,52.9745,52.76,52.8,50.7694,2892.0,0.0,1.0
2016-09-01,52.8283,52.8899,52.8283,52.882,50.8483,1474.0,0.0,1.0
2016-09-02,52.882,52.882,52.882,52.882,50.8483,357.0,0.0,1.0
2016-09-06,54.4699,54.81,54.22,54.78,52.6733,4456.0,0.0,1.0
2016-09-07,54.8499,54.8499,54.7165,54.8,52.6925,1438.0,0.0,1.0
2016-09-08,54.83,54.89,54.58,54.61,52.5098,7746.0,0.0,1.0
2016-09-09,53.6899,53.71,52.83,52.83,50.7983,4340.0,0.0,1.0
2016-09-12,52.8186,53.44,52.8186,53.44,51.3848,12511.0,0.0,1.0
2016-09-13,52.3828,52.3828,52.042,52.2282,50.2196,81067.0,0.0,1.0
2016-09-14,52.46,52.58,52.23,52.54,50.5194,70827.0,0.0,1.0
2016-09-15,53.0265,53.2035,52.9872,53.2035,51.1574,450.0,0.0,1.0
2016-09-16,52.6315,52.91,52.6315,52.8368,50.8048,1138.0,0.0,1.0
2016-09-19,53.9599,53.9599,53.08,53.18,51.1348,1874.0,0.0,1.0
2016-09-20,53.18,53.586,53.18,53.22,51.1733,3142.0,0.0,1.0
2016-09-21,53.87,54.2,53.7218,54.2,52.1156,1432.0,0.0,1.0
2016-09-22,54.96,55.18,54.62,55.18,53.0579,60373.0,0.0,1.0
2016-09-23,54.61,54.61,54.1131,54.1131,52.032,5760.0,0.0,1.0
2016-09-26,54.14,54.14,53.45,53.45,51.3944,8754.0,0.0,1.0
2016-09-27,54.24,54.3079,53.95,54.3079,52.2193,2024.0,0.0,1.0
2016-09-28,54.57,54.855,54.2758,54.855,52.7454,10780.0,0.0,1.0
2016-09-29,54.8499,54.8499,54.0,54.0,51.9233,3142.0,0.0,1.0
2016-09-30,54.0,54.3506,54.0,54.3506,52.2604,1139.0,0.0,1.0
2016-10-03,54.37,54.7899,54.12,54.6,52.5002,32205.0,0.0,1.0
2016-10-04,54.67,54.67,53.9102,54.26,52.1733,18640.0,0.0,1.0
2016-10-05,54.69,54.75,54.3536,54.71,52.606,9649.0,0.0,1.0
2016-10-06,54.62,54.73,54.25,54.39,52.2983,7065.0,0.0,1.0
2016-10-07,54.75,54.75,53.9558,54.38,52.2887,12871.0,0.0,1.0
2016-10-10,54.9562,54.9562,54.751,54.76,52.654,2776.0,0.0,1.0
2016-10-11,54.1399,54.1399,53.528,53.83,51.7598,18223.0,0.0,1.0
2016-10-12,53.6199,53.83,53.5412,53.83,51.7598,1495.0,0.0,1.0
2016-10-13,53.07,53.52,53.07,53.52,51.4617,1588.0,0.0,1.0
2016-10-14,53.446,53.722,53.446,53.53,51.4713,1407.0,0.0,1.0
2016-10-17,53.59,53.59,53.23,53.23,51.1829,1144.0,0.0,1.0
2016-10-18,53.744,54.27,53.744,54.2202,52.135,1486.0,0.0,1.0
2016-10-19,54.396,54.6,54.178,54.5779,52.4789,5644.0,0.0,1.0
2016-10-20,54.5,54.5,54.02,54.35,52.2598,42722.0,0.0,1.0
2016-10-21,54.14,54.2981,53.83,54.2981,52.2099,3696.0,0.0,1.0
2016-10-24,54.4658,54.4658,54.18,54.18,52.0964,822.0,0.0,1.0
2016-10-25,54.71,54.71,54.28,54.458,52.3637,1569.0,0.0,1.0
2016-10-26,54.14,54.14,53.9561,54.035,51.9569,6455.0,0.0,1.0
2016-10-27,53.7681,53.7681,53.539,53.539,51.48,1167.0,0.0,1.0
2016-10-28,53.4,53.85,53.4,53.4,51.3463,2834.0,0.0,1.0
2016-10-31,53.84,53.84,53.6081,53.6925,51.6276,5232.0,0.0,1.0
2016-11-01,54.0011,54.0011,53.0578,53.34,51.2887,8257.0,0.0,1.0
2016-11-02,53.07,53.07,52.47,52.47,50.4521,5337.0,0.0,1.0
2016-11-03,52.5203,52.5416,52.5197,52.5197,50.4999,907.0,0.0,1.0
2016-11-04,52.2802,52.51,52.2222,52.51,50.4906,1558.0,0.0,1.0
2016-11-07,53.3296,53.41,53.29,53.29,51.2406,1193.0,0.0,1.0
2016-11-08,52.98,54.239,52.98,54.0775,51.9978,12978.0,0.0,1.0
2016-11-09,52.61,53.31,52.61,53.17,51.1252,61990.0,0.0,1.0
2016-11-10,52.54,52.54,50.89,51.5472,49.5648,5745.0,0.0,1.0
2016-11-11,50.1454,50.59,50.002,50.1,48.1733,6996.0,0.0,1.0
2016-11-14,50.51,50.51,49.32,49.48,47.5771,22739.0,0.0,1.0
2016-11-15,49.77,50.6755,49.77,50.5852,48.6398,6226.0,0.0,1.0
2016-11-16,50.446,50.4851,49.78,50.02,48.0963,3363.0,0.0,1.0
2016-11-17,50.6562,50.6562,50.65,50.65,48.7021,23152.0,0.0,1.0
2016-11-18,50.12,50.3601,50.002,50.16,48.231,3516.0,0.0,1.0
2016-11-21,50.7595,50.7595,50.48,50.63,48.6829,1751.0,0.0,1.0
2016-11-22,51.04,51.1267,50.826,50.97,49.0098,1961.0,0.0,1.0
2016-11-23,50.7858,50.7858,50.62,50.68,48.731,2959.0,0.0,1.0
2016-11-25,51.29,51.29,51.0,51.0,49.0386,1320.0,0.0,1.0
2016-11-28,51.1859,51.25,51.0498,51.0603,49.0966,3194.0,0.0,1.0
2016-11-29,50.55,51.54,50.55,51.48,49.5002,7704.0,0.0,1.0
2016-11-30,51.7,51.7,51.11,51.5271,49.5455,2553.0,0.0,1.0
2016-12-01,51.16,51.17,50.845,50.96,49.0002,2499.0,0.0,1.0
2016-12-02,51.0,51.19,50.6436,50.84,48.8848,3795.0,0.0,1.0
2016-12-05,50.69,51.33,50.69,51.33,49.356,1770.0,0.0,1.0
2016-12-06,50.74,51.4288,50.74,51.35,49.3752,4371.0,0.0,1.0
2016-12-07,51.53,52.14,51.53,52.14,50.1348,73732.0,0.0,1.0
2016-12-08,51.97,52.4,51.94,52.4,50.3848,14282.0,0.0,1.0
2016-12-09,52.22,52.27,52.0,52.19,50.1829,3866.0,0.0,1.0
2016-12-12,52.02,52.02,51.66,51.877,49.8819,2475.0,0.0,1.0
2016-12-13,52.25,52.44,52.17,52.42,50.404,5779.0,0.0,1.0
2016-12-14,52.15,52.18,51.1182,51.34,49.3656,16245.0,0.0,1.0
2016-12-15,52.6928,52.6928,50.8801,51.25,49.279,14496.0,0.0,1.0
2016-12-16,50.6,50.6,50.0506,50.41,49.0178,12492.0,0.5684,1.0
2016-12-19,50.42,50.42,50.02,50.17,48.7845,3930.0,0.0,1.0
2016-12-20,49.73,50.31,49.7,50.31,48.9206,35379.0,0.0,1.0
2016-12-21,50.06,50.2599,49.77,50.1,48.7164,11352.0,0.0,1.0
2016-12-22,49.569,49.569,49.475,49.4961,48.1292,44983.0,0.0,1.0
2016-12-23,49.715,49.715,49.3301,49.65,48.2788,4680.0,0.0,1.0
2016-12-27,49.91,49.98,49.7148,49.94,48.5608,4576.0,0.0,1.0
2016-12-28,49.66,49.93,49.66,49.7,48.3274,17187.0,0.0,1.0
2016-12-29,50.409,50.4591,49.85,50.14,48.7553,63244.0,0.0,1.0
2016-12-30,50.399,50.399,49.997,50.1448,48.76,5677.0,0.0,1.0
2017-01-03,49.93,50.579,49.93,50.5313,49.1358,7914.0,0.0,1.0
2017-01-04,50.88,51.19,50.7214,51.17,49.7568,11054.0,0.0,1.0
2017-01-05,51.5857,51.73,51.2989,51.73,50.3014,4448.0,0.0,1.0
2017-01-06,51.3,51.44,51.0175,51.41,49.9902,6943.0,0.0,1.0
2017-01-09,51.2953,51.49,51.29,51.48,50.0583,7026.0,0.0,1.0
2017-01-10,51.7,51.85,51.5772,51.74,50.3111,3793.0,0.0,1.0
2017-01-11,51.64,52.1,51.24,52.1,50.6612,24277.0,0.0,1.0
2017-01-12,52.0354,52.48,52.0299,52.46,51.0112,4702.0,0.0,1.0
2017-01-13,52.3,52.39,51.55,52.2,50.7584,81725.0,0.0,1.0
2017-01-17,52.3325,52.35,52.0447,52.35,50.9043,4511.0,0.0,1.0
2017-01-18,52.49,52.49,51.98,51.98,50.5445,4803.0,0.0,1.0
2017-01-19,52.03,52.14,51.8508,52.14,50.7001,15046.0,0.0,1.0
2017-01-20,52.0675,52.31,51.491,52.07,50.632,6090.0,0.0,1.0
2017-01-23,52.5,52.76,52.2599,52.65,51.196,3457.0,0.0,1.0
2017-01-24,52.5636,52.9911,52.53,52.53,51.0793,11241.0,0.0,1.0
2017-01-25,52.97,53.25,52.87,53.25,51.7794,1938.0,0.0,1.0
2017-01-26,53.36,53.36,52.62,53.11,51.6433,74330.0,0.0,1.0
2017-01-27,53.14,53.21,52.624,53.21,51.7405,6947.0,0.0,1.0
2017-01-30,52.92,52.92,52.51,52.86,51.4002,7825.0,0.0,1.0
2017-01-31,52.8035,52.9699,52.5836,52.7984,51.3403,2819.0,0.0,1.0
2017-02-01,53.15,53.31,52.65,53.08,51.6141,96970.0,0.0,1.0
2017-02-02,53.2,53.34,52.83,52.83,51.371,25376.0,0.0,1.0
2017-02-03,53.54,53.67,53.14,53.6,52.1197,5280.0,0.0,1.0
2017-02-06,53.59,53.62,53.32,53.61,52.1295,8013.0,0.0,1.0
2017-02-07,53.2448,53.505,53.24,53.24,51.7697,7157.0,0.0,1.0
2017-02-08,52.98,53.8,52.98,53.78,52.2948,8611.0,0.0,1.0
2017-02-09,54.08,54.08,53.47,53.83,52.3434,26660.0,0.0,1.0
2017-02-10,54.03,54.19,53.96,54.19,52.6934,9208.0,0.0,1.0
2017-02-13,54.3084,54.3357,54.2831,54.2831,52.784,853.0,0.0,1.0
2017-02-14,54.26,54.56,54.26,54.56,53.0532,7546.0,0.0,1.0
2017-02-15,54.64,54.95,54.3264,54.6,53.0921,12511.0,0.0,1.0
2017-02-16,54.919,54.97,54.687,54.96,53.4422,11349.0,0.0,1.0
2017-02-17,54.533,54.533,54.11,54.485,52.9803,4142.0,0.0,1.0
2017-02-21,54.6013,54.99,54.5295,54.99,53.4713,6472.0,0.0,1.0
2017-02-22,54.6254,55.29,54.6254,55.29,53.7631,11865.0,0.0,1.0
2017-02-23,55.48,55.48,54.882,55.3,53.7728,1953.0,0.0,1.0
2017-02-24,54.92,54.92,54.44,54.89,53.3741,7319.0,0.0,1.0
2017-02-27,54.6284,54.78,54.59,54.605,53.097,3467.0,0.0,1.0
2017-02-28,54.36,54.52,54.33,54.41,52.9074,2229.0,0.0,1.0
2017-03-01,54.3637,54.57,54.3637,54.57,53.0629,2489.0,0.0,1.0
2017-03-02,54.38,54.38,53.8317,53.93,52.4406,8424.0,0.0,1.0
2017-03-03,53.73,54.55,53.73,54.5499,53.0434,5810.0,0.0,1.0
2017-03-06,54.22,54.29,54.22,54.29,52.7907,401.0,0.0,1.0
2017-03-07,54.1937,54.5,53.95,54.294,52.7946,7745.0,0.0,1.0
2017-03-08,54.4152,54.4152,54.1612,54.312,52.8121,1299.0,0.0,1.0
2017-03-09,53.97,53.97,53.6117,53.72,52.2364,4845.0,0.0,1.0
2017-03-10,53.9,54.17,53.71,54.1325,52.6375,6680.0,0.0,1.0
2017-03-13,54.79,54.79,54.37,54.79,53.2769,3374.0,0.0,1.0
2017-03-14,54.74,54.76,54.485,54.49,52.9852,3551.0,0.0,1.0
2017-03-15,54.8387,55.39,54.56,55.275,53.7485,24788.0,0.0,1.0
2017-03-16,55.56,56.09,55.56,56.0,54.4535,6194.0,0.0,1.0
2017-03-17,55.5,56.07,55.5,56.07,54.5215,3381.0,0.0,1.0
2017-03-20,56.5,56.7251,56.24,56.66,55.0952,3401.0,0.0,1.0
2017-03-21,56.41,56.6511,56.1841,56.1942,54.6423,3592.0,0.0,1.0
2017-03-22,56.17,56.33,55.96,56.33,54.7743,15001.0,0.0,1.0
2017-03-23,56.19,56.5,55.8103,56.04,54.4923,22679.0,0.0,1.0
2017-03-24,56.0,56.4667,56.0,56.01,54.4632,29994.0,0.0,1.0
2017-03-27,56.1,56.33,55.5666,56.3,54.7452,7749.0,0.0,1.0
2017-03-28,56.24,56.4749,56.101,56.101,54.5517,10120.0,0.0,1.0
2017-03-29,56.43,56.43,56.2,56.3339,54.7781,7808.0,0.0,1.0
2017-03-30,56.2,56.385,55.7,55.7,54.1617,7313.0,0.0,1.0
2017-03-31,55.4851,55.8799,55.4851,55.75,54.2104,2559.0,0.0,1.0
2017-04-03,55.88,56.0,55.7549,56.0,54.4535,24752.0,0.0,1.0
2017-04-04,55.76,56.1202,55.76,55.87,54.327,4166.0,0.0,1.0
2017-04-05,56.28,56.3199,56.2196,56.2275,54.6747,1945.0,0.0,1.0
2017-04-06,55.95,56.64,55.7983,55.85,54.3076,6342.0,0.0,1.0
2017-04-07,55.99,55.99,55.82,55.82,54.2784,7130.0,0.0,1.0
2017-04-10,55.8334,55.8334,55.45,55.48,53.9478,10027.0,0.0,1.0
2017-04-11,55.13,55.42,55.13,55.416,53.8856,25093.0,0.0,1.0
2017-04-12,55.54,55.55,55.44,55.55,54.0159,1148.0,0.0,1.0
2017-04-13,55.5963,55.8334,55.5963,55.62,54.0839,12997.0,0.0,1.0
2017-04-17,56.17,56.17,55.8447,56.1,54.5507,5432.0,0.0,1.0
2017-04-18,55.61,56.1445,55.3029,55.3029,53.7756,15130.0,0.0,1.0
2017-04-19,56.08,56.08,55.16,55.8899,54.3464,1963.0,0.0,1.0
2017-04-20,57.87,57.87,55.54,55.6,54.0645,5304.0,0.0,1.0
2017-04-21,55.61,55.74,55.5453,55.65,54.1131,3262.0,0.0,1.0
2017-04-24,56.19,57.0499,56.19,56.25,54.6965,1851.0,0.0,1.0
2017-04-25,57.42,57.42,56.78,56.78,55.2119,2624.0,0.0,1.0
2017-04-26,56.6,57.22,56.41,56.6899,55.1243,9720.0,0.0,1.0
2017-04-27,57.1,57.229,56.42,56.42,54.8619,2847.0,0.0,1.0
2017-04-28,56.6,56.62,56.46,56.53,54.9688,6945.0,0.0,1.0
2017-05-01,57.4699,57.4699,56.504,56.76,55.1925,6034.0,0.0,1.0
2017-05-02,57.7704,57.78,56.9,57.13,55.5522,5468.0,0.0,1.0
2017-05-03,56.79,57.03,56.78,56.78,55.2119,4285.0,0.0,1.0
2017-05-04,56.61,56.63,56.36,56.55,54.9883,7405.0,0.0,1.0
2017-05-05,56.822,57.0928,56.5601,57.05,55.4745,2066.0,0.0,1.0
2017-05-08,57.1,57.11,56.919,56.964,55.3908,5389.0,0.0,1.0
2017-05-09,57.9999,57.9999,57.04,57.38,55.7953,3380.0,0.0,1.0
2017-05-10,57.9,57.9,57.41,57.57,55.9801,18241.0,0.0,1.0
2017-05-11,57.6,58.0,57.417,57.82,56.2232,4991.0,0.0,1.0
2017-05-12,57.75,58.5162,57.75,57.88,56.2815,3097.0,0.0,1.0
2017-05-15,57.99,58.4099,57.99,58.39,56.7774,3844.0,0.0,1.0
2017-05-16,58.16,58.5,58.16,58.36,56.7483,1597.0,0.0,1.0
2017-05-17,57.6234,58.28,57.6234,57.65,56.0579,3844.0,0.0,1.0
2017-05-18,56.48,57.6547,56.48,57.26,55.6787,28622.0,0.0,1.0
2017-05-19,57.49,58.2739,57.49,57.87,56.2718,5392.0,0.0,1.0
2017-05-22,57.78,58.1742,57.78,58.04,56.4371,1949.0,0.0,1.0
2017-05-23,57.86,58.3399,57.86,57.96,56.3593,1566.0,0.0,1.0
2017-05-24,58.39,58.39,58.041,58.13,56.5246,3631.0,0.0,1.0
2017-05-25,58.61,58.61,58.28,58.28,56.6705,7551.0,0.0,1.0
2017-05-26,58.81,58.81,58.18,58.38,56.7677,4369.0,0.0,1.0
2017-05-30,58.07,58.479,58.07,58.22,56.6121,9675.0,0.0,1.0
2017-05-31,58.08,58.08,57.85,57.85,56.2524,2282.0,0.0,1.0
2017-06-01,57.57,58.55,57.57,58.26,56.651,8715.0,0.0,1.0
2017-06-02,58.7431,58.8325,58.5058,58.7164,57.0948,3089.0,0.0,1.0
2017-06-05,58.9299,58.9299,58.69,58.69,57.0692,3518.0,0.0,1.0
2017-06-06,58.42,59.295,58.42,58.62,57.0011,6950.0,0.0,1.0
2017-06-07,58.8826,58.8826,58.4804,58.49,56.8747,2591.0,0.0,1.0
2017-06-08,58.4001,58.8347,58.4001,58.65,57.0303,2948.0,0.0,1.0
2017-06-09,59.0,59.0,58.15,58.2,56.5927,3156.0,0.0,1.0
2017-06-12,57.94,58.36,57.8,57.92,56.3204,3058.0,0.0,1.0
2017-06-13,58.23,58.472,58.04,58.3,56.6899,4397.0,0.0,1.0
2017-06-14,58.58,58.8865,58.191,58.24,56.6316,7402.0,0.0,1.0
2017-06-15,57.55,58.005,57.55,57.86,56.2621,3280.0,0.0,1.0
2017-06-16,57.4,57.535,57.4,57.535,56.3555,1527.0,0.4211,1.0
2017-06-19,57.77,58.12,57.76,57.89,56.7032,2588.0,0.0,1.0
2017-06-20,57.61,57.8699,57.39,57.39,56.2135,1403.0,0.0,1.0
2017-06-21,57.909,57.909,57.42,57.42,56.2428,538.0,0.0,1.0
2017-06-22,57.52,57.9699,57.52,57.69,56.5073,9353.0,0.0,1.0
2017-06-23,57.885,58.15,57.83,58.07,56.8795,7435.0,0.0,1.0
2017-06-26,58.3,58.69,58.3,58.36,57.1636,2316.0,0.0,1.0
2017-06-27,58.14,58.14,57.87,57.87,56.6836,4213.0,0.0,1.0
2017-06-28,58.0,58.342,58.0,58.26,57.0656,4921.0,0.0,1.0
2017-06-29,57.93,57.93,57.37,57.54,56.3604,7686.0,0.0,1.0
2017-06-30,57.96,58.2,57.96,58.2,57.0068,4262.0,0.0,1.0
2017-07-03,58.4792,58.4792,58.3,58.3,57.1048,2036.0,0.0,1.0
2017-07-05,57.77,58.1,57.7363,57.9088,56.7216,8590.0,0.0,1.0
2017-07-06,57.63,57.66,57.19,57.54,56.3604,3230.0,0.0,1.0
2017-07-07,57.6999,57.8,57.6999,57.73,56.5465,1750.0,0.0,1.0
2017-07-10,57.73,58.03,57.73,57.85,56.664,3609.0,0.0,1.0
2017-07-11,58.13,58.48,57.94,58.21,57.0166,27748.0,0.0,1.0
2017-07-12,58.98,59.442,58.98,59.21,57.9961,5368.0,0.0,1.0
2017-07-13,59.58,59.679,59.2,59.6531,58.4302,5696.0,0.0,1.0
2017-07-14,59.73,60.15,59.73,60.131,58.8983,2376.0,0.0,1.0
2017-07-17,59.87,60.08,59.7124,59.84,58.6132,20891.0,0.0,1.0
2017-07-18,59.8,60.01,59.63,60.0,58.7699,18072.0,0.0,1.0
2017-07-19,60.01,60.8399,60.01,60.44,59.2009,6000.0,0.0,1.0
2017-07-20,60.37,60.4,60.16,60.28,59.0442,7307.0,0.0,1.0
2017-07-21,60.25,60.589,60.2272,60.3548,59.1175,32164.0,0.0,1.0
2017-07-24,60.5,60.589,60.42,60.54,59.2989,3497.0,0.0,1.0
2017-07-25,60.64,60.73,60.4018,60.43,59.1911,10985.0,0.0,1.0
2017-07-26,60.37,60.78,60.37,60.78,59.534,18748.0,0.0,1.0
2017-07-27,60.78,60.79,60.25,60.49,59.2499,10535.0,0.0,1.0
2017-07-28,60.33,60.47,60.16,60.47,59.2303,6859.0,0.0,1.0
2017-07-31,60.38,60.38,59.954,60.37,59.1324,2304.0,0.0,1.0
2017-08-01,60.52,60.56,60.3454,60.56,59.3185,4268.0,0.0,1.0
2017-08-02,60.68,60.72,60.208,60.64,59.3968,3464.0,0.0,1.0
2017-08-03,60.43,60.52,60.2,60.47,59.2303,6636.0,0.0,1.0
2017-08-04,60.78,60.78,60.52,60.62,59.3772,3991.0,0.0,1.0
2017-08-07,60.83,60.87,60.83,60.87,59.6221,3318.0,0.0,1.0
2017-08-08,61.14,61.22,60.69,60.91,59.6613,5601.0,0.0,1.0
2017-08-09,60.4,60.53,60.071,60.53,59.2891,10327.0,0.0,1.0
2017-08-10,60.04,60.04,59.5,59.51,58.29,3623.0,0.0,1.0
2017-08-11,59.64,59.8645,59.53,59.72,58.4957,4725.0,0.0,1.0
2017-08-14,60.1164,60.305,59.9729,59.9729,58.7434,15983.0,0.0,1.0
2017-08-15,59.98,59.98,59.8403,59.9787,58.7491,1843.0,0.0,1.0
2017-08-16,60.37,60.69,60.09,60.51,59.2695,6339.0,0.0,1.0
2017-08-17,60.68,60.68,59.93,60.05,58.8189,21826.0,0.0,1.0
2017-08-18,60.05,60.45,60.0395,60.17,58.9365,11546.0,0.0,1.0
2017-08-21,60.09,60.41,60.09,60.18,58.9463,844.0,0.0,1.0
2017-08-22,60.55,60.98,60.55,60.85,59.6025,3370.0,0.0,1.0
2017-08-23,60.7,61.14,60.7,61.05,59.7984,6317.0,0.0,1.0
2017-08-24,61.25,61.339,61.09,61.1464,59.8928,2698.0,0.0,1.0
2017-08-25,61.62,61.88,61.45,61.58,60.3176,8677.0,0.0,1.0
2017-08-28,61.62,61.62,61.3832,61.53,60.2686,7072.0,0.0,1.0
2017-08-29,61.38,61.51,61.24,61.48,60.2196,9662.0,0.0,1.0
2017-08-30,61.66,61.66,61.34,61.476,60.2157,3011.0,0.0,1.0
2017-08-31,61.532,61.72,61.42,61.51,60.249,9240.0,0.0,1.0
2017-09-01,61.49,62.04,61.49,61.89,60.6212,7304.0,0.0,1.0
2017-09-05,61.66,61.66,61.1223,61.13,59.8768,2349.0,0.0,1.0
2017-09-06,61.46,61.46,61.3695,61.41,60.151,2485.0,0.0,1.0
2017-09-07,61.68,61.865,61.63,61.63,60.3665,5260.0,0.0,1.0
2017-09-08,61.87,61.87,61.44,61.44,60.1804,5449.0,0.0,1.0
2017-09-11,61.96,62.07,61.91,61.93,60.6604,4040.0,0.0,1.0
2017-09-12,61.7,62.06,61.6919,62.06,60.7877,15643.0,0.0,1.0
2017-09-13,61.7206,61.77,61.66,61.77,60.5037,1632.0,0.0,1.0
2017-09-14,61.51,61.8,61.51,61.69,60.4253,11971.0,0.0,1.0
2017-09-15,61.77,62.36,61.68,61.68,60.4155,11356.0,0.0,1.0
2017-09-18,62.3092,62.369,61.9901,62.2,60.9248,2982.0,0.0,1.0
2017-09-19,62.0727,62.3443,61.9717,62.3443,61.0662,51991.0,0.0,1.0
2017-09-20,61.7956,62.17,61.72,62.17,60.8955,6138.0,0.0,1.0
2017-09-21,62.15,62.169,61.8221,62.09,60.8171,4533.0,0.0,1.0
2017-09-22,61.78,61.84,61.74,61.765,60.4988,3365.0,0.0,1.0
2017-09-25,61.3,61.3,60.63,60.96,59.7103,4097.0,0.0,1.0
2017-09-26,61.06,61.06,60.7973,60.98,59.7299,8328.0,0.0,1.0
2017-09-27,60.66,60.72,60.211,60.66,59.4164,3073.0,0.0,1.0
2017-09-28,60.14,60.61,60.14,60.61,59.3674,3185.0,0.0,1.0
2017-09-29,60.87,61.18,60.82,61.1054,59.8527,2974.0,0.0,1.0
2017-10-02,61.02,61.309,60.8401,60.951,59.7015,6145.0,0.0,1.0
2017-10-03,61.46,61.7959,61.2333,61.71,60.4449,2467.0,0.0,1.0
2017-10-04,61.86,62.0,61.7373,61.86,60.5918,22760.0,0.0,1.0
2017-10-05,61.95,62.47,61.95,62.15,60.8759,10782.0,0.0,1.0
2017-10-06,61.8,61.999,61.8,61.8743,60.6058,2777.0,0.0,1.0
2017-10-09,61.77,62.0127,61.77,61.992,60.7211,4322.0,0.0,1.0
2017-10-10,62.18,62.2511,62.05,62.2511,60.9749,2136.0,0.0,1.0
2017-10-11,62.45,62.6325,62.45,62.6325,61.3485,981.0,0.0,1.0
2017-10-12,62.7511,63.01,62.7335,62.829,61.541,5492.0,0.0,1.0
2017-10-13,63.13,63.578,63.13,63.502,62.2002,14707.0,0.0,1.0
2017-10-16,63.1782,63.46,62.866,62.866,61.5772,9022.0,0.0,1.0
2017-10-17,62.8449,63.15,62.8322,63.11,61.8162,4864.0,0.0,1.0
2017-10-18,63.06,63.23,63.0,63.0,61.7084,6765.0,0.0,1.0
2017-10-19,62.48,62.785,62.48,62.785,61.4979,4864.0,0.0,1.0
2017-10-20,62.77,62.855,62.7191,62.76,61.4734,5476.0,0.0,1.0
2017-10-23,62.78,62.78,62.34,62.34,61.062,5106.0,0.0,1.0
2017-10-24,62.39,62.5,62.31,62.47,61.1893,8566.0,0.0,1.0
2017-10-25,62.56,62.56,61.98,62.25,60.9738,4882.0,0.0,1.0
2017-10-26,62.33,62.33,61.97,62.0,60.7289,6123.0,0.0,1.0
2017-10-27,63.7,63.7,62.1875,62.65,61.3656,4839.0,0.0,1.0
2017-10-30,62.33,62.398,62.166,62.22,60.9444,3456.0,0.0,1.0
2017-10-31,62.67,62.73,62.57,62.57,61.2873,3976.0,0.0,1.0
2017-11-01,62.9,63.2,62.74,62.74,61.4538,7217.0,0.0,1.0
2017-11-02,62.71,63.04,62.71,63.04,61.7476,3562.0,0.0,1.0
2017-11-03,62.84,63.1025,62.4385,62.81,61.5223,16745.0,0.0,1.0
2017-11-06,63.29,63.56,63.1,63.46,62.159,19930.0,0.0,1.0
2017-11-07,63.54,63.54,63.0536,63.13,61.8358,14563.0,0.0,1.0
2017-11-08,63.55,63.61,63.3626,63.4345,62.134,13506.0,0.0,1.0
2017-11-09,62.99,63.4625,62.77,63.4625,62.1615,16926.0,0.0,1.0
2017-11-10,63.7,63.7,62.98,62.98,61.6889,2718.0,0.0,1.0
2017-11-13,62.75,63.1186,62.75,63.01,61.7182,4312.0,0.0,1.0
2017-11-14,62.94,63.0,62.79,62.8,61.5125,9461.0,0.0,1.0
2017-11-15,62.7,62.7,62.1,62.48,61.1991,6363.0,0.0,1.0
2017-11-16,63.16,63.49,63.16,63.38,62.0807,6588.0,0.0,1.0
2017-11-17,63.46,63.85,63.46,63.75,62.4431,5238.0,0.0,1.0
2017-11-20,63.52,63.5289,63.26,63.5132,62.2111,4413.0,0.0,1.0
2017-11-21,64.3228,64.48,64.2755,64.33,63.0112,3839.0,0.0,1.0
2017-11-22,64.44,64.5428,64.4,64.5,63.1777,4576.0,0.0,1.0
2017-11-24,64.3,64.45,63.8,64.25,62.9328,1319.0,0.0,1.0
2017-11-27,64.05,64.05,63.92,63.92,62.6096,4305.0,0.0,1.0
2017-11-28,64.232,64.232,64.1374,64.1374,62.8225,3149.0,0.0,1.0
2017-11-29,63.78,63.78,63.38,63.38,62.0807,5127.0,0.0,1.0
2017-11-30,63.231,63.279,62.67,63.18,61.8848,9147.0,0.0,1.0
2017-12-01,62.25,62.74,61.99,62.74,61.4538,6744.0,0.0,1.0
2017-12-04,63.46,63.46,62.81,63.043,61.7506,3844.0,0.0,1.0
2017-12-05,63.22,63.22,62.6255,62.88,61.5909,14632.0,0.0,1.0
2017-12-06,62.01,62.2215,61.8796,62.22,60.9444,3649.0,0.0,1.0
2017-12-07,62.1,62.3452,62.01,62.25,60.9738,1738.0,0.0,1.0
2017-12-08,62.02,62.62,62.02,62.5316,61.2496,5305.0,0.0,1.0
2017-12-11,63.18,63.3544,63.1,63.13,61.8358,2318.0,0.0,1.0
2017-12-12,61.96,63.1,61.96,62.7,61.4146,12550.0,0.0,1.0
2017-12-13,62.75,63.5033,62.75,63.36,62.0611,9308.0,0.0,1.0
2017-12-14,63.57,63.6728,63.15,63.15,61.8554,2146.0,0.0,1.0
2017-12-15,62.47,62.5,61.97,62.5,62.1378,6708.0,0.9384,1.0
2017-12-18,62.59,63.35,62.59,63.1625,62.7965,6361.0,0.0,1.0
2017-12-19,62.81,62.8465,62.68,62.8,62.4361,5228.0,0.0,1.0
2017-12-20,63.0,63.3494,62.85,62.85,62.4858,10923.0,0.0,1.0
2017-12-21,63.03,63.449,63.0,63.07,62.7045,6827.0,0.0,1.0
2017-12-22,63.53,63.549,63.2508,63.49,63.1221,6874.0,0.0,1.0
2017-12-26,63.65,63.6755,63.21,63.65,63.2812,5470.0,0.0,1.0
2017-12-27,63.63,63.6579,63.5026,63.63,63.2613,16808.0,0.0,1.0
2017-12-28,63.77,64.0676,63.77,63.99,63.6192,11961.0,0.0,1.0
2017-12-29,64.507,64.89,64.49,64.49,64.1163,15128.0,0.0,1.0
2018-01-02,65.2,65.235,64.84,65.2,64.8222,24120.0,0.0,1.0
2018-01-03,64.9683,65.76,64.9683,65.47,65.0906,21271.0,0.0,1.0
2018-01-04,65.53,65.6576,65.53,65.59,65.2099,44299.0,0.0,1.0
2018-01-05,65.57,66.25,65.57,65.88,65.4982,17708.0,0.0,1.0
2018-01-08,65.82,66.34,65.53,66.194,65.8104,17545.0,0.0,1.0
2018-01-09,65.81,66.33,65.788,66.01,65.6275,24754.0,0.0,1.0
2018-01-10,65.85,66.03,65.44,65.7378,65.3569,18312.0,0.0,1.0
2018-01-11,66.5388,66.5388,65.49,66.39,66.0053,12054.0,0.0,1.0
2018-01-12,65.93,66.8163,65.93,66.33,65.9456,19722.0,0.0,1.0
2018-01-16,67.29,68.0502,66.24,66.24,65.8562,8991.0,0.0,1.0
2018-01-17,66.85,67.7331,66.85,67.54,67.1486,5044.0,0.0,1.0
2018-01-18,67.0573,67.6607,67.0573,67.36,66.9697,3876.0,0.0,1.0
2018-01-19,67.87,67.87,67.7729,67.8443,67.4512,1558.0,0.0,1.0
2018-01-22,68.38,68.64,68.2,68.6303,68.2326,5369.0,0.0,1.0
2018-01-23,68.55,68.7814,68.5201,68.7814,68.3828,6229.0,0.0,1.0
2018-01-24,69.1818,69.435,69.1189,69.435,69.0326,2876.0,0.0,1.0
2018-01-25,69.27,69.6671,69.27,69.3613,68.9594,3707.0,0.0,1.0
2018-01-26,69.65,69.92,69.45,69.72,69.316,6461.0,0.0,1.0
2018-01-29,69.07,69.2894,68.8253,69.0,68.6002,2835.0,0.0,1.0
2018-01-30,68.06,68.26,68.06,68.095,67.7004,2884.0,0.0,1.0
2018-01-31,68.59,69.07,68.22,68.64,68.2422,5171.0,0.0,1.0
2018-02-01,68.45,68.72,68.02,68.02,67.6258,12087.0,0.0,1.0
2018-02-02,67.0634,67.48,66.973,67.02,66.6316,6628.0,0.0,1.0
2018-02-05,66.64,66.87,65.0,65.0,64.6233,3204.0,0.0,1.0
2018-02-06,65.166,66.6504,65.166,66.6504,66.2642,2551.0,0.0,1.0
2018-02-07,65.5678,65.5678,64.79,65.1,64.7228,3356.0,0.0,1.0
2018-02-08,64.78,64.78,63.0508,63.17,62.8039,4184.0,0.0,1.0
2018-02-09,63.81,63.9201,62.6207,63.92,63.5496,6530.0,0.0,1.0
2018-02-12,64.28,64.747,63.973,64.26,63.8876,3648.0,0.0,1.0
2018-02-13,64.9701,65.08,64.6428,64.78,64.4046,10786.0,0.0,1.0
2018-02-14,65.07,66.65,64.8766,66.59,66.2041,6634.0,0.0,1.0
2018-02-15,66.7688,67.28,66.2601,66.93,66.5422,16491.0,0.0,1.0
2018-02-16,66.6,67.4799,66.6,66.96,66.572,7953.0,0.0,1.0
2018-02-20,65.88,66.32,65.88,66.1475,65.7642,5171.0,0.0,1.0
2018-02-21,66.667,66.94,65.86,66.01,65.6275,3602.0,0.0,1.0
2018-02-22,66.1555,66.5351,66.01,66.24,65.8562,5607.0,0.0,1.0
2018-02-23,66.38,67.19,66.38,66.9103,66.5226,6366.0,0.0,1.0
2018-02-26,67.1007,67.6,67.0293,67.371,66.9806,5173.0,0.0,1.0
2018-02-27,66.94,67.06,65.7601,66.11,65.7269,6324.0,0.0,1.0
2018-02-28,66.19,66.4233,65.4997,65.6419,65.2615,406870.0,0.0,1.0
2018-03-01,65.86,65.99,64.69,65.3,64.9216,26528.0,0.0,1.0
2018-03-02,64.73,65.409,64.5,65.3739,64.9951,19213.0,0.0,1.0
2018-03-05,64.68,65.752,64.68,65.69,65.3093,2069.0,0.0,1.0
2018-03-06,66.1078,66.1078,65.85,65.85,65.4684,1562.0,0.0,1.0
2018-03-07,65.8,65.8,65.41,65.61,65.2298,4301.0,0.0,1.0
2018-03-08,65.62,66.0682,65.61,65.959,65.5768,5790.0,0.0,1.0
2018-03-09,66.68,67.24,66.25,66.73,66.3433,28816.0,0.0,1.0
2018-03-12,67.11,67.4848,66.8354,67.31,66.92,12059.0,0.0,1.0
2018-03-13,67.47,67.47,66.4,66.45,66.0649,5125.0,0.0,1.0
2018-03-14,66.88,66.9049,66.3701,66.66,66.2737,194759.0,0.0,1.0
2018-03-15,66.7,66.7,66.2359,66.2359,65.8521,2887.0,0.0,1.0
2018-03-16,66.2445,66.58,66.0,66.58,66.1942,1966.0,0.0,1.0
2018-03-19,66.0,66.0718,65.36,65.96,65.5778,2505.0,0.0,1.0
2018-03-20,66.5486,66.7968,66.14,66.14,65.7567,6278.0,0.0,1.0
2018-03-21,66.6744,66.909,66.2309,66.48,66.0948,3745.0,0.0,1.0
2018-03-22,65.9025,65.96,65.14,65.14,64.7625,14140.0,0.0,1.0
2018-03-23,65.22,65.53,64.45,64.45,64.0765,5146.0,0.0,1.0
2018-03-26,65.233,65.67,64.98,65.58,65.2,4068.0,0.0,1.0
2018-03-27,65.72,65.72,64.95,64.95,64.5736,1283.0,0.0,1.0
2018-03-28,64.7,65.161,64.7,64.89,64.514,4436.0,0.0,1.0
2018-03-29,65.34,65.92,65.3,65.55,65.1702,5016.0,0.0,1.0
2018-04-02,65.7,65.7,64.2,64.842,64.4663,4946.0,0.0,1.0
2018-04-03,65.6,65.63,64.77,65.44,65.0608,2492.0,0.0,1.0
2018-04-04,63.91,65.21,63.91,65.21,64.8321,2877.0,0.0,1.0
2018-04-05,65.5571,66.1979,65.2,65.22,64.8421,6896.0,0.0,1.0
2018-04-06,64.89,65.3553,64.89,64.89,64.514,2281.0,0.0,1.0
2018-04-09,64.994,65.1934,64.35,64.35,63.9771,3696.0,0.0,1.0
2018-04-10,65.09,65.5,65.0,65.26,64.8818,5823.0,0.0,1.0
2018-04-11,65.589,65.81,65.4,65.6405,65.2601,3049.0,0.0,1.0
2018-04-12,65.73,65.8386,65.5604,65.58,65.2,2490.0,0.0,1.0
2018-04-13,64.8605,65.25,64.8605,65.05,64.673,6848.0,0.0,1.0
2018-04-16,64.989,65.135,64.8648,64.9048,64.5287,4318.0,0.0,1.0
2018-04-17,65.286,65.286,65.0,65.06,64.683,2991.0,0.0,1.0
2018-04-18,65.405,65.43,65.1996,65.43,65.0508,4777.0,0.0,1.0
2018-04-19,65.3649,65.3649,65.13,65.17,64.7924,5424.0,0.0,1.0
2018-04-20,64.7811,64.82,64.74,64.75,64.3748,2078.0,0.0,1.0
2018-04-23,64.27,64.56,64.27,64.37,63.997,4769.0,0.0,1.0
2018-04-24,64.35,64.43,63.88,63.88,63.5098,3321.0,0.0,1.0
2018-04-25,63.475,63.92,63.22,63.6,63.2315,2585.0,0.0,1.0
2018-04-26,63.8268,64.0,63.8268,64.0,63.6291,6058.0,0.0,1.0
2018-04-27,64.3004,64.3006,64.13,64.3,63.9274,6873.0,0.0,1.0
2018-04-30,63.87,64.9989,63.87,64.1834,63.8115,4842.0,0.0,1.0
2018-05-01,64.04,64.04,63.441,63.5754,63.207,3094.0,0.0,1.0
2018-05-02,64.1,64.14,63.7272,63.79,63.4203,3128.0,0.0,1.0
2018-05-03,63.746,63.746,63.0,63.15,62.7841,7643.0,0.0,1.0
2018-05-04,63.2111,63.844,63.2111,63.81,63.4402,3324.0,0.0,1.0
2018-05-07,63.011,63.39,62.8153,62.8153,62.4513,4954.0,0.0,1.0
2018-05-08,62.74,63.4554,62.74,63.116,62.7503,5898.0,0.0,1.0
2018-05-09,63.34,63.57,63.17,63.17,62.8039,15994.0,0.0,1.0
2018-05-10,63.61,64.62,63.61,64.3141,63.9414,5449.0,0.0,1.0
2018-05-11,64.6547,64.78,64.28,64.656,64.2813,3018.0,0.0,1.0
2018-05-14,64.9448,64.9796,64.1529,64.6268,64.2523,3557.0,0.0,1.0
2018-05-15,63.19,63.513,63.19,63.35,62.9829,2105.0,0.0,1.0
2018-05-16,64.0212,64.39,63.73,63.92,63.5496,24749.0,0.0,1.0
2018-05-17,63.51,63.7452,63.1846,63.65,63.2812,9886.0,0.0,1.0
2018-05-18,62.98,62.98,62.558,62.558,62.1955,3521.0,0.0,1.0
2018-05-21,63.44,63.44,63.01,63.09,62.7244,11528.0,0.0,1.0
2018-05-22,63.29,63.9445,63.29,63.58,63.2116,3869.0,0.0,1.0
2018-05-23,62.972,63.1062,62.8258,63.1062,62.7405,6075.0,0.0,1.0
2018-05-24,63.0872,63.353,63.0137,63.353,62.9859,2437.0,0.0,1.0
2018-05-25,63.35,63.75,63.1315,63.2,62.8338,14893.0,0.0,1.0
2018-05-29,63.04,63.04,62.23,62.49,62.1279,4110.0,0.0,1.0
2018-05-30,62.4075,63.11,62.0934,63.11,62.7443,6905.0,0.0,1.0
2018-05-31,63.88,63.88,62.11,62.75,62.3864,1923.0,0.0,1.0
2018-06-01,63.07,63.165,62.66,63.0,63.0,4861.0,0.3672,1.0
2018-06-04,62.8283,63.758,62.8283,63.752,63.752,4306.0,0.0,1.0
2018-06-05,63.32,63.45,62.5148,63.393,63.393,5361.0,0.0,1.0
2018-06-06,63.3366,63.8747,63.1931,63.85,63.85,7993.0,0.0,1.0
2018-06-07,63.319,63.6443,62.69,63.0,63.0,10090.0,0.0,1.0
2018-06-08,63.02,63.259,62.83,63.125,63.125,22425.0,0.0,1.0
2018-06-11,62.8201,63.3745,62.82,63.1577,63.1577,5484.0,0.0,1.0
2018-06-12,62.97,63.3643,62.5384,62.906,62.906,17398.0,0.0,1.0
2018-06-13,62.73,62.9871,61.82,62.47,62.47,22360.0,0.0,1.0
2018-06-14,62.86,62.86,61.9061,62.33,62.33,4869.0,0.0,1.0
2018-06-15,61.7,61.817,61.2633,61.6,61.6,4865.0,0.0,1.0
2018-06-18,61.0,61.0,60.24,60.97,60.97,8900.0,0.0,1.0
2018-06-19,62.646,62.646,60.0352,60.5884,60.5884,3670.0,0.0,1.0
2018-06-20,60.57,61.2356,60.57,60.59,60.59,7903.0,0.0,1.0
2018-06-21,59.99,59.99,59.52,59.62,59.62,39464.0,0.0,1.0
2018-06-22,60.28,60.65,60.17,60.3824,60.3824,4720.0,0.0,1.0
2018-06-25,59.62,59.8701,59.38,59.5309,59.5309,6674.0,0.0,1.0
2018-06-26,59.62,59.6469,59.15,59.55,59.55,11820.0,0.0,1.0
2018-06-27,59.413,59.413,58.36,58.36,58.36,5278.0,0.0,1.0
2018-06-28,58.433,58.53,57.91,58.53,58.53,426444.0,0.0,1.0
2018-06-29,59.11,59.49,59.0,59.33,59.33,52213.0,0.0,1.0
2018-07-02,58.42,58.9144,58.0649,58.78,58.78,12573.0,0.0,1.0
2018-07-03,59.11,59.1786,59.0,59.0,59.0,1453.0,0.0,1.0
2018-07-05,59.3,59.3,58.91,59.02,59.02,4439.0,0.0,1.0
2018-07-06,59.16,59.6921,59.14,59.51,59.51,23512.0,0.0,1.0
2018-07-09,59.87,60.385,59.87,60.15,60.15,7559.0,0.0,1.0
2018-07-10,60.08,60.3894,60.05,60.3894,60.3894,1611.0,0.0,1.0
2018-07-11,59.95,60.09,59.43,59.48,59.48,21323.0,0.0,1.0
2018-07-12,60.15,60.3945,59.73,60.2593,60.2593,4035.0,0.0,1.0
2018-07-13,60.0105,60.17,59.98,60.1092,60.1092,21660.0,0.0,1.0
2018-07-16,60.21,60.21,59.8,59.82,59.82,9115.0,0.0,1.0
2018-07-17,60.2204,60.44,60.041,60.44,60.44,3925.0,0.0,1.0
2018-07-18,59.86,60.5491,59.86,60.24,60.24,1725.0,0.0,1.0
2018-07-19,59.7498,59.8,59.2,59.5,59.5,10987.0,0.0,1.0
2018-07-20,60.03,60.7007,60.03,60.4376,60.4376,4054.0,0.0,1.0
2018-07-23,60.18,60.3384,59.69,60.0208,60.0208,9459.0,0.0,1.0
2018-07-24,60.97,60.97,60.45,60.5598,60.5598,2940.0,0.0,1.0
2018-07-25,61.12,61.2,60.74,61.2,61.2,6427.0,0.0,1.0
2018-07-26,61.355,61.355,60.96,60.96,60.96,3228.0,0.0,1.0
2018-07-27,61.39,61.39,60.72,61.04,61.04,4641.0,0.0,1.0
2018-07-30,61.08,61.34,60.88,60.88,60.88,239561.0,0.0,1.0
2018-07-31,61.35,61.4246,60.71,61.145,61.145,3784.0,0.0,1.0
2018-08-01,61.15,61.15,60.8,61.0052,61.0052,4118.0,0.0,1.0
2018-08-02,60.09,60.35,60.09,60.2,60.2,3147.0,0.0,1.0
2018-08-03,60.41,60.7966,60.2283,60.62,60.62,7297.0,0.0,1.0
2018-08-06,59.95,60.44,59.95,60.09,60.09,4774.0,0.0,1.0
2018-08-07,61.21,61.3313,60.61,60.61,60.61,2470.0,0.0,1.0
2018-08-08,60.0873,60.74,59.4,60.6664,60.6664,1367.0,0.0,1.0
2018-08-09,60.76,60.9543,60.51,60.51,60.51,5478.0,0.0,1.0
2018-08-10,61.0736,61.0736,59.101,59.2872,59.2872,10357.0,0.0,1.0
2018-08-13,59.05,59.0615,58.2842,58.49,58.49,13905.0,0.0,1.0
2018-08-14,58.8617,58.8617,58.64,58.821,58.821,2718.0,0.0,1.0
2018-08-15,57.62,57.72,57.4627,57.54,57.54,5776.0,0.0,1.0
2018-08-16,58.3,58.79,58.235,58.54,58.54,390267.0,0.0,1.0
2018-08-17,58.32,58.6546,58.0339,58.6546,58.6546,3415.0,0.0,1.0
2018-08-20,58.43,58.694,58.43,58.69,58.69,3551.0,0.0,1.0
2018-08-21,59.44,59.5063,59.44,59.5063,59.5063,2147.0,0.0,1.0
2018-08-22,59.46,59.75,59.46,59.74,59.74,3801.0,0.0,1.0
2018-08-23,59.46,59.885,59.07,59.2,59.2,5516.0,0.0,1.0
2018-08-24,60.0204,60.0204,59.7618,59.9678,59.9678,2015.0,0.0,1.0
2018-08-27,60.6,60.76,60.6,60.6556,60.6556,2906.0,0.0,1.0
2018-08-28,60.855,60.855,60.39,60.6682,60.6682,2508.0,0.0,1.0
2018-08-29,60.58,60.8844,60.58,60.8844,60.8844,3165.0,0.0,1.0
2018-08-30,60.11,60.1399,59.7102,59.82,59.82,4038.0,0.0,1.0
2018-08-31,59.9701,60.13,59.7453,60.1299,60.1299,1496.0,0.0,1.0
2018-09-04,59.38,59.38,58.88,58.94,58.94,5251.0,0.0,1.0
2018-09-05,58.4988,58.4988,58.4988,58.4988,58.4988,896.0,0.0,1.0
2018-09-06,58.79,58.79,58.26,58.5206,58.5206,4598.0,0.0,1.0
2018-09-07,58.52,58.72,58.09,58.57,58.57,9416.0,0.0,1.0
2018-09-10,58.0569,58.24,57.73,57.8,57.8,9858.0,0.0,1.0
2018-09-11,57.2016,57.6,57.2016,57.6,57.6,5516.0,0.0,1.0
2018-09-12,57.74,58.13,57.5898,57.86,57.86,118392.0,0.0,1.0
2018-09-13,58.5374,58.6,58.4681,58.4831,58.4831,10474.0,0.0,1.0
2018-09-14,58.58,58.835,58.36,58.36,58.36,15694.0,0.0,1.0
2018-09-17,57.82,58.3736,57.82,57.94,57.94,7324.0,0.0,1.0
2018-09-18,57.96,58.4906,57.96,58.295,58.295,11084.0,0.0,1.0
2018-09-19,58.968,59.0,58.72,58.72,58.72,39764.0,0.0,1.0
2018-09-20,59.2,59.34,59.2,59.25,59.25,2017.0,0.0,1.0
2018-09-21,59.36,59.56,59.34,59.36,59.36,10221.0,0.0,1.0
