date,1. open,2. high,3. low,4. close,5. adjusted close,6. volume,7. dividend amount,8. split coefficient
2012-02-02,25.65,25.65,25.48,25.48,47.8178,400.0,0.0,1.0
2012-02-03,25.22,25.22,25.1,25.1,47.1047,1100.0,0.0,1.0
2012-02-06,25.0,25.2,24.991,24.991,46.9001,1425.0,0.0,1.0
2012-02-07,25.3,25.38,25.19,25.19,47.2736,1000.0,0.0,1.0
2012-02-08,25.12,25.12,24.95,24.95,46.8232,2400.0,0.0,1.0
2012-02-09,25.18,25.22,24.99,24.99,46.8982,2200.0,0.0,1.0
2012-02-10,24.85,24.85,24.53,24.73,46.4103,2800.0,0.0,1.0
2012-02-13,24.67,24.768,24.65,24.65,46.2602,3750.0,0.0,1.0
2012-02-14,24.76,24.76,24.18,24.2,45.4157,1200.0,0.0,1.0
2012-02-15,24.58,24.58,24.5,24.5,45.9787,1650.0,0.0,1.0
2012-02-16,24.82,24.93,24.77,24.77,46.4854,1700.0,0.0,1.0
2012-02-17,24.73,24.79,24.5,24.5,45.9787,4308.0,0.0,1.0
2012-02-21,24.69,25.14,24.69,25.14,47.1797,500.0,0.0,1.0
2012-02-22,25.23,25.3,25.23,25.3,47.48,500.0,0.0,1.0
2012-02-23,26.25,26.25,25.7999,25.96,48.7186,3300.0,0.0,1.0
2012-02-24,25.72,25.76,25.4,25.5,47.8553,3470.0,0.0,1.0
2012-02-27,25.49,25.49,25.28,25.28,47.4425,1500.0,0.0,1.0
2012-02-28,25.88,25.88,25.37,25.58,48.0055,894055.0,0.0,1.0
2012-02-29,25.89,25.89,24.59,24.59,46.1476,10000.0,0.0,1.0
2012-03-01,25.04,25.11,24.93,24.93,46.7856,11000.0,0.0,1.0
2012-03-02,25.28,25.28,24.45,24.616,46.1964,1800.0,0.0,1.0
2012-03-05,24.7,24.7,24.0,24.0,45.0403,1375.0,0.0,1.0
2012-03-06,23.07,23.35,23.0436,23.2148,43.5668,2215.0,0.0,1.0
2012-03-07,23.71,23.71,23.12,23.43,43.9706,2604.0,0.0,1.0
2012-03-08,24.13,24.13,23.65,23.84,44.7401,2600.0,0.0,1.0
2012-03-09,23.86,24.05,23.76,23.76,44.5899,2700.0,0.0,1.0
2012-03-12,23.99,23.99,23.65,23.6752,44.4308,2053.0,0.0,1.0
2012-03-13,23.62,23.68,23.14,23.14,43.4264,14037.0,0.0,1.0
2012-03-14,23.2,23.2,22.38,22.38,42.0001,650.0,0.0,1.0
2012-03-15,22.85,22.85,22.56,22.56,42.3379,1010.0,0.0,1.0
2012-03-16,22.615,22.615,22.615,22.615,42.4411,125.0,0.0,1.0
2012-03-19,22.55,22.65,22.38,22.39,42.0189,2486.0,0.0,1.0
2012-03-20,21.74,22.23,21.74,22.23,41.7186,1681.0,0.0,1.0
2012-03-21,22.28,22.28,22.28,22.28,41.8124,2100.0,0.0,1.0
2012-03-22,21.78,22.02,21.77,21.928,41.1518,1350.0,0.0,1.0
2012-03-23,21.75,21.75,21.75,21.75,40.8178,125.0,0.0,1.0
2012-03-26,22.48,22.696,22.48,22.696,42.5931,1050.0,0.0,1.0
2012-03-27,22.66,22.73,22.47,22.47,42.169,7300.0,0.0,1.0
2012-03-28,22.16,22.16,22.0036,22.07,41.4183,650.0,0.0,1.0
2012-03-29,21.84,21.852,21.75,21.85,41.0055,6140.0,0.0,1.0
2012-03-30,22.01,22.0101,22.01,22.01,41.3057,695.0,0.0,1.0
2012-04-02,22.29,22.8,22.24,22.63,42.4693,5055.0,0.0,1.0
2012-04-03,22.05,22.05,21.78,21.78,40.8741,1000.0,0.0,1.0
2012-04-04,21.33,21.33,20.91,20.91,39.2414,200.0,0.0,1.0
2012-04-05,20.91,21.0799,20.688,20.91,39.2414,16561.0,0.0,1.0
2012-04-09,20.66,21.13,20.66,20.93,39.2789,13672.0,0.0,1.0
2012-04-10,20.757,21.12,20.757,21.11,39.6167,3190.0,0.0,1.0
2012-04-11,20.98,20.98,20.93,20.96,39.3352,5413.0,0.0,1.0
2012-04-12,21.15,21.61,21.15,21.61,40.5551,6100.0,0.0,1.0
2012-04-13,21.39,21.46,21.33,21.33,40.0296,1600.0,0.0,1.0
2012-04-16,21.33,21.33,21.0,21.0,39.4103,2935.0,0.0,1.0
2012-04-17,21.49,21.49,21.14,21.14,39.673,17407.0,0.0,1.0
2012-04-18,21.05,21.05,20.96,20.96,39.3352,1000.0,0.0,1.0
2012-04-19,21.1,21.279,20.95,20.9599,39.335,1750.0,0.0,1.0
2012-04-20,20.96,20.96,20.85,20.85,39.1288,2000.0,0.0,1.0
2012-04-23,20.91,20.91,20.0,20.37,38.228,20547.0,0.0,1.0
2012-04-24,20.47,20.47,20.13,20.19,37.8902,7310.0,0.0,1.0
2012-04-25,20.62,20.85,20.34,20.85,39.1288,12479.0,0.0,1.0
2012-04-26,20.83,20.84,20.72,20.74,38.9223,5000.0,0.0,1.0
2012-04-27,21.03,21.24,20.75,21.02,39.4478,4757.0,0.0,1.0
2012-04-30,21.02,21.02,20.7,20.9,39.2226,24075.0,0.0,1.0
2012-05-01,20.9,20.97,20.79,20.9599,39.335,5938.0,0.0,1.0
2012-05-02,20.4,20.62,20.4,20.5799,38.6219,12218.0,0.0,1.0
2012-05-03,20.17,20.17,19.56,19.7,36.9706,47528.0,0.0,1.0
2012-05-04,19.9,19.93,19.68,19.68,36.9331,3232.0,0.0,1.0
2012-05-07,19.68,19.68,19.6,19.67,36.9143,1765.0,0.0,1.0
2012-05-08,19.67,19.67,18.59,18.64,34.9813,11525.0,0.0,1.0
2012-05-09,18.7,19.129,18.7,18.801,35.2835,4159.0,0.0,1.0
2012-05-10,18.9723,18.9723,18.9723,18.9723,35.6049,245.0,0.0,1.0
2012-05-11,19.06,19.15,18.78,18.78,35.2441,17320.0,0.0,1.0
2012-05-14,18.78,18.78,18.21,18.21,34.1743,6715.0,0.0,1.0
2012-05-15,18.2,18.2,17.77,17.77,33.3486,6500.0,0.0,1.0
2012-05-16,17.86,18.66,17.5,17.73,33.2735,100301.0,0.0,1.0
2012-05-17,18.0,18.63,17.98,18.47,34.6623,383893.0,0.0,1.0
2012-05-18,18.97,19.04,18.62,18.62,34.9438,5170.0,0.0,1.0
2012-05-21,18.9,19.14,18.71,18.992,35.6419,31488.0,0.0,1.0
2012-05-22,19.0,19.35,18.6,18.6,34.9063,39992.0,0.0,1.0
2012-05-23,18.9,19.3944,18.9,19.3944,36.3971,2741.0,0.0,1.0
2012-05-24,19.79,19.79,19.34,19.42,36.4451,8502.0,0.0,1.0
2012-05-25,19.86,19.86,19.5,19.74,37.0457,11613.0,0.0,1.0
2012-05-29,20.31,20.31,19.394,19.5899,36.764,8982.0,0.0,1.0
2012-05-30,19.6,19.6,18.89,19.42,36.4451,10987.0,0.0,1.0
2012-05-31,20.609,20.609,19.13,19.27,36.1636,2150.0,0.0,1.0
2012-06-01,20.0,21.26,20.0,20.58,38.6221,4445.0,0.0,1.0
2012-06-04,20.67,20.67,20.0324,20.3075,38.1107,2526.0,0.0,1.0
2012-06-05,20.69,20.77,20.62,20.76,38.9599,3394.0,0.0,1.0
2012-06-06,21.46,21.46,20.65,20.89,39.2038,8800.0,0.0,1.0
2012-06-07,20.9,20.9,20.21,20.23,37.9652,30722.0,0.0,1.0
2012-06-08,20.255,20.255,20.175,20.175,37.862,420.0,0.0,1.0
2012-06-11,20.25,20.25,20.05,20.05,37.6274,3363.0,0.0,1.0
2012-06-12,20.14,20.39,20.14,20.39,38.2655,1300.0,0.0,1.0
2012-06-13,20.66,20.66,20.39,20.39,38.2655,1060.0,0.0,1.0
2012-06-14,20.7,20.7,19.87,20.42,38.3218,4775.0,0.0,1.0
2012-06-15,20.51,20.51,20.35,20.49,38.4532,8370.0,0.0,1.0
2012-06-18,20.45,20.799,20.39,20.758,38.9561,2901.0,0.0,1.0
2012-06-19,21.33,21.33,20.75,20.8501,39.129,6685.0,0.0,1.0
2012-06-20,20.85,21.2299,20.45,20.55,38.5658,11586.0,0.0,1.0
2012-06-21,19.63,19.71,19.55,19.55,36.8483,978.0,0.0849,1.0
2012-06-22,19.42,19.42,19.1605,19.1605,36.1142,1667.0,0.0,1.0
2012-06-25,19.2,19.52,19.2,19.52,36.7918,4374.0,0.0,1.0
2012-06-26,19.0259,19.16,19.0259,19.15,36.0944,2050.0,0.0,1.0
2012-06-27,19.15,19.24,18.98,19.19,36.1698,11223.0,0.0,1.0
2012-06-28,18.75,18.86,18.3318,18.3318,34.5523,6330.0,0.0,1.0
2012-06-29,19.0,19.32,19.0,19.32,36.4148,6119.0,0.0,1.0
2012-07-02,19.4,19.62,19.225,19.38,36.5279,6037.0,0.0,1.0
2012-07-03,19.91,19.97,19.8,19.97,37.64,600.0,0.0,1.0
2012-07-05,20.0,20.139,19.88,19.9,37.508,3773.0,0.0,1.0
2012-07-06,19.89,19.89,19.22,19.22,36.2264,2100.0,0.0,1.0
2012-07-09,19.22,19.22,19.07,19.115,36.0284,12221.0,0.0,1.0
2012-07-10,19.2575,19.2575,18.98,19.07,35.9436,2030.0,0.0,1.0
2012-07-11,18.5,18.5,18.03,18.2899,34.4733,6249.0,0.0,1.0
2012-07-12,17.6001,17.91,17.6001,17.91,33.7572,7665.0,0.0,1.0
2012-07-13,18.15,18.38,18.15,18.38,34.6431,4482.0,0.0,1.0
2012-07-16,18.39,18.39,18.2,18.214,34.3302,5076.0,0.0,1.0
2012-07-17,18.15,18.15,17.7601,17.9801,33.8894,3700.0,0.0,1.0
2012-07-18,17.95,18.0,17.66,17.99,33.908,5543.0,0.0,1.0
2012-07-19,18.18,18.18,17.8501,17.8501,33.6443,10144.0,0.0,1.0
2012-07-20,18.08,18.08,17.95,18.06,34.04,3200.0,0.0,1.0
2012-07-23,17.73,17.73,17.47,17.5553,33.0887,5796.0,0.0,1.0
2012-07-24,17.5,17.679,17.4,17.4,32.796,4942.0,0.0,1.0
2012-07-25,17.92,18.135,17.92,18.135,34.1813,2700.0,0.0,1.0
2012-07-26,18.15,18.42,18.15,18.42,34.7185,4113.0,0.0,1.0
2012-07-27,18.4,18.66,18.4,18.65,35.152,7500.0,0.0,1.0
2012-07-30,18.8,18.878,18.6,18.6,35.0578,6725.0,0.0,1.0
2012-07-31,18.73,18.859,18.7,18.749,35.3386,2426.0,0.0,1.0
2012-08-01,18.5,18.5,17.835,18.255,34.4075,2205.0,0.0,1.0
2012-08-02,18.2,18.5,18.13,18.13,34.1719,9100.0,0.0,1.0
2012-08-03,18.18,18.61,18.18,18.5,34.8693,5125.0,0.0,1.0
2012-08-06,18.84,19.06,18.84,18.97,35.7551,43069.0,0.0,1.0
2012-08-07,18.96,19.04,18.94,18.94,35.6986,6370.0,0.0,1.0
2012-08-08,19.28,19.37,18.9401,19.18,36.151,12788.0,0.0,1.0
2012-08-09,19.0,19.41,19.0,19.31,36.396,3450.0,0.0,1.0
2012-08-10,19.36,19.5,19.36,19.5,36.7541,9232.0,0.0,1.0
2012-08-13,19.5,19.641,19.07,19.16,36.1133,8649.0,0.0,1.0
2012-08-14,19.15,19.269,19.02,19.04,35.8871,4386.0,0.0,1.0
2012-08-15,18.95,19.1,18.8045,19.1,36.0002,1830.0,0.0,1.0
2012-08-16,19.54,19.69,19.2325,19.6668,37.0685,3300.0,0.0,1.0
2012-08-17,19.55,19.55,19.41,19.41,36.5845,1735.0,0.0,1.0
2012-08-20,19.4,19.4,19.4,19.4,36.5656,2176.0,0.0,1.0
2012-08-21,19.77,20.2997,19.77,20.0599,37.8094,11358.0,0.0,1.0
2012-08-22,19.9,20.12,19.892,19.892,37.493,2419.0,0.0,1.0
2012-08-23,20.27,20.62,20.27,20.4,38.4505,6165.0,0.0,1.0
2012-08-24,20.35,20.6,20.24,20.418,38.4844,3845.0,0.0,1.0
2012-08-27,20.35,20.44,20.09,20.1,37.885,4927.0,0.0,1.0
2012-08-28,20.1,20.22,20.0,20.17,38.0169,13571.0,0.0,1.0
2012-08-29,20.2,20.2,19.85,19.85,37.4138,3100.0,0.0,1.0
2012-08-30,19.84,19.84,19.71,19.71,37.1499,3841.0,0.0,1.0
2012-08-31,19.57,20.252,19.57,20.252,38.1715,3249.0,0.0,1.0
2012-09-04,20.02,20.1,20.0,20.0,37.6965,6387.0,0.0,1.0
2012-09-05,20.1,20.1875,19.97,20.168,38.0132,5147.0,0.0,1.0
2012-09-06,20.55,20.749,20.54,20.72,39.0536,4342.0,0.0,1.0
2012-09-07,21.37,21.37,21.24,21.3237,40.1915,11128.0,0.0,1.0
2012-09-10,21.41,21.41,21.12,21.12,39.8075,6500.0,0.0,1.0
2012-09-11,21.13,21.305,21.12,21.245,40.0431,3415.0,0.0,1.0
2012-09-12,21.4,21.4,20.8104,20.91,39.4117,4052.0,0.0,1.0
2012-09-13,21.0701,22.18,20.93,22.18,41.8054,11317.0,0.0,1.0
2012-09-14,22.29,23.1,22.29,22.87,43.106,120686.0,0.0,1.0
2012-09-17,23.23,23.23,22.6482,22.83,43.0306,20130.0,0.0,1.0
2012-09-18,23.04,23.04,22.7,22.82,43.0117,5695.0,0.0,1.0
2012-09-19,22.5,23.34,22.5,23.23,43.7845,11892.0,0.0,1.0
2012-09-20,23.2,23.2199,22.81,23.16,43.6526,5042.0,0.0,1.0
2012-09-21,23.1275,23.2196,23.1275,23.2196,43.7649,1750.0,0.0,1.0
2012-09-24,23.03,23.03,22.43,22.43,42.2766,8482.0,0.0,1.0
2012-09-25,22.81,22.81,22.12,22.12,41.6924,6884.0,0.0,1.0
2012-09-26,22.17,22.17,21.671,22.08,41.617,10507.0,0.0,1.0
2012-09-27,22.33,22.7635,22.33,22.7635,42.9052,2325.0,0.0,1.0
2012-09-28,22.78,22.9,22.46,22.73,42.8421,2099.0,0.0,1.0
2012-10-01,22.78,23.12,22.78,22.81,42.9929,12355.0,0.0,1.0
2012-10-02,22.9,22.9,22.63,22.67,42.729,12875.0,0.0,1.0
2012-10-03,22.82,22.82,22.45,22.45,42.3143,2058.0,0.0,1.0
2012-10-04,22.74,22.95,22.65,22.85,43.0683,6971.0,0.0,1.0
2012-10-05,22.95,23.0199,22.56,22.56,42.5217,5235.0,0.0,1.0
2012-10-08,22.42,22.78,22.42,22.44,42.2955,162562.0,0.0,1.0
2012-10-09,22.7,22.7,20.0,22.19,41.8243,17500.0,0.0,1.0
2012-10-10,22.03,22.2,21.98,22.13,41.7112,25209.0,0.0,1.0
2012-10-11,22.29,22.43,22.194,22.232,41.9035,3685.0,0.0,1.0
2012-10-12,22.06,22.09,21.9,21.9245,41.3239,7456.0,0.0,1.0
2012-10-15,22.05,22.05,21.52,21.79,41.0704,15495.0,0.0,1.0
2012-10-16,22.2,22.22,22.14,22.17,41.7866,6572.0,0.0,1.0
2012-10-17,22.08,22.46,22.07,22.435,42.2861,16655.0,0.0,1.0
2012-10-18,22.1,22.1,22.1,22.1,41.6547,450.0,0.0,1.0
2012-10-19,21.798,21.83,21.55,21.75,40.995,12905.0,0.0,1.0
2012-10-22,21.04,22.0,21.04,21.84,41.1646,6990.0,0.0,1.0
2012-10-23,21.39,21.46,21.3338,21.4,40.3353,9193.0,0.0,1.0
2012-10-24,21.61,21.61,21.2299,21.29,40.1279,14133.0,0.0,1.0
2012-10-25,21.73,21.78,21.56,21.588,40.6896,10360.0,0.0,1.0
2012-10-26,21.78,21.78,21.415,21.415,40.3635,1905.0,0.0,1.0
2012-10-31,21.6,22.09,20.54,21.89,41.2588,2943.0,0.0,1.0
2012-11-01,21.76,21.76,21.68,21.701,40.9026,8840.0,0.0,1.0
2012-11-02,21.16,21.161,20.8315,21.01,39.6002,3456.0,0.0,1.0
2012-11-05,20.87,21.0,20.7,20.796,39.1968,34184.0,0.0,1.0
2012-11-06,20.95,21.16,20.8917,21.16,39.8829,20062.0,0.0,1.0
2012-11-07,21.3,21.3488,20.8001,21.31,40.1656,9451.0,0.0,1.0
2012-11-08,21.4,21.64,21.35,21.64,40.7876,3289.0,0.0,1.0
2012-11-09,21.67,21.67,21.37,21.38,40.2976,9665.0,0.0,1.0
2012-11-12,21.199,21.199,20.97,20.97,39.5248,29127.0,0.0,1.0
2012-11-13,20.85,20.9,20.65,20.65,38.9217,1814.0,0.0,1.0
2012-11-14,20.3575,20.3575,19.84,19.84,37.3949,19485.0,0.0,1.0
2012-11-15,19.8,19.8,19.3888,19.4,36.5656,4575.0,0.0,1.0
2012-11-16,19.2775,19.69,19.2775,19.69,37.1122,1987.0,0.0,1.0
2012-11-19,19.95,20.2933,19.55,20.14,37.9604,7784.0,0.0,1.0
2012-11-20,20.2,20.2,19.91,19.98,37.6588,17908.0,0.0,1.0
2012-11-21,20.32,20.32,20.13,20.26,38.1866,1328.0,0.0,1.0
2012-11-23,20.55,20.5899,20.55,20.5899,38.8084,1322.0,0.0,1.0
2012-11-26,20.4388,20.49,20.29,20.49,38.6201,3786.0,0.0,1.0
2012-11-27,20.4,20.4,20.06,20.06,37.8096,4254.0,0.0,1.0
2012-11-28,19.69,20.17,19.35,20.14,37.9604,51128.0,0.0,1.0
2012-11-29,20.5,20.51,20.16,20.3,38.262,22067.0,0.0,1.0
2012-11-30,20.13,20.13,19.85,20.01,37.7154,5953.0,0.0,1.0
2012-12-03,19.87,19.96,19.5,19.51,36.773,13847.0,0.0,1.0
2012-12-04,19.4175,19.512,19.4,19.512,36.7767,3368.0,0.0,1.0
2012-12-05,19.695,19.695,19.02,19.02,35.8494,14609.0,0.0,1.0
2012-12-06,19.13,19.2199,19.0001,19.1512,36.0967,27070.0,0.0,1.0
2012-12-07,19.16,19.33,18.99,19.14,36.0756,12715.0,0.0,1.0
2012-12-10,19.67,19.67,19.35,19.51,36.773,81480.0,0.0,1.0
2012-12-11,19.5596,19.5596,19.385,19.43,36.6222,29243.0,0.0,1.0
2012-12-12,20.24,20.24,19.31,19.74,37.2065,18901.0,0.0,1.0
2012-12-13,19.5,19.5,19.06,19.17,36.1321,1007872.0,0.0,1.0
2012-12-14,19.14,19.4,19.14,19.3,36.3771,14550.0,0.0,1.0
2012-12-17,19.45,19.45,19.218,19.43,36.6222,27644.0,0.0,1.0
2012-12-18,19.61,19.61,18.9,18.97,35.9511,32647.0,0.104,1.0
2012-12-19,19.05,19.1,18.84,18.88,35.7805,16425.0,0.0,1.0
2012-12-20,18.82,18.82,18.36,18.7,35.4394,32780.0,0.0,1.0
2012-12-21,18.59,18.85,18.59,18.6701,35.3827,11939.0,0.0,1.0
2012-12-24,19.0,19.0,18.7385,18.7385,35.5124,4796.0,0.0,1.0
2012-12-26,18.77,18.8,18.6801,18.8,35.6289,3506.0,0.0,1.0
2012-12-27,18.88,19.13,18.78,18.97,35.9511,14786.0,0.0,1.0
2012-12-28,18.95,19.03,18.75,18.7606,35.5543,11677.0,0.0,1.0
2012-12-31,19.0,19.36,18.7301,19.292,36.5613,42728.0,0.0,1.0
2013-01-02,19.89,20.029,19.6,19.78,37.4862,45825.0,0.0,1.0
2013-01-03,19.6,19.72,19.11,19.11,36.2164,22819.0,0.0,1.0
2013-01-04,19.01,19.056,18.79,19.056,36.1141,12848.0,0.0,1.0
2013-01-07,18.76,18.942,18.75,18.75,35.5342,14070.0,0.0,1.0
2013-01-08,18.93,18.93,18.56,18.78,35.591,43671.0,0.0,1.0
2013-01-09,18.65,18.6999,18.61,18.6552,35.3545,4050.0,0.0,1.0
2013-01-10,19.03,19.21,18.99,19.0701,36.1408,22369.0,0.0,1.0
2013-01-11,19.03,19.03,18.96,18.96,35.9322,4991.0,0.0,1.0
2013-01-14,19.22,19.22,19.05,19.09,36.1785,9775.0,0.0,1.0
2013-01-15,19.22,19.231,19.03,19.231,36.4457,3800.0,0.0,1.0
2013-01-16,19.02,19.1899,19.02,19.17,36.3301,9819.0,0.0,1.0
2013-01-17,19.18,19.18,19.0243,19.076,36.152,10579.0,0.0,1.0
2013-01-18,19.3,19.3,19.0,19.04,36.0838,15312.0,0.0,1.0
2013-01-22,19.23,19.3499,19.02,19.348,36.6675,18319.0,0.0,1.0
2013-01-23,19.28,19.28,18.95,19.0138,36.0341,8624.0,0.0,1.0
2013-01-24,18.9,18.9,18.56,18.59,35.2309,7345.0,0.0,1.0
2013-01-25,18.5,18.5,18.09,18.176,34.4463,21817.0,0.0,1.0
2013-01-28,18.23,18.23,17.8506,17.9101,33.9424,40993.0,0.0,1.0
2013-01-29,18.1,18.159,17.91,18.03,34.1697,11229.0,0.0,1.0
2013-01-30,18.2205,18.2271,17.9501,17.9501,34.0182,56960.0,0.0,1.0
2013-01-31,17.9,17.9036,17.78,17.8399,33.8094,4897.0,0.0,1.0
2013-02-01,17.959,18.06,17.9498,18.05,34.2076,25367.0,0.0,1.0
2013-02-04,17.98,18.1584,17.94,18.08,34.2644,10822.0,0.0,1.0
2013-02-05,18.16,18.16,17.98,18.0,34.1128,10736.0,0.0,1.0
2013-02-06,17.96,18.03,17.9,18.01,34.1318,3882.0,0.0,1.0
2013-02-07,17.99,18.05,17.96,18.0067,34.1255,2867.0,0.0,1.0
2013-02-08,18.1,18.13,18.0636,18.072,34.2493,2440.0,0.0,1.0
2013-02-11,18.11,18.11,17.627,17.6895,33.5244,16030.0,0.0,1.0
2013-02-12,17.74,17.74,17.5499,17.7199,33.582,5550.0,0.0,1.0
2013-02-13,17.85,17.85,17.5,17.5,33.1652,66934.0,0.0,1.0
2013-02-14,17.6764,17.71,17.5601,17.6337,33.4186,5487.0,0.0,1.0
2013-02-15,17.28,17.4,16.9,16.999,32.2157,17204.0,0.0,1.0
2013-02-19,16.94,16.94,16.6335,16.7015,31.6519,17318.0,0.0,1.0
2013-02-20,16.53,16.59,16.0,16.0,30.3225,17347.0,0.0,1.0
2013-02-21,16.12,16.2338,15.89,16.06,30.4362,17967.0,0.0,1.0
2013-02-22,16.08,16.162,16.0501,16.07,30.4552,5987.0,0.0,1.0
2013-02-25,16.27,16.479,16.24,16.456,31.1867,7268.0,0.0,1.0
2013-02-26,16.36,16.599,16.36,16.529,31.325,6367.0,0.0,1.0
2013-02-27,16.5,16.5,16.3401,16.3401,30.967,3163.0,0.0,1.0
2013-02-28,16.31,16.31,16.06,16.06,30.4362,8359.0,0.0,1.0
2013-03-01,15.8008,15.93,15.8008,15.9,30.133,1253.0,0.0,1.0
2013-03-04,15.75,15.75,15.47,15.51,29.3939,7677.0,0.0,1.0
2013-03-05,15.64,15.64,15.4698,15.4698,29.3177,1441.0,0.0,1.0
2013-03-06,15.353,15.86,15.353,15.858,30.0534,3313.0,0.0,1.0
2013-03-07,15.9299,15.9299,15.76,15.76,29.8677,6043.0,0.0,1.0
2013-03-08,15.75,15.97,15.511,15.8,29.9435,63472.0,0.0,1.0
2013-03-11,15.81,15.87,15.74,15.85,30.0382,84797.0,0.0,1.0
2013-03-12,16.09,16.17,16.0,16.101,30.5139,4262.0,0.0,1.0
2013-03-13,15.9595,15.9595,15.76,15.7999,29.9433,17336.0,0.0,1.0
2013-03-14,15.83,15.9695,15.7,15.91,30.1519,11687.0,0.0,1.0
2013-03-15,16.02,16.04,15.91,15.96,30.2467,16111.0,0.0,1.0
2013-03-18,16.09,16.33,16.08,16.08,30.4741,26746.0,0.0,1.0
2013-03-19,16.08,16.23,16.03,16.09,30.4931,124880.0,0.0,1.0
2013-03-20,16.21,16.21,16.0,16.08,30.4741,18125.0,0.0,1.0
2013-03-21,16.2,16.4,16.0952,16.35,30.9858,14054.0,0.0,1.0
2013-03-22,16.35,16.4182,16.32,16.348,30.982,6240.0,0.0,1.0
2013-03-25,16.41,16.41,16.06,16.12,30.5499,56621.0,0.0,1.0
2013-03-26,16.05,16.0518,15.9301,16.0324,30.3839,16313.0,0.0,1.0
2013-03-27,16.0,16.24,16.0,16.2299,30.7582,22080.0,0.0,1.0
2013-03-28,16.18,16.18,16.0,16.04,30.3983,12685.0,0.0,1.0
2013-04-01,16.2,16.2,15.9,15.94,30.2088,37170.0,0.0,1.0
2013-04-02,15.68,15.94,15.3,15.3,28.9959,43925.0,0.0,1.0
2013-04-03,15.42,15.42,14.5796,14.62,27.7072,42688.0,0.0,1.0
2013-04-04,14.51,14.8999,14.4999,14.81,28.0673,10893.0,0.0,1.0
2013-04-05,15.1,15.12,14.8162,14.919,28.2738,15153.0,0.0,1.0
2013-04-08,14.93,14.9458,14.7101,14.76,27.9725,10237.0,0.0,1.0
2013-04-09,14.9,15.3597,14.9,15.32,29.0338,12450.0,0.0,1.0
2013-04-10,15.29,15.29,14.76,14.7703,27.992,21996.0,0.0,1.0
2013-04-11,14.85,14.8526,14.61,14.62,27.7072,14329.0,0.0,1.0
2013-04-12,14.6,14.99,13.76,13.7996,26.1524,155520.0,0.0,1.0
2013-04-15,12.99,12.99,12.3,12.3462,23.398,237173.0,0.0,1.0
2013-04-16,12.74,12.92,12.3101,12.35,23.4052,126787.0,0.0,1.0
2013-04-17,12.47,12.47,11.76,11.76,22.287,127207.0,0.0,1.0
2013-04-18,12.06,12.07,11.74,11.96,22.6661,393446.0,0.0,1.0
2013-04-19,12.15,12.31,11.9399,12.11,22.9503,46223.0,0.0,1.0
2013-04-22,12.36,12.47,12.2,12.35,23.4052,44485.0,0.0,1.0
2013-04-23,12.34,12.35,11.9462,12.04,22.8177,224334.0,0.0,1.0
2013-04-24,12.16,12.74,12.16,12.7,24.0685,70383.0,0.0,1.0
2013-04-25,12.9,13.16,12.81,12.8699,24.3905,145620.0,0.0,1.0
2013-04-26,12.97,12.97,12.4799,12.53,23.7463,90442.0,0.0,1.0
2013-04-29,12.82,12.82,12.63,12.6401,23.955,40686.0,0.0,1.0
2013-04-30,12.65,12.69,12.23,12.69,24.0495,54813.0,0.0,1.0
2013-05-01,12.36,12.88,12.18,12.3701,23.4433,102471.0,0.0,1.0
2013-05-02,12.54,12.54,12.35,12.45,23.5947,18528.0,0.0,1.0
2013-05-03,12.52,12.66,12.392,12.45,23.5947,57147.0,0.0,1.0
2013-05-06,12.54,12.78,12.44,12.4793,23.6502,18360.0,0.0,1.0
2013-05-07,12.34,12.34,12.141,12.24,23.1967,34871.0,0.0,1.0
2013-05-08,12.44,12.8899,12.4,12.88,24.4096,33040.0,0.0,1.0
2013-05-09,12.69,13.13,12.6576,12.7199,24.1062,59837.0,0.0,1.0
2013-05-10,12.46,12.61,12.25,12.61,23.8979,149409.0,0.0,1.0
2013-05-13,12.57,12.57,12.29,12.29,23.2915,45949.0,0.0,1.0
2013-05-14,12.24,12.4173,12.14,12.2199,23.1586,61221.0,0.0,1.0
2013-05-15,12.08,12.08,11.6201,11.64,22.0596,137727.0,0.0,1.0
2013-05-16,11.56,11.7499,11.35,11.61,22.0028,91391.0,0.0,1.0
2013-05-17,11.53,11.88,11.1,11.13,21.0931,148572.0,0.0,1.0
2013-05-20,11.1,11.8,11.06,11.8,22.3628,161528.0,0.0,1.0
2013-05-21,11.49,11.58,11.3,11.42,21.6427,65429.0,0.0,1.0
2013-05-22,11.6,11.9499,11.45,11.5,21.7943,60854.0,0.0,1.0
2013-05-23,11.78,11.87,11.56,11.63,22.0407,420509.0,0.0,1.0
2013-05-24,11.61,11.71,11.41,11.5,21.7943,86448.0,0.0,1.0
2013-05-28,11.45,11.68,11.3399,11.38,21.5669,59900.0,0.0,1.0
2013-05-29,11.55,11.81,11.46,11.81,22.3818,61773.0,0.0,1.0
2013-05-30,11.98,12.49,11.98,12.45,23.5947,73035.0,0.0,1.0
2013-05-31,12.31,12.35,12.06,12.26,23.2346,61997.0,0.0,1.0
2013-06-03,12.39,12.76,12.39,12.63,23.9358,51296.0,0.0,1.0
2013-06-04,12.32,12.47,12.3,12.4032,23.506,30798.0,0.0,1.0
2013-06-05,12.436,12.63,12.36,12.4372,23.5704,45265.0,0.0,1.0
2013-06-06,12.33,12.65,12.326,12.5299,23.7461,43464.0,0.0,1.0
2013-06-07,12.27,12.27,11.94,11.99,22.7229,78903.0,0.0,1.0
2013-06-10,11.98,12.09,11.76,12.0,22.7419,26162.0,0.0,1.0
2013-06-11,11.74,11.83,11.47,11.47,21.7374,55115.0,0.0,1.0
2013-06-12,11.53,11.8499,11.53,11.65,22.0786,64441.0,0.0,1.0
2013-06-13,11.61,11.759,11.52,11.75,22.2681,19894.0,0.0,1.0
2013-06-14,11.8,11.92,11.56,11.56,21.908,45644.0,0.0,1.0
2013-06-17,11.5899,11.63,11.5448,11.6001,21.984,15589.0,0.0,1.0
2013-06-18,11.4699,11.4699,11.2738,11.2931,21.4022,23004.0,0.0,1.0
2013-06-19,11.3,11.37,10.9462,10.9499,20.7518,67245.0,0.0,1.0
2013-06-20,10.33,10.4,9.9394,10.05,19.0463,282241.0,0.0,1.0
2013-06-21,10.16,10.2063,9.89,10.18,19.2927,99013.0,0.0,1.0
2013-06-24,10.04,10.04,9.61,9.71,18.402,109566.0,0.0,1.0
2013-06-25,9.76,9.81,9.6,9.7,18.383,63623.0,0.0,1.0
2013-06-26,9.33,9.3626,9.17,9.19,17.4165,85518.0,0.0,1.0
2013-06-27,9.28,9.34,9.1401,9.25,17.6937,150594.0,0.0863,1.0
2013-06-28,9.23,10.03,9.22,10.0,19.1283,117204.0,0.0,1.0
2013-07-01,10.09,10.2,9.91,10.02,19.1666,126070.0,0.0,1.0
2013-07-02,10.03,10.07,9.56,9.68,18.5162,72674.0,0.0,1.0
2013-07-03,9.77,9.87,9.73,9.79,18.7266,9867.0,0.0,1.0
2013-07-05,9.42,9.44,9.3099,9.42,18.0189,82091.0,0.0,1.0
2013-07-08,9.52,9.5631,9.3699,9.39,17.9615,45677.0,0.0,1.0
2013-07-09,9.46,9.6,9.39,9.42,18.0189,50171.0,0.0,1.0
2013-07-10,9.42,9.5801,9.36,9.45,18.0763,29579.0,0.0,1.0
2013-07-11,9.81,10.2025,9.81,10.17,19.4535,56446.0,0.0,1.0
2013-07-12,10.15,10.15,9.97,9.97,19.0709,38776.0,0.0,1.0
2013-07-15,10.02,10.0659,9.95,10.03,19.1857,24347.0,0.0,1.0
2013-07-16,10.05,10.46,10.05,10.46,20.0082,106356.0,0.0,1.0
2013-07-17,10.5,10.599,10.16,10.25,19.6065,121007.0,0.0,1.0
2013-07-18,10.35,10.35,10.15,10.15,19.4153,76849.0,0.0,1.0
2013-07-19,10.26,10.55,10.254,10.55,20.1804,58743.0,0.0,1.0
2013-07-22,10.92,11.3399,10.92,11.21,21.4429,75449.0,0.0,1.0
2013-07-23,11.31,11.61,11.14,11.61,22.208,77686.0,0.0,1.0
2013-07-24,11.54,11.54,10.85,11.0399,21.1175,88214.0,0.0,1.0
2013-07-25,11.03,11.2423,11.03,11.13,21.2898,27711.0,0.0,1.0
2013-07-26,11.05,11.25,10.9199,11.17,21.3663,43822.0,0.0,1.0
2013-07-29,11.18,11.26,11.11,11.19,21.4046,14710.0,0.0,1.0
2013-07-30,11.25,11.25,10.99,11.0348,21.1077,38411.0,0.0,1.0
2013-07-31,11.0,11.1337,10.66,10.9118,20.8724,203677.0,0.0,1.0
2013-08-01,11.01,11.01,10.67,10.68,20.4291,59300.0,0.0,1.0
2013-08-02,10.63,10.79,10.451,10.4799,20.0463,57301.0,0.0,1.0
2013-08-05,10.53,10.6,10.41,10.44,19.97,17016.0,0.0,1.0
2013-08-06,10.3,10.3,9.84,9.84,18.8223,55581.0,0.0,1.0
2013-08-07,9.81,9.9323,9.75,9.75,18.6501,206089.0,0.0,1.0
2013-08-08,9.84,10.5499,9.84,10.51,20.1039,71586.0,0.0,1.0
2013-08-09,10.41,10.8199,10.3,10.68,20.4291,83304.0,0.0,1.0
2013-08-12,10.97,11.35,10.97,11.35,21.7106,87175.0,0.0,1.0
2013-08-13,11.36,11.36,11.06,11.1,21.2324,41586.0,0.0,1.0
2013-08-14,11.05,11.66,11.05,11.5501,22.0934,63477.0,0.0,1.0
2013-08-15,11.5,12.14,11.4366,12.06,23.0688,85557.0,0.0,1.0
2013-08-16,12.26,12.46,11.95,12.0,22.954,116521.0,0.0,1.0
2013-08-19,12.08,12.08,11.83,11.88,22.7245,43730.0,0.0,1.0
2013-08-20,11.91,12.27,11.879,12.196,23.3289,123110.0,0.0,1.0
2013-08-21,12.18,12.18,11.787,11.787,22.5466,74099.0,0.0,1.0
2013-08-22,11.87,12.07,11.81,11.87,22.7053,26275.0,0.0,1.0
2013-08-23,11.91,12.29,11.89,12.22,23.3748,137611.0,0.0,1.0
2013-08-26,12.41,12.5,12.2301,12.37,23.6617,89989.0,0.0,1.0
2013-08-27,12.6,12.72,11.94,11.96,22.8775,193601.0,0.0,1.0
2013-08-28,12.06,12.2622,11.67,11.7499,22.4756,82322.0,0.0,1.0
2013-08-29,11.7,11.9,11.42,11.67,22.3228,117132.0,0.0,1.0
2013-08-30,11.53,11.7736,11.51,11.68,22.3419,100454.0,0.0,1.0
2013-09-03,11.84,11.844,11.7201,11.73,22.4375,26176.0,0.0,1.0
2013-09-04,11.53,11.776,11.53,11.768,22.5102,55178.0,0.0,1.0
2013-09-05,11.71,11.71,11.33,11.42,21.8445,22748.0,0.0,1.0
2013-09-06,11.57,11.67,11.52,11.6,22.1889,28454.0,0.0,1.0
2013-09-09,11.54,11.66,11.49,11.58,22.1506,27767.0,0.0,1.0
2013-09-10,11.35,11.35,11.01,11.1,21.2324,117146.0,0.0,1.0
2013-09-11,11.15,11.18,10.94,11.17,21.3663,36734.0,0.0,1.0
2013-09-12,10.76,10.8,10.5301,10.56,20.1995,44465.0,0.0,1.0
2013-09-13,10.5,10.71,10.48,10.7,20.4673,69509.0,0.0,1.0
2013-09-16,10.71,10.82,10.61,10.6187,20.3118,52688.0,0.0,1.0
2013-09-17,10.72,10.76,10.5924,10.76,20.5821,12188.0,0.0,1.0
2013-09-18,10.68,11.7475,10.58,11.7,22.3801,66272.0,0.0,1.0
2013-09-19,11.73,11.7499,11.18,11.3,21.615,143184.0,0.0,1.0
2013-09-20,11.21,11.21,10.57,10.64,20.3525,489568.0,0.0,1.0
2013-09-23,10.57,10.84,10.4601,10.51,20.1039,50250.0,0.0,1.0
2013-09-24,10.51,10.67,10.3999,10.55,20.1804,158769.0,0.0,1.0
2013-09-25,10.66,10.91,10.6501,10.81,20.6777,37504.0,0.0,1.0
2013-09-26,10.8191,10.8191,10.52,10.58,20.2378,36221.0,0.0,1.0
2013-09-27,10.67,10.84,10.571,10.63,20.3334,47231.0,0.0,1.0
2013-09-30,10.5,10.72,10.47,10.6,20.276,29604.0,0.0,1.0
2013-10-01,10.36,10.415,10.23,10.32,19.7404,149638.0,0.0,1.0
2013-10-02,10.46,10.6,10.34,10.37,19.8361,105209.0,0.0,1.0
2013-10-03,10.3687,10.5,10.24,10.24,19.5874,37718.0,0.0,1.0
2013-10-04,10.31,10.35,10.22,10.2699,19.6446,46459.0,0.0,1.0
2013-10-07,10.34,10.45,10.3107,10.4116,19.9156,26534.0,0.0,1.0
2013-10-08,10.46,10.49,10.1,10.1174,19.3529,15804.0,0.0,1.0
2013-10-09,10.02,10.2,9.86,10.12,19.3579,127673.0,0.0,1.0
2013-10-10,10.08,10.2053,10.02,10.03,19.1857,28086.0,0.0,1.0
2013-10-11,9.92,9.92,9.78,9.85,18.8414,93908.0,0.0,1.0
2013-10-14,9.95,9.95,9.78,9.87,18.8797,51009.0,0.0,1.0
2013-10-15,9.79,10.0496,9.7699,10.02,19.1666,50601.0,0.0,1.0
2013-10-16,10.02,10.06,9.8701,9.929,18.9925,47945.0,0.0,1.0
2013-10-17,10.24,10.54,10.24,10.39,19.8743,57699.0,0.0,1.0
2013-10-18,10.45,10.51,10.3322,10.3581,19.8133,40112.0,0.0,1.0
2013-10-21,10.37,10.57,10.37,10.56,20.1995,24478.0,0.0,1.0
2013-10-22,10.73,11.0799,10.73,11.06,21.1559,100177.0,0.0,1.0
2013-10-23,11.008,11.0632,10.7301,10.76,20.5821,25923.0,0.0,1.0
2013-10-24,10.95,11.149,10.95,11.07,21.1751,51520.0,0.0,1.0
2013-10-25,11.07,11.2399,10.99,11.21,21.4429,73294.0,0.0,1.0
2013-10-28,11.28,11.4,11.071,11.34,21.6915,41780.0,0.0,1.0
2013-10-29,11.29,11.29,10.99,11.0299,21.0984,50617.0,0.0,1.0
2013-10-30,11.1,11.22,10.77,11.14,21.309,67061.0,0.0,1.0
2013-10-31,11.0,11.0,10.73,10.7328,20.53,48932.0,0.0,1.0
2013-11-01,10.6,10.6,10.28,10.31,19.7213,98952.0,0.0,1.0
2013-11-04,10.42,10.5913,10.41,10.5913,20.2594,81680.0,0.0,1.0
2013-11-05,10.66,10.66,10.3875,10.49,20.0656,83265.0,0.0,1.0
2013-11-06,10.64,10.65,10.58,10.6199,20.3141,39347.0,0.0,1.0
2013-11-07,10.52,10.6,10.3793,10.3793,19.8539,15572.0,0.0,1.0
2013-11-08,10.3,10.33,10.07,10.33,19.7596,140418.0,0.0,1.0
2013-11-11,10.2799,10.35,10.16,10.31,19.7213,34829.0,0.0,1.0
2013-11-12,10.27,10.34,10.11,10.17,19.4535,25862.0,0.0,1.0
2013-11-13,10.3,10.3,10.13,10.22,19.5491,29536.0,0.0,1.0
2013-11-14,10.31,10.45,10.3073,10.44,19.97,33083.0,0.0,1.0
2013-11-15,10.53,10.53,10.33,10.33,19.7596,49605.0,0.0,1.0
2013-11-18,10.25,10.25,10.0821,10.09,19.3005,66131.0,0.0,1.0
2013-11-19,10.09,10.18,10.05,10.13,19.377,85193.0,0.0,1.0
2013-11-20,10.06,10.07,9.7,9.78,18.7075,125496.0,0.0,1.0
2013-11-21,9.71,9.71,9.48,9.59,18.3441,217791.0,0.0,1.0
2013-11-22,9.6,9.72,9.49,9.5,18.1719,77842.0,0.0,1.0
2013-11-25,9.42,9.53,9.2,9.42,18.0189,100936.0,0.0,1.0
2013-11-26,9.38,9.38,9.23,9.2684,17.7289,31047.0,0.0,1.0
2013-11-27,9.32,9.46,9.2199,9.27,17.732,54214.0,0.0,1.0
2013-11-29,9.45,9.51,9.4028,9.41,17.9998,38220.0,0.0,1.0
2013-12-02,9.26,9.41,8.9206,9.0,17.2155,148127.0,0.0,1.0
2013-12-03,8.92,8.929,8.76,8.76,16.7564,136686.0,0.0,1.0
2013-12-04,8.81,9.0647,8.72,8.9847,17.1862,116605.0,0.0,1.0
2013-12-05,8.87,8.91,8.75,8.78,16.7947,135970.0,0.0,1.0
2013-12-06,8.8774,8.93,8.7501,8.77,16.7755,278533.0,0.0,1.0
2013-12-09,8.81,8.97,8.81,8.95,17.1199,52380.0,0.0,1.0
2013-12-10,9.17,9.43,9.17,9.33,17.8467,234876.0,0.0,1.0
2013-12-11,9.44,9.44,9.03,9.03,17.2729,74201.0,0.0,1.0
2013-12-12,8.82,8.97,8.76,8.94,17.1007,142397.0,0.0,1.0
2013-12-13,9.0,9.14,8.97,9.03,17.2729,148531.0,0.0,1.0
2013-12-16,9.13,9.19,9.01,9.1,17.4068,110128.0,0.0,1.0
2013-12-17,8.95,9.06,8.91,9.03,17.2729,174573.0,0.0,1.0
2013-12-18,9.07,9.19,8.86,8.9,17.1179,92852.0,0.049,1.0
2013-12-19,8.86,8.8675,8.67,8.74,16.8101,183022.0,0.0,1.0
2013-12-20,8.75,8.85,8.71,8.78,16.8871,288659.0,0.0,1.0
2013-12-23,8.7,8.78,8.7,8.73,16.7909,100680.0,0.0,1.0
2013-12-24,8.83,9.04,8.79,9.04,17.3872,81713.0,0.0,1.0
2013-12-26,9.13,9.15,8.97,9.04,17.3872,66444.0,0.0,1.0
2013-12-27,9.01,9.11,9.01,9.09,17.4833,195895.0,0.0,1.0
2013-12-30,9.01,9.23,8.9,8.91,17.1371,78436.0,0.0,1.0
2013-12-31,8.85,9.1199,8.81,9.11,17.5218,157021.0,0.0,1.0
2014-01-02,9.35,9.496,9.34,9.43,18.1373,108759.0,0.0,1.0
2014-01-03,9.53,9.54,9.4,9.4019,18.0832,97053.0,0.0,1.0
2014-01-06,9.55,9.57,9.4384,9.45,18.1757,116502.0,0.0,1.0
2014-01-07,9.42,9.42,9.2801,9.41,18.0988,54109.0,0.0,1.0
2014-01-08,9.33,9.33,9.23,9.2581,17.8066,36059.0,0.0,1.0
2014-01-09,9.29,9.29,9.12,9.1499,17.5985,77842.0,0.0,1.0
2014-01-10,9.26,9.459,9.26,9.4299,18.1371,102659.0,0.0,1.0
2014-01-13,9.47,9.646,9.4,9.646,18.5527,73121.0,0.0,1.0
2014-01-14,9.65,9.72,9.47,9.51,18.2911,80358.0,0.0,1.0
2014-01-15,9.46,9.59,9.38,9.52,18.3104,85829.0,0.0,1.0
2014-01-16,9.63,9.67,9.58,9.6306,18.5231,39406.0,0.0,1.0
2014-01-17,9.7,10.0,9.7,9.98,19.1951,124975.0,0.0,1.0
2014-01-21,9.99,10.17,9.85,10.14,19.5028,101135.0,0.0,1.0
2014-01-22,10.14,10.14,9.85,9.85,18.9451,62622.0,0.0,1.0
2014-01-23,10.1,10.2899,10.0899,10.1599,19.5411,194551.0,0.0,1.0
2014-01-24,10.38,10.391,9.951,10.12,19.4644,178270.0,0.0,1.0
2014-01-27,10.07,10.07,9.8,9.8,18.8489,39875.0,0.0,1.0
2014-01-28,9.95,10.01,9.8,9.99,19.2143,45213.0,0.0,1.0
2014-01-29,10.11,10.25,9.96,10.24,19.6952,155716.0,0.0,1.0
2014-01-30,10.0,10.08,9.86,10.02,19.272,43948.0,0.0,1.0
2014-01-31,9.0,9.1,8.89,8.93,17.1756,28370.0,0.0,1.0
2014-02-03,9.96,10.19,9.95,9.95,19.1374,126221.0,0.0,1.0
2014-02-04,9.95,10.06,9.92,10.03,19.2913,32686.0,0.0,1.0
2014-02-05,10.19,10.19,9.92,9.92,19.0797,23755.0,0.0,1.0
2014-02-06,9.95,9.985,9.85,9.89,19.022,42125.0,0.0,1.0
2014-02-07,10.0,10.23,10.0,10.17,19.5605,86636.0,0.0,1.0
2014-02-10,10.69,10.69,10.38,10.54,20.2722,84949.0,0.0,1.0
2014-02-11,10.69,10.94,10.66,10.89,20.9454,102333.0,0.0,1.0
2014-02-12,10.93,10.93,10.56,10.5889,20.3662,55869.0,0.0,1.0
2014-02-13,10.58,10.999,10.58,10.98,21.1185,54090.0,0.0,1.0
2014-02-14,11.14,11.3047,11.0873,11.2,21.5416,92814.0,0.0,1.0
2014-02-18,11.36,11.36,11.12,11.2723,21.6807,136063.0,0.0,1.0
2014-02-19,11.24,11.24,10.88,10.916,20.9954,114393.0,0.0,1.0
2014-02-20,11.04,11.3363,10.995,11.28,21.6955,44595.0,0.0,1.0
2014-02-21,11.33,11.42,11.1668,11.28,21.6955,53394.0,0.0,1.0
2014-02-24,11.49,11.49,11.36,11.38,21.8878,63581.0,0.0,1.0
2014-02-25,11.36,11.43,11.23,11.24,21.6185,62637.0,0.0,1.0
2014-02-26,11.23,11.23,11.0,11.06,21.2723,39863.0,0.0,1.0
2014-02-27,11.05,11.27,11.04,11.0872,21.3247,28757.0,0.0,1.0
2014-02-28,11.23,11.23,10.92,10.98,21.1185,70208.0,0.0,1.0
2014-03-03,11.36,11.43,11.2,11.22,21.5801,59577.0,0.0,1.0
2014-03-04,10.98,11.19,10.95,11.14,21.4262,46429.0,0.0,1.0
2014-03-05,11.16,11.2499,11.1,11.2399,21.6184,17298.0,0.0,1.0
2014-03-06,11.35,11.459,11.31,11.415,21.9551,63397.0,0.0,1.0
2014-03-07,11.3,11.31,11.08,11.2,21.5416,87252.0,0.0,1.0
2014-03-10,11.22,11.2876,11.0465,11.06,21.2723,44982.0,0.0,1.0
2014-03-11,11.14,11.41,11.07,11.13,21.407,292976.0,0.0,1.0
2014-03-12,11.4,11.44,11.27,11.44,22.0032,53178.0,0.0,1.0
2014-03-13,11.44,11.7199,11.4137,11.69,22.4841,99180.0,0.0,1.0
2014-03-14,11.81,11.8994,11.66,11.75,22.5995,112748.0,0.0,1.0
2014-03-17,11.8,11.82,11.47,11.47,22.0609,107893.0,0.0,1.0
2014-03-18,11.34,11.4234,11.24,11.33,21.7916,44775.0,0.0,1.0
2014-03-19,11.25,11.2697,10.91,10.91,20.9838,82960.0,0.0,1.0
2014-03-20,10.86,11.01,10.63,10.87,20.9069,69025.0,0.0,1.0
2014-03-21,10.99,11.08,10.77,10.88,20.9261,127796.0,0.0,1.0
2014-03-24,10.74,10.78,10.43,10.44,20.0799,71074.0,0.0,1.0
2014-03-25,10.49,10.59,10.4401,10.5295,20.252,22301.0,0.0,1.0
2014-03-26,10.55,10.55,10.06,10.06,19.349,94526.0,0.0,1.0
2014-03-27,10.0,10.18,10.0,10.14,19.5028,40313.0,0.0,1.0
2014-03-28,10.13,10.38,10.1,10.34,19.8875,38335.0,0.0,1.0
2014-03-31,10.34,10.34,10.1,10.1,19.4259,28775.0,0.0,1.0
2014-04-01,10.15,10.17,10.0698,10.11,19.4451,17572.0,0.0,1.0
2014-04-02,10.29,10.42,10.29,10.4,20.0029,31614.0,0.0,1.0
2014-04-03,10.3,10.3,10.15,10.22,19.6567,23257.0,0.0,1.0
2014-04-04,10.49,10.52,10.36,10.36,19.926,26927.0,0.0,1.0
2014-04-07,10.36,10.4875,10.33,10.37,19.9452,33943.0,0.0,1.0
2014-04-08,10.64,10.64,10.51,10.63,20.4453,23809.0,0.0,1.0
2014-04-09,10.58,10.74,10.53,10.6801,20.5417,58860.0,0.0,1.0
2014-04-10,10.82,10.82,10.5201,10.5592,20.3091,29943.0,0.0,1.0
2014-04-11,10.53,10.5999,10.38,10.406,20.0145,17681.0,0.0,1.0
2014-04-14,10.62,10.63,10.4849,10.5599,20.3105,21520.0,0.0,1.0
2014-04-15,10.25,10.31,10.12,10.25,19.7144,51367.0,0.0,1.0
2014-04-16,10.3,10.3,10.15,10.2101,19.6377,29683.0,0.0,1.0
2014-04-17,10.15,10.2692,10.07,10.13,19.4836,48552.0,0.0,1.0
2014-04-21,10.11,10.2599,10.0,10.029,19.2894,53844.0,0.0,1.0
2014-04-22,10.0,10.1899,10.0,10.1501,19.5223,27699.0,0.0,1.0
2014-04-23,10.13,10.4172,10.13,10.37,19.9452,64730.0,0.0,1.0
2014-04-24,10.31,10.4399,10.19,10.25,19.7144,31240.0,0.0,1.0
2014-04-25,10.33,10.43,10.314,10.39,19.9837,20261.0,0.0,1.0
2014-04-28,10.35,10.36,10.26,10.32,19.8491,28932.0,0.0,1.0
2014-04-29,10.3299,10.42,10.28,10.37,19.9452,40732.0,0.0,1.0
2014-04-30,10.3,10.37,10.2608,10.28,19.7721,40509.0,0.0,1.0
2014-05-01,10.25,10.28,10.18,10.2028,19.6236,33813.0,0.0,1.0
2014-05-02,10.2,10.35,10.18,10.32,19.8491,19884.0,0.0,1.0
2014-05-05,10.43,10.46,10.37,10.42,20.0414,32425.0,0.0,1.0
2014-05-06,10.45,10.45,10.37,10.4,20.0029,29697.0,0.0,1.0
2014-05-07,10.4,10.4,10.15,10.2,19.6183,55991.0,0.0,1.0
2014-05-08,10.141,10.25,10.13,10.1694,19.5594,43270.0,0.0,1.0
2014-05-09,10.1984,10.2,10.1,10.16,19.5413,9801.0,0.0,1.0
2014-05-12,10.28,10.32,10.16,10.223,19.6625,21852.0,0.0,1.0
2014-05-13,10.14,10.3055,10.14,10.2,19.6183,60010.0,0.0,1.0
2014-05-14,10.29,10.37,10.27,10.3365,19.8808,18009.0,0.0,1.0
2014-05-15,10.25,10.28,10.1,10.11,19.4451,35860.0,0.0,1.0
2014-05-16,10.08,10.08,10.02,10.03,19.2913,17838.0,0.0,1.0
2014-05-19,10.2,10.2,10.02,10.02,19.272,19200.0,0.0,1.0
2014-05-20,10.01,10.08,9.95,10.01,19.2528,43706.0,0.0,1.0
2014-05-21,9.96,10.06,9.95,10.0599,19.3488,15633.0,0.0,1.0
2014-05-22,10.13,10.13,10.0,10.0187,19.2695,13939.0,0.0,1.0
2014-05-23,10.02,10.06,9.96,9.97,19.1759,42555.0,0.0,1.0
2014-05-27,9.91,9.91,9.6,9.615,18.4931,128061.0,0.0,1.0
2014-05-28,9.62,9.62,9.4,9.44,18.1565,353639.0,0.0,1.0
2014-05-29,9.44,9.59,9.44,9.4901,18.2529,35685.0,0.0,1.0
2014-05-30,9.51,9.6,9.4,9.5899,18.4448,87958.0,0.0,1.0
2014-06-02,9.58,9.6,9.4875,9.54,18.3488,345968.0,0.0,1.0
2014-06-03,9.5,9.6,9.4228,9.5422,18.3531,61792.0,0.0,1.0
2014-06-04,9.51,9.6,9.5,9.54,18.3488,32832.0,0.0,1.0
2014-06-05,9.52,9.7,9.51,9.65,18.5604,35694.0,0.0,1.0
2014-06-06,9.59,9.71,9.53,9.65,18.5604,49839.0,0.0,1.0
2014-06-09,9.69,9.71,9.6201,9.67,18.5989,98747.0,0.0,1.0
2014-06-10,9.61,9.87,9.61,9.8296,18.9058,75875.0,0.0,1.0
2014-06-11,9.89,10.0,9.8701,9.99,19.2143,50294.0,0.0,1.0
2014-06-12,10.16,10.24,10.04,10.23,19.676,83020.0,0.0,1.0
2014-06-13,10.25,10.2778,10.03,10.25,19.7144,70493.0,0.0,1.0
2014-06-16,10.23,10.28,10.22,10.23,19.676,44013.0,0.0,1.0
2014-06-17,10.17,10.287,10.0534,10.27,19.7529,30745.0,0.0,1.0
2014-06-18,10.3,10.48,10.25,10.47,20.1376,36838.0,0.0,1.0
2014-06-19,10.61,11.0,10.61,11.0,21.1569,97646.0,0.0,1.0
2014-06-20,10.97,11.04,10.81,10.9208,21.0046,52727.0,0.0,1.0
2014-06-23,10.91,11.1,10.8001,11.06,21.2723,56441.0,0.0,1.0
2014-06-24,11.16,11.18,10.79,10.8,20.7723,61500.0,0.0,1.0
2014-06-25,10.78,10.87,10.76,10.8101,20.8559,36881.0,0.0334,1.0
2014-06-26,10.81,10.9,10.71,10.87,20.9715,53397.0,0.0,1.0
2014-06-27,10.96,11.0,10.83,10.96,21.1451,22371.0,0.0,1.0
2014-06-30,10.93,11.16,10.8155,11.06,21.338,200938.0,0.0,1.0
2014-07-01,11.09,11.19,11.0,11.06,21.338,54360.0,0.0,1.0
2014-07-02,11.03,11.21,11.03,11.11,21.4345,65722.0,0.0,1.0
2014-07-03,11.0,11.0999,10.87,11.0686,21.3546,25266.0,0.0,1.0
2014-07-07,10.93,11.0,10.93,10.98,21.1837,22411.0,0.0,1.0
2014-07-08,11.05,11.09,10.92,11.09,21.3959,35181.0,0.0,1.0
2014-07-09,11.11,11.43,11.11,11.42,22.0326,73623.0,0.0,1.0
2014-07-10,11.64,11.68,11.2301,11.26,21.7239,50016.0,0.0,1.0
2014-07-11,11.29,11.47,11.22,11.42,22.0326,25696.0,0.0,1.0
2014-07-14,11.18,11.32,11.03,11.17,21.5503,70082.0,0.0,1.0
2014-07-15,11.26,11.32,10.9,10.9,21.0294,50082.0,0.0,1.0
2014-07-16,10.94,11.14,10.9181,11.0861,21.3884,15955.0,0.0,1.0
2014-07-17,11.107,11.37,11.107,11.37,21.9361,28192.0,0.0,1.0
2014-07-18,11.26,11.32,11.18,11.32,21.8397,31382.0,0.0,1.0
2014-07-21,11.32,11.37,11.2308,11.306,21.8127,10625.0,0.0,1.0
2014-07-22,11.25,11.327,11.22,11.3004,21.8018,52106.0,0.0,1.0
2014-07-23,11.37,11.37,11.179,11.179,21.5676,16458.0,0.0,1.0
2014-07-24,11.11,11.11,10.97,11.0099,21.2414,27696.0,0.0,1.0
2014-07-25,11.04,11.25,11.0399,11.25,21.7046,19306.0,0.0,1.0
2014-07-28,11.21,11.37,11.21,11.36,21.9168,14103.0,0.0,1.0
2014-07-29,11.35,11.37,11.261,11.3,21.8011,70865.0,0.0,1.0
2014-07-30,11.36,11.36,11.06,11.23,21.666,23828.0,0.0,1.0
2014-07-31,11.12,11.12,10.92,10.93,21.0872,49002.0,0.0,1.0
2014-08-01,11.09,11.1799,10.97,11.04,21.2995,6889.0,0.0,1.0
2014-08-04,11.11,11.11,10.8,10.99,21.203,44458.0,0.0,1.0
2014-08-05,10.78,10.9499,10.78,10.9499,21.1256,23844.0,0.0,1.0
2014-08-06,11.07,11.15,11.02,11.1328,21.4785,62940.0,0.0,1.0
2014-08-07,11.22,11.22,11.05,11.18,21.5696,22963.0,0.0,1.0
2014-08-08,11.15,11.2899,11.14,11.14,21.4924,12253.0,0.0,1.0
2014-08-11,11.19,11.27,11.07,11.224,21.6544,12922.0,0.0,1.0
2014-08-12,11.25,11.51,11.25,11.3701,21.9363,64839.0,0.0,1.0
2014-08-13,11.35,11.5,11.35,11.44,22.0712,45695.0,0.0,1.0
2014-08-14,11.47,11.52,11.38,11.38,21.9554,24762.0,0.0,1.0
2014-08-15,11.25,11.37,11.18,11.307,21.8146,22047.0,0.0,1.0
2014-08-18,11.25,11.34,11.1735,11.34,21.8782,67414.0,0.0,1.0
2014-08-19,11.29,11.34,11.16,11.24,21.6853,32448.0,0.0,1.0
2014-08-20,11.21,11.25,11.13,11.22,21.6467,35456.0,0.0,1.0
2014-08-21,11.06,11.0699,10.91,10.94,21.1065,47484.0,0.0,1.0
2014-08-22,10.93,11.01,10.91,10.9268,21.0811,19042.0,0.0,1.0
2014-08-25,10.93,10.93,10.81,10.84,20.9136,35803.0,0.0,1.0
2014-08-26,10.96,11.0,10.89,10.99,21.203,25544.0,0.0,1.0
2014-08-27,10.96,11.0599,10.96,11.0,21.2223,17719.0,0.0,1.0
2014-08-28,11.27,11.27,11.0693,11.15,21.5117,10907.0,0.0,1.0
2014-08-29,11.16,11.25,11.14,11.21,21.6274,26287.0,0.0,1.0
2014-09-02,11.13,11.13,10.91,10.91,21.0486,124162.0,0.0,1.0
2014-09-03,10.93,10.93,10.86,10.88,20.9908,15872.0,0.0,1.0
2014-09-04,10.9,10.97,10.51,10.5999,20.4504,86857.0,0.0,1.0
2014-09-05,10.61,10.61,10.4001,10.41,20.084,38666.0,0.0,1.0
2014-09-08,10.34,10.55,10.23,10.2387,19.7535,50952.0,0.0,1.0
2014-09-09,10.23,10.3008,10.09,10.3008,19.8733,218844.0,0.0,1.0
2014-09-10,10.17,10.25,10.09,10.18,19.6403,279649.0,0.0,1.0
2014-09-11,10.13,10.2299,10.03,10.2299,19.7365,90809.0,0.0,1.0
2014-09-12,10.09,10.25,10.07,10.1,19.4859,94747.0,0.0,1.0
2014-09-15,10.1,10.15,10.03,10.1399,19.5629,54603.0,0.0,1.0
2014-09-16,10.2,10.27,10.01,10.14,19.5631,47710.0,0.0,1.0
2014-09-17,10.21,10.21,9.78,9.86,19.0229,202407.0,0.0,1.0
2014-09-18,9.88,9.98,9.75,9.82,18.9457,78405.0,0.0,1.0
2014-09-19,9.84,9.85,9.5352,9.59,18.502,65282.0,0.0,1.0
2014-09-22,9.53,9.53,9.34,9.38,18.0968,80904.0,0.0,1.0
2014-09-23,9.45,9.5699,9.43,9.51,18.3476,25731.0,0.0,1.0
2014-09-24,9.51,9.55,9.41,9.44,18.2126,88253.0,0.0,1.0
2014-09-25,9.44,9.49,9.25,9.43,18.1933,83282.0,0.0,1.0
2014-09-26,9.43,9.43,9.26,9.31,17.9618,128453.0,0.0,1.0
2014-09-29,9.35,9.3799,9.25,9.26,17.8653,27331.0,0.0,1.0
2014-09-30,9.27,9.27,9.05,9.11,17.5759,49113.0,0.0,1.0
2014-10-01,9.12,9.1702,9.07,9.07,17.4987,38551.0,0.0,1.0
2014-10-02,9.16,9.1813,9.055,9.18,17.711,22432.0,0.0,1.0
2014-10-03,9.07,9.07,8.74,8.75,16.8814,158920.0,0.0,1.0
2014-10-06,8.89,9.0,8.8,8.96,17.2865,52681.0,0.0,1.0
2014-10-07,8.94,8.97,8.68,8.68,16.7463,40586.0,0.0,1.0
2014-10-08,8.8001,9.27,8.53,9.27,17.8846,42969.0,0.0,1.0
2014-10-09,9.3,9.3,8.78,8.8799,17.132,40496.0,0.0,1.0
2014-10-10,8.87,9.002,8.65,8.73,16.8428,52696.0,0.0,1.0
2014-10-13,8.86,9.0604,8.8401,8.92,17.2093,37922.0,0.0,1.0
2014-10-14,9.0,9.1,8.89,8.93,17.2286,28370.0,0.0,1.0
2014-10-15,8.95,9.12,8.85,8.93,17.2286,51831.0,0.0,1.0
2014-10-16,8.9,9.06,8.8,8.9,17.1708,29183.0,0.0,1.0
2014-10-17,8.98,9.0,8.69,8.69,16.7656,56197.0,0.0,1.0
2014-10-20,8.73,8.83,8.692,8.8,16.9778,24481.0,0.0,1.0
2014-10-21,8.88,8.99,8.7674,8.77,16.9199,34905.0,0.0,1.0
2014-10-22,8.7,8.74,8.55,8.55,16.4955,40295.0,0.0,1.0
2014-10-23,8.5,8.59,8.4,8.55,16.4955,63623.0,0.0,1.0
2014-10-24,8.62,8.62,8.52,8.59,16.5727,33693.0,0.0,1.0
2014-10-27,8.47,8.49,8.38,8.38,16.1675,52802.0,0.0,1.0
2014-10-28,8.42,8.54,8.3623,8.49,16.3797,20033.0,0.0,1.0
2014-10-29,8.48,8.5,8.189,8.198,15.8164,67118.0,0.0,1.0
2014-10-30,7.42,7.526,7.25,7.25,13.9874,44047.0,0.0,1.0
2014-10-31,7.2,7.38,7.01,7.16,13.8138,161998.0,0.0,1.0
2014-11-03,7.29,7.4,7.15,7.38,14.2382,50724.0,0.0,1.0
2014-11-04,7.36,7.36,7.0823,7.1,13.698,156275.0,0.0,1.0
2014-11-05,7.0,7.09,6.8,6.84,13.1964,165305.0,0.0,1.0
2014-11-06,6.88,7.19,6.84,7.08,13.6594,128099.0,0.0,1.0
2014-11-07,7.15,7.58,7.15,7.5568,14.5793,527243.0,0.0,1.0
2014-11-10,7.56,7.56,7.1,7.15,13.7945,63384.0,0.0,1.0
2014-11-11,7.19,7.53,7.19,7.44,14.354,172631.0,0.0,1.0
2014-11-12,7.5,7.57,7.25,7.37,14.2189,125394.0,0.0,1.0
2014-11-13,7.42,7.526,7.25,7.25,13.9874,44047.0,0.0,1.0
2014-11-14,7.16,7.75,7.16,7.74,14.9328,120053.0,0.0,1.0
2014-11-17,7.72,7.87,7.63,7.84,15.1257,180288.0,0.0,1.0
2014-11-18,7.92,8.23,7.92,8.22,15.8588,81658.0,0.0,1.0
2014-11-19,8.22,8.22,7.8201,7.86,15.1643,137849.0,0.0,1.0
2014-11-20,7.94,8.07,7.8401,8.0,15.4344,43171.0,0.0,1.0
2014-11-21,8.19,8.21,7.9797,8.06,15.5501,231147.0,0.0,1.0
2014-11-24,8.07,8.13,7.93,7.98,15.3958,57957.0,0.0,1.0
2014-11-25,8.0,8.24,8.0,8.24,15.8974,32453.0,0.0,1.0
2014-11-26,8.27,8.27,8.08,8.1,15.6273,59458.0,0.0,1.0
2014-11-28,7.92,7.92,7.43,7.6,14.6627,131741.0,0.0,1.0
2014-12-01,7.72,8.0499,7.63,8.02,15.473,68722.0,0.0,1.0
2014-12-02,7.87,7.98,7.7,7.8,15.0485,141155.0,0.0,1.0
2014-12-03,7.84,8.05,7.84,7.94,15.3186,103897.0,0.0,1.0
2014-12-04,7.89,8.015,7.75,7.76,14.9714,30749.0,0.0,1.0
2014-12-05,7.76,7.76,7.55,7.56,14.5855,83185.0,0.0,1.0
2014-12-08,7.63,7.78,7.4101,7.68,14.817,384508.0,0.0,1.0
2014-12-09,7.85,8.12,7.78,7.94,15.3186,128099.0,0.0,1.0
2014-12-10,7.9941,8.1,7.74,7.78,15.0099,78270.0,0.0,1.0
2014-12-11,7.73,7.8299,7.59,7.74,14.9328,87749.0,0.0,1.0
2014-12-12,7.65,7.685,7.38,7.49,14.4504,182519.0,0.0,1.0
2014-12-15,7.39,7.49,7.006,7.01,13.5244,96664.0,0.0,1.0
2014-12-16,7.15,7.2,6.9,6.911,13.3334,153202.0,0.0,1.0
2014-12-17,6.98,7.26,6.93,7.2,13.948,128903.0,0.0296,1.0
2014-12-18,7.3,7.55,7.25,7.5399,14.6065,221820.0,0.0,1.0
2014-12-19,7.57,7.6,7.41,7.4399,14.4128,134944.0,0.0,1.0
2014-12-22,7.5,7.5,7.01,7.03,13.6187,225963.0,0.0,1.0
2014-12-23,7.08,7.29,6.94,6.94,13.4443,393350.0,0.0,1.0
2014-12-24,6.96,7.1872,6.95,7.1872,13.9232,75339.0,0.0,1.0
2014-12-26,7.25,7.45,7.15,7.3801,14.2969,146388.0,0.0,1.0
2014-12-29,7.42,7.42,7.12,7.28,14.103,128661.0,0.0,1.0
2014-12-30,7.28,7.59,7.28,7.5,14.5292,202762.0,0.0,1.0
2014-12-31,7.5,7.5,7.36,7.45,14.4323,140952.0,0.0,1.0
2015-01-02,7.35,7.65,7.32,7.63,14.781,97365.0,0.0,1.0
2015-01-05,7.66,7.7701,7.58,7.77,15.0522,87031.0,0.0,1.0
2015-01-06,7.82,8.34,7.82,8.31,16.0983,133250.0,0.0,1.0
2015-01-07,8.23,8.3,8.0,8.08,15.6528,97987.0,0.0,1.0
2015-01-08,8.15,8.29,7.97,7.99,15.4784,143910.0,0.0,1.0
2015-01-09,8.12,8.3618,8.12,8.3618,16.1987,56539.0,0.0,1.0
2015-01-12,8.34,8.79,8.34,8.7199,16.8924,100675.0,0.0,1.0
2015-01-13,8.89,8.89,8.23,8.23,15.9434,57619.0,0.0,1.0
2015-01-14,8.31,8.43,8.03,8.165,15.8174,109772.0,0.0,1.0
2015-01-15,8.46,8.76,8.46,8.73,16.912,87519.0,0.0,1.0
2015-01-16,8.9,9.2,8.86,9.02,17.4738,433366.0,0.0,1.0
2015-01-20,9.36,9.4,9.2,9.29,17.9968,195516.0,0.0,1.0
2015-01-21,9.47,9.47,9.0395,9.192,17.807,103141.0,0.0,1.0
2015-01-22,9.26,9.38,9.13,9.15,17.7256,101863.0,0.0,1.0
2015-01-23,9.1,9.11,8.82,8.89,17.2219,122379.0,0.0,1.0
2015-01-26,8.8,9.02,8.63,9.01,17.4544,104079.0,0.0,1.0
2015-01-27,9.04,9.35,9.04,9.3399,18.0935,147307.0,0.0,1.0
2015-01-28,9.29,9.29,8.9199,8.9901,17.4159,44307.0,0.0,1.0
2015-01-29,8.97,8.97,8.6556,8.846,17.1367,46975.0,0.0,1.0
2015-01-30,8.85,9.16,8.76,9.09,17.6094,63410.0,0.0,1.0
2015-02-02,9.02,9.3,9.0,9.17,17.7644,60245.0,0.0,1.0
2015-02-03,9.21,9.21,8.9301,9.0,17.435,47375.0,0.0,1.0
2015-02-04,9.05,9.18,8.99,9.06,17.5513,40606.0,0.0,1.0
2015-02-05,8.97,9.25,8.97,9.22,17.8612,44618.0,0.0,1.0
2015-02-06,8.9,8.99,8.75,8.77,16.9895,234736.0,0.0,1.0
2015-02-09,8.8,8.9599,8.8,8.87,17.1832,34248.0,0.0,1.0
2015-02-10,8.75,8.8,8.66,8.7,16.8539,60632.0,0.0,1.0
2015-02-11,8.74,8.74,8.53,8.54,16.5439,37984.0,0.0,1.0
2015-02-12,8.6,8.68,8.56,8.64,16.7376,32934.0,0.0,1.0
2015-02-13,8.69,8.7966,8.69,8.718,16.8887,29141.0,0.0,1.0
2015-02-17,8.49,8.53,8.36,8.42,16.3114,50811.0,0.0,1.0
2015-02-18,8.41,8.63,8.35,8.6201,16.6991,49309.0,0.0,1.0
2015-02-19,8.61,8.65,8.4,8.4,16.2727,32998.0,0.0,1.0
2015-02-20,8.47,8.59,8.425,8.43,16.3308,49386.0,0.0,1.0
2015-02-23,8.37,8.55,8.311,8.42,16.3114,141040.0,0.0,1.0
2015-02-24,8.4,8.42,8.3,8.395,16.263,18618.0,0.0,1.0
2015-02-25,8.61,8.61,8.47,8.54,16.5439,19090.0,0.0,1.0
2015-02-26,8.7,8.71,8.59,8.61,16.6795,108655.0,0.0,1.0
2015-02-27,8.69,8.84,8.69,8.77,16.9895,29215.0,0.0,1.0
2015-03-02,8.76,8.76,8.48,8.51,16.4858,141600.0,0.0,1.0
2015-03-03,8.51,8.5937,8.37,8.37,16.2146,31334.0,0.0,1.0
2015-03-04,8.35,8.36,8.19,8.23,15.9434,88630.0,0.0,1.0
2015-03-05,8.25,8.34,8.23,8.246,15.9744,24192.0,0.0,1.0
2015-03-06,8.25,8.25,7.62,7.66,14.8391,180927.0,0.0,1.0
2015-03-09,7.7,7.7,7.32,7.33,14.1999,95076.0,0.0,1.0
2015-03-10,7.32,7.4106,7.1,7.16,13.8705,63366.0,0.0,1.0
2015-03-11,7.16,7.38,7.03,7.37,14.2774,42218.0,0.0,1.0
2015-03-12,7.45,7.45,7.2799,7.31,14.1611,22083.0,0.0,1.0
2015-03-13,7.39,7.39,7.15,7.35,14.2386,21491.0,0.0,1.0
2015-03-16,7.39,7.4,7.21,7.33,14.1999,17803.0,0.0,1.0
2015-03-17,7.25,7.3699,7.22,7.22,13.9868,37370.0,0.0,1.0
2015-03-18,7.23,7.5901,7.16,7.58,14.6842,58443.0,0.0,1.0
2015-03-19,7.57,7.58,7.49,7.57,14.6648,21428.0,0.0,1.0
2015-03-20,7.62,7.85,7.62,7.78,15.0716,52557.0,0.0,1.0
2015-03-23,7.81,7.954,7.81,7.954,15.4087,30649.0,0.0,1.0
2015-03-24,8.01,8.01,7.91,7.97,15.4397,75029.0,0.0,1.0
2015-03-25,8.05,8.05,7.87,7.87,15.246,44494.0,0.0,1.0
2015-03-26,7.98,8.0694,7.7,7.73,14.9748,35895.0,0.0,1.0
2015-03-27,7.73,7.778,7.608,7.68,14.8779,24596.0,0.0,1.0
2015-03-30,7.6,7.6,7.46,7.5,14.5292,12491.0,0.0,1.0
2015-03-31,7.51,7.56,7.38,7.4,14.3355,19386.0,0.0,1.0
2015-04-01,7.46,7.8,7.46,7.79,15.091,147168.0,0.0,1.0
2015-04-02,7.78,7.869,7.68,7.7497,15.0129,56961.0,0.0,1.0
2015-04-06,7.95,8.034,7.9201,7.99,15.4784,30915.0,0.0,1.0
2015-04-07,7.98,8.0,7.82,7.86,15.2266,12643.0,0.0,1.0
2015-04-08,7.85,7.99,7.71,7.77,15.0522,30683.0,0.0,1.0
2015-04-09,7.71,7.77,7.6501,7.72,14.9554,13777.0,0.0,1.0
2015-04-10,7.82,7.97,7.82,7.97,15.4397,55716.0,0.0,1.0
2015-04-13,7.96,7.96,7.82,7.8499,15.207,45750.0,0.0,1.0
2015-04-14,7.9,7.99,7.89,7.93,15.3622,26752.0,0.0,1.0
2015-04-15,8.0,8.1709,7.9501,8.1604,15.8085,166106.0,0.0,1.0
2015-04-16,8.2,8.2205,8.07,8.09,15.6722,188011.0,0.0,1.0
2015-04-17,8.16,8.2,8.05,8.08,15.6528,34924.0,0.0,1.0
2015-04-20,8.04,8.14,8.0,8.13,15.7496,46577.0,0.0,1.0
2015-04-21,8.13,8.19,8.08,8.17,15.8271,44684.0,0.0,1.0
2015-04-22,8.14,8.17,7.91,7.94,15.3816,91414.0,0.0,1.0
2015-04-23,7.9,8.14,7.9,8.09,15.6722,89646.0,0.0,1.0
2015-04-24,8.08,8.1,7.9752,7.99,15.4784,126049.0,0.0,1.0
2015-04-27,8.03,8.31,8.03,8.17,15.8271,173093.0,0.0,1.0
2015-04-28,8.26,8.49,8.23,8.49,16.447,31184.0,0.0,1.0
2015-04-29,8.5,8.62,8.43,8.53,16.5245,97090.0,0.0,1.0
2015-04-30,8.28,8.3,8.1999,8.2599,16.0013,58568.0,0.0,1.0
2015-05-01,8.29,8.29,8.19,8.27,16.0209,53373.0,0.0,1.0
2015-05-04,8.46,8.46,8.29,8.32,16.1177,38368.0,0.0,1.0
2015-05-05,8.34,8.42,8.2,8.2501,15.9823,97783.0,0.0,1.0
2015-05-06,8.26,8.26,8.0301,8.0499,15.5945,105728.0,0.0,1.0
2015-05-07,7.97,8.02,7.85,8.02,15.5366,154570.0,0.0,1.0
2015-05-08,8.1,8.1301,7.97,8.1002,15.6919,25239.0,0.0,1.0
2015-05-11,8.13,8.17,8.0601,8.1,15.6915,150993.0,0.0,1.0
2015-05-12,8.16,8.26,8.12,8.238,15.9589,15727.0,0.0,1.0
2015-05-13,8.34,8.5,8.34,8.44,16.3502,44915.0,0.0,1.0
2015-05-14,8.55,8.6599,8.45,8.46,16.3889,69499.0,0.0,1.0
2015-05-15,8.43,8.55,8.3932,8.48,16.4277,34310.0,0.0,1.0
2015-05-18,8.56,8.56,8.4,8.4,16.2727,145171.0,0.0,1.0
2015-05-19,8.33,8.33,8.13,8.13,15.7496,148847.0,0.0,1.0
2015-05-20,8.17,8.24,8.15,8.15,15.7884,33546.0,0.0,1.0
2015-05-21,8.14,8.14,8.06,8.0977,15.6871,38728.0,0.0,1.0
2015-05-22,8.13,8.13,8.05,8.07,15.6334,24137.0,0.0,1.0
2015-05-26,7.94,7.95,7.75,7.78,15.0716,99621.0,0.0,1.0
2015-05-27,7.82,7.84,7.75,7.81,15.1297,15326.0,0.0,1.0
2015-05-28,7.78,7.8899,7.73,7.88,15.2653,15016.0,0.0,1.0
2015-05-29,7.91,7.9596,7.88,7.9092,15.3219,45703.0,0.0,1.0
2015-06-01,7.99,7.99,7.85,7.86,15.2266,84824.0,0.0,1.0
2015-06-02,7.91,8.0,7.91,7.969,15.4378,16586.0,0.0,1.0
2015-06-03,7.95,7.95,7.79,7.81,15.1297,49126.0,0.0,1.0
2015-06-04,7.75,7.75,7.66,7.7,14.9166,22201.0,0.0,1.0
2015-06-05,7.65,7.78,7.53,7.61,14.7423,40803.0,0.0,1.0
2015-06-08,7.67,7.67,7.546,7.64,14.8004,45551.0,0.0,1.0
2015-06-09,7.65,7.72,7.56,7.59,14.7035,52757.0,0.0,1.0
2015-06-10,7.73,7.73,7.61,7.63,14.781,88052.0,0.0,1.0
2015-06-11,7.61,7.616,7.52,7.54,14.6067,44616.0,0.0,1.0
2015-06-12,7.59,7.59,7.46,7.46,14.4517,41727.0,0.0,1.0
2015-06-15,7.47,7.55,7.41,7.4801,14.4906,20440.0,0.0,1.0
2015-06-16,7.51,7.51,7.35,7.35,14.2386,39727.0,0.0,1.0
2015-06-17,7.35,7.55,7.32,7.5499,14.6259,82810.0,0.0,1.0
2015-06-18,7.64,7.6999,7.6201,7.63,14.781,30798.0,0.0,1.0
2015-06-19,7.65,7.65,7.46,7.4753,14.4813,50323.0,0.0,1.0
2015-06-22,7.42,7.43,7.3602,7.38,14.2967,35031.0,0.0,1.0
2015-06-23,7.35,7.43,7.33,7.38,14.2967,37214.0,0.0,1.0
2015-06-24,7.35,7.41,7.33,7.368,14.2735,39353.0,0.0,1.0
2015-06-25,7.37,7.4,7.29,7.31,14.2213,18075.0,0.0311,1.0
2015-06-26,7.455,7.455,7.27,7.29,14.1824,34806.0,0.0,1.0
2015-06-29,7.35,7.35,7.19,7.19,13.9879,77705.0,0.0,1.0
2015-06-30,7.18,7.22,7.0901,7.14,13.8906,130332.0,0.0,1.0
2015-07-01,7.13,7.13,6.9491,6.963,13.5463,51579.0,0.0,1.0
2015-07-02,6.98,7.09,6.98,7.09,13.7933,67787.0,0.0,1.0
2015-07-06,7.0,7.2099,6.95,7.13,13.8712,55592.0,0.0,1.0
2015-07-07,7.02,7.09,6.85,6.91,13.4432,51344.0,0.0,1.0
2015-07-08,6.97,7.0,6.8,6.8,13.2292,58153.0,0.0,1.0
2015-07-09,6.93,6.93,6.79,6.82,13.2681,17012.0,0.0,1.0
2015-07-10,6.8,6.89,6.71,6.73,13.093,93238.0,0.0,1.0
2015-07-13,6.68,6.75,6.61,6.72,13.0735,52960.0,0.0,1.0
2015-07-14,6.75,6.8199,6.72,6.74,13.1124,20021.0,0.0,1.0
2015-07-15,6.63,6.67,6.57,6.58,12.8012,49267.0,0.0,1.0
2015-07-16,6.55,6.5599,6.51,6.53,12.7039,116390.0,0.0,1.0
2015-07-17,6.5,6.5,6.22,6.23,12.1202,197962.0,0.0,1.0
2015-07-20,5.94,5.98,5.55,5.55,10.7973,210538.0,0.0,1.0
2015-07-21,5.63,5.8099,5.61,5.69,11.0697,389220.0,0.0,1.0
2015-07-22,5.61,5.73,5.51,5.63,10.953,229075.0,0.0,1.0
2015-07-23,5.75,5.75,5.42,5.45,10.6028,188594.0,0.0,1.0
2015-07-24,5.38,5.6399,5.3,5.6,10.8946,223968.0,0.0,1.0
2015-07-27,5.62,5.738,5.36,5.42,10.5444,303643.0,0.0,1.0
2015-07-28,5.45,5.5072,5.4245,5.45,10.6028,47706.0,0.0,1.0
2015-07-29,5.49,5.573,5.4,5.55,10.7973,121181.0,0.0,1.0
2015-07-30,5.52,5.52,5.3501,5.39,10.4861,35800.0,0.0,1.0
2015-07-31,5.45,5.54,5.41,5.5,10.7001,515445.0,0.0,1.0
2015-08-03,5.47,5.47,5.26,5.26,10.2331,264752.0,0.0,1.0
2015-08-04,5.29,5.39,5.25,5.29,10.2915,100526.0,0.0,1.0
2015-08-05,5.31,5.369,5.193,5.22,10.1553,23474.0,0.0,1.0
2015-08-06,5.28,5.42,5.2215,5.34,10.3888,46835.0,0.0,1.0
2015-08-07,5.33,5.505,5.33,5.35,10.4082,78671.0,0.0,1.0
2015-08-10,5.45,5.65,5.35,5.65,10.9919,41693.0,0.0,1.0
2015-08-11,5.71,5.77,5.56,5.77,11.2253,96252.0,0.0,1.0
2015-08-12,5.87,6.14,5.87,6.14,11.9452,59574.0,0.0,1.0
2015-08-13,5.98,6.03,5.8,5.8,11.2837,42211.0,0.0,1.0
2015-08-14,5.9,5.94,5.7234,5.78,11.2448,59850.0,0.0,1.0
2015-08-17,5.83,6.0,5.83,6.0,11.6728,76584.0,0.0,1.0
2015-08-18,5.89,5.9299,5.78,5.86,11.4004,26594.0,0.0,1.0
2015-08-19,5.9,6.05,5.9,6.01,11.6922,35313.0,0.0,1.0
2015-08-20,6.2,6.37,6.2,6.33,12.3148,109267.0,0.0,1.0
2015-08-21,6.46,6.46,6.1,6.113,11.8926,115301.0,0.0,1.0
2015-08-24,5.98,6.14,5.62,5.6699,11.0306,593753.0,0.0,1.0
2015-08-25,5.79,5.79,5.41,5.41,10.525,67395.0,0.0,1.0
2015-08-26,5.35,5.36,5.17,5.22,10.1553,64875.0,0.0,1.0
2015-08-27,5.25,5.52,5.22,5.51,10.7195,67593.0,0.0,1.0
2015-08-28,5.51,5.72,5.51,5.68,11.0502,174147.0,0.0,1.0
2015-08-31,5.58,5.6,5.42,5.58,10.8557,86514.0,0.0,1.0
2015-09-01,5.65,5.7062,5.43,5.43,10.5639,132731.0,0.0,1.0
2015-09-02,5.43,5.48,5.2825,5.36,10.4277,76606.0,0.0,1.0
2015-09-03,5.28,5.51,5.28,5.32,10.3499,72202.0,0.0,1.0
2015-09-04,5.26,5.29,5.15,5.26,10.2331,195947.0,0.0,1.0
2015-09-08,5.31,5.425,5.28,5.37,10.4471,20325.0,0.0,1.0
2015-09-09,5.28,5.324,5.18,5.22,10.1553,45121.0,0.0,1.0
2015-09-10,5.26,5.26,5.16,5.17,10.0581,96509.0,0.0,1.0
2015-09-11,5.12,5.24,4.99,5.24,10.1942,104581.0,0.0,1.0
2015-09-14,5.13,5.281,5.13,5.2,10.1164,63653.0,0.0,1.0
2015-09-15,5.2,5.254,5.16,5.16,10.0386,66260.0,0.0,1.0
2015-09-16,5.25,5.48,5.25,5.4794,10.66,67482.0,0.0,1.0
2015-09-17,5.43,5.66,5.4,5.62,10.9335,94609.0,0.0,1.0
2015-09-18,5.77,5.8101,5.6314,5.73,11.1475,102220.0,0.0,1.0
2015-09-21,5.7,5.7,5.55,5.55,10.7973,33081.0,0.0,1.0
2015-09-22,5.4,5.41,5.25,5.25,10.2137,65062.0,0.0,1.0
2015-09-23,5.35,5.35,5.2,5.22,10.1553,47991.0,0.0,1.0
2015-09-24,5.37,5.61,5.33,5.59,10.8751,93637.0,0.0,1.0
2015-09-25,5.51,5.54,5.472,5.52,10.739,67771.0,0.0,1.0
2015-09-28,5.4,5.4,5.22,5.23,10.1748,94375.0,0.0,1.0
2015-09-29,5.26,5.35,5.22,5.25,10.2137,52253.0,0.0,1.0
2015-09-30,5.21,5.37,5.1893,5.37,10.4471,31061.0,0.0,1.0
2015-10-01,5.38,5.45,5.2301,5.25,10.2137,54064.0,0.0,1.0
2015-10-02,5.42,5.65,5.42,5.64,10.9724,122244.0,0.0,1.0
2015-10-05,5.66,5.87,5.66,5.87,11.4199,158447.0,0.0,1.0
2015-10-06,6.0,6.1394,5.94,6.07,11.809,89180.0,0.0,1.0
2015-10-07,6.13,6.15,5.99,6.1,11.8673,33125.0,0.0,1.0
2015-10-08,5.98,6.25,5.9401,6.03,11.7312,47626.0,0.0,1.0
2015-10-09,6.22,6.33,6.21,6.33,12.3148,100522.0,0.0,1.0
2015-10-12,6.45,6.46,6.1462,6.2,12.0619,72807.0,0.0,1.0
2015-10-13,6.25,6.33,6.18,6.2,12.0619,111983.0,0.0,1.0
2015-10-14,6.35,6.64,6.3332,6.62,12.879,294228.0,0.0,1.0
2015-10-15,6.51,6.64,6.47,6.63,12.8984,143096.0,0.0,1.0
2015-10-16,6.63,6.6599,6.4613,6.48,12.6066,86283.0,0.0,1.0
2015-10-19,6.38,6.4258,6.15,6.15,11.9646,106825.0,0.0,1.0
2015-10-20,6.22,6.4601,6.22,6.41,12.4704,68152.0,0.0,1.0
2015-10-21,6.36,6.36,6.155,6.19,12.0424,55443.0,0.0,1.0
2015-10-22,6.19,6.36,6.19,6.3157,12.287,17591.0,0.0,1.0
2015-10-23,6.37,6.51,6.2697,6.45,12.5482,53368.0,0.0,1.0
2015-10-26,6.46,6.46,6.2601,6.27,12.1981,89597.0,0.0,1.0
2015-10-27,6.23,6.3398,6.1739,6.25,12.1592,81499.0,0.0,1.0
2015-10-28,6.39,6.5699,6.12,6.19,12.0424,54960.0,0.0,1.0
2015-10-29,6.1,6.1583,5.88,5.93,11.5366,110099.0,0.0,1.0
2015-10-30,5.92,6.01,5.86,5.86,11.4004,80252.0,0.0,1.0
2015-11-02,5.8,5.94,5.73,5.9,11.4782,77177.0,0.0,1.0
2015-11-03,5.78,5.88,5.7685,5.85,11.381,60518.0,0.0,1.0
2015-11-04,5.87,5.9099,5.69,5.69,11.0697,63640.0,0.0,1.0
2015-11-05,5.72,5.72,5.49,5.55,10.7973,94506.0,0.0,1.0
2015-11-06,5.4,5.42,5.257,5.3,10.311,131586.0,0.0,1.0
2015-11-09,5.27,5.44,5.2508,5.44,10.5833,69786.0,0.0,1.0
2015-11-10,5.34,5.393,5.3,5.31,10.3304,55683.0,0.0,1.0
2015-11-11,5.32,5.39,5.31,5.38,10.4666,26612.0,0.0,1.0
2015-11-12,5.29,5.4399,5.23,5.3,10.311,48183.0,0.0,1.0
2015-11-13,5.26,5.3699,5.26,5.32,10.3499,37640.0,0.0,1.0
2015-11-16,5.37,5.45,5.35,5.4,10.5055,75539.0,0.0,1.0
2015-11-17,5.35,5.35,5.12,5.14,9.9997,82275.0,0.0,1.0
2015-11-18,5.18,5.3,5.08,5.28,10.2721,62470.0,0.0,1.0
2015-11-19,5.39,5.49,5.35,5.45,10.6028,89386.0,0.0,1.0
2015-11-20,5.5,5.5,5.24,5.26,10.2331,132964.0,0.0,1.0
2015-11-23,5.22,5.25,5.19,5.2,10.1164,36196.0,0.0,1.0
2015-11-24,5.29,5.4,5.27,5.37,10.4471,148492.0,0.0,1.0
2015-11-25,5.34,5.43,5.2868,5.37,10.4471,233230.0,0.0,1.0
2015-11-27,5.24,5.43,5.22,5.27,10.2526,47397.0,0.0,1.0
2015-11-30,5.26,5.342,5.26,5.32,10.3499,52244.0,0.0,1.0
2015-12-01,5.39,5.5,5.31,5.49,10.6806,97374.0,0.0,1.0
2015-12-02,5.37,5.43,5.31,5.39,10.4861,119374.0,0.0,1.0
2015-12-03,5.48,5.53,5.41,5.49,10.6806,74400.0,0.0,1.0
2015-12-04,5.54,5.79,5.54,5.79,11.2642,119950.0,0.0,1.0
2015-12-07,5.79,5.8,5.51,5.54,10.7779,86568.0,0.0,1.0
2015-12-08,5.6,5.615,5.44,5.51,10.7195,117285.0,0.0,1.0
2015-12-09,5.62,5.6899,5.54,5.58,10.8557,41884.0,0.0,1.0
2015-12-10,5.59,5.7,5.58,5.62,10.9335,48366.0,0.0,1.0
2015-12-11,5.6,5.73,5.55,5.6539,10.9995,72005.0,0.0,1.0
2015-12-14,5.65,5.65,5.35,5.38,10.4666,139415.0,0.0,1.0
2015-12-15,5.37,5.4,5.3,5.35,10.4082,135347.0,0.0,1.0
2015-12-16,5.45,5.56,5.44,5.49,10.6806,48303.0,0.0,1.0
2015-12-17,5.37,5.37,5.22,5.26,10.2331,251843.0,0.0,1.0
2015-12-18,5.33,5.46,5.33,5.41,10.525,160442.0,0.0,1.0
2015-12-21,5.47,5.55,5.46,5.4877,10.7183,37001.0,0.0217,1.0
2015-12-22,5.47,5.5499,5.47,5.51,10.7619,40382.0,0.0,1.0
2015-12-23,5.54,5.65,5.5261,5.63,10.9962,42463.0,0.0,1.0
2015-12-24,5.64,5.81,5.62,5.75,11.2306,145440.0,0.0,1.0
2015-12-28,5.7,5.74,5.51,5.52,10.7814,201172.0,0.0,1.0
2015-12-29,5.63,5.63,5.546,5.59,10.9181,124081.0,0.0,1.0
2015-12-30,5.45,5.48,5.41,5.45,10.6447,187054.0,0.0,1.0
2015-12-31,5.44,5.52,5.41,5.48,10.7033,286084.0,0.0,1.0
2016-01-04,5.58,5.6953,5.468,5.65,11.0353,37513.0,0.0,1.0
2016-01-05,5.7,5.7,5.63,5.67,11.0744,50098.0,0.0,1.0
2016-01-06,5.76,5.836,5.69,5.79,11.3087,86279.0,0.0,1.0
2016-01-07,5.89,6.1099,5.8701,6.06,11.8361,155507.0,0.0,1.0
2016-01-08,6.0,6.0,5.79,5.9,11.5236,71130.0,0.0,1.0
2016-01-11,5.95,5.98,5.63,5.6901,11.1136,171953.0,0.0,1.0
2016-01-12,5.69,5.69,5.47,5.57,10.8791,123133.0,0.0,1.0
2016-01-13,5.58,5.69,5.53,5.63,10.9962,37718.0,0.0,1.0
2016-01-14,5.63,5.65,5.38,5.44,10.6251,74649.0,0.0,1.0
2016-01-15,5.6,5.61,5.4,5.41,10.5665,60239.0,0.0,1.0
2016-01-19,5.46,5.46,5.1,5.17,10.0978,103221.0,0.0,1.0
2016-01-20,5.24,5.35,5.1811,5.3,10.3517,66630.0,0.0,1.0
2016-01-21,5.31,5.39,5.2,5.39,10.5275,82068.0,0.0,1.0
2016-01-22,5.41,5.48,5.2501,5.43,10.6056,56433.0,0.0,1.0
2016-01-25,5.5,5.59,5.47,5.54,10.8205,44963.0,0.0,1.0
2016-01-26,5.69,5.87,5.68,5.86,11.4455,317121.0,0.0,1.0
2016-01-27,5.87,5.96,5.785,5.96,11.6408,53367.0,0.0,1.0
2016-01-28,5.87,5.95,5.78,5.86,11.4455,44082.0,0.0,1.0
2016-01-29,5.88,5.97,5.82,5.97,11.6603,106465.0,0.0,1.0
2016-02-01,5.99,6.15,5.99,6.1325,11.9777,63949.0,0.0,1.0
2016-02-02,6.09,6.09,5.9682,6.0337,11.7847,369006.0,0.0,1.0
2016-02-03,6.11,6.48,6.11,6.48,12.6564,74173.0,0.0,1.0
2016-02-04,6.64,6.88,6.64,6.78,13.2424,157949.0,0.0,1.0
2016-02-05,6.73,7.14,6.5401,7.14,13.9455,255235.0,0.0,1.0
2016-02-08,7.3,7.58,7.3,7.32,14.2971,357493.0,0.0,1.0
2016-02-09,7.49,7.51,7.06,7.11,13.8869,262602.0,0.0,1.0
2016-02-10,7.05,7.22,6.8,7.2,14.0627,158960.0,0.0,1.0
2016-02-11,7.86,7.87,7.531,7.78,15.1955,638782.0,0.0,1.0
2016-02-12,7.63,7.92,7.5114,7.88,15.3908,314700.0,0.0,1.0
2016-02-16,7.68,7.7192,7.27,7.28,14.2189,395385.0,0.0,1.0
2016-02-17,7.37,7.54,7.32,7.48,14.6096,96716.0,0.0,1.0
2016-02-18,7.32,7.9,7.32,7.87,15.3713,210731.0,0.0,1.0
2016-02-19,7.86,7.91,7.61,7.72,15.0783,274277.0,0.0,1.0
2016-02-22,7.6,7.87,7.4,7.77,15.176,157424.0,0.0,1.0
2016-02-23,7.81,8.02,7.7953,7.97,15.5666,240861.0,0.0,1.0
2016-02-24,8.29,8.406,7.9769,8.1,15.8205,254156.0,0.0,1.0
2016-02-25,8.05,8.27,8.05,8.24,16.094,272412.0,0.0,1.0
2016-02-26,8.11,8.19,7.9,7.94,15.508,177543.0,0.0,1.0
2016-02-29,8.15,8.27,8.1,8.26,16.133,164738.0,0.0,1.0
2016-03-01,8.37,8.38,7.92,7.96,15.5471,199717.0,0.0,1.0
2016-03-02,7.89,8.19,7.85,8.16,15.9377,145185.0,0.0,1.0
2016-03-03,8.11,8.5299,8.11,8.47,16.5432,417755.0,0.0,1.0
2016-03-04,8.52,8.89,8.33,8.37,16.3479,416129.0,0.0,1.0
2016-03-07,8.56,8.8499,8.5,8.7,16.9924,611545.0,0.0,1.0
2016-03-08,8.85,8.85,8.31,8.33,16.2697,841742.0,0.0,1.0
2016-03-09,8.29,8.45,8.03,8.37,16.3479,121000.0,0.0,1.0
2016-03-10,8.46,8.75,8.46,8.72,17.0315,333158.0,0.0,1.0
2016-03-11,8.77,8.8,8.5,8.53,16.6604,142966.0,0.0,1.0
2016-03-14,8.6,8.6899,8.26,8.28,16.1721,158091.0,0.0,1.0
2016-03-15,8.24,8.42,8.13,8.42,16.4455,74783.0,0.0,1.0
2016-03-16,8.38,8.97,8.1901,8.96,17.5002,577941.0,0.0,1.0
2016-03-17,9.1,9.24,8.77,8.8,17.1877,325766.0,0.0,1.0
2016-03-18,8.76,8.9499,8.76,8.8,17.1877,118740.0,0.0,1.0
2016-03-21,8.87,8.88,8.73,8.81,17.2073,132405.0,0.0,1.0
2016-03-22,8.84,8.99,8.73,8.82,17.2268,126513.0,0.0,1.0
2016-03-23,8.74,8.74,8.18,8.2,16.0158,347104.0,0.0,1.0
2016-03-24,8.17,8.3499,8.13,8.28,16.1721,137398.0,0.0,1.0
2016-03-28,8.36,8.39,8.12,8.27,16.1526,92344.0,0.0,1.0
2016-03-29,8.32,8.7899,8.2653,8.73,17.051,785271.0,0.0,1.0
2016-03-30,8.66,8.73,8.49,8.65,16.8948,111489.0,0.0,1.0
2016-03-31,8.72,8.79,8.56,8.56,16.719,60392.0,0.0,1.0
2016-04-01,8.35,8.66,8.285,8.65,16.8948,93114.0,0.0,1.0
2016-04-04,8.64,8.64,8.39,8.39,16.3869,92630.0,0.0,1.0
2016-04-05,8.58,8.68,8.41,8.63,16.8557,84762.0,0.0,1.0
2016-04-06,8.63,8.7,8.5201,8.7,16.9924,95870.0,0.0,1.0
2016-04-07,8.73,8.9799,8.73,8.94,17.4612,340208.0,0.0,1.0
2016-04-08,8.96,9.33,8.96,9.29,18.1448,281868.0,0.0,1.0
2016-04-11,9.5,9.87,9.49,9.86,19.2581,290314.0,0.0,1.0
2016-04-12,9.96,9.96,9.6801,9.87,19.2776,606617.0,0.0,1.0
2016-04-13,9.8,9.8214,9.56,9.57,18.6917,303112.0,0.0,1.0
2016-04-14,9.61,9.67,9.16,9.3,18.1643,426715.0,0.0,1.0
2016-04-15,9.34,9.6,9.26,9.545,18.6428,103958.0,0.0,1.0
2016-04-18,9.71,9.79,9.4401,9.55,18.6526,82780.0,0.0,1.0
2016-04-19,9.85,10.028,9.81,9.952,19.4378,339779.0,0.0,1.0
2016-04-20,10.0,10.13,9.638,9.69,18.926,244941.0,0.0,1.0
2016-04-21,9.97,10.01,9.76,9.91,19.3557,112776.0,0.0,1.0
2016-04-22,9.84,9.9899,9.57,9.67,18.887,161472.0,0.0,1.0
2016-04-25,9.71,9.7772,9.57,9.64,18.8284,108320.0,0.0,1.0
2016-04-26,9.7,9.85,9.595,9.83,19.1995,97921.0,0.0,1.0
2016-04-27,9.85,9.97,9.64,9.96,19.4534,102823.0,0.0,1.0
2016-04-28,10.07,10.48,9.7325,10.43,20.3714,324826.0,0.0,1.0
2016-04-29,10.74,11.16,10.6,11.16,21.7972,458238.0,0.0,1.0
2016-05-02,11.38,11.38,10.82,10.96,21.4065,1721307.0,0.0,1.0
2016-05-03,11.02,11.02,10.57,10.62,20.7425,397203.0,0.0,1.0
2016-05-04,10.48,10.64,10.03,10.07,19.6682,694454.0,0.0,1.0
2016-05-05,10.36,10.5,10.18,10.4,20.3128,398777.0,0.0,1.0
2016-05-06,10.71,10.99,10.605,10.88,21.2503,1396647.0,0.0,1.0
2016-05-09,10.52,10.52,10.1,10.1,19.7268,593072.0,0.0,1.0
2016-05-10,10.23,10.56,10.03,10.52,20.5471,367365.0,0.0,1.0
2016-05-11,10.66,10.95,10.45,10.8,21.094,380987.0,0.0,1.0
2016-05-12,10.96,10.96,10.52,10.56,20.6253,403315.0,0.0,1.0
2016-05-13,10.57,10.77,10.5,10.67,20.8401,269867.0,0.0,1.0
2016-05-16,10.93,11.05,10.83,10.92,21.3284,388175.0,0.0,1.0
2016-05-17,10.93,11.17,10.75,11.04,21.5628,425913.0,0.0,1.0
2016-05-18,10.89,11.005,10.16,10.19,19.9026,894611.0,0.0,1.0
2016-05-19,9.99,10.4199,9.78,10.32,20.1565,1075319.0,0.0,1.0
2016-05-20,10.53,10.53,10.1,10.31,20.137,558359.0,0.0,1.0
2016-05-23,10.14,10.43,10.03,10.23,19.9807,549999.0,0.0,1.0
2016-05-24,10.03,10.0714,9.61,9.61,18.7698,485742.0,0.0,1.0
2016-05-25,9.54,9.88,9.36,9.82,19.1799,399262.0,0.0,1.0
2016-05-26,10.01,10.0899,9.7,9.83,19.1995,1315777.0,0.0,1.0
2016-05-27,9.77,9.84,9.47,9.53,18.6135,281854.0,0.0,1.0
2016-05-31,9.6,9.83,9.32,9.64,18.8284,2734317.0,0.0,1.0
2016-06-01,9.79,9.85,9.56,9.73,19.0042,1100515.0,0.0,1.0
2016-06-02,9.69,9.82,9.5931,9.72,18.9846,105485.0,0.0,1.0
2016-06-03,10.22,10.8,10.22,10.8,21.094,462122.0,0.0,1.0
2016-06-06,10.8,10.91,10.68,10.89,21.2698,207375.0,0.0,1.0
2016-06-07,10.8,10.89,10.71,10.74,20.9768,200437.0,0.0,1.0
2016-06-08,11.11,11.3499,11.07,11.102,21.6839,222456.0,0.0,1.0
2016-06-09,11.19,11.3,11.0,11.27,22.012,187306.0,0.0,1.0
2016-06-10,11.38,11.49,11.02,11.1,21.68,214339.0,0.0,1.0
2016-06-13,11.42,11.5,10.97,11.07,21.6214,327014.0,0.0,1.0
2016-06-14,11.1,11.16,10.7677,10.87,21.2308,454070.0,0.0,1.0
2016-06-15,10.88,11.394,10.8,11.28,22.0315,454424.0,0.0,1.0
2016-06-16,11.64,11.64,10.8702,10.91,21.3089,2256649.0,0.0,1.0
2016-06-17,11.13,11.13,10.82,11.02,21.5237,311982.0,0.0,1.0
2016-06-20,10.78,10.9899,10.6,10.95,21.387,364649.0,0.0,1.0
2016-06-21,10.69,10.798,10.63,10.63,20.762,125961.0,0.0,1.0
2016-06-22,10.74,10.9299,10.57,10.91,21.3216,174094.0,0.0065,1.0
2016-06-23,10.82,10.94,10.73,10.79,21.0871,247257.0,0.0,1.0
2016-06-24,12.05,12.05,11.27,11.42,22.3183,1046440.0,0.0,1.0
2016-06-27,11.63,11.76,11.3285,11.6,22.6701,873635.0,0.0,1.0
2016-06-28,11.37,11.525,11.34,11.34,22.162,368812.0,0.0,1.0
2016-06-29,11.6,11.77,11.52,11.61,22.6896,362138.0,0.0,1.0
2016-06-30,11.71,11.8,11.5701,11.79,23.0414,296830.0,0.0,1.0
2016-07-01,12.13,12.4184,12.0,12.39,24.214,617317.0,0.0,1.0
2016-07-05,12.75,12.7599,12.35,12.66,24.7417,618629.0,0.0,1.0
2016-07-06,12.95,13.083,12.85,13.04,25.4843,1596383.0,0.0,1.0
2016-07-07,12.97,12.97,12.53,12.65,24.7221,451365.0,0.0,1.0
2016-07-08,12.72,13.01,12.5801,12.99,25.3866,296489.0,0.0,1.0
2016-07-11,12.92,13.08,12.84,13.0,25.4061,1156518.0,0.0,1.0
2016-07-12,13.0,13.04,12.49,12.51,24.4485,1236809.0,0.0,1.0
2016-07-13,12.9,12.97,12.64,12.9,25.2107,2674846.0,0.0,1.0
2016-07-14,12.69,12.86,12.48,12.83,25.0739,2017221.0,0.0,1.0
2016-07-15,12.65,12.82,12.6316,12.72,24.8589,346462.0,0.0,1.0
2016-07-18,12.76,12.76,12.59,12.74,24.898,775722.0,0.0,1.0
2016-07-19,12.69,12.72,12.58,12.62,24.6635,1241070.0,0.0,1.0
2016-07-20,12.43,12.43,11.75,11.81,23.0805,1050669.0,0.0,1.0
2016-07-21,11.94,12.3,11.901,12.24,23.9208,356578.0,0.0,1.0
2016-07-22,12.08,12.3099,12.08,12.21,23.8622,144707.0,0.0,1.0
2016-07-25,12.05,12.0501,11.6501,11.67,22.8069,368759.0,0.0,1.0
2016-07-26,11.87,12.17,11.827,12.1,23.6472,370821.0,0.0,1.0
2016-07-27,12.21,12.7,11.99,12.65,24.7221,671107.0,0.0,1.0
2016-07-28,12.82,12.82,12.42,12.64,24.7026,212376.0,0.0,1.0
2016-07-29,12.78,12.985,12.67,12.85,25.113,395307.0,0.0,1.0
2016-08-01,12.96,13.12,12.8052,13.1,25.6016,738922.0,0.0,1.0
2016-08-02,13.26,13.39,13.17,13.3,25.9924,561294.0,0.0,1.0
2016-08-03,13.36,13.36,13.02,13.12,25.6406,629256.0,0.0,1.0
2016-08-04,13.2,13.31,13.18,13.23,25.8556,272308.0,0.0,1.0
2016-08-05,12.99,12.99,12.7,12.75,24.9175,467013.0,0.0,1.0
2016-08-08,12.76,12.9899,12.7194,12.87,25.1521,104713.0,0.0,1.0
2016-08-09,12.93,13.0,12.871,12.95,25.3084,208661.0,0.0,1.0
2016-08-10,13.26,13.3352,13.04,13.18,25.7579,278165.0,0.0,1.0
2016-08-11,13.23,13.32,13.0,13.0,25.4061,366311.0,0.0,1.0
2016-08-12,13.24,13.3099,12.98,13.03,25.4648,300908.0,0.0,1.0
2016-08-15,13.07,13.1,12.89,12.93,25.2693,142659.0,0.0,1.0
2016-08-16,13.02,13.02,12.83,12.89,25.1911,565170.0,0.0,1.0
2016-08-17,12.8,12.8,12.4,12.71,24.8394,452364.0,0.0,1.0
2016-08-18,12.85,12.87,12.69,12.86,25.1325,166037.0,0.0,1.0
2016-08-19,12.66,12.7,12.5,12.57,24.5658,171314.0,0.0,1.0
2016-08-22,12.37,12.4099,12.29,12.35,24.1358,118247.0,0.0,1.0
2016-08-23,12.39,12.4499,12.1,12.14,23.7254,403663.0,0.0,1.0
2016-08-24,12.02,12.022,11.23,11.32,22.1229,1526326.0,0.0,1.0
2016-08-25,11.26,11.645,11.15,11.42,22.3183,847186.0,0.0,1.0
2016-08-26,11.63,11.89,11.21,11.37,22.2206,673221.0,0.0,1.0
2016-08-29,11.22,11.51,11.17,11.4,22.2792,234217.0,0.0,1.0
2016-08-30,11.39,11.39,10.71,10.82,21.1457,1120863.0,0.0,1.0
2016-08-31,10.65,10.74,10.56,10.61,20.7353,906440.0,0.0,1.0
2016-09-01,10.59,11.0,10.44,11.0,21.4975,746281.0,0.0,1.0
2016-09-02,11.2,11.4403,11.1579,11.42,22.3183,1674041.0,0.0,1.0
2016-09-06,11.67,11.93,11.5218,11.93,23.315,1344623.0,0.0,1.0
2016-09-07,11.83,11.846,11.5,11.79,23.0414,1970621.0,0.0,1.0
2016-09-08,11.73,11.79,11.47,11.56,22.5919,89813.0,0.0,1.0
2016-09-09,11.45,11.45,10.93,10.98,21.4584,1411717.0,0.0,1.0
2016-09-12,10.73,11.36,10.73,11.31,22.1033,332731.0,0.0,1.0
2016-09-13,11.23,11.23,10.7371,10.9,21.3021,476030.0,0.0,1.0
2016-09-14,10.92,11.11,10.83,10.91,21.3216,87069.0,0.0,1.0
2016-09-15,10.87,11.12,10.72,10.98,21.4584,58444.0,0.0,1.0
2016-09-16,10.88,10.97,10.665,10.78,21.0675,75319.0,0.0,1.0
2016-09-19,10.95,11.0161,10.87,10.93,21.3607,90884.0,0.0,1.0
2016-09-20,10.92,10.96,10.77,10.88,21.263,631717.0,0.0,1.0
2016-09-21,11.01,11.71,11.01,11.64,22.7483,343574.0,0.0,1.0
2016-09-22,11.89,11.93,11.4768,11.59,22.6505,351567.0,0.0,1.0
2016-09-23,11.54,11.5899,11.18,11.3,22.0838,111823.0,0.0,1.0
2016-09-26,11.38,11.46,11.16,11.21,21.9079,79576.0,0.0,1.0
2016-09-27,11.1,11.135,10.93,11.06,21.6147,225552.0,0.0,1.0
2016-09-28,11.03,11.33,10.83,11.32,22.1229,2730111.0,0.0,1.0
2016-09-29,11.19,11.28,11.0686,11.22,21.9274,151360.0,0.0,1.0
2016-09-30,11.36,11.45,11.1,11.12,21.732,60441.0,0.0,1.0
2016-10-03,11.04,11.1515,10.81,10.94,21.3802,350793.0,0.0,1.0
2016-10-04,10.64,10.72,9.88,9.89,19.3282,493465.0,0.0,1.0
2016-10-05,10.15,10.15,9.72,9.99,19.5236,1152541.0,0.0,1.0
2016-10-06,9.73,9.81,9.56,9.71,18.9764,939840.0,0.0,1.0
2016-10-07,9.92,10.0,9.5601,9.74,19.035,588989.0,0.0,1.0
2016-10-10,9.77,9.88,9.7104,9.79,19.1328,122894.0,0.0,1.0
2016-10-11,9.75,9.75,9.52,9.57,18.7028,259642.0,0.0,1.0
2016-10-12,9.55,9.8308,9.55,9.76,19.0741,325903.0,0.0,1.0
2016-10-13,9.86,10.1791,9.72,9.93,19.4064,462782.0,0.0,1.0
2016-10-14,9.89,9.89,9.68,9.69,18.9373,157032.0,0.0,1.0
2016-10-17,9.78,9.87,9.7,9.79,19.1328,111924.0,0.0,1.0
2016-10-18,9.99,10.22,9.94,10.17,19.8754,203381.0,0.0,1.0
2016-10-19,10.29,10.55,10.27,10.48,20.4812,893985.0,0.0,1.0
2016-10-20,10.55,10.55,10.28,10.47,20.4617,285653.0,0.0,1.0
2016-10-21,10.44,10.46,10.33,10.4,20.3249,158579.0,0.0,1.0
2016-10-24,10.58,10.59,10.06,10.16,19.8559,201564.0,0.0,1.0
2016-10-25,10.21,10.54,10.21,10.34,20.2076,394727.0,0.0,1.0
2016-10-26,10.39,10.3942,10.08,10.2,19.934,83666.0,0.0,1.0
2016-10-27,10.22,10.23,9.9134,10.03,19.6018,196843.0,0.0,1.0
2016-10-28,9.94,10.2,9.87,9.99,19.5236,234189.0,0.0,1.0
2016-10-31,10.06,10.33,10.0498,10.3,20.1295,91736.0,0.0,1.0
2016-11-01,10.51,10.78,10.51,10.61,20.7353,290766.0,0.0,1.0
2016-11-02,10.87,10.9499,10.39,10.44,20.4031,667143.0,0.0,1.0
2016-11-03,10.52,10.748,10.52,10.69,20.8916,457718.0,0.0,1.0
2016-11-04,10.8,10.8,10.46,10.59,20.6962,298067.0,0.0,1.0
2016-11-07,20.38,20.55,20.05,20.39,19.9243,311692.0,0.0,0.5
2016-11-08,20.29,20.7531,19.92,20.08,19.6213,113062.0,0.0,1.0
2016-11-09,21.52,21.65,20.13,20.58,20.1099,222941.0,0.0,1.0
2016-11-10,20.45,20.45,19.015,19.11,18.6735,276448.0,0.0,1.0
2016-11-11,19.3,19.3,17.45,17.45,17.0514,608119.0,0.0,1.0
2016-11-14,17.59,18.3399,17.0256,17.88,17.4716,659544.0,0.0,1.0
2016-11-15,17.98,18.57,17.76,18.45,18.0286,1207933.0,0.0,1.0
2016-11-16,18.42,18.4224,18.02,18.31,17.8918,120507.0,0.0,1.0
2016-11-17,18.31,18.63,17.58,17.86,17.4521,116170.0,0.0,1.0
2016-11-18,17.62,17.8,17.43,17.71,17.3055,120360.0,0.0,1.0
2016-11-21,18.07,18.218,17.89,17.96,17.5498,250467.0,0.0,1.0
2016-11-22,17.99,18.22,17.47,17.97,17.5595,86124.0,0.0,1.0
2016-11-23,17.4,17.4,16.84,17.06,16.6703,417317.0,0.0,1.0
2016-11-25,17.15,17.4,16.99,17.14,16.7485,39477.0,0.0,1.0
2016-11-28,17.49,17.87,17.31,17.86,17.4521,160182.0,0.0,1.0
2016-11-29,17.51,17.83,17.46,17.74,17.3348,109093.0,0.0,1.0
2016-11-30,17.64,17.64,17.1,17.36,16.9635,220031.0,0.0,1.0
2016-12-01,17.14,17.56,16.8353,17.22,16.8267,95265.0,0.0,1.0
2016-12-02,17.35,17.89,17.35,17.77,17.3641,134405.0,0.0,1.0
2016-12-05,17.55,17.89,17.1367,17.56,17.1589,257646.0,0.0,1.0
2016-12-06,17.64,17.91,17.5527,17.57,17.1687,84146.0,0.0,1.0
2016-12-07,17.95,18.14,17.755,17.87,17.4618,1153256.0,0.0,1.0
2016-12-08,17.76,17.92,17.69,17.88,17.4716,37471.0,0.0,1.0
2016-12-09,17.75,17.75,17.15,17.2,16.8071,131628.0,0.0,1.0
2016-12-12,17.3,17.5703,17.24,17.3,16.9048,64278.0,0.0,1.0
2016-12-13,17.32,17.65,17.15,17.65,17.2468,107019.0,0.0,1.0
2016-12-14,17.71,17.89,16.49,16.49,16.1133,5547062.0,0.0,1.0
2016-12-15,16.06,16.06,15.5284,15.8,15.4391,343094.0,0.0,1.0
2016-12-16,15.93,16.111,15.56,15.78,15.4196,186707.0,0.0,1.0
2016-12-19,15.86,15.95,15.7,15.89,15.527,122586.0,0.0,1.0
2016-12-20,15.53,15.9,15.4788,15.9,15.5368,161357.0,0.0,1.0
2016-12-21,15.76,15.76,15.5143,15.56,15.4285,145959.0,0.2291,1.0
2016-12-22,15.53,15.835,15.53,15.72,15.5871,190702.0,0.0,1.0
2016-12-23,15.73,15.92,15.69,15.85,15.716,65760.0,0.0,1.0
2016-12-27,16.06,16.324,15.9,16.32,16.1821,119467.0,0.0,1.0
2016-12-28,16.25,16.63,16.19,16.6,16.4597,89288.0,0.0,1.0
2016-12-29,16.84,17.81,16.77,17.81,17.6595,112347.0,0.0,1.0
2016-12-30,17.79,18.2,17.13,17.13,16.9852,206534.0,0.0,1.0
2017-01-03,17.34,17.85,17.34,17.81,17.6595,130529.0,0.0,1.0
2017-01-04,18.01,18.01,17.75,18.0,17.8479,50820.0,0.0,1.0
2017-01-05,18.34,19.219,18.3228,19.09,18.9287,422188.0,0.0,1.0
2017-01-06,18.77,18.95,18.08,18.43,18.2742,245314.0,0.0,1.0
2017-01-09,18.69,18.79,18.35,18.42,18.2643,333086.0,0.0,1.0
2017-01-10,18.67,18.8508,18.26,18.53,18.3734,82214.0,0.0,1.0
2017-01-11,18.4,18.697,17.94,18.49,18.3337,62176.0,0.0,1.0
2017-01-12,18.99,19.0599,18.36,18.52,18.3635,210028.0,0.0,1.0
2017-01-13,18.38,18.7392,18.17,18.68,18.5221,67371.0,0.0,1.0
2017-01-17,19.32,19.43,19.07,19.21,19.0476,230576.0,0.0,1.0
2017-01-18,19.28,19.39,18.69,18.93,18.77,102391.0,0.0,1.0
2017-01-19,18.76,18.95,18.59,18.81,18.651,209643.0,0.0,1.0
2017-01-20,18.86,19.3,18.68,19.0,18.8394,77273.0,0.0,1.0
2017-01-23,19.2,19.59,19.155,19.59,19.4244,76478.0,0.0,1.0
2017-01-24,19.64,19.96,19.455,19.62,19.4542,205706.0,0.0,1.0
2017-01-25,19.29,19.34,19.0361,19.34,19.1765,116094.0,0.0,1.0
2017-01-26,18.99,19.06,18.76,18.88,18.7204,411391.0,0.0,1.0
2017-01-27,18.83,19.18,18.73,19.13,18.9683,52258.0,0.0,1.0
2017-01-30,19.26,19.4646,19.08,19.1,18.9386,53310.0,0.0,1.0
2017-01-31,19.64,19.72,19.5,19.69,19.5236,88821.0,0.0,1.0
2017-02-01,19.46,19.77,19.37,19.66,19.4938,54495.0,0.0,1.0
2017-02-02,20.19,20.25,19.95,20.09,19.9202,71663.0,0.0,1.0
2017-02-03,20.15,20.35,19.991,20.19,20.0194,91231.0,0.0,1.0
2017-02-06,20.59,20.99,19.84,20.95,20.7729,128405.0,0.0,1.0
2017-02-07,20.8,21.12,20.68,20.89,20.7134,228799.0,0.0,1.0
2017-02-08,21.17,21.29,20.9601,21.23,21.0506,152554.0,0.0,1.0
2017-02-09,21.27,21.27,20.67,20.69,20.5151,117658.0,0.0,1.0
2017-02-10,20.5,20.98,20.4,20.98,20.8027,85650.0,0.0,1.0
2017-02-13,20.78,20.9,20.58,20.7,20.525,59971.0,0.0,1.0
2017-02-14,20.99,20.99,20.45,20.65,20.4755,52924.0,0.0,1.0
2017-02-15,20.46,20.7,20.34,20.69,20.5151,37140.0,0.0,1.0
2017-02-16,20.78,21.05,20.75,20.96,20.7828,36625.0,0.0,1.0
2017-02-17,21.09,21.099,20.6,20.63,20.4556,54164.0,0.0,1.0
2017-02-21,20.5,20.569,20.15,20.49,20.3168,694025.0,0.0,1.0
2017-02-22,20.38,20.4645,19.77,20.17,19.9995,351585.0,0.0,1.0
2017-02-23,20.58,20.65,20.2,20.26,20.0888,141857.0,0.0,1.0
2017-02-24,20.6,20.6,20.04,20.09,19.9202,42920.0,0.0,1.0
2017-02-27,20.0,20.3761,18.875,18.93,18.77,417808.0,0.0,1.0
2017-02-28,19.18,19.45,18.7969,18.94,18.7799,171895.0,0.0,1.0
2017-03-01,18.61,19.18,18.5001,19.08,18.9187,131472.0,0.0,1.0
2017-03-02,18.66,18.7619,18.1124,18.2,18.0462,282620.0,0.0,1.0
2017-03-03,18.02,18.6,17.912,18.43,18.2742,81209.0,0.0,1.0
2017-03-06,18.34,18.34,17.68,17.87,17.719,347841.0,0.0,1.0
2017-03-07,17.75,18.08,17.61,17.8,17.6496,166346.0,0.0,1.0
2017-03-08,17.51,17.8894,17.51,17.73,17.5801,52072.0,0.0,1.0
2017-03-09,17.68,17.76,17.5,17.5,17.3521,27191.0,0.0,1.0
2017-03-10,17.6,18.1,17.56,17.96,17.8082,62293.0,0.0,1.0
2017-03-13,18.09,18.339,18.05,18.32,18.1652,73136.0,0.0,1.0
2017-03-14,18.23,18.48,17.7,17.78,17.6297,121146.0,0.0,1.0
2017-03-15,17.92,19.2386,17.8,19.23,19.0675,127271.0,0.0,1.0
2017-03-16,19.54,19.5804,18.92,18.92,18.7601,105807.0,0.0,1.0
2017-03-17,19.1,19.1699,18.7,18.82,18.6609,70295.0,0.0,1.0
2017-03-20,18.93,19.09,18.77,19.07,18.9088,74233.0,0.0,1.0
2017-03-21,19.21,19.54,19.02,19.41,19.2459,343305.0,0.0,1.0
2017-03-22,19.53,19.6,19.3,19.32,19.1567,127739.0,0.0,1.0
2017-03-23,19.37,19.43,18.8717,19.13,18.9683,29071.0,0.0,1.0
2017-03-24,19.17,19.259,19.06,19.07,18.9088,16752.0,0.0,1.0
2017-03-27,19.62,19.62,19.3015,19.45,19.2856,38803.0,0.0,1.0
2017-03-28,19.53,19.53,18.75,18.8816,18.722,50889.0,0.0,1.0
2017-03-29,18.78,19.11,18.53,19.09,18.9287,20520.0,0.0,1.0
2017-03-30,18.9,18.9543,18.74,18.78,18.6213,61043.0,0.0,1.0
2017-03-31,18.9,19.16,18.75,18.94,18.7799,39179.0,0.0,1.0
2017-04-03,18.95,19.25,18.95,19.23,19.0675,31707.0,0.0,1.0
2017-04-04,19.45,19.5,19.3,19.48,19.3154,342852.0,0.0,1.0
2017-04-05,19.3,19.65,19.07,19.54,19.3748,634062.0,0.0,1.0
2017-04-06,19.49,19.553,19.33,19.51,19.3451,53862.0,0.0,1.0
2017-04-07,19.94,19.9499,19.3347,19.55,19.3848,43547.0,0.0,1.0
2017-04-10,19.5,19.74,19.34,19.68,19.5137,99871.0,0.0,1.0
2017-04-11,20.05,20.38,19.8683,20.26,20.0888,156935.0,0.0,1.0
2017-04-12,20.33,20.49,20.08,20.43,20.2573,81550.0,0.0,1.0
2017-04-13,20.58,20.6579,20.25,20.29,20.1185,164425.0,0.0,1.0
2017-04-17,20.45,20.4694,20.11,20.22,20.0491,290448.0,0.0,1.0
2017-04-18,20.19,20.2,19.9,20.16,19.9896,60830.0,0.0,1.0
2017-04-19,19.99,20.31,19.311,19.48,19.3154,76893.0,0.0,1.0
2017-04-20,19.45,19.72,19.38,19.55,19.3848,59151.0,0.0,1.0
2017-04-21,19.52,19.74,19.34,19.74,19.5732,484333.0,0.0,1.0
2017-04-24,19.27,19.41,19.0,19.3,19.1369,1073962.0,0.0,1.0
2017-04-25,18.98,18.99,18.16,18.32,18.1652,1725031.0,0.0,1.0
2017-04-26,18.26,18.47,17.87,18.34,18.185,1425993.0,0.0,1.0
2017-04-27,18.29,18.29,17.831,17.94,17.7884,1249606.0,0.0,1.0
2017-04-28,17.95,18.4186,17.95,18.28,18.1255,1329981.0,0.0,1.0
2017-05-01,18.07,18.2252,17.64,17.76,17.6099,140551.0,0.0,1.0
2017-05-02,17.67,18.04,17.67,17.89,17.7388,1571220.0,0.0,1.0
2017-05-03,17.83,18.36,17.75,17.77,17.6198,1079147.0,0.0,1.0
2017-05-04,17.52,17.64,17.22,17.38,17.2331,1424782.0,0.0,1.0
2017-05-05,17.42,17.86,17.3,17.74,17.5901,1472017.0,0.0,1.0
2017-05-08,17.71,17.72,17.48,17.71,17.5603,1052212.0,0.0,1.0
2017-05-09,17.53,17.67,17.4128,17.63,17.481,262845.0,0.0,1.0
2017-05-10,17.91,18.1,17.85,18.06,17.9074,1152183.0,0.0,1.0
2017-05-11,18.1,18.468,18.05,18.42,18.2643,438373.0,0.0,1.0
2017-05-12,18.7,18.75,18.53,18.63,18.4725,231721.0,0.0,1.0
2017-05-15,18.92,18.92,18.39,18.62,18.4626,154677.0,0.0,1.0
2017-05-16,18.62,18.75,18.61,18.7,18.5419,104929.0,0.0,1.0
2017-05-17,19.1,19.24,18.8593,19.06,18.8989,1446692.0,0.0,1.0
2017-05-18,18.96,18.96,18.43,18.59,18.4329,493834.0,0.0,1.0
2017-05-19,18.81,18.81,18.59,18.71,18.5519,781734.0,0.0,1.0
2017-05-22,18.8,19.03,18.8,18.95,18.7898,681205.0,0.0,1.0
2017-05-23,18.92,19.035,18.41,18.46,18.304,465060.0,0.0,1.0
2017-05-24,18.36,18.65,18.07,18.61,18.4527,92534.0,0.0,1.0
2017-05-25,18.4,18.47,18.13,18.35,18.1949,2467277.0,0.0,1.0
2017-05-26,18.6,18.72,18.4413,18.48,18.3238,57654.0,0.0,1.0
2017-05-30,18.3,18.44,18.1,18.2525,18.0982,52219.0,0.0,1.0
2017-05-31,18.29,18.54,18.15,18.34,18.185,53322.0,0.0,1.0
2017-06-01,18.15,18.29,18.1,18.22,18.066,52889.0,0.0,1.0
2017-06-02,18.48,18.545,18.23,18.27,18.1156,1216161.0,0.0,1.0
2017-06-05,18.33,18.34,18.12,18.27,18.1156,55595.0,0.0,1.0
2017-06-06,18.61,19.34,18.5,19.32,19.1567,1511990.0,0.0,1.0
2017-06-07,19.2,19.25,18.9,19.16,18.9981,312832.0,0.0,1.0
2017-06-08,18.93,18.96,18.6,18.82,18.6609,331442.0,0.0,1.0
2017-06-09,18.57,18.73,18.5,18.53,18.3734,380081.0,0.0,1.0
2017-06-12,18.44,18.62,18.42,18.51,18.3536,112228.0,0.0,1.0
2017-06-13,18.44,18.79,18.37,18.64,18.4825,133613.0,0.0,1.0
2017-06-14,18.99,19.0,17.94,18.06,17.9074,325775.0,0.0,1.0
2017-06-15,17.89,18.05,17.8,17.81,17.6595,399915.0,0.0,1.0
2017-06-16,17.82,17.94,17.72,17.72,17.5702,328306.0,0.0,1.0
2017-06-19,17.7,18.09,17.7,17.8,17.6496,299905.0,0.0,1.0
2017-06-20,17.75,17.75,17.49,17.52,17.4029,3373256.0,0.0313,1.0
2017-06-21,17.54,17.78,17.53,17.78,17.6612,54040.0,0.0,1.0
2017-06-22,17.95,18.18,17.79,18.12,17.9989,400080.0,0.0,1.0
2017-06-23,18.3,18.48,18.26,18.48,18.3565,619969.0,0.0,1.0
2017-06-26,18.22,18.45,18.1,18.23,18.1082,579007.0,0.0,1.0
2017-06-27,18.39,18.45,17.95,17.98,17.8599,416012.0,0.0,1.0
2017-06-28,18.13,18.13,17.8702,18.04,17.9195,311694.0,0.0,1.0
2017-06-29,17.76,17.9,17.62,17.64,17.5221,122800.0,0.0,1.0
2017-06-30,17.64,17.79,17.62,17.62,17.5023,252479.0,0.0,1.0
2017-07-03,17.5,17.95,17.29,17.33,17.2142,266422.0,0.0,1.0
2017-07-05,17.4,17.64,17.28,17.56,17.4427,271488.0,0.0,1.0
2017-07-06,17.53,17.59,17.27,17.29,17.1745,223027.0,0.0,1.0
2017-07-07,17.23,17.245,16.88,16.88,16.7672,466673.0,0.0,1.0
2017-07-10,16.86,17.35,16.86,17.31,17.1943,382526.0,0.0,1.0
2017-07-11,17.24,17.46,17.09,17.43,17.3135,64267.0,0.0,1.0
2017-07-12,17.64,17.73,17.5,17.56,17.4427,81479.0,0.0,1.0
2017-07-13,17.63,17.6429,17.35,17.43,17.3135,348599.0,0.0,1.0
2017-07-14,17.79,17.79,17.54,17.71,17.5917,593550.0,0.0,1.0
2017-07-17,17.75,17.9,17.75,17.84,17.7208,403696.0,0.0,1.0
2017-07-18,18.03,18.03,17.81,17.92,17.8003,491984.0,0.0,1.0
2017-07-19,17.89,17.97,17.75,17.95,17.8301,294078.0,0.0,1.0
2017-07-20,17.87,18.0534,17.861,18.01,17.8897,182555.0,0.0,1.0
2017-07-21,18.15,18.15,17.95,18.09,17.9691,521976.0,0.0,1.0
2017-07-24,18.12,18.12,17.67,17.7,17.5817,435174.0,0.0,1.0
2017-07-25,17.76,18.11,17.76,18.05,17.9294,259555.0,0.0,1.0
2017-07-26,17.98,18.63,17.98,18.57,18.4459,659729.0,0.0,1.0
2017-07-27,18.6,18.648,18.1812,18.23,18.1082,465734.0,0.0,1.0
2017-07-28,18.34,18.57,18.34,18.55,18.4261,342461.0,0.0,1.0
2017-07-31,18.55,18.63,18.45,18.57,18.4459,55555.0,0.0,1.0
2017-08-01,18.53,18.72,18.42,18.6,18.4757,338963.0,0.0,1.0
2017-08-02,18.37,18.6179,18.37,18.6,18.4757,271151.0,0.0,1.0
2017-08-03,18.5922,18.628,18.39,18.46,18.3367,95905.0,0.0,1.0
2017-08-04,18.33,18.33,18.01,18.11,17.989,761825.0,0.0,1.0
2017-08-07,18.09,18.2,18.0,18.04,17.9195,112844.0,0.0,1.0
2017-08-08,18.07,18.18,17.925,18.02,17.8996,314799.0,0.0,1.0
2017-08-09,18.31,18.3599,18.1,18.3,18.1777,454065.0,0.0,1.0
2017-08-10,18.54,18.67,18.51,18.6,18.4757,580644.0,0.0,1.0
2017-08-11,18.7,18.83,18.62,18.8,18.6744,297840.0,0.0,1.0
2017-08-14,18.81,18.81,18.47,18.52,18.3963,147431.0,0.0,1.0
2017-08-15,18.22,18.32,18.1006,18.23,18.1082,150933.0,0.0,1.0
2017-08-16,18.25,18.76,18.25,18.69,18.5651,378276.0,0.0,1.0
2017-08-17,18.79,18.84,18.61,18.71,18.585,412034.0,0.0,1.0
2017-08-18,18.93,19.09,18.58,18.61,18.4857,135432.0,0.0,1.0
2017-08-21,18.76,19.0,18.71,18.88,18.7539,394639.0,0.0,1.0
2017-08-22,18.82,18.8938,18.71,18.71,18.585,567850.0,0.0,1.0
2017-08-23,18.95,18.95,18.735,18.88,18.7539,389239.0,0.0,1.0
2017-08-24,18.84,19.0,18.82,18.92,18.7936,298145.0,0.0,1.0
2017-08-25,19.02,19.0634,18.82,19.0,18.8731,165597.0,0.0,1.0
2017-08-28,19.21,19.63,19.02,19.61,19.479,940081.0,0.0,1.0
2017-08-29,20.0,20.03,19.6136,19.82,19.6876,370660.0,0.0,1.0
2017-08-30,19.75,19.77,19.61,19.69,19.5584,153721.0,0.0,1.0
2017-08-31,19.82,20.14,19.73,20.08,19.9458,288353.0,0.0,1.0
2017-09-01,20.28,20.28,19.91,20.18,20.0452,143735.0,0.0,1.0
2017-09-05,20.33,20.62,20.3,20.62,20.4822,382775.0,0.0,1.0
2017-09-06,20.59,20.61,20.1611,20.35,20.214,245526.0,0.0,1.0
2017-09-07,20.6,20.84,20.5,20.84,20.7008,481781.0,0.0,1.0
2017-09-08,20.83,20.83,20.4481,20.57,20.4326,144480.0,0.0,1.0
2017-09-11,20.32,20.42,19.9,19.95,19.8167,234165.0,0.0,1.0
2017-09-12,19.8,20.06,19.6438,20.02,19.8862,62508.0,0.0,1.0
2017-09-13,20.06,20.06,19.6608,19.67,19.5386,236792.0,0.0,1.0
2017-09-14,19.66,19.93,19.59,19.88,19.7472,104871.0,0.0,1.0
2017-09-15,19.85,19.9193,19.7,19.83,19.6975,181705.0,0.0,1.0
2017-09-18,19.51,19.65,19.2157,19.29,19.1611,588349.0,0.0,1.0
2017-09-19,19.33,19.4999,19.27,19.37,19.2406,105654.0,0.0,1.0
2017-09-20,19.4,19.67,18.86,19.0,18.8731,691087.0,0.0,1.0
2017-09-21,18.78,19.12,18.78,18.82,18.6943,408136.0,0.0,1.0
2017-09-22,19.03,19.14,18.93,19.02,18.8929,301941.0,0.0,1.0
2017-09-25,19.1,19.42,18.93,19.4,19.2704,500578.0,0.0,1.0
2017-09-26,19.31,19.31,18.925,18.95,18.8234,447665.0,0.0,1.0
2017-09-27,18.7,18.81,18.6202,18.67,18.5453,309620.0,0.0,1.0
2017-09-28,18.7,18.93,18.7,18.86,18.734,83309.0,0.0,1.0
2017-09-29,18.92,18.92,18.69,18.69,18.5651,216733.0,0.0,1.0
2017-10-02,18.67,18.83,18.56,18.67,18.5453,221961.0,0.0,1.0
2017-10-03,18.69,18.94,18.69,18.88,18.7539,235970.0,0.0,1.0
2017-10-04,19.03,19.15,18.87,19.02,18.8929,135814.0,0.0,1.0
2017-10-05,19.01,19.05,18.83,18.83,18.7042,139583.0,0.0,1.0
2017-10-06,18.78,19.15,18.71,19.12,18.9923,179683.0,0.0,1.0
2017-10-09,19.22,19.31,19.17,19.31,19.181,100969.0,0.0,1.0
2017-10-10,19.32,19.4087,19.14,19.19,19.0618,85009.0,0.0,1.0
2017-10-11,19.28,19.33,18.95,19.32,19.1909,346439.0,0.0,1.0
2017-10-12,19.18,19.285,19.11,19.24,19.1115,312555.0,0.0,1.0
2017-10-13,19.35,19.4005,19.15,19.31,19.181,211317.0,0.0,1.0
2017-10-16,19.32,19.35,18.8493,18.88,18.7539,392392.0,0.0,1.0
2017-10-17,18.84,19.0,18.72,18.95,18.8234,97514.0,0.0,1.0
2017-10-18,18.89,18.965,18.84,18.85,18.7241,2507064.0,0.0,1.0
2017-10-19,18.98,19.07,18.9,18.94,18.8135,69162.0,0.0,1.0
2017-10-20,18.78,18.9,18.74,18.75,18.6247,173970.0,0.0,1.0
2017-10-23,18.67,18.78,18.57,18.64,18.5155,187045.0,0.0,1.0
2017-10-24,18.56,18.63,18.355,18.38,18.2572,705025.0,0.0,1.0
2017-10-25,18.4,18.43,18.12,18.23,18.1082,1110483.0,0.0,1.0
2017-10-26,18.17,18.3,17.76,17.8,17.6811,3747283.0,0.0,1.0
2017-10-27,17.8,18.07,17.8,17.98,17.8599,502084.0,0.0,1.0
2017-10-30,17.98,18.25,17.96,18.2,18.0784,253620.0,0.0,1.0
2017-10-31,18.09,18.104,17.89,17.94,17.8201,379404.0,0.0,1.0
2017-11-01,17.99,18.205,17.9,17.99,17.8698,171886.0,0.0,1.0
2017-11-02,17.95,18.14,17.95,17.98,17.8599,185370.0,0.0,1.0
2017-11-03,18.04,18.1,17.74,17.88,17.7605,275933.0,0.0,1.0
2017-11-06,17.86,18.24,17.86,18.21,18.0883,536094.0,0.0,1.0
2017-11-07,18.19,18.19,17.97,18.05,17.9294,184780.0,0.0,1.0
2017-11-08,18.19,18.31,18.07,18.2,18.0784,558948.0,0.0,1.0
2017-11-09,18.25,18.31,18.18,18.23,18.1082,402028.0,0.0,1.0
2017-11-10,18.23,18.27,18.01,18.06,17.9393,249747.0,0.0,1.0
2017-11-13,18.08,18.14,18.0,18.02,17.8996,258266.0,0.0,1.0
2017-11-14,18.01,18.135,17.88,18.02,17.8996,419897.0,0.0,1.0
2017-11-15,18.11,18.11,17.99,18.03,17.9095,232349.0,0.0,1.0
2017-11-16,18.02,18.08,17.98,18.05,17.9294,109381.0,0.0,1.0
2017-11-17,18.08,18.29,18.06,18.25,18.1281,247601.0,0.0,1.0
2017-11-20,18.13,18.15,17.97,17.99,17.8698,264330.0,0.0,1.0
2017-11-21,18.1,18.1905,18.06,18.1,17.9791,111006.0,0.0,1.0
2017-11-22,18.14,18.44,18.11,18.36,18.2373,580767.0,0.0,1.0
2017-11-24,18.34,18.45,18.25,18.29,18.1678,263310.0,0.0,1.0
2017-11-27,18.45,18.46,18.305,18.44,18.3168,358738.0,0.0,1.0
2017-11-28,18.49,18.52,18.35,18.39,18.2671,634420.0,0.0,1.0
2017-11-29,18.34,18.34,17.99,18.07,17.9493,1018404.0,0.0,1.0
2017-11-30,17.96,18.08,17.88,17.92,17.8003,725348.0,0.0,1.0
2017-12-01,17.97,18.3074,17.9,18.04,17.9195,414767.0,0.0,1.0
2017-12-04,17.91,17.91,17.77,17.78,17.6612,188874.0,0.0,1.0
2017-12-05,17.66,17.72,17.4544,17.5,17.3831,537363.0,0.0,1.0
2017-12-06,17.43,17.5,17.24,17.26,17.1447,1001770.0,0.0,1.0
2017-12-07,17.09,17.297,17.031,17.21,17.095,235484.0,0.0,1.0
2017-12-08,17.25,17.4126,17.22,17.27,17.1546,190186.0,0.0,1.0
2017-12-11,17.26,17.4,17.11,17.13,17.0155,152488.0,0.0,1.0
2017-12-12,17.12,17.15,17.01,17.14,17.0255,108230.0,0.0,1.0
2017-12-13,17.12,17.8,17.11,17.72,17.6016,411456.0,0.0,1.0
2017-12-14,17.62,17.68,17.41,17.61,17.4923,260067.0,0.0,1.0
2017-12-15,17.77,17.79,17.5275,17.6,17.4824,422242.0,0.0,1.0
2017-12-18,17.83,17.97,17.78,17.92,17.8003,545858.0,0.0,1.0
2017-12-19,17.86,17.92,17.72,17.85,17.7783,293699.0,0.0479,1.0
2017-12-20,17.88,18.16,17.88,18.15,18.0771,279280.0,0.0,1.0
2017-12-21,18.14,18.34,18.0614,18.27,18.1966,407829.0,0.0,1.0
2017-12-22,18.32,18.43,18.29,18.4,18.3261,153631.0,0.0,1.0
2017-12-26,18.52,18.89,18.3,18.88,18.8041,350195.0,0.0,1.0
2017-12-27,18.89,18.89,18.63,18.7,18.6249,271861.0,0.0,1.0
2017-12-28,18.67,18.84,18.65,18.77,18.6946,2195728.0,0.0,1.0
2017-12-29,18.92,18.92,18.71,18.8,18.7245,174246.0,0.0,1.0
2018-01-02,19.0,19.35,18.98,19.35,19.2722,298641.0,0.0,1.0
2018-01-03,19.4,19.4,18.92,19.3,19.2224,886019.0,0.0,1.0
2018-01-04,19.22,19.33,19.0348,19.33,19.2523,780983.0,0.0,1.0
2018-01-05,19.29,19.33,19.16,19.3,19.2224,254223.0,0.0,1.0
2018-01-08,19.15,19.235,18.96,19.02,18.9436,196260.0,0.0,1.0
2018-01-09,18.87,18.9,18.7,18.8,18.7245,275728.0,0.0,1.0
2018-01-10,18.93,19.04,18.85,18.93,18.8539,100635.0,0.0,1.0
2018-01-11,19.04,19.05,18.95,19.03,18.9535,88919.0,0.0,1.0
2018-01-12,19.09,19.57,19.09,19.57,19.4914,310712.0,0.0,1.0
2018-01-16,19.69,19.88,19.5,19.84,19.7603,318149.0,0.0,1.0
2018-01-17,19.78,19.94,19.425,19.43,19.3519,430364.0,0.0,1.0
2018-01-18,19.47,19.57,19.14,19.14,19.0631,505930.0,0.0,1.0
2018-01-19,19.29,19.35,19.13,19.15,19.073,110128.0,0.0,1.0
2018-01-22,19.19,19.31,19.12,19.27,19.1926,163753.0,0.0,1.0
2018-01-23,19.21,19.78,19.1099,19.75,19.6706,322338.0,0.0,1.0
2018-01-24,19.98,20.3,19.97,20.18,20.0989,447246.0,0.0,1.0
2018-01-25,20.34,20.35,19.61,19.73,19.6507,546862.0,0.0,1.0
2018-01-26,19.87,19.93,19.75,19.83,19.7503,242444.0,0.0,1.0
2018-01-29,19.76,19.76,19.2,19.2,19.1228,403508.0,0.0,1.0
2018-01-30,19.16,19.49,19.0082,19.06,18.9834,495066.0,0.0,1.0
2018-01-31,19.15,19.37,18.89,19.26,19.1826,209247.0,0.0,1.0
2018-02-01,19.28,19.34,18.98,19.26,19.1826,606423.0,0.0,1.0
2018-02-02,19.0,19.18,18.46,18.49,18.4157,442407.0,0.0,1.0
2018-02-05,18.5,18.65,18.1,18.24,18.1667,1055621.0,0.0,1.0
2018-02-06,18.22,18.25,17.82,17.94,17.8679,611893.0,0.0,1.0
2018-02-07,17.74,18.1,17.64,17.66,17.589,673033.0,0.0,1.0
2018-02-08,17.64,17.83,17.55,17.57,17.4994,305669.0,0.0,1.0
2018-02-09,17.58,17.58,16.9401,17.26,17.1906,1283315.0,0.0,1.0
2018-02-12,17.38,17.97,17.3,17.84,17.7683,337285.0,0.0,1.0
2018-02-13,17.83,17.94,17.7,17.89,17.8181,253205.0,0.0,1.0
2018-02-14,17.76,18.77,17.76,18.72,18.6448,642388.0,0.0,1.0
2018-02-15,18.79,18.79,18.37,18.73,18.6547,271230.0,0.0,1.0
2018-02-16,18.66,18.66,18.02,18.2,18.1269,254775.0,0.0,1.0
2018-02-20,18.02,18.1,17.75,17.76,17.6886,433023.0,0.0,1.0
2018-02-21,17.83,18.2,17.67,17.69,17.6189,266797.0,0.0,1.0
2018-02-22,17.75,17.79,17.5,17.51,17.4396,202901.0,0.0,1.0
2018-02-23,17.55,17.66,17.47,17.62,17.5492,183383.0,0.0,1.0
2018-02-26,17.7,17.87,17.67,17.79,17.7185,120845.0,0.0,1.0
2018-02-27,17.64,17.68,17.19,17.31,17.2404,368572.0,0.0,1.0
2018-02-28,17.42,17.44,17.23,17.23,17.1608,470490.0,0.0,1.0
2018-03-01,17.12,17.4,16.88,17.33,17.2604,337853.0,0.0,1.0
2018-03-02,17.44,17.53,17.26,17.301,17.2315,156077.0,0.0,1.0
2018-03-05,17.22,17.44,17.16,17.37,17.3002,408446.0,0.0,1.0
2018-03-06,17.46,17.88,17.46,17.74,17.6687,220190.0,0.0,1.0
2018-03-07,17.69,17.7799,17.3,17.36,17.2902,367232.0,0.0,1.0
2018-03-08,17.36,17.5,17.26,17.44,17.3699,75160.0,0.0,1.0
2018-03-09,17.41,17.5111,17.27,17.31,17.2404,208049.0,0.0,1.0
2018-03-12,17.3,17.4604,17.15,17.41,17.34,367208.0,0.0,1.0
2018-03-13,17.48,17.52,17.3,17.33,17.2604,162986.0,0.0,1.0
2018-03-14,17.37,17.45,17.31,17.41,17.34,188778.0,0.0,1.0
2018-03-15,17.25,17.285,17.11,17.13,17.0612,163120.0,0.0,1.0
2018-03-16,17.11,17.18,16.98,17.09,17.0213,179887.0,0.0,1.0
2018-03-19,17.12,17.26,17.01,17.19,17.1209,583547.0,0.0,1.0
2018-03-20,17.14,17.19,16.975,17.02,16.9516,354569.0,0.0,1.0
2018-03-21,17.21,17.6,17.04,17.48,17.4098,314960.0,0.0,1.0
2018-03-22,17.39,17.49,17.26,17.28,17.2106,409834.0,0.0,1.0
2018-03-23,17.68,17.975,17.57,17.79,17.7185,303289.0,0.0,1.0
2018-03-26,17.92,18.1698,17.9,18.09,18.0173,299871.0,0.0,1.0
2018-03-27,17.91,17.92,17.7,17.82,17.7484,294490.0,0.0,1.0
2018-03-28,17.66,17.66,17.41,17.48,17.4098,227867.0,0.0,1.0
2018-03-29,17.49,17.7157,17.48,17.69,17.6189,284110.0,0.0,1.0
2018-04-02,17.75,18.0877,17.75,17.99,17.9177,431707.0,0.0,1.0
2018-04-03,17.91,17.91,17.6,17.71,17.6388,297447.0,0.0,1.0
2018-04-04,17.81,17.91,17.61,17.65,17.5791,129767.0,0.0,1.0
2018-04-05,17.46,17.69,17.46,17.68,17.609,42306.0,0.0,1.0
2018-04-06,17.78,17.9,17.75,17.8,17.7285,88691.0,0.0,1.0
2018-04-09,17.79,17.79,17.54,17.67,17.599,94993.0,0.0,1.0
2018-04-10,17.8,17.9399,17.67,17.84,17.7683,111210.0,0.0,1.0
2018-04-11,18.03,18.4,17.94,18.22,18.1468,414363.0,0.0,1.0
2018-04-12,18.09,18.1499,18.02,18.06,17.9874,245911.0,0.0,1.0
2018-04-13,18.27,18.49,18.17,18.39,18.3161,274301.0,0.0,1.0
2018-04-16,18.38,18.42,18.2118,18.31,18.2364,303407.0,0.0,1.0
2018-04-17,18.26,18.39,18.195,18.33,18.2563,141910.0,0.0,1.0
2018-04-18,18.37,18.67,18.37,18.46,18.3858,545868.0,0.0,1.0
2018-04-19,18.52,18.59,18.32,18.47,18.3958,265402.0,0.0,1.0
2018-04-20,18.31,18.345,18.17,18.24,18.1667,184213.0,0.0,1.0
2018-04-23,18.08,18.15,17.971,18.07,17.9974,58847.0,0.0,1.0
2018-04-24,18.14,18.32,18.11,18.27,18.1966,91901.0,0.0,1.0
2018-04-25,18.01,18.207,17.91,18.08,18.0073,153403.0,0.0,1.0
2018-04-26,18.13,18.269,18.03,18.12,18.0472,163453.0,0.0,1.0
2018-04-27,18.21,18.34,18.19,18.32,18.2464,35919.0,0.0,1.0
2018-04-30,18.16,18.27,17.94,18.0,17.9277,240889.0,0.0,1.0
2018-05-01,17.86,18.0028,17.75,17.95,17.8779,102702.0,0.0,1.0
2018-05-02,18.01,18.33,17.98,18.03,17.9575,205754.0,0.0,1.0
2018-05-03,18.25,18.31,18.14,18.2,18.1269,106466.0,0.0,1.0
2018-05-04,18.1,18.25,18.01,18.21,18.1368,68820.0,0.0,1.0
2018-05-07,18.16,18.27,18.12,18.15,18.0771,36538.0,0.0,1.0
2018-05-08,18.07,18.23,17.88,18.18,18.1069,90190.0,0.0,1.0
2018-05-09,18.19,18.2552,18.07,18.14,18.0671,169561.0,0.0,1.0
2018-05-10,18.26,18.37,18.2101,18.34,18.2663,72562.0,0.0,1.0
2018-05-11,18.38,18.4,18.23,18.32,18.2464,203709.0,0.0,1.0
2018-05-14,18.33,18.38,18.17,18.25,18.1767,683111.0,0.0,1.0
2018-05-15,17.82,17.97,17.73,17.83,17.7584,543673.0,0.0,1.0
2018-05-16,17.81,17.89,17.76,17.81,17.7384,356119.0,0.0,1.0
2018-05-17,17.78,17.85,17.72,17.78,17.7086,287785.0,0.0,1.0
2018-05-18,17.65,17.8099,17.5,17.76,17.6886,125699.0,0.0,1.0
2018-05-21,17.77,17.865,17.6447,17.82,17.7484,318985.0,0.0,1.0
2018-05-22,17.84,17.94,17.67,17.68,17.609,114322.0,0.0,1.0
2018-05-23,17.56,17.9,17.56,17.83,17.7584,59394.0,0.0,1.0
2018-05-24,17.83,18.11,17.83,18.08,18.0073,97895.0,0.0,1.0
2018-05-25,17.93,18.06,17.81,17.86,17.7882,84075.0,0.0,1.0
2018-05-29,17.64,17.89,17.64,17.74,17.6687,111398.0,0.0,1.0
2018-05-30,17.88,17.96,17.8,17.93,17.858,120396.0,0.0,1.0
2018-05-31,17.94,17.96,17.775,17.86,17.7882,169450.0,0.0,1.0
2018-06-01,17.81,17.89,17.72,17.77,17.6986,118306.0,0.0,1.0
2018-06-04,17.82,17.82,17.665,17.69,17.6189,191837.0,0.0,1.0
2018-06-05,17.67,17.9,17.67,17.83,17.7584,37953.0,0.0,1.0
2018-06-06,17.83,17.96,17.76,17.81,17.7384,203696.0,0.0,1.0
2018-06-07,17.83,17.937,17.7902,17.86,17.7882,135585.0,0.0,1.0
2018-06-08,17.79,17.86,17.74,17.77,17.6986,41577.0,0.0,1.0
2018-06-11,17.79,17.94,17.7,17.94,17.8679,162740.0,0.0,1.0
2018-06-12,17.79,17.9,17.79,17.83,17.7584,85556.0,0.0,1.0
2018-06-13,17.82,17.92,17.68,17.85,17.7783,61388.0,0.0,1.0
2018-06-14,17.89,17.98,17.75,17.97,17.8978,83078.0,0.0,1.0
2018-06-15,17.83,17.83,17.54,17.62,17.5492,197416.0,0.0,1.0
2018-06-18,17.63,17.67,17.57,17.63,17.5592,41595.0,0.0,1.0
2018-06-19,17.43,17.56,17.42,17.44,17.44,252976.0,0.0704,1.0
2018-06-20,17.49,17.54,17.29,17.31,17.31,170804.0,0.0,1.0
2018-06-21,17.3,17.43,17.24,17.24,17.24,206528.0,0.0,1.0
2018-06-22,17.36,17.51,17.34,17.48,17.48,68940.0,0.0,1.0
2018-06-25,17.44,17.48,17.25,17.31,17.31,390235.0,0.0,1.0
2018-06-26,17.22,17.33,17.15,17.27,17.27,123511.0,0.0,1.0
2018-06-27,17.22,17.29,17.09,17.11,17.11,1104293.0,0.0,1.0
2018-06-28,17.21,17.25,17.12,17.17,17.17,425234.0,0.0,1.0
2018-06-29,17.3,17.61,17.27,17.52,17.52,115050.0,0.0,1.0
2018-07-02,17.33,17.48,17.31,17.39,17.39,194618.0,0.0,1.0
2018-07-03,17.59,17.83,17.45,17.66,17.66,85674.0,0.0,1.0
2018-07-05,17.73,17.92,17.71,17.87,17.87,110073.0,0.0,1.0
2018-07-06,17.91,17.97,17.84,17.93,17.93,242589.0,0.0,1.0
2018-07-09,18.04,18.04,17.8,17.87,17.87,163018.0,0.0,1.0
2018-07-10,17.72,17.83,17.61,17.83,17.83,53107.0,0.0,1.0
2018-07-11,17.61,17.72,17.26,17.32,17.32,213482.0,0.0,1.0
2018-07-12,17.48,17.51,17.36,17.36,17.36,107524.0,0.0,1.0
2018-07-13,17.27,17.4,17.27,17.28,17.28,51114.0,0.0,1.0
2018-07-16,17.18,17.36,17.1234,17.18,17.18,79043.0,0.0,1.0
2018-07-17,17.09,17.33,17.09,17.15,17.15,433070.0,0.0,1.0
2018-07-18,17.06,17.18,16.96,17.1,17.1,265260.0,0.0,1.0
2018-07-19,16.91,17.22,16.91,16.99,16.99,171795.0,0.0,1.0
2018-07-20,17.13,17.2,17.06,17.13,17.13,94458.0,0.0,1.0
2018-07-23,17.03,17.14,16.7701,16.79,16.79,133141.0,0.0,1.0
2018-07-24,16.92,16.97,16.85,16.91,16.91,426075.0,0.0,1.0
2018-07-25,17.06,17.11,16.87,17.03,17.03,118860.0,0.0,1.0
2018-07-26,17.02,17.08,16.75,16.77,16.77,207845.0,0.0,1.0
2018-07-27,16.78,16.93,16.69,16.72,16.72,197340.0,0.0,1.0
2018-07-30,16.8,16.86,16.72,16.76,16.76,44826.0,0.0,1.0
2018-07-31,16.76,16.92,16.75,16.8,16.8,83398.0,0.0,1.0
2018-08-01,16.77,16.78,16.628,16.65,16.65,114940.0,0.0,1.0
2018-08-02,16.6,16.63,16.46,16.5,16.5,156306.0,0.0,1.0
2018-08-03,16.6,16.78,16.54,16.64,16.64,216668.0,0.0,1.0
2018-08-06,16.62,16.62,16.47,16.49,16.49,178255.0,0.0,1.0
2018-08-07,16.64,16.64,16.231,16.29,16.29,76390.0,0.0,1.0
2018-08-08,16.27,16.34,16.2027,16.28,16.28,85532.0,0.0,1.0
2018-08-09,16.33,16.44,16.21,16.24,16.24,133696.0,0.0,1.0
2018-08-10,16.08,16.23,16.02,16.02,16.02,97208.0,0.0,1.0
2018-08-13,15.91,15.94,15.48,15.48,15.48,271572.0,0.0,1.0
2018-08-14,15.55,15.7,15.3,15.33,15.33,109917.0,0.0,1.0
2018-08-15,15.04,15.16,14.29,14.37,14.37,497386.0,0.0,1.0
2018-08-16,14.47,14.67,14.05,14.06,14.06,492914.0,0.0,1.0
2018-08-17,14.25,14.53,14.17,14.44,14.44,633000.0,0.0,1.0
2018-08-20,14.54,14.66,14.35,14.52,14.52,337190.0,0.0,1.0
2018-08-21,14.58,14.68,14.43,14.62,14.62,145257.0,0.0,1.0
2018-08-22,14.74,14.79,14.67,14.77,14.77,122042.0,0.0,1.0
2018-08-23,14.62,14.62,14.23,14.34,14.34,342197.0,0.0,1.0
2018-08-24,14.47,14.92,14.47,14.71,14.71,104432.0,0.0,1.0
2018-08-27,14.74,14.98,14.74,14.93,14.93,104596.0,0.0,1.0
2018-08-28,15.03,15.12,14.64,14.66,14.66,361186.0,0.0,1.0
2018-08-29,14.75,14.84,14.66,14.74,14.74,341632.0,0.0,1.0
2018-08-30,14.59,14.75,14.4,14.48,14.48,164736.0,0.0,1.0
2018-08-31,14.48,14.5976,14.35,14.38,14.38,281950.0,0.0,1.0
2018-09-04,14.19,14.21,13.845,13.87,13.87,380908.0,0.0,1.0
2018-09-05,13.93,13.97,13.72,13.75,13.75,465061.0,0.0,1.0
2018-09-06,13.84,14.03,13.73,13.78,13.78,344335.0,0.0,1.0
2018-09-07,13.7,13.9,13.57,13.83,13.83,101166.0,0.0,1.0
2018-09-10,13.83,13.9,13.56,13.59,13.59,331374.0,0.0,1.0
2018-09-11,13.49,13.65,13.33,13.6,13.6,225479.0,0.0,1.0
2018-09-12,13.6,14.16,13.55,14.01,14.01,239571.0,0.0,1.0
2018-09-13,14.23,14.23,13.89,14.02,14.02,193583.0,0.0,1.0
2018-09-14,13.98,14.14,13.91,13.94,13.94,196400.0,0.0,1.0
2018-09-17,14.09,14.276,13.97,14.2,14.2,260618.0,0.0,1.0
2018-09-18,14.2,14.29,14.1,14.22,14.22,270067.0,0.0,1.0
2018-09-19,14.31,14.6928,14.31,14.54,14.54,143799.0,0.0,1.0
2018-09-20,14.7,14.77,14.45,14.64,14.64,199937.0,0.0,1.0
2018-09-21,14.42,14.65,14.26,14.5,14.5,242467.0,0.0,1.0
