date,1. open,2. high,3. low,4. close,5. adjusted close,6. volume,7. dividend amount,8. split coefficient
2017-10-11,25.03,25.07,25.0,25.07,24.8006,98238.0,0.0,1.0
2017-10-12,25.08,25.08,25.01,25.0299,24.7609,1040620.0,0.0,1.0
2017-10-13,25.11,25.13,25.04,25.05,24.7808,958044.0,0.0,1.0
2017-10-16,25.16,25.16,25.044,25.0899,24.8203,699835.0,0.0,1.0
2017-10-17,25.1,25.11,25.06,25.1013,24.8316,322243.0,0.0,1.0
2017-10-18,25.17,25.17,25.1,25.11,24.8402,412127.0,0.0,1.0
2017-10-19,25.06,25.1218,24.9857,25.12,24.8501,374479.0,0.0,1.0
2017-10-20,25.23,25.25,25.1856,25.25,24.9787,257398.0,0.0,1.0
2017-10-23,25.39,25.39,25.15,25.16,24.8896,322874.0,0.0,1.0
2017-10-24,25.24,25.24,25.15,25.2,24.9292,177649.0,0.0,1.0
2017-10-25,25.17,25.18,24.949,25.079,24.8095,236377.0,0.0,1.0
2017-10-26,25.2,25.2,25.105,25.12,24.8501,160859.0,0.0,1.0
2017-10-27,25.29,25.32,25.1612,25.3,25.0281,175496.0,0.0,1.0
2017-10-30,25.32,25.32,25.2,25.24,24.9688,159183.0,0.0,1.0
2017-10-31,25.29,25.3,25.22,25.27,24.9984,121800.0,0.0,1.0
2017-11-01,25.37,25.39,25.26,25.3,25.0281,127525.0,0.0,1.0
2017-11-02,25.34,25.34,25.191,25.31,25.038,149617.0,0.0,1.0
2017-11-03,25.36,25.38,25.2724,25.38,25.1073,146730.0,0.0,1.0
2017-11-06,25.4,25.45,25.38,25.43,25.1567,206281.0,0.0,1.0
2017-11-07,25.46,25.4712,25.354,25.4,25.1271,204539.0,0.0,1.0
2017-11-08,25.41,25.4512,25.351,25.43,25.1567,92137.0,0.0,1.0
2017-11-09,25.34,25.3714,25.1748,25.33,25.0578,193088.0,0.0,1.0
2017-11-10,25.33,25.36,25.2795,25.33,25.0578,146399.0,0.0,1.0
2017-11-13,25.28,25.39,25.25,25.37,25.0974,158994.0,0.0,1.0
2017-11-14,25.31,25.32,25.219,25.31,25.038,104231.0,0.0,1.0
2017-11-15,25.25,25.26,25.11,25.2,24.9292,137937.0,0.0,1.0
2017-11-16,25.29,25.438,25.29,25.4,25.1271,104328.0,0.0,1.0
2017-11-17,25.38,25.38,25.34,25.35,25.0776,125033.0,0.0,1.0
2017-11-20,25.39,25.41,25.35,25.4,25.1271,249674.0,0.0,1.0
2017-11-21,25.49,25.56,25.4876,25.56,25.2853,174609.0,0.0,1.0
2017-11-22,25.58,25.585,25.52,25.54,25.2655,129589.0,0.0,1.0
2017-11-24,25.59,25.61,25.572,25.5956,25.3206,72910.0,0.0,1.0
2017-11-27,25.62,25.63,25.551,25.58,25.3051,196101.0,0.0,1.0
2017-11-28,25.63,25.838,25.62,25.83,25.5524,127094.0,0.0,1.0
2017-11-29,25.87,25.92,25.75,25.83,25.5524,149073.0,0.0,1.0
2017-11-30,25.94,26.13,25.86,26.05,25.7701,164706.0,0.0,1.0
2017-12-01,26.04,26.06,25.6,25.99,25.7107,156152.0,0.0,1.0
2017-12-04,26.21,26.23,25.96,25.96,25.681,284445.0,0.0,1.0
2017-12-05,26.0,26.0399,25.83,25.86,25.5821,92311.0,0.0,1.0
2017-12-06,25.88,25.88,25.8,25.83,25.5524,155887.0,0.0,1.0
2017-12-07,25.87,25.9612,25.825,25.93,25.6514,106540.0,0.0,1.0
2017-12-08,26.04,26.08,26.01,26.08,25.7997,76712.0,0.0,1.0
2017-12-11,26.1,26.15,26.075,26.15,25.869,122595.0,0.0,1.0
2017-12-12,26.2,26.2426,26.16,26.17,25.8888,196945.0,0.0,1.0
2017-12-13,26.27,26.27,26.16,26.16,25.8789,141545.0,0.0,1.0
2017-12-14,26.22,26.24,26.07,26.07,25.7899,132798.0,0.0,1.0
2017-12-15,26.3,26.35,26.1726,26.28,25.9976,114525.0,0.0,1.0
2017-12-18,26.395,26.45,26.37,26.39,26.1823,212606.0,0.0767,1.0
2017-12-19,26.3,26.48,26.285,26.3,26.093,126525.0,0.0,1.0
2017-12-20,26.295,26.4321,26.23,26.28,26.0732,213220.0,0.0,1.0
2017-12-21,26.385,26.41,26.3099,26.33,26.1228,127184.0,0.0,1.0
2017-12-22,26.315,26.36,26.275,26.32,26.1128,89734.0,0.0,1.0
2017-12-26,26.37,26.37,26.2801,26.3,26.093,106074.0,0.0,1.0
2017-12-27,26.33,26.35,26.2812,26.31,26.1082,115268.0,0.0053,1.0
2017-12-28,26.38,26.38,26.32,26.37,26.1677,101158.0,0.0,1.0
2017-12-29,26.45,26.45,26.26,26.26,26.0586,135081.0,0.0,1.0
2018-01-02,26.4,26.45,26.33,26.45,26.2471,172825.0,0.0,1.0
2018-01-03,26.55,26.63,26.49,26.61,26.4059,216352.0,0.0,1.0
2018-01-04,26.7,26.7758,26.6785,26.725,26.52,205179.0,0.0,1.0
2018-01-05,26.82,26.9,26.768,26.89,26.6837,166115.0,0.0,1.0
2018-01-08,26.9,26.97,26.86,26.95,26.7433,196660.0,0.0,1.0
2018-01-09,27.02,27.08,26.97,26.99,26.783,164984.0,0.0,1.0
2018-01-10,26.95,27.0,26.85,26.97,26.7631,187106.0,0.0,1.0
2018-01-11,27.03,27.17,27.0174,27.17,26.9616,187484.0,0.0,1.0
2018-01-12,27.24,27.3422,27.195,27.325,27.1154,202524.0,0.0,1.0
2018-01-16,27.48,27.54,27.17,27.2276,27.0187,303462.0,0.0,1.0
2018-01-17,27.35,27.53,27.26,27.46,27.2494,103237.0,0.0,1.0
2018-01-18,27.49,27.5,27.3977,27.44,27.2295,169011.0,0.0,1.0
2018-01-19,27.52,27.56,27.455,27.56,27.3486,89070.0,0.0,1.0
2018-01-22,27.56,27.79,27.551,27.789,27.5758,215907.0,0.0,1.0
2018-01-23,27.81,27.88,27.7719,27.86,27.6463,233103.0,0.0,1.0
2018-01-24,27.94,27.989,27.69,27.85,27.6364,141850.0,0.0,1.0
2018-01-25,27.95,27.95,27.77,27.83,27.6165,136510.0,0.0,1.0
2018-01-26,27.91,28.14,27.901,28.1264,27.9106,315801.0,0.0,1.0
2018-01-29,28.14,28.14,27.96,27.99,27.7753,241838.0,0.0,1.0
2018-01-30,27.79,27.82,27.62,27.68,27.4677,267947.0,0.0,1.0
2018-01-31,27.77,27.83,27.5601,27.6886,27.4762,204193.0,0.0,1.0
2018-02-01,27.67,27.809,27.6,27.68,27.4677,164438.0,0.0,1.0
2018-02-02,27.54,27.55,27.06,27.07,26.8623,473769.0,0.0,1.0
2018-02-05,26.89,27.1,25.92,26.025,25.8254,595628.0,0.0,1.0
2018-02-06,25.63,26.4899,25.48,26.37,26.1677,482192.0,0.0,1.0
2018-02-07,26.41,26.75,26.31,26.31,26.1082,330549.0,0.0,1.0
2018-02-08,26.33,26.33,25.36,25.36,25.1655,223071.0,0.0,1.0
2018-02-09,25.65,25.89,24.88,25.68,25.483,457473.0,0.0,1.0
2018-02-12,25.94,26.19,25.75,26.05,25.8502,339393.0,0.0,1.0
2018-02-13,25.9,26.1776,25.89,26.14,25.9395,134582.0,0.0,1.0
2018-02-14,25.98,26.54,25.98,26.48,26.2769,224126.0,0.0,1.0
2018-02-15,26.7,26.83,26.45,26.83,26.6242,277558.0,0.0,1.0
2018-02-16,26.84,27.059,26.7983,26.83,26.6242,796579.0,0.0,1.0
2018-02-20,26.79,26.9,26.61,26.68,26.4753,255673.0,0.0,1.0
2018-02-21,26.78,27.0,26.53,26.53,26.3265,688683.0,0.0,1.0
2018-02-22,26.62,26.8001,26.54,26.54,26.3364,134103.0,0.0,1.0
2018-02-23,26.74,26.99,26.6583,26.99,26.783,51242.0,0.0,1.0
2018-02-26,27.11,27.28,27.04,27.28,27.0707,317064.0,0.0,1.0
2018-02-27,27.27,27.38,26.91,26.91,26.7036,147551.0,0.0,1.0
2018-02-28,27.09,27.1,26.66,26.66,26.4555,178305.0,0.0,1.0
2018-03-01,26.71,26.79,26.1401,26.33,26.128,241293.0,0.0,1.0
2018-03-02,26.1,26.5,26.0275,26.44,26.2372,285896.0,0.0,1.0
2018-03-05,26.36,26.83,26.3218,26.77,26.5646,128924.0,0.0,1.0
2018-03-06,26.91,26.91,26.7,26.85,26.644,246313.0,0.0,1.0
2018-03-07,26.65,26.8899,26.56,26.87,26.6639,123477.0,0.0,1.0
2018-03-08,26.94,26.999,26.83,26.95,26.7433,93400.0,0.0,1.0
2018-03-09,27.09,27.42,27.09,27.41,27.1997,285775.0,0.0,1.0
2018-03-12,27.5,27.54,27.3739,27.42,27.2097,179199.0,0.0,1.0
2018-03-13,27.55,27.57,27.16,27.25,27.041,110216.0,0.0,1.0
2018-03-14,27.31,27.3301,27.0353,27.09,26.8822,89826.0,0.0,1.0
2018-03-15,27.16,27.21,27.02,27.09,26.8822,94593.0,0.0,1.0
2018-03-16,27.09,27.1201,27.0101,27.03,26.9071,38681.0,0.0851,1.0
2018-03-19,26.94,26.94,26.48,26.66,26.5388,138824.0,0.0,1.0
2018-03-20,26.79,26.79,26.65,26.72,26.5985,99448.0,0.0,1.0
2018-03-21,26.75,26.889,26.66,26.67,26.5487,39575.0,0.0,1.0
2018-03-22,26.49,26.49,26.0,26.03,25.9116,173389.0,0.0,1.0
2018-03-23,26.02,26.13,25.45,25.45,25.3343,203343.0,0.0,1.0
2018-03-26,25.87,26.16,25.591,26.16,26.0411,216443.0,0.0,1.0
2018-03-27,26.2,26.2826,25.56,25.6401,25.5235,98159.0,0.0,1.0
2018-03-28,25.68,25.805,25.54,25.66,25.5433,100492.0,0.0,1.0
2018-03-29,25.77,26.1329,25.6602,26.0,25.8818,114063.0,0.0,1.0
2018-04-02,25.92,25.92,25.12,25.39,25.2746,214668.0,0.0,1.0
2018-04-03,25.55,25.73,25.3462,25.71,25.5931,102342.0,0.0,1.0
2018-04-04,25.31,26.0231,25.31,25.98,25.8619,88933.0,0.0,1.0
2018-04-05,26.18,26.2683,26.0558,26.2,26.0809,159734.0,0.0,1.0
2018-04-06,25.93,26.1,25.45,25.58,25.4637,210790.0,0.0,1.0
2018-04-09,25.79,26.0719,25.7,25.71,25.5931,86873.0,0.0,1.0
2018-04-10,26.02,26.18,25.921,26.11,25.9913,98200.0,0.0,1.0
2018-04-11,26.0,26.15,25.91,26.0,25.8818,63485.0,0.0,1.0
2018-04-12,26.11,26.29,26.095,26.19,26.0709,78309.0,0.0,1.0
2018-04-13,26.32,26.42,26.0366,26.12,26.0012,81357.0,0.0,1.0
2018-04-16,26.31,26.4037,26.212,26.34,26.2202,153169.0,0.0,1.0
2018-04-17,26.54,26.67,26.47,26.61,26.489,143989.0,0.0,1.0
2018-04-18,26.71,26.73,26.61,26.66,26.5388,73638.0,0.0,1.0
2018-04-19,26.6,26.6,26.405,26.5,26.3795,70655.0,0.0,1.0
2018-04-20,26.58,26.58,26.21,26.28,26.1605,92721.0,0.0,1.0
2018-04-23,26.34,26.4128,26.2,26.2862,26.1667,101324.0,0.0,1.0
2018-04-24,26.4,26.4231,25.795,25.96,25.842,142022.0,0.0,1.0
2018-04-25,25.96,26.05,25.74,26.0,25.8818,105959.0,0.0,1.0
2018-04-26,26.12,26.3261,26.05,26.25,26.1306,55888.0,0.0,1.0
2018-04-27,26.37,26.37,26.16,26.2961,26.1765,49722.0,0.0,1.0
2018-04-30,26.33,26.39,26.05,26.05,25.9316,57024.0,0.0,1.0
2018-05-01,26.03,26.12,25.8533,26.12,26.0012,168115.0,0.0,1.0
2018-05-02,26.11,26.1761,25.925,25.9422,25.8242,42207.0,0.0,1.0
2018-05-03,25.88,25.9661,25.575,25.9,25.7822,104731.0,0.0,1.0
2018-05-04,25.8,26.295,25.771,26.24,26.1207,154304.0,0.0,1.0
2018-05-07,26.32,26.4361,26.29,26.33,26.2103,142407.0,0.0,1.0
2018-05-08,26.33,26.3539,26.21,26.34,26.2202,40613.0,0.0,1.0
2018-05-09,26.42,26.615,26.3579,26.5636,26.4428,83644.0,0.0,1.0
2018-05-10,26.63,26.85,26.63,26.81,26.6881,104681.0,0.0,1.0
2018-05-11,26.86,26.93,26.81,26.88,26.7578,61407.0,0.0,1.0
2018-05-14,26.98,27.0172,26.847,26.9,26.7777,104297.0,0.0,1.0
2018-05-15,26.75,26.811,26.631,26.73,26.6085,73574.0,0.0,1.0
2018-05-16,26.7,26.88,26.7,26.8299,26.7079,68651.0,0.0,1.0
2018-05-17,26.82,26.9399,26.7501,26.82,26.6981,66460.0,0.0,1.0
2018-05-18,26.81,26.83,26.74,26.7728,26.6511,80348.0,0.0,1.0
2018-05-21,26.94,27.0246,26.901,26.965,26.8424,65931.0,0.0,1.0
2018-05-22,27.04,27.0498,26.855,26.87,26.7478,188109.0,0.0,1.0
2018-05-23,26.78,26.95,26.74,26.95,26.8275,52309.0,0.0,1.0
2018-05-24,26.92,26.9344,26.715,26.9,26.7777,64335.0,0.0,1.0
2018-05-25,26.92,26.92,26.785,26.85,26.7279,40700.0,0.0,1.0
2018-05-29,26.69,26.739,26.4414,26.57,26.4492,113092.0,0.0,1.0
2018-05-30,26.72,26.9439,26.68,26.91,26.7876,70348.0,0.0,1.0
2018-05-31,26.89,26.89,26.68,26.72,26.5985,53381.0,0.0,1.0
2018-06-01,26.87,27.0238,26.87,26.99,26.8673,61408.0,0.0,1.0
2018-06-04,27.05,27.1258,27.05,27.12,26.9967,108605.0,0.0,1.0
2018-06-05,27.14,27.179,27.065,27.14,27.0166,42195.0,0.0,1.0
2018-06-06,27.21,27.36,27.1472,27.36,27.2356,53030.0,0.0,1.0
2018-06-07,27.41,27.455,27.265,27.355,27.2306,56360.0,0.0,1.0
2018-06-08,27.29,27.45,27.29,27.44,27.3152,82782.0,0.0,1.0
2018-06-11,27.49,27.55,27.475,27.49,27.365,97203.0,0.0,1.0
2018-06-12,27.56,27.5663,27.469,27.54,27.4148,109010.0,0.0,1.0
2018-06-13,27.59,27.59,27.4399,27.4399,27.3151,114926.0,0.0,1.0
2018-06-14,27.56,27.56,27.45,27.505,27.3799,50998.0,0.0,1.0
2018-06-15,27.48,27.52,27.35,27.4862,27.3612,69091.0,0.0,1.0
2018-06-18,27.33,27.459,27.27,27.45,27.3252,61676.0,0.0,1.0
2018-06-19,27.33,27.35,27.15,27.35,27.2256,112734.0,0.0,1.0
2018-06-20,27.48,27.48,27.38,27.405,27.2804,112719.0,0.0,1.0
2018-06-21,27.41,27.41,27.1935,27.2299,27.1061,110596.0,0.0,1.0
2018-06-22,27.4,27.4,27.25,27.25,27.1261,39903.0,0.0,1.0
2018-06-25,27.19,27.19,26.73,26.88,26.7578,155059.0,0.0,1.0
2018-06-26,26.83,26.901,26.74,26.82,26.82,108313.0,0.1225,1.0
2018-06-27,26.94,27.033,26.58,26.58,26.58,42095.0,0.0,1.0
2018-06-28,26.64,26.7862,26.51,26.7399,26.7399,35918.0,0.0,1.0
2018-06-29,26.85,26.99,26.7751,26.7751,26.7751,74409.0,0.0,1.0
2018-07-02,26.68,26.85,26.6,26.85,26.85,86479.0,0.0,1.0
2018-07-03,26.9,26.943,26.7364,26.7364,26.7364,50033.0,0.0,1.0
2018-07-05,26.89,26.97,26.76,26.97,26.97,55454.0,0.0,1.0
2018-07-06,26.98,27.22,26.9278,27.2,27.2,55600.0,0.0,1.0
2018-07-09,27.3,27.43,27.3,27.43,27.43,85995.0,0.0,1.0
2018-07-10,27.5,27.55,27.45,27.525,27.525,89316.0,0.0,1.0
2018-07-11,27.45,27.45,27.3001,27.34,27.34,37434.0,0.0,1.0
2018-07-12,27.49,27.57,27.4003,27.57,27.57,129281.0,0.0,1.0
2018-07-13,27.57,27.6262,27.5072,27.59,27.59,60300.0,0.0,1.0
2018-07-16,27.56,27.59,27.509,27.54,27.54,60214.0,0.0,1.0
2018-07-17,27.49,27.7,27.485,27.665,27.665,90205.0,0.0,1.0
2018-07-18,27.69,27.75,27.63,27.74,27.74,275813.0,0.0,1.0
2018-07-19,27.69,27.7,27.6,27.65,27.65,71190.0,0.0,1.0
2018-07-20,27.64,27.67,27.591,27.6019,27.6019,48903.0,0.0,1.0
2018-07-23,27.59,27.6666,27.55,27.64,27.64,37509.0,0.0,1.0
2018-07-24,27.75,27.8445,27.641,27.73,27.73,84664.0,0.0,1.0
2018-07-25,27.73,27.99,27.69,27.95,27.95,105873.0,0.0,1.0
2018-07-26,27.87,27.982,27.87,27.91,27.91,39020.0,0.0,1.0
2018-07-27,27.96,27.9683,27.644,27.72,27.72,78426.0,0.0,1.0
2018-07-30,27.77,27.77,27.501,27.55,27.55,244602.0,0.0,1.0
2018-07-31,27.65,27.776,27.6067,27.705,27.705,110081.0,0.0,1.0
2018-08-01,27.73,27.78,27.6,27.67,27.67,85993.0,0.0,1.0
2018-08-02,27.55,27.839,27.51,27.8359,27.8359,68507.0,0.0,1.0
2018-08-03,27.86,27.95,27.838,27.95,27.95,76498.0,0.0,1.0
2018-08-06,27.95,28.0768,27.9214,28.06,28.06,220380.0,0.0,1.0
2018-08-07,28.12,28.18,28.12,28.14,28.14,124277.0,0.0,1.0
2018-08-08,28.15,28.1699,28.086,28.14,28.14,94558.0,0.0,1.0
2018-08-09,28.15,28.18,28.09,28.1,28.1,47763.0,0.0,1.0
2018-08-10,28.0,28.005,27.855,27.93,27.93,92454.0,0.0,1.0
2018-08-13,27.94,28.0114,27.78,27.81,27.81,83105.0,0.0,1.0
2018-08-14,27.91,28.01,27.8561,27.98,27.98,54866.0,0.0,1.0
2018-08-15,27.88,27.88,27.617,27.78,27.78,84308.0,0.0,1.0
2018-08-16,27.94,28.0635,27.94,27.975,27.975,127033.0,0.0,1.0
2018-08-17,27.97,28.1399,27.9349,28.07,28.07,138035.0,0.0,1.0
2018-08-20,28.16,28.181,28.1,28.15,28.15,96298.0,0.0,1.0
2018-08-21,28.21,28.33,28.21,28.24,28.24,97863.0,0.0,1.0
2018-08-22,28.22,28.27,28.1799,28.24,28.24,419743.0,0.0,1.0
2018-08-23,28.17,28.2925,28.161,28.18,28.18,399060.0,0.0,1.0
2018-08-24,28.25,28.35,28.25,28.35,28.35,170134.0,0.0,1.0
2018-08-27,28.5,28.579,28.4565,28.57,28.57,117909.0,0.0,1.0
2018-08-28,28.6,28.6358,28.5331,28.558,28.558,98388.0,0.0,1.0
2018-08-29,28.61,28.76,28.5807,28.7359,28.7359,140574.0,0.0,1.0
2018-08-30,28.7,28.72,28.5867,28.611,28.611,62467.0,0.0,1.0
2018-08-31,28.6,28.6619,28.54,28.63,28.63,66688.0,0.0,1.0
2018-09-04,28.6,28.605,28.47,28.58,28.58,65295.0,0.0,1.0
2018-09-05,28.57,28.57,28.381,28.5,28.5,65015.0,0.0,1.0
2018-09-06,28.47,28.559,28.305,28.41,28.41,37726.0,0.0,1.0
2018-09-07,28.33,28.45,28.29,28.35,28.35,89703.0,0.0,1.0
2018-09-10,28.47,28.47,28.385,28.41,28.41,91317.0,0.0,1.0
2018-09-11,28.36,28.5401,28.36,28.5,28.5,63262.0,0.0,1.0
2018-09-12,28.51,28.55,28.42,28.51,28.51,52217.0,0.0,1.0
2018-09-13,28.61,28.6901,28.6,28.65,28.65,48972.0,0.0,1.0
2018-09-14,28.69,28.71,28.6,28.67,28.67,117923.0,0.0,1.0
2018-09-17,28.7,28.7,28.471,28.49,28.49,55176.0,0.0,1.0
2018-09-18,28.57,28.709,28.57,28.67,28.67,65484.0,0.0,1.0
2018-09-19,28.69,28.7136,28.6464,28.67,28.67,35353.0,0.0,1.0
2018-09-20,28.74,28.9201,28.74,28.89,28.89,74031.0,0.0,1.0
2018-09-21,29.0,29.0,28.86,28.88,28.88,82491.0,0.0,1.0
