date,1. open,2. high,3. low,4. close,5. adjusted close,6. volume,7. dividend amount,8. split coefficient
2017-08-24,25.605,25.605,25.605,25.605,24.9659,0.0,0.0,1.0
2017-08-25,25.6054,25.6054,25.6054,25.6054,24.9663,0.0,0.0,1.0
2017-08-28,25.6054,25.6054,25.6054,25.6054,24.9663,0.0,0.0,1.0
2017-08-29,25.6054,25.6054,25.6054,25.6054,24.9663,0.0,0.0,1.0
2017-08-30,25.6054,25.6054,25.6054,25.6054,24.9663,0.0,0.0,1.0
2017-08-31,25.6054,25.6054,25.6054,25.6054,24.9663,0.0,0.0,1.0
2017-09-01,25.6054,25.6054,25.6054,25.6054,24.9663,0.0,0.0,1.0
2017-09-05,25.6054,25.6054,25.6054,25.6054,24.9663,0.0,0.0,1.0
2017-09-06,25.6054,25.6054,25.6054,25.6054,24.9663,0.0,0.0,1.0
2017-09-07,25.6054,25.6054,25.6054,25.6054,24.9663,0.0,0.0,1.0
2017-09-08,25.6054,25.6054,25.6054,25.6054,24.9663,0.0,0.0,1.0
2017-09-11,25.72,25.72,25.72,25.72,25.07800000000001,399.0,0.0,1.0
2017-09-12,25.72,25.72,25.72,25.72,25.07800000000001,10.0,0.0,1.0
2017-09-13,25.72,25.72,25.72,25.72,25.07800000000001,0.0,0.0,1.0
2017-09-14,25.72,25.72,25.72,25.72,25.07800000000001,0.0,0.0,1.0
2017-09-15,25.72,25.72,25.72,25.72,25.07800000000001,8.0,0.0,1.0
2017-09-18,25.6423,25.6423,25.6423,25.6423,25.07800000000001,0.0,0.0777,1.0
2017-09-19,25.82,25.82,25.82,25.82,25.2518,10.0,0.0,1.0
2017-09-20,25.82,25.82,25.82,25.82,25.2518,0.0,0.0,1.0
2017-09-21,25.82,25.82,25.82,25.82,25.2518,0.0,0.0,1.0
2017-09-22,25.82,25.82,25.82,25.82,25.2518,0.0,0.0,1.0
2017-09-25,25.82,25.82,25.82,25.82,25.2518,0.0,0.0,1.0
2017-09-26,25.82,25.82,25.82,25.82,25.2518,0.0,0.0,1.0
2017-09-27,25.82,25.82,25.82,25.82,25.2518,0.0,0.0,1.0
2017-09-28,25.82,25.82,25.82,25.82,25.2518,0.0,0.0,1.0
2017-09-29,25.82,25.82,25.82,25.82,25.2518,0.0,0.0,1.0
2017-10-02,25.82,25.82,25.82,25.82,25.2518,1.0,0.0,1.0
2017-10-03,25.82,25.82,25.82,25.82,25.2518,0.0,0.0,1.0
2017-10-04,25.82,25.82,25.82,25.82,25.2518,0.0,0.0,1.0
2017-10-05,25.82,25.82,25.82,25.82,25.2518,0.0,0.0,1.0
2017-10-06,25.82,25.82,25.82,25.82,25.2518,0.0,0.0,1.0
2017-10-09,26.06,26.06,26.06,26.06,25.4865,100.0,0.0,1.0
2017-10-10,25.92,25.92,25.92,25.92,25.3496,200.0,0.0,1.0
2017-10-11,25.92,25.92,25.92,25.92,25.3496,0.0,0.0,1.0
2017-10-12,25.92,25.92,25.92,25.92,25.3496,0.0,0.0,1.0
2017-10-13,25.92,25.92,25.92,25.92,25.3496,0.0,0.0,1.0
2017-10-16,25.92,25.92,25.92,25.92,25.3496,0.0,0.0,1.0
2017-10-17,25.92,25.92,25.92,25.92,25.3496,0.0,0.0,1.0
2017-10-18,25.92,25.92,25.92,25.92,25.3496,0.0,0.0,1.0
2017-10-19,25.92,25.92,25.92,25.92,25.3496,0.0,0.0,1.0
2017-10-20,25.92,25.92,25.92,25.92,25.3496,0.0,0.0,1.0
2017-10-23,25.92,25.92,25.92,25.92,25.3496,0.0,0.0,1.0
2017-10-24,25.92,25.92,25.92,25.92,25.3496,0.0,0.0,1.0
2017-10-25,25.92,25.92,25.92,25.92,25.3496,0.0,0.0,1.0
2017-10-26,25.92,25.92,25.92,25.92,25.3496,0.0,0.0,1.0
2017-10-27,25.92,25.92,25.92,25.92,25.3496,0.0,0.0,1.0
2017-10-30,25.92,25.92,25.92,25.92,25.3496,0.0,0.0,1.0
2017-10-31,25.92,25.92,25.92,25.92,25.3496,0.0,0.0,1.0
2017-11-01,25.92,25.92,25.92,25.92,25.3496,0.0,0.0,1.0
2017-11-02,25.92,25.92,25.92,25.92,25.3496,0.0,0.0,1.0
2017-11-03,25.92,25.92,25.92,25.92,25.3496,0.0,0.0,1.0
2017-11-06,25.92,25.92,25.92,25.92,25.3496,0.0,0.0,1.0
2017-11-07,25.92,25.92,25.92,25.92,25.3496,0.0,0.0,1.0
2017-11-08,25.92,25.92,25.92,25.92,25.3496,0.0,0.0,1.0
2017-11-09,25.92,25.92,25.92,25.92,25.3496,0.0,0.0,1.0
2017-11-10,25.92,25.92,25.92,25.92,25.3496,0.0,0.0,1.0
2017-11-13,25.92,25.92,25.92,25.92,25.3496,0.0,0.0,1.0
2017-11-14,25.92,25.92,25.92,25.92,25.3496,0.0,0.0,1.0
2017-11-15,25.92,25.92,25.92,25.92,25.3496,0.0,0.0,1.0
2017-11-16,25.92,25.92,25.92,25.92,25.3496,0.0,0.0,1.0
2017-11-17,25.92,25.92,25.92,25.92,25.3496,0.0,0.0,1.0
2017-11-20,26.93,26.93,26.93,26.93,26.3374,500.0,0.0,1.0
2017-11-21,26.93,26.93,26.93,26.93,26.3374,0.0,0.0,1.0
2017-11-22,26.93,26.93,26.93,26.93,26.3374,0.0,0.0,1.0
2017-11-24,26.93,26.93,26.93,26.93,26.3374,0.0,0.0,1.0
2017-11-27,26.93,26.93,26.93,26.93,26.3374,0.0,0.0,1.0
2017-11-28,26.93,26.93,26.93,26.93,26.3374,0.0,0.0,1.0
2017-11-29,26.93,26.93,26.93,26.93,26.3374,100.0,0.0,1.0
2017-11-30,26.93,26.93,26.93,26.93,26.3374,0.0,0.0,1.0
2017-12-01,27.53,27.53,27.53,27.53,26.9242,200.0,0.0,1.0
2017-12-04,27.53,27.53,27.53,27.53,26.9242,10.0,0.0,1.0
2017-12-05,27.529,27.529,27.529,27.529,26.9232,200.0,0.0,1.0
2017-12-06,27.529,27.529,27.529,27.529,26.9232,0.0,0.0,1.0
2017-12-07,27.529,27.529,27.529,27.529,26.9232,0.0,0.0,1.0
2017-12-08,27.529,27.529,27.529,27.529,26.9232,0.0,0.0,1.0
2017-12-11,27.529,27.529,27.529,27.529,26.9232,20.0,0.0,1.0
2017-12-12,27.529,27.529,27.529,27.529,26.9232,0.0,0.0,1.0
2017-12-13,27.529,27.529,27.529,27.529,26.9232,0.0,0.0,1.0
2017-12-14,27.529,27.529,27.529,27.529,26.9232,0.0,0.0,1.0
2017-12-15,27.529,27.529,27.529,27.529,26.9232,0.0,0.0,1.0
2017-12-18,27.141,27.141,27.141,27.141,26.9232,100.0,0.388,1.0
2017-12-19,27.1407,27.1407,27.1407,27.1407,26.9229,0.0,0.0,1.0
2017-12-20,27.1407,27.1407,27.1407,27.1407,26.9229,0.0,0.0,1.0
2017-12-21,27.1407,27.1407,27.1407,27.1407,26.9229,0.0,0.0,1.0
2017-12-22,27.1407,27.1407,27.1407,27.1407,26.9229,0.0,0.0,1.0
2017-12-26,27.1407,27.1407,27.1407,27.1407,26.9229,0.0,0.0,1.0
2017-12-27,27.1407,27.1407,27.1407,27.1407,26.9229,8.0,0.0,1.0
2017-12-28,27.1407,27.1407,27.1407,27.1407,26.9229,0.0,0.0,1.0
2017-12-29,27.1407,27.1407,27.1407,27.1407,26.9229,0.0,0.0,1.0
2018-01-02,27.1407,27.1407,27.1407,27.1407,26.9229,2.0,0.0,1.0
2018-01-03,27.17,27.17,27.17,27.17,26.952,1.0,0.0,1.0
2018-01-04,27.17,27.17,27.17,27.17,26.952,0.0,0.0,1.0
2018-01-05,27.17,27.17,27.17,27.17,26.952,0.0,0.0,1.0
2018-01-08,27.17,27.17,27.17,27.17,26.952,0.0,0.0,1.0
2018-01-09,27.17,27.17,27.17,27.17,26.952,0.0,0.0,1.0
2018-01-10,27.17,27.17,27.17,27.17,26.952,0.0,0.0,1.0
2018-01-11,27.17,27.17,27.17,27.17,26.952,0.0,0.0,1.0
2018-01-12,27.675,27.675,27.675,27.675,27.4529,200.0,0.0,1.0
2018-01-16,27.6752,27.6752,27.6752,27.6752,27.4531,0.0,0.0,1.0
2018-01-17,27.67,27.67,27.67,27.67,27.448,100.0,0.0,1.0
2018-01-18,27.67,27.67,27.67,27.67,27.448,48.0,0.0,1.0
2018-01-19,27.67,27.67,27.67,27.67,27.448,0.0,0.0,1.0
2018-01-22,27.67,27.67,27.67,27.67,27.448,0.0,0.0,1.0
2018-01-23,27.67,27.67,27.67,27.67,27.448,0.0,0.0,1.0
2018-01-24,27.67,27.67,27.67,27.67,27.448,0.0,0.0,1.0
2018-01-25,27.67,27.67,27.67,27.67,27.448,50.0,0.0,1.0
2018-01-26,27.67,27.67,27.67,27.67,27.448,0.0,0.0,1.0
2018-01-29,27.67,27.67,27.67,27.67,27.448,10.0,0.0,1.0
2018-01-30,27.67,27.67,27.67,27.67,27.448,0.0,0.0,1.0
2018-01-31,28.51,28.51,28.51,28.51,28.2812,35.0,0.0,1.0
2018-02-01,28.33,28.33,28.33,28.33,28.1027,200.0,0.0,1.0
2018-02-02,28.33,28.33,28.33,28.33,28.1027,0.0,0.0,1.0
2018-02-05,28.33,28.33,28.33,28.33,28.1027,21.0,0.0,1.0
2018-02-06,28.33,28.33,28.33,28.33,28.1027,0.0,0.0,1.0
2018-02-07,28.33,28.33,28.33,28.33,28.1027,0.0,0.0,1.0
2018-02-08,26.53,26.53,26.53,26.53,26.3171,200.0,0.0,1.0
2018-02-09,26.385,26.385,26.385,26.385,26.1733,200.0,0.0,1.0
2018-02-12,26.3852,26.3852,26.3852,26.3852,26.1735,0.0,0.0,1.0
2018-02-13,26.3852,26.3852,26.3852,26.3852,26.1735,18.0,0.0,1.0
2018-02-14,26.3852,26.3852,26.3852,26.3852,26.1735,0.0,0.0,1.0
2018-02-15,26.3852,26.3852,26.3852,26.3852,26.1735,0.0,0.0,1.0
2018-02-16,26.3852,26.3852,26.3852,26.3852,26.1735,42.0,0.0,1.0
2018-02-20,26.3852,26.3852,26.3852,26.3852,26.1735,0.0,0.0,1.0
2018-02-21,26.3852,26.3852,26.3852,26.3852,26.1735,0.0,0.0,1.0
2018-02-22,26.3852,26.3852,26.3852,26.3852,26.1735,0.0,0.0,1.0
2018-02-23,26.3852,26.3852,26.3852,26.3852,26.1735,0.0,0.0,1.0
2018-02-26,27.6635,27.7033,27.6635,27.7033,27.481,818.0,0.0,1.0
2018-02-27,27.937,27.937,27.937,27.937,27.7128,400.0,0.0,1.0
2018-02-28,27.9367,27.9367,27.9367,27.9367,27.7125,0.0,0.0,1.0
2018-03-01,27.076,27.0951,27.076,27.0951,26.8777,200.0,0.0,1.0
2018-03-02,27.12,27.12,27.0747,27.0747,26.8574,202.0,0.0,1.0
2018-03-05,27.075,27.075,27.075,27.075,26.8577,100.0,0.0,1.0
2018-03-06,27.0747,27.0747,27.0747,27.0747,26.8574,0.0,0.0,1.0
2018-03-07,27.41,27.41,27.41,27.41,27.19,101.0,0.0,1.0
2018-03-08,27.56,27.56,27.54,27.54,27.31900000000001,347.0,0.0,1.0
2018-03-09,27.62,27.62,27.62,27.62,27.3984,100.0,0.0,1.0
2018-03-12,27.62,27.62,27.62,27.62,27.3984,0.0,0.0,1.0
2018-03-13,27.62,27.62,27.62,27.62,27.3984,467.0,0.0,1.0
2018-03-14,27.62,27.62,27.62,27.62,27.3984,0.0,0.0,1.0
2018-03-15,27.62,27.62,27.62,27.62,27.3984,0.0,0.0,1.0
2018-03-16,27.62,27.62,27.62,27.62,27.3984,0.0,0.0,1.0
2018-03-19,27.5305,27.5305,27.5305,27.5305,27.3984,0.0,0.0895,1.0
2018-03-20,27.531,27.531,27.531,27.531,27.3989,0.0,0.0,1.0
2018-03-21,27.5305,27.5305,27.5305,27.5305,27.3984,0.0,0.0,1.0
2018-03-22,27.02,27.02,27.02,27.02,26.8903,400.0,0.0,1.0
2018-03-23,27.02,27.02,27.02,27.02,26.8903,0.0,0.0,1.0
2018-03-26,26.805,26.805,26.805,26.805,26.6764,200.0,0.0,1.0
2018-03-27,26.8048,26.8048,26.8048,26.8048,26.6762,0.0,0.0,1.0
2018-03-28,26.8048,26.8048,26.8048,26.8048,26.6762,0.0,0.0,1.0
2018-03-29,26.8048,26.8048,26.8048,26.8048,26.6762,0.0,0.0,1.0
2018-04-02,26.8048,26.8048,26.8048,26.8048,26.6762,94.0,0.0,1.0
2018-04-03,26.8048,26.8048,26.8048,26.8048,26.6762,30.0,0.0,1.0
2018-04-04,26.8048,26.8048,26.8048,26.8048,26.6762,0.0,0.0,1.0
2018-04-05,26.8048,26.8048,26.8048,26.8048,26.6762,0.0,0.0,1.0
2018-04-06,26.8048,26.8048,26.8048,26.8048,26.6762,1.0,0.0,1.0
2018-04-09,26.8048,26.8048,26.8048,26.8048,26.6762,30.0,0.0,1.0
2018-04-10,26.8048,26.8048,26.8048,26.8048,26.6762,11.0,0.0,1.0
2018-04-11,26.8048,26.8048,26.8048,26.8048,26.6762,0.0,0.0,1.0
2018-04-12,26.8048,26.8048,26.8048,26.8048,26.6762,0.0,0.0,1.0
2018-04-13,26.8048,26.8048,26.8048,26.8048,26.6762,0.0,0.0,1.0
2018-04-16,26.8048,26.8048,26.8048,26.8048,26.6762,0.0,0.0,1.0
2018-04-17,26.8048,26.8048,26.8048,26.8048,26.6762,0.0,0.0,1.0
2018-04-18,27.502,27.502,27.502,27.502,27.37,300.0,0.0,1.0
2018-04-19,27.502,27.502,27.502,27.502,27.37,0.0,0.0,1.0
2018-04-20,27.502,27.502,27.502,27.502,27.37,0.0,0.0,1.0
2018-04-23,27.502,27.502,27.502,27.502,27.37,0.0,0.0,1.0
2018-04-24,27.13,27.13,27.13,27.13,26.9998,300.0,0.0,1.0
2018-04-25,27.13,27.13,27.13,27.13,26.9998,0.0,0.0,1.0
2018-04-26,27.13,27.13,27.13,27.13,26.9998,0.0,0.0,1.0
2018-04-27,27.13,27.13,27.13,27.13,26.9998,0.0,0.0,1.0
2018-04-30,27.13,27.13,27.13,27.13,26.9998,0.0,0.0,1.0
2018-05-01,27.13,27.13,27.13,27.13,26.9998,0.0,0.0,1.0
2018-05-02,27.13,27.13,27.13,27.13,26.9998,0.0,0.0,1.0
2018-05-03,26.492,26.492,26.492,26.492,26.3649,100.0,0.0,1.0
2018-05-04,26.492,26.492,26.492,26.492,26.3649,0.0,0.0,1.0
2018-05-07,26.492,26.492,26.492,26.492,26.3649,0.0,0.0,1.0
2018-05-08,26.492,26.492,26.492,26.492,26.3649,0.0,0.0,1.0
2018-05-09,26.492,26.492,26.492,26.492,26.3649,0.0,0.0,1.0
2018-05-10,27.3,27.3,27.3,27.3,27.169,100.0,0.0,1.0
2018-05-11,27.3,27.3,27.3,27.3,27.169,0.0,0.0,1.0
2018-05-14,27.3,27.3,27.3,27.3,27.169,0.0,0.0,1.0
2018-05-15,27.3,27.3,27.3,27.3,27.169,0.0,0.0,1.0
2018-05-16,27.22,27.22,27.22,27.22,27.0894,100.0,0.0,1.0
2018-05-17,27.22,27.22,27.22,27.22,27.0894,0.0,0.0,1.0
2018-05-18,27.22,27.22,27.22,27.22,27.0894,0.0,0.0,1.0
2018-05-21,27.34,27.34,27.34,27.34,27.2088,100.0,0.0,1.0
2018-05-22,27.34,27.34,27.34,27.34,27.2088,0.0,0.0,1.0
2018-05-23,27.34,27.34,27.34,27.34,27.2088,0.0,0.0,1.0
2018-05-24,27.34,27.34,27.34,27.34,27.2088,0.0,0.0,1.0
2018-05-25,27.34,27.34,27.34,27.34,27.2088,0.0,0.0,1.0
2018-05-29,27.34,27.34,27.34,27.34,27.2088,100.0,0.0,1.0
2018-05-30,27.34,27.34,27.34,27.34,27.2088,0.0,0.0,1.0
2018-05-31,27.34,27.34,27.34,27.34,27.2088,0.0,0.0,1.0
2018-06-01,27.34,27.34,27.34,27.34,27.2088,0.0,0.0,1.0
2018-06-04,27.34,27.34,27.34,27.34,27.2088,0.0,0.0,1.0
2018-06-05,27.34,27.34,27.34,27.34,27.2088,0.0,0.0,1.0
2018-06-06,27.34,27.34,27.34,27.34,27.2088,0.0,0.0,1.0
2018-06-07,27.34,27.34,27.34,27.34,27.2088,0.0,0.0,1.0
2018-06-08,27.34,27.34,27.34,27.34,27.2088,0.0,0.0,1.0
2018-06-11,27.34,27.34,27.34,27.34,27.2088,0.0,0.0,1.0
2018-06-12,27.34,27.34,27.34,27.34,27.2088,0.0,0.0,1.0
2018-06-13,27.34,27.34,27.34,27.34,27.2088,0.0,0.0,1.0
2018-06-14,27.34,27.34,27.34,27.34,27.2088,0.0,0.0,1.0
2018-06-15,27.34,27.34,27.34,27.34,27.2088,45.0,0.0,1.0
2018-06-18,27.34,27.34,27.34,27.34,27.34,0.0,0.1318,1.0
2018-06-19,27.656,27.656,27.656,27.656,27.656,200.0,0.0,1.0
2018-06-20,27.6555,27.6555,27.6555,27.6555,27.6555,0.0,0.0,1.0
2018-06-21,27.6555,27.6555,27.6555,27.6555,27.6555,0.0,0.0,1.0
2018-06-22,27.6555,27.6555,27.6555,27.6555,27.6555,0.0,0.0,1.0
2018-06-25,27.46,27.46,27.46,27.46,27.46,100.0,0.0,1.0
2018-06-26,27.46,27.46,27.46,27.46,27.46,0.0,0.0,1.0
2018-06-27,27.46,27.46,27.46,27.46,27.46,0.0,0.0,1.0
2018-06-28,27.46,27.46,27.46,27.46,27.46,0.0,0.0,1.0
2018-06-29,27.46,27.46,27.46,27.46,27.46,0.0,0.0,1.0
2018-07-02,27.46,27.46,27.46,27.46,27.46,4.0,0.0,1.0
2018-07-03,27.54,27.54,27.54,27.54,27.54,1.0,0.0,1.0
2018-07-05,27.54,27.54,27.54,27.54,27.54,0.0,0.0,1.0
2018-07-06,27.54,27.54,27.54,27.54,27.54,0.0,0.0,1.0
2018-07-09,27.54,27.54,27.54,27.54,27.54,0.0,0.0,1.0
2018-07-10,27.54,27.54,27.54,27.54,27.54,0.0,0.0,1.0
2018-07-11,27.54,27.54,27.54,27.54,27.54,0.0,0.0,1.0
2018-07-12,27.54,27.54,27.54,27.54,27.54,0.0,0.0,1.0
2018-07-13,27.54,27.54,27.54,27.54,27.54,0.0,0.0,1.0
2018-07-16,27.54,27.54,27.54,27.54,27.54,0.0,0.0,1.0
2018-07-17,27.54,27.54,27.54,27.54,27.54,0.0,0.0,1.0
2018-07-18,27.54,27.54,27.54,27.54,27.54,0.0,0.0,1.0
2018-07-19,27.54,27.54,27.54,27.54,27.54,0.0,0.0,1.0
2018-07-20,27.54,27.54,27.54,27.54,27.54,0.0,0.0,1.0
2018-07-23,27.54,27.54,27.54,27.54,27.54,0.0,0.0,1.0
2018-07-24,27.54,27.54,27.54,27.54,27.54,15.0,0.0,1.0
2018-07-25,28.4,28.4,28.4,28.4,28.4,350.0,0.0,1.0
2018-07-26,28.56,28.56,28.56,28.56,28.56,200.0,0.0,1.0
2018-07-27,28.56,28.56,28.56,28.56,28.56,0.0,0.0,1.0
2018-07-30,28.56,28.56,28.56,28.56,28.56,0.0,0.0,1.0
2018-07-31,28.56,28.56,28.56,28.56,28.56,0.0,0.0,1.0
2018-08-01,28.56,28.56,28.56,28.56,28.56,0.0,0.0,1.0
2018-08-02,28.56,28.56,28.56,28.56,28.56,0.0,0.0,1.0
2018-08-03,28.56,28.56,28.56,28.56,28.56,0.0,0.0,1.0
2018-08-06,28.56,28.56,28.56,28.56,28.56,0.0,0.0,1.0
2018-08-07,28.56,28.56,28.56,28.56,28.56,0.0,0.0,1.0
2018-08-08,28.56,28.56,28.56,28.56,28.56,0.0,0.0,1.0
2018-08-09,28.56,28.56,28.56,28.56,28.56,0.0,0.0,1.0
2018-08-10,28.56,28.56,28.56,28.56,28.56,0.0,0.0,1.0
2018-08-13,28.56,28.56,28.56,28.56,28.56,0.0,0.0,1.0
2018-08-14,28.56,28.56,28.56,28.56,28.56,0.0,0.0,1.0
2018-08-15,28.56,28.56,28.56,28.56,28.56,0.0,0.0,1.0
2018-08-16,28.56,28.56,28.56,28.56,28.56,0.0,0.0,1.0
2018-08-17,28.56,28.56,28.56,28.56,28.56,0.0,0.0,1.0
2018-08-20,28.56,28.56,28.56,28.56,28.56,0.0,0.0,1.0
2018-08-21,28.56,28.56,28.56,28.56,28.56,0.0,0.0,1.0
2018-08-22,28.56,28.56,28.56,28.56,28.56,0.0,0.0,1.0
2018-08-23,28.56,28.56,28.56,28.56,28.56,0.0,0.0,1.0
2018-08-24,28.56,28.56,28.56,28.56,28.56,2.0,0.0,1.0
2018-08-27,28.56,28.56,28.56,28.56,28.56,0.0,0.0,1.0
2018-08-28,29.28,29.28,29.28,29.28,29.28,100.0,0.0,1.0
2018-08-29,29.28,29.28,29.28,29.28,29.28,0.0,0.0,1.0
2018-08-30,29.28,29.28,29.28,29.28,29.28,0.0,0.0,1.0
2018-08-31,29.28,29.28,29.28,29.28,29.28,35.0,0.0,1.0
