date,1. open,2. high,3. low,4. close,5. adjusted close,6. volume,7. dividend amount,8. split coefficient
2016-12-09,26.02,26.12,25.56,25.98,25.98,265852.0,0.0,1.0
2016-12-12,29.27,29.49,26.96,27.22,27.22,1955852.0,0.0,1.0
2016-12-13,28.5,28.5734,27.2,27.96,27.96,1281239.0,0.0,1.0
2016-12-14,26.98,27.97,25.0,25.1303,25.1303,4260870.0,0.0,1.0
2016-12-15,24.2,25.91,24.1,25.38,25.38,3278128.0,0.0,1.0
2016-12-16,25.92,26.84,25.58,26.6,26.6,2413709.0,0.0,1.0
2016-12-19,26.4,27.0,26.02,26.24,26.24,1609447.0,0.0,1.0
2016-12-20,27.49,27.75,26.8056,27.06,27.06,2395466.0,0.0,1.0
2016-12-21,27.3,27.44,25.58,25.89,25.89,3055895.0,0.0,1.0
2016-12-22,26.21,26.8411,25.99,25.99,25.99,1827084.0,0.0,1.0
2016-12-23,25.98,26.73,25.85,26.62,26.62,2221177.0,0.0,1.0
2016-12-27,27.23,28.16,27.23,27.75,27.75,1732634.0,0.0,1.0
2016-12-28,28.12,28.58,27.833000000000002,27.89,27.89,1348818.0,0.0,1.0
2016-12-29,27.95,28.34,27.421,27.68,27.68,1518723.0,0.0,1.0
2016-12-30,27.29,27.7,27.2095,27.67,27.67,1378447.0,0.0,1.0
2017-01-03,29.58,29.679000000000002,25.2,25.76,25.76,5420008.0,0.0,1.0
2017-01-04,25.76,26.97,25.26,26.5944,26.5944,3648274.0,0.0,1.0
2017-01-05,27.47,28.13,26.15,27.47,27.47,4832960.0,0.0,1.0
2017-01-06,27.91,28.28,26.92,27.37,27.37,2944491.0,0.0,1.0
2017-01-09,26.23,26.23,24.6201,24.75,24.75,4907857.0,0.0,1.0
2017-01-10,25.07,25.128,23.14,23.18,23.18,4783130.0,0.0,1.0
2017-01-11,24.01,25.78,23.09,25.07,25.07,5881200.0,0.0,1.0
2017-01-12,26.59,26.73,25.75,26.2,26.2,3706289.0,0.0,1.0
2017-01-13,25.55,26.13,25.08,25.34,25.34,3306594.0,0.0,1.0
2017-01-17,26.6,26.67,25.2474,25.37,25.37,2820461.0,0.0,1.0
2017-01-18,23.85,25.02,23.17,23.68,23.68,7290637.0,0.0,1.0
2017-01-19,24.15,24.42,23.3,23.75,23.75,3242232.0,0.0,1.0
2017-01-20,25.5,25.74,24.98,25.04,25.04,5684892.0,0.0,1.0
2017-01-23,23.93,24.9694,23.86,24.6,24.6,2611394.0,0.0,1.0
2017-01-24,24.89,25.581999999999997,24.8802,24.91,24.91,3052805.0,0.0,1.0
2017-01-25,24.44,25.49,24.28,24.57,24.57,3721578.0,0.0,1.0
2017-01-26,25.38,26.26,25.25,25.9201,25.9201,4229259.0,0.0,1.0
2017-01-27,25.06,25.34,24.2,25.02,25.02,4074193.0,0.0,1.0
2017-01-30,24.75,24.7583,23.99,24.33,24.33,2941098.0,0.0,1.0
2017-01-31,25.0,25.55,24.26,24.55,24.55,3831241.0,0.0,1.0
2017-02-01,25.21,26.008000000000003,24.58,25.53,25.53,4553102.0,0.0,1.0
2017-02-02,26.16,26.3,25.23,25.8,25.8,3032195.0,0.0,1.0
2017-02-03,25.6,26.42,25.449,25.91,25.91,2756191.0,0.0,1.0
2017-02-06,25.8,25.95,24.62,24.94,24.94,4094866.0,0.0,1.0
2017-02-07,23.73,23.88,23.12,23.7,23.7,7488123.0,0.0,1.0
2017-02-08,23.22,24.24,22.7,23.89,23.89,4637389.0,0.0,1.0
2017-02-09,24.87,24.92,24.31,24.65,24.65,3793025.0,0.0,1.0
2017-02-10,25.8,26.11,25.53,25.73,25.73,5667397.0,0.0,1.0
2017-02-13,24.75,24.93,24.28,24.48,24.48,3451140.0,0.0,1.0
2017-02-14,25.45,25.46,24.64,24.8,24.8,2729796.0,0.0,1.0
2017-02-15,24.52,25.3,24.41,24.66,24.66,2707194.0,0.0,1.0
2017-02-16,25.2,25.26,24.1,25.0,25.0,4046049.0,0.0,1.0
2017-02-17,24.45,25.029,24.32,24.94,24.94,2745739.0,0.0,1.0
2017-02-21,26.43,26.44,25.64,25.78,25.78,4094017.0,0.0,1.0
2017-02-22,24.77,24.87,24.42,24.72,24.72,3443971.0,0.0,1.0
2017-02-23,26.22,26.51,25.52,25.71,25.71,4354662.0,0.0,1.0
2017-02-24,25.19,25.59,25.17,25.28,25.28,1793859.0,0.0,1.0
2017-02-27,25.91,25.967,25.215,25.34,25.34,2515791.0,0.0,1.0
2017-02-28,24.58,25.3,24.15,25.25,25.25,8753595.0,0.0,1.0
2017-03-01,25.6,25.81,24.87,24.93,24.93,5197385.0,0.0,1.0
2017-03-02,23.65,24.22,23.3,23.44,23.44,10949306.0,0.0,1.0
2017-03-03,23.57,24.35,23.51,24.13,24.13,4509339.0,0.0,1.0
2017-03-06,24.39,24.584,23.86,24.14,24.14,4583274.0,0.0,1.0
2017-03-07,24.74,24.75,23.97,24.0,24.0,4245799.0,0.0,1.0
2017-03-08,23.07,23.67,19.908,20.19,20.19,14593386.0,0.0,1.0
2017-03-09,19.6,19.67,18.18,19.43,19.43,9682590.0,0.0,1.0
2017-03-10,19.31,19.31,17.87,18.04,18.04,7441663.0,0.0,1.0
2017-03-13,18.04,18.291,17.7,17.97,17.97,4379561.0,0.0,1.0
2017-03-14,17.06,17.61,16.62,17.55,17.55,7842174.0,0.0,1.0
2017-03-15,18.09,18.6,17.78,18.45,18.45,6741994.0,0.0,1.0
2017-03-16,18.51,18.56,18.01,18.39,18.39,4758920.0,0.0,1.0
2017-03-17,18.65,18.7,18.16,18.27,18.27,2552929.0,0.0,1.0
2017-03-20,17.81,18.368,17.63,17.88,17.88,2923203.0,0.0,1.0
2017-03-21,18.06,18.24,16.9,17.12,17.12,5925178.0,0.0,1.0
2017-03-22,16.59,17.23,15.9,17.07,17.07,6142537.0,0.0,1.0
2017-03-23,16.74,16.85,16.47,16.59,16.59,3653771.0,0.0,1.0
2017-03-24,16.75,17.0,16.43,16.93,16.93,3034208.0,0.0,1.0
2017-03-27,16.13,16.72,15.93,16.69,16.69,3537539.0,0.0,1.0
2017-03-28,17.06,17.65,16.96,17.23,17.23,4028310.0,0.0,1.0
2017-03-29,17.39,18.49,17.38,18.33,18.33,4828177.0,0.0,1.0
2017-03-30,18.9,19.52,18.71,19.39,19.39,5756605.0,0.0,1.0
2017-03-31,19.12,19.9,19.08,19.76,19.76,3383396.0,0.0,1.0
2017-04-03,19.63,19.73,19.13,19.27,19.27,2444002.0,0.0,1.0
2017-04-04,19.69,20.31,19.52,20.19,20.19,3233136.0,0.0,1.0
2017-04-05,20.94,21.17,19.82,19.99,19.99,6383029.0,0.0,1.0
2017-04-06,20.82,21.1,20.711,20.94,20.94,2883934.0,0.0,1.0
2017-04-07,21.22,21.67,21.1,21.56,21.56,4213475.0,0.0,1.0
2017-04-10,22.3,22.69,22.1,22.62,22.62,3618214.0,0.0,1.0
2017-04-11,22.62,23.09,22.186,22.81,22.81,4593270.0,0.0,1.0
2017-04-12,23.25,23.45,22.314,22.48,22.48,5227028.0,0.0,1.0
2017-04-13,22.92,23.05,22.46,22.6,22.6,2917674.0,0.0,1.0
2017-04-17,22.62,22.72,22.05,22.12,22.12,1954311.0,0.0,1.0
2017-04-18,21.85,22.424,21.49,22.07,22.07,3685902.0,0.0,1.0
2017-04-19,22.03,22.11,19.014,19.58,19.58,9080093.0,0.0,1.0
2017-04-20,19.38,19.9,19.02,19.16,19.16,4761275.0,0.0,1.0
2017-04-21,19.2,19.2,17.55,17.93,17.93,8665257.0,0.0,1.0
2017-04-24,17.79,17.88,17.38,17.56,17.56,5117319.0,0.0,1.0
2017-04-25,17.46,18.23,17.22,18.17,18.17,5656631.0,0.0,1.0
2017-04-26,17.47,18.64,17.41,17.645,17.645,8664020.0,0.0,1.0
2017-04-27,16.97,17.59,16.49,17.52,17.52,9163073.0,0.0,1.0
2017-04-28,17.77,17.95,17.122,17.49,17.49,5317367.0,0.0,1.0
2017-05-01,17.25,17.35,16.891,17.08,17.08,3906769.0,0.0,1.0
2017-05-02,17.14,17.14,15.61,15.92,15.92,10690218.0,0.0,1.0
2017-05-03,16.04,16.28,15.55,15.97,15.97,7729308.0,0.0,1.0
2017-05-04,15.04,15.07,13.53,13.66,13.66,15983630.0,0.0,1.0
2017-05-05,13.7,14.79,13.7,14.49,14.49,9735848.0,0.0,1.0
2017-05-08,14.49,14.94,13.94,14.56,14.56,6994936.0,0.0,1.0
2017-05-09,14.4,14.56,13.72,14.11,14.11,6359051.0,0.0,1.0
2017-05-10,14.7,15.75,14.61,15.39,15.39,9622245.0,0.0,1.0
2017-05-11,15.95,16.19,15.55,15.76,15.76,7655864.0,0.0,1.0
2017-05-12,15.84,15.94,15.33,15.82,15.82,3498923.0,0.0,1.0
2017-05-15,17.34,17.352,16.647000000000002,16.86,16.86,6757490.0,0.0,1.0
2017-05-16,17.11,17.31,16.45,16.5,16.5,4636552.0,0.0,1.0
2017-05-17,16.97,17.45,16.5,16.9,16.9,7225631.0,0.0,1.0
2017-05-18,16.58,17.55,16.46,17.23,17.23,6161884.0,0.0,1.0
2017-05-19,17.96,18.46,17.91,18.37,18.37,6640243.0,0.0,1.0
2017-05-22,18.78,19.029,18.54,18.71,18.71,4333676.0,0.0,1.0
2017-05-23,18.97,19.29,18.72,19.24,19.24,5153625.0,0.0,1.0
2017-05-24,19.1,19.59,18.73,19.04,19.04,6089335.0,0.0,1.0
2017-05-25,18.53,18.93,15.927999999999999,16.13,16.13,13931590.0,0.0,1.0
2017-05-26,16.51,17.29,16.3,17.18,17.18,7063500.0,0.0,1.0
2017-05-30,16.67,17.27,16.45,17.0,17.0,4465084.0,0.0,1.0
2017-05-31,15.75,16.04,15.15,15.67,15.67,10455480.0,0.0,1.0
2017-06-01,15.88,16.55,15.41,15.42,15.42,9593438.0,0.0,1.0
2017-06-02,14.98,15.49,14.57,15.22,15.22,7065664.0,0.0,1.0
2017-06-05,14.53,14.959000000000001,14.35,14.85,14.85,6146334.0,0.0,1.0
2017-06-06,14.6,15.72,14.57,15.64,15.64,6637634.0,0.0,1.0
2017-06-07,15.0,15.23,13.16,13.25,13.25,20185210.0,0.0,1.0
2017-06-08,12.94,13.54,12.883,13.12,13.12,6263318.0,0.0,1.0
2017-06-09,13.13,13.58,13.05,13.34,13.34,5513515.0,0.0,1.0
2017-06-12,13.85,14.02,13.43,13.47,13.47,5221479.0,0.0,1.0
2017-06-13,13.4,13.87,13.03,13.79,13.79,7657111.0,0.0,1.0
2017-06-14,13.52,13.79,12.11,12.27,12.27,15271440.0,0.0,1.0
2017-06-15,12.17,12.28,11.99,12.02,12.02,6019743.0,0.0,1.0
2017-06-16,12.35,12.36,12.11,12.25,12.25,4199959.0,0.0,1.0
2017-06-19,12.42,12.5,11.76,11.81,11.81,6138609.0,0.0,1.0
2017-06-20,11.03,11.196,10.67,11.11,11.11,12628119.0,0.0,1.0
2017-06-21,11.19,11.65,10.01,10.26,10.26,18092664.0,0.0,1.0
2017-06-22,10.57,10.95,10.47,10.49,10.49,8528084.0,0.0,1.0
2017-06-23,10.53,10.85,10.360999999999999,10.78,10.78,7101870.0,0.0,1.0
2017-06-26,10.83,11.12,10.43,11.04,11.04,7952379.0,0.0,1.0
2017-06-27,11.27,11.78,11.22,11.64,11.64,9251448.0,0.0,1.0
2017-06-28,11.61,12.09,11.32,12.03,12.03,10884785.0,0.0,1.0
2017-06-29,12.29,12.58,11.95,12.09,12.09,6583169.0,0.0,1.0
2017-06-30,12.52,13.22,12.38,13.19,13.19,9868721.0,0.0,1.0
2017-07-03,13.42,13.76,13.42,13.68,13.68,5182412.0,0.0,1.0
2017-07-05,13.48,13.526,12.045,12.14,12.14,10035423.0,0.0,1.0
2017-07-06,12.87,13.35,12.2601,12.34,12.34,9710770.0,0.0,1.0
2017-07-07,11.82,11.9,11.11,11.51,11.51,9549325.0,0.0,1.0
2017-07-10,11.28,11.945,11.23,11.61,11.61,7217394.0,0.0,1.0
2017-07-11,11.52,12.3,11.45,12.16,12.16,8067243.0,0.0,1.0
2017-07-12,12.92,13.26,12.15,12.41,12.41,17941845.0,0.0,1.0
2017-07-13,12.59,13.09,12.51,12.95,12.95,5691719.0,0.0,1.0
2017-07-14,13.21,13.49,12.97,13.42,13.42,8073940.0,0.0,1.0
2017-07-17,13.25,13.450999999999999,12.87,12.88,12.88,5321141.0,0.0,1.0
2017-07-18,13.46,13.5,12.932,13.27,13.27,6755895.0,0.0,1.0
2017-07-19,13.36,13.95,13.34,13.81,13.81,10136597.0,0.0,1.0
2017-07-20,14.18,14.2,13.394,13.47,13.47,7626372.0,0.0,1.0
2017-07-21,13.31,13.31,12.32,12.43,12.43,10089197.0,0.0,1.0
2017-07-24,12.89,13.069,12.79,13.02,13.02,7409596.0,0.0,1.0
2017-07-25,13.78,14.31,13.61,14.25,14.25,9770544.0,0.0,1.0
2017-07-26,14.65,15.11,14.23,14.96,14.96,12307061.0,0.0,1.0
2017-07-27,15.19,15.47,14.83,15.35,15.35,5526018.0,0.0,1.0
2017-07-28,15.55,16.0,15.5,15.9,15.9,5423952.0,0.0,1.0
2017-07-31,15.76,16.59,15.41,16.45,16.45,6744484.0,0.0,1.0
2017-08-01,15.86,15.92,14.61,15.47,15.47,10665184.0,0.0,1.0
2017-08-02,15.42,15.83,14.86,15.72,15.72,6896944.0,0.0,1.0
2017-08-03,16.03,16.11,15.02,15.16,15.16,6240602.0,0.0,1.0
2017-08-04,15.28,15.79,14.94,15.63,15.63,5354155.0,0.0,1.0
2017-08-07,15.15,15.61,14.77,15.5,15.5,6514052.0,0.0,1.0
2017-08-08,15.21,15.75,15.08,15.27,15.27,5074020.0,0.0,1.0
2017-08-09,15.6,15.75,15.2,15.71,15.71,6244703.0,0.0,1.0
2017-08-10,16.14,16.2,14.594000000000001,14.66,14.66,8348746.0,0.0,1.0
2017-08-11,14.5,15.15,14.27,14.98,14.98,4031360.0,0.0,1.0
2017-08-14,14.93,15.319,13.77,13.79,13.79,8226824.0,0.0,1.0
2017-08-15,13.53,13.98,13.41,13.92,13.92,4434981.0,0.0,1.0
2017-08-16,14.04,14.25,13.134,13.19,13.19,9236879.0,0.0,1.0
2017-08-17,13.05,13.53,12.97,13.4,13.4,4049332.0,0.0,1.0
2017-08-18,13.52,14.84,13.19,14.74,14.74,8233414.0,0.0,1.0
2017-08-21,14.37,14.53,13.360999999999999,13.72,13.72,6668684.0,0.0,1.0
2017-08-22,13.91,14.23,13.66,13.91,13.91,5554262.0,0.0,1.0
2017-08-23,13.84,14.46,13.73,14.35,14.35,5933876.0,0.0,1.0
2017-08-24,13.97,14.04,13.22,13.72,13.72,10479594.0,0.0,1.0
2017-08-25,13.62,13.94,13.57,13.85,13.85,5379506.0,0.0,1.0
2017-08-28,13.56,13.57,12.43,12.9,12.9,12213081.0,0.0,1.0
2017-08-29,12.65,12.75,12.13,12.63,12.63,9131210.0,0.0,1.0
2017-08-30,12.31,12.9,12.18,12.28,12.28,9449559.0,0.0,1.0
2017-08-31,12.7,13.45,12.68,13.16,13.16,11203924.0,0.0,1.0
2017-09-01,13.08,13.36,12.71,13.36,13.36,7471414.0,0.0,1.0
2017-09-05,14.39,14.74,14.31,14.37,14.37,9993126.0,0.0,1.0
2017-09-06,14.88,15.14,14.58,14.91,14.91,5744334.0,0.0,1.0
2017-09-07,14.66,15.03,14.57,14.88,14.88,4605607.0,0.0,1.0
2017-09-08,14.73,14.8,13.25,13.53,13.53,8015090.0,0.0,1.0
2017-09-11,13.24,14.08,13.04,13.89,13.89,6516616.0,0.0,1.0
2017-09-12,13.9,14.2,13.831,14.09,14.09,4610871.0,0.0,1.0
2017-09-13,14.35,14.98,14.225,14.98,14.98,8091490.0,0.0,1.0
2017-09-14,15.44,15.925999999999998,15.16,15.27,15.27,7624941.0,0.0,1.0
2017-09-15,15.54,15.64,15.32,15.54,15.54,3651499.0,0.0,1.0
2017-09-18,15.3,15.57,14.83,15.44,15.44,3996739.0,0.0,1.0
2017-09-19,15.65,15.72,14.885,15.15,15.15,5254976.0,0.0,1.0
2017-09-20,15.48,16.11,15.24,15.75,15.75,7798474.0,0.0,1.0
2017-09-21,15.49,15.84,15.21,15.77,15.77,3703525.0,0.0,1.0
2017-09-22,15.56,15.79,15.41,15.69,15.69,2377485.0,0.0,1.0
2017-09-25,16.19,17.205,16.19,17.16,17.16,6787794.0,0.0,1.0
2017-09-26,16.7,16.96,16.39,16.86,16.86,4236227.0,0.0,1.0
2017-09-27,17.03,17.19,16.59,16.99,16.99,4909947.0,0.0,1.0
2017-09-28,17.54,17.63,16.19,16.53,16.53,6717558.0,0.0,1.0
2017-09-29,16.43,16.706,16.22,16.52,16.52,2704944.0,0.0,1.0
2017-10-02,15.28,15.65,15.117,15.56,15.56,5602952.0,0.0,1.0
2017-10-03,15.53,15.72,15.31,15.41,15.41,2999952.0,0.0,1.0
2017-10-04,15.41,15.67,14.85,14.93,14.93,6976447.0,0.0,1.0
2017-10-05,15.21,16.13,15.19,15.7,15.7,6113282.0,0.0,1.0
2017-10-06,14.6,14.63,14.216,14.4,14.4,8993673.0,0.0,1.0
2017-10-09,14.68,14.8,14.37,14.55,14.55,4103992.0,0.0,1.0
2017-10-10,15.44,15.89,15.35,15.76,15.76,5745816.0,0.0,1.0
2017-10-11,15.89,16.17,15.47,16.11,16.11,4138362.0,0.0,1.0
2017-10-12,15.2,15.77,15.07,15.5,15.5,8533564.0,0.0,1.0
2017-10-13,16.2,16.27,15.78,16.11,16.11,6521312.0,0.0,1.0
2017-10-16,16.88,16.9,16.364,16.58,16.58,4772000.0,0.0,1.0
2017-10-17,16.62,16.89,15.97,16.65,16.65,5982436.0,0.0,1.0
2017-10-18,16.8,16.97,16.38,16.65,16.65,5235330.0,0.0,1.0
2017-10-19,15.99,16.361,15.92,16.06,16.06,4743660.0,0.0,1.0
2017-10-20,15.79,16.42,15.77,16.41,16.41,5579509.0,0.0,1.0
2017-10-23,16.58,16.67,16.15,16.34,16.34,2945010.0,0.0,1.0
2017-10-24,16.66,16.95,16.24,16.88,16.88,4809965.0,0.0,1.0
2017-10-25,16.65,16.83,16.34,16.62,16.62,4392903.0,0.0,1.0
2017-10-26,16.52,17.1,16.36,17.05,17.05,3580457.0,0.0,1.0
2017-10-27,17.0,18.39,16.95,18.31,18.31,6790546.0,0.0,1.0
2017-10-30,17.0,18.82,17.0,18.5,18.5,3761437.0,0.0,1.0
2017-10-31,18.42,18.95,18.31,18.81,18.81,3704503.0,0.0,1.0
2017-11-01,19.31,19.48,18.26,18.66,18.66,5357170.0,0.0,1.0
2017-11-02,18.68,19.22,18.52,19.15,19.15,2746963.0,0.0,1.0
2017-11-03,19.15,20.19,18.79,20.12,20.12,4537559.0,0.0,1.0
2017-11-06,20.18,22.18,20.08,21.91,21.91,7026688.0,0.0,1.0
2017-11-07,21.7,22.01,21.4,21.79,21.79,3890378.0,0.0,1.0
2017-11-08,21.5,22.53,20.85,21.32,21.32,7234296.0,0.0,1.0
2017-11-09,21.43,22.09,21.285,21.59,21.59,3810119.0,0.0,1.0
2017-11-10,21.71,21.9,21.02,21.32,21.32,4094425.0,0.0,1.0
2017-11-13,21.4,21.67,20.75,21.16,21.16,4252690.0,0.0,1.0
2017-11-14,21.0,21.0,19.46,19.73,19.73,5973183.0,0.0,1.0
2017-11-15,19.46,19.87,19.14,19.55,19.55,3427013.0,0.0,1.0
2017-11-16,19.45,19.93,19.248,19.46,19.46,4042451.0,0.0,1.0
2017-11-17,20.18,20.97,20.08,20.88,20.88,4044135.0,0.0,1.0
2017-11-20,20.44,20.59,19.835,20.5,20.5,5109648.0,0.0,1.0
2017-11-21,20.65,21.42,20.64,21.15,21.15,3703892.0,0.0,1.0
2017-11-22,22.03,22.38,21.551,22.28,22.28,5490863.0,0.0,1.0
2017-11-24,23.12,23.36,22.85,23.32,23.32,2214830.0,0.0,1.0
2017-11-27,22.56,22.7,21.7301,22.14,22.14,3970300.0,0.0,1.0
2017-11-28,22.06,22.38,21.85,22.18,22.18,2655978.0,0.0,1.0
2017-11-29,22.12,22.61,20.83,21.56,21.56,5172004.0,0.0,1.0
2017-11-30,21.99,22.13,20.96,21.5,21.5,4895389.0,0.0,1.0
2017-12-01,22.55,23.22,22.26,22.6,22.6,5608718.0,0.0,1.0
2017-12-04,21.9,22.08,21.49,21.57,21.57,3691606.0,0.0,1.0
2017-12-05,21.49,22.12,21.42,21.83,21.83,2962197.0,0.0,1.0
2017-12-06,21.11,21.15,19.86,19.94,19.94,5173021.0,0.0,1.0
2017-12-07,20.31,20.78,20.24,20.58,20.58,2325823.0,0.0,1.0
2017-12-08,21.65,21.83,21.0,21.45,21.45,3164570.0,0.0,1.0
2017-12-11,21.73,22.18,21.51,22.1,22.1,2388092.0,0.0,1.0
2017-12-12,22.33,22.33,20.83,21.24,21.24,3238188.0,0.0,1.0
2017-12-13,21.35,21.41,20.44,20.6,20.6,3113690.0,0.0,1.0
2017-12-14,20.02,21.18,20.01,21.15,21.15,2987049.0,0.0,1.0
2017-12-15,21.32,21.45,20.96,21.3,21.3,2295956.0,0.0,1.0
2017-12-18,20.92,21.67,20.81,21.16,21.16,2541037.0,0.0,1.0
2017-12-19,21.37,21.6,21.25,21.57,21.57,2082230.0,0.0,1.0
2017-12-20,21.8,22.17,21.44,22.13,22.13,2249329.0,0.0,1.0
2017-12-21,22.265,22.47,21.62,22.31,22.31,2231062.0,0.0,1.0
2017-12-22,22.05,22.6,21.96,22.42,22.42,1730753.0,0.0,1.0
2017-12-26,22.89,24.34,22.79,24.04,24.04,3330477.0,0.0,1.0
2017-12-27,24.01,24.1293,23.62,23.91,23.91,1948147.0,0.0,1.0
2017-12-28,23.88,24.26,23.68,24.25,24.25,1911113.0,0.0,1.0
2017-12-29,24.5,24.95,24.27,24.51,24.51,2192890.0,0.0,1.0
2018-01-02,24.83,24.98,24.47,24.8,24.8,1984494.0,0.0,1.0
2018-01-03,25.47,26.5517,25.44,26.54,26.54,3117526.0,0.0,1.0
2018-01-04,26.51,26.98,26.3,26.69,26.69,2370801.0,0.0,1.0
2018-01-05,26.03,26.41,25.64,26.24,26.24,2354331.0,0.0,1.0
2018-01-08,26.34,26.68,25.97,26.65,26.65,1759800.0,0.0,1.0
2018-01-09,26.95,28.36,26.644000000000002,27.98,27.98,2890864.0,0.0,1.0
2018-01-10,28.61,28.85,28.16,28.68,28.68,2362348.0,0.0,1.0
2018-01-11,29.27,30.34,28.8399,28.88,28.88,3098471.0,0.0,1.0
2018-01-12,28.66,30.0664,28.53,29.92,29.92,2550151.0,0.0,1.0
2018-01-16,29.55,29.89,28.65,29.2,29.2,2020603.0,0.0,1.0
2018-01-17,29.01,29.73,28.86,29.32,29.32,1834879.0,0.0,1.0
2018-01-18,29.18,29.75,28.8,29.16,29.16,1859584.0,0.0,1.0
2018-01-19,28.61,29.05,28.2,28.84,28.84,2019490.0,0.0,1.0
2018-01-22,28.57,29.69,28.28,29.22,29.22,2916978.0,0.0,1.0
2018-01-23,29.71,30.73,29.5876,30.55,30.55,2124715.0,0.0,1.0
2018-01-24,30.44,32.39,30.22,32.36,32.36,3208252.0,0.0,1.0
2018-01-25,32.76,32.96,31.02,31.17,31.17,2371465.0,0.0,1.0
2018-01-26,31.6,32.85,31.55,32.53,32.53,1803164.0,0.0,1.0
2018-01-29,31.62,31.87,30.87,31.51,31.51,1861269.0,0.0,1.0
2018-01-30,30.37,30.41,29.62,30.02,30.02,2389366.0,0.0,1.0
2018-01-31,30.04,30.79,29.26,30.64,30.64,1868773.0,0.0,1.0
2018-02-01,31.37,32.66,30.94,32.42,32.42,2161744.0,0.0,1.0
2018-02-02,31.53,31.96,30.12,31.03,31.03,2959219.0,0.0,1.0
2018-02-05,30.96,31.2499,28.81,29.11,29.11,3251970.0,0.0,1.0
2018-02-06,28.6,29.85,28.42,28.67,28.67,2632834.0,0.0,1.0
2018-02-07,28.87,29.35,25.72,26.32,26.32,4887163.0,0.0,1.0
2018-02-08,26.73,26.78,24.54,24.56,24.56,2378754.0,0.0,1.0
2018-02-09,24.74,24.91,21.78,23.15,23.15,3515444.0,0.0,1.0
2018-02-12,23.93,24.53,23.1834,23.27,23.27,2187754.0,0.0,1.0
2018-02-13,22.68,23.53,22.25,23.19,23.19,1841777.0,0.0,1.0
2018-02-14,22.39,25.28,22.1001,25.01,25.01,3646037.0,0.0,1.0
2018-02-15,24.43,26.1153,23.84,25.99,25.99,2581650.0,0.0,1.0
2018-02-16,25.52,26.62,25.23,26.19,26.19,2233931.0,0.0,1.0
2018-02-20,26.45,27.35,26.1,26.29,26.29,2475990.0,0.0,1.0
2018-02-21,25.9,26.62,25.64,25.65,25.65,1396324.0,0.0,1.0
2018-02-22,26.7,28.19,26.27,27.62,27.62,2252304.0,0.0,1.0
2018-02-23,27.75,29.06,27.6299,28.8,28.8,1754448.0,0.0,1.0
2018-02-26,28.49,29.75,28.1812,29.42,29.42,2368262.0,0.0,1.0
2018-02-27,29.28,29.28,27.6814,27.92,27.92,2094104.0,0.0,1.0
2018-02-28,28.36,28.65,25.91,26.03,26.03,3282603.0,0.0,1.0
2018-03-01,25.42,26.11,24.42,25.95,25.95,4283255.0,0.0,1.0
2018-03-02,25.13,26.05,24.37,25.99,25.99,2448301.0,0.0,1.0
2018-03-05,25.8,27.68,25.7,27.41,27.41,2711127.0,0.0,1.0
2018-03-06,27.59,27.72,26.88,27.27,27.27,2110981.0,0.0,1.0
2018-03-07,26.75,27.41,24.82,25.8391,25.8391,4110180.0,0.0,1.0
2018-03-08,25.71,25.71,24.0725,24.53,24.53,3471340.0,0.0,1.0
2018-03-09,25.3,26.67,25.22,26.56,26.56,3024773.0,0.0,1.0
2018-03-12,26.08,26.26,24.8613,25.741,25.741,2069417.0,0.0,1.0
2018-03-13,25.5,26.54,24.455,24.94,24.94,3117656.0,0.0,1.0
2018-03-14,25.26,25.59,24.32,25.25,25.25,2949365.0,0.0,1.0
2018-03-15,25.71,26.05,25.25,25.61,25.61,1632407.0,0.0,1.0
2018-03-16,25.72,27.3,25.49,26.93,26.93,2579362.0,0.0,1.0
2018-03-19,27.01,27.03,25.83,26.85,26.85,1863072.0,0.0,1.0
2018-03-20,28.2,29.05,27.94,28.47,28.47,2610178.0,0.0,1.0
2018-03-21,29.57,31.21,29.28,31.01,31.01,3316358.0,0.0,1.0
2018-03-22,29.84,30.09,29.26,29.33,29.33,2370618.0,0.0,1.0
2018-03-23,30.36,31.8,30.261,31.68,31.68,2768903.0,0.0,1.0
2018-03-26,31.29,31.6003,30.49,31.14,31.14,1525975.0,0.0,1.0
2018-03-27,31.68,31.71,29.9,30.11,30.11,2273320.0,0.0,1.0
2018-03-28,29.8,30.58,28.61,29.9,29.9,2698376.0,0.0,1.0
2018-03-29,29.66,30.74,29.2499,30.31,30.31,1850521.0,0.0,1.0
2018-04-02,29.45,29.46,27.53,27.83,27.83,2994533.0,0.0,1.0
2018-04-03,28.11,28.6025,27.71,28.32,28.32,2370091.0,0.0,1.0
2018-04-04,26.59,28.38,26.35,28.36,28.36,4174910.0,0.0,1.0
2018-04-05,28.26,29.06,27.8,28.43,28.43,2331340.0,0.0,1.0
2018-04-06,28.22,28.49,26.02,26.26,26.26,3495822.0,0.0,1.0
2018-04-09,27.45,28.3,27.3117,27.89,27.89,2588716.0,0.0,1.0
2018-04-10,29.6,31.23,29.58,31.09,31.09,3622199.0,0.0,1.0
2018-04-11,31.53,33.5,31.1154,32.51,32.51,3501254.0,0.0,1.0
2018-04-12,32.16,33.16,31.43,32.97,32.97,2140918.0,0.0,1.0
2018-04-13,33.2,33.89,32.87,33.27,33.27,1809714.0,0.0,1.0
2018-04-16,32.74,32.8,31.72,32.04,32.04,1791312.0,0.0,1.0
2018-04-17,31.16,32.34,30.95,32.17,32.17,1797530.0,0.0,1.0
2018-04-18,34.29,35.74,33.82,35.53,35.53,4115431.0,0.0,1.0
2018-04-19,36.12,36.43,34.371,34.69,34.69,5787252.0,0.0,1.0
2018-04-20,33.88,35.26,33.61,34.63,34.63,2619455.0,0.0,1.0
2018-04-23,33.53,35.98,33.071,35.88,35.88,2762429.0,0.0,1.0
2018-04-24,35.35,36.5,33.7,34.04,34.04,3351374.0,0.0,1.0
2018-04-25,34.15,34.64,33.05,34.37,34.37,2937478.0,0.0,1.0
2018-04-26,35.2,35.2163,33.94,34.67,34.67,2118694.0,0.0,1.0
2018-04-27,34.09,34.91,33.9802,34.47,34.47,1665774.0,0.0,1.0
2018-04-30,33.53,36.4052,33.4451,34.95,34.95,3529607.0,0.0,1.0
2018-05-01,34.12,34.15,32.62,33.48,33.48,3029896.0,0.0,1.0
2018-05-02,33.11,34.5594,32.77,33.93,33.93,2509252.0,0.0,1.0
2018-05-03,33.66,35.24,33.1701,35.02,35.02,2240210.0,0.0,1.0
2018-05-04,35.1,37.3,35.04,37.01,37.01,2756535.0,0.0,1.0
2018-05-07,37.9,38.71,36.58,37.11,37.11,2885258.0,0.0,1.0
2018-05-08,37.76,38.0199,33.52,36.8,36.8,11312241.0,0.0,1.0
2018-05-09,38.32,39.42,38.32,39.09,39.09,3456275.0,0.0,1.0
2018-05-10,39.14,39.6699,38.1303,39.42,39.42,2335534.0,0.0,1.0
2018-05-11,39.13,39.57,38.03,38.15,38.15,2282005.0,0.0,1.0
2018-05-14,38.46,39.31,38.42,39.11,39.11,2300422.0,0.0,1.0
2018-05-15,39.12,39.64,38.09,39.3,39.3,2527477.0,0.0,1.0
2018-05-16,38.9,39.98,38.54,39.88,39.88,2139574.0,0.0,1.0
2018-05-17,40.5,41.16,39.27,40.1,40.1,2625005.0,0.0,1.0
2018-05-18,39.66,40.09,39.1,39.55,39.55,1739901.0,0.0,1.0
2018-05-21,40.0,41.52,39.86,41.47,41.47,2057113.0,0.0,1.0
2018-05-22,41.4,42.11,40.55,40.63,40.63,2042639.0,0.0,1.0
2018-05-23,40.41,40.73,39.2,40.16,40.16,1884535.0,0.0,1.0
2018-05-24,38.32,39.25,38.18,38.33,38.33,2203796.0,0.0,1.0
2018-05-25,35.39,35.42,33.2001,33.53,33.53,3978333.0,0.0,1.0
2018-05-29,32.62,32.88,30.92,32.16,32.16,3074021.0,0.0,1.0
2018-05-30,32.72,34.64,32.69,34.49,34.49,3537615.0,0.0,1.0
2018-05-31,32.65,34.16,31.78,32.5,32.5,3950066.0,0.0,1.0
2018-06-01,31.41,32.17,30.2897,30.31,30.31,4927911.0,0.0,1.0
2018-06-04,30.7,30.88,28.9715,29.4,29.4,3475562.0,0.0,1.0
2018-06-05,28.75,30.3,28.6,30.02,30.02,3506157.0,0.0,1.0
2018-06-06,29.83,30.2,28.53,29.64,29.64,3937213.0,0.0,1.0
2018-06-07,29.95,30.96,29.86,30.81,30.81,3501979.0,0.0,1.0
2018-06-08,30.67,31.18,29.67,30.36,30.36,2447981.0,0.0,1.0
2018-06-11,29.66,31.32,29.46,30.91,30.91,2306795.0,0.0,1.0
2018-06-12,30.83,31.81,30.75,31.14,31.14,1839856.0,0.0,1.0
2018-06-13,30.82,32.03,30.68,31.7,31.7,2867239.0,0.0,1.0
2018-06-14,32.31,32.35,31.2138,32.02,32.02,2548739.0,0.0,1.0
2018-06-15,31.45,31.4666,28.6801,28.85,28.85,3536881.0,0.0,1.0
2018-06-18,29.58,30.601999999999997,29.225,30.32,30.32,2338007.0,0.0,1.0
2018-06-19,29.09,29.7826,28.43,29.34,29.34,2856884.0,0.0,1.0
2018-06-20,30.53,31.3,29.43,30.17,30.17,3779328.0,0.0,1.0
2018-06-21,29.32,31.12,29.16,30.46,30.46,2798272.0,0.0,1.0
2018-06-22,33.1,35.39,32.381,35.33,35.33,5292569.0,0.0,1.0
2018-06-25,35.39,35.5941,33.19,33.56,33.56,2611913.0,0.0,1.0
2018-06-26,34.55,37.41,33.64,37.13,37.13,3669589.0,0.0,1.0
2018-06-27,38.89,41.27,38.8046,40.12,40.12,4478182.0,0.0,1.0
2018-06-28,40.74,42.94,40.46,41.77,41.77,3479537.0,0.0,1.0
2018-06-29,42.47,43.68,42.33,43.44,43.44,2597235.0,0.0,1.0
2018-07-02,43.03,43.51,41.9134,42.73,42.73,1984378.0,0.0,1.0
2018-07-03,44.65,45.1,40.73,42.43,42.43,2914869.0,0.0,1.0
2018-07-05,43.0,43.44,40.39,41.12,41.12,2951718.0,0.0,1.0
2018-07-06,40.2,42.72,40.15,42.52,42.52,2007216.0,0.0,1.0
2018-07-09,42.64,43.02,41.13,42.98,42.98,1710663.0,0.0,1.0
2018-07-10,43.55,44.13,42.4,43.11,43.11,2429219.0,0.0,1.0
2018-07-11,41.66,42.94,35.98,36.76,36.76,7341408.0,0.0,1.0
2018-07-12,37.03,37.55,35.24,36.93,36.93,3467269.0,0.0,1.0
2018-07-13,37.25,39.1,37.04,37.52,37.52,2254329.0,0.0,1.0
2018-07-16,35.45,35.64,32.78,33.44,33.44,5589868.0,0.0,1.0
2018-07-17,32.66,34.18,32.35,33.47,33.47,4147717.0,0.0,1.0
2018-07-18,32.7,34.61,32.24,34.5,34.5,3641581.0,0.0,1.0
2018-07-19,34.42,35.95,34.031,34.7,34.7,4256661.0,0.0,1.0
2018-07-20,35.14,35.46,34.31,34.87,34.87,1615411.0,0.0,1.0
2018-07-23,36.17,36.75,34.11,34.44,34.44,3715740.0,0.0,1.0
2018-07-24,34.61,36.31,34.61,35.47,35.47,1827733.0,0.0,1.0
2018-07-25,35.87,37.35,35.0498,36.88,36.88,3337469.0,0.0,1.0
2018-07-26,36.24,37.72,36.23,37.26,37.26,1776233.0,0.0,1.0
2018-07-27,37.06,37.47,35.07,36.07,36.07,2073059.0,0.0,1.0
2018-07-30,38.13,38.475,37.55,37.74,37.74,1820041.0,0.0,1.0
2018-07-31,36.43,36.565,35.34,35.76,35.76,2415027.0,0.0,1.0
2018-08-01,34.17,35.2351,33.57,34.28,34.28,3345648.0,0.0,1.0
2018-08-02,33.73,36.61,33.5133,36.13,36.13,3313330.0,0.0,1.0
2018-08-03,35.8,36.12,34.3485,35.48,35.48,1973592.0,0.0,1.0
2018-08-06,36.51,37.49,35.74,35.85,35.85,2070294.0,0.0,1.0
2018-08-07,36.65,37.1199,36.065,36.12,36.12,1514051.0,0.0,1.0
2018-08-08,34.8,34.88,31.97,32.74,32.74,5524371.0,0.0,1.0
2018-08-09,33.22,33.6223,32.56,32.61,32.61,1561812.0,0.0,1.0
2018-08-10,33.52,34.25,33.41,34.0,34.0,1981141.0,0.0,1.0
2018-08-13,33.48,33.77,31.11,33.48,33.48,4197088.0,0.0,1.0
2018-08-14,34.93,34.95,32.6,33.3,33.3,2443658.0,0.0,1.0
2018-08-15,31.81,31.85,29.4401,30.02,30.02,4783258.0,0.0,1.0
2018-08-16,30.33,30.89,30.02,30.78,30.78,1762906.0,0.0,1.0
2018-08-17,31.96,31.98,30.56,31.14,31.14,2079864.0,0.0,1.0
2018-08-20,31.12,31.82,30.86,31.53,31.53,1342878.0,0.0,1.0
2018-08-21,32.97,33.075,31.94,32.09,32.09,1743831.0,0.0,1.0
2018-08-22,34.1,35.4,33.62,35.12,35.12,3865880.0,0.0,1.0
2018-08-23,34.59,35.36,34.26,35.08,35.08,1339025.0,0.0,1.0
2018-08-24,36.83,37.32,35.7,36.24,36.24,2345437.0,0.0,1.0
2018-08-27,36.69,36.809,36.12,36.77,36.77,1150141.0,0.0,1.0
2018-08-28,36.82,36.86,35.63,36.26,36.26,1385311.0,0.0,1.0
2018-08-29,37.05,38.04,36.58,37.96,37.96,2305166.0,0.0,1.0
2018-08-30,38.25,39.26,37.78,38.65,38.65,1637235.0,0.0,1.0
2018-08-31,38.52,38.9,37.9,38.32,38.32,1077981.0,0.0,1.0
2018-09-04,39.49,39.5599,36.97,37.195,37.195,1907989.0,0.0,1.0
