date,1. open,2. high,3. low,4. close,5. adjusted close,6. volume,7. dividend amount,8. split coefficient
2012-02-24,20.0,20.0,19.9,19.99,9.5589,812286.0,0.0,1.0
2012-02-27,20.04,20.04,19.95,20.0,9.5637,86675.0,0.0,1.0
2012-02-28,20.05,20.05,19.95,20.02,9.5733,46432.0,0.0,1.0
2012-02-29,19.95,20.01,19.95,20.0,9.5637,52938.0,0.0,1.0
2012-03-01,19.95,20.0,19.95,20.0,9.5637,36823.0,0.0,1.0
2012-03-02,19.96,19.97,19.95,19.95,9.5398,2000.0,0.0,1.0
2012-03-05,19.95,20.01,19.95,20.0,9.5637,34400.0,0.0,1.0
2012-03-06,19.99,20.01,19.99,20.01,9.5685,11828.0,0.0,1.0
2012-03-07,19.95,20.0,19.95,20.0,9.5637,6730.0,0.0,1.0
2012-03-08,20.05,20.05,19.98,20.0,9.5637,1650.0,0.0,1.0
2012-03-09,19.98,20.0,19.95,20.0,9.5637,11100.0,0.0,1.0
2012-03-12,20.0,20.01,20.0,20.0099,9.5684,3125.0,0.0,1.0
2012-03-13,20.01,20.01,20.0,20.01,9.5685,5050.0,0.0,1.0
2012-03-14,20.0,20.01,20.0,20.0,9.5637,7198.0,0.0,1.0
2012-03-15,20.0011,20.01,20.0,20.01,9.5685,6280.0,0.0,1.0
2012-03-16,20.0,20.05,20.0,20.008,9.5675,6144.0,0.0,1.0
2012-03-19,20.0,20.01,20.0,20.0,9.5637,4415.0,0.0,1.0
2012-03-20,20.0,20.0099,20.0,20.0099,9.5684,7100.0,0.0,1.0
2012-03-21,20.01,20.05,20.001,20.02,9.5733,7614.0,0.0,1.0
2012-03-22,20.05,20.19,20.01,20.05,9.5876,16621.0,0.0,1.0
2012-03-23,20.05,20.1,20.01,20.01,9.5685,5520.0,0.0,1.0
2012-03-26,20.01,20.05,20.0,20.022,9.5742,7700.0,0.0,1.0
2012-03-27,20.0224,20.05,20.02,20.0475,9.5864,4170.0,0.0,1.0
2012-03-28,20.09,20.09,20.0,20.0,9.5637,56421.0,0.0,1.0
2012-03-29,20.0,20.01,19.95,20.0,9.5637,88930.0,0.0,1.0
2012-03-30,20.0,20.05,20.0,20.05,9.5876,55300.0,0.0,1.0
2012-04-02,20.0,20.05,20.0,20.05,9.5876,39670.0,0.0,1.0
2012-04-03,20.25,20.25,19.94,20.0,9.5637,152421.0,0.0,1.0
2012-04-04,19.95,20.01,19.94,19.95,9.5398,87365.0,0.0,1.0
2012-04-05,20.05,20.05,19.95,19.95,9.5398,46150.0,0.0,1.0
2012-04-09,19.9,19.9,19.0,19.23,9.1955,77550.0,0.0,1.0
2012-04-10,19.35,19.5,19.25,19.29,9.2242,21966.0,0.0,1.0
2012-04-11,19.43,19.43,19.15,19.29,9.2242,12847.0,0.0,1.0
2012-04-12,19.3,19.45,19.15,19.276,9.2175,15830.0,0.0,1.0
2012-04-13,19.33,19.76,19.18,19.35,9.3088,14196.0,0.117,1.0
2012-04-16,19.5,19.9,18.91,19.06,9.1693,29104.0,0.0,1.0
2012-04-17,19.8,19.8,18.26,18.55,8.924,84375.0,0.0,1.0
2012-04-18,18.62,18.75,18.25,18.75,9.0202,44593.0,0.0,1.0
2012-04-19,18.85,19.1944,18.85,19.1,9.1885,12625.0,0.0,1.0
2012-04-20,18.99,19.0099,18.7,18.9,9.0923,25788.0,0.0,1.0
2012-04-23,18.75,18.82,18.25,18.45,8.8759,29006.0,0.0,1.0
2012-04-24,18.06,18.9,18.06,18.57,8.9336,58590.0,0.0,1.0
2012-04-25,18.6321,18.8,18.3,18.45,8.8759,50691.0,0.0,1.0
2012-04-26,18.49,18.49,18.2,18.29,8.7989,28150.0,0.0,1.0
2012-04-27,18.31,18.63,18.31,18.52,8.9095,17557.0,0.0,1.0
2012-04-30,18.34,18.8367,18.34,18.66,8.9769,40156.0,0.0,1.0
2012-05-01,18.75,18.8,18.51,18.76,9.025,29950.0,0.0,1.0
2012-05-02,18.74,19.07,18.58,18.75,9.0202,24994.0,0.0,1.0
2012-05-03,18.87,19.139,18.75,19.0,9.1404,30581.0,0.0,1.0
2012-05-04,19.19,19.2,18.9,19.1,9.1885,21029.0,0.0,1.0
2012-05-07,18.92,19.21,18.9,19.03,9.1549,14544.0,0.0,1.0
2012-05-08,19.17,19.17,18.9,19.038,9.1587,9065.0,0.0,1.0
2012-05-09,19.05,19.07,18.68,18.83,9.1149,30716.0,0.117,1.0
2012-05-10,19.02,19.15,18.65,18.74,9.0714,13701.0,0.0,1.0
2012-05-11,18.63,18.9377,18.63,18.76,9.0811,10000.0,0.0,1.0
2012-05-14,18.63,19.12,18.4,19.1,9.2456,41815.0,0.0,1.0
2012-05-15,18.77,18.98,18.381,18.482,8.9465,27492.0,0.0,1.0
2012-05-16,18.24,18.61,18.2,18.61,9.0085,17085.0,0.0,1.0
2012-05-17,18.4,18.5,18.25,18.25,8.8342,44836.0,0.0,1.0
2012-05-18,18.15,18.226,17.88,18.026,8.7258,28673.0,0.0,1.0
2012-05-21,17.8901,18.144,17.88,17.9,8.6648,24135.0,0.0,1.0
2012-05-22,18.14,18.268,17.73,17.7333,8.5841,28225.0,0.0,1.0
2012-05-23,17.68,17.9872,17.1,17.8,8.6164,95761.0,0.0,1.0
2012-05-24,17.98,17.98,17.59,17.6,8.5195,33562.0,0.0,1.0
2012-05-25,17.66,17.7683,17.42,17.5,8.4711,38740.0,0.0,1.0
2012-05-29,17.85,17.87,17.5,17.6,8.5195,57003.0,0.0,1.0
2012-05-30,17.7,17.7112,17.34,17.6296,8.5339,37385.0,0.0,1.0
2012-05-31,17.6,17.69,17.41,17.68,8.5583,20465.0,0.0,1.0
2012-06-01,17.51,17.68,17.51,17.62,8.5292,30246.0,0.0,1.0
2012-06-04,17.75,17.75,17.0907,17.21,8.3308,33835.0,0.0,1.0
2012-06-05,17.14,17.39,17.09,17.18,8.3162,11196.0,0.0,1.0
2012-06-06,17.18,17.39,17.16,17.19,8.3211,33574.0,0.0,1.0
2012-06-07,17.13,17.27,17.04,17.16,8.3632,32076.0,0.117,1.0
2012-06-08,17.34,17.39,17.2,17.3444,8.4531,17868.0,0.0,1.0
2012-06-11,17.3,17.39,17.14,17.3206,8.4415,42002.0,0.0,1.0
2012-06-12,17.5,17.5,17.1,17.4972,8.5275,39359.0,0.0,1.0
2012-06-13,17.4,17.529,17.291,17.4396,8.4995,19051.0,0.0,1.0
2012-06-14,17.58,17.58,17.19,17.23,8.3973,48399.0,0.0,1.0
2012-06-15,17.44,17.58,17.3,17.4,8.4802,17245.0,0.0,1.0
2012-06-18,17.53,17.57,17.4,17.54,8.5484,41495.0,0.0,1.0
2012-06-19,17.55,17.9468,17.55,17.7,8.6264,31208.0,0.0,1.0
2012-06-20,17.88,18.269,17.81,18.114,8.8281,26217.0,0.0,1.0
2012-06-21,18.15,18.2,17.6,17.67,8.6117,56435.0,0.0,1.0
2012-06-22,17.68,17.825,17.6,17.7,8.6264,41427.0,0.0,1.0
2012-06-25,17.78,17.79,17.41,17.6,8.5776,86564.0,0.0,1.0
2012-06-26,17.71,17.79,17.29,17.5118,8.5346,81574.0,0.0,1.0
2012-06-27,17.61,17.99,17.5357,17.9868,8.7661,40881.0,0.0,1.0
2012-06-28,17.78,18.0,17.64,17.99,8.7677,24806.0,0.0,1.0
2012-06-29,17.99,18.19,17.69,18.022,8.7833,37339.0,0.0,1.0
2012-07-02,17.99,18.409,17.99,18.32,8.9285,15289.0,0.0,1.0
2012-07-03,18.23,18.24,18.2,18.2,8.8701,1900.0,0.0,1.0
2012-07-05,18.2,18.328,18.2,18.22,8.8798,14647.0,0.0,1.0
2012-07-06,18.33,18.5,18.2038,18.23,8.8847,15486.0,0.0,1.0
2012-07-09,18.33,18.4962,18.21,18.4,8.9675,5600.0,0.0,1.0
2012-07-10,18.12,18.35,18.08,18.13,8.893,25669.0,0.117,1.0
2012-07-11,18.14,18.5,18.0307,18.09,8.8733,7192.0,0.0,1.0
2012-07-12,18.1,18.39,18.1,18.32,8.9862,15261.0,0.0,1.0
2012-07-13,18.41,18.5,18.3,18.45,9.0499,17965.0,0.0,1.0
2012-07-16,18.25,18.63,18.25,18.29,8.9714,17750.0,0.0,1.0
2012-07-17,18.35,18.62,18.3,18.44,9.045,3828.0,0.0,1.0
2012-07-18,18.33,18.69,18.26,18.682,9.1637,24521.0,0.0,1.0
2012-07-19,18.82,19.03,18.37,18.53,9.0892,18675.0,0.0,1.0
2012-07-20,18.73,18.95,18.36,18.45,9.0499,26349.0,0.0,1.0
2012-07-23,18.3,18.45,18.15,18.27,8.9616,15234.0,0.0,1.0
2012-07-24,18.39,18.56,18.26,18.37,9.0107,33046.0,0.0,1.0
2012-07-25,18.54,18.54,18.19,18.26,8.9567,28711.0,0.0,1.0
2012-07-26,18.27,18.37,18.21,18.25,8.9518,18083.0,0.0,1.0
2012-07-27,18.39,18.5,18.18,18.24,8.9469,13592.0,0.0,1.0
2012-07-30,18.37,18.44,18.3,18.33,8.9911,6195.0,0.0,1.0
2012-07-31,18.22,18.43,18.22,18.31,8.9812,17786.0,0.0,1.0
2012-08-01,18.25,18.5,18.25,18.3745,9.0129,19855.0,0.0,1.0
2012-08-02,18.51,18.6,18.41,18.4709,9.0602,48416.0,0.0,1.0
2012-08-03,18.64,18.72,18.27,18.4701,9.0598,27317.0,0.0,1.0
2012-08-06,18.67,18.717,18.6,18.61,9.1284,18763.0,0.0,1.0
2012-08-07,18.62,18.8,18.61,18.78,9.2118,30687.0,0.0,1.0
2012-08-08,18.78,18.78,18.69,18.69,9.1676,23444.0,0.0,1.0
2012-08-09,18.51,18.77,18.51,18.73,9.2447,19893.0,0.117,1.0
2012-08-10,18.76,18.78,18.586,18.78,9.2693,40393.0,0.0,1.0
2012-08-13,18.77,18.78,18.73,18.78,9.2693,14698.0,0.0,1.0
2012-08-14,18.78,18.85,18.6442,18.711,9.2353,36109.0,0.0,1.0
2012-08-15,18.7012,18.87,18.65,18.6738,9.2169,18611.0,0.0,1.0
2012-08-16,18.61,18.79,18.5,18.6499,9.2051,40523.0,0.0,1.0
2012-08-17,18.78,18.8084,18.57,18.75,9.2545,20162.0,0.0,1.0
2012-08-20,18.8,18.93,18.65,18.8408,9.2993,35017.0,0.0,1.0
2012-08-21,18.8,18.9345,18.62,18.7,9.2298,37835.0,0.0,1.0
2012-08-22,18.7655,18.91,18.68,18.691,9.2254,33384.0,0.0,1.0
2012-08-23,18.79,18.79,18.48,18.53,9.1459,64326.0,0.0,1.0
2012-08-24,18.64,18.73,18.5,18.56,9.1607,16214.0,0.0,1.0
2012-08-27,18.65,18.65,18.37,18.4,9.0818,45182.0,0.0,1.0
2012-08-28,18.51,18.51,18.35,18.4,9.0818,28216.0,0.0,1.0
2012-08-29,18.32,18.4732,18.27,18.34,9.0522,14287.0,0.0,1.0
2012-08-30,18.46,18.59,18.35,18.44,9.1015,13905.0,0.0,1.0
2012-08-31,18.58,18.65,18.44,18.6434,9.2019,30021.0,0.0,1.0
2012-09-04,18.65,18.79,18.46,18.6999,9.2298,34268.0,0.0,1.0
2012-09-05,18.74,19.11,18.52,18.85,9.3039,49872.0,0.0,1.0
2012-09-06,19.03,19.04,18.8844,18.96,9.3582,39004.0,0.0,1.0
2012-09-07,18.95,19.0365,18.8,18.9,9.3286,14247.0,0.0,1.0
2012-09-10,18.86,19.0399,18.68,18.848,9.3029,23830.0,0.0,1.0
2012-09-11,18.81,19.0165,18.6619,18.74,9.2496,37759.0,0.0,1.0
2012-09-12,18.65,18.77,18.53,18.7206,9.2978,31129.0,0.117,1.0
2012-09-13,18.82,18.83,18.53,18.8,9.3372,32656.0,0.0,1.0
2012-09-14,18.86,18.88,18.64,18.75,9.3124,31169.0,0.0,1.0
2012-09-17,18.8,18.96,18.7128,18.73,9.3024,20781.0,0.0,1.0
2012-09-18,18.78,18.96,18.53,18.95,9.4117,52862.0,0.0,1.0
2012-09-19,18.95,19.09,18.83,19.08,9.4763,36379.0,0.0,1.0
2012-09-20,18.92,19.19,18.901,19.09,9.4812,46709.0,0.0,1.0
2012-09-21,19.14,19.24,19.011,19.14,9.5061,37012.0,0.0,1.0
2012-09-24,18.94,19.22,18.92,19.0,9.4365,43732.0,0.0,1.0
2012-09-25,19.09,19.18,18.77,18.81,9.3422,68038.0,0.0,1.0
2012-09-26,18.76,19.0365,18.76,18.9529,9.4131,23410.0,0.0,1.0
2012-09-27,18.84,19.24,18.84,19.04,9.4564,32314.0,0.0,1.0
2012-09-28,19.0702,19.22,18.91,19.08,9.4763,30122.0,0.0,1.0
2012-10-01,19.18,19.25,18.98,18.99,9.4316,27890.0,0.0,1.0
2012-10-02,19.14,19.19,18.91,19.18,9.5259,26377.0,0.0,1.0
2012-10-03,19.18,19.29,19.02,19.269,9.5701,32761.0,0.0,1.0
2012-10-04,19.38,19.38,19.2167,19.22,9.5458,24000.0,0.0,1.0
2012-10-05,19.28,19.42,19.14,19.18,9.5259,38023.0,0.0,1.0
2012-10-08,19.37,19.3799,19.16,19.25,9.5607,16434.0,0.0,1.0
2012-10-09,19.3,19.32,18.54,19.1,9.5443,46961.0,0.117,1.0
2012-10-10,19.18,19.26,19.09,19.16,9.5743,23487.0,0.0,1.0
2012-10-11,19.26,19.26,19.05,19.15,9.5693,30006.0,0.0,1.0
2012-10-12,19.21,19.4,19.181,19.29,9.6392,37696.0,0.0,1.0
2012-10-15,19.38,19.46,19.08,19.16,9.5743,40277.0,0.0,1.0
2012-10-16,19.3,19.34,19.11,19.34,9.6642,22858.0,0.0,1.0
2012-10-17,19.46,19.46,19.14,19.21,9.5993,30203.0,0.0,1.0
2012-10-18,19.38,19.38,19.2,19.24,9.6143,32734.0,0.0,1.0
2012-10-19,19.32,19.41,19.1855,19.29,9.6392,36733.0,0.0,1.0
2012-10-22,19.35,19.43,19.21,19.21,9.5993,20570.0,0.0,1.0
2012-10-23,19.33,19.33,18.901,19.09,9.5393,30708.0,0.0,1.0
2012-10-24,19.1,19.24,18.94,19.1,9.5443,37564.0,0.0,1.0
2012-10-25,19.27,19.28,19.03,19.07,9.5293,26424.0,0.0,1.0
2012-10-26,19.13,19.21,19.0,19.09,9.5393,18133.0,0.0,1.0
2012-10-31,19.17,19.27,19.03,19.172,9.5803,17096.0,0.0,1.0
2012-11-01,19.16,19.24,19.11,19.24,9.6143,16280.0,0.0,1.0
2012-11-02,19.31,19.31,19.14,19.27,9.6293,12323.0,0.0,1.0
2012-11-05,19.31,19.31,19.05,19.08,9.5343,24801.0,0.0,1.0
2012-11-06,19.18,19.55,19.108,19.34,9.6642,46392.0,0.0,1.0
2012-11-07,19.28,19.39,19.22,19.3013,9.6449,37633.0,0.0,1.0
2012-11-08,19.33,19.38,19.03,19.15,9.6278,31547.0,0.117,1.0
2012-11-09,19.04,19.29,19.04,19.15,9.6278,14744.0,0.0,1.0
2012-11-12,19.25,19.29,19.02,19.11,9.6076,41757.0,0.0,1.0
2012-11-13,19.14,19.19,18.9036,18.97,9.5373,32394.0,0.0,1.0
2012-11-14,19.07,19.18,18.57,18.78,9.4417,46196.0,0.0,1.0
2012-11-15,18.62,18.81,17.94,18.4,9.2507,100229.0,0.0,1.0
2012-11-16,18.56,19.03,18.35,18.65,9.3764,36865.0,0.0,1.0
2012-11-19,19.01,19.01,18.49,18.68,9.3915,38232.0,0.0,1.0
2012-11-20,18.83,18.83,18.5,18.69,9.3965,43711.0,0.0,1.0
2012-11-21,18.53,18.81,18.52,18.53,9.316,69473.0,0.0,1.0
2012-11-23,18.72,18.72,18.5706,18.634,9.3683,12991.0,0.0,1.0
2012-11-26,18.59,18.69,18.42,18.56,9.3311,154850.0,0.0,1.0
2012-11-27,18.53,18.55,18.35,18.55,9.3261,36416.0,0.0,1.0
2012-11-28,18.54,18.55,18.36,18.48,9.2909,53517.0,0.0,1.0
2012-11-29,18.55,18.91,18.55,18.81,9.4568,62979.0,0.0,1.0
2012-11-30,18.9,18.9482,18.71,18.89,9.497,28445.0,0.0,1.0
2012-12-03,19.04,19.04,18.39,18.74,9.4216,51302.0,0.0,1.0
2012-12-04,18.79,18.97,18.54,18.64,9.3713,65364.0,0.0,1.0
2012-12-05,18.7,18.85,18.55,18.6,9.3512,34813.0,0.0,1.0
2012-12-06,18.51,18.7363,18.51,18.64,9.3713,60304.0,0.0,1.0
2012-12-07,18.59,18.73,18.59,18.72,9.4116,18279.0,0.0,1.0
2012-12-10,18.62,18.84,18.44,18.64,9.3713,33150.0,0.0,1.0
2012-12-11,18.79,18.79,18.5,18.62,9.4201,111920.0,0.117,1.0
2012-12-12,18.66,18.69,18.57,18.6,9.41,68656.0,0.0,1.0
2012-12-13,18.55,18.6763,18.45,18.53,9.3746,185676.0,0.0,1.0
2012-12-14,18.49,18.7,18.45,18.56,9.3898,127610.0,0.0,1.0
2012-12-17,18.6,18.73,18.45,18.64,9.4302,113676.0,0.0,1.0
2012-12-18,18.67,18.67,18.5,18.64,9.4302,44134.0,0.0,1.0
2012-12-19,18.53,18.71,18.47,18.71,9.4656,48383.0,0.0,1.0
2012-12-20,18.75,18.75,18.611,18.75,9.4859,56030.0,0.0,1.0
2012-12-21,18.7,18.72,18.55,18.64,9.4302,144865.0,0.0,1.0
2012-12-24,18.7,18.7,18.49,18.62,9.4201,64062.0,0.0,1.0
2012-12-26,18.68,18.68,18.53,18.63,9.4252,109687.0,0.0,1.0
2012-12-27,18.7,18.7,18.45,18.59,9.4641,63807.0,0.117,1.0
2012-12-28,18.54,18.78,18.48,18.74,9.5405,79994.0,0.0,1.0
2012-12-31,18.83,18.949,18.73,18.9,9.622,60646.0,0.0,1.0
2013-01-02,18.95,19.2,18.95,19.2,9.7747,36707.0,0.0,1.0
2013-01-03,19.01,19.149,18.53,19.03,9.8001,50604.0,0.22,1.0
2013-01-04,19.14,19.15,19.0084,19.12,9.8465,31690.0,0.0,1.0
2013-01-07,19.1,19.18,19.01,19.18,9.8774,36882.0,0.0,1.0
2013-01-08,19.32,19.32,19.0,19.19,9.8825,67762.0,0.0,1.0
2013-01-09,19.19,19.289,19.02,19.1,9.8362,68026.0,0.0,1.0
2013-01-10,19.13,19.27,19.101,19.27,9.9237,58581.0,0.0,1.0
2013-01-11,19.37,19.4248,19.208,19.32,9.9495,78289.0,0.0,1.0
2013-01-14,19.38,19.4,19.22,19.4,9.9907,57514.0,0.0,1.0
2013-01-15,19.35,19.5383,19.35,19.43,10.0061,49190.0,0.0,1.0
2013-01-16,19.34,19.59,19.34,19.53,10.0576,41884.0,0.0,1.0
2013-01-17,19.47,19.58,19.45,19.46,10.0216,29295.0,0.0,1.0
2013-01-18,19.48,19.53,19.381,19.53,10.0576,43169.0,0.0,1.0
2013-01-22,19.57,19.59,19.42,19.43,10.0061,31059.0,0.0,1.0
2013-01-23,19.53,19.57,19.3,19.36,9.9701,158875.0,0.0,1.0
2013-01-24,19.37,19.45,19.31,19.4,9.9907,66438.0,0.0,1.0
2013-01-25,19.49,19.49,19.3,19.35,9.9649,40550.0,0.0,1.0
2013-01-28,19.46,19.46,19.17,19.21,9.8928,77356.0,0.0,1.0
2013-01-29,19.27,19.27,19.11,19.16,9.8671,32093.0,0.0,1.0
2013-01-30,19.22,19.23,19.05,19.12,9.8465,37061.0,0.0,1.0
2013-01-31,19.17,19.17,19.04,19.12,9.8465,78630.0,0.0,1.0
2013-02-01,19.18,19.24,19.06,19.2,9.8877,38019.0,0.0,1.0
2013-02-04,19.12,19.23,19.12,19.17,9.8722,32435.0,0.0,1.0
2013-02-05,19.28,19.28,19.1533,19.27,9.9237,38808.0,0.0,1.0
2013-02-06,19.3,19.3,19.17,19.26,9.9186,23826.0,0.0,1.0
2013-02-07,19.23,19.23,19.07,19.18,9.9376,27191.0,0.117,1.0
2013-02-08,19.23,19.23,19.06,19.13,9.9117,36371.0,0.0,1.0
2013-02-11,19.19,19.19,19.08,19.17,9.9325,38279.0,0.0,1.0
2013-02-12,19.12,19.25,19.09,19.25,9.9739,34436.0,0.0,1.0
2013-02-13,19.24,19.24,19.09,19.12,9.9065,43645.0,0.0,1.0
2013-02-14,19.17,19.17,19.03,19.06,9.8755,36333.0,0.0,1.0
2013-02-15,19.07,19.19,19.03,19.13,9.9117,49973.0,0.0,1.0
2013-02-19,19.19,19.22,19.13,19.2,9.948,35925.0,0.0,1.0
2013-02-20,19.15,19.18,19.09,19.14,9.9169,18570.0,0.0,1.0
2013-02-21,19.09,19.16,18.99,19.06,9.8755,41405.0,0.0,1.0
2013-02-22,19.13,19.16,19.0,19.09,9.891,43027.0,0.0,1.0
2013-02-25,19.07,19.1045,18.82,18.95,9.8185,129300.0,0.0,1.0
2013-02-26,18.9211,18.95,18.9075,18.95,9.8185,27926.0,0.0,1.0
2013-02-27,18.95,19.0799,18.9,19.06,9.8755,39841.0,0.0,1.0
2013-02-28,19.06,19.1,18.9376,18.99,9.8392,51395.0,0.0,1.0
2013-03-01,19.01,19.09,18.92,19.06,9.8755,82824.0,0.0,1.0
2013-03-04,19.03,19.0699,18.95,19.06,9.8755,23832.0,0.0,1.0
2013-03-05,19.15,19.24,18.891,19.01,9.8496,67702.0,0.0,1.0
2013-03-06,19.13,19.13,18.92,19.01,9.8496,55525.0,0.0,1.0
2013-03-07,18.97,18.98,18.68,18.94,9.8739,25335.0,0.117,1.0
2013-03-08,18.92,18.97,18.88,18.96,9.8843,33380.0,0.0,1.0
2013-03-11,18.9,19.02,18.84,18.89,9.8478,44824.0,0.0,1.0
2013-03-12,18.93,18.9449,18.6328,18.88,9.8426,39327.0,0.0,1.0
2013-03-13,18.86,18.96,18.751,18.904,9.8551,40444.0,0.0,1.0
2013-03-14,18.94,18.993,18.827,18.97,9.8895,23828.0,0.0,1.0
2013-03-15,18.95,18.96,18.58,18.88,9.8426,72995.0,0.0,1.0
2013-03-18,18.82,18.894,18.778,18.88,9.8426,32550.0,0.0,1.0
2013-03-19,18.92,18.92,18.75,18.84,9.8218,32172.0,0.0,1.0
2013-03-20,18.88,19.01,18.76,18.85,9.827,66057.0,0.0,1.0
2013-03-21,18.85,18.85,18.68,18.81,9.8061,44483.0,0.0,1.0
2013-03-22,18.76,18.89,18.76,18.81,9.8061,64088.0,0.0,1.0
2013-03-25,18.75,18.89,18.62,18.662,9.729,75927.0,0.0,1.0
2013-03-26,18.75,18.93,18.68,18.91,9.8583,60045.0,0.0,1.0
2013-03-27,18.88,18.9699,18.8594,18.96,9.8843,42004.0,0.0,1.0
2013-03-28,19.03,19.27,18.83,19.25,10.0355,298879.0,0.0,1.0
2013-04-01,19.23,19.26,19.09,19.1,9.9573,71837.0,0.0,1.0
2013-04-02,19.21,19.25,18.96,19.15,9.9834,34427.0,0.0,1.0
2013-04-03,19.18,19.21,18.9255,19.1,9.9573,60242.0,0.0,1.0
2013-04-04,19.1,19.15,19.02,19.15,9.9834,22444.0,0.0,1.0
2013-04-05,19.08,19.17,19.08,19.11,9.9625,20115.0,0.0,1.0
2013-04-08,19.17,19.33,19.06,19.27,10.0459,85108.0,0.0,1.0
2013-04-09,19.26,19.28,18.9001,19.03,9.9818,72432.0,0.117,1.0
2013-04-10,19.05,19.16,18.98,19.14,10.0395,35448.0,0.0,1.0
2013-04-11,19.24,19.24,19.04,19.1564,10.0481,51990.0,0.0,1.0
2013-04-12,19.24,19.24,19.121,19.2,10.071,37120.0,0.0,1.0
2013-04-15,19.22,19.22,19.06,19.07,10.0028,22791.0,0.0,1.0
2013-04-16,19.16,19.18,18.9692,19.1,10.0185,26391.0,0.0,1.0
2013-04-17,19.1,19.17,19.02,19.09,10.0133,33100.0,0.0,1.0
2013-04-18,19.08,19.1,18.957,19.09,10.0133,19649.0,0.0,1.0
2013-04-19,19.1,19.18,19.01,19.06,9.9976,24736.0,0.0,1.0
2013-04-22,19.16,19.16,19.01,19.04,9.9871,37771.0,0.0,1.0
2013-04-23,19.14,19.14,18.91,18.99,9.9608,48311.0,0.0,1.0
2013-04-24,19.03,19.03,18.86,18.92,9.9241,103646.0,0.0,1.0
2013-04-25,19.0,19.0,18.85,18.89,9.9084,71860.0,0.0,1.0
2013-04-26,18.97,18.9899,18.9037,18.98,9.9556,33197.0,0.0,1.0
2013-04-29,19.0,19.0893,19.0,19.06,9.9976,29767.0,0.0,1.0
2013-04-30,19.16,19.24,19.03,19.23,10.0867,34052.0,0.0,1.0
2013-05-01,19.25,19.38,19.119,19.38,10.1654,65550.0,0.0,1.0
2013-05-02,19.39,19.5403,19.292,19.45,10.2021,45597.0,0.0,1.0
2013-05-03,19.56,19.56,19.29,19.48,10.2179,48548.0,0.0,1.0
2013-05-06,19.5,19.54,19.465,19.53,10.2441,45904.0,0.0,1.0
2013-05-07,19.56,19.56,19.2912,19.37,10.1602,36373.0,0.0,1.0
2013-05-08,19.45,19.57,19.4,19.52,10.2388,38418.0,0.0,1.0
2013-05-09,19.39,19.45,19.36,19.45,10.2635,50780.0,0.117,1.0
2013-05-10,19.44,19.44,19.3,19.37,10.2213,25057.0,0.0,1.0
2013-05-13,19.45,19.4899,19.19,19.37,10.2213,24262.0,0.0,1.0
2013-05-14,19.34,19.41,19.1136,19.31,10.1896,27650.0,0.0,1.0
2013-05-15,19.36,19.49,19.3235,19.41,10.2424,43635.0,0.0,1.0
2013-05-16,19.39,19.48,19.36,19.47,10.274,39337.0,0.0,1.0
2013-05-17,19.45,19.49,19.37,19.47,10.274,33151.0,0.0,1.0
2013-05-20,19.45,19.48,19.22,19.23,10.1474,35031.0,0.0,1.0
2013-05-21,19.34,19.4,19.147,19.161,10.111,50876.0,0.0,1.0
2013-05-22,19.28,19.3699,19.18,19.21,10.1369,44139.0,0.0,1.0
2013-05-23,19.1,19.385,19.1,19.21,10.1369,36509.0,0.0,1.0
2013-05-24,19.26,19.35,19.07,19.22,10.1421,33389.0,0.0,1.0
2013-05-28,19.15,19.27,18.91,19.05,10.0524,27407.0,0.0,1.0
2013-05-29,19.05,19.05,18.52,18.89,9.968,32910.0,0.0,1.0
2013-05-30,18.92,18.93,18.6601,18.74,9.8888,32414.0,0.0,1.0
2013-05-31,18.82,18.82,18.307,18.34,9.6778,29001.0,0.0,1.0
2013-06-03,18.45,18.566,18.1,18.13,9.5669,42991.0,0.0,1.0
2013-06-04,18.22,18.3625,18.15,18.19,9.5986,39588.0,0.0,1.0
2013-06-05,18.21,18.44,18.15,18.26,9.6355,55755.0,0.0,1.0
2013-06-06,18.35,18.35,18.2378,18.31,9.6619,49408.0,0.0,1.0
2013-06-07,18.44,18.494,18.1,18.11,9.5564,59833.0,0.0,1.0
2013-06-10,18.23,18.23,17.72,18.06,9.53,167873.0,0.0,1.0
2013-06-11,17.9,17.91,17.7196,17.79,9.4509,57927.0,0.12,1.0
2013-06-12,17.75,17.851,17.18,17.34,9.2118,121681.0,0.0,1.0
2013-06-13,17.3,18.07,17.25,18.0,9.5624,135984.0,0.0,1.0
2013-06-14,17.92,18.35,17.92,18.35,9.7484,113051.0,0.0,1.0
2013-06-17,18.43,18.43,18.18,18.245,9.6926,26066.0,0.0,1.0
2013-06-18,18.31,18.31,18.13,18.3,9.7218,38174.0,0.0,1.0
2013-06-19,18.36,18.39,18.21,18.31,9.7271,35755.0,0.0,1.0
2013-06-20,18.22,18.22,17.8,17.89,9.504,46497.0,0.0,1.0
2013-06-21,18.08,18.08,17.7,17.76,9.4349,46845.0,0.0,1.0
2013-06-24,17.75,17.75,17.07,17.25,9.164,74941.0,0.0,1.0
2013-06-25,17.24,17.85,17.15,17.56,9.3287,119068.0,0.0,1.0
2013-06-26,17.56,17.9,17.28,17.68,9.3924,74124.0,0.0,1.0
2013-06-27,17.84,17.84,17.47,17.74,9.4243,31383.0,0.0,1.0
2013-06-28,17.77,17.77,17.44,17.44,9.2649,33547.0,0.0,1.0
2013-07-01,17.6,17.85,17.39,17.6796,9.3922,41870.0,0.0,1.0
2013-07-02,17.75,17.75,17.44,17.61,9.3552,38635.0,0.0,1.0
2013-07-03,17.69,17.69,17.31,17.49,9.2915,26716.0,0.0,1.0
2013-07-05,17.49,17.49,17.08,17.31,9.1959,16920.0,0.0,1.0
2013-07-08,17.44,17.57,17.15,17.22,9.148,34915.0,0.0,1.0
2013-07-09,17.19,17.39,17.13,17.29,9.249,52788.0,0.12,1.0
2013-07-10,17.3,17.457,17.2,17.39,9.3025,19031.0,0.0,1.0
2013-07-11,17.59,17.75,17.45,17.72,9.479,31165.0,0.0,1.0
2013-07-12,17.8,17.8,17.41,17.57,9.3988,39155.0,0.0,1.0
2013-07-15,17.48,17.72,17.451,17.62,9.4255,18441.0,0.0,1.0
2013-07-16,17.69,17.79,17.3,17.34,9.2757,33189.0,0.0,1.0
2013-07-17,17.48,17.61,17.31,17.38,9.2971,55436.0,0.0,1.0
2013-07-18,17.51,17.64,17.31,17.36,9.2864,41909.0,0.0,1.0
2013-07-19,17.44,17.59,17.28,17.28,9.2436,34384.0,0.0,1.0
2013-07-22,17.38,17.49,17.25,17.35,9.2811,84553.0,0.0,1.0
2013-07-23,17.44,17.65,17.37,17.4,9.3078,31222.0,0.0,1.0
2013-07-24,17.46,17.46,17.15,17.45,9.3346,89713.0,0.0,1.0
2013-07-25,17.28,17.39,17.19,17.37,9.2918,50085.0,0.0,1.0
2013-07-26,17.37,17.49,17.23,17.4099,9.3131,29486.0,0.0,1.0
2013-07-29,17.48,17.48,17.221,17.4,9.3078,41182.0,0.0,1.0
2013-07-30,17.48,17.48,17.15,17.3,9.2543,41421.0,0.0,1.0
2013-07-31,17.35,17.45,17.181,17.45,9.3346,50693.0,0.0,1.0
2013-08-01,17.4,17.45,17.14,17.2,9.2008,54086.0,0.0,1.0
2013-08-02,17.3,17.39,17.21,17.39,9.3025,26902.0,0.0,1.0
2013-08-05,17.45,17.45,17.19,17.24,9.2222,20376.0,0.0,1.0
2013-08-06,17.3,17.3,17.04,17.2,9.2008,53410.0,0.0,1.0
2013-08-07,17.27,17.48,17.05,17.48,9.3506,72133.0,0.0,1.0
2013-08-08,17.38,17.4,17.2135,17.36,9.3506,24018.0,0.12,1.0
2013-08-09,17.42,17.42,17.13,17.2,9.2644,15717.0,0.0,1.0
2013-08-12,17.2,17.33,17.16,17.33,9.3345,22408.0,0.0,1.0
2013-08-13,17.26,17.42,16.96,17.17,9.2483,54882.0,0.0,1.0
2013-08-14,17.05,17.18,16.9702,17.0,9.1567,41643.0,0.0,1.0
2013-08-15,16.99,17.06,16.55,16.77,9.0328,79543.0,0.0,1.0
2013-08-16,16.82,16.949,16.56,16.87,9.0867,28129.0,0.0,1.0
2013-08-19,16.94,17.01,16.17,16.33,8.7958,91779.0,0.0,1.0
2013-08-20,16.33,16.61,16.12,16.56,8.9197,64615.0,0.0,1.0
2013-08-21,16.4,16.61,16.05,16.15,8.6989,65085.0,0.0,1.0
2013-08-22,16.26,16.5875,16.13,16.53,8.9036,66469.0,0.0,1.0
2013-08-23,16.59,16.73,16.5301,16.73,9.0113,51041.0,0.0,1.0
2013-08-26,16.64,16.87,16.6201,16.671,8.9795,34056.0,0.0,1.0
2013-08-27,16.61,16.78,16.52,16.65,8.9682,57234.0,0.0,1.0
2013-08-28,16.59,16.68,16.55,16.6,8.9413,30194.0,0.0,1.0
2013-08-29,16.72,16.74,16.52,16.72,9.0059,36686.0,0.0,1.0
2013-08-30,16.71,16.7987,16.5812,16.78,9.0382,10368.0,0.0,1.0
2013-09-03,16.98,16.98,16.682,16.85,9.0759,41821.0,0.0,1.0
2013-09-04,16.93,16.93,16.65,16.66,8.9736,25660.0,0.0,1.0
2013-09-05,16.65,16.85,16.65,16.69,8.9897,13642.0,0.0,1.0
2013-09-06,16.82,16.849,16.58,16.74,9.0167,14651.0,0.0,1.0
2013-09-09,16.66,16.85,16.63,16.72,9.0059,19543.0,0.0,1.0
2013-09-10,16.82,16.82,16.4501,16.67,8.979,36016.0,0.0,1.0
2013-09-11,16.59,16.59,16.32,16.49,8.9466,80748.0,0.12,1.0
2013-09-12,16.41,16.54,16.41,16.484,8.9434,29582.0,0.0,1.0
2013-09-13,16.53,16.6196,16.47,16.5741,8.9923,21169.0,0.0,1.0
2013-09-16,16.61,16.73,16.5904,16.68,9.0497,25302.0,0.0,1.0
2013-09-17,16.63,16.7,16.6001,16.66,9.0389,25135.0,0.0,1.0
2013-09-18,16.57,16.87,16.52,16.86,9.1474,53889.0,0.0,1.0
2013-09-19,16.9,16.98,16.681,16.86,9.1474,18674.0,0.0,1.0
2013-09-20,16.81,16.949,16.7101,16.83,9.1311,25863.0,0.0,1.0
2013-09-23,16.92,16.92,16.7167,16.8,9.1148,45237.0,0.0,1.0
2013-09-24,16.86,16.93,16.63,16.92,9.1799,49672.0,0.0,1.0
2013-09-25,16.95,17.16,16.64,16.91,9.1745,82741.0,0.0,1.0
2013-09-26,16.93,17.0606,16.93,17.05,9.2505,34069.0,0.0,1.0
2013-09-27,17.0,17.16,17.0,17.12,9.2885,44542.0,0.0,1.0
2013-09-30,17.13,17.14,17.0,17.0,9.2233,41289.0,0.0,1.0
2013-10-01,17.07,17.19,16.9,17.19,9.3264,47656.0,0.0,1.0
2013-10-02,17.25,17.266,16.89,17.0,9.2233,49334.0,0.0,1.0
2013-10-03,17.11,17.15,16.8375,16.89,9.1637,34624.0,0.0,1.0
2013-10-04,17.04,17.08,16.8801,17.0,9.2233,23090.0,0.0,1.0
2013-10-07,16.86,17.06,16.86,16.99,9.2179,22658.0,0.0,1.0
2013-10-08,17.0,17.03,16.7801,16.94,9.1908,63162.0,0.0,1.0
2013-10-09,16.89,16.9,16.58,16.7156,9.1342,43920.0,0.12,1.0
2013-10-10,16.75,16.98,16.75,16.91,9.2404,25760.0,0.0,1.0
2013-10-11,16.98,16.98,16.7,16.84,9.2021,23348.0,0.0,1.0
2013-10-14,16.74,17.0,16.72,16.9,9.2349,36019.0,0.0,1.0
2013-10-15,16.82,17.01,16.8,16.97,9.2732,52346.0,0.0,1.0
2013-10-16,16.9,17.0,16.81,16.9799,9.2786,29614.0,0.0,1.0
2013-10-17,16.97,17.21,16.97,17.194,9.3956,30777.0,0.0,1.0
2013-10-18,17.28,17.43,17.236,17.38,9.4972,27709.0,0.0,1.0
2013-10-21,17.46,17.47,17.25,17.35,9.4808,28624.0,0.0,1.0
2013-10-22,17.31,17.5,17.27,17.37,9.4917,31750.0,0.0,1.0
2013-10-23,17.25,17.6599,17.25,17.3301,9.4699,49517.0,0.0,1.0
2013-10-24,17.35,17.641,17.25,17.62,9.6284,45261.0,0.0,1.0
2013-10-25,17.45,17.58,17.3501,17.45,9.5355,25226.0,0.0,1.0
2013-10-28,17.36,17.4,17.2655,17.38,9.4972,42664.0,0.0,1.0
2013-10-29,17.38,17.47,17.3,17.3,9.4535,18891.0,0.0,1.0
2013-10-30,17.38,17.47,17.32,17.36,9.4863,38285.0,0.0,1.0
2013-10-31,17.29,17.4,17.18,17.39,9.5027,38836.0,0.0,1.0
2013-11-01,17.37,17.43,17.23,17.33,9.4699,26416.0,0.0,1.0
2013-11-04,17.31,17.47,17.29,17.352,9.4819,31490.0,0.0,1.0
2013-11-05,17.3,17.99,17.25,17.25,9.4262,70442.0,0.0,1.0
2013-11-06,17.27,17.47,17.27,17.4399,9.5299,34117.0,0.0,1.0
2013-11-07,17.45,17.48,17.08,17.11,9.4152,32851.0,0.12,1.0
2013-11-08,17.08,17.21,17.0309,17.0309,9.3717,62548.0,0.0,1.0
2013-11-11,16.92,17.159,16.92,17.02,9.3657,30065.0,0.0,1.0
2013-11-12,16.94,17.07,16.94,17.004,9.3569,17601.0,0.0,1.0
2013-11-13,16.91,17.13,16.84,16.91,9.3052,53103.0,0.0,1.0
2013-11-14,17.02,17.06,16.871,16.9,9.2997,33599.0,0.0,1.0
2013-11-15,16.82,16.99,16.82,16.89,9.2942,34680.0,0.0,1.0
2013-11-18,16.85,17.13,16.75,17.01,9.3602,103730.0,0.0,1.0
2013-11-19,17.03,17.07,16.82,16.85,9.2722,47931.0,0.0,1.0
2013-11-20,16.85,17.01,16.76,16.77,9.2282,27357.0,0.0,1.0
2013-11-21,16.69,16.88,16.55,16.6,9.1346,61653.0,0.0,1.0
2013-11-22,16.56,16.7,16.4201,16.51,9.0851,50957.0,0.0,1.0
2013-11-25,16.63,16.65,16.43,16.58,9.1236,152034.0,0.0,1.0
2013-11-26,16.62,16.6593,16.5,16.6299,9.1511,60331.0,0.0,1.0
2013-11-27,16.53,16.74,16.53,16.74,9.2116,33619.0,0.0,1.0
2013-11-29,16.68,16.8,16.53,16.75,9.2171,23294.0,0.0,1.0
2013-12-02,16.59,16.75,16.59,16.69,9.1841,31883.0,0.0,1.0
2013-12-03,16.6,16.723,16.58,16.62,9.1456,29677.0,0.0,1.0
2013-12-04,16.57,16.72,16.53,16.61,9.1401,62129.0,0.0,1.0
2013-12-05,16.53,16.65,16.53,16.63,9.1511,65018.0,0.0,1.0
2013-12-06,16.55,16.71,16.55,16.63,9.1511,48743.0,0.0,1.0
2013-12-09,16.63,16.79,16.49,16.62,9.1456,138621.0,0.0,1.0
2013-12-10,16.45,16.64,16.43,16.64,9.2226,69956.0,0.12,1.0
2013-12-11,16.71,16.73,16.54,16.63,9.2171,102796.0,0.0,1.0
2013-12-12,16.55,16.7,16.51,16.62,9.2116,49071.0,0.0,1.0
2013-12-13,16.57,16.67,16.46,16.56,9.1783,69345.0,0.0,1.0
2013-12-16,16.53,16.63,16.44,16.55,9.1728,107177.0,0.0,1.0
2013-12-17,16.58,16.58,16.44,16.58,9.1894,140630.0,0.0,1.0
2013-12-18,16.44,16.67,16.44,16.67,9.2393,89014.0,0.0,1.0
2013-12-19,16.52,16.66,16.4,16.65,9.2282,134108.0,0.0,1.0
2013-12-20,16.55,16.647,16.5,16.63,9.2171,147255.0,0.0,1.0
2013-12-23,16.58,16.82,16.58,16.82,9.3224,91711.0,0.0,1.0
2013-12-24,16.75,16.93,16.6801,16.86,9.3446,35918.0,0.0,1.0
2013-12-26,16.98,17.0,16.8931,17.0,9.4222,88757.0,0.0,1.0
2013-12-27,17.02,17.05,16.73,16.99,9.4831,106230.0,0.12,1.0
2013-12-30,17.04,17.21,16.72,16.89,9.4273,103448.0,0.0,1.0
2013-12-31,16.82,16.98,16.67,16.92,9.4441,225471.0,0.0,1.0
2014-01-02,16.82,16.95,16.74,16.95,9.4608,32673.0,0.0,1.0
2014-01-03,16.75,16.75,16.57,16.73,9.5758,72961.0,0.426,1.0
2014-01-06,16.71,16.92,16.7072,16.79,9.6101,89484.0,0.0,1.0
2014-01-07,16.72,16.92,16.72,16.86,9.6502,85675.0,0.0,1.0
2014-01-08,16.82,16.89,16.77,16.8,9.6159,35219.0,0.0,1.0
2014-01-09,16.78,16.879,16.75,16.8,9.6159,33926.0,0.0,1.0
2014-01-10,16.84,16.8999,16.78,16.86,9.6502,25246.0,0.0,1.0
2014-01-13,16.84,16.97,16.82,16.84,9.6388,26070.0,0.0,1.0
2014-01-14,16.82,16.93,16.82,16.86,9.6502,45915.0,0.0,1.0
2014-01-15,16.87,16.93,16.82,16.83,9.633,31447.0,0.0,1.0
2014-01-16,16.84,16.935,16.8301,16.87,9.6559,29583.0,0.0,1.0
2014-01-17,16.91,16.96,16.88,16.89,9.6674,15781.0,0.0,1.0
2014-01-21,16.96,16.96,16.84,16.84,9.6388,19630.0,0.0,1.0
2014-01-22,16.94,16.96,16.86,16.89,9.6674,25852.0,0.0,1.0
2014-01-23,16.97,16.98,16.901,16.95,9.7017,66177.0,0.0,1.0
2014-01-24,16.98,17.0,16.7812,17.0,9.7303,33972.0,0.0,1.0
2014-01-27,16.89,16.92,16.71,16.82,9.6273,42385.0,0.0,1.0
2014-01-28,16.8,16.85,16.68,16.78,9.6044,47807.0,0.0,1.0
2014-01-29,16.81,16.84,16.63,16.74,9.5815,60388.0,0.0,1.0
2014-01-30,16.79,16.8,16.6,16.64,9.5243,34577.0,0.0,1.0
2014-01-31,16.61,16.7,16.5775,16.65,9.53,31850.0,0.0,1.0
2014-02-03,16.61,16.65,16.5,16.58,9.4899,38207.0,0.0,1.0
2014-02-04,16.6,16.61,16.47,16.56,9.4785,42351.0,0.0,1.0
2014-02-05,16.54,16.65,16.5201,16.65,9.53,47802.0,0.0,1.0
2014-02-06,16.66,16.74,16.65,16.71,9.5644,37688.0,0.0,1.0
2014-02-07,16.8,16.8,16.74,16.78,9.6044,16978.0,0.0,1.0
2014-02-10,16.74,16.83,16.73,16.784,9.6067,32251.0,0.0,1.0
2014-02-11,16.61,16.8,16.61,16.71,9.633,25658.0,0.12,1.0
2014-02-12,16.72,16.8,16.66,16.6892,9.621,31531.0,0.0,1.0
2014-02-13,16.69,16.8499,16.69,16.8,9.6849,63824.0,0.0,1.0
2014-02-14,16.81,16.85,16.65,16.68,9.6157,51757.0,0.0,1.0
2014-02-18,16.77,16.78,16.68,16.72,9.6388,23277.0,0.0,1.0
2014-02-19,16.74,16.83,16.701,16.79,9.6792,22307.0,0.0,1.0
2014-02-20,16.75,16.9,16.73,16.8,9.6849,47573.0,0.0,1.0
2014-02-21,16.88,16.9289,16.81,16.84,9.708,30198.0,0.0,1.0
2014-02-24,16.82,16.98,16.77,16.88,9.731,41222.0,0.0,1.0
2014-02-25,16.81,16.9599,16.81,16.87,9.7253,30352.0,0.0,1.0
2014-02-26,16.87,16.94,16.7,16.85,9.7137,51469.0,0.0,1.0
2014-02-27,16.91,16.97,16.83,16.96,9.7772,60765.0,0.0,1.0
2014-02-28,16.94,17.03,16.87,16.95,9.7714,63310.0,0.0,1.0
2014-03-03,17.0,17.0,16.85,16.91,9.7483,58645.0,0.0,1.0
2014-03-04,16.89,16.99,16.82,16.82,9.6964,48540.0,0.0,1.0
2014-03-05,16.81,16.94,16.81,16.9,9.7426,27680.0,0.0,1.0
2014-03-06,16.88,16.95,16.82,16.94,9.7656,46132.0,0.0,1.0
2014-03-07,16.9,16.9404,16.72,16.82,9.6964,53637.0,0.0,1.0
2014-03-10,16.87,16.91,16.761,16.91,9.7483,23771.0,0.0,1.0
2014-03-11,16.83,16.87,16.74,16.78,9.7426,57421.0,0.12,1.0
2014-03-12,16.77,16.86,16.7601,16.84,9.7774,30966.0,0.0,1.0
2014-03-13,16.82,16.84,16.69,16.73,9.7135,42430.0,0.0,1.0
2014-03-14,16.71,16.83,16.71,16.83,9.7716,26218.0,0.0,1.0
2014-03-17,16.81,16.85,16.74,16.79,9.7484,39419.0,0.0,1.0
2014-03-18,16.77,16.81,16.73,16.76,9.731,35815.0,0.0,1.0
2014-03-19,16.81,16.9,16.66,16.67,9.6787,55619.0,0.0,1.0
2014-03-20,16.78,16.79,16.67,16.75,9.7251,29307.0,0.0,1.0
2014-03-21,16.83,16.9,16.7901,16.8436,9.7795,45874.0,0.0,1.0
2014-03-24,16.86,16.9,16.73,16.73,9.7135,33159.0,0.0,1.0
2014-03-25,16.71,16.89,16.7,16.83,9.7716,46921.0,0.0,1.0
2014-03-26,16.93,16.93,16.69,16.87,9.7948,28994.0,0.0,1.0
2014-03-27,16.86,16.88,16.83,16.83,9.7716,4209.0,0.0,1.0
2014-03-28,16.81,16.88,16.81,16.88,9.8006,10081.0,0.0,1.0
2014-03-31,16.87,16.97,16.86,16.9,9.8122,28450.0,0.0,1.0
2014-04-01,16.92,16.99,16.8866,16.95,9.8413,35288.0,0.0,1.0
2014-04-02,16.94,17.03,16.83,16.99,9.8645,70567.0,0.0,1.0
2014-04-03,16.96,17.03,16.94,16.99,9.8645,46857.0,0.0,1.0
2014-04-04,16.98,17.12,16.9,16.98,9.8587,92522.0,0.0,1.0
2014-04-07,16.9,17.084,16.9,17.0799,9.9167,34641.0,0.0,1.0
2014-04-08,17.12,17.21,17.09,17.17,9.969,35790.0,0.0,1.0
2014-04-09,17.14,17.22,17.09,17.18,10.0445,74008.0,0.12,1.0
2014-04-10,17.17,17.23,17.08,17.11,10.0036,28410.0,0.0,1.0
2014-04-11,17.11,17.17,17.0101,17.03,9.9568,22355.0,0.0,1.0
2014-04-14,17.13,17.14,17.02,17.06,9.9743,17089.0,0.0,1.0
2014-04-15,17.15,17.16,17.03,17.09,9.9919,28005.0,0.0,1.0
2014-04-16,17.14,17.17,17.07,17.17,10.0386,45699.0,0.0,1.0
2014-04-17,17.18,17.19,17.12,17.14,10.0211,19564.0,0.0,1.0
2014-04-21,17.19,17.19,17.11,17.1517,10.0279,23094.0,0.0,1.0
2014-04-22,17.16,17.27,17.16,17.23,10.0737,37442.0,0.0,1.0
2014-04-23,17.2,17.4,17.18,17.38,10.1614,42028.0,0.0,1.0
2014-04-24,17.42,17.46,17.34,17.4,10.1731,45174.0,0.0,1.0
2014-04-25,17.44,17.46,17.38,17.4,10.1731,38719.0,0.0,1.0
2014-04-28,17.44,17.45,17.35,17.35,10.1439,28842.0,0.0,1.0
2014-04-29,17.38,17.4,17.23,17.29,10.1088,39555.0,0.0,1.0
2014-04-30,17.32,17.35,17.2701,17.33,10.1322,20963.0,0.0,1.0
2014-05-01,17.28,17.3899,17.28,17.37,10.1556,28362.0,0.0,1.0
2014-05-02,17.4,17.42,17.38,17.3901,10.1673,24887.0,0.0,1.0
2014-05-05,17.43,17.47,17.41,17.47,10.214,12354.0,0.0,1.0
2014-05-06,17.5,17.5,17.4401,17.49,10.2257,15271.0,0.0,1.0
2014-05-07,17.55,17.6,17.49,17.55,10.2608,60334.0,0.0,1.0
2014-05-08,17.5,17.53,17.41,17.44,10.2667,31928.0,0.12,1.0
2014-05-09,17.48,17.52,17.43,17.5,10.302,16723.0,0.0,1.0
2014-05-12,17.54,17.54,17.43,17.51,10.3079,15860.0,0.0,1.0
2014-05-13,17.54,17.54,17.47,17.5,10.302,34885.0,0.0,1.0
2014-05-14,17.5,17.5139,17.46,17.48,10.2902,34539.0,0.0,1.0
2014-05-15,17.43,17.54,17.41,17.54,10.3255,87869.0,0.0,1.0
2014-05-16,17.55,17.59,17.531,17.59,10.355,22754.0,0.0,1.0
2014-05-19,17.59,17.63,17.56,17.6015,10.3617,56598.0,0.0,1.0
2014-05-20,17.61,17.63,17.52,17.5496,10.3312,35070.0,0.0,1.0
2014-05-21,17.56,17.64,17.56,17.62,10.3726,29822.0,0.0,1.0
2014-05-22,17.63,17.72,17.612,17.6999,10.4197,17580.0,0.0,1.0
2014-05-23,17.7,17.75,17.64,17.7,10.4197,26177.0,0.0,1.0
2014-05-27,17.71,17.74,17.62,17.69,10.4138,55369.0,0.0,1.0
2014-05-28,17.66,17.79,17.66,17.79,10.4727,20585.0,0.0,1.0
2014-05-29,17.77,17.89,17.77,17.87,10.5198,38898.0,0.0,1.0
2014-05-30,17.8,17.94,17.8,17.9,10.5374,27222.0,0.0,1.0
2014-06-02,17.84,17.95,17.79,17.81,10.4845,35969.0,0.0,1.0
2014-06-03,17.78,17.88,17.59,17.59,10.355,61394.0,0.0,1.0
2014-06-04,17.57,17.63,17.51,17.54,10.3255,36096.0,0.0,1.0
2014-06-05,17.51,17.61,17.5,17.55,10.3314,39827.0,0.0,1.0
2014-06-06,17.55,17.73,17.55,17.64,10.3844,25087.0,0.0,1.0
2014-06-09,17.69,17.69,17.63,17.69,10.4138,19447.0,0.0,1.0
2014-06-10,17.65,17.69,17.575,17.69,10.4845,36142.0,0.12,1.0
2014-06-11,17.69,17.69,17.59,17.63,10.4489,48069.0,0.0,1.0
2014-06-12,17.68,17.7,17.6,17.7,10.4904,36707.0,0.0,1.0
2014-06-13,17.7,17.7,17.62,17.68,10.4785,26817.0,0.0,1.0
2014-06-16,17.68,17.71,17.6342,17.71,10.4963,30848.0,0.0,1.0
2014-06-17,17.69,17.71,17.63,17.71,10.4963,28711.0,0.0,1.0
2014-06-18,17.72,17.72,17.66,17.71,10.4963,21649.0,0.0,1.0
2014-06-19,17.73,17.7951,17.7087,17.79,10.5437,36912.0,0.0,1.0
2014-06-20,17.75,17.85,17.75,17.84,10.5734,12791.0,0.0,1.0
2014-06-23,17.76,17.86,17.76,17.82,10.5615,30978.0,0.0,1.0
2014-06-24,17.87,17.92,17.7,17.78,10.5378,49561.0,0.0,1.0
2014-06-25,17.77,17.82,17.66,17.78,10.5378,36017.0,0.0,1.0
2014-06-26,17.75,17.82,17.73,17.82,10.5615,29977.0,0.0,1.0
2014-06-27,17.8,17.82,17.765,17.82,10.5615,24036.0,0.0,1.0
2014-06-30,17.81,17.86,17.8,17.86,10.5852,35034.0,0.0,1.0
2014-07-01,17.83,17.88,17.83,17.87,10.5911,30198.0,0.0,1.0
2014-07-02,17.84,17.88,17.781,17.81,10.5556,27372.0,0.0,1.0
2014-07-03,17.74,17.82,17.67,17.76,10.526,15726.0,0.0,1.0
2014-07-07,17.68,17.76,17.66,17.72,10.5022,19826.0,0.0,1.0
2014-07-08,17.76,17.78,17.67,17.76,10.526,39654.0,0.0,1.0
2014-07-09,17.62,17.65,17.59,17.59,10.4963,16569.0,0.12,1.0
2014-07-10,17.64,17.6796,17.53,17.57,10.4844,42852.0,0.0,1.0
2014-07-11,17.59,17.875,17.57,17.87,10.6634,82758.0,0.0,1.0
2014-07-14,17.9,17.99,17.78,17.99,10.735,74676.0,0.0,1.0
2014-07-15,18.01,18.01,17.77,17.78,10.6097,26839.0,0.0,1.0
2014-07-16,17.87,17.87,17.75,17.75,10.5918,22011.0,0.0,1.0
2014-07-17,17.84,17.84,17.64,17.67,10.5441,38035.0,0.0,1.0
2014-07-18,17.74,17.86,17.73,17.86,10.6574,22121.0,0.0,1.0
2014-07-21,17.88,17.9,17.803,17.89,10.6753,29350.0,0.0,1.0
2014-07-22,17.87,17.97,17.851,17.93,10.6992,27516.0,0.0,1.0
2014-07-23,17.95,18.01,17.9272,17.99,10.735,40013.0,0.0,1.0
2014-07-24,18.06,18.06,17.9601,17.99,10.735,12127.0,0.0,1.0
2014-07-25,17.96,18.0,17.88,17.88,10.6694,17948.0,0.0,1.0
2014-07-28,17.94,17.94,17.84,17.88,10.6694,16088.0,0.0,1.0
2014-07-29,17.91,17.94,17.83,17.866,10.661,12065.0,0.0,1.0
2014-07-30,17.82,17.87,17.54,17.62,10.5142,49701.0,0.0,1.0
2014-07-31,17.47,17.59,17.245,17.32,10.3352,36668.0,0.0,1.0
2014-08-01,17.37,17.46,17.09,17.12,10.2159,38036.0,0.0,1.0
2014-08-04,17.17,17.18,17.1,17.18,10.2517,14417.0,0.0,1.0
2014-08-05,17.16,17.23,17.08,17.09,10.198,29043.0,0.0,1.0
2014-08-06,17.15,17.45,17.11,17.4,10.3829,96756.0,0.0,1.0
2014-08-07,17.4,17.46,17.29,17.39,10.4486,34285.0,0.12,1.0
2014-08-08,17.48,17.49,17.28,17.35,10.4246,17751.0,0.0,1.0
2014-08-11,17.34,17.45,17.34,17.41,10.4606,13651.0,0.0,1.0
2014-08-12,17.48,17.48,17.4,17.42,10.4666,27754.0,0.0,1.0
2014-08-13,17.45,17.52,17.4,17.41,10.4606,23065.0,0.0,1.0
2014-08-14,17.51,17.54,17.4904,17.54,10.5387,10924.0,0.0,1.0
2014-08-15,17.59,17.59,17.451,17.5499,10.5447,19725.0,0.0,1.0
2014-08-18,17.59,17.639,17.52,17.56,10.5507,27325.0,0.0,1.0
2014-08-19,17.58,17.65,17.54,17.63,10.5928,26319.0,0.0,1.0
2014-08-20,17.59,17.66,17.59,17.65,10.6048,19880.0,0.0,1.0
2014-08-21,17.67,17.71,17.64,17.68,10.6228,26641.0,0.0,1.0
2014-08-22,17.56,17.59,17.55,17.55,10.5447,18616.0,0.0,1.0
2014-08-25,17.48,17.56,17.42,17.55,10.5447,53001.0,0.0,1.0
2014-08-26,17.5,17.58,17.48,17.55,10.5447,52247.0,0.0,1.0
2014-08-27,17.54,17.61,17.54,17.59,10.5688,18733.0,0.0,1.0
2014-08-28,17.53,17.61,17.49,17.57,10.5567,34762.0,0.0,1.0
2014-08-29,17.55,17.65,17.55,17.65,10.6048,37584.0,0.0,1.0
2014-09-02,17.62,17.6499,17.58,17.63,10.5928,21951.0,0.0,1.0
2014-09-03,17.61,17.65,17.57,17.63,10.5928,21578.0,0.0,1.0
2014-09-04,17.59,17.645,17.55,17.58,10.5627,24793.0,0.0,1.0
2014-09-05,17.56,17.6,17.56,17.6,10.5748,12391.0,0.0,1.0
2014-09-08,17.55,17.6099,17.55,17.6,10.5748,37419.0,0.0,1.0
2014-09-09,17.6,17.6,17.51,17.52,10.5267,25641.0,0.0,1.0
2014-09-10,17.51,17.56,17.371,17.46,10.5627,51462.0,0.12,1.0
2014-09-11,17.39,17.4,17.31,17.36,10.5022,16818.0,0.0,1.0
2014-09-12,17.36,17.37,17.35,17.35,10.4962,18686.0,0.0,1.0
2014-09-15,17.38,17.43,17.3685,17.37,10.5083,36148.0,0.0,1.0
2014-09-16,17.43,17.43,17.3,17.35,10.4962,19904.0,0.0,1.0
2014-09-17,17.4,17.4,17.31,17.37,10.5083,23440.0,0.0,1.0
2014-09-18,17.42,17.43,17.3101,17.39,10.5204,24770.0,0.0,1.0
2014-09-19,17.41,17.46,17.3835,17.44,10.5506,14814.0,0.0,1.0
2014-09-22,17.38,17.471,17.35,17.3843,10.5169,24353.0,0.0,1.0
2014-09-23,17.36,17.38,17.22,17.25,10.4357,56915.0,0.0,1.0
2014-09-24,17.25,17.32,17.16,17.161,10.3819,61471.0,0.0,1.0
2014-09-25,17.15,17.17,16.94,16.96,10.2603,97784.0,0.0,1.0
2014-09-26,17.0,17.0302,16.84,17.02,10.2966,51077.0,0.0,1.0
2014-09-29,17.0,17.02,16.92,17.01,10.2905,35893.0,0.0,1.0
2014-09-30,16.99,17.1,16.95,17.07,10.3268,50618.0,0.0,1.0
2014-10-01,17.06,17.084,17.0,17.04,10.3087,17902.0,0.0,1.0
2014-10-02,16.92,17.02,16.86,16.89,10.2179,43487.0,0.0,1.0
2014-10-03,16.86,16.98,16.86,16.88,10.2119,39381.0,0.0,1.0
2014-10-06,16.9,17.06,16.9,17.06,10.3208,19926.0,0.0,1.0
2014-10-07,17.0,17.07,16.95,17.07,10.3268,32130.0,0.0,1.0
2014-10-08,16.99,17.11,16.94,17.08,10.3329,40750.0,0.0,1.0
2014-10-09,17.04,17.06,16.91,16.9392,10.3263,46863.0,0.13,1.0
2014-10-10,16.97,16.97,16.88,16.9,10.3024,25238.0,0.0,1.0
2014-10-13,16.87,16.95,16.7001,16.76,10.2171,29636.0,0.0,1.0
2014-10-14,16.82,16.84,16.3,16.67,10.1622,33579.0,0.0,1.0
2014-10-15,16.6,16.63,16.36,16.58,10.1073,30962.0,0.0,1.0
2014-10-16,16.54,16.68,16.42,16.68,10.1683,57290.0,0.0,1.0
2014-10-17,16.67,16.78,16.66,16.76,10.2171,26130.0,0.0,1.0
2014-10-20,16.81,16.95,16.75,16.9,10.3024,39097.0,0.0,1.0
2014-10-21,16.92,17.1,16.92,16.96,10.339,83343.0,0.0,1.0
2014-10-22,16.96,17.03,16.938,16.98,10.3512,37280.0,0.0,1.0
2014-10-23,17.03,17.1,17.01,17.01,10.3695,21722.0,0.0,1.0
2014-10-24,17.1,17.13,17.01,17.11,10.4304,22217.0,0.0,1.0
2014-10-27,17.01,17.09,16.981,17.07,10.4061,42242.0,0.0,1.0
2014-10-28,17.05,17.07,17.01,17.06,10.4,21519.0,0.0,1.0
2014-10-29,17.14,17.14,16.95,17.0,10.3634,40542.0,0.0,1.0
2014-10-30,17.03,17.08,16.98,17.05,10.3939,41815.0,0.0,1.0
2014-10-31,17.1,17.1,16.97,17.08,10.4122,33777.0,0.0,1.0
2014-11-03,17.12,17.12,16.99,17.03,10.3817,54699.0,0.0,1.0
2014-11-04,17.02,17.06,16.94,16.97,10.3451,22044.0,0.0,1.0
2014-11-05,17.0,17.0534,16.94,17.04,10.3878,20770.0,0.0,1.0
2014-11-06,17.08,17.08,17.01,17.01,10.3695,24732.0,0.0,1.0
2014-11-07,17.05,17.07,16.99,17.02,10.3756,41216.0,0.0,1.0
2014-11-10,16.94,16.94,16.8,16.84,10.3451,34882.0,0.13,1.0
2014-11-11,16.79,16.88,16.77,16.8,10.3205,24658.0,0.0,1.0
2014-11-12,16.77,16.86,16.68,16.7599,10.2959,55212.0,0.0,1.0
2014-11-13,16.73,16.86,16.69,16.78,10.3082,47468.0,0.0,1.0
2014-11-14,16.77,16.78,16.61,16.65,10.2284,43646.0,0.0,1.0
2014-11-17,16.65,16.74,16.58,16.58,10.1854,68229.0,0.0,1.0
2014-11-18,16.64,16.67,16.6,16.65,10.2284,31536.0,0.0,1.0
2014-11-19,16.62,16.68,16.56,16.64,10.2222,65168.0,0.0,1.0
2014-11-20,16.62,16.71,16.62,16.71,10.2652,48683.0,0.0,1.0
2014-11-21,16.7,16.76,16.67,16.73,10.2775,52900.0,0.0,1.0
2014-11-24,16.73,16.84,16.73,16.81,10.3267,34217.0,0.0,1.0
2014-11-25,16.9,16.9,16.79,16.81,10.3267,58578.0,0.0,1.0
2014-11-26,16.81,16.85,16.76,16.82,10.3328,26149.0,0.0,1.0
2014-11-28,16.82,16.83,16.75,16.76,10.296,17024.0,0.0,1.0
2014-12-01,16.81,16.82,16.68,16.72,10.2714,30274.0,0.0,1.0
2014-12-02,16.66,16.76,16.66,16.75,10.2898,30767.0,0.0,1.0
2014-12-03,16.72,16.79,16.7,16.7,10.2591,44102.0,0.0,1.0
2014-12-04,16.7,16.749,16.62,16.65,10.2284,22523.0,0.0,1.0
2014-12-05,16.58,16.7,16.46,16.58,10.1854,53861.0,0.0,1.0
2014-12-08,16.48,16.4969,16.28,16.34,10.0379,46063.0,0.0,1.0
2014-12-09,16.15,16.16,16.0,16.05,9.9396,73028.0,0.13,1.0
2014-12-10,15.91,16.03,15.69,15.83,9.8034,98444.0,0.0,1.0
2014-12-11,15.83,15.87,15.7,15.84,9.8096,64329.0,0.0,1.0
2014-12-12,15.79,15.79,15.46,15.5,9.599,56502.0,0.0,1.0
2014-12-15,15.42,15.5,15.27,15.27,9.4566,79579.0,0.0,1.0
2014-12-16,15.3,15.3,14.96,15.08,9.3389,90092.0,0.0,1.0
2014-12-17,15.14,15.45,15.0,15.43,9.5557,102829.0,0.0,1.0
2014-12-18,15.51,15.82,15.41,15.49,9.5928,137799.0,0.0,1.0
2014-12-19,15.65,15.7799,15.63,15.76,9.7601,73185.0,0.0,1.0
2014-12-22,15.66,15.81,15.64,15.72,9.7353,109988.0,0.0,1.0
2014-12-23,15.66,15.81,15.65,15.74,9.7477,91700.0,0.0,1.0
2014-12-24,15.69,15.83,15.69,15.77,9.7662,71969.0,0.0,1.0
2014-12-26,15.84,15.9,15.7832,15.82,9.7972,50390.0,0.0,1.0
2014-12-29,15.77,15.88,15.651,15.85,9.8158,125401.0,0.0,1.0
2014-12-30,15.75,15.79,15.66,15.73,9.7415,64979.0,0.0,1.0
2014-12-31,15.67,15.85,15.67,15.85,9.8158,80288.0,0.0,1.0
2015-01-02,15.88,16.08,15.73,16.06,9.9458,60242.0,0.0,1.0
2015-01-05,16.02,16.02,15.66,15.96,9.8839,42997.0,0.0,1.0
2015-01-06,15.58,15.58,15.33,15.41,9.7786,84222.0,0.38,1.0
2015-01-07,15.55,15.56,15.37,15.54,9.8611,60151.0,0.0,1.0
2015-01-08,15.53,15.64,15.53,15.63,9.9182,40706.0,0.0,1.0
2015-01-09,15.59,15.81,15.59,15.66,9.9373,38479.0,0.0,1.0
2015-01-12,15.67,15.875,15.63,15.67,9.9436,29239.0,0.0,1.0
2015-01-13,15.7,15.89,15.64,15.66,9.9373,29404.0,0.0,1.0
2015-01-14,15.6,15.68,15.56,15.62,9.9119,37926.0,0.0,1.0
2015-01-15,15.62,15.69,15.4401,15.58,9.8865,42406.0,0.0,1.0
2015-01-16,15.47,15.68,15.47,15.65,9.9309,28779.0,0.0,1.0
2015-01-20,15.66,15.7,15.61,15.62,9.9119,24141.0,0.0,1.0
2015-01-21,15.62,15.69,15.6099,15.67,9.9436,40669.0,0.0,1.0
2015-01-22,15.77,15.77,15.68,15.74,9.988,32787.0,0.0,1.0
2015-01-23,15.8,15.84,15.75,15.81,10.0325,41403.0,0.0,1.0
2015-01-26,15.84,15.89,15.8,15.85,10.0578,49667.0,0.0,1.0
2015-01-27,15.83,15.91,15.7736,15.88,10.0769,97073.0,0.0,1.0
2015-01-28,15.89,15.91,15.79,15.83,10.0451,41117.0,0.0,1.0
2015-01-29,15.87,15.9,15.82,15.88,10.0769,38197.0,0.0,1.0
2015-01-30,15.82,15.89,15.78,15.89,10.0832,33047.0,0.0,1.0
2015-02-02,16.04,16.04,15.75,15.78,10.0134,45835.0,0.0,1.0
2015-02-03,15.87,15.88,15.79,15.81,10.0325,47471.0,0.0,1.0
2015-02-04,15.85,15.88,15.78,15.87,10.0705,27875.0,0.0,1.0
2015-02-05,15.91,15.96,15.9,15.96,10.1276,29578.0,0.0,1.0
2015-02-06,16.04,16.04,15.92,15.93,10.1086,26338.0,0.0,1.0
2015-02-09,15.91,16.0,15.891,15.94,10.115,27669.0,0.0,1.0
2015-02-10,15.85,15.91,15.79,15.9,10.1721,27998.0,0.13,1.0
2015-02-11,15.86,15.92,15.85,15.91,10.1785,31699.0,0.0,1.0
2015-02-12,15.96,16.0,15.915,15.97,10.2168,31214.0,0.0,1.0
2015-02-13,15.96,16.03,15.96,15.97,10.2168,21801.0,0.0,1.0
2015-02-17,16.0,16.02,15.9348,15.96,10.2104,21421.0,0.0,1.0
2015-02-18,15.98,16.06,15.9101,16.0164,10.2465,30190.0,0.0,1.0
2015-02-19,16.05,16.05,15.9301,16.02,10.2488,19423.0,0.0,1.0
2015-02-20,16.07,16.07,15.94,16.05,10.268,19492.0,0.0,1.0
2015-02-23,16.16,16.16,16.02,16.12,10.3128,29364.0,0.0,1.0
2015-02-24,16.13,16.15,16.08,16.08,10.2872,30100.0,0.0,1.0
2015-02-25,16.05,16.18,16.04,16.08,10.2872,57125.0,0.0,1.0
2015-02-26,16.07,16.21,16.0,16.0,10.236,37408.0,0.0,1.0
2015-02-27,16.01,16.16,15.97,16.16,10.3384,25613.0,0.0,1.0
2015-03-02,16.18,16.18,16.04,16.1153,10.3098,20052.0,0.0,1.0
2015-03-03,16.07,16.11,16.05,16.1,10.3,28559.0,0.0,1.0
2015-03-04,16.2,16.27,16.19,16.23,10.3832,76406.0,0.0,1.0
2015-03-05,16.21,16.47,16.21,16.37,10.4727,139661.0,0.0,1.0
2015-03-06,16.39,16.39,16.24,16.25,10.396,57119.0,0.0,1.0
2015-03-09,16.38,16.38,16.16,16.19,10.3576,50401.0,0.0,1.0
2015-03-10,16.05,16.29,16.05,16.25,10.4791,55979.0,0.13,1.0
2015-03-11,16.36,16.38,16.2684,16.3,10.5114,33051.0,0.0,1.0
2015-03-12,16.38,16.5,16.3146,16.49,10.6339,50063.0,0.0,1.0
2015-03-13,16.48,16.54,16.23,16.24,10.4727,31889.0,0.0,1.0
2015-03-16,16.24,16.51,16.24,16.51,10.6468,38337.0,0.0,1.0
2015-03-17,16.5,16.51,16.26,16.26,10.4856,23628.0,0.0,1.0
2015-03-18,16.3,16.5,16.26,16.48,10.6275,49175.0,0.0,1.0
2015-03-19,16.48,16.48,16.3226,16.36,10.5501,34214.0,0.0,1.0
2015-03-20,16.41,16.63,16.3605,16.43,10.5952,53042.0,0.0,1.0
2015-03-23,16.56,16.65,16.43,16.47,10.621,50547.0,0.0,1.0
2015-03-24,16.47,16.6999,16.4401,16.5998,10.7047,38622.0,0.0,1.0
2015-03-25,16.64,16.75,16.5971,16.72,10.7822,56871.0,0.0,1.0
2015-03-26,16.66,16.71,16.63,16.67,10.75,28306.0,0.0,1.0
2015-03-27,16.58,16.92,16.58,16.86,10.8725,57595.0,0.0,1.0
2015-03-30,16.8,16.9699,16.67,16.76,10.808,31052.0,0.0,1.0
2015-03-31,16.6,16.8,16.6,16.71,10.7758,41206.0,0.0,1.0
2015-04-01,16.65,16.8288,16.65,16.8288,10.8524,34644.0,0.0,1.0
2015-04-02,16.76,17.19,16.76,17.05,10.995,108079.0,0.0,1.0
2015-04-06,16.93,17.1899,16.93,17.1,11.0273,32972.0,0.0,1.0
2015-04-07,17.05,17.49,17.0255,17.26,11.1305,62642.0,0.0,1.0
2015-04-08,17.25,17.26,16.95,17.15,11.0595,64427.0,0.0,1.0
2015-04-09,17.05,17.18,17.041,17.1,11.1279,39306.0,0.156,1.0
2015-04-10,17.14,17.2299,17.021,17.11,11.1344,35896.0,0.0,1.0
2015-04-13,17.04,17.1,17.0,17.01,11.0693,28959.0,0.0,1.0
2015-04-14,17.05,17.08,16.9219,17.06,11.1019,34267.0,0.0,1.0
2015-04-15,17.09,17.11,17.02,17.069,11.1077,33089.0,0.0,1.0
2015-04-16,17.1,17.1,16.97,16.98,11.0498,33189.0,0.0,1.0
2015-04-17,17.03,17.03,16.91,16.98,11.0498,43455.0,0.0,1.0
2015-04-20,17.03,17.06,16.95,17.05,11.0953,38428.0,0.0,1.0
2015-04-21,17.03,17.08,17.0,17.0,11.0628,31539.0,0.0,1.0
2015-04-22,17.05,17.0755,17.02,17.04,11.0888,35916.0,0.0,1.0
2015-04-23,17.1,17.1,16.96,16.96,11.0368,88761.0,0.0,1.0
2015-04-24,16.99,17.07,16.91,17.01,11.0693,50579.0,0.0,1.0
2015-04-27,17.06,17.0699,16.9,16.92,11.0107,23060.0,0.0,1.0
2015-04-28,16.92,16.96,16.875,16.93,11.0173,34831.0,0.0,1.0
2015-04-29,16.92,16.93,16.71,16.88,10.9847,45009.0,0.0,1.0
2015-04-30,16.88,16.91,16.69,16.83,10.9522,43548.0,0.0,1.0
2015-05-01,16.9,16.97,16.77,16.9599,11.0367,45663.0,0.0,1.0
2015-05-04,16.98,16.98,16.8,16.87,10.9782,40795.0,0.0,1.0
2015-05-05,16.86,17.07,16.86,17.05,11.0953,30068.0,0.0,1.0
2015-05-06,17.03,17.03,16.9,16.93,11.0173,73815.0,0.0,1.0
2015-05-07,16.61,16.7,16.38,16.64,10.9301,52452.0,0.156,1.0
2015-05-08,16.76,16.84,16.6649,16.75,11.0023,16710.0,0.0,1.0
2015-05-11,16.66,16.7688,16.5,16.53,10.8578,75380.0,0.0,1.0
2015-05-12,16.55,16.57,16.35,16.43,10.7921,69809.0,0.0,1.0
2015-05-13,16.46,16.52,16.4,16.43,10.7921,38064.0,0.0,1.0
2015-05-14,16.55,16.65,16.41,16.58,10.8906,20125.0,0.0,1.0
2015-05-15,16.6,16.68,16.49,16.67,10.9498,31490.0,0.0,1.0
2015-05-18,16.68,16.76,16.62,16.73,10.9892,51009.0,0.0,1.0
2015-05-19,16.77,16.85,16.69,16.8,11.0352,89421.0,0.0,1.0
2015-05-20,16.81,16.82,16.68,16.73,10.9892,60420.0,0.0,1.0
2015-05-21,16.77,16.81,16.68,16.7076,10.9745,43151.0,0.0,1.0
2015-05-22,16.74,16.8,16.7,16.75,11.0023,57572.0,0.0,1.0
2015-05-26,16.7,16.76,16.63,16.64,10.9301,19782.0,0.0,1.0
2015-05-27,16.71,16.89,16.66,16.78,11.022,44977.0,0.0,1.0
2015-05-28,16.78,16.7936,16.67,16.77,11.0154,32795.0,0.0,1.0
2015-05-29,16.75,16.89,16.71,16.79,11.0286,50377.0,0.0,1.0
2015-06-01,16.85,16.85,16.77,16.79,11.0286,31860.0,0.0,1.0
2015-06-02,16.77,16.77,16.66,16.67,10.9498,30489.0,0.0,1.0
2015-06-03,16.62,16.6399,16.53,16.54,10.8644,39590.0,0.0,1.0
2015-06-04,16.59,16.59,16.41,16.5,10.8381,42696.0,0.0,1.0
2015-06-05,16.31,16.53,16.23,16.42,10.7855,47935.0,0.0,1.0
2015-06-08,16.42,16.42,16.26,16.42,10.7855,16739.0,0.0,1.0
2015-06-09,16.32,16.32,16.0601,16.1,10.6778,33767.0,0.156,1.0
2015-06-10,15.99,16.11,15.83,15.9,10.5452,55983.0,0.0,1.0
2015-06-11,15.99,15.99,15.84,15.93,10.5651,59073.0,0.0,1.0
2015-06-12,15.89,16.045,15.89,15.96,10.585,31870.0,0.0,1.0
2015-06-15,15.99,15.99,15.92,15.94,10.5717,28474.0,0.0,1.0
2015-06-16,15.9,16.11,15.88,16.05,10.6447,19697.0,0.0,1.0
2015-06-17,16.07,16.07,15.93,16.03,10.6314,26157.0,0.0,1.0
2015-06-18,16.05,16.185,16.05,16.17,10.7242,40393.0,0.0,1.0
2015-06-19,16.13,16.19,16.1,16.18,10.7309,15987.0,0.0,1.0
2015-06-22,16.2,16.26,16.0096,16.07,10.6579,50659.0,0.0,1.0
2015-06-23,16.12,16.15,16.02,16.14,10.7044,42209.0,0.0,1.0
2015-06-24,16.04,16.26,16.04,16.11,10.6845,48210.0,0.0,1.0
2015-06-25,16.09,16.28,16.09,16.2,10.7441,64290.0,0.0,1.0
2015-06-26,16.11,16.2325,15.62,15.62,10.3595,85722.0,0.0,1.0
2015-06-29,15.47,15.69,15.47,15.57,10.3263,41879.0,0.0,1.0
2015-06-30,15.61,15.8,15.47,15.68,10.3993,52514.0,0.0,1.0
2015-07-01,15.68,15.81,15.68,15.72,10.4258,45650.0,0.0,1.0
2015-07-02,15.71,16.04,15.71,15.88,10.5319,52621.0,0.0,1.0
2015-07-06,15.57,15.819,15.57,15.79,10.4722,33563.0,0.0,1.0
2015-07-07,15.73,15.84,15.69,15.84,10.5054,45390.0,0.0,1.0
2015-07-08,15.76,15.81,15.75,15.81,10.4855,26505.0,0.0,1.0
2015-07-09,15.72,15.78,15.63,15.76,10.5558,26895.0,0.156,1.0
2015-07-10,15.81,15.89,15.742,15.86,10.6228,34736.0,0.0,1.0
2015-07-13,15.86,15.86,15.78,15.83,10.6027,26705.0,0.0,1.0
2015-07-14,15.83,15.83,15.69,15.69,10.5089,14406.0,0.0,1.0
2015-07-15,15.75,15.88,15.68,15.69,10.5089,73825.0,0.0,1.0
2015-07-16,15.72,15.81,15.65,15.72,10.529,57663.0,0.0,1.0
2015-07-17,15.72,15.8,15.52,15.67,10.4955,33313.0,0.0,1.0
2015-07-20,15.78,15.78,15.37,15.45,10.3482,66851.0,0.0,1.0
2015-07-21,15.53,15.53,15.41,15.51,10.3883,34632.0,0.0,1.0
2015-07-22,15.51,15.66,15.5,15.58,10.4352,60205.0,0.0,1.0
2015-07-23,15.6,15.71,15.47,15.63,10.4687,34962.0,0.0,1.0
2015-07-24,15.68,15.72,15.4707,15.5,10.3816,34527.0,0.0,1.0
2015-07-27,15.4,15.57,15.35,15.4,10.3147,25107.0,0.0,1.0
2015-07-28,15.46,15.49,15.37,15.46,10.3549,42319.0,0.0,1.0
2015-07-29,15.46,15.69,15.41,15.6,10.4486,50692.0,0.0,1.0
2015-07-30,15.6,15.82,15.58,15.81,10.5893,41139.0,0.0,1.0
2015-07-31,15.81,15.8352,15.7326,15.8,10.5826,12630.0,0.0,1.0
2015-08-03,15.78,15.85,15.72,15.73,10.5357,16221.0,0.0,1.0
2015-08-04,15.75,15.87,15.75,15.79,10.5759,12413.0,0.0,1.0
2015-08-05,15.77,15.82,15.72,15.78,10.5692,23646.0,0.0,1.0
2015-08-06,15.79,15.8193,15.52,15.55,10.4151,41830.0,0.0,1.0
2015-08-07,15.5,15.58,15.19,15.26,10.2209,32735.0,0.0,1.0
2015-08-10,15.36,15.718,15.26,15.52,10.395,115572.0,0.0,1.0
2015-08-11,15.32,15.42,15.063,15.21,10.2919,79025.0,0.156,1.0
2015-08-12,15.18,15.3395,15.15,15.23,10.3054,45914.0,0.0,1.0
2015-08-13,15.21,15.36,15.18,15.25,10.319,28314.0,0.0,1.0
2015-08-14,15.25,15.345,15.25,15.32,10.3663,9000.0,0.0,1.0
2015-08-17,15.35,15.35,15.102,15.13,10.2378,20596.0,0.0,1.0
2015-08-18,15.15,15.24,15.1001,15.13,10.2378,27117.0,0.0,1.0
2015-08-19,15.17,15.22,15.02,15.15,10.2513,30108.0,0.0,1.0
2015-08-20,15.14,15.17,14.62,14.76,9.9874,113865.0,0.0,1.0
2015-08-21,14.48,14.8,14.36,14.7,9.9468,38806.0,0.0,1.0
2015-08-24,14.14,14.54,13.08,14.36,9.7167,109901.0,0.0,1.0
2015-08-25,14.4,14.5148,14.03,14.16,9.5814,49971.0,0.0,1.0
2015-08-26,14.34,14.4,14.09,14.24,9.6355,54188.0,0.0,1.0
2015-08-27,14.37,14.43,14.2111,14.3599,9.7167,54673.0,0.0,1.0
2015-08-28,14.3,14.51,14.2712,14.47,9.7912,68074.0,0.0,1.0
2015-08-31,14.43,14.63,14.43,14.63,9.8994,23909.0,0.0,1.0
2015-09-01,14.6,14.8,14.55,14.66,9.9197,47882.0,0.0,1.0
2015-09-02,14.64,14.71,14.5201,14.7,9.9468,52906.0,0.0,1.0
2015-09-03,14.65,14.78,14.61,14.7,9.9468,42372.0,0.0,1.0
2015-09-04,14.61,14.74,14.52,14.61,9.8859,43172.0,0.0,1.0
2015-09-08,14.63,14.68,14.6,14.63,9.8994,20795.0,0.0,1.0
2015-09-09,14.51,14.54,14.2401,14.39,9.8426,56309.0,0.156,1.0
2015-09-10,14.45,14.68,14.275,14.37,9.8289,43666.0,0.0,1.0
2015-09-11,14.42,14.43,14.24,14.32,9.7947,31527.0,0.0,1.0
2015-09-14,14.38,14.38,14.12,14.18,9.699,48075.0,0.0,1.0
2015-09-15,14.18,14.24,14.1,14.18,9.699,58274.0,0.0,1.0
2015-09-16,14.23,14.31,14.12,14.14,9.6716,59304.0,0.0,1.0
2015-09-17,14.21,14.31,14.12,14.31,9.7879,24166.0,0.0,1.0
2015-09-18,14.33,14.49,14.2801,14.49,9.911,25557.0,0.0,1.0
2015-09-21,14.52,14.52,14.37,14.46,9.8905,59387.0,0.0,1.0
2015-09-22,14.4,14.46,14.27,14.45,9.8836,40838.0,0.0,1.0
2015-09-23,14.47,14.585,14.36,14.44,9.8768,43564.0,0.0,1.0
2015-09-24,14.28,14.46,14.12,14.42,9.8631,50945.0,0.0,1.0
2015-09-25,14.45,14.4799,14.27,14.29,9.7742,17491.0,0.0,1.0
2015-09-28,14.25,14.39,14.11,14.15,9.6784,35884.0,0.0,1.0
2015-09-29,14.14,14.4,13.83,14.06,9.6169,45276.0,0.0,1.0
2015-09-30,14.09,14.3,13.99,14.3,9.781,41886.0,0.0,1.0
2015-10-01,14.2,14.2,13.88,14.16,9.6853,26563.0,0.0,1.0
2015-10-02,14.04,14.12,13.96,14.09,9.6374,20708.0,0.0,1.0
2015-10-05,14.15,14.28,14.07,14.23,9.7332,29767.0,0.0,1.0
2015-10-06,14.13,14.2,14.02,14.14,9.6716,49787.0,0.0,1.0
2015-10-07,14.19,14.34,14.18,14.33,9.8016,37330.0,0.0,1.0
2015-10-08,14.22,14.36,14.13,14.26,9.8604,162672.0,0.156,1.0
2015-10-09,14.31,14.57,14.31,14.56,10.0678,35682.0,0.0,1.0
2015-10-12,14.43,14.78,14.36,14.54,10.054,64346.0,0.0,1.0
2015-10-13,14.44,14.696,14.44,14.58,10.0817,139015.0,0.0,1.0
2015-10-14,14.5,14.61,14.415,14.49,10.0194,61476.0,0.0,1.0
2015-10-15,14.49,14.589,14.42,14.49,10.0194,31391.0,0.0,1.0
2015-10-16,14.53,14.75,14.53,14.66,10.137,32967.0,0.0,1.0
2015-10-19,14.7,14.7953,14.68,14.76,10.2061,18455.0,0.0,1.0
2015-10-20,14.8,14.88,14.6,14.83,10.2545,113860.0,0.0,1.0
2015-10-21,14.84,14.9,14.79,14.9,10.3029,23522.0,0.0,1.0
2015-10-22,14.83,14.99,14.83,14.93,10.3237,33251.0,0.0,1.0
2015-10-23,14.88,15.1358,14.868,15.09,10.4343,44236.0,0.0,1.0
2015-10-26,15.1,15.16,15.03,15.03,10.3928,15223.0,0.0,1.0
2015-10-27,15.0,15.0,14.82,14.92,10.3168,17896.0,0.0,1.0
2015-10-28,14.87,14.9289,14.64,14.75,10.1992,45473.0,0.0,1.0
2015-10-29,14.79,14.81,14.64,14.76,10.2061,21741.0,0.0,1.0
2015-10-30,14.78,14.87,14.7,14.87,10.2822,25837.0,0.0,1.0
2015-11-02,14.87,14.93,14.8524,14.93,10.3237,20350.0,0.0,1.0
2015-11-03,14.91,14.98,14.86,14.98,10.3582,21396.0,0.0,1.0
2015-11-04,15.0,15.05,14.92,15.02,10.3859,29617.0,0.0,1.0
2015-11-05,15.03,15.14,14.9,15.0,10.3721,46922.0,0.0,1.0
2015-11-06,14.94,15.0,14.84,14.92,10.3168,31182.0,0.0,1.0
2015-11-09,14.81,14.81,14.58,14.66,10.2448,30646.0,0.156,1.0
2015-11-10,14.6,14.77,14.57,14.65,10.2379,28351.0,0.0,1.0
2015-11-11,14.6,14.6,14.37,14.57,10.1819,47416.0,0.0,1.0
2015-11-12,14.53,14.541,14.47,14.5,10.133,51617.0,0.0,1.0
2015-11-13,14.51,14.51,14.27,14.45,10.0981,17255.0,0.0,1.0
2015-11-16,14.4,14.5,14.22,14.47,10.1121,19785.0,0.0,1.0
2015-11-17,14.45,14.62,14.3,14.32,10.0072,43657.0,0.0,1.0
2015-11-18,14.25,14.49,14.25,14.47,10.1121,48673.0,0.0,1.0
2015-11-19,14.55,14.56,14.31,14.31,10.0002,35922.0,0.0,1.0
2015-11-20,14.5,14.53,14.23,14.27,9.9723,69743.0,0.0,1.0
2015-11-23,14.25,14.32,14.21,14.21,9.9304,30709.0,0.0,1.0
2015-11-24,14.21,14.34,14.14,14.2,9.9234,64720.0,0.0,1.0
2015-11-25,14.18,14.22,14.01,14.1999,9.9233,106909.0,0.0,1.0
2015-11-27,14.27,14.34,14.21,14.26,9.9653,12633.0,0.0,1.0
2015-11-30,14.37,14.37,14.15,14.26,9.9653,64268.0,0.0,1.0
2015-12-01,14.22,14.5358,14.22,14.46,10.1051,33779.0,0.0,1.0
2015-12-02,14.41,14.45,14.295,14.35,10.0282,35549.0,0.0,1.0
2015-12-03,14.32,14.38,14.18,14.26,9.9653,20697.0,0.0,1.0
2015-12-04,14.19,14.28,14.14,14.28,9.9793,72660.0,0.0,1.0
2015-12-07,14.18,14.29,14.02,14.18,9.9094,58578.0,0.0,1.0
2015-12-08,14.11,14.15,13.94,14.09,9.8465,37127.0,0.0,1.0
2015-12-09,14.09,14.2486,14.07,14.12,9.8675,32826.0,0.0,1.0
2015-12-10,14.05,14.05,13.6,13.78,9.7389,192262.0,0.156,1.0
2015-12-11,13.6,13.735,13.3642,13.63,9.6329,117710.0,0.0,1.0
2015-12-14,13.63,13.66,13.17,13.43,9.4915,74255.0,0.0,1.0
2015-12-15,13.5,13.68,13.45,13.61,9.6187,123104.0,0.0,1.0
2015-12-16,13.65,13.91,13.65,13.89,9.8166,63087.0,0.0,1.0
2015-12-17,13.92,14.0,13.92,13.95,9.859,43248.0,0.0,1.0
2015-12-18,14.0,14.1,13.91,14.03,9.9156,44093.0,0.0,1.0
2015-12-21,14.04,14.1,13.99,14.09,9.958,28406.0,0.0,1.0
2015-12-22,14.05,14.15,13.97,14.12,9.9792,44928.0,0.0,1.0
2015-12-23,14.15,14.26,14.09,14.14,9.9933,84996.0,0.0,1.0
2015-12-24,14.18,14.24,14.09,14.1,9.965,38961.0,0.0,1.0
2015-12-28,14.12,14.14,13.87,13.88,9.8096,67419.0,0.0,1.0
2015-12-29,13.95,14.05,13.89,14.04,10.0357,80733.0,0.16,1.0
2015-12-30,14.02,14.04,13.9,14.0,10.0071,57392.0,0.0,1.0
2015-12-31,13.97,14.17,13.94,14.13,10.1,59930.0,0.0,1.0
2016-01-04,13.94,14.12,13.91,14.07,10.0572,29948.0,0.0,1.0
2016-01-05,14.03,14.21,14.03,14.2,10.1501,29842.0,0.0,1.0
2016-01-06,13.97,14.1,13.95,14.04,10.1472,44489.0,0.156,1.0
2016-01-07,13.88,13.98,13.85,13.98,10.1039,35501.0,0.0,1.0
2016-01-08,13.94,13.99,13.77,13.83,9.9955,45919.0,0.0,1.0
2016-01-11,13.8,13.817,13.54,13.73,9.9232,62257.0,0.0,1.0
2016-01-12,13.73,13.8183,13.47,13.67,9.8798,77727.0,0.0,1.0
2016-01-13,13.64,13.71,13.26,13.2701,9.5908,65384.0,0.0,1.0
2016-01-14,13.25,13.25,13.1,13.19,9.5329,59022.0,0.0,1.0
2016-01-15,13.03,13.04,12.7203,12.98,9.3811,80219.0,0.0,1.0
2016-01-19,12.96,12.96,12.53,12.71,9.186,98209.0,0.0,1.0
2016-01-20,12.52,12.55,12.14,12.52,9.0487,63185.0,0.0,1.0
2016-01-21,12.55,12.82,12.34,12.62,9.1209,74273.0,0.0,1.0
2016-01-22,12.76,12.8,12.67,12.74,9.2077,30223.0,0.0,1.0
2016-01-25,12.71,12.7799,12.53,12.63,9.1282,55716.0,0.0,1.0
2016-01-26,12.71,12.9,12.69,12.9,9.3233,27323.0,0.0,1.0
2016-01-27,12.84,12.87,12.73,12.82,9.2655,36059.0,0.0,1.0
2016-01-28,12.88,12.95,12.78,12.935,9.3486,77412.0,0.0,1.0
2016-01-29,12.95,13.09,12.94,13.09,9.4606,45138.0,0.0,1.0
2016-02-01,13.02,13.11,13.01,13.08,9.4534,16147.0,0.0,1.0
2016-02-02,13.04,13.08,12.94,12.94,9.3522,18915.0,0.0,1.0
2016-02-03,13.0,13.05,12.88,12.96,9.3667,38418.0,0.0,1.0
2016-02-04,12.99,13.1,12.93,13.02,9.41,28398.0,0.0,1.0
2016-02-05,13.0,13.056,12.9,12.97,9.3739,28752.0,0.0,1.0
2016-02-08,12.8,13.15,12.6607,12.7,9.1788,39402.0,0.0,1.0
2016-02-09,12.54,12.68,12.33,12.48,9.1325,48064.0,0.156,1.0
2016-02-10,12.54,12.54,12.44,12.47,9.1252,33642.0,0.0,1.0
2016-02-11,12.39,12.4,12.16,12.36,9.0447,52838.0,0.0,1.0
2016-02-12,12.41,12.4812,12.35,12.44,9.1032,24613.0,0.0,1.0
2016-02-16,12.52,12.54,12.41,12.48,9.1325,24490.0,0.0,1.0
2016-02-17,12.55,12.67,12.515,12.64,9.2496,167121.0,0.0,1.0
2016-02-18,12.69,12.71,12.62,12.68,9.2789,39078.0,0.0,1.0
2016-02-19,12.59,12.68,12.56,12.67,9.2715,29536.0,0.0,1.0
2016-02-22,12.81,12.84,12.68,12.81,9.374,100580.0,0.0,1.0
2016-02-23,12.81,12.87,12.75,12.81,9.374,35800.0,0.0,1.0
2016-02-24,12.84,12.84,12.745,12.84,9.3959,55340.0,0.0,1.0
2016-02-25,12.89,12.97,12.85,12.94,9.4691,64925.0,0.0,1.0
2016-02-26,13.01,13.04,12.96,12.99,9.5057,27025.0,0.0,1.0
2016-02-29,13.02,13.13,13.01,13.1,9.5862,43396.0,0.0,1.0
2016-03-01,13.07,13.3,13.07,13.26,9.7033,40027.0,0.0,1.0
2016-03-02,13.21,13.26,13.17,13.24,9.6886,35260.0,0.0,1.0
2016-03-03,13.23,13.3388,13.18,13.33,9.7545,24874.0,0.0,1.0
2016-03-04,13.42,13.58,13.385,13.58,9.9375,54606.0,0.0,1.0
2016-03-07,13.53,13.719,13.46,13.62,9.9667,53819.0,0.0,1.0
2016-03-08,13.62,13.6929,13.6,13.61,9.9594,27186.0,0.0,1.0
2016-03-09,13.58,13.58,13.41,13.5,9.9931,72831.0,0.156,1.0
2016-03-10,13.55,13.6,13.5,13.55,10.0301,52342.0,0.0,1.0
2016-03-11,13.59,13.76,13.58,13.6373,10.0947,50141.0,0.0,1.0
2016-03-14,13.6,13.64,13.56,13.62,10.0819,27489.0,0.0,1.0
2016-03-15,13.64,13.65,13.505,13.64,10.0967,27371.0,0.0,1.0
2016-03-16,13.67,13.72,13.61,13.6969,10.1388,97782.0,0.0,1.0
2016-03-17,13.71,13.91,13.65,13.88,10.2744,49816.0,0.0,1.0
2016-03-18,13.92,14.065,13.88,14.0,10.3632,91910.0,0.0,1.0
2016-03-21,14.03,14.078,14.015,14.07,10.415,59415.0,0.0,1.0
2016-03-22,14.0,14.14,14.0,14.0842,10.4255,49313.0,0.0,1.0
2016-03-23,14.13,14.13,14.07,14.1,10.4372,53437.0,0.0,1.0
2016-03-24,14.12,14.14,14.02,14.02,10.378,23618.0,0.0,1.0
2016-03-28,14.12,14.12,13.9,13.91,10.2966,60581.0,0.0,1.0
2016-03-29,13.96,13.98,13.91,13.91,10.2966,37135.0,0.0,1.0
2016-03-30,13.98,14.12,13.93,14.03,10.3854,34712.0,0.0,1.0
2016-03-31,14.06,14.27,14.06,14.17,10.489,75691.0,0.0,1.0
2016-04-01,14.16,14.16,14.06,14.06,10.4076,49447.0,0.0,1.0
2016-04-04,14.15,14.15,13.85,13.96,10.3336,99095.0,0.0,1.0
2016-04-05,13.91,14.0,13.8501,13.99,10.3558,29391.0,0.0,1.0
2016-04-06,13.95,14.13,13.93,14.13,10.4594,21440.0,0.0,1.0
2016-04-07,13.96,14.04,13.9,14.0,10.4787,65073.0,0.156,1.0
2016-04-08,14.1,14.1,13.96,14.04,10.5086,49748.0,0.0,1.0
2016-04-11,14.13,14.27,14.05,14.11,10.561,40646.0,0.0,1.0
2016-04-12,14.12,14.14,14.06,14.13,10.576,46588.0,0.0,1.0
2016-04-13,14.13,14.25,14.13,14.25,10.6658,26869.0,0.0,1.0
2016-04-14,14.3,14.3,14.25,14.26,10.6733,13232.0,0.0,1.0
2016-04-15,14.25,14.3,14.22,14.24,10.6583,19858.0,0.0,1.0
2016-04-18,14.27,14.27,14.23,14.27,10.6807,36104.0,0.0,1.0
2016-04-19,14.3,14.36,14.3,14.36,10.7481,33390.0,0.0,1.0
2016-04-20,14.34,14.44,14.34,14.43,10.8005,51506.0,0.0,1.0
2016-04-21,14.6,14.6,14.4,14.42,10.793,70037.0,0.0,1.0
2016-04-22,14.45,14.52,14.44,14.49,10.8454,13245.0,0.0,1.0
2016-04-25,14.49,14.53,14.47,14.53,10.8753,26038.0,0.0,1.0
2016-04-26,14.59,14.59,14.51,14.5473,10.8883,47238.0,0.0,1.0
2016-04-27,14.47,14.56,14.47,14.56,10.8978,21333.0,0.0,1.0
2016-04-28,14.61,14.66,14.55,14.57,10.9053,70007.0,0.0,1.0
2016-04-29,14.61,14.67,14.61,14.66,10.9726,32357.0,0.0,1.0
2016-05-02,14.78,14.78,14.65,14.66,10.9726,48014.0,0.0,1.0
2016-05-03,14.71,14.71,14.59,14.6,10.9277,36438.0,0.0,1.0
2016-05-04,14.62,14.62,14.55,14.56,10.8978,28519.0,0.0,1.0
2016-05-05,14.58,14.606,14.4001,14.46,10.823,53999.0,0.0,1.0
2016-05-06,14.58,14.58,14.43,14.48,10.8379,52113.0,0.0,1.0
2016-05-09,14.51,14.51,14.41,14.46,10.823,78896.0,0.0,1.0
2016-05-10,14.38,14.5,14.32,14.42,10.9098,35998.0,0.156,1.0
2016-05-11,14.42,14.55,14.4,14.4,10.8946,46106.0,0.0,1.0
2016-05-12,14.45,14.49,14.41,14.49,10.9627,54044.0,0.0,1.0
2016-05-13,14.53,14.54,14.49,14.53,10.993,38577.0,0.0,1.0
2016-05-16,14.56,14.65,14.53,14.53,10.993,41180.0,0.0,1.0
2016-05-17,14.57,14.58,14.52,14.57,11.0233,23561.0,0.0,1.0
2016-05-18,14.68,14.68,14.56,14.62,11.0611,32924.0,0.0,1.0
2016-05-19,14.64,14.64,14.45,14.5032,10.9727,62086.0,0.0,1.0
2016-05-20,14.59,14.59,14.4805,14.54,11.0006,15087.0,0.0,1.0
2016-05-23,14.64,14.64,14.54,14.58,11.0308,69021.0,0.0,1.0
2016-05-24,14.65,14.73,14.61,14.7,11.1216,31613.0,0.0,1.0
2016-05-25,14.74,14.74,14.66,14.66,11.0914,108368.0,0.0,1.0
2016-05-26,14.68,14.78,14.65,14.69,11.1141,111162.0,0.0,1.0
2016-05-27,14.74,14.74,14.69,14.71,11.1292,27833.0,0.0,1.0
2016-05-31,14.76,14.78,14.66,14.66,11.0914,21903.0,0.0,1.0
2016-06-01,14.68,14.78,14.68,14.73,11.1443,19995.0,0.0,1.0
2016-06-02,14.68,14.86,14.66,14.8,11.1973,31937.0,0.0,1.0
2016-06-03,14.78,14.92,14.78,14.92,11.2881,36955.0,0.0,1.0
2016-06-06,14.9,15.06,14.9,15.0,11.3486,34995.0,0.0,1.0
2016-06-07,15.0,15.13,15.0,15.11,11.4318,29984.0,0.0,1.0
2016-06-08,15.08,15.2899,15.08,15.26,11.5453,45917.0,0.0,1.0
2016-06-09,15.2,15.2095,15.01,15.06,11.512,54350.0,0.156,1.0
2016-06-10,14.95,15.11,14.95,15.02,11.4814,36658.0,0.0,1.0
2016-06-13,15.07,15.189,14.94,14.99,11.4585,30904.0,0.0,1.0
2016-06-14,14.98,15.09,14.9101,14.95,11.4279,33466.0,0.0,1.0
2016-06-15,15.02,15.04,14.91,14.94,11.4203,36928.0,0.0,1.0
2016-06-16,14.9,14.91,14.8,14.86,11.3591,35730.0,0.0,1.0
2016-06-17,14.92,14.95,14.83,14.94,11.4203,23622.0,0.0,1.0
2016-06-20,15.0,15.08,14.94,15.03,11.4891,28288.0,0.0,1.0
2016-06-21,15.09,15.09,15.0,15.0533,11.5069,27270.0,0.0,1.0
2016-06-22,15.05,15.14,14.98,15.01,11.4738,29786.0,0.0,1.0
2016-06-23,15.06,15.2,14.9994,15.18,11.6037,32323.0,0.0,1.0
2016-06-24,14.95,15.03,14.81,14.98,11.4509,51166.0,0.0,1.0
2016-06-27,14.97,14.98,14.78,14.79,11.3056,109079.0,0.0,1.0
2016-06-28,14.91,15.05,14.91,14.93,11.4126,40487.0,0.0,1.0
2016-06-29,15.1,15.18,15.03,15.16,11.5884,50446.0,0.0,1.0
2016-06-30,15.29,15.29,15.12,15.16,11.5884,49175.0,0.0,1.0
2016-07-01,15.21,15.33,15.1,15.28,11.6802,71467.0,0.0,1.0
2016-07-05,15.38,15.38,15.16,15.31,11.7031,44966.0,0.0,1.0
2016-07-06,15.34,15.55,15.31,15.43,11.7948,44987.0,0.0,1.0
2016-07-07,15.29,15.549,15.21,15.36,11.8606,46123.0,0.156,1.0
2016-07-08,15.46,15.573,15.39,15.52,11.9841,43927.0,0.0,1.0
2016-07-11,15.59,15.78,15.51,15.53,11.9918,50547.0,0.0,1.0
2016-07-12,15.63,15.8,15.54,15.57,12.0227,60495.0,0.0,1.0
2016-07-13,15.57,15.66,15.368,15.48,11.9532,80821.0,0.0,1.0
2016-07-14,15.62,15.67,15.46,15.66,12.0922,54162.0,0.0,1.0
2016-07-15,15.7,15.7,15.54,15.6,12.0459,33494.0,0.0,1.0
2016-07-18,15.74,15.8675,15.52,15.54,11.9996,78194.0,0.0,1.0
2016-07-19,15.6,15.7399,15.54,15.67,12.1,51021.0,0.0,1.0
2016-07-20,15.72,15.7599,15.56,15.59,12.0382,63182.0,0.0,1.0
2016-07-21,15.64,15.7399,15.61,15.61,12.0536,48213.0,0.0,1.0
2016-07-22,15.67,15.77,15.62,15.62,12.0613,43912.0,0.0,1.0
2016-07-25,15.66,15.74,15.59,15.59,12.0382,17199.0,0.0,1.0
2016-07-26,15.69,15.702,15.57,15.62,12.0613,62911.0,0.0,1.0
2016-07-27,15.72,15.87,15.62,15.76,12.1694,59828.0,0.0,1.0
2016-07-28,15.8,15.8,15.67,15.75,12.1617,49199.0,0.0,1.0
2016-07-29,15.82,15.85,15.791,15.85,12.2389,43623.0,0.0,1.0
2016-08-01,15.85,15.85,15.78,15.83,12.2235,49723.0,0.0,1.0
2016-08-02,15.82,15.82,15.69,15.7,12.1231,46205.0,0.0,1.0
2016-08-03,15.69,15.74,15.58,15.74,12.154,111810.0,0.0,1.0
2016-08-04,15.77,15.8,15.65,15.69,12.1154,40322.0,0.0,1.0
2016-08-05,15.79,15.86,15.77,15.84,12.2312,39063.0,0.0,1.0
2016-08-08,15.89,16.06,15.88,15.92,12.293,78034.0,0.0,1.0
2016-08-09,15.85,15.88,15.6623,15.6899,12.2358,93067.0,0.156,1.0
2016-08-10,15.7,15.78,15.68,15.7,12.2437,60819.0,0.0,1.0
2016-08-11,15.78,15.86,15.74,15.75,12.2826,63686.0,0.0,1.0
2016-08-12,15.83,15.88,15.75,15.8,12.3216,55423.0,0.0,1.0
2016-08-15,15.85,15.91,15.8,15.87,12.3762,69152.0,0.0,1.0
2016-08-16,15.85,15.92,15.85,15.92,12.4152,23965.0,0.0,1.0
2016-08-17,15.96,15.96,15.9001,15.96,12.4464,36305.0,0.0,1.0
2016-08-18,16.0,16.0,15.96,15.98,12.462,72241.0,0.0,1.0
2016-08-19,16.02,16.02,15.88,15.95,12.4386,53112.0,0.0,1.0
2016-08-22,15.95,16.01,15.9,16.0,12.4776,53449.0,0.0,1.0
2016-08-23,16.08,16.16,16.0,16.06,12.5244,82304.0,0.0,1.0
2016-08-24,16.06,16.06,15.9301,16.03,12.501,64259.0,0.0,1.0
2016-08-25,16.01,16.03,15.88,15.97,12.4542,35309.0,0.0,1.0
2016-08-26,15.91,16.02,15.896,15.91,12.4074,43018.0,0.0,1.0
2016-08-29,15.98,16.04,15.85,15.96,12.4464,55596.0,0.0,1.0
2016-08-30,15.91,16.02,15.91,15.97,12.4542,51866.0,0.0,1.0
2016-08-31,16.02,16.03,15.9301,15.9964,12.4748,46002.0,0.0,1.0
2016-09-01,16.01,16.01,15.9,16.0,12.4776,78385.0,0.0,1.0
2016-09-02,16.0,16.06,16.0,16.05,12.5166,115118.0,0.0,1.0
2016-09-06,16.0,16.09,16.0,16.08,12.54,124110.0,0.0,1.0
2016-09-07,16.1,16.1,16.05,16.09,12.5478,105139.0,0.0,1.0
2016-09-08,15.96,15.97,15.8,15.9142,12.5324,55845.0,0.156,1.0
2016-09-09,15.89,15.9067,15.45,15.62,12.3007,118593.0,0.0,1.0
2016-09-12,15.62,15.66,15.51,15.61,12.2928,55670.0,0.0,1.0
2016-09-13,15.57,15.6273,15.25,15.37,12.1038,67429.0,0.0,1.0
2016-09-14,15.33,15.45,15.301,15.41,12.1353,38280.0,0.0,1.0
2016-09-15,15.4,15.521,15.29,15.37,12.1038,40933.0,0.0,1.0
2016-09-16,15.38,15.509,15.33,15.33,12.0723,35756.0,0.0,1.0
2016-09-19,15.42,15.46,15.38,15.41,12.1353,50624.0,0.0,1.0
2016-09-20,15.43,15.53,15.38,15.517,12.2196,46237.0,0.0,1.0
2016-09-21,15.58,15.653,15.52,15.58,12.2692,48789.0,0.0,1.0
2016-09-22,15.67,15.79,15.67,15.73,12.3873,67103.0,0.0,1.0
2016-09-23,15.72,15.77,15.68,15.74,12.3952,165759.0,0.0,1.0
2016-09-26,15.72,15.7984,15.63,15.63,12.3085,33748.0,0.0,1.0
2016-09-27,15.68,15.7549,15.62,15.73,12.3873,38952.0,0.0,1.0
2016-09-28,15.77,15.89,15.68,15.8101,12.4504,18739.0,0.0,1.0
2016-09-29,15.79,15.87,15.74,15.79,12.4345,44396.0,0.0,1.0
2016-09-30,15.92,15.98,15.67,15.89,12.5133,74926.0,0.0,1.0
2016-10-03,15.84,15.84,15.76,15.82,12.4582,44374.0,0.0,1.0
2016-10-04,15.81,15.81,15.61,15.75,12.403,79357.0,0.0,1.0
2016-10-05,15.71,15.8,15.68,15.71,12.3715,91597.0,0.0,1.0
2016-10-06,15.7,15.71,15.6,15.67,12.34,56539.0,0.0,1.0
2016-10-07,15.66,15.74,15.61,15.64,12.3164,65550.0,0.0,1.0
2016-10-10,15.7,15.77,15.63,15.67,12.34,82846.0,0.0,1.0
2016-10-11,15.59,15.59,15.48,15.55,12.3684,83596.0,0.156,1.0
2016-10-12,15.47,15.4868,15.28,15.45,12.2889,80621.0,0.0,1.0
2016-10-13,15.4,15.58,15.37,15.46,12.2968,140820.0,0.0,1.0
2016-10-14,15.5,15.5999,15.4558,15.565,12.3803,53066.0,0.0,1.0
2016-10-17,15.61,15.61,15.26,15.33,12.1934,138645.0,0.0,1.0
2016-10-18,15.47,15.5,15.4,15.475,12.3087,21297.0,0.0,1.0
2016-10-19,15.53,15.55,15.46,15.55,12.3684,17054.0,0.0,1.0
2016-10-20,15.5,15.57,15.5,15.55,12.3684,58457.0,0.0,1.0
2016-10-21,15.61,15.63,15.51,15.55,12.3684,49103.0,0.0,1.0
2016-10-24,15.61,15.75,15.561,15.64,12.44,60459.0,0.0,1.0
2016-10-25,15.69,15.78,15.65,15.65,12.4479,68725.0,0.0,1.0
2016-10-26,15.69,15.8,15.63,15.64,12.44,23318.0,0.0,1.0
2016-10-27,15.69,15.75,15.55,15.56,12.3764,37361.0,0.0,1.0
2016-10-28,15.62,15.63,15.45,15.46,12.2968,51320.0,0.0,1.0
2016-10-31,15.46,15.56,15.29,15.4,12.2491,49213.0,0.0,1.0
2016-11-01,15.4,15.4761,15.31,15.378,12.2316,65292.0,0.0,1.0
2016-11-02,15.33,15.34,15.14,15.18,12.0741,114249.0,0.0,1.0
2016-11-03,15.18,15.32,15.16,15.18,12.0741,33077.0,0.0,1.0
2016-11-04,15.17,15.2162,15.15,15.2,12.09,47290.0,0.0,1.0
2016-11-07,15.27,15.33,15.22,15.3,12.1695,77689.0,0.0,1.0
2016-11-08,15.3,15.53,15.3,15.44,12.2809,28085.0,0.0,1.0
2016-11-09,15.11,15.2122,15.01,15.06,12.1027,83504.0,0.156,1.0
2016-11-10,15.05,15.05,14.78,14.82,11.9099,154614.0,0.0,1.0
2016-11-11,14.82,14.88,14.68,14.8,11.8938,44662.0,0.0,1.0
2016-11-14,14.8,14.84,14.37,14.49,11.6447,136004.0,0.0,1.0
2016-11-15,14.49,14.75,14.49,14.71,11.8215,52483.0,0.0,1.0
2016-11-16,14.68,14.74,14.66,14.72,11.8295,43416.0,0.0,1.0
2016-11-17,14.7,14.83,14.65,14.71,11.8215,52191.0,0.0,1.0
2016-11-18,14.74,14.94,14.68,14.93,11.9983,141671.0,0.0,1.0
2016-11-21,15.0,15.16,14.95,15.0,12.0545,56260.0,0.0,1.0
2016-11-22,15.13,15.13,15.02,15.08,12.1188,52419.0,0.0,1.0
2016-11-23,15.01,15.11,15.01,15.11,12.1429,32894.0,0.0,1.0
2016-11-25,15.03,15.22,15.03,15.17,12.1911,17519.0,0.0,1.0
2016-11-28,15.16,15.21,15.05,15.05,12.0947,24954.0,0.0,1.0
2016-11-29,15.0,15.1074,14.9804,14.99,12.0465,23398.0,0.0,1.0
2016-11-30,15.02,15.08,14.95,14.96,12.0224,49510.0,0.0,1.0
2016-12-01,14.93,14.96,14.9,14.91,11.9822,54868.0,0.0,1.0
2016-12-02,14.88,14.94,14.88,14.94,12.0063,19097.0,0.0,1.0
2016-12-05,14.87,15.04,14.87,14.94,12.0063,58012.0,0.0,1.0
2016-12-06,14.93,15.25,14.93,15.16,12.1831,64389.0,0.0,1.0
2016-12-07,15.09,15.4,15.0855,15.32,12.3117,120278.0,0.0,1.0
2016-12-08,15.12,15.289,15.03,15.19,12.3326,52127.0,0.156,1.0
2016-12-09,15.25,15.28,15.19,15.25,12.3813,57226.0,0.0,1.0
2016-12-12,15.3,15.3,15.08,15.19,12.3326,57804.0,0.0,1.0
2016-12-13,15.25,15.25,15.07,15.24,12.3732,76360.0,0.0,1.0
2016-12-14,15.29,15.309,15.04,15.13,12.2839,43841.0,0.0,1.0
2016-12-15,15.06,15.16,14.98,15.15,12.3001,58102.0,0.0,1.0
2016-12-16,15.15,15.43,15.08,15.38,12.4868,49590.0,0.0,1.0
2016-12-19,15.42,15.47,15.18,15.34,12.4544,38369.0,0.0,1.0
2016-12-20,15.34,15.38,15.17,15.34,12.4544,60507.0,0.0,1.0
2016-12-21,15.34,15.49,15.26,15.45,12.5437,71921.0,0.0,1.0
2016-12-22,15.53,15.73,15.39,15.53,12.6086,54690.0,0.0,1.0
2016-12-23,15.57,15.66,15.46,15.63,12.6898,45252.0,0.0,1.0
2016-12-27,15.49,15.61,15.4,15.41,12.5112,80234.0,0.0,1.0
2016-12-28,15.54,15.61,15.33,15.35,12.4625,57711.0,0.0,1.0
2016-12-29,15.34,15.49,15.27,15.41,12.5112,45167.0,0.0,1.0
2016-12-30,15.43,15.46,15.33,15.33,12.4462,45271.0,0.0,1.0
2017-01-03,15.38,15.6699,15.38,15.54,12.6167,61355.0,0.0,1.0
2017-01-04,15.51,15.6899,15.48,15.6265,12.687,109626.0,0.0,1.0
2017-01-05,15.45,15.617,15.45,15.51,12.719,72673.0,0.156,1.0
2017-01-06,15.52,15.64,15.52,15.64,12.8256,85057.0,0.0,1.0
2017-01-09,15.58,15.78,15.54,15.709,12.8822,81704.0,0.0,1.0
2017-01-10,15.75,15.78,15.56,15.56,12.76,68406.0,0.0,1.0
2017-01-11,15.58,15.703,15.55,15.69,12.8666,42660.0,0.0,1.0
2017-01-12,15.72,15.8874,15.67,15.71,12.883,37961.0,0.0,1.0
2017-01-13,15.76,15.82,15.6904,15.74,12.9076,38385.0,0.0,1.0
2017-01-17,15.66,15.77,15.64,15.69,12.8666,83313.0,0.0,1.0
2017-01-18,15.74,15.81,15.7275,15.79,12.9486,30859.0,0.0,1.0
2017-01-19,15.84,15.84,15.72,15.8,12.9568,28696.0,0.0,1.0
2017-01-20,15.83,15.87,15.72,15.79,12.9486,38985.0,0.0,1.0
2017-01-23,15.72,15.9,15.72,15.8,12.9568,41166.0,0.0,1.0
2017-01-24,15.94,15.97,15.76,15.87,13.0143,113275.0,0.0,1.0
2017-01-25,15.96,15.96,15.83,15.87,13.0143,49507.0,0.0,1.0
2017-01-26,15.91,15.9114,15.83,15.89,13.0307,35092.0,0.0,1.0
2017-01-27,15.88,15.919,15.76,15.78,12.9404,31272.0,0.0,1.0
2017-01-30,15.78,15.83,15.7,15.77,12.9322,82813.0,0.0,1.0
2017-01-31,15.75,15.82,15.7,15.81,12.9651,48360.0,0.0,1.0
2017-02-01,15.88,15.8813,15.75,15.79,12.9486,44869.0,0.0,1.0
2017-02-02,15.92,15.95,15.8,15.81,12.9651,92214.0,0.0,1.0
2017-02-03,15.83,16.04,15.72,16.04,13.1537,53810.0,0.0,1.0
2017-02-06,16.04,16.17,15.99,16.03,13.1455,53330.0,0.0,1.0
2017-02-07,16.0,16.2,15.87,15.87,13.0143,77795.0,0.0,1.0
2017-02-08,15.88,16.07,15.84,16.0,13.1209,66369.0,0.0,1.0
2017-02-09,15.89,16.0,15.85,15.92,13.1832,35624.0,0.156,1.0
2017-02-10,15.92,15.96,15.75,15.76,13.0507,51902.0,0.0,1.0
2017-02-13,15.83,16.02,15.826,15.96,13.2163,79228.0,0.0,1.0
2017-02-14,15.96,16.06,15.94,16.05,13.2908,84195.0,0.0,1.0
2017-02-15,16.05,16.05,15.98,15.99,13.2412,63175.0,0.0,1.0
2017-02-16,15.97,16.0007,15.8662,15.94,13.1997,86876.0,0.0,1.0
2017-02-17,15.93,16.02,15.89,15.96,13.2163,76874.0,0.0,1.0
2017-02-21,15.96,16.03,15.925,16.0,13.2494,59673.0,0.0,1.0
2017-02-22,15.99,16.01,15.93,16.01,13.2577,55322.0,0.0,1.0
2017-02-23,16.01,16.05,15.95,15.95,13.208,67334.0,0.0,1.0
2017-02-24,15.94,16.0499,15.93,16.02,13.266,40056.0,0.0,1.0
2017-02-27,16.02,16.08,16.0,16.07,13.3074,66810.0,0.0,1.0
2017-02-28,16.04,16.13,16.04,16.12,13.3488,115097.0,0.0,1.0
2017-03-01,16.13,16.14,16.0984,16.11,13.3405,59177.0,0.0,1.0
2017-03-02,16.1,16.12,16.0629,16.08,13.3157,57684.0,0.0,1.0
2017-03-03,16.1,16.15,16.0958,16.15,13.3736,68836.0,0.0,1.0
2017-03-06,16.15,16.15,16.1214,16.15,13.3736,105189.0,0.0,1.0
2017-03-07,16.13,16.37,16.12,16.24,13.4482,156601.0,0.0,1.0
2017-03-08,16.24,16.26,16.16,16.22,13.4316,135942.0,0.0,1.0
2017-03-09,16.02,16.02,15.698,15.79,13.2047,164702.0,0.156,1.0
2017-03-10,15.88,15.9,15.7,15.86,13.2633,154965.0,0.0,1.0
2017-03-13,15.93,15.96,15.86,15.96,13.3469,52472.0,0.0,1.0
2017-03-14,15.93,15.9801,15.85,15.95,13.3385,54268.0,0.0,1.0
2017-03-15,15.97,16.03,15.9,15.93,13.3218,111403.0,0.0,1.0
2017-03-16,15.98,15.98,15.9,15.96,13.3469,42074.0,0.0,1.0
2017-03-17,15.98,16.03,15.97,16.03,13.4054,48967.0,0.0,1.0
2017-03-20,16.03,16.05,16.0,16.02,13.3971,39508.0,0.0,1.0
2017-03-21,16.02,16.04,15.83,15.85,13.2549,66927.0,0.0,1.0
2017-03-22,15.85,16.0,15.7289,16.0,13.3803,84880.0,0.0,1.0
2017-03-23,16.0,16.05,15.98,16.0,13.3803,43120.0,0.0,1.0
2017-03-24,16.02,16.05,15.98,16.05,13.4221,20266.0,0.0,1.0
2017-03-27,16.02,16.06,16.01,16.05,13.4221,32535.0,0.0,1.0
2017-03-28,16.1,16.14,16.06,16.14,13.4974,38482.0,0.0,1.0
2017-03-29,16.13,16.14,16.1,16.13,13.489,35178.0,0.0,1.0
2017-03-30,16.14,16.2,16.1,16.2,13.5476,57453.0,0.0,1.0
2017-03-31,16.19,16.25,16.11,16.18,13.5309,72621.0,0.0,1.0
2017-04-03,16.19,16.23,16.19,16.23,13.5727,51295.0,0.0,1.0
2017-04-04,16.25,16.28,16.2104,16.24,13.581,73610.0,0.0,1.0
2017-04-05,16.25,16.28,16.18,16.25,13.5894,81129.0,0.0,1.0
2017-04-06,16.2,16.25,16.18,16.22,13.5643,63687.0,0.0,1.0
2017-04-07,16.23,16.3,16.2,16.27,13.6061,89289.0,0.0,1.0
2017-04-10,16.28,16.31,16.27,16.29,13.6229,89342.0,0.0,1.0
2017-04-11,16.14,16.22,16.04,16.21,13.6864,48286.0,0.156,1.0
2017-04-12,16.19,16.21,16.04,16.07,13.5682,89375.0,0.0,1.0
2017-04-13,16.05,16.18,16.05,16.15,13.6357,68074.0,0.0,1.0
2017-04-17,16.16,16.17,16.05,16.13,13.6189,34185.0,0.0,1.0
2017-04-18,16.12,16.2,16.12,16.2,13.678,53747.0,0.0,1.0
2017-04-19,16.23,16.23,16.17,16.18,13.6611,53151.0,0.0,1.0
2017-04-20,16.23,16.3,16.18,16.3,13.7624,115687.0,0.0,1.0
2017-04-21,16.3,16.35,16.25,16.35,13.8046,81139.0,0.0,1.0
2017-04-24,16.37,16.4,16.3,16.31,13.7708,87189.0,0.0,1.0
2017-04-25,16.33,16.33,16.3,16.32,13.7793,125590.0,0.0,1.0
2017-04-26,16.33,16.33,16.29,16.33,13.7877,58540.0,0.0,1.0
2017-04-27,16.32,16.33,16.3,16.3,13.7624,65450.0,0.0,1.0
2017-04-28,16.35,16.38,16.31,16.38,13.8299,61848.0,0.0,1.0
2017-05-01,16.43,16.43,16.38,16.41,13.8553,112302.0,0.0,1.0
2017-05-02,16.46,16.59,16.45,16.59,14.0072,144649.0,0.0,1.0
2017-05-03,16.61,16.62,16.5551,16.61,14.0241,75580.0,0.0,1.0
2017-05-04,16.6,16.6,16.49,16.54,13.965,186127.0,0.0,1.0
2017-05-05,16.55,16.61,16.51,16.54,13.965,116178.0,0.0,1.0
2017-05-08,16.55,16.76,16.5013,16.76,14.1508,192488.0,0.0,1.0
2017-05-09,16.54,16.6,16.49,16.55,14.1052,69310.0,0.156,1.0
2017-05-10,16.56,16.65,16.54,16.65,14.1904,110083.0,0.0,1.0
2017-05-11,16.64,16.65,16.5918,16.6,14.1478,41245.0,0.0,1.0
2017-05-12,16.63,16.689,16.53,16.61,14.1563,48486.0,0.0,1.0
2017-05-15,16.65,16.78,16.628,16.72,14.2501,52091.0,0.0,1.0
2017-05-16,16.73,16.7699,16.69,16.7,14.233,53065.0,0.0,1.0
2017-05-17,16.65,16.6799,16.57,16.62,14.1648,69684.0,0.0,1.0
2017-05-18,16.61,16.62,16.44,16.55,14.1052,51598.0,0.0,1.0
2017-05-19,16.56,16.72,16.55,16.71,14.2416,65374.0,0.0,1.0
2017-05-22,16.73,16.85,16.7057,16.77,14.2927,80771.0,0.0,1.0
2017-05-23,16.88,16.99,16.8281,16.91,14.412,72782.0,0.0,1.0
2017-05-24,16.94,16.94,16.8001,16.86,14.3694,57096.0,0.0,1.0
2017-05-25,16.86,16.9,16.8458,16.88,14.3864,50722.0,0.0,1.0
2017-05-26,16.88,17.24,16.88,17.07,14.5484,121440.0,0.0,1.0
2017-05-30,17.08,17.09,17.0,17.04,14.5228,71069.0,0.0,1.0
2017-05-31,17.04,17.2,17.01,17.2,14.6592,41117.0,0.0,1.0
2017-06-01,17.19,17.67,17.19,17.31,14.7529,115221.0,0.0,1.0
2017-06-02,17.35,17.38,17.26,17.38,14.8126,91301.0,0.0,1.0
2017-06-05,17.38,17.5,17.3504,17.5,14.9149,74624.0,0.0,1.0
2017-06-06,17.34,17.36,17.25,17.28,14.7274,111854.0,0.0,1.0
2017-06-07,17.26,17.49,17.26,17.37,14.8041,70380.0,0.0,1.0
2017-06-08,17.33,17.33,16.97,17.11,14.7154,158870.0,0.156,1.0
2017-06-09,17.1,17.4,16.9349,17.29,14.8702,162352.0,0.0,1.0
2017-06-12,17.23,17.23,16.88,17.03,14.6466,79504.0,0.0,1.0
2017-06-13,17.02,17.14,16.84,16.84,14.4832,64014.0,0.0,1.0
2017-06-14,17.03,17.1848,16.9,17.18,14.7756,121189.0,0.0,1.0
2017-06-15,17.2,17.2105,17.0654,17.21,14.8014,87077.0,0.0,1.0
2017-06-16,17.29,17.3,17.1701,17.3,14.8788,59515.0,0.0,1.0
2017-06-19,17.4,17.48,17.25,17.48,15.0336,92382.0,0.0,1.0
2017-06-20,17.49,17.52,17.26,17.35,14.9218,71948.0,0.0,1.0
2017-06-21,17.28,17.33,17.0,17.01,14.6294,93782.0,0.0,1.0
2017-06-22,17.17,17.19,16.93,16.93,14.5606,66337.0,0.0,1.0
2017-06-23,17.29,17.29,16.92,17.14,14.7412,87469.0,0.0,1.0
2017-06-26,17.16,17.41,17.101,17.31,14.8874,85742.0,0.0,1.0
2017-06-27,17.47,17.47,17.31,17.33,14.9046,47350.0,0.0,1.0
2017-06-28,17.42,17.42,17.16,17.19,14.7842,60810.0,0.0,1.0
2017-06-29,17.12,17.22,16.95,17.13,14.7326,66704.0,0.0,1.0
2017-06-30,17.21,17.4635,17.02,17.1,14.7068,118470.0,0.0,1.0
2017-07-03,17.29,17.45,17.225,17.37,14.939,39297.0,0.0,1.0
2017-07-05,17.46,17.46,17.01,17.4,14.9648,86127.0,0.0,1.0
2017-07-06,17.37,17.37,17.02,17.05,14.6638,85440.0,0.0,1.0
2017-07-07,17.04,17.11,17.02,17.08,14.6896,79640.0,0.0,1.0
2017-07-10,17.14,17.15,16.99,17.04,14.6552,99489.0,0.0,1.0
2017-07-11,16.88,16.98,16.81,16.81,14.5916,124319.0,0.156,1.0
2017-07-12,16.95,16.99,16.53,16.53,14.3485,202603.0,0.0,1.0
2017-07-13,16.53,16.73,16.53,16.68,14.4787,86672.0,0.0,1.0
2017-07-14,16.7,16.86,16.68,16.72,14.5135,75374.0,0.0,1.0
2017-07-17,16.72,16.92,16.71,16.81,14.5916,94290.0,0.0,1.0
2017-07-18,16.86,17.15,16.86,17.15,14.8867,102822.0,0.0,1.0
2017-07-19,17.14,17.2099,17.06,17.09,14.8346,75726.0,0.0,1.0
2017-07-20,17.16,17.21,17.11,17.19,14.9214,56650.0,0.0,1.0
2017-07-21,17.2,17.2399,17.11,17.16,14.8954,61777.0,0.0,1.0
2017-07-24,17.13,17.25,17.13,17.2,14.9301,61268.0,0.0,1.0
2017-07-25,17.2,17.25,17.19,17.25,14.9735,55849.0,0.0,1.0
2017-07-26,17.26,17.26,17.19,17.19,14.9214,38724.0,0.0,1.0
2017-07-27,17.19,17.21,17.16,17.2,14.9301,46362.0,0.0,1.0
2017-07-28,17.18,17.225,16.97,17.2,14.9301,159009.0,0.0,1.0
2017-07-31,17.25,17.3,17.21,17.28,14.9995,60806.0,0.0,1.0
2017-08-01,17.31,17.4673,17.2877,17.35,15.0603,70580.0,0.0,1.0
2017-08-02,17.4,17.41,17.3101,17.4,15.1037,49666.0,0.0,1.0
2017-08-03,17.49,17.49,17.38,17.38,15.0863,47316.0,0.0,1.0
2017-08-04,17.44,17.44,17.361,17.42,15.1211,46314.0,0.0,1.0
2017-08-07,17.39,17.44,17.34,17.37,15.0777,104428.0,0.0,1.0
2017-08-08,17.37,17.41,17.28,17.35,15.0603,101041.0,0.0,1.0
2017-08-09,17.11,17.156,16.98,17.11,14.9874,89431.0,0.156,1.0
2017-08-10,17.06,17.0863,16.37,16.56,14.5056,155573.0,0.0,1.0
2017-08-11,16.69,16.84,16.6,16.84,14.7509,70690.0,0.0,1.0
2017-08-14,16.84,17.1,16.84,17.04,14.9261,87583.0,0.0,1.0
2017-08-15,17.09,17.18,17.06,17.14,15.0137,61302.0,0.0,1.0
2017-08-16,17.16,17.19,17.08,17.12,14.9962,61027.0,0.0,1.0
2017-08-17,17.08,17.18,17.08,17.1,14.9786,100081.0,0.0,1.0
2017-08-18,17.08,17.15,16.97,17.15,15.0224,107417.0,0.0,1.0
2017-08-21,17.24,17.35,17.12,17.31,15.1626,82868.0,0.0,1.0
2017-08-22,17.28,17.315,17.21,17.21,15.075,61971.0,0.0,1.0
2017-08-23,17.22,17.35,17.2,17.32,15.1713,54079.0,0.0,1.0
2017-08-24,17.29,17.44,17.27,17.44,15.2765,57724.0,0.0,1.0
2017-08-25,17.52,17.52,17.37,17.37,15.2151,64823.0,0.0,1.0
2017-08-28,17.41,17.53,17.36,17.53,15.3553,46945.0,0.0,1.0
2017-08-29,17.38,17.59,17.38,17.59,15.4078,39570.0,0.0,1.0
2017-08-30,17.51,17.54,17.46,17.51,15.3378,42541.0,0.0,1.0
2017-08-31,17.46,17.63,17.46,17.53,15.3553,66402.0,0.0,1.0
2017-09-01,17.52,17.52,17.5,17.52,15.3465,34113.0,0.0,1.0
2017-09-05,17.55,17.565,17.46,17.47,15.3027,55471.0,0.0,1.0
2017-09-06,17.5,17.55,17.48,17.54,15.364,55036.0,0.0,1.0
2017-09-07,17.5,17.62,17.5,17.6,15.4166,72441.0,0.0,1.0
2017-09-08,17.5,17.5632,17.34,17.37,15.3518,74044.0,0.156,1.0
2017-09-11,17.47,17.49,17.41,17.43,15.4048,79435.0,0.0,1.0
2017-09-12,17.47,17.62,17.4101,17.59,15.5462,96335.0,0.0,1.0
2017-09-13,17.65,17.65,17.53,17.53,15.4932,31279.0,0.0,1.0
2017-09-14,17.46,17.4999,17.413,17.43,15.4048,61566.0,0.0,1.0
2017-09-15,17.45,17.5399,17.41,17.45,15.4225,36092.0,0.0,1.0
2017-09-18,17.54,17.54,17.48,17.488,15.4561,67353.0,0.0,1.0
2017-09-19,17.5,17.58,17.45,17.58,15.5374,67960.0,0.0,1.0
2017-09-20,17.55,17.827,17.5,17.64,15.5904,104828.0,0.0,1.0
2017-09-21,17.71,17.75,17.6712,17.71,15.6523,41848.0,0.0,1.0
2017-09-22,17.77,17.87,17.72,17.86,15.7849,71925.0,0.0,1.0
2017-09-25,17.84,17.94,17.8,17.87,15.7937,75114.0,0.0,1.0
2017-09-26,17.92,17.94,17.86,17.94,15.8556,43597.0,0.0,1.0
2017-09-27,17.92,18.05,17.82,17.96,15.8732,58359.0,0.0,1.0
2017-09-28,17.95,18.23,17.72,18.15,16.0412,93582.0,0.0,1.0
2017-09-29,18.25,18.25,18.04,18.1,15.997,59053.0,0.0,1.0
2017-10-02,18.11,18.2,18.09,18.2,16.0853,49468.0,0.0,1.0
2017-10-03,18.15,18.25,18.11,18.2,16.0853,62232.0,0.0,1.0
2017-10-04,18.09,18.3,18.09,18.25,16.1295,54062.0,0.0,1.0
2017-10-05,18.25,18.76,18.15,18.52,16.3682,96150.0,0.0,1.0
2017-10-06,18.37,18.4634,18.18,18.36,16.2268,82792.0,0.0,1.0
2017-10-09,18.46,18.5,18.35,18.47,16.324,58089.0,0.0,1.0
2017-10-10,18.5,18.8032,18.25,18.28,16.1561,80339.0,0.0,1.0
2017-10-11,18.11,18.17,18.09,18.17,16.1967,67802.0,0.156,1.0
2017-10-12,18.16,18.36,18.16,18.3,16.3126,62839.0,0.0,1.0
2017-10-13,18.32,18.78,18.2601,18.58,16.5622,58122.0,0.0,1.0
2017-10-16,18.63,18.64,18.35,18.64,16.6157,43735.0,0.0,1.0
2017-10-17,18.69,18.69,18.41,18.48,16.473,76007.0,0.0,1.0
2017-10-18,18.48,18.48,17.62,17.66,15.7421,241214.0,0.0,1.0
2017-10-19,17.67,17.97,17.54,17.97,16.0184,74694.0,0.0,1.0
2017-10-20,18.04,18.04,17.8497,17.99,16.0363,62439.0,0.0,1.0
2017-10-23,18.0,18.15,17.92,18.15,16.1789,61645.0,0.0,1.0
2017-10-24,18.14,18.2636,18.06,18.25,16.268,56569.0,0.0,1.0
2017-10-25,18.3,18.3899,17.74,17.83,15.8936,102514.0,0.0,1.0
2017-10-26,17.88,17.9842,17.77,17.92,15.9739,90620.0,0.0,1.0
2017-10-27,18.06,18.28,17.7986,17.83,15.8936,53965.0,0.0,1.0
2017-10-30,17.82,18.15,17.82,18.08,16.1165,40857.0,0.0,1.0
2017-10-31,18.13,18.39,18.04,18.39,16.3928,41560.0,0.0,1.0
2017-11-01,18.39,18.4,18.17,18.4,16.4017,66006.0,0.0,1.0
2017-11-02,18.4,18.4,18.2801,18.4,16.4017,30915.0,0.0,1.0
2017-11-03,18.4,18.505,18.3039,18.37,16.375,43320.0,0.0,1.0
2017-11-06,18.37,18.7,18.33,18.59,16.5711,50688.0,0.0,1.0
2017-11-07,18.7,18.98,18.47,18.87,16.8207,86367.0,0.0,1.0
2017-11-08,18.81,18.89,18.53,18.8,16.7583,75902.0,0.0,1.0
2017-11-09,18.85,18.85,18.5272,18.66,16.6335,86158.0,0.0,1.0
2017-11-10,18.56,18.69,18.45,18.52,16.6478,63317.0,0.156,1.0
2017-11-13,18.52,19.46,18.43,18.58,16.7017,96190.0,0.0,1.0
2017-11-14,18.53,18.59,17.69,17.72,15.9286,115956.0,0.0,1.0
2017-11-15,17.75,17.88,17.3,17.67,15.8837,126244.0,0.0,1.0
2017-11-16,17.82,17.89,17.52,17.74,15.9466,63017.0,0.0,1.0
2017-11-17,17.82,17.8501,17.66,17.78,15.9826,33616.0,0.0,1.0
2017-11-20,17.83,18.0,17.7908,17.99,16.1713,37298.0,0.0,1.0
2017-11-21,18.0,18.42,17.92,18.33,16.477,68773.0,0.0,1.0
2017-11-22,18.39,18.46,18.275,18.37,16.5129,43294.0,0.0,1.0
2017-11-24,18.44,18.44,18.19,18.19,16.3511,14889.0,0.0,1.0
2017-11-27,18.28,18.3,17.97,18.09,16.2612,53820.0,0.0,1.0
2017-11-28,18.25,18.25,18.01,18.04,16.2163,41136.0,0.0,1.0
2017-11-29,18.08,18.25,18.03,18.17,16.3331,67276.0,0.0,1.0
2017-11-30,18.23,18.275,18.08,18.19,16.3511,54195.0,0.0,1.0
2017-12-01,18.3,18.39,18.12,18.25,16.4051,87438.0,0.0,1.0
2017-12-04,18.26,18.3799,18.04,18.04,16.2163,68313.0,0.0,1.0
2017-12-05,18.19,18.38,17.92,18.37,16.5129,83354.0,0.0,1.0
2017-12-06,18.38,18.4,17.78,17.92,16.1084,127062.0,0.0,1.0
2017-12-07,17.88,18.24,17.82,18.1,16.2702,88136.0,0.0,1.0
2017-12-08,17.84,18.16,17.75,17.75,16.0958,67425.0,0.156,1.0
2017-12-11,18.01,18.37,17.6,17.67,16.0233,61795.0,0.0,1.0
2017-12-12,17.6,17.65,17.5,17.61,15.9689,51123.0,0.0,1.0
2017-12-13,17.55,17.65,17.39,17.64,15.9961,100535.0,0.0,1.0
2017-12-14,17.38,17.6458,17.32,17.5,15.8691,106432.0,0.0,1.0
2017-12-15,17.44,17.56,17.42,17.47,15.8419,53131.0,0.0,1.0
2017-12-18,17.47,17.62,17.42,17.62,15.9779,75440.0,0.0,1.0
2017-12-19,17.6,17.74,17.5359,17.64,15.9961,22165.0,0.0,1.0
2017-12-20,17.53,17.592,17.4901,17.5623,15.9256,40629.0,0.0,1.0
2017-12-21,17.395,17.5849,17.37,17.43,15.8056,58353.0,0.0,1.0
2017-12-22,17.51,17.53,17.3401,17.5,15.8691,41377.0,0.0,1.0
2017-12-26,17.44,17.59,17.42,17.58,15.9417,30860.0,0.0,1.0
2017-12-27,17.55,17.62,17.48,17.5,15.8691,111030.0,0.0,1.0
2017-12-28,17.48,17.529,17.4,17.44,15.8147,53597.0,0.0,1.0
2017-12-29,17.47,17.6,17.45,17.5,15.8691,53896.0,0.0,1.0
2018-01-02,17.52,17.65,17.49,17.54,15.9054,115495.0,0.0,1.0
2018-01-03,17.54,17.65,17.45,17.53,15.8963,80686.0,0.0,1.0
2018-01-04,17.38,17.49,17.16,17.39,15.9108,94508.0,0.156,1.0
2018-01-05,17.35,17.6,17.26,17.43,15.9474,176531.0,0.0,1.0
2018-01-08,17.43,17.4499,17.1499,17.28,15.8102,183009.0,0.0,1.0
2018-01-09,17.16,17.19,17.06,17.09,15.6364,114865.0,0.0,1.0
2018-01-10,17.07,17.24,16.91,16.97,15.5266,356261.0,0.0,1.0
2018-01-11,16.9,17.036,16.88,17.0,15.554,88567.0,0.0,1.0
2018-01-12,16.94,16.99,16.76,16.89,15.4534,111308.0,0.0,1.0
2018-01-16,16.8,16.89,16.6,16.67,15.2521,107123.0,0.0,1.0
2018-01-17,16.64,16.88,16.64,16.73,15.307,95946.0,0.0,1.0
2018-01-18,16.7,16.7,16.21,16.23,14.8495,202057.0,0.0,1.0
2018-01-19,16.16,16.2215,15.62,15.84,14.4927,466906.0,0.0,1.0
2018-01-22,15.94,16.01,15.76,15.91,14.5567,144783.0,0.0,1.0
2018-01-23,15.9,15.956,15.63,15.76,14.4195,270545.0,0.0,1.0
2018-01-24,15.74,15.8,15.62,15.67,14.3371,156004.0,0.0,1.0
2018-01-25,15.7,15.75,15.6,15.62,14.2914,114680.0,0.0,1.0
2018-01-26,15.62,15.62,15.3,15.37,14.0627,279379.0,0.0,1.0
2018-01-29,15.31,15.3104,15.08,15.14,13.8522,268782.0,0.0,1.0
2018-01-30,15.1,15.2,14.97,14.99,13.715,171226.0,0.0,1.0
2018-01-31,15.01,15.09,14.8,14.92,13.6509,218341.0,0.0,1.0
2018-02-01,14.97,15.02,14.8901,15.0,13.7241,126829.0,0.0,1.0
2018-02-02,14.98,15.07,14.93,14.93,13.6601,139879.0,0.0,1.0
2018-02-05,14.89,15.21,14.81,14.84,13.5777,240029.0,0.0,1.0
2018-02-06,14.75,15.0,14.6,14.99,13.715,160802.0,0.0,1.0
2018-02-07,14.95,14.98,14.84,14.87,13.6052,157406.0,0.0,1.0
2018-02-08,14.86,14.86,14.49,14.63,13.3856,213632.0,0.0,1.0
2018-02-09,14.43,14.45,13.76,13.99,12.9428,226536.0,0.156,1.0
2018-02-12,14.05,14.15,13.92,13.97,12.9243,192010.0,0.0,1.0
2018-02-13,13.94,14.07,13.85,13.96,12.915,101911.0,0.0,1.0
2018-02-14,13.96,14.04,13.83,13.91,12.8688,174419.0,0.0,1.0
2018-02-15,13.87,14.15,13.86,14.15,13.0908,160747.0,0.0,1.0
2018-02-16,14.12,14.24,14.12,14.2,13.137,91851.0,0.0,1.0
2018-02-20,14.25,14.49,14.24,14.43,13.3498,281602.0,0.0,1.0
2018-02-21,14.49,14.81,14.455,14.77,13.6644,339107.0,0.0,1.0
2018-02-22,15.02,15.42,14.9,15.37,14.2195,476868.0,0.0,1.0
2018-02-23,15.35,15.35,15.08,15.22,14.0807,181220.0,0.0,1.0
2018-02-26,15.34,15.42,15.224,15.38,14.2287,144674.0,0.0,1.0
2018-02-27,15.44,15.46,15.24,15.31,14.164,126437.0,0.0,1.0
2018-02-28,15.38,15.39,15.27,15.3,14.1547,88877.0,0.0,1.0
2018-03-01,15.32,15.32,14.91,14.99,13.8679,154859.0,0.0,1.0
2018-03-02,14.95,15.26,14.82,15.1308,13.9982,77680.0,0.0,1.0
2018-03-05,15.14,15.194,15.02,15.17,14.0344,73682.0,0.0,1.0
2018-03-06,15.27,15.29,15.11,15.28,14.1362,65509.0,0.0,1.0
2018-03-07,15.25,15.45,15.25,15.39,14.238,75398.0,0.0,1.0
2018-03-08,15.4,15.66,15.4,15.62,14.4508,113167.0,0.0,1.0
2018-03-09,15.59,15.65,15.2168,15.43,14.4193,114123.0,0.156,1.0
2018-03-12,15.47,15.611,15.4,15.61,14.5875,55015.0,0.0,1.0
2018-03-13,15.62,15.6499,15.08,15.54,14.5221,146239.0,0.0,1.0
2018-03-14,15.56,15.575,15.2,15.26,14.2604,79566.0,0.0,1.0
2018-03-15,15.31,15.59,15.305,15.58,14.5595,70477.0,0.0,1.0
2018-03-16,15.59,15.6099,15.195,15.4,14.3913,80625.0,0.0,1.0
2018-03-19,15.37,15.385,15.0,15.08,14.0922,98133.0,0.0,1.0
2018-03-20,15.13,15.37,15.05,15.35,14.3445,42295.0,0.0,1.0
2018-03-21,15.38,15.417,15.23,15.37,14.3632,25049.0,0.0,1.0
2018-03-22,15.33,15.4169,15.24,15.26,14.2604,32427.0,0.0,1.0
2018-03-23,15.26,15.35,15.21,15.23,14.2324,22366.0,0.0,1.0
2018-03-26,15.22,15.27,15.0,15.18,14.1857,61665.0,0.0,1.0
2018-03-27,15.16,15.265,15.12,15.18,14.1857,22167.0,0.0,1.0
2018-03-28,15.13,15.185,15.06,15.17,14.1763,44639.0,0.0,1.0
2018-03-29,15.17,15.35,15.09,15.35,14.3445,50214.0,0.0,1.0
2018-04-02,15.4,15.5002,15.32,15.44,14.4286,49486.0,0.0,1.0
2018-04-03,15.45,15.65,15.38,15.65,14.6249,62345.0,0.0,1.0
2018-04-04,15.43,15.72,15.38,15.69,14.6623,68895.0,0.0,1.0
2018-04-05,15.71,15.9,15.461,15.7,14.6716,76936.0,0.0,1.0
2018-04-06,15.63,15.82,15.5986,15.74,14.709,50168.0,0.0,1.0
2018-04-09,15.75,16.12,15.68,15.89,14.8492,146790.0,0.0,1.0
2018-04-10,15.92,16.0,15.77,15.91,14.8679,56287.0,0.0,1.0
2018-04-11,15.73,15.8317,15.6,15.62,14.7426,65825.0,0.156,1.0
2018-04-12,15.6,15.6237,15.341,15.39,14.5256,55159.0,0.0,1.0
2018-04-13,15.45,15.45,15.261,15.39,14.5256,35796.0,0.0,1.0
2018-04-16,15.35,15.45,15.25,15.39,14.5256,52716.0,0.0,1.0
2018-04-17,15.39,15.53,15.39,15.49,14.6199,25597.0,0.0,1.0
2018-04-18,15.5,15.5,15.36,15.38,14.5161,23373.0,0.0,1.0
2018-04-19,15.35,15.45,15.28,15.32,14.4595,35705.0,0.0,1.0
2018-04-20,15.31,15.31,15.2201,15.26,14.4029,38824.0,0.0,1.0
2018-04-23,15.26,15.27,15.13,15.18,14.3273,49160.0,0.0,1.0
2018-04-24,15.17,15.24,15.0901,15.145,14.2943,50570.0,0.0,1.0
2018-04-25,15.09,15.22,15.06,15.1656,14.3138,27025.0,0.0,1.0
2018-04-26,15.24,15.24,15.17,15.1901,14.3369,28168.0,0.0,1.0
2018-04-27,15.21,15.23,15.1,15.13,14.2802,43523.0,0.0,1.0
2018-04-30,15.13,15.185,15.04,15.09,14.2424,66787.0,0.0,1.0
2018-05-01,15.08,15.29,15.06,15.28,14.4217,35429.0,0.0,1.0
2018-05-02,15.26,15.28,15.18,15.28,14.4217,38236.0,0.0,1.0
2018-05-03,15.28,15.28,15.188,15.2172,14.3625,27861.0,0.0,1.0
2018-05-04,15.14,15.23,15.1099,15.14,14.2896,61904.0,0.0,1.0
2018-05-07,15.15,15.46,15.11,15.41,14.5444,90211.0,0.0,1.0
2018-05-08,15.45,15.48,15.11,15.22,14.3651,86733.0,0.0,1.0
2018-05-09,15.16,15.185,14.96,15.0,14.1575,99882.0,0.0,1.0
2018-05-10,14.98,14.98,14.79,14.9,14.2103,109471.0,0.156,1.0
2018-05-11,14.82,14.8522,14.5701,14.61,13.9337,118379.0,0.0,1.0
2018-05-14,14.55,14.62,14.25,14.55,13.8765,173454.0,0.0,1.0
2018-05-15,14.56,14.61,14.48,14.58,13.9051,49507.0,0.0,1.0
2018-05-16,14.58,14.85,14.5201,14.83,14.1436,50597.0,0.0,1.0
2018-05-17,14.81,14.88,14.68,14.78,14.0959,32039.0,0.0,1.0
2018-05-18,14.73,14.8499,14.58,14.61,13.9337,89446.0,0.0,1.0
2018-05-21,14.72,14.9,14.6,14.68,14.0005,73147.0,0.0,1.0
2018-05-22,14.68,14.8199,14.59,14.59,13.9147,48286.0,0.0,1.0
2018-05-23,14.6,14.715,14.56,14.66,13.9814,49004.0,0.0,1.0
2018-05-24,13.98,14.15,13.7,13.83,13.1898,562975.0,0.0,1.0
2018-05-25,13.83,14.13,13.74,14.12,13.4664,175303.0,0.0,1.0
2018-05-29,14.06,14.26,14.02,14.25,13.5904,85816.0,0.0,1.0
2018-05-30,14.23,14.24,14.01,14.05,13.3997,124576.0,0.0,1.0
2018-05-31,13.96,14.09,13.96,14.069,13.4178,52194.0,0.0,1.0
2018-06-01,14.1,14.1,14.01,14.06,13.4092,32227.0,0.0,1.0
2018-06-04,14.06,14.0602,14.0,14.02,13.371,100983.0,0.0,1.0
2018-06-05,14.05,14.2411,13.99,14.12,13.4664,75422.0,0.0,1.0
2018-06-06,14.07,14.11,13.97,14.05,13.3997,68053.0,0.0,1.0
2018-06-07,13.98,14.02,13.9,13.96,13.3138,116112.0,0.0,1.0
2018-06-08,13.85,13.87,13.73,13.79,13.2719,89985.0,0.126,1.0
2018-06-11,13.82,13.93,13.77,13.92,13.397,138227.0,0.0,1.0
2018-06-12,13.93,13.96,13.84,13.95,13.4258,66855.0,0.0,1.0
2018-06-13,13.9,13.94,13.81,13.91,13.3874,74821.0,0.0,1.0
2018-06-14,13.85,13.9,13.8,13.83,13.3104,73110.0,0.0,1.0
2018-06-15,13.85,13.85,13.751,13.8,13.2815,51627.0,0.0,1.0
2018-06-18,13.88,13.88,13.5,13.6,13.089,169768.0,0.0,1.0
2018-06-19,13.55,13.6,13.4703,13.55,13.0409,94694.0,0.0,1.0
2018-06-20,13.59,13.63,13.48,13.58,13.0698,96479.0,0.0,1.0
2018-06-21,13.61,13.64,13.39,13.52,13.012,142412.0,0.0,1.0
2018-06-22,13.52,13.59,13.5,13.57,13.0601,55655.0,0.0,1.0
2018-06-25,13.57,13.6,13.4836,13.55,13.0409,37108.0,0.0,1.0
2018-06-26,13.5,13.531,13.45,13.49,12.9831,62085.0,0.0,1.0
2018-06-27,13.48,13.55,13.37,13.41,12.9061,73720.0,0.0,1.0
2018-06-28,13.44,13.44,13.33,13.39,12.8869,80250.0,0.0,1.0
2018-06-29,13.37,13.46,13.37,13.37,12.8676,37225.0,0.0,1.0
2018-07-02,13.39,13.46,13.3201,13.45,12.9446,90154.0,0.0,1.0
2018-07-03,13.47,13.4905,13.38,13.43,12.9254,45634.0,0.0,1.0
2018-07-05,13.45,13.55,13.4317,13.53,13.0216,64152.0,0.0,1.0
2018-07-06,13.53,13.67,13.53,13.66,13.1467,60101.0,0.0,1.0
2018-07-09,13.67,13.75,13.67,13.7125,13.1973,38796.0,0.0,1.0
2018-07-10,13.75,13.75,13.6146,13.69,13.1756,67662.0,0.0,1.0
2018-07-11,13.49,13.62,13.42,13.48,13.0948,51091.0,0.126,1.0
2018-07-12,13.51,13.5452,13.48,13.53,13.1433,22343.0,0.0,1.0
2018-07-13,13.53,13.61,13.5205,13.55,13.1628,23231.0,0.0,1.0
2018-07-16,13.52,13.59,13.51,13.54,13.1531,57227.0,0.0,1.0
2018-07-17,13.56,13.57,13.5001,13.54,13.1531,48950.0,0.0,1.0
2018-07-18,13.51,13.58,13.22,13.39,13.0073,165738.0,0.0,1.0
2018-07-19,13.52,13.52,13.3799,13.51,13.1239,48764.0,0.0,1.0
2018-07-20,13.58,13.58,13.48,13.57,13.1822,44971.0,0.0,1.0
2018-07-23,13.57,13.65,13.55,13.6,13.2113,43429.0,0.0,1.0
2018-07-24,13.69,13.69,13.59,13.63,13.2405,74674.0,0.0,1.0
2018-07-25,13.68,13.68,13.5,13.64,13.2502,42978.0,0.0,1.0
2018-07-26,13.63,13.64,13.55,13.62,13.2308,36577.0,0.0,1.0
2018-07-27,13.64,13.64,13.6,13.63,13.2405,27266.0,0.0,1.0
2018-07-30,13.63,13.63,13.583,13.601,13.2123,31821.0,0.0,1.0
2018-07-31,13.63,13.68,13.53,13.57,13.1822,59062.0,0.0,1.0
2018-08-01,13.59,13.63,13.56,13.61,13.2211,32723.0,0.0,1.0
2018-08-02,13.61,13.63,13.53,13.54,13.1531,58483.0,0.0,1.0
2018-08-03,13.58,13.6,13.55,13.55,13.1628,56741.0,0.0,1.0
2018-08-06,13.56,13.64,13.56,13.59,13.2016,39374.0,0.0,1.0
2018-08-07,13.6,13.6372,13.57,13.6,13.2113,93358.0,0.0,1.0
2018-08-08,13.59,13.6119,13.53,13.6,13.2113,37101.0,0.0,1.0
2018-08-09,13.64,13.67,13.61,13.63,13.2405,77022.0,0.0,1.0
2018-08-10,13.48,13.49,13.339,13.4135,13.1526,110745.0,0.126,1.0
2018-08-13,13.49,13.49,13.2,13.25,12.9923,87366.0,0.0,1.0
2018-08-14,13.25,13.32,13.22,13.22,12.9628,104290.0,0.0,1.0
2018-08-15,13.25,13.31,13.19,13.2184,12.9613,48565.0,0.0,1.0
2018-08-16,13.29,13.32,13.22,13.31,13.0511,67883.0,0.0,1.0
2018-08-17,13.28,13.39,13.2615,13.37,13.1099,38449.0,0.0,1.0
2018-08-20,13.47,13.47,13.36,13.4,13.1393,58735.0,0.0,1.0
2018-08-21,13.47,13.47,13.35,13.42,13.1589,65146.0,0.0,1.0
2018-08-22,13.42,13.42,13.33,13.3999,13.1392,59076.0,0.0,1.0
2018-08-23,13.44,13.44,13.37,13.38,13.1197,25997.0,0.0,1.0
2018-08-24,13.43,13.45,13.32,13.34,13.0805,54513.0,0.0,1.0
2018-08-27,13.39,13.45,13.35,13.43,13.1688,38361.0,0.0,1.0
2018-08-28,13.47,13.47,13.32,13.38,13.1197,58264.0,0.0,1.0
2018-08-29,13.36,13.37,13.24,13.3309,13.0716,95809.0,0.0,1.0
2018-08-30,13.35,13.38,13.21,13.21,12.953,72406.0,0.0,1.0
2018-08-31,13.23,13.26,13.22,13.22,12.9628,35876.0,0.0,1.0
2018-09-04,13.2,13.22,13.17,13.21,12.953,44700.0,0.0,1.0
2018-09-05,13.16,13.2,13.13,13.13,12.8746,48047.0,0.0,1.0
2018-09-06,13.13,13.2,13.12,13.2,12.9432,61682.0,0.0,1.0
2018-09-07,13.15,13.168,13.07,13.1,12.8452,80493.0,0.0,1.0
2018-09-10,13.09,13.16,13.02,13.16,12.904,85358.0,0.0,1.0
2018-09-11,13.15,13.2,13.09,13.17,12.9138,67560.0,0.0,1.0
2018-09-12,13.15,13.3,13.15,13.25,12.9923,81508.0,0.0,1.0
2018-09-13,13.18,13.24,13.0701,13.1415,13.0094,63044.0,0.126,1.0
2018-09-14,13.2,13.205,13.06,13.09,12.9584,43286.0,0.0,1.0
2018-09-17,13.11,13.13,13.04,13.07,12.9386,30893.0,0.0,1.0
2018-09-18,13.06,13.09,13.01,13.01,12.8792,57852.0,0.0,1.0
2018-09-19,13.09,13.09,13.01,13.08,12.9485,53140.0,0.0,1.0
2018-09-20,13.13,13.13,13.02,13.1,12.9683,54353.0,0.0,1.0
2018-09-21,13.12,13.14,13.04,13.14,13.0079,73956.0,0.0,1.0
2018-09-24,13.09,13.12,12.9747,13.02,12.8891,61354.0,0.0,1.0
2018-09-25,13.06,13.089,13.0066,13.07,12.9386,19134.0,0.0,1.0
2018-09-26,13.16,13.16,13.08,13.11,12.9782,67748.0,0.0,1.0
2018-09-27,13.19,13.19,13.1334,13.19,13.0574,71005.0,0.0,1.0
2018-09-28,13.19,13.22,13.1,13.22,13.0871,87727.0,0.0,1.0
2018-10-01,13.25,13.25,13.1605,13.19,13.0574,30458.0,0.0,1.0
2018-10-02,13.17,13.24,13.15,13.24,13.1069,28035.0,0.0,1.0
2018-10-03,13.25,13.25,13.1,13.11,12.9782,44361.0,0.0,1.0
2018-10-04,13.05,13.11,12.7,12.94,12.8099,76200.0,0.0,1.0
2018-10-05,12.85,12.92,12.681,12.83,12.701,63362.0,0.0,1.0
2018-10-08,12.95,12.95,12.78,12.78,12.6515,40328.0,0.0,1.0
2018-10-09,12.73,12.773,12.67,12.75,12.6218,67078.0,0.0,1.0
2018-10-10,12.62,12.62,12.36,12.41,12.41,76363.0,0.126,1.0
2018-10-11,12.28,12.3199,11.92,12.0,12.0,145122.0,0.0,1.0
