date,1. open,2. high,3. low,4. close,5. adjusted close,6. volume,7. dividend amount,8. split coefficient
2012-08-31,23.84,23.84,23.84,23.84,21.1777,0.0,0.0,1.0
2012-09-04,23.84,23.84,23.84,23.84,21.1777,0.0,0.0,1.0
2012-09-05,23.84,23.84,23.84,23.84,21.1777,0.0,0.0,1.0
2012-09-06,23.83,23.83,23.83,23.83,21.1688,0.0,0.0,1.0
2012-09-07,23.84,23.84,23.84,23.84,21.1777,0.0,0.0,1.0
2012-09-10,23.84,23.84,23.84,23.84,21.1777,0.0,0.0,1.0
2012-09-11,23.84,23.84,23.84,23.84,21.1777,0.0,0.0,1.0
2012-09-12,23.82,23.82,23.82,23.82,21.16,0.0,0.0,1.0
2012-09-13,23.83,23.83,23.83,23.83,21.1688,0.0,0.0,1.0
2012-09-14,23.8,23.8,23.8,23.8,21.1422,0.0,0.0,1.0
2012-09-17,23.8,23.8,23.8,23.8,21.1422,0.0,0.0,1.0
2012-09-18,23.81,23.81,23.81,23.81,21.1511,0.0,0.0,1.0
2012-09-19,23.84,23.84,23.84,23.84,21.1777,0.0,0.0,1.0
2012-09-20,23.86,23.86,23.86,23.86,21.1955,0.0,0.0,1.0
2012-09-21,23.87,23.87,23.87,23.87,21.2044,0.0,0.0,1.0
2012-09-24,23.89,23.89,23.89,23.89,21.2221,0.0,0.0,1.0
2012-09-25,23.89,23.89,23.89,23.89,21.2221,0.0,0.0,1.0
2012-09-26,23.93,23.93,23.93,23.93,21.2577,0.0,0.0,1.0
2012-09-27,23.95,23.95,23.95,23.95,21.2754,0.0,0.0,1.0
2012-09-28,23.97,23.97,23.97,23.97,21.2932,0.0,0.0,1.0
2012-10-01,23.97,23.97,23.97,23.97,21.2932,0.0,0.0,1.0
2012-10-02,23.98,23.98,23.98,23.98,21.3021,0.0,0.0,1.0
2012-10-03,23.99,23.99,23.99,23.99,21.311,0.0,0.0,1.0
2012-10-04,24.0,24.0,24.0,24.0,21.3199,0.0,0.0,1.0
2012-10-05,23.98,23.98,23.98,23.98,21.3021,0.0,0.0,1.0
2012-10-08,23.98,23.98,23.98,23.98,21.3021,0.0,0.0,1.0
2012-10-09,23.98,23.98,23.98,23.98,21.3021,0.0,0.0,1.0
2012-10-10,23.98,23.98,23.98,23.98,21.3021,0.0,0.0,1.0
2012-10-11,23.99,23.99,23.99,23.99,21.311,0.0,0.0,1.0
2012-10-12,24.02,24.02,24.02,24.02,21.3376,0.0,0.0,1.0
2012-10-15,24.02,24.02,24.02,24.02,21.3376,0.0,0.0,1.0
2012-10-16,24.02,24.02,24.02,24.02,21.3376,0.0,0.0,1.0
2012-10-17,23.99,23.99,23.99,23.99,21.311,0.0,0.0,1.0
2012-10-18,23.89,23.89,23.89,23.89,21.2221,0.0,0.0,1.0
2012-10-19,23.89,23.89,23.89,23.89,21.2221,0.0,0.0,1.0
2012-10-22,23.9,23.9,23.9,23.9,21.231,0.0,0.0,1.0
2012-10-23,23.92,23.92,23.92,23.92,21.2488,0.0,0.0,1.0
2012-10-24,23.93,23.93,23.93,23.93,21.2577,0.0,0.0,1.0
2012-10-25,23.91,23.91,23.91,23.91,21.2399,0.0,0.0,1.0
2012-10-26,23.94,23.94,23.94,23.94,21.2666,0.0,0.0,1.0
2012-10-31,23.94,23.94,23.94,23.94,21.2666,0.0,0.0,1.0
2012-11-01,23.94,23.94,23.94,23.94,21.2666,0.0,0.0,1.0
2012-11-02,23.95,23.95,23.95,23.95,21.2754,0.0,0.0,1.0
2012-11-05,23.96,23.96,23.96,23.96,21.2843,0.0,0.0,1.0
2012-11-06,23.96,23.96,23.96,23.96,21.2843,0.0,0.0,1.0
2012-11-07,24.07,24.07,24.07,24.07,21.382,0.0,0.0,1.0
2012-11-08,24.14,24.14,24.14,24.14,21.4442,0.0,0.0,1.0
2012-11-09,24.19,24.19,24.19,24.19,21.4886,0.0,0.0,1.0
2012-11-12,24.19,24.19,24.19,24.19,21.4886,0.0,0.0,1.0
2012-11-13,24.12,24.12,24.12,24.12,21.4265,0.0,0.0,1.0
2012-11-14,24.18,24.18,24.18,24.18,21.4798,0.0,0.0,1.0
2012-11-15,24.28,24.28,24.28,24.28,21.5686,0.0,0.0,1.0
2012-11-16,24.3,24.3,24.3,24.3,21.5864,0.0,0.0,1.0
2012-11-19,24.33,24.33,24.33,24.33,21.613,0.0,0.0,1.0
2012-11-20,24.34,24.34,24.34,24.34,21.6219,0.0,0.0,1.0
2012-11-21,24.35,24.35,24.35,24.35,21.6308,0.0,0.0,1.0
2012-11-23,24.36,24.36,24.36,24.36,21.6397,0.0,0.0,1.0
2012-11-26,24.39,24.39,24.39,24.39,21.6663,0.0,0.0,1.0
2012-11-27,24.42,24.42,24.42,24.42,21.693,0.0,0.0,1.0
2012-11-28,24.47,24.47,24.47,24.47,21.7374,0.0,0.0,1.0
2012-11-29,24.5,24.5,24.5,24.5,21.764,0.0,0.0,1.0
2012-11-30,24.52,24.52,24.52,24.52,21.7818,0.0,0.0,1.0
2012-12-03,24.52,24.52,24.52,24.52,21.7818,0.0,0.0,1.0
2012-12-04,24.52,24.52,24.52,24.52,21.7818,0.0,0.0,1.0
2012-12-05,24.54,24.54,24.54,24.54,21.7996,0.0,0.0,1.0
2012-12-06,24.56,24.56,24.56,24.56,21.8173,0.0,0.0,1.0
2012-12-07,24.56,24.56,24.56,24.56,21.8173,0.0,0.0,1.0
2012-12-10,24.55,24.55,24.55,24.55,21.8084,0.0,0.0,1.0
2012-12-11,24.42,24.42,24.42,24.42,21.693,0.0,0.0,1.0
2012-12-12,24.28,24.28,24.28,24.28,21.5686,0.0,0.0,1.0
2012-12-13,24.18,24.18,24.18,24.18,21.4798,0.0,0.0,1.0
2012-12-14,24.1,24.1,24.1,24.1,21.4087,0.0,0.0,1.0
2012-12-17,23.9,23.9,23.9,23.9,21.231,0.0,0.0,1.0
2012-12-18,23.71,23.71,23.71,23.71,21.0622,0.0,0.0,1.0
2012-12-19,23.69,23.69,23.69,23.69,21.0445,0.0,0.0,1.0
2012-12-20,23.71,23.71,23.71,23.71,21.0622,0.0,0.0,1.0
2012-12-21,23.75,23.75,23.75,23.75,21.0978,0.0,0.0,1.0
2012-12-24,23.75,23.75,23.75,23.75,21.0978,0.0,0.0,1.0
2012-12-26,23.75,23.75,23.75,23.75,21.0978,0.0,0.0,1.0
2012-12-27,23.77,23.77,23.77,23.77,21.1155,0.0,0.0,1.0
2012-12-28,23.79,23.79,23.79,23.79,21.1333,0.0,0.0,1.0
2012-12-31,23.8,23.8,23.8,23.8,21.1422,0.0,0.0,1.0
2013-01-02,23.78,23.78,23.78,23.78,21.1244,0.0,0.0,1.0
2013-01-03,23.79,23.79,23.79,23.79,21.1333,0.0,0.0,1.0
2013-01-04,23.77,23.77,23.77,23.77,21.1155,0.0,0.0,1.0
2013-01-07,23.82,23.82,23.82,23.82,21.16,0.0,0.0,1.0
2013-01-08,23.93,23.93,23.93,23.93,21.2577,0.0,0.0,1.0
2013-01-09,24.0,24.0,24.0,24.0,21.3199,0.0,0.0,1.0
2013-01-10,24.01,24.01,24.01,24.01,21.3287,0.0,0.0,1.0
2013-01-11,23.95,23.95,23.95,23.95,21.2754,0.0,0.0,1.0
2013-01-14,24.01,24.01,24.01,24.01,21.3287,0.0,0.0,1.0
2013-01-15,24.07,24.07,24.07,24.07,21.382,0.0,0.0,1.0
2013-01-16,24.16,24.16,24.16,24.16,21.462,0.0,0.0,1.0
2013-01-17,24.15,24.15,24.15,24.15,21.4531,0.0,0.0,1.0
2013-01-18,24.19,24.19,24.19,24.19,21.4886,0.0,0.0,1.0
2013-01-22,24.19,24.19,24.19,24.19,21.4886,0.0,0.0,1.0
2013-01-23,24.2,24.2,24.2,24.2,21.4975,0.0,0.0,1.0
2013-01-24,24.15,24.15,24.15,24.15,21.4531,0.0,0.0,1.0
2013-01-25,24.04,24.04,24.04,24.04,21.3554,0.0,0.0,1.0
2013-01-28,23.96,23.96,23.96,23.96,21.2843,0.0,0.0,1.0
2013-01-29,23.92,23.92,23.92,23.92,21.2488,0.0,0.0,1.0
2013-01-30,23.86,23.86,23.86,23.86,21.1955,0.0,0.0,1.0
2013-01-31,23.86,23.86,23.86,23.86,21.1955,0.0,0.0,1.0
2013-02-01,23.86,23.86,23.86,23.86,21.1955,0.0,0.0,1.0
2013-02-04,23.86,23.86,23.86,23.86,21.1955,0.0,0.0,1.0
2013-02-05,23.83,23.83,23.83,23.83,21.1688,0.0,0.0,1.0
2013-02-06,23.84,23.84,23.84,23.84,21.1777,0.0,0.0,1.0
2013-02-07,23.87,23.87,23.87,23.87,21.2044,0.0,0.0,1.0
2013-02-08,23.88,23.88,23.88,23.88,21.2133,0.0,0.0,1.0
2013-02-11,23.89,23.89,23.89,23.89,21.2221,0.0,0.0,1.0
2013-02-12,23.86,23.86,23.86,23.86,21.1955,0.0,0.0,1.0
2013-02-13,23.69,23.69,23.69,23.69,21.0445,0.0,0.0,1.0
2013-02-14,23.69,23.69,23.69,23.69,21.0445,0.0,0.0,1.0
2013-02-15,23.73,23.73,23.73,23.73,21.08,0.0,0.0,1.0
2013-02-19,23.74,23.74,23.74,23.74,21.0889,0.0,0.0,1.0
2013-02-20,23.67,23.67,23.67,23.67,21.0267,0.0,0.0,1.0
2013-02-21,23.66,23.66,23.66,23.66,21.0178,0.0,0.0,1.0
2013-02-22,23.66,23.66,23.66,23.66,21.0178,0.0,0.0,1.0
2013-02-25,23.69,23.69,23.69,23.69,21.0445,0.0,0.0,1.0
2013-02-26,23.79,23.79,23.79,23.79,21.1333,0.0,0.0,1.0
2013-02-27,23.82,23.82,23.82,23.82,21.16,0.0,0.0,1.0
2013-02-28,23.82,23.82,23.82,23.82,21.16,0.0,0.0,1.0
2013-03-01,23.88,23.88,23.88,23.88,21.2133,0.0,0.0,1.0
2013-03-04,23.86,23.86,23.86,23.86,21.1955,0.0,0.0,1.0
2013-03-05,23.8,23.8,23.8,23.8,21.1422,0.0,0.0,1.0
2013-03-06,23.62,23.62,23.62,23.62,20.9823,0.0,0.0,1.0
2013-03-07,23.56,23.56,23.56,23.56,20.929,0.0,0.0,1.0
2013-03-08,23.31,23.31,23.31,23.31,20.7069,0.0,0.0,1.0
2013-03-11,23.3,23.3,23.3,23.3,20.698,0.0,0.0,1.0
2013-03-12,23.28,23.28,23.28,23.28,20.6803,0.0,0.0,1.0
2013-03-13,23.12,23.12,23.12,23.12,20.5381,0.0,0.0,1.0
2013-03-14,23.01,23.01,23.01,23.01,20.4404,0.0,0.0,1.0
2013-03-15,23.02,23.02,23.02,23.02,20.4493,0.0,0.0,1.0
2013-03-18,23.11,23.11,23.11,23.11,20.5292,0.0,0.0,1.0
2013-03-19,23.16,23.16,23.16,23.16,20.5737,0.0,0.0,1.0
2013-03-20,23.11,23.11,23.11,23.11,20.5292,0.0,0.0,1.0
2013-03-21,23.11,23.11,23.11,23.11,20.5292,0.0,0.0,1.0
2013-03-22,23.13,23.13,23.13,23.13,20.547,0.0,0.0,1.0
2013-03-25,23.13,23.13,23.13,23.13,20.547,0.0,0.0,1.0
2013-03-26,23.12,23.12,23.12,23.12,20.5381,0.0,0.0,1.0
2013-03-27,23.17,23.17,23.17,23.17,20.5825,0.0,0.0,1.0
2013-03-28,23.18,23.18,23.18,23.18,20.5914,0.0,0.0,1.0
2013-04-01,23.19,23.19,23.19,23.19,20.6003,0.0,0.0,1.0
2013-04-02,23.2,23.2,23.2,23.2,20.6092,0.0,0.0,1.0
2013-04-03,23.25,23.25,23.25,23.25,20.6536,0.0,0.0,1.0
2013-04-04,23.35,23.35,23.35,23.35,20.7424,0.0,0.0,1.0
2013-04-05,23.62,23.62,23.62,23.62,20.9823,0.0,0.0,1.0
2013-04-08,23.62,23.62,23.62,23.62,20.9823,0.0,0.0,1.0
2013-04-09,23.61,23.61,23.61,23.61,20.9734,0.0,0.0,1.0
2013-04-10,23.54,23.54,23.54,23.54,20.9112,0.0,0.0,1.0
2013-04-11,23.44,23.44,23.44,23.44,20.8224,0.0,0.0,1.0
2013-04-12,23.5,23.5,23.5,23.5,20.8757,0.0,0.0,1.0
2013-04-15,23.51,23.51,23.51,23.51,20.8846,0.0,0.0,1.0
2013-04-16,23.5,23.5,23.5,23.5,20.8757,0.0,0.0,1.0
2013-04-17,23.6,23.6,23.6,23.6,20.9645,0.0,0.0,1.0
2013-04-18,23.61,23.61,23.61,23.61,20.9734,0.0,0.0,1.0
2013-04-19,23.59,23.59,23.59,23.59,20.9556,0.0,0.0,1.0
2013-04-22,23.6,23.6,23.6,23.6,20.9645,0.0,0.0,1.0
2013-04-23,23.6,23.6,23.6,23.6,20.9645,0.0,0.0,1.0
2013-04-24,23.61,23.61,23.61,23.61,20.9734,0.0,0.0,1.0
2013-04-25,23.63,23.63,23.63,23.63,20.9912,0.0,0.0,1.0
2013-04-26,23.71,23.71,23.71,23.71,21.0622,0.0,0.0,1.0
2013-04-29,23.71,23.71,23.71,23.71,21.0622,0.0,0.0,1.0
2013-04-30,23.79,23.79,23.79,23.79,21.1333,0.0,0.0,1.0
2013-05-01,23.93,23.93,23.93,23.93,21.2577,0.0,0.0,1.0
2013-05-02,23.93,23.93,23.93,23.93,21.2577,0.0,0.0,1.0
2013-05-03,23.82,23.82,23.82,23.82,21.16,0.0,0.0,1.0
2013-05-06,23.69,23.69,23.69,23.69,21.0445,0.0,0.0,1.0
2013-05-07,23.66,23.66,23.66,23.66,21.0178,0.0,0.0,1.0
2013-05-08,23.66,23.66,23.66,23.66,21.0178,0.0,0.0,1.0
2013-05-09,23.73,23.73,23.73,23.73,21.08,0.0,0.0,1.0
2013-05-10,23.6,23.6,23.6,23.6,20.9645,0.0,0.0,1.0
2013-05-13,23.49,23.49,23.49,23.49,20.8668,0.0,0.0,1.0
2013-05-14,23.43,23.43,23.43,23.43,20.8135,0.0,0.0,1.0
2013-05-15,23.43,23.43,23.43,23.43,20.8135,0.0,0.0,1.0
2013-05-16,23.49,23.49,23.49,23.49,20.8668,0.0,0.0,1.0
2013-05-17,23.47,23.47,23.47,23.47,20.849,0.0,0.0,1.0
2013-05-20,23.43,23.43,23.43,23.43,20.8135,0.0,0.0,1.0
2013-05-21,23.39,23.39,23.39,23.39,20.778,0.0,0.0,1.0
2013-05-22,23.33,23.33,23.33,23.33,20.7247,0.0,0.0,1.0
2013-05-23,23.24,23.24,23.24,23.24,20.6447,0.0,0.0,1.0
2013-05-24,23.26,23.26,23.26,23.26,20.6625,0.0,0.0,1.0
2013-05-28,23.05,23.05,23.05,23.05,20.4759,0.0,0.0,1.0
2013-05-29,22.85,22.85,22.85,22.85,20.2983,0.0,0.0,1.0
2013-05-30,22.81,22.81,22.81,22.81,20.2627,0.0,0.0,1.0
2013-05-31,22.76,22.76,22.76,22.76,20.2183,0.0,0.0,1.0
2013-06-03,22.75,22.75,22.75,22.75,20.2094,0.0,0.0,1.0
2013-06-04,22.6,22.6,22.6,22.6,20.0762,0.0,0.0,1.0
2013-06-05,22.54,22.54,22.54,22.54,20.0229,0.0,0.0,1.0
2013-06-06,22.54,22.54,22.54,22.54,20.0229,0.0,0.0,1.0
2013-06-07,22.35,22.35,22.35,22.35,19.8541,0.0,0.0,1.0
2013-06-10,22.09,22.09,22.09,22.09,19.6232,0.0,0.0,1.0
2013-06-11,21.78,21.78,21.78,21.78,19.3478,0.0,0.0,1.0
2013-06-12,21.49,21.49,21.49,21.49,19.0902,0.0,0.0,1.0
2013-06-13,21.42,21.42,21.42,21.42,19.028,0.0,0.0,1.0
2013-06-14,21.46,21.46,21.46,21.46,19.0635,0.0,0.0,1.0
2013-06-17,21.43,21.43,21.43,21.43,19.0369,0.0,0.0,1.0
2013-06-18,21.33,21.33,21.33,21.33,18.948,0.0,0.0,1.0
2013-06-19,21.12,21.12,21.12,21.12,18.7615,0.0,0.0,1.0
2013-06-20,20.41,20.41,20.41,20.41,18.1308,0.0,0.0,1.0
2013-06-21,19.49,19.49,19.49,19.49,17.3135,0.0,0.0,1.0
2013-06-24,18.55,18.55,18.55,18.55,16.4785,0.0,0.0,1.0
2013-06-25,18.57,18.57,18.57,18.57,16.4962,0.0,0.0,1.0
2013-06-26,19.35,19.35,19.35,19.35,17.1891,0.0,0.0,1.0
2013-06-27,19.74,19.74,19.74,19.74,17.5356,0.0,0.0,1.0
2013-06-28,19.84,19.84,19.84,19.84,17.6244,0.0,0.0,1.0
2013-07-01,19.85,19.85,19.85,19.85,17.6333,0.0,0.0,1.0
2013-07-02,19.86,19.86,19.86,19.86,17.6422,0.0,0.0,1.0
2013-07-03,19.91,19.91,19.91,19.91,17.6866,0.0,0.0,1.0
2013-07-05,19.59,19.59,19.59,19.59,17.4023,0.0,0.0,1.0
2013-07-08,19.54,19.54,19.54,19.54,17.3579,0.0,0.0,1.0
2013-07-09,19.42,19.42,19.42,19.42,17.2513,0.0,0.0,1.0
2013-07-10,19.35,19.35,19.35,19.35,17.1891,0.0,0.0,1.0
2013-07-11,19.4,19.4,19.4,19.4,17.2336,0.0,0.0,1.0
2013-07-12,19.44,19.44,19.44,19.44,17.2691,0.0,0.0,1.0
2013-07-15,19.43,19.43,19.43,19.43,17.2602,0.0,0.0,1.0
2013-07-16,19.46,19.46,19.46,19.46,17.2869,0.0,0.0,1.0
2013-07-17,19.46,19.46,19.46,19.46,17.2869,0.0,0.0,1.0
2013-07-18,19.37,19.37,19.37,19.37,17.2069,0.0,0.0,1.0
2013-07-19,19.15,19.15,19.15,19.15,17.0115,0.0,0.0,1.0
2013-07-22,19.06,19.06,19.06,19.06,16.9315,0.0,0.0,1.0
2013-07-23,18.76,18.76,18.76,18.76,16.665,0.0,0.0,1.0
2013-07-24,18.48,18.48,18.48,18.48,16.4163,0.0,0.0,1.0
2013-07-25,18.5,18.5,18.5,18.5,16.4341,0.0,0.0,1.0
2013-07-26,18.75,18.75,18.75,18.75,16.6561,0.0,0.0,1.0
2013-07-29,18.76,18.76,18.76,18.76,16.665,0.0,0.0,1.0
2013-07-30,18.76,18.76,18.76,18.76,16.665,0.0,0.0,1.0
2013-07-31,18.75,18.75,18.75,18.75,16.6561,0.0,0.0,1.0
2013-08-01,18.67,18.67,18.67,18.67,16.5851,0.0,0.0,1.0
2013-08-05,18.58,18.58,18.58,18.58,16.5051,0.0,0.0,1.0
2013-08-06,18.52,18.52,18.52,18.52,16.4518,0.0,0.0,1.0
2013-08-07,18.5,18.5,18.5,18.5,16.4341,0.0,0.0,1.0
2013-08-08,18.5,18.5,18.5,18.5,16.4341,0.0,0.0,1.0
2013-08-09,18.5,18.5,18.5,18.5,16.4341,0.0,0.0,1.0
2013-08-12,18.5,18.5,18.5,18.5,16.4341,0.0,0.0,1.0
2013-08-13,18.2,18.2,18.2,18.2,16.2511,0.0,0.094,1.0
2013-08-14,18.17,18.17,18.17,18.17,16.2243,0.0,0.0,1.0
2013-08-15,18.01,18.01,18.01,18.01,16.0814,0.0,0.0,1.0
2013-08-16,17.93,17.93,17.93,17.93,16.01,0.0,0.0,1.0
2013-08-19,17.88,17.88,17.88,17.88,15.9653,0.0,0.0,1.0
2013-08-20,17.82,17.82,17.82,17.82,15.9118,0.0,0.0,1.0
2013-08-21,17.74,17.74,17.74,17.74,15.8403,0.0,0.0,1.0
2013-08-22,17.69,17.69,17.69,17.69,15.7957,0.0,0.0,1.0
2013-08-23,17.68,17.68,17.68,17.68,15.7867,0.0,0.0,1.0
2013-08-26,17.68,17.68,17.68,17.68,15.7867,0.0,0.0,1.0
2013-08-27,17.76,17.76,17.76,17.76,15.8582,0.0,0.0,1.0
2013-08-28,17.72,17.72,17.72,17.72,15.8225,0.0,0.0,1.0
2013-08-29,17.67,17.67,17.67,17.67,15.7778,0.0,0.0,1.0
2013-08-30,17.69,17.69,17.69,17.69,15.7957,0.0,0.0,1.0
2013-09-03,17.52,17.52,17.52,17.52,15.6439,0.0,0.0,1.0
2013-09-04,17.52,17.52,17.52,17.52,15.6439,0.0,0.0,1.0
2013-09-05,17.45,17.45,17.45,17.45,15.5814,0.0,0.0,1.0
2013-09-06,17.49,17.49,17.49,17.49,15.6171,0.0,0.0,1.0
2013-09-09,17.52,17.52,17.52,17.52,15.6439,0.0,0.0,1.0
2013-09-10,17.51,17.51,17.51,17.51,15.6349,0.0,0.0,1.0
2013-09-11,17.57,17.57,17.57,17.57,15.6885,0.0,0.0,1.0
2013-09-12,17.67,17.67,17.67,17.67,15.8618,0.0,0.094,1.0
2013-09-13,17.82,17.82,17.82,17.82,15.9964,0.0,0.0,1.0
2013-09-16,18.09,18.09,18.09,18.09,16.2388,0.0,0.0,1.0
2013-09-17,18.13,18.13,18.13,18.13,16.2747,0.0,0.0,1.0
2013-09-18,18.32,18.32,18.32,18.32,16.4452,0.0,0.0,1.0
2013-09-19,18.54,18.54,18.54,18.54,16.6427,0.0,0.0,1.0
2013-09-20,18.64,18.64,18.64,18.64,16.7325,0.0,0.0,1.0
2013-09-23,18.69,18.69,18.69,18.69,16.7774,0.0,0.0,1.0
2013-09-24,18.8,18.8,18.8,18.8,16.8761,0.0,0.0,1.0
2013-09-25,18.87,18.87,18.87,18.87,16.9389,0.0,0.0,1.0
2013-09-26,18.9,18.9,18.9,18.9,16.9659,0.0,0.0,1.0
2013-09-27,18.91,18.91,18.91,18.91,16.9749,0.0,0.0,1.0
2013-09-30,18.92,18.92,18.92,18.92,16.9838,0.0,0.0,1.0
2013-10-01,18.91,18.91,18.91,18.91,16.9749,0.0,0.0,1.0
2013-10-02,18.94,18.94,18.94,18.94,17.0018,0.0,0.0,1.0
2013-10-03,18.97,18.97,18.97,18.97,17.0287,0.0,0.0,1.0
2013-10-04,18.97,18.97,18.97,18.97,17.0287,0.0,0.0,1.0
2013-10-07,18.97,18.97,18.97,18.97,17.0287,0.0,0.0,1.0
2013-10-08,18.94,18.94,18.94,18.94,17.0018,0.0,0.0,1.0
2013-10-09,18.87,18.87,18.87,18.87,16.9389,0.0,0.0,1.0
2013-10-10,18.75,18.75,18.75,18.75,16.8312,0.0,0.0,1.0
2013-10-11,18.66,18.66,18.66,18.66,16.8348,0.0,0.094,1.0
2013-10-14,18.66,18.66,18.66,18.66,16.8348,0.0,0.0,1.0
2013-10-15,18.54,18.54,18.54,18.54,16.7266,0.0,0.0,1.0
2013-10-16,18.42,18.42,18.42,18.42,16.6183,0.0,0.0,1.0
2013-10-17,18.52,18.52,18.52,18.52,16.7085,0.0,0.0,1.0
2013-10-18,18.55,18.55,18.55,18.55,16.7356,0.0,0.0,1.0
2013-10-21,18.55,18.55,18.55,18.55,16.7356,0.0,0.0,1.0
2013-10-22,18.66,18.66,18.66,18.66,16.8348,0.0,0.0,1.0
2013-10-23,18.78,18.78,18.78,18.78,16.9431,0.0,0.0,1.0
2013-10-24,18.96,18.96,18.96,18.96,17.1055,0.0,0.0,1.0
2013-10-25,19.02,19.02,19.02,19.02,17.1596,0.0,0.0,1.0
2013-10-28,19.05,19.05,19.05,19.05,17.1867,0.0,0.0,1.0
2013-10-29,19.1,19.1,19.1,19.1,17.2318,0.0,0.0,1.0
2013-10-30,19.1,19.1,19.1,19.1,17.2318,0.0,0.0,1.0
2013-10-31,19.11,19.11,19.11,19.11,17.2408,0.0,0.0,1.0
2013-11-01,19.08,19.08,19.08,19.08,17.2137,0.0,0.0,1.0
2013-11-04,19.06,19.06,19.06,19.06,17.1957,0.0,0.0,1.0
2013-11-05,18.94,18.94,18.94,18.94,17.0874,0.0,0.0,1.0
2013-11-06,18.94,18.94,18.94,18.94,17.0874,0.0,0.0,1.0
2013-11-07,19.02,19.02,19.02,19.02,17.1596,0.0,0.0,1.0
2013-11-08,18.8,18.8,18.8,18.8,16.9611,0.0,0.0,1.0
2013-11-11,18.81,18.81,18.81,18.81,16.9701,0.0,0.0,1.0
2013-11-12,18.78,18.78,18.78,18.78,16.9431,0.0,0.0,1.0
2013-11-13,18.68,18.68,18.68,18.68,16.9377,0.0,0.094,1.0
2013-11-14,18.78,18.78,18.78,18.78,17.0283,0.0,0.0,1.0
2013-11-15,18.82,18.82,18.82,18.82,17.0646,0.0,0.0,1.0
2013-11-18,18.88,18.88,18.88,18.88,17.119,0.0,0.0,1.0
2013-11-19,18.9,18.9,18.9,18.9,17.1371,0.0,0.0,1.0
2013-11-20,18.86,18.86,18.86,18.86,17.1009,0.0,0.0,1.0
2013-11-21,18.73,18.73,18.73,18.73,16.983,0.0,0.0,1.0
2013-11-22,18.74,18.74,18.74,18.74,16.9921,0.0,0.0,1.0
2013-11-25,18.78,18.78,18.78,18.78,17.0283,0.0,0.0,1.0
2013-11-26,18.86,18.86,18.86,18.86,17.1009,0.0,0.0,1.0
2013-11-27,18.86,18.86,18.86,18.86,17.1009,0.0,0.0,1.0
2013-11-29,18.87,18.87,18.87,18.87,17.1099,0.0,0.0,1.0
2013-12-02,18.81,18.81,18.81,18.81,17.0555,0.0,0.0,1.0
2013-12-03,18.81,18.81,18.81,18.81,17.0555,0.0,0.0,1.0
2013-12-04,18.66,18.66,18.66,18.66,16.9195,0.0,0.0,1.0
2013-12-05,18.61,18.61,18.61,18.61,16.8742,0.0,0.0,1.0
2013-12-06,18.62,18.62,18.62,18.62,16.8833,0.0,0.0,1.0
2013-12-09,18.63,18.63,18.63,18.63,16.8923,0.0,0.0,1.0
2013-12-10,18.73,18.73,18.73,18.73,16.983,0.0,0.0,1.0
2013-12-11,18.66,18.66,18.66,18.66,17.0048,0.0,0.094,1.0
2013-12-12,18.66,18.66,18.66,18.66,17.0048,0.0,0.0,1.0
2013-12-13,18.71,18.71,18.71,18.71,17.0503,0.0,0.0,1.0
2013-12-16,18.74,18.74,18.74,18.74,17.0777,0.0,0.0,1.0
2013-12-17,18.74,18.74,18.74,18.74,17.0777,0.0,0.0,1.0
2013-12-18,18.7,18.7,18.7,18.7,17.0412,0.0,0.0,1.0
2013-12-19,18.68,18.68,18.68,18.68,17.023,0.0,0.0,1.0
2013-12-20,18.69,18.69,18.69,18.69,17.0321,0.0,0.0,1.0
2013-12-23,18.67,18.67,18.67,18.67,17.0139,0.0,0.0,1.0
2013-12-24,18.68,18.68,18.68,18.68,17.023,0.0,0.0,1.0
2013-12-26,18.68,18.68,18.68,18.68,17.023,0.0,0.0,1.0
2013-12-27,18.68,18.68,18.68,18.68,17.023,0.0,0.0,1.0
2013-12-30,18.7,18.7,18.7,18.7,17.0412,0.0,0.0,1.0
2013-12-31,18.7,18.7,18.7,18.7,17.0412,0.0,0.0,1.0
2014-01-02,18.73,18.73,18.73,18.73,17.0686,0.0,0.0,1.0
2014-01-03,18.74,18.74,18.74,18.74,17.0777,0.0,0.0,1.0
2014-01-06,18.8,18.8,18.8,18.8,17.1323,0.0,0.0,1.0
2014-01-07,18.9,18.9,18.9,18.9,17.2235,0.0,0.0,1.0
2014-01-08,18.99,18.99,18.99,18.99,17.3055,0.0,0.0,1.0
2014-01-09,19.09,19.09,19.09,19.09,17.3966,0.0,0.0,1.0
2014-01-10,19.37,19.37,19.37,19.37,17.6518,0.0,0.0,1.0
2014-01-13,19.36,19.36,19.36,19.36,17.7283,0.0,0.094,1.0
2014-01-14,19.44,19.44,19.44,19.44,17.8016,0.0,0.0,1.0
2014-01-15,19.43,19.43,19.43,19.43,17.7924,0.0,0.0,1.0
2014-01-16,19.54,19.54,19.54,19.54,17.8932,0.0,0.0,1.0
2014-01-17,19.64,19.64,19.64,19.64,17.9847,0.0,0.0,1.0
2014-01-21,19.67,19.67,19.67,19.67,18.0122,0.0,0.0,1.0
2014-01-22,19.74,19.74,19.74,19.74,18.0763,0.0,0.0,1.0
2014-01-23,19.84,19.84,19.84,19.84,18.1679,0.0,0.0,1.0
2014-01-24,20.03,20.03,20.03,20.03,18.3419,0.0,0.0,1.0
2014-01-27,20.04,20.04,20.04,20.04,18.351,0.0,0.0,1.0
2014-01-28,19.97,19.97,19.97,19.97,18.2869,0.0,0.0,1.0
2014-01-29,19.94,19.94,19.94,19.94,18.2595,0.0,0.0,1.0
2014-01-30,19.92,19.92,19.92,19.92,18.2411,0.0,0.0,1.0
2014-01-31,19.93,19.93,19.93,19.93,18.2503,0.0,0.0,1.0
2014-02-03,19.88,19.88,19.88,19.88,18.2045,0.0,0.0,1.0
2014-02-04,19.94,19.94,19.94,19.94,18.2595,0.0,0.0,1.0
2014-02-05,19.95,19.95,19.95,19.95,18.2686,0.0,0.0,1.0
2014-02-06,19.95,19.95,19.95,19.95,18.2686,0.0,0.0,1.0
2014-02-07,20.0,20.0,20.0,20.0,18.3144,0.0,0.0,1.0
2014-02-10,20.02,20.02,20.02,20.02,18.3327,0.0,0.0,1.0
2014-02-11,20.04,20.04,20.04,20.04,18.351,0.0,0.0,1.0
2014-02-12,19.91,19.91,19.91,19.91,18.3181,0.0,0.094,1.0
2014-02-13,19.95,19.95,19.95,19.95,18.3549,0.0,0.0,1.0
2014-02-14,19.98,19.98,19.98,19.98,18.3825,0.0,0.0,1.0
2014-02-18,20.02,20.02,20.02,20.02,18.4193,0.0,0.0,1.0
2014-02-19,20.08,20.08,20.08,20.08,18.4745,0.0,0.0,1.0
2014-02-20,20.1,20.1,20.1,20.1,18.4929,0.0,0.0,1.0
2014-02-21,20.13,20.13,20.13,20.13,18.5205,0.0,0.0,1.0
2014-02-24,20.15,20.15,20.15,20.15,18.5389,0.0,0.0,1.0
2014-02-25,20.24,20.24,20.24,20.24,18.6217,0.0,0.0,1.0
2014-02-26,20.33,20.33,20.33,20.33,18.7045,0.0,0.0,1.0
2014-02-27,20.51,20.51,20.51,20.51,18.8701,0.0,0.0,1.0
2014-02-28,20.54,20.54,20.54,20.54,18.8977,0.0,0.0,1.0
2014-03-03,20.7,20.7,20.7,20.7,19.0449,0.0,0.0,1.0
2014-03-04,20.68,20.68,20.68,20.68,19.0265,0.0,0.0,1.0
2014-03-05,20.53,20.53,20.53,20.53,18.8885,0.0,0.0,1.0
2014-03-06,20.5,20.5,20.5,20.5,18.8609,0.0,0.0,1.0
2014-03-07,20.3,20.3,20.3,20.3,18.6769,0.0,0.0,1.0
2014-03-10,20.3,20.3,20.3,20.3,18.6769,0.0,0.0,1.0
2014-03-11,20.3,20.3,20.3,20.3,18.6769,0.0,0.0,1.0
2014-03-12,20.36,20.36,20.36,20.36,18.8186,0.0,0.094,1.0
2014-03-13,20.44,20.44,20.44,20.44,18.8925,0.0,0.0,1.0
2014-03-14,20.6,20.6,20.6,20.6,19.0404,0.0,0.0,1.0
2014-03-17,20.57,20.57,20.57,20.57,19.0127,0.0,0.0,1.0
2014-03-18,20.52,20.52,20.52,20.52,18.9664,0.0,0.0,1.0
2014-03-19,20.46,20.46,20.46,20.46,18.911,0.0,0.0,1.0
2014-03-20,20.42,20.42,20.42,20.42,18.874,0.0,0.0,1.0
2014-03-21,20.45,20.45,20.45,20.45,18.9017,0.0,0.0,1.0
2014-03-24,20.46,20.46,20.46,20.46,18.911,0.0,0.0,1.0
2014-03-25,20.49,20.49,20.49,20.49,18.9387,0.0,0.0,1.0
2014-03-26,20.61,20.61,20.61,20.61,19.0496,0.0,0.0,1.0
2014-03-27,20.76,20.76,20.76,20.76,19.1883,0.0,0.0,1.0
2014-03-28,20.79,20.79,20.79,20.79,19.216,0.0,0.0,1.0
2014-03-31,20.77,20.77,20.77,20.77,19.1975,0.0,0.0,1.0
2014-04-01,20.73,20.73,20.73,20.73,19.1606,0.0,0.0,1.0
2014-04-02,20.67,20.67,20.67,20.67,19.1051,0.0,0.0,1.0
2014-04-03,20.7,20.7,20.7,20.7,19.1328,0.0,0.0,1.0
2014-04-04,20.82,20.82,20.82,20.82,19.2437,0.0,0.0,1.0
2014-04-07,20.9,20.9,20.9,20.9,19.3177,0.0,0.0,1.0
2014-04-08,20.98,20.98,20.98,20.98,19.3916,0.0,0.0,1.0
2014-04-09,21.03,21.03,21.03,21.03,19.4378,0.0,0.0,1.0
2014-04-10,21.17,21.17,21.17,21.17,19.5672,0.0,0.0,1.0
2014-04-11,21.2,21.2,21.2,21.2,19.6819,0.0,0.094,1.0
2014-04-14,21.21,21.21,21.21,21.21,19.6911,0.0,0.0,1.0
2014-04-15,21.27,21.27,21.27,21.27,19.7468,0.0,0.0,1.0
2014-04-16,21.29,21.29,21.29,21.29,19.7654,0.0,0.0,1.0
2014-04-17,21.32,21.32,21.32,21.32,19.7933,0.0,0.0,1.0
2014-04-21,21.31,21.31,21.31,21.31,19.784,0.0,0.0,1.0
2014-04-22,21.31,21.31,21.31,21.31,19.784,0.0,0.0,1.0
2014-04-23,21.35,21.35,21.35,21.35,19.8211,0.0,0.0,1.0
2014-04-24,21.36,21.36,21.36,21.36,19.8304,0.0,0.0,1.0
2014-04-25,21.46,21.46,21.46,21.46,19.9232,0.0,0.0,1.0
2014-04-28,21.44,21.44,21.44,21.44,19.9047,0.0,0.0,1.0
2014-04-29,21.41,21.41,21.41,21.41,19.8768,0.0,0.0,1.0
2014-04-30,21.42,21.42,21.42,21.42,19.8861,0.0,0.0,1.0
2014-05-01,21.5,21.5,21.5,21.5,19.9604,0.0,0.0,1.0
2014-05-02,21.51,21.51,21.51,21.51,19.9697,0.0,0.0,1.0
2014-05-05,21.53,21.53,21.53,21.53,19.9882,0.0,0.0,1.0
2014-05-06,21.6,21.6,21.6,21.6,20.0532,0.0,0.0,1.0
2014-05-07,21.65,21.65,21.65,21.65,20.0996,0.0,0.0,1.0
2014-05-08,21.75,21.75,21.75,21.75,20.1925,0.0,0.0,1.0
2014-05-09,21.77,21.77,21.77,21.77,20.211,0.0,0.0,1.0
2014-05-12,21.8,21.8,21.8,21.8,20.2389,0.0,0.0,1.0
2014-05-13,21.78,21.78,21.78,21.78,20.3076,0.0,0.094,1.0
2014-05-14,21.94,21.94,21.94,21.94,20.4568,0.0,0.0,1.0
2014-05-15,22.05,22.05,22.05,22.05,20.5593,0.0,0.0,1.0
2014-05-16,22.07,22.07,22.07,22.07,20.578,0.0,0.0,1.0
2014-05-19,22.05,22.05,22.05,22.05,20.5593,0.0,0.0,1.0
2014-05-20,22.03,22.03,22.03,22.03,20.5407,0.0,0.0,1.0
2014-05-21,21.99,21.99,21.99,21.99,20.5034,0.0,0.0,1.0
2014-05-22,22.01,22.01,22.01,22.01,20.522,0.0,0.0,1.0
2014-05-23,22.0,22.0,22.0,22.0,20.5127,0.0,0.0,1.0
2014-05-27,22.0,22.0,22.0,22.0,20.5127,0.0,0.0,1.0
2014-05-28,22.1,22.1,22.1,22.1,20.606,0.0,0.0,1.0
2014-05-29,22.15,22.15,22.15,22.15,20.6526,0.0,0.0,1.0
2014-05-30,22.13,22.13,22.13,22.13,20.6339,0.0,0.0,1.0
2014-06-02,22.1,22.1,22.1,22.1,20.606,0.0,0.0,1.0
2014-06-03,21.99,21.99,21.99,21.99,20.5034,0.0,0.0,1.0
2014-06-04,21.93,21.93,21.93,21.93,20.4474,0.0,0.0,1.0
2014-06-05,21.93,21.93,21.93,21.93,20.4474,0.0,0.0,1.0
2014-06-06,21.94,21.94,21.94,21.94,20.4568,0.0,0.0,1.0
2014-06-09,21.9,21.9,21.9,21.9,20.4195,0.0,0.0,1.0
2014-06-10,21.79,21.79,21.79,21.79,20.3169,0.0,0.0,1.0
2014-06-11,21.79,21.79,21.79,21.79,20.3169,0.0,0.0,1.0
2014-06-12,21.7,21.7,21.7,21.7,20.3206,0.0,0.094,1.0
2014-06-13,21.75,21.75,21.75,21.75,20.3675,0.0,0.0,1.0
2014-06-16,21.74,21.74,21.74,21.74,20.3581,0.0,0.0,1.0
2014-06-17,21.73,21.73,21.73,21.73,20.3487,0.0,0.0,1.0
2014-06-18,21.75,21.75,21.75,21.75,20.3675,0.0,0.0,1.0
2014-06-19,21.8,21.8,21.8,21.8,20.4143,0.0,0.0,1.0
2014-06-20,21.79,21.79,21.79,21.79,20.4049,0.0,0.0,1.0
2014-06-23,21.8,21.8,21.8,21.8,20.4143,0.0,0.0,1.0
2014-06-24,21.84,21.84,21.84,21.84,20.4517,0.0,0.0,1.0
2014-06-25,21.94,21.94,21.94,21.94,20.5454,0.0,0.0,1.0
2014-06-26,21.99,21.99,21.99,21.99,20.5922,0.0,0.0,1.0
2014-06-27,22.03,22.03,22.03,22.03,20.6297,0.0,0.0,1.0
2014-06-30,22.02,22.02,22.02,22.02,20.6203,0.0,0.0,1.0
2014-07-01,21.98,21.98,21.98,21.98,20.5828,0.0,0.0,1.0
2014-07-02,21.87,21.87,21.87,21.87,20.4798,0.0,0.0,1.0
2014-07-03,21.81,21.81,21.81,21.81,20.4236,0.0,0.0,1.0
2014-07-07,21.8,21.8,21.8,21.8,20.4143,0.0,0.0,1.0
2014-07-08,21.73,21.73,21.73,21.73,20.3487,0.0,0.0,1.0
2014-07-09,21.69,21.69,21.69,21.69,20.3113,0.0,0.0,1.0
2014-07-10,21.74,21.74,21.74,21.74,20.3581,0.0,0.0,1.0
2014-07-11,21.7,21.7,21.7,21.7,20.3956,0.0,0.08,1.0
2014-07-14,21.7,21.7,21.7,21.7,20.3956,0.0,0.0,1.0
2014-07-15,21.74,21.74,21.74,21.74,20.4331,0.0,0.0,1.0
2014-07-16,21.79,21.79,21.79,21.79,20.4801,0.0,0.0,1.0
2014-07-17,21.92,21.92,21.92,21.92,20.6023,0.0,0.0,1.0
2014-07-18,21.97,21.97,21.97,21.97,20.6493,0.0,0.0,1.0
2014-07-21,22.02,22.02,22.02,22.02,20.6963,0.0,0.0,1.0
2014-07-22,22.02,22.02,22.02,22.02,20.6963,0.0,0.0,1.0
2014-07-23,22.1,22.1,22.1,22.1,20.7715,0.0,0.0,1.0
2014-07-24,22.08,22.08,22.08,22.08,20.7527,0.0,0.0,1.0
2014-07-25,22.1,22.1,22.1,22.1,20.7715,0.0,0.0,1.0
2014-07-28,22.1,22.1,22.1,22.1,20.7715,0.0,0.0,1.0
2014-07-29,22.13,22.13,22.13,22.13,20.7997,0.0,0.0,1.0
2014-07-30,22.06,22.06,22.06,22.06,20.7339,0.0,0.0,1.0
2014-07-31,21.99,21.99,21.99,21.99,20.6681,0.0,0.0,1.0
2014-08-01,21.99,21.99,21.99,21.99,20.6681,0.0,0.0,1.0
2014-08-04,22.01,22.01,22.01,22.01,20.6869,0.0,0.0,1.0
2014-08-05,22.02,22.02,22.02,22.02,20.6963,0.0,0.0,1.0
2014-08-06,22.13,22.13,22.13,22.13,20.7997,0.0,0.0,1.0
2014-08-07,22.17,22.17,22.17,22.17,20.8373,0.0,0.0,1.0
2014-08-08,22.27,22.27,22.27,22.27,20.9313,0.0,0.0,1.0
2014-08-11,22.26,22.26,22.26,22.26,20.9219,0.0,0.0,1.0
2014-08-12,22.28,22.28,22.28,22.28,20.9407,0.0,0.0,1.0
2014-08-13,22.22,22.22,22.22,22.22,20.9595,0.0,0.08,1.0
2014-08-14,22.3,22.3,22.3,22.3,21.0349,0.0,0.0,1.0
2014-08-15,22.44,22.44,22.44,22.44,21.167,0.0,0.0,1.0
2014-08-18,22.41,22.41,22.41,22.41,21.1387,0.0,0.0,1.0
2014-08-19,22.42,22.42,22.42,22.42,21.1481,0.0,0.0,1.0
2014-08-20,22.4,22.4,22.4,22.4,21.1293,0.0,0.0,1.0
2014-08-21,22.44,22.44,22.44,22.44,21.167,0.0,0.0,1.0
2014-08-22,22.45,22.45,22.45,22.45,21.1764,0.0,0.0,1.0
2014-08-25,22.45,22.45,22.45,22.45,21.1764,0.0,0.0,1.0
2014-08-26,22.5,22.5,22.5,22.5,21.2236,0.0,0.0,1.0
2014-08-27,22.55,22.55,22.55,22.55,21.2708,0.0,0.0,1.0
2014-08-28,22.66,22.66,22.66,22.66,21.3745,0.0,0.0,1.0
2014-08-29,22.7,22.7,22.7,22.7,21.4123,0.0,0.0,1.0
2014-09-02,22.66,22.66,22.66,22.66,21.3745,0.0,0.0,1.0
2014-09-03,22.56,22.56,22.56,22.56,21.2802,0.0,0.0,1.0
2014-09-04,22.53,22.53,22.53,22.53,21.2519,0.0,0.0,1.0
2014-09-05,22.57,22.57,22.57,22.57,21.2896,0.0,0.0,1.0
2014-09-08,22.58,22.58,22.58,22.58,21.2991,0.0,0.0,1.0
2014-09-09,22.55,22.55,22.55,22.55,21.2708,0.0,0.0,1.0
2014-09-10,22.51,22.51,22.51,22.51,21.233,0.0,0.0,1.0
2014-09-11,22.43,22.43,22.43,22.43,21.233,0.0,0.08,1.0
2014-09-12,22.39,22.39,22.39,22.39,21.1952,0.0,0.0,1.0
2014-09-15,22.39,22.39,22.39,22.39,21.1952,0.0,0.0,1.0
2014-09-16,22.4,22.4,22.4,22.4,21.2046,0.0,0.0,1.0
2014-09-17,22.42,22.42,22.42,22.42,21.2236,0.0,0.0,1.0
2014-09-18,22.44,22.44,22.44,22.44,21.2425,0.0,0.0,1.0
2014-09-19,22.47,22.47,22.47,22.47,21.2709,0.0,0.0,1.0
2014-09-22,22.51,22.51,22.51,22.51,21.3088,0.0,0.0,1.0
2014-09-23,22.56,22.56,22.56,22.56,21.3561,0.0,0.0,1.0
2014-09-24,22.59,22.59,22.59,22.59,21.3845,0.0,0.0,1.0
2014-09-25,22.65,22.65,22.65,22.65,21.4413,0.0,0.0,1.0
2014-09-26,22.63,22.63,22.63,22.63,21.4224,0.0,0.0,1.0
2014-09-29,22.67,22.67,22.67,22.67,21.4602,0.0,0.0,1.0
2014-09-30,22.7,22.7,22.7,22.7,21.4886,0.0,0.0,1.0
2014-10-01,22.82,22.82,22.82,22.82,21.6022,0.0,0.0,1.0
2014-10-02,22.86,22.86,22.86,22.86,21.6401,0.0,0.0,1.0
2014-10-03,22.84,22.84,22.84,22.84,21.6212,0.0,0.0,1.0
2014-10-06,22.84,22.84,22.84,22.84,21.6212,0.0,0.0,1.0
2014-10-07,22.91,22.91,22.91,22.91,21.6874,0.0,0.0,1.0
2014-10-08,22.97,22.97,22.97,22.97,21.7442,0.0,0.0,1.0
2014-10-09,23.15,23.15,23.15,23.15,21.9146,0.0,0.0,1.0
2014-10-10,23.12,23.12,23.12,23.12,21.9619,0.0,0.08,1.0
2014-10-13,23.11,23.11,23.11,23.11,21.9524,0.0,0.0,1.0
2014-10-14,23.34,23.34,23.34,23.34,22.1709,0.0,0.0,1.0
2014-10-15,23.56,23.56,23.56,23.56,22.3799,0.0,0.0,1.0
2014-10-16,23.49,23.49,23.49,23.49,22.3134,0.0,0.0,1.0
2014-10-17,23.38,23.38,23.38,23.38,22.2089,0.0,0.0,1.0
2014-10-20,23.31,23.31,23.31,23.31,22.1424,0.0,0.0,1.0
2014-10-21,23.13,23.13,23.13,23.13,21.9714,0.0,0.0,1.0
2014-10-22,23.11,23.11,23.11,23.11,21.9524,0.0,0.0,1.0
2014-10-23,23.02,23.02,23.02,23.02,21.867,0.0,0.0,1.0
2014-10-24,23.08,23.08,23.08,23.08,21.9239,0.0,0.0,1.0
2014-10-27,23.12,23.12,23.12,23.12,21.9619,0.0,0.0,1.0
2014-10-28,23.12,23.12,23.12,23.12,21.9619,0.0,0.0,1.0
2014-10-29,23.05,23.05,23.05,23.05,21.8954,0.0,0.0,1.0
2014-10-30,23.08,23.08,23.08,23.08,21.9239,0.0,0.0,1.0
2014-10-31,23.02,23.02,23.02,23.02,21.867,0.0,0.0,1.0
2014-11-03,22.94,22.94,22.94,22.94,21.791,0.0,0.0,1.0
2014-11-04,22.9,22.9,22.9,22.9,21.753,0.0,0.0,1.0
2014-11-05,22.83,22.83,22.83,22.83,21.6865,0.0,0.0,1.0
2014-11-06,22.79,22.79,22.79,22.79,21.6485,0.0,0.0,1.0
2014-11-07,22.81,22.81,22.81,22.81,21.6675,0.0,0.0,1.0
2014-11-10,22.83,22.83,22.83,22.83,21.6865,0.0,0.0,1.0
2014-11-11,22.83,22.83,22.83,22.83,21.6865,0.0,0.0,1.0
2014-11-12,22.75,22.75,22.75,22.75,21.6865,0.0,0.08,1.0
2014-11-13,22.75,22.75,22.75,22.75,21.6865,0.0,0.0,1.0
2014-11-14,22.72,22.72,22.72,22.72,21.6579,0.0,0.0,1.0
2014-11-17,22.72,22.72,22.72,22.72,21.6579,0.0,0.0,1.0
2014-11-18,22.69,22.69,22.69,22.69,21.6293,0.0,0.0,1.0
2014-11-19,22.73,22.73,22.73,22.73,21.6674,0.0,0.0,1.0
2014-11-20,22.79,22.79,22.79,22.79,21.7246,0.0,0.0,1.0
2014-11-21,22.8,22.8,22.8,22.8,21.7341,0.0,0.0,1.0
2014-11-24,22.78,22.78,22.78,22.78,21.7151,0.0,0.0,1.0
2014-11-25,22.79,22.79,22.79,22.79,21.7246,0.0,0.0,1.0
2014-11-26,22.84,22.84,22.84,22.84,21.7723,0.0,0.0,1.0
2014-11-28,22.93,22.93,22.93,22.93,21.8581,0.0,0.0,1.0
2014-12-01,23.01,23.01,23.01,23.01,21.9343,0.0,0.0,1.0
2014-12-02,22.97,22.97,22.97,22.97,21.8962,0.0,0.0,1.0
2014-12-03,22.98,22.98,22.98,22.98,21.9057,0.0,0.0,1.0
2014-12-04,23.05,23.05,23.05,23.05,21.9724,0.0,0.0,1.0
2014-12-05,23.03,23.03,23.03,23.03,21.9534,0.0,0.0,1.0
2014-12-08,23.11,23.11,23.11,23.11,22.0296,0.0,0.0,1.0
2014-12-09,23.22,23.22,23.22,23.22,22.1345,0.0,0.0,1.0
2014-12-10,23.2,23.2,23.2,23.2,22.1917,0.0,0.08,1.0
2014-12-11,23.2,23.2,23.2,23.2,22.1917,0.0,0.0,1.0
2014-12-12,23.26,23.26,23.26,23.26,22.2491,0.0,0.0,1.0
2014-12-15,23.25,23.25,23.25,23.25,22.2395,0.0,0.0,1.0
2014-12-16,23.32,23.32,23.32,23.32,22.3065,0.0,0.0,1.0
2014-12-17,23.28,23.28,23.28,23.28,22.2682,0.0,0.0,1.0
2014-12-18,23.12,23.12,23.12,23.12,22.1152,0.0,0.0,1.0
2014-12-19,23.15,23.15,23.15,23.15,22.1439,0.0,0.0,1.0
2014-12-22,23.15,23.15,23.15,23.15,22.1439,0.0,0.0,1.0
2014-12-23,23.11,23.11,23.11,23.11,22.1056,0.0,0.0,1.0
2014-12-24,23.1,23.1,23.1,23.1,22.096,0.0,0.0,1.0
2014-12-26,23.1,23.1,23.1,23.1,22.096,0.0,0.0,1.0
2014-12-29,23.17,23.17,23.17,23.17,22.163,0.0,0.0,1.0
2014-12-30,23.28,23.28,23.28,23.28,22.2682,0.0,0.0,1.0
2014-12-31,23.32,23.32,23.32,23.32,22.3065,0.0,0.0,1.0
2015-01-02,23.43,23.43,23.43,23.43,22.4117,0.0,0.0,1.0
2015-01-05,23.54,23.54,23.54,23.54,22.5169,0.0,0.0,1.0
2015-01-06,23.74,23.74,23.74,23.74,22.7082,0.0,0.0,1.0
2015-01-07,23.74,23.74,23.74,23.74,22.7082,0.0,0.0,1.0
2015-01-08,23.68,23.68,23.68,23.68,22.6508,0.0,0.0,1.0
2015-01-09,23.74,23.74,23.74,23.74,22.7082,0.0,0.0,1.0
2015-01-12,23.79,23.79,23.79,23.79,22.756,0.0,0.0,1.0
2015-01-13,23.73,23.73,23.73,23.73,22.7752,0.0,0.08,1.0
2015-01-14,23.89,23.89,23.89,23.89,22.9287,0.0,0.0,1.0
2015-01-15,23.92,23.92,23.92,23.92,22.9575,0.0,0.0,1.0
2015-01-16,23.92,23.92,23.92,23.92,22.9575,0.0,0.0,1.0
2015-01-20,23.93,23.93,23.93,23.93,22.9671,0.0,0.0,1.0
2015-01-21,23.83,23.83,23.83,23.83,22.8712,0.0,0.0,1.0
2015-01-22,23.76,23.76,23.76,23.76,22.804,0.0,0.0,1.0
2015-01-23,23.81,23.81,23.81,23.81,22.852,0.0,0.0,1.0
2015-01-26,23.81,23.81,23.81,23.81,22.852,0.0,0.0,1.0
2015-01-27,23.88,23.88,23.88,23.88,22.9191,0.0,0.0,1.0
2015-01-28,23.92,23.92,23.92,23.92,22.9575,0.0,0.0,1.0
2015-01-29,23.94,23.94,23.94,23.94,22.9767,0.0,0.0,1.0
2015-01-30,24.02,24.02,24.02,24.02,23.0535,0.0,0.0,1.0
2015-02-02,24.02,24.02,24.02,24.02,23.0535,0.0,0.0,1.0
2015-02-03,23.88,23.88,23.88,23.88,22.9191,0.0,0.0,1.0
2015-02-04,23.78,23.78,23.78,23.78,22.8232,0.0,0.0,1.0
2015-02-05,23.74,23.74,23.74,23.74,22.7848,0.0,0.0,1.0
2015-02-06,23.57,23.57,23.57,23.57,22.6216,0.0,0.0,1.0
2015-02-09,23.55,23.55,23.55,23.55,22.6024,0.0,0.0,1.0
2015-02-10,23.39,23.39,23.39,23.39,22.4489,0.0,0.0,1.0
2015-02-11,23.26,23.26,23.26,23.26,22.3241,0.0,0.0,1.0
2015-02-12,23.25,23.25,23.25,23.25,22.3145,0.0,0.0,1.0
2015-02-13,23.25,23.25,23.25,23.25,22.3145,0.0,0.0,1.0
2015-02-17,23.17,23.17,23.17,23.17,22.2377,0.0,0.0,1.0
2015-02-18,23.19,23.19,23.19,23.19,22.2569,0.0,0.0,1.0
2015-02-19,23.21,23.21,23.21,23.21,22.2761,0.0,0.0,1.0
2015-02-20,23.23,23.23,23.23,23.23,22.2953,0.0,0.0,1.0
2015-02-23,23.21,23.21,23.21,23.21,22.2761,0.0,0.0,1.0
2015-02-24,23.19,23.19,23.19,23.19,22.2569,0.0,0.0,1.0
2015-02-25,23.22,23.22,23.22,23.22,22.2857,0.0,0.0,1.0
2015-02-26,23.28,23.28,23.28,23.28,22.3433,0.0,0.0,1.0
2015-02-27,23.27,23.27,23.27,23.27,22.3337,0.0,0.0,1.0
2015-03-02,23.23,23.23,23.23,23.23,22.2953,0.0,0.0,1.0
2015-03-03,23.17,23.17,23.17,23.17,22.2377,0.0,0.0,1.0
2015-03-04,23.17,23.17,23.17,23.17,22.2377,0.0,0.0,1.0
2015-03-05,23.15,23.15,23.15,23.15,22.2185,0.0,0.0,1.0
2015-03-06,22.99,22.99,22.99,22.99,22.065,0.0,0.0,1.0
2015-03-09,22.99,22.99,22.99,22.99,22.065,0.0,0.0,1.0
2015-03-10,23.02,23.02,23.02,23.02,22.0937,0.0,0.0,1.0
2015-03-11,22.96,22.96,22.96,22.96,22.0362,0.0,0.0,1.0
2015-03-12,23.05,23.05,23.05,23.05,22.1225,0.0,0.0,1.0
2015-03-13,23.06,23.06,23.06,23.06,22.1321,0.0,0.0,1.0
2015-03-16,23.09,23.09,23.09,23.09,22.1609,0.0,0.0,1.0
2015-03-17,23.16,23.16,23.16,23.16,22.2281,0.0,0.0,1.0
2015-03-18,23.25,23.25,23.25,23.25,22.3145,0.0,0.0,1.0
2015-03-19,23.4,23.4,23.4,23.4,22.4585,0.0,0.0,1.0
2015-03-20,23.42,23.42,23.42,23.42,22.4777,0.0,0.0,1.0
2015-03-23,23.42,23.42,23.42,23.42,22.4777,0.0,0.0,1.0
2015-03-24,23.41,23.41,23.41,23.41,22.4681,0.0,0.0,1.0
2015-03-25,23.43,23.43,23.43,23.43,22.4873,0.0,0.0,1.0
2015-03-26,23.38,23.38,23.38,23.38,22.4393,0.0,0.0,1.0
2015-03-27,23.37,23.37,23.37,23.37,22.4297,0.0,0.0,1.0
2015-03-30,23.38,23.38,23.38,23.38,22.4393,0.0,0.0,1.0
2015-03-31,23.36,23.36,23.36,23.36,22.4201,0.0,0.0,1.0
2015-04-01,23.38,23.38,23.38,23.38,22.4393,0.0,0.0,1.0
2015-04-02,23.4,23.4,23.4,23.4,22.4585,0.0,0.0,1.0
2015-04-06,23.46,23.46,23.46,23.46,22.516,0.0,0.0,1.0
2015-04-07,23.42,23.42,23.42,23.42,22.4777,0.0,0.0,1.0
2015-04-08,23.4,23.4,23.4,23.4,22.4585,0.0,0.0,1.0
2015-04-09,23.35,23.35,23.35,23.35,22.4105,0.0,0.0,1.0
2015-04-10,23.36,23.36,23.36,23.36,22.4201,0.0,0.0,1.0
2015-04-13,23.28,23.28,23.28,23.28,22.3433,0.0,0.0,1.0
2015-04-14,23.32,23.32,23.32,23.32,22.3817,0.0,0.0,1.0
2015-04-15,23.31,23.31,23.31,23.31,22.3721,0.0,0.0,1.0
2015-04-16,23.29,23.29,23.29,23.29,22.3529,0.0,0.0,1.0
2015-04-17,23.3,23.3,23.3,23.3,22.3625,0.0,0.0,1.0
2015-04-20,23.3,23.3,23.3,23.3,22.3625,0.0,0.0,1.0
2015-04-21,23.27,23.27,23.27,23.27,22.3337,0.0,0.0,1.0
2015-04-22,23.16,23.16,23.16,23.16,22.2281,0.0,0.0,1.0
2015-04-23,23.14,23.14,23.14,23.14,22.2089,0.0,0.0,1.0
2015-04-24,23.17,23.17,23.17,23.17,22.2377,0.0,0.0,1.0
2015-04-27,23.17,23.17,23.17,23.17,22.2377,0.0,0.0,1.0
2015-04-28,23.11,23.11,23.11,23.11,22.1801,0.0,0.0,1.0
2015-04-29,23.02,23.02,23.02,23.02,22.0937,0.0,0.0,1.0
2015-04-30,22.93,22.93,22.93,22.93,22.0074,0.0,0.0,1.0
2015-05-01,22.87,22.87,22.87,22.87,21.9498,0.0,0.0,1.0
2015-05-04,22.85,22.85,22.85,22.85,21.9306,0.0,0.0,1.0
2015-05-05,22.79,22.79,22.79,22.79,21.873,0.0,0.0,1.0
2015-05-06,22.68,22.68,22.68,22.68,21.7674,0.0,0.0,1.0
2015-05-07,22.74,22.74,22.74,22.74,21.825,0.0,0.0,1.0
2015-05-08,22.83,22.83,22.83,22.83,21.9114,0.0,0.0,1.0
2015-05-11,22.74,22.74,22.74,22.74,21.825,0.0,0.0,1.0
2015-05-12,22.66,22.66,22.66,22.66,21.7482,0.0,0.0,1.0
2015-05-13,22.57,22.57,22.57,22.57,21.6619,0.0,0.0,1.0
2015-05-14,22.52,22.52,22.52,22.52,21.6139,0.0,0.0,1.0
2015-05-15,22.51,22.51,22.51,22.51,21.6043,0.0,0.0,1.0
2015-05-18,22.44,22.44,22.44,22.44,21.5371,0.0,0.0,1.0
2015-05-19,22.36,22.36,22.36,22.36,21.4603,0.0,0.0,1.0
2015-05-20,22.32,22.32,22.32,22.32,21.4219,0.0,0.0,1.0
2015-05-21,22.36,22.36,22.36,22.36,21.4603,0.0,0.0,1.0
2015-05-22,22.38,22.38,22.38,22.38,21.4795,0.0,0.0,1.0
2015-05-26,22.47,22.47,22.47,22.47,21.5659,0.0,0.0,1.0
2015-05-27,22.51,22.51,22.51,22.51,21.6043,0.0,0.0,1.0
2015-05-28,22.55,22.55,22.55,22.55,21.6427,0.0,0.0,1.0
2015-05-29,22.65,22.65,22.65,22.65,21.7386,0.0,0.0,1.0
2015-06-01,22.6,22.6,22.6,22.6,21.6906,0.0,0.0,1.0
2015-06-02,22.5,22.5,22.5,22.5,21.5947,0.0,0.0,1.0
2015-06-03,22.38,22.38,22.38,22.38,21.4795,0.0,0.0,1.0
2015-06-04,22.43,22.43,22.43,22.43,21.5275,0.0,0.0,1.0
2015-06-05,22.31,22.31,22.31,22.31,21.4123,0.0,0.0,1.0
2015-06-08,22.34,22.34,22.34,22.34,21.4411,0.0,0.0,1.0
2015-06-09,22.33,22.33,22.33,22.33,21.4315,0.0,0.0,1.0
2015-06-10,22.27,22.27,22.27,22.27,21.3739,0.0,0.0,1.0
2015-06-11,22.28,22.28,22.28,22.28,21.3835,0.0,0.0,1.0
2015-06-12,22.33,22.33,22.33,22.33,21.4315,0.0,0.0,1.0
2015-06-15,22.39,22.39,22.39,22.39,21.4891,0.0,0.0,1.0
2015-06-16,22.47,22.47,22.47,22.47,21.5659,0.0,0.0,1.0
2015-06-17,22.43,22.43,22.43,22.43,21.5275,0.0,0.0,1.0
2015-06-18,22.4,22.4,22.4,22.4,21.4987,0.0,0.0,1.0
2015-06-19,22.47,22.47,22.47,22.47,21.5659,0.0,0.0,1.0
2015-06-22,22.43,22.43,22.43,22.43,21.5275,0.0,0.0,1.0
2015-06-23,22.38,22.38,22.38,22.38,21.4795,0.0,0.0,1.0
2015-06-24,22.38,22.38,22.38,22.38,21.4795,0.0,0.0,1.0
2015-06-25,22.38,22.38,22.38,22.38,21.4795,0.0,0.0,1.0
2015-06-26,22.33,22.33,22.33,22.33,21.4315,0.0,0.0,1.0
2015-06-29,22.47,22.47,22.47,22.47,21.5659,0.0,0.0,1.0
2015-06-30,22.47,22.47,22.47,22.47,21.5659,0.0,0.0,1.0
2015-07-01,22.36,22.36,22.36,22.36,21.4603,0.0,0.0,1.0
2015-07-02,22.38,22.38,22.38,22.38,21.4795,0.0,0.0,1.0
2015-07-06,22.51,22.51,22.51,22.51,21.6043,0.0,0.0,1.0
2015-07-07,22.63,22.63,22.63,22.63,21.7194,0.0,0.0,1.0
2015-07-08,22.64,22.64,22.64,22.64,21.729,0.0,0.0,1.0
2015-07-09,22.55,22.55,22.55,22.55,21.6427,0.0,0.0,1.0
2015-07-10,22.42,22.42,22.42,22.42,21.5179,0.0,0.0,1.0
2015-07-13,22.31,22.31,22.31,22.31,21.4123,0.0,0.0,1.0
2015-07-14,22.33,22.33,22.33,22.33,21.4315,0.0,0.0,1.0
2015-07-15,22.39,22.39,22.39,22.39,21.4891,0.0,0.0,1.0
2015-07-16,22.42,22.42,22.42,22.42,21.5179,0.0,0.0,1.0
2015-07-17,22.46,22.46,22.46,22.46,21.5563,0.0,0.0,1.0
2015-07-20,22.46,22.46,22.46,22.46,21.5563,0.0,0.0,1.0
2015-07-21,22.5,22.5,22.5,22.5,21.5947,0.0,0.0,1.0
2015-07-22,22.58,22.58,22.58,22.58,21.6715,0.0,0.0,1.0
2015-07-23,22.64,22.64,22.64,22.64,21.729,0.0,0.0,1.0
2015-07-24,22.66,22.66,22.66,22.66,21.7482,0.0,0.0,1.0
2015-07-27,22.72,22.72,22.72,22.72,21.8058,0.0,0.0,1.0
2015-07-28,22.68,22.68,22.68,22.68,21.7674,0.0,0.0,1.0
2015-07-29,22.64,22.64,22.64,22.64,21.729,0.0,0.0,1.0
2015-07-30,22.65,22.65,22.65,22.65,21.7386,0.0,0.0,1.0
2015-07-31,22.73,22.73,22.73,22.73,21.8154,0.0,0.0,1.0
2015-08-03,22.76,22.76,22.76,22.76,21.8442,0.0,0.0,1.0
2015-08-04,22.77,22.77,22.77,22.77,21.8538,0.0,0.0,1.0
2015-08-05,22.71,22.71,22.71,22.71,21.7962,0.0,0.0,1.0
2015-08-06,22.72,22.72,22.72,22.72,21.8058,0.0,0.0,1.0
2015-08-07,22.77,22.77,22.77,22.77,21.8538,0.0,0.0,1.0
2015-08-10,22.73,22.73,22.73,22.73,21.8154,0.0,0.0,1.0
2015-08-11,22.8,22.8,22.8,22.8,21.8826,0.0,0.0,1.0
2015-08-12,22.73,22.73,22.73,22.73,21.8154,0.0,0.0,1.0
2015-08-13,22.71,22.71,22.71,22.71,21.7962,0.0,0.0,1.0
2015-08-14,22.7,22.7,22.7,22.7,21.7866,0.0,0.0,1.0
2015-08-17,22.7,22.7,22.7,22.7,21.7866,0.0,0.0,1.0
2015-08-18,22.63,22.63,22.63,22.63,21.7194,0.0,0.0,1.0
2015-08-19,22.63,22.63,22.63,22.63,21.7194,0.0,0.0,1.0
2015-08-20,22.74,22.74,22.74,22.74,21.825,0.0,0.0,1.0
2015-08-21,22.78,22.78,22.78,22.78,21.8634,0.0,0.0,1.0
2015-08-24,22.84,22.84,22.84,22.84,21.921,0.0,0.0,1.0
2015-08-25,22.73,22.73,22.73,22.73,21.8154,0.0,0.0,1.0
2015-08-26,22.64,22.64,22.64,22.64,21.729,0.0,0.0,1.0
2015-08-27,22.64,22.64,22.64,22.64,21.729,0.0,0.0,1.0
2015-08-28,22.67,22.67,22.67,22.67,21.7578,0.0,0.0,1.0
2015-08-31,22.68,22.68,22.68,22.68,21.7674,0.0,0.0,1.0
2015-09-01,22.64,22.64,22.64,22.64,21.729,0.0,0.0,1.0
2015-09-02,22.65,22.65,22.65,22.65,21.7386,0.0,0.0,1.0
2015-09-03,22.64,22.64,22.64,22.64,21.729,0.0,0.0,1.0
2015-09-04,22.68,22.68,22.68,22.68,21.7674,0.0,0.0,1.0
2015-09-08,22.62,22.62,22.62,22.62,21.7098,0.0,0.0,1.0
2015-09-09,22.57,22.57,22.57,22.57,21.6619,0.0,0.0,1.0
2015-09-10,22.54,22.54,22.54,22.54,21.6331,0.0,0.0,1.0
2015-09-11,22.49,22.49,22.49,22.49,21.5851,0.0,0.0,1.0
2015-09-14,22.48,22.48,22.48,22.48,21.5755,0.0,0.0,1.0
2015-09-15,22.45,22.45,22.45,22.45,21.5467,0.0,0.0,1.0
2015-09-16,22.44,22.44,22.44,22.44,21.5371,0.0,0.0,1.0
2015-09-17,22.5,22.5,22.5,22.5,21.5947,0.0,0.0,1.0
2015-09-18,22.67,22.67,22.67,22.67,21.7578,0.0,0.0,1.0
2015-09-21,22.68,22.68,22.68,22.68,21.7674,0.0,0.0,1.0
2015-09-22,22.72,22.72,22.72,22.72,21.8058,0.0,0.0,1.0
2015-09-23,22.74,22.74,22.74,22.74,21.825,0.0,0.0,1.0
2015-09-24,22.83,22.83,22.83,22.83,21.9114,0.0,0.0,1.0
2015-09-25,22.81,22.81,22.81,22.81,21.8922,0.0,0.0,1.0
2015-09-28,22.86,22.86,22.86,22.86,21.9402,0.0,0.0,1.0
2015-09-29,22.92,22.92,22.92,22.92,21.9978,0.0,0.0,1.0
2015-09-30,22.92,22.92,22.92,22.92,21.9978,0.0,0.0,1.0
2015-10-01,22.93,22.93,22.93,22.93,22.0074,0.0,0.0,1.0
2015-10-02,23.02,23.02,23.02,23.02,22.0937,0.0,0.0,1.0
2015-10-05,22.98,22.98,22.98,22.98,22.0554,0.0,0.0,1.0
2015-10-06,22.96,22.96,22.96,22.96,22.0362,0.0,0.0,1.0
2015-10-07,22.95,22.95,22.95,22.95,22.0266,0.0,0.0,1.0
2015-10-08,22.92,22.92,22.92,22.92,21.9978,0.0,0.0,1.0
2015-10-09,22.92,22.92,22.92,22.92,21.9978,0.0,0.0,1.0
2015-10-12,22.92,22.92,22.92,22.92,21.9978,0.0,0.0,1.0
2015-10-13,22.86,22.86,22.86,22.86,21.9402,0.0,0.0,1.0
2015-10-14,22.91,22.91,22.91,22.91,21.9882,0.0,0.0,1.0
2015-10-15,22.9,22.9,22.9,22.9,21.9786,0.0,0.0,1.0
2015-10-16,22.92,22.92,22.92,22.92,21.9978,0.0,0.0,1.0
2015-10-19,22.92,22.92,22.92,22.92,21.9978,0.0,0.0,1.0
2015-10-20,22.92,22.92,22.92,22.92,21.9978,0.0,0.0,1.0
2015-10-21,22.95,22.95,22.95,22.95,22.0266,0.0,0.0,1.0
2015-10-22,22.97,22.97,22.97,22.97,22.0458,0.0,0.0,1.0
2015-10-23,22.93,22.93,22.93,22.93,22.0074,0.0,0.0,1.0
2015-10-26,22.95,22.95,22.95,22.95,22.0266,0.0,0.0,1.0
2015-10-27,23.02,23.02,23.02,23.02,22.0937,0.0,0.0,1.0
2015-10-28,23.04,23.04,23.04,23.04,22.1129,0.0,0.0,1.0
2015-10-29,22.99,22.99,22.99,22.99,22.065,0.0,0.0,1.0
2015-10-30,23.01,23.01,23.01,23.01,22.0842,0.0,0.0,1.0
2015-11-02,23.0,23.0,23.0,23.0,22.0746,0.0,0.0,1.0
2015-11-03,22.96,22.96,22.96,22.96,22.0362,0.0,0.0,1.0
2015-11-04,22.97,22.97,22.97,22.97,22.0458,0.0,0.0,1.0
2015-11-05,22.96,22.96,22.96,22.96,22.0362,0.0,0.0,1.0
2015-11-06,22.86,22.86,22.86,22.86,21.9402,0.0,0.0,1.0
2015-11-09,22.79,22.79,22.79,22.79,21.873,0.0,0.0,1.0
2015-11-10,22.8,22.8,22.8,22.8,21.8826,0.0,0.0,1.0
2015-11-11,22.8,22.8,22.8,22.8,21.8826,0.0,0.0,1.0
2015-11-12,22.75,22.75,22.75,22.75,21.8346,0.0,0.0,1.0
2015-11-13,22.83,22.83,22.83,22.83,21.9114,0.0,0.0,1.0
2015-11-16,22.85,22.85,22.85,22.85,21.9306,0.0,0.0,1.0
2015-11-17,22.92,22.92,22.92,22.92,21.9978,0.0,0.0,1.0
2015-11-18,22.98,22.98,22.98,22.98,22.0554,0.0,0.0,1.0
2015-11-19,23.09,23.09,23.09,23.09,22.1609,0.0,0.0,1.0
2015-11-20,23.14,23.14,23.14,23.14,22.2089,0.0,0.0,1.0
2015-11-23,23.16,23.16,23.16,23.16,22.2281,0.0,0.0,1.0
2015-11-24,23.21,23.21,23.21,23.21,22.2761,0.0,0.0,1.0
2015-11-25,23.25,23.25,23.25,23.25,22.3145,0.0,0.0,1.0
2015-11-27,23.26,23.26,23.26,23.26,22.3241,0.0,0.0,1.0
2015-11-30,23.29,23.29,23.29,23.29,22.3529,0.0,0.0,1.0
2015-12-01,23.38,23.38,23.38,23.38,22.4393,0.0,0.0,1.0
2015-12-02,23.44,23.44,23.44,23.44,22.4968,0.0,0.0,1.0
2015-12-03,23.32,23.32,23.32,23.32,22.3817,0.0,0.0,1.0
2015-12-04,23.35,23.35,23.35,23.35,22.4105,0.0,0.0,1.0
2015-12-07,23.44,23.44,23.44,23.44,22.4968,0.0,0.0,1.0
2015-12-08,23.49,23.49,23.49,23.49,22.5448,0.0,0.0,1.0
2015-12-09,23.53,23.53,23.53,23.53,22.5832,0.0,0.0,1.0
2015-12-10,23.51,23.51,23.51,23.51,22.564,0.0,0.0,1.0
2015-12-11,23.64,23.64,23.64,23.64,22.6888,0.0,0.0,1.0
2015-12-14,23.57,23.57,23.57,23.57,22.6216,0.0,0.0,1.0
2015-12-15,23.48,23.48,23.48,23.48,22.5352,0.0,0.0,1.0
2015-12-16,23.48,23.48,23.48,23.48,22.5352,0.0,0.0,1.0
2015-12-17,23.58,23.58,23.58,23.58,22.6312,0.0,0.0,1.0
2015-12-18,23.66,23.66,23.66,23.66,22.708,0.0,0.0,1.0
2015-12-21,23.68,23.68,23.68,23.68,22.7272,0.0,0.0,1.0
2015-12-22,23.68,23.68,23.68,23.68,22.7272,0.0,0.0,1.0
2015-12-23,23.67,23.67,23.67,23.67,22.7176,0.0,0.0,1.0
2015-12-24,23.68,23.68,23.68,23.68,22.7272,0.0,0.0,1.0
2015-12-28,23.73,23.73,23.73,23.73,22.7752,0.0,0.0,1.0
2015-12-29,23.72,23.72,23.72,23.72,22.7656,0.0,0.0,1.0
2015-12-30,23.74,23.74,23.74,23.74,22.7848,0.0,0.0,1.0
2015-12-31,23.77,23.77,23.77,23.77,22.8136,0.0,0.0,1.0
2016-01-04,23.89,23.89,23.89,23.89,22.9287,0.0,0.0,1.0
2016-01-05,23.94,23.94,23.94,23.94,22.9767,0.0,0.0,1.0
2016-01-06,24.13,24.13,24.13,24.13,23.1591,0.0,0.0,1.0
2016-01-07,24.2,24.2,24.2,24.2,23.2263,0.0,0.0,1.0
2016-01-08,24.2,24.2,24.2,24.2,23.2263,0.0,0.0,1.0
2016-01-11,24.14,24.14,24.14,24.14,23.1687,0.0,0.0,1.0
2016-01-12,24.16,24.16,24.16,24.16,23.1879,0.0,0.0,1.0
2016-01-13,24.1,24.1,24.1,24.1,23.1303,0.0,0.0,1.0
2016-01-14,24.05,24.05,24.05,24.05,23.0823,0.0,0.0,1.0
2016-01-15,24.14,24.14,24.14,24.14,23.1687,0.0,0.0,1.0
2016-01-19,24.14,24.14,24.14,24.14,23.1687,0.0,0.0,1.0
2016-01-20,24.22,24.22,24.22,24.22,23.2455,0.0,0.0,1.0
2016-01-21,24.2,24.2,24.2,24.2,23.2263,0.0,0.0,1.0
2016-01-22,24.14,24.14,24.14,24.14,23.1687,0.0,0.0,1.0
2016-01-25,24.15,24.15,24.15,24.15,23.1783,0.0,0.0,1.0
2016-01-26,24.16,24.16,24.16,24.16,23.1879,0.0,0.0,1.0
2016-01-27,24.13,24.13,24.13,24.13,23.1591,0.0,0.0,1.0
2016-01-28,24.14,24.14,24.14,24.14,23.1687,0.0,0.0,1.0
2016-01-29,24.24,24.24,24.24,24.24,23.2647,0.0,0.0,1.0
2016-02-01,24.24,24.24,24.24,24.24,23.2647,0.0,0.0,1.0
2016-02-02,24.33,24.33,24.33,24.33,23.351,0.0,0.0,1.0
2016-02-03,24.34,24.34,24.34,24.34,23.3606,0.0,0.0,1.0
2016-02-04,24.34,24.34,24.34,24.34,23.3606,0.0,0.0,1.0
2016-02-05,24.35,24.35,24.35,24.35,23.3702,0.0,0.0,1.0
2016-02-08,24.43,24.43,24.43,24.43,23.447,0.0,0.0,1.0
2016-02-09,24.45,24.45,24.45,24.45,23.4662,0.0,0.0,1.0
2016-02-10,24.42,24.42,24.42,24.42,23.4374,0.0,0.0,1.0
2016-02-11,24.46,24.46,24.46,24.46,23.4758,0.0,0.0,1.0
2016-02-12,24.37,24.37,24.37,24.37,23.3894,0.0,0.0,1.0
2016-02-16,24.3,24.3,24.3,24.3,23.3222,0.0,0.0,1.0
2016-02-17,24.19,24.19,24.19,24.19,23.2167,0.0,0.0,1.0
2016-02-18,24.2,24.2,24.2,24.2,23.2263,0.0,0.0,1.0
2016-02-19,24.2,24.2,24.2,24.2,23.2263,0.0,0.0,1.0
2016-02-22,24.18,24.18,24.18,24.18,23.2071,0.0,0.0,1.0
2016-02-23,24.12,24.12,24.12,24.12,23.1495,0.0,0.0,1.0
2016-02-24,24.13,24.13,24.13,24.13,23.1591,0.0,0.0,1.0
2016-02-25,24.14,24.14,24.14,24.14,23.1687,0.0,0.0,1.0
2016-02-26,24.07,24.07,24.07,24.07,23.1015,0.0,0.0,1.0
2016-02-29,24.08,24.08,24.08,24.08,23.1111,0.0,0.0,1.0
2016-03-01,23.97,23.97,23.97,23.97,23.0055,0.0,0.0,1.0
2016-03-02,23.95,23.95,23.95,23.95,22.9863,0.0,0.0,1.0
2016-03-03,23.91,23.91,23.91,23.91,22.9479,0.0,0.0,1.0
2016-03-04,23.87,23.87,23.87,23.87,22.9095,0.0,0.0,1.0
2016-03-07,23.86,23.86,23.86,23.86,22.8999,0.0,0.0,1.0
2016-03-08,23.94,23.94,23.94,23.94,22.9767,0.0,0.0,1.0
2016-03-09,23.92,23.92,23.92,23.92,22.9575,0.0,0.0,1.0
2016-03-10,23.93,23.93,23.93,23.93,22.9671,0.0,0.0,1.0
2016-03-11,23.85,23.85,23.85,23.85,22.8904,0.0,0.0,1.0
2016-03-14,23.85,23.85,23.85,23.85,22.8904,0.0,0.0,1.0
2016-03-15,23.85,23.85,23.85,23.85,22.8904,0.0,0.0,1.0
2016-03-16,23.9,23.9,23.9,23.9,22.9383,0.0,0.0,1.0
2016-03-17,24.02,24.02,24.02,24.02,23.0535,0.0,0.0,1.0
2016-03-18,24.04,24.04,24.04,24.04,23.0727,0.0,0.0,1.0
2016-03-21,24.01,24.01,24.01,24.01,23.0439,0.0,0.0,1.0
2016-03-22,24.03,24.03,24.03,24.03,23.0631,0.0,0.0,1.0
2016-03-23,24.07,24.07,24.07,24.07,23.1015,0.0,0.0,1.0
2016-03-24,24.09,24.09,24.09,24.09,23.1207,0.0,0.0,1.0
2016-03-28,24.09,24.09,24.09,24.09,23.1207,0.0,0.0,1.0
2016-03-29,24.18,24.18,24.18,24.18,23.2071,0.0,0.0,1.0
2016-03-30,24.26,24.26,24.26,24.26,23.2839,0.0,0.0,1.0
2016-03-31,24.36,24.36,24.36,24.36,23.3798,0.0,0.0,1.0
2016-04-01,24.41,24.41,24.41,24.41,23.4278,0.0,0.0,1.0
2016-04-04,24.44,24.44,24.44,24.44,23.4566,0.0,0.0,1.0
2016-04-05,24.6,24.6,24.6,24.6,23.6102,0.0,0.0,1.0
2016-04-06,24.61,24.61,24.61,24.61,23.6198,0.0,0.0,1.0
2016-04-07,24.71,24.71,24.71,24.71,23.7157,0.0,0.0,1.0
2016-04-08,24.73,24.73,24.73,24.73,23.7349,0.0,0.0,1.0
2016-04-11,24.73,24.73,24.73,24.73,23.7349,0.0,0.0,1.0
2016-04-12,24.68,24.68,24.68,24.68,23.687,0.0,0.0,1.0
2016-04-13,24.61,24.61,24.61,24.61,23.6198,0.0,0.0,1.0
2016-04-14,24.61,24.61,24.61,24.61,23.6198,0.0,0.0,1.0
2016-04-15,24.67,24.67,24.67,24.67,23.6774,0.0,0.0,1.0
2016-04-18,24.67,24.67,24.67,24.67,23.6774,0.0,0.0,1.0
2016-04-19,24.67,24.67,24.67,24.67,23.6774,0.0,0.0,1.0
2016-04-20,24.68,24.68,24.68,24.68,23.687,0.0,0.0,1.0
2016-04-21,24.58,24.58,24.58,24.58,23.591,0.0,0.0,1.0
2016-04-22,24.55,24.55,24.55,24.55,23.5622,0.0,0.0,1.0
2016-04-25,24.55,24.55,24.55,24.55,23.5622,0.0,0.0,1.0
2016-04-26,24.51,24.51,24.51,24.51,23.5238,0.0,0.0,1.0
2016-04-27,24.55,24.55,24.55,24.55,23.5622,0.0,0.0,1.0
2016-04-28,24.63,24.63,24.63,24.63,23.639,0.0,0.0,1.0
2016-04-29,24.66,24.66,24.66,24.66,23.6678,0.0,0.0,1.0
2016-05-02,24.65,24.65,24.65,24.65,23.6582,0.0,0.0,1.0
2016-05-03,24.7,24.7,24.7,24.7,23.7062,0.0,0.0,1.0
2016-05-04,24.72,24.72,24.72,24.72,23.7253,0.0,0.0,1.0
2016-05-05,24.74,24.74,24.74,24.74,23.7445,0.0,0.0,1.0
2016-05-06,24.76,24.76,24.76,24.76,23.7637,0.0,0.0,1.0
2016-05-09,24.79,24.79,24.79,24.79,23.7925,0.0,0.0,1.0
2016-05-10,24.83,24.83,24.83,24.83,23.8309,0.0,0.0,1.0
2016-05-11,24.91,24.91,24.91,24.91,23.9077,0.0,0.0,1.0
2016-05-12,24.84,24.84,24.84,24.84,23.8405,0.0,0.0,1.0
2016-05-13,24.89,24.89,24.89,24.89,23.8885,0.0,0.0,1.0
2016-05-16,24.89,24.89,24.89,24.89,23.8885,0.0,0.0,1.0
2016-05-17,24.93,24.93,24.93,24.93,23.9269,0.0,0.0,1.0
2016-05-18,24.83,24.83,24.83,24.83,23.8309,0.0,0.0,1.0
2016-05-20,24.81,24.81,24.81,24.81,23.8117,0.0,0.0,1.0
2016-05-23,24.81,24.81,24.81,24.81,23.8117,0.0,0.0,1.0
2016-05-24,24.76,24.76,24.76,24.76,23.7637,0.0,0.0,1.0
2016-05-25,24.74,24.74,24.74,24.74,23.7445,0.0,0.0,1.0
2016-05-26,24.74,24.74,24.74,24.74,23.7445,0.0,0.0,1.0
2016-05-27,24.75,24.75,24.75,24.75,23.7541,0.0,0.0,1.0
2016-05-31,24.75,24.75,24.75,24.75,23.7541,0.0,0.0,1.0
2016-06-01,24.76,24.76,24.76,24.76,23.7637,0.0,0.0,1.0
2016-06-02,24.78,24.78,24.78,24.78,23.7829,0.0,0.0,1.0
2016-06-03,24.86,24.86,24.86,24.86,23.8597,0.0,0.0,1.0
2016-06-06,24.86,24.86,24.86,24.86,23.8597,0.0,0.0,1.0
2016-06-07,24.91,24.91,24.91,24.91,23.9077,0.0,0.0,1.0
2016-06-08,24.92,24.92,24.92,24.92,23.9173,0.0,0.0,1.0
2016-06-09,25.02,25.02,25.02,25.02,24.0133,0.0,0.0,1.0
2016-06-10,25.14,25.14,25.14,25.14,24.1284,0.0,0.0,1.0
2016-06-13,25.07,25.07,25.07,25.07,24.0613,0.0,0.0,1.0
2016-06-14,25.17,25.17,25.17,25.17,24.1572,0.0,0.0,1.0
2016-06-15,25.21,25.21,25.21,25.21,24.1956,0.0,0.0,1.0
2016-06-16,25.32,25.32,25.32,25.32,24.3012,0.0,0.0,1.0
2016-06-17,25.31,25.31,25.31,25.31,24.2916,0.0,0.0,1.0
2016-06-20,25.21,25.21,25.21,25.21,24.1956,0.0,0.0,1.0
2016-06-21,25.18,25.18,25.18,25.18,24.1668,0.0,0.0,1.0
2016-06-22,25.17,25.17,25.17,25.17,24.1572,0.0,0.0,1.0
2016-06-23,25.09,25.09,25.09,25.09,24.0805,0.0,0.0,1.0
2016-06-24,25.46,25.46,25.46,25.46,24.4356,0.0,0.0,1.0
2016-06-27,25.6,25.6,25.6,25.6,24.5699,0.0,0.0,1.0
2016-06-28,25.54,25.54,25.54,25.54,24.5124,0.0,0.0,1.0
2016-06-29,25.52,25.52,25.52,25.52,24.4932,0.0,0.0,1.0
2016-06-30,25.51,25.51,25.51,25.51,24.4836,0.0,0.0,1.0
2016-07-01,25.59,25.59,25.59,25.59,24.5603,0.0,0.0,1.0
2016-07-05,25.7,25.7,25.7,25.7,24.6659,0.0,0.0,1.0
2016-07-06,25.73,25.73,25.73,25.73,24.6947,0.0,0.0,1.0
2016-07-07,25.73,25.73,25.73,25.73,24.6947,0.0,0.0,1.0
2016-07-08,25.7,25.7,25.7,25.7,24.6659,0.0,0.0,1.0
2016-07-11,25.66,25.66,25.66,25.66,24.6275,0.0,0.0,1.0
2016-07-12,25.54,25.54,25.54,25.54,24.5124,0.0,0.0,1.0
2016-07-13,25.47,25.47,25.47,25.47,24.4452,0.0,0.0,1.0
2016-07-14,25.39,25.39,25.39,25.39,24.3684,0.0,0.0,1.0
2016-07-15,25.3,25.3,25.3,25.3,24.282,0.0,0.0,1.0
2016-07-18,25.28,25.28,25.28,25.28,24.2628,0.0,0.0,1.0
2016-07-19,25.28,25.28,25.28,25.28,24.2628,0.0,0.0,1.0
2016-07-20,25.27,25.27,25.27,25.27,24.2532,0.0,0.0,1.0
2016-07-21,25.26,25.26,25.26,25.26,24.2436,0.0,0.0,1.0
2016-07-22,25.26,25.26,25.26,25.26,24.2436,0.0,0.0,1.0
2016-07-25,25.27,25.27,25.27,25.27,24.2532,0.0,0.0,1.0
2016-07-26,25.27,25.27,25.27,25.27,24.2532,0.0,0.0,1.0
2016-07-27,25.32,25.32,25.32,25.32,24.3012,0.0,0.0,1.0
2016-07-28,25.34,25.34,25.34,25.34,24.3204,0.0,0.0,1.0
2016-07-29,25.38,25.38,25.38,25.38,24.3588,0.0,0.0,1.0
2016-08-01,25.36,25.36,25.36,25.36,24.3396,0.0,0.0,1.0
2016-08-02,25.29,25.29,25.29,25.29,24.2724,0.0,0.0,1.0
2016-08-03,25.29,25.29,25.29,25.29,24.2724,0.0,0.0,1.0
2016-08-04,25.33,25.33,25.33,25.33,24.3108,0.0,0.0,1.0
2016-08-05,25.28,25.28,25.28,25.28,24.2628,0.0,0.0,1.0
2016-08-08,25.27,25.27,25.27,25.27,24.2532,0.0,0.0,1.0
2016-08-09,25.28,25.28,25.28,25.28,24.2628,0.0,0.0,1.0
2016-08-10,25.33,25.33,25.33,25.33,24.3108,0.0,0.0,1.0
2016-08-11,25.25,25.25,25.25,25.25,24.234,0.0,0.0,1.0
2016-08-12,25.32,25.32,25.32,25.32,24.3012,0.0,0.0,1.0
2016-08-15,25.32,25.32,25.32,25.32,24.3012,0.0,0.0,1.0
2016-08-16,25.3,25.3,25.3,25.3,24.282,0.0,0.0,1.0
2016-08-17,25.31,25.31,25.31,25.31,24.2916,0.0,0.0,1.0
2016-08-18,25.34,25.34,25.34,25.34,24.3204,0.0,0.0,1.0
2016-08-19,25.35,25.35,25.35,25.35,24.33,0.0,0.0,1.0
2016-08-22,25.37,25.37,25.37,25.37,24.3492,0.0,0.0,1.0
2016-08-23,25.38,25.38,25.38,25.38,24.3588,0.0,0.0,1.0
2016-08-24,25.38,25.38,25.38,25.38,24.3588,0.0,0.0,1.0
2016-08-25,25.36,25.36,25.36,25.36,24.3396,0.0,0.0,1.0
2016-08-26,25.37,25.37,25.37,25.37,24.3492,0.0,0.0,1.0
2016-08-29,25.37,25.37,25.37,25.37,24.3492,0.0,0.0,1.0
2016-08-30,25.37,25.37,25.37,25.37,24.3492,0.0,0.0,1.0
2016-08-31,25.37,25.37,25.37,25.37,24.3492,0.0,0.0,1.0
2016-09-01,25.38,25.38,25.38,25.38,24.3588,0.0,0.0,1.0
2016-09-02,25.35,25.35,25.35,25.35,24.33,0.0,0.0,1.0
2016-09-06,25.37,25.37,25.37,25.37,24.3492,0.0,0.0,1.0
2016-09-07,25.37,25.37,25.37,25.37,24.3492,0.0,0.0,1.0
2016-09-08,25.37,25.37,25.37,25.37,24.3492,0.0,0.0,1.0
2016-09-09,25.26,25.26,25.26,25.26,24.2436,0.0,0.0,1.0
2016-09-12,25.2,25.2,25.2,25.2,24.186,0.0,0.0,1.0
2016-09-13,25.02,25.02,25.02,25.02,24.0133,0.0,0.0,1.0
2016-09-14,25.02,25.02,25.02,25.02,24.0133,0.0,0.0,1.0
2016-09-15,24.98,24.98,24.98,24.98,23.9749,0.0,0.0,1.0
2016-09-16,24.99,24.99,24.99,24.99,23.9845,0.0,0.0,1.0
2016-09-19,24.99,24.99,24.99,24.99,23.9845,0.0,0.0,1.0
2016-09-20,24.99,24.99,24.99,24.99,23.9845,0.0,0.0,1.0
2016-09-21,24.99,24.99,24.99,24.99,23.9845,0.0,0.0,1.0
2016-09-22,25.03,25.03,25.03,25.03,24.0229,0.0,0.0,1.0
2016-09-23,25.07,25.07,25.07,25.07,24.0613,0.0,0.0,1.0
2016-09-26,25.06,25.06,25.06,25.06,24.0517,0.0,0.0,1.0
2016-09-27,25.13,25.13,25.13,25.13,24.1188,0.0,0.0,1.0
2016-09-28,25.13,25.13,25.13,25.13,24.1188,0.0,0.0,1.0
2016-09-29,25.09,25.09,25.09,25.09,24.0805,0.0,0.0,1.0
2016-09-30,25.06,25.06,25.06,25.06,24.0517,0.0,0.0,1.0
2016-10-03,25.07,25.07,25.07,25.07,24.0613,0.0,0.0,1.0
2016-10-04,24.98,24.98,24.98,24.98,23.9749,0.0,0.0,1.0
2016-10-05,24.84,24.84,24.84,24.84,23.8405,0.0,0.0,1.0
2016-10-06,24.75,24.75,24.75,24.75,23.7541,0.0,0.0,1.0
2016-10-07,24.76,24.76,24.76,24.76,23.7637,0.0,0.0,1.0
2016-10-10,24.76,24.76,24.76,24.76,23.7637,0.0,0.0,1.0
2016-10-11,24.66,24.66,24.66,24.66,23.6678,0.0,0.0,1.0
2016-10-12,24.51,24.51,24.51,24.51,23.5238,0.0,0.0,1.0
2016-10-13,24.5,24.5,24.5,24.5,23.5142,0.0,0.0,1.0
2016-10-14,24.48,24.48,24.48,24.48,23.495,0.0,0.0,1.0
2016-10-17,24.47,24.47,24.47,24.47,23.4854,0.0,0.0,1.0
2016-10-18,24.46,24.46,24.46,24.46,23.4758,0.0,0.0,1.0
2016-10-19,24.46,24.46,24.46,24.46,23.4758,0.0,0.0,1.0
2016-10-20,24.48,24.48,24.48,24.48,23.495,0.0,0.0,1.0
2016-10-21,24.49,24.49,24.49,24.49,23.5046,0.0,0.0,1.0
2016-10-24,24.49,24.49,24.49,24.49,23.5046,0.0,0.0,1.0
2016-10-25,24.49,24.49,24.49,24.49,23.5046,0.0,0.0,1.0
2016-10-26,24.48,24.48,24.48,24.48,23.495,0.0,0.0,1.0
2016-10-27,24.38,24.38,24.38,24.38,23.399,0.0,0.0,1.0
2016-10-28,24.44,24.44,24.44,24.44,23.4566,0.0,0.0,1.0
2016-10-31,24.47,24.47,24.47,24.47,23.4854,0.0,0.0,1.0
2016-11-01,24.47,24.47,24.47,24.47,23.4854,0.0,0.0,1.0
2016-11-02,24.54,24.54,24.54,24.54,23.5526,0.0,0.0,1.0
2016-11-03,24.54,24.54,24.54,24.54,23.5526,0.0,0.0,1.0
2016-11-04,24.53,24.53,24.53,24.53,23.543,0.0,0.0,1.0
2016-11-07,24.48,24.48,24.48,24.48,23.495,0.0,0.0,1.0
2016-11-08,24.43,24.43,24.43,24.43,23.447,0.0,0.0,1.0
2016-11-09,24.1,24.1,24.1,24.1,23.1303,0.0,0.0,1.0
2016-11-10,23.79,23.79,23.79,23.79,22.8328,0.0,0.0,1.0
2016-11-11,23.8,23.8,23.8,23.8,22.8424,0.0,0.0,1.0
2016-11-14,23.17,23.17,23.17,23.17,22.2377,0.0,0.0,1.0
2016-11-15,23.11,23.11,23.11,23.11,22.1801,0.0,0.0,1.0
2016-11-16,23.1,23.1,23.1,23.1,22.1705,0.0,0.0,1.0
2016-11-17,23.09,23.09,23.09,23.09,22.1609,0.0,0.0,1.0
2016-11-18,23.01,23.01,23.01,23.01,22.0842,0.0,0.0,1.0
2016-11-21,22.91,22.91,22.91,22.91,21.9882,0.0,0.0,1.0
2016-11-22,22.83,22.83,22.83,22.83,21.9114,0.0,0.0,1.0
2016-11-23,22.74,22.74,22.74,22.74,21.825,0.0,0.0,1.0
2016-11-25,22.74,22.74,22.74,22.74,21.825,0.0,0.0,1.0
2016-11-28,22.68,22.68,22.68,22.68,21.7674,0.0,0.0,1.0
2016-11-29,22.61,22.61,22.61,22.61,21.7002,0.0,0.0,1.0
2016-11-30,22.43,22.43,22.43,22.43,21.5275,0.0,0.0,1.0
2016-12-01,22.21,22.21,22.21,22.21,21.3163,0.0,0.0,1.0
2016-12-02,22.29,22.29,22.29,22.29,21.3931,0.0,0.0,1.0
2016-12-05,22.37,22.37,22.37,22.37,21.4699,0.0,0.0,1.0
2016-12-06,22.53,22.53,22.53,22.53,21.6235,0.0,0.0,1.0
2016-12-07,22.93,22.93,22.93,22.93,22.0074,0.0,0.0,1.0
2016-12-08,22.79,22.79,22.79,22.79,21.873,0.0,0.0,1.0
2016-12-09,22.75,22.75,22.75,22.75,21.8346,0.0,0.0,1.0
2016-12-12,22.65,22.65,22.65,22.65,21.7386,0.0,0.0,1.0
2016-12-13,22.63,22.63,22.63,22.63,21.7194,0.0,0.0,1.0
2016-12-14,22.64,22.64,22.64,22.64,21.729,0.0,0.0,1.0
2016-12-15,22.45,22.45,22.45,22.45,21.5467,0.0,0.0,1.0
2016-12-16,22.47,22.47,22.47,22.47,21.5659,0.0,0.0,1.0
2016-12-19,22.53,22.53,22.53,22.53,21.6235,0.0,0.0,1.0
2016-12-20,22.55,22.55,22.55,22.55,21.6427,0.0,0.0,1.0
2016-12-21,22.6,22.6,22.6,22.6,21.6906,0.0,0.0,1.0
2016-12-22,22.65,22.65,22.65,22.65,21.7386,0.0,0.0,1.0
2016-12-23,22.7,22.7,22.7,22.7,21.7866,0.0,0.0,1.0
2016-12-27,22.7,22.7,22.7,22.7,21.7866,0.0,0.0,1.0
2016-12-28,22.75,22.75,22.75,22.75,21.8346,0.0,0.0,1.0
2016-12-29,22.81,22.81,22.81,22.81,21.8922,0.0,0.0,1.0
2016-12-30,22.86,22.86,22.86,22.86,21.9402,0.0,0.0,1.0
2017-01-03,22.86,22.86,22.86,22.86,21.9402,0.0,0.0,1.0
2017-01-04,22.91,22.91,22.91,22.91,21.9882,0.0,0.0,1.0
2017-01-05,23.02,23.02,23.02,23.02,22.0937,0.0,0.0,1.0
2017-01-06,23.04,23.04,23.04,23.04,22.1129,0.0,0.0,1.0
2017-01-09,23.08,23.08,23.08,23.08,22.1513,0.0,0.0,1.0
2017-01-10,23.12,23.12,23.12,23.12,22.1897,0.0,0.0,1.0
2017-01-11,23.11,23.11,23.11,23.11,22.1801,0.0,0.0,1.0
2017-01-12,23.19,23.19,23.19,23.19,22.2569,0.0,0.0,1.0
2017-01-13,23.16,23.16,23.16,23.16,22.2281,0.0,0.0,1.0
2017-01-17,23.21,23.21,23.21,23.21,22.2761,0.0,0.0,1.0
2017-01-18,23.15,23.15,23.15,23.15,22.2185,0.0,0.0,1.0
2017-01-19,22.95,22.95,22.95,22.95,22.0266,0.0,0.0,1.0
2017-01-20,22.81,22.81,22.81,22.81,21.8922,0.0,0.0,1.0
2017-01-23,22.84,22.84,22.84,22.84,21.921,0.0,0.0,1.0
2017-01-24,22.84,22.84,22.84,22.84,21.921,0.0,0.0,1.0
2017-01-25,22.77,22.77,22.77,22.77,21.8538,0.0,0.0,1.0
2017-01-26,22.75,22.75,22.75,22.75,21.8346,0.0,0.0,1.0
2017-01-27,22.79,22.79,22.79,22.79,21.873,0.0,0.0,1.0
2017-01-30,22.79,22.79,22.79,22.79,21.873,0.0,0.0,1.0
2017-01-31,22.82,22.82,22.82,22.82,21.9018,0.0,0.0,1.0
2017-02-01,22.8,22.8,22.8,22.8,21.8826,0.0,0.0,1.0
2017-02-02,22.82,22.82,22.82,22.82,21.9018,0.0,0.0,1.0
2017-02-03,22.83,22.83,22.83,22.83,21.9114,0.0,0.0,1.0
2017-02-06,22.89,22.89,22.89,22.89,21.969,0.0,0.0,1.0
2017-02-07,22.94,22.94,22.94,22.94,22.017,0.0,0.0,1.0
2017-02-08,23.0,23.0,23.0,23.0,22.0746,0.0,0.0,1.0
2017-02-09,22.94,22.94,22.94,22.94,22.017,0.0,0.0,1.0
2017-02-10,22.93,22.93,22.93,22.93,22.0074,0.0,0.0,1.0
2017-02-13,22.81,22.81,22.81,22.81,21.8922,0.0,0.0,1.0
2017-02-14,22.74,22.74,22.74,22.74,21.825,0.0,0.0,1.0
2017-02-15,22.64,22.64,22.64,22.64,21.729,0.0,0.0,1.0
2017-02-16,22.69,22.69,22.69,22.69,21.777,0.0,0.0,1.0
2017-02-17,22.79,22.79,22.79,22.79,21.873,0.0,0.0,1.0
2017-02-21,22.79,22.79,22.79,22.79,21.873,0.0,0.0,1.0
2017-02-22,22.81,22.81,22.81,22.81,21.8922,0.0,0.0,1.0
2017-02-23,22.87,22.87,22.87,22.87,21.9498,0.0,0.0,1.0
2017-02-24,22.99,22.99,22.99,22.99,22.065,0.0,0.0,1.0
2017-02-27,22.96,22.96,22.96,22.96,22.0362,0.0,0.0,1.0
2017-02-28,22.96,22.96,22.96,22.96,22.0362,0.0,0.0,1.0
2017-03-01,22.82,22.82,22.82,22.82,21.9018,0.0,0.0,1.0
2017-03-02,22.74,22.74,22.74,22.74,21.825,0.0,0.0,1.0
2017-03-03,22.71,22.71,22.71,22.71,21.7962,0.0,0.0,1.0
2017-03-06,22.71,22.71,22.71,22.71,21.7962,0.0,0.0,1.0
2017-03-07,22.71,22.71,22.71,22.71,21.7962,0.0,0.0,1.0
2017-03-08,22.63,22.63,22.63,22.63,21.7194,0.0,0.0,1.0
2017-03-09,22.61,22.61,22.61,22.61,21.7002,0.0,0.0,1.0
2017-03-10,22.62,22.62,22.62,22.62,21.7098,0.0,0.0,1.0
2017-03-13,22.51,22.51,22.51,22.51,21.6043,0.0,0.0,1.0
2017-03-14,22.51,22.51,22.51,22.51,21.6043,0.0,0.0,1.0
2017-03-15,22.61,22.61,22.61,22.61,21.7002,0.0,0.0,1.0
2017-03-16,22.65,22.65,22.65,22.65,21.7386,0.0,0.0,1.0
2017-03-17,22.7,22.7,22.7,22.7,21.7866,0.0,0.0,1.0
2017-03-20,22.74,22.74,22.74,22.74,21.825,0.0,0.0,1.0
2017-03-21,22.82,22.82,22.82,22.82,21.9018,0.0,0.0,1.0
2017-03-22,22.9,22.9,22.9,22.9,21.9786,0.0,0.0,1.0
2017-03-23,22.94,22.94,22.94,22.94,22.017,0.0,0.0,1.0
2017-03-24,22.95,22.95,22.95,22.95,22.0266,0.0,0.0,1.0
2017-03-27,23.02,23.02,23.02,23.02,22.0937,0.0,0.0,1.0
2017-03-28,23.07,23.07,23.07,23.07,22.1417,0.0,0.0,1.0
2017-03-29,23.05,23.05,23.05,23.05,22.1225,0.0,0.0,1.0
2017-03-30,23.04,23.04,23.04,23.04,22.1129,0.0,0.0,1.0
2017-03-31,23.03,23.03,23.03,23.03,22.1033,0.0,0.0,1.0
2017-04-03,23.07,23.07,23.07,23.07,22.1417,0.0,0.0,1.0
2017-04-04,23.1,23.1,23.1,23.1,22.1705,0.0,0.0,1.0
2017-04-05,23.13,23.13,23.13,23.13,22.1993,0.0,0.0,1.0
2017-04-06,23.17,23.17,23.17,23.17,22.2377,0.0,0.0,1.0
2017-04-07,23.23,23.23,23.23,23.23,22.2953,0.0,0.0,1.0
2017-04-10,23.24,23.24,23.24,23.24,22.3049,0.0,0.0,1.0
2017-04-11,23.24,23.24,23.24,23.24,22.3049,0.0,0.0,1.0
2017-04-12,23.26,23.26,23.26,23.26,22.3241,0.0,0.0,1.0
2017-04-13,23.37,23.37,23.37,23.37,22.4297,0.0,0.0,1.0
2017-04-17,23.38,23.38,23.38,23.38,22.4393,0.0,0.0,1.0
2017-04-18,23.5,23.5,23.5,23.5,22.5544,0.0,0.0,1.0
2017-04-19,23.5,23.5,23.5,23.5,22.5544,0.0,0.0,1.0
2017-04-20,23.45,23.45,23.45,23.45,22.5064,0.0,0.0,1.0
2017-04-21,23.46,23.46,23.46,23.46,22.516,0.0,0.0,1.0
2017-04-24,23.38,23.38,23.38,23.38,22.4393,0.0,0.0,1.0
2017-04-25,23.3,23.3,23.3,23.3,22.3625,0.0,0.0,1.0
2017-04-26,23.31,23.31,23.31,23.31,22.3721,0.0,0.0,1.0
2017-04-27,23.31,23.31,23.31,23.31,22.3721,0.0,0.0,1.0
2017-04-28,23.32,23.32,23.32,23.32,22.3817,0.0,0.0,1.0
2017-05-01,23.27,23.27,23.27,23.27,22.3337,0.0,0.0,1.0
2017-05-02,23.27,23.27,23.27,23.27,22.3337,0.0,0.0,1.0
2017-05-03,23.35,23.35,23.35,23.35,22.4105,0.0,0.0,1.0
2017-05-04,23.32,23.32,23.32,23.32,22.3817,0.0,0.0,1.0
2017-05-05,23.33,23.33,23.33,23.33,22.3913,0.0,0.0,1.0
2017-05-08,23.34,23.34,23.34,23.34,22.4009,0.0,0.0,1.0
2017-05-09,23.32,23.32,23.32,23.32,22.3817,0.0,0.0,1.0
2017-05-10,23.35,23.35,23.35,23.35,22.4105,0.0,0.0,1.0
2017-05-11,23.28,23.28,23.28,23.28,22.3433,0.0,0.0,1.0
2017-05-12,23.36,23.36,23.36,23.36,22.4201,0.0,0.0,1.0
2017-05-15,23.36,23.36,23.36,23.36,22.4201,0.0,0.0,1.0
2017-05-16,23.4,23.4,23.4,23.4,22.4585,0.0,0.0,1.0
2017-05-17,23.54,23.54,23.54,23.54,22.5928,0.0,0.0,1.0
2017-05-18,23.58,23.58,23.58,23.58,22.6312,0.0,0.0,1.0
2017-05-19,23.59,23.59,23.59,23.59,22.6408,0.0,0.0,1.0
2017-05-22,23.62,23.62,23.62,23.62,22.6696,0.0,0.0,1.0
2017-05-23,23.67,23.67,23.67,23.67,22.7176,0.0,0.0,1.0
2017-05-24,23.67,23.67,23.67,23.67,22.7176,0.0,0.0,1.0
2017-05-25,23.71,23.71,23.71,23.71,22.756,0.0,0.0,1.0
2017-05-26,23.76,23.76,23.76,23.76,22.804,0.0,0.0,1.0
2017-05-30,23.8,23.8,23.8,23.8,22.8424,0.0,0.0,1.0
2017-05-31,23.86,23.86,23.86,23.86,22.8999,0.0,0.0,1.0
2017-06-01,23.85,23.85,23.85,23.85,22.8904,0.0,0.0,1.0
2017-06-02,23.96,23.96,23.96,23.96,22.9959,0.0,0.0,1.0
2017-06-05,23.96,23.96,23.96,23.96,22.9959,0.0,0.0,1.0
2017-06-06,24.03,24.03,24.03,24.03,23.0631,0.0,0.0,1.0
2017-06-07,24.03,24.03,24.03,24.03,23.0631,0.0,0.0,1.0
2017-06-08,23.98,23.98,23.98,23.98,23.0151,0.0,0.0,1.0
2017-06-09,23.95,23.95,23.95,23.95,22.9863,0.0,0.0,1.0
2017-06-12,23.93,23.93,23.93,23.93,22.9671,0.0,0.0,1.0
2017-06-13,23.83,23.83,23.83,23.83,22.8712,0.0,0.0,1.0
2017-06-14,23.91,23.91,23.91,23.91,22.9479,0.0,0.0,1.0
2017-06-15,23.88,23.88,23.88,23.88,22.9191,0.0,0.0,1.0
2017-06-16,23.88,23.88,23.88,23.88,22.9191,0.0,0.0,1.0
2017-06-19,23.88,23.88,23.88,23.88,22.9191,0.0,0.0,1.0
2017-06-20,23.88,23.88,23.88,23.88,22.9191,0.0,0.0,1.0
2017-06-21,23.89,23.89,23.89,23.89,22.9287,0.0,0.0,1.0
2017-06-22,23.9,23.9,23.9,23.9,22.9383,0.0,0.0,1.0
2017-06-23,23.91,23.91,23.91,23.91,22.9479,0.0,0.0,1.0
2017-06-26,23.94,23.94,23.94,23.94,22.9767,0.0,0.0,1.0
2017-06-27,23.86,23.86,23.86,23.86,22.8999,0.0,0.0,1.0
2017-06-28,23.78,23.78,23.78,23.78,22.8232,0.0,0.0,1.0
2017-06-29,23.64,23.64,23.64,23.64,22.6888,0.0,0.0,1.0
2017-06-30,23.65,23.65,23.65,23.65,22.6984,0.0,0.0,1.0
2017-07-03,23.63,23.63,23.63,23.63,22.6792,0.0,0.0,1.0
2017-07-05,23.62,23.62,23.62,23.62,22.6696,0.0,0.0,1.0
2017-07-06,23.59,23.59,23.59,23.59,22.6408,0.0,0.0,1.0
2017-07-07,23.56,23.56,23.56,23.56,22.612,0.0,0.0,1.0
2017-07-10,23.56,23.56,23.56,23.56,22.612,0.0,0.0,1.0
2017-07-11,23.56,23.56,23.56,23.56,22.612,0.0,0.0,1.0
2017-07-12,23.56,23.56,23.56,23.56,22.612,0.0,0.0,1.0
2017-07-13,23.58,23.58,23.58,23.58,22.6312,0.0,0.0,1.0
2017-07-14,23.67,23.67,23.67,23.67,22.7176,0.0,0.0,1.0
2017-07-17,23.68,23.68,23.68,23.68,22.7272,0.0,0.0,1.0
2017-07-18,23.77,23.77,23.77,23.77,22.8136,0.0,0.0,1.0
2017-07-19,23.8,23.8,23.8,23.8,22.8424,0.0,0.0,1.0
2017-07-20,23.85,23.85,23.85,23.85,22.8904,0.0,0.0,1.0
2017-07-21,23.9,23.9,23.9,23.9,22.9383,0.0,0.0,1.0
2017-07-24,23.91,23.91,23.91,23.91,22.9479,0.0,0.0,1.0
2017-07-25,23.85,23.85,23.85,23.85,22.8904,0.0,0.0,1.0
2017-07-26,23.83,23.83,23.83,23.83,22.8712,0.0,0.0,1.0
2017-07-27,23.82,23.82,23.82,23.82,22.8616,0.0,0.0,1.0
2017-07-28,23.83,23.83,23.83,23.83,22.8712,0.0,0.0,1.0
2017-07-31,23.83,23.83,23.83,23.83,22.8712,0.0,0.0,1.0
2017-08-01,23.85,23.85,23.85,23.85,22.8904,0.0,0.0,1.0
2017-08-02,23.88,23.88,23.88,23.88,22.9191,0.0,0.0,1.0
2017-08-03,23.95,23.95,23.95,23.95,22.9863,0.0,0.0,1.0
2017-08-04,23.95,23.95,23.95,23.95,22.9863,0.0,0.0,1.0
2017-08-07,23.95,23.95,23.95,23.95,22.9863,0.0,0.0,1.0
2017-08-08,23.94,23.94,23.94,23.94,22.9767,0.0,0.0,1.0
2017-08-09,23.99,23.99,23.99,23.99,23.0247,0.0,0.0,1.0
2017-08-10,24.04,24.04,24.04,24.04,23.0727,0.0,0.0,1.0
2017-08-11,23.98,23.98,23.98,23.98,23.0842,0.0,0.072,1.0
2017-08-14,23.99,23.99,23.99,23.99,23.0939,0.0,0.0,1.0
2017-08-15,23.92,23.92,23.92,23.92,23.0265,0.0,0.0,1.0
2017-08-16,23.91,23.91,23.91,23.91,23.0168,0.0,0.0,1.0
2017-08-17,23.93,23.93,23.93,23.93,23.0361,0.0,0.0,1.0
2017-08-18,23.96,23.96,23.96,23.96,23.065,0.0,0.0,1.0
2017-08-21,23.99,23.99,23.99,23.99,23.0939,0.0,0.0,1.0
2017-08-22,23.99,23.99,23.99,23.99,23.0939,0.0,0.0,1.0
2017-08-23,24.05,24.05,24.05,24.05,23.1516,0.0,0.0,1.0
2017-08-24,24.05,24.05,24.05,24.05,23.1516,0.0,0.0,1.0
2017-08-25,24.07,24.07,24.07,24.07,23.1709,0.0,0.0,1.0
2017-08-28,24.08,24.08,24.08,24.08,23.1805,0.0,0.0,1.0
2017-08-29,24.14,24.14,24.14,24.14,23.2382,0.0,0.0,1.0
2017-08-30,24.16,24.16,24.16,24.16,23.2575,0.0,0.0,1.0
2017-08-31,24.19,24.19,24.19,24.19,23.2864,0.0,0.0,1.0
2017-09-01,24.17,24.17,24.17,24.17,23.2671,0.0,0.0,1.0
2017-09-05,24.23,24.23,24.23,24.23,23.3249,0.0,0.0,1.0
2017-09-06,24.26,24.26,24.26,24.26,23.3538,0.0,0.0,1.0
2017-09-07,24.33,24.33,24.33,24.33,23.4212,0.0,0.0,1.0
2017-09-08,24.36,24.36,24.36,24.36,23.45,0.0,0.0,1.0
2017-09-11,24.31,24.31,24.31,24.31,23.4019,0.0,0.0,1.0
2017-09-12,24.24,24.24,24.24,24.24,23.3345,0.0,0.0,1.0
2017-09-13,24.22,24.22,24.22,24.22,23.3153,0.0,0.0,1.0
2017-09-14,24.15,24.15,24.15,24.15,23.317,0.0,0.0718,1.0
2017-09-15,24.16,24.16,24.16,24.16,23.3266,0.0,0.0,1.0
2017-09-18,24.15,24.15,24.15,24.15,23.317,0.0,0.0,1.0
2017-09-19,24.14,24.14,24.14,24.14,23.3073,0.0,0.0,1.0
2017-09-20,24.13,24.13,24.13,24.13,23.2977,0.0,0.0,1.0
2017-09-21,24.11,24.11,24.11,24.11,23.2784,0.0,0.0,1.0
2017-09-22,24.15,24.15,24.15,24.15,23.317,0.0,0.0,1.0
2017-09-25,24.15,24.15,24.15,24.15,23.317,0.0,0.0,1.0
2017-09-26,24.15,24.15,24.15,24.15,23.317,0.0,0.0,1.0
2017-09-27,24.04,24.04,24.04,24.04,23.2108,0.0,0.0,1.0
2017-09-28,24.03,24.03,24.03,24.03,23.2011,0.0,0.0,1.0
2017-09-29,24.04,24.04,24.04,24.04,23.2108,0.0,0.0,1.0
2017-10-02,24.05,24.05,24.05,24.05,23.2204,0.0,0.0,1.0
2017-10-03,24.07,24.07,24.07,24.07,23.2398,0.0,0.0,1.0
2017-10-04,24.09,24.09,24.09,24.09,23.2591,0.0,0.0,1.0
2017-10-05,24.1,24.1,24.1,24.1,23.2687,0.0,0.0,1.0
2017-10-06,24.09,24.09,24.09,24.09,23.2591,0.0,0.0,1.0
2017-10-09,24.09,24.09,24.09,24.09,23.2591,0.0,0.0,1.0
2017-10-10,24.11,24.11,24.11,24.11,23.2784,0.0,0.0,1.0
2017-10-11,24.13,24.13,24.13,24.13,23.2977,0.0,0.0,1.0
2017-10-12,24.16,24.16,24.16,24.16,23.3266,0.0,0.0,1.0
2017-10-13,24.17,24.17,24.17,24.17,23.4056,0.0,0.0718,1.0
2017-10-16,24.18,24.18,24.18,24.18,23.4153,0.0,0.0,1.0
2017-10-17,24.24,24.24,24.24,24.24,23.4734,0.0,0.0,1.0
2017-10-18,24.24,24.24,24.24,24.24,23.4734,0.0,0.0,1.0
2017-10-19,24.25,24.25,24.25,24.25,23.4831,0.0,0.0,1.0
2017-10-20,24.19,24.19,24.19,24.19,23.425,0.0,0.0,1.0
2017-10-23,24.19,24.19,24.19,24.19,23.425,0.0,0.0,1.0
2017-10-24,24.16,24.16,24.16,24.16,23.3959,0.0,0.0,1.0
2017-10-25,24.08,24.08,24.08,24.08,23.3185,0.0,0.0,1.0
2017-10-26,24.05,24.05,24.05,24.05,23.2894,0.0,0.0,1.0
2017-10-27,24.06,24.06,24.06,24.06,23.2991,0.0,0.0,1.0
2017-10-30,24.08,24.08,24.08,24.08,23.3185,0.0,0.0,1.0
2017-10-31,24.08,24.08,24.08,24.08,23.3185,0.0,0.0,1.0
2017-11-01,24.08,24.08,24.08,24.08,23.3185,0.0,0.0,1.0
2017-11-02,24.12,24.12,24.12,24.12,23.3572,0.0,0.0,1.0
2017-11-03,24.16,24.16,24.16,24.16,23.3959,0.0,0.0,1.0
2017-11-06,24.22,24.22,24.22,24.22,23.454,0.0,0.0,1.0
2017-11-07,24.39,24.39,24.39,24.39,23.6187,0.0,0.0,1.0
2017-11-08,24.43,24.43,24.43,24.43,23.6574,0.0,0.0,1.0
2017-11-09,24.38,24.38,24.38,24.38,23.609,0.0,0.0,1.0
2017-11-10,24.3,24.3,24.3,24.3,23.5315,0.0,0.0,1.0
2017-11-13,24.28,24.28,24.28,24.28,23.5121,0.0,0.0,1.0
2017-11-14,24.19,24.19,24.19,24.19,23.4945,0.0,0.0718,1.0
2017-11-15,24.21,24.21,24.21,24.21,23.5139,0.0,0.0,1.0
2017-11-16,24.21,24.21,24.21,24.21,23.5139,0.0,0.0,1.0
2017-11-17,24.23,24.23,24.23,24.23,23.5334,0.0,0.0,1.0
2017-11-20,24.22,24.22,24.22,24.22,23.5237,0.0,0.0,1.0
2017-11-21,24.17,24.17,24.17,24.17,23.4751,0.0,0.0,1.0
2017-11-22,24.11,24.11,24.11,24.11,23.4168,0.0,0.0,1.0
2017-11-24,24.1,24.1,24.1,24.1,23.4071,0.0,0.0,1.0
2017-11-27,24.04,24.04,24.04,24.04,23.3488,0.0,0.0,1.0
2017-11-28,23.98,23.98,23.98,23.98,23.2906,0.0,0.0,1.0
2017-11-29,23.89,23.89,23.89,23.89,23.2031,0.0,0.0,1.0
2017-11-30,23.99,23.99,23.99,23.99,23.3003,0.0,0.0,1.0
2017-12-01,23.99,23.99,23.99,23.99,23.3003,0.0,0.0,1.0
2017-12-04,24.21,24.21,24.21,24.21,23.5139,0.0,0.0,1.0
2017-12-05,24.36,24.36,24.36,24.36,23.6596,0.0,0.0,1.0
2017-12-06,24.57,24.57,24.57,24.57,23.8636,0.0,0.0,1.0
2017-12-07,24.54,24.54,24.54,24.54,23.8345,0.0,0.0,1.0
2017-12-08,24.41,24.41,24.41,24.41,23.7082,0.0,0.0,1.0
2017-12-11,24.2,24.2,24.2,24.2,23.5742,0.0,0.072,1.0
2017-12-12,24.11,24.11,24.11,24.11,23.4865,0.0,0.0,1.0
2017-12-13,24.22,24.22,24.22,24.22,23.5936,0.0,0.0,1.0
2017-12-14,24.29,24.29,24.29,24.29,23.6618,0.0,0.0,1.0
2017-12-15,24.29,24.29,24.29,24.29,23.6618,0.0,0.0,1.0
2017-12-18,24.23,24.23,24.23,24.23,23.6034,0.0,0.0,1.0
2017-12-19,24.12,24.12,24.12,24.12,23.4962,0.0,0.0,1.0
2017-12-20,24.03,24.03,24.03,24.03,23.4086,0.0,0.0,1.0
2017-12-21,24.05,24.05,24.05,24.05,23.428,0.0,0.0,1.0
2017-12-22,24.11,24.11,24.11,24.11,23.4865,0.0,0.0,1.0
2017-12-26,24.18,24.18,24.18,24.18,23.5547,0.0,0.0,1.0
2017-12-27,24.27,24.27,24.27,24.27,23.6424,0.0,0.0,1.0
2017-12-28,24.31,24.31,24.31,24.31,23.6813,0.0,0.0,1.0
2017-12-29,24.34,24.34,24.34,24.34,23.7105,0.0,0.0,1.0
2018-01-02,24.35,24.35,24.35,24.35,23.7203,0.0,0.0,1.0
2018-01-03,24.37,24.37,24.37,24.37,23.7398,0.0,0.0,1.0
2018-01-04,24.36,24.36,24.36,24.36,23.73,0.0,0.0,1.0
2018-01-05,24.34,24.34,24.34,24.34,23.7105,0.0,0.0,1.0
2018-01-08,24.35,24.35,24.35,24.35,23.7203,0.0,0.0,1.0
2018-01-09,24.27,24.27,24.27,24.27,23.6424,0.0,0.0,1.0
2018-01-10,24.13,24.13,24.13,24.13,23.506,0.0,0.0,1.0
2018-01-11,24.13,24.13,24.13,24.13,23.506,0.0,0.0,1.0
2018-01-12,24.07,24.07,24.07,24.07,23.5175,0.0,0.0718,1.0
2018-01-16,24.11,24.11,24.11,24.11,23.5566,0.0,0.0,1.0
2018-01-17,24.11,24.11,24.11,24.11,23.5566,0.0,0.0,1.0
2018-01-18,24.09,24.09,24.09,24.09,23.537,0.0,0.0,1.0
2018-01-19,24.08,24.08,24.08,24.08,23.5272,0.0,0.0,1.0
2018-01-22,24.07,24.07,24.07,24.07,23.5175,0.0,0.0,1.0
2018-01-23,24.06,24.06,24.06,24.06,23.5077,0.0,0.0,1.0
2018-01-24,23.98,23.98,23.98,23.98,23.4295,0.0,0.0,1.0
2018-01-25,23.98,23.98,23.98,23.98,23.4295,0.0,0.0,1.0
2018-01-26,23.93,23.93,23.93,23.93,23.3807,0.0,0.0,1.0
2018-01-29,23.84,23.84,23.84,23.84,23.2927,0.0,0.0,1.0
2018-01-30,23.75,23.75,23.75,23.75,23.2048,0.0,0.0,1.0
2018-01-31,23.74,23.74,23.74,23.74,23.195,0.0,0.0,1.0
2018-02-01,23.7,23.7,23.7,23.7,23.156,0.0,0.0,1.0
2018-02-02,23.58,23.58,23.58,23.58,23.0387,0.0,0.0,1.0
2018-02-05,23.58,23.58,23.58,23.58,23.0387,0.0,0.0,1.0
2018-02-06,23.74,23.74,23.74,23.74,23.195,0.0,0.0,1.0
2018-02-07,23.72,23.72,23.72,23.72,23.1755,0.0,0.0,1.0
2018-02-08,23.67,23.67,23.67,23.67,23.1267,0.0,0.0,1.0
2018-02-09,23.67,23.67,23.67,23.67,23.1267,0.0,0.0,1.0
2018-02-12,23.66,23.66,23.66,23.66,23.1169,0.0,0.0,1.0
2018-02-13,23.66,23.66,23.66,23.66,23.1169,0.0,0.0,1.0
2018-02-14,23.51,23.51,23.51,23.51,23.0407,0.0,0.072,1.0
2018-02-15,23.49,23.49,23.49,23.49,23.0211,0.0,0.0,1.0
2018-02-16,23.52,23.52,23.52,23.52,23.0505,0.0,0.0,1.0
2018-02-20,23.5,23.5,23.5,23.5,23.0309,0.0,0.0,1.0
2018-02-21,23.49,23.49,23.49,23.49,23.0211,0.0,0.0,1.0
2018-02-22,23.48,23.48,23.48,23.48,23.0113,0.0,0.0,1.0
2018-02-23,23.53,23.53,23.53,23.53,23.0603,0.0,0.0,1.0
2018-02-26,23.54,23.54,23.54,23.54,23.0701,0.0,0.0,1.0
2018-02-27,23.49,23.49,23.49,23.49,23.0211,0.0,0.0,1.0
2018-02-28,23.5,23.5,23.5,23.5,23.0309,0.0,0.0,1.0
2018-03-01,23.57,23.57,23.57,23.57,23.0995,0.0,0.0,1.0
2018-03-02,23.56,23.56,23.56,23.56,23.0897,0.0,0.0,1.0
2018-03-05,23.54,23.54,23.54,23.54,23.0701,0.0,0.0,1.0
2018-03-06,23.54,23.54,23.54,23.54,23.0701,0.0,0.0,1.0
2018-03-07,23.53,23.53,23.53,23.53,23.0603,0.0,0.0,1.0
2018-03-08,23.53,23.53,23.53,23.53,23.0603,0.0,0.0,1.0
2018-03-09,23.51,23.51,23.51,23.51,23.0407,0.0,0.0,1.0
2018-03-12,23.48,23.48,23.48,23.48,23.0113,0.0,0.0,1.0
2018-03-13,23.48,23.48,23.48,23.48,23.0113,0.0,0.0,1.0
2018-03-14,23.43,23.43,23.43,23.43,23.0328,0.0,0.072,1.0
2018-03-15,23.44,23.44,23.44,23.44,23.0427,0.0,0.0,1.0
2018-03-16,23.47,23.47,23.47,23.47,23.0722,0.0,0.0,1.0
2018-03-19,23.47,23.47,23.47,23.47,23.0722,0.0,0.0,1.0
2018-03-20,23.44,23.44,23.44,23.44,23.0427,0.0,0.0,1.0
2018-03-21,23.42,23.42,23.42,23.42,23.023,0.0,0.0,1.0
2018-03-22,23.51,23.51,23.51,23.51,23.1115,0.0,0.0,1.0
2018-03-23,23.5,23.5,23.5,23.5,23.1016,0.0,0.0,1.0
2018-03-26,23.5,23.5,23.5,23.5,23.1016,0.0,0.0,1.0
2018-03-27,23.52,23.52,23.52,23.52,23.1213,0.0,0.0,1.0
2018-03-28,23.53,23.53,23.53,23.53,23.1311,0.0,0.0,1.0
2018-03-29,23.57,23.57,23.57,23.57,23.1705,0.0,0.0,1.0
2018-04-02,23.58,23.58,23.58,23.58,23.1803,0.0,0.0,1.0
2018-04-03,23.54,23.54,23.54,23.54,23.141,0.0,0.0,1.0
2018-04-04,23.54,23.54,23.54,23.54,23.141,0.0,0.0,1.0
2018-04-05,23.51,23.51,23.51,23.51,23.1115,0.0,0.0,1.0
2018-04-06,23.55,23.55,23.55,23.55,23.1508,0.0,0.0,1.0
2018-04-09,23.53,23.53,23.53,23.53,23.1311,0.0,0.0,1.0
2018-04-10,23.55,23.55,23.55,23.55,23.1508,0.0,0.0,1.0
2018-04-11,23.6,23.6,23.6,23.6,23.1999,0.0,0.0,1.0
2018-04-12,23.59,23.59,23.59,23.59,23.1901,0.0,0.0,1.0
2018-04-13,23.54,23.54,23.54,23.54,23.2117,0.0,0.072,1.0
2018-04-16,23.52,23.52,23.52,23.52,23.192,0.0,0.0,1.0
2018-04-17,23.53,23.53,23.53,23.53,23.2019,0.0,0.0,1.0
2018-04-18,23.54,23.54,23.54,23.54,23.2117,0.0,0.0,1.0
2018-04-19,23.48,23.48,23.48,23.48,23.1526,0.0,0.0,1.0
2018-04-20,23.47,23.47,23.47,23.47,23.1427,0.0,0.0,1.0
2018-04-23,23.46,23.46,23.46,23.46,23.1329,0.0,0.0,1.0
2018-04-24,23.42,23.42,23.42,23.42,23.0934,0.0,0.0,1.0
2018-04-25,23.3,23.3,23.3,23.3,22.9751,0.0,0.0,1.0
2018-04-26,23.31,23.31,23.31,23.31,22.985,0.0,0.0,1.0
2018-04-27,23.36,23.36,23.36,23.36,23.0343,0.0,0.0,1.0
2018-04-30,23.38,23.38,23.38,23.38,23.054,0.0,0.0,1.0
2018-05-01,23.4,23.4,23.4,23.4,23.0737,0.0,0.0,1.0
2018-05-02,23.43,23.43,23.43,23.43,23.1033,0.0,0.0,1.0
2018-05-03,23.52,23.52,23.52,23.52,23.192,0.0,0.0,1.0
2018-05-04,23.58,23.58,23.58,23.58,23.2512,0.0,0.0,1.0
2018-05-07,23.59,23.59,23.59,23.59,23.261,0.0,0.0,1.0
2018-05-08,23.6,23.6,23.6,23.6,23.2709,0.0,0.0,1.0
2018-05-09,23.59,23.59,23.59,23.59,23.261,0.0,0.0,1.0
2018-05-10,23.61,23.61,23.61,23.61,23.2808,0.0,0.0,1.0
2018-05-11,23.63,23.63,23.63,23.63,23.3005,0.0,0.0,1.0
2018-05-14,23.55,23.55,23.55,23.55,23.2926,0.0,0.072,1.0
2018-05-15,23.44,23.44,23.44,23.44,23.1838,0.0,0.0,1.0
2018-05-16,23.41,23.41,23.41,23.41,23.1541,0.0,0.0,1.0
2018-05-17,23.36,23.36,23.36,23.36,23.1047,0.0,0.0,1.0
2018-05-18,23.37,23.37,23.37,23.37,23.1146,0.0,0.0,1.0
2018-05-21,23.37,23.37,23.37,23.37,23.1146,0.0,0.0,1.0
2018-05-22,23.38,23.38,23.38,23.38,23.1245,0.0,0.0,1.0
2018-05-23,23.45,23.45,23.45,23.45,23.1937,0.0,0.0,1.0
2018-05-24,23.49,23.49,23.49,23.49,23.2333,0.0,0.0,1.0
2018-05-25,23.55,23.55,23.55,23.55,23.2926,0.0,0.0,1.0
2018-05-29,23.7,23.7,23.7,23.7,23.441,0.0,0.0,1.0
2018-05-30,23.69,23.69,23.69,23.69,23.4311,0.0,0.0,1.0
2018-05-31,23.71,23.71,23.71,23.71,23.4509,0.0,0.0,1.0
2018-06-01,23.67,23.67,23.67,23.67,23.4113,0.0,0.0,1.0
2018-06-04,23.65,23.65,23.65,23.65,23.3915,0.0,0.0,1.0
2018-06-05,23.65,23.65,23.65,23.65,23.3915,0.0,0.0,1.0
2018-06-06,23.61,23.61,23.61,23.61,23.3519,0.0,0.0,1.0
2018-06-07,23.61,23.61,23.61,23.61,23.3519,0.0,0.0,1.0
2018-06-08,23.61,23.61,23.61,23.61,23.3519,0.0,0.0,1.0
2018-06-11,23.61,23.61,23.61,23.61,23.3519,0.0,0.0,1.0
2018-06-12,23.58,23.58,23.58,23.58,23.3223,0.0,0.0,1.0
2018-06-13,23.56,23.56,23.56,23.56,23.3025,0.0,0.0,1.0
2018-06-14,23.5,23.5,23.5,23.5,23.3144,0.0,0.072,1.0
2018-06-15,23.54,23.54,23.54,23.54,23.354,0.0,0.0,1.0
2018-06-18,23.54,23.54,23.54,23.54,23.354,0.0,0.0,1.0
2018-06-19,23.54,23.54,23.54,23.54,23.354,0.0,0.0,1.0
2018-06-20,23.58,23.58,23.58,23.58,23.3937,0.0,0.0,1.0
2018-06-21,23.58,23.58,23.58,23.58,23.3937,0.0,0.0,1.0
2018-06-22,23.57,23.57,23.57,23.57,23.3838,0.0,0.0,1.0
2018-06-25,23.58,23.58,23.58,23.58,23.3937,0.0,0.0,1.0
2018-06-26,23.57,23.57,23.57,23.57,23.3838,0.0,0.0,1.0
2018-06-27,23.6,23.6,23.6,23.6,23.4136,0.0,0.0,1.0
2018-06-28,23.61,23.61,23.61,23.61,23.4235,0.0,0.0,1.0
2018-06-29,23.62,23.62,23.62,23.62,23.4334,0.0,0.0,1.0
2018-07-02,23.63,23.63,23.63,23.63,23.4433,0.0,0.0,1.0
2018-07-03,23.65,23.65,23.65,23.65,23.4632,0.0,0.0,1.0
2018-07-05,23.65,23.65,23.65,23.65,23.4632,0.0,0.0,1.0
2018-07-06,23.7,23.7,23.7,23.7,23.5128,0.0,0.0,1.0
2018-07-09,23.7,23.7,23.7,23.7,23.5128,0.0,0.0,1.0
2018-07-10,23.7,23.7,23.7,23.7,23.5128,0.0,0.0,1.0
2018-07-11,23.72,23.72,23.72,23.72,23.5326,0.0,0.0,1.0
2018-07-12,23.73,23.73,23.73,23.73,23.5425,0.0,0.0,1.0
2018-07-13,23.7,23.7,23.7,23.7,23.5747,0.0,0.0624,1.0
2018-07-16,23.7,23.7,23.7,23.7,23.5747,0.0,0.0,1.0
2018-07-17,23.69,23.69,23.69,23.69,23.5647,0.0,0.0,1.0
2018-07-18,23.7,23.7,23.7,23.7,23.5747,0.0,0.0,1.0
2018-07-19,23.72,23.72,23.72,23.72,23.5946,0.0,0.0,1.0
2018-07-20,23.71,23.71,23.71,23.71,23.5846,0.0,0.0,1.0
2018-07-23,23.65,23.65,23.65,23.65,23.525,0.0,0.0,1.0
2018-07-24,23.63,23.63,23.63,23.63,23.5051,0.0,0.0,1.0
2018-07-25,23.63,23.63,23.63,23.63,23.5051,0.0,0.0,1.0
2018-07-26,23.62,23.62,23.62,23.62,23.4951,0.0,0.0,1.0
2018-07-27,23.63,23.63,23.63,23.63,23.5051,0.0,0.0,1.0
2018-07-30,23.62,23.62,23.62,23.62,23.4951,0.0,0.0,1.0
2018-07-31,23.62,23.62,23.62,23.62,23.4951,0.0,0.0,1.0
2018-08-01,23.57,23.57,23.57,23.57,23.4454,0.0,0.0,1.0
2018-08-02,23.57,23.57,23.57,23.57,23.4454,0.0,0.0,1.0
2018-08-03,23.59,23.59,23.59,23.59,23.4653,0.0,0.0,1.0
2018-08-06,23.59,23.59,23.59,23.59,23.4653,0.0,0.0,1.0
2018-08-07,23.58,23.58,23.58,23.58,23.4553,0.0,0.0,1.0
2018-08-08,23.56,23.56,23.56,23.56,23.4354,0.0,0.0,1.0
2018-08-09,23.58,23.58,23.58,23.58,23.4553,0.0,0.0,1.0
2018-08-10,23.63,23.63,23.63,23.63,23.5051,0.0,0.0,1.0
2018-08-13,23.64,23.64,23.64,23.64,23.515,0.0,0.0,1.0
2018-08-14,23.57,23.57,23.57,23.57,23.5074,0.0,0.0624,1.0
2018-08-15,23.61,23.61,23.61,23.61,23.5473,0.0,0.0,1.0
2018-08-16,23.61,23.61,23.61,23.61,23.5473,0.0,0.0,1.0
2018-08-17,23.62,23.62,23.62,23.62,23.5573,0.0,0.0,1.0
2018-08-20,23.64,23.64,23.64,23.64,23.5773,0.0,0.0,1.0
2018-08-21,23.64,23.64,23.64,23.64,23.5773,0.0,0.0,1.0
2018-08-22,23.64,23.64,23.64,23.64,23.5773,0.0,0.0,1.0
2018-08-23,23.64,23.64,23.64,23.64,23.5773,0.0,0.0,1.0
2018-08-24,23.66,23.66,23.66,23.66,23.5972,0.0,0.0,1.0
2018-08-27,23.65,23.65,23.65,23.65,23.5872,0.0,0.0,1.0
2018-08-28,23.65,23.65,23.65,23.65,23.5872,0.0,0.0,1.0
2018-08-29,23.63,23.63,23.63,23.63,23.5673,0.0,0.0,1.0
2018-08-30,23.63,23.63,23.63,23.63,23.5673,0.0,0.0,1.0
2018-08-31,23.64,23.64,23.64,23.64,23.5773,0.0,0.0,1.0
2018-09-04,23.62,23.62,23.62,23.62,23.5573,0.0,0.0,1.0
2018-09-05,23.6,23.6,23.6,23.6,23.5374,0.0,0.0,1.0
2018-09-06,23.6,23.6,23.6,23.6,23.5374,0.0,0.0,1.0
2018-09-07,23.55,23.55,23.55,23.55,23.4875,0.0,0.0,1.0
2018-09-10,23.55,23.55,23.55,23.55,23.4875,0.0,0.0,1.0
2018-09-11,23.5,23.5,23.5,23.5,23.4376,0.0,0.0,1.0
2018-09-12,23.51,23.51,23.51,23.51,23.4476,0.0,0.0,1.0
2018-09-13,23.45,23.45,23.45,23.45,23.45,0.0,0.0624,1.0
2018-09-14,23.42,23.42,23.42,23.42,23.42,0.0,0.0,1.0
2018-09-17,23.41,23.41,23.41,23.41,23.41,0.0,0.0,1.0
2018-09-18,23.35,23.35,23.35,23.35,23.35,0.0,0.0,1.0
2018-09-19,23.32,23.32,23.32,23.32,23.32,0.0,0.0,1.0
2018-09-20,23.32,23.32,23.32,23.32,23.32,0.0,0.0,1.0
2018-09-21,23.32,23.32,23.32,23.32,23.32,0.0,0.0,1.0
2018-09-24,23.29,23.29,23.29,23.29,23.29,0.0,0.0,1.0
2018-09-25,23.25,23.25,23.25,23.25,23.25,0.0,0.0,1.0
2018-09-26,23.27,23.27,23.27,23.27,23.27,0.0,0.0,1.0
2018-09-27,23.33,23.33,23.33,23.33,23.33,0.0,0.0,1.0
2018-09-28,23.38,23.38,23.38,23.38,23.38,0.0,0.0,1.0
