date,1. open,2. high,3. low,4. close,5. adjusted close,6. volume,7. dividend amount,8. split coefficient
2011-11-28,19.06,19.06,19.06,19.06,12.2813,0.0,0.0,1.0
2011-11-29,19.06,19.06,19.06,19.06,12.2813,0.0,0.0,1.0
2011-11-30,19.1,19.1,19.1,19.1,12.307,0.0,0.0,1.0
2011-12-01,19.1,19.1,19.1,19.1,12.307,0.0,0.0,1.0
2011-12-02,19.07,19.07,19.07,19.07,12.2877,0.0,0.0,1.0
2011-12-05,19.09,19.09,19.09,19.09,12.3006,0.0,0.0,1.0
2011-12-06,19.08,19.08,19.08,19.08,12.2942,0.0,0.0,1.0
2011-12-07,19.08,19.08,19.08,19.08,12.2942,0.0,0.0,1.0
2011-12-08,19.02,19.02,19.02,19.02,12.2555,0.0,0.0,1.0
2011-12-09,19.09,19.09,19.09,19.09,12.3006,0.0,0.0,1.0
2011-12-12,19.01,19.01,19.01,19.01,12.2491,0.0,0.0,1.0
2011-12-13,19.01,19.01,19.01,19.01,12.2491,0.0,0.0,1.0
2011-12-14,18.92,18.92,18.92,18.92,12.1911,0.0,0.0,1.0
2011-12-15,19.06,19.06,19.06,19.06,12.2813,0.0,0.0,1.0
2011-12-16,19.1,19.1,19.1,19.1,12.307,0.0,0.0,1.0
2011-12-19,19.03,19.03,19.03,19.03,12.2619,0.0,0.0,1.0
2011-12-20,19.29,19.29,19.29,19.29,12.4295,0.0,0.0,1.0
2011-12-21,19.36,19.36,19.36,19.36,12.4746,0.0,0.0,1.0
2011-12-22,19.39,19.39,19.39,19.39,12.4939,0.0,0.0,1.0
2011-12-23,19.48,19.48,19.48,19.48,12.5519,0.0,0.0,1.0
2011-12-27,19.57,19.57,19.57,19.57,12.6099,0.0,0.0,1.0
2011-12-28,19.46,19.46,19.46,19.46,12.539,0.0,0.0,1.0
2011-12-29,19.57,19.57,19.57,19.57,12.6099,0.0,0.0,1.0
2011-12-30,19.53,19.53,19.53,19.53,12.5841,0.0,0.0,1.0
2012-01-03,19.48,19.48,19.48,19.48,12.5519,0.0,0.0,1.0
2012-01-04,19.5,19.5,19.5,19.5,12.5648,0.0,0.0,1.0
2012-01-05,19.46,19.46,19.46,19.46,12.539,0.0,0.0,1.0
2012-01-06,19.39,19.39,19.39,19.39,12.4939,0.0,0.0,1.0
2012-01-09,19.41,19.41,19.41,19.41,12.5068,0.0,0.0,1.0
2012-01-10,19.47,19.47,19.47,19.47,12.5455,0.0,0.0,1.0
2012-01-11,19.4,19.4,19.4,19.4,12.5003,0.0,0.0,1.0
2012-01-12,19.4,19.4,19.4,19.4,12.5003,0.0,0.0,1.0
2012-01-13,19.37,19.37,19.37,19.37,12.481,0.0,0.0,1.0
2012-01-17,19.4,19.4,19.4,19.4,12.5003,0.0,0.0,1.0
2012-01-18,19.45,19.45,19.45,19.45,12.5326,0.0,0.0,1.0
2012-01-19,19.42,19.42,19.42,19.42,12.5132,0.0,0.0,1.0
2012-01-20,19.49,19.49,19.49,19.49,12.5583,0.0,0.0,1.0
2012-01-23,19.52,19.52,19.52,19.52,12.5777,0.0,0.0,1.0
2012-01-24,19.47,19.47,19.47,19.47,12.5455,0.0,0.0,1.0
2012-01-25,19.61,19.61,19.61,19.61,12.6357,0.0,0.0,1.0
2012-01-26,19.64,19.64,19.64,19.64,12.655,0.0,0.0,1.0
2012-01-27,19.6,19.6,19.6,19.6,12.6292,0.0,0.0,1.0
2012-01-30,19.54,19.54,19.54,19.54,12.5906,0.0,0.0,1.0
2012-01-31,19.63,19.63,19.63,19.63,12.6485,0.0,0.0,1.0
2012-02-01,19.8,19.8,19.8,19.8,12.7581,0.0,0.0,1.0
2012-02-02,19.77,19.77,19.77,19.77,12.7388,0.0,0.0,1.0
2012-02-03,19.88,19.88,19.88,19.88,12.8096,0.0,0.0,1.0
2012-02-06,19.85,19.85,19.85,19.85,12.7903,0.0,0.0,1.0
2012-02-07,19.94,19.94,19.94,19.94,12.8483,0.0,0.0,1.0
2012-02-08,19.96,19.96,19.96,19.96,12.8612,0.0,0.0,1.0
2012-02-09,19.95,19.95,19.95,19.95,12.8547,0.0,0.0,1.0
2012-02-10,19.85,19.85,19.85,19.85,12.7903,0.0,0.0,1.0
2012-02-13,19.57,19.57,19.57,19.57,12.8435,0.0,0.3625,1.0
2012-02-14,19.58,19.58,19.58,19.58,12.85,0.0,0.0,1.0
2012-02-15,19.58,19.58,19.58,19.58,12.85,0.0,0.0,1.0
2012-02-16,19.72,19.72,19.72,19.72,12.9419,0.0,0.0,1.0
2012-02-17,19.76,19.76,19.76,19.76,12.9682,0.0,0.0,1.0
2012-02-21,19.74,19.74,19.74,19.74,12.955,0.0,0.0,1.0
2012-02-22,19.77,19.77,19.77,19.77,12.9747,0.0,0.0,1.0
2012-02-23,19.76,19.76,19.76,19.76,12.9682,0.0,0.0,1.0
2012-02-24,19.85,19.85,19.85,19.85,13.0272,0.0,0.0,1.0
2012-02-27,19.81,19.81,19.81,19.81,13.001,0.0,0.0,1.0
2012-02-28,19.84,19.84,19.84,19.84,13.0207,0.0,0.0,1.0
2012-02-29,19.79,19.79,19.79,19.79,12.9878,0.0,0.0,1.0
2012-03-01,19.91,19.91,19.91,19.91,13.0666,0.0,0.0,1.0
2012-03-02,19.83,19.83,19.83,19.83,13.0141,0.0,0.0,1.0
2012-03-05,19.87,19.87,19.87,19.87,13.0403,0.0,0.0,1.0
2012-03-06,19.68,19.68,19.68,19.68,12.9157,0.0,0.0,1.0
2012-03-07,19.73,19.73,19.73,19.73,12.9485,0.0,0.0,1.0
2012-03-08,19.84,19.84,19.84,19.84,13.0207,0.0,0.0,1.0
2012-03-09,19.84,19.84,19.84,19.84,13.0207,0.0,0.0,1.0
2012-03-12,19.89,19.89,19.89,19.89,13.0535,0.0,0.0,1.0
2012-03-13,19.99,19.99,19.99,19.99,13.1191,0.0,0.0,1.0
2012-03-14,19.85,19.85,19.85,19.85,13.0272,0.0,0.0,1.0
2012-03-15,19.86,19.86,19.86,19.86,13.0338,0.0,0.0,1.0
2012-03-16,19.85,19.85,19.85,19.85,13.0272,0.0,0.0,1.0
2012-03-19,19.83,19.83,19.83,19.83,13.0141,0.0,0.0,1.0
2012-03-20,19.75,19.75,19.75,19.75,12.9616,0.0,0.0,1.0
2012-03-21,19.77,19.77,19.77,19.77,12.9747,0.0,0.0,1.0
2012-03-22,19.73,19.73,19.73,19.73,12.9485,0.0,0.0,1.0
2012-03-23,19.78,19.78,19.78,19.78,12.9813,0.0,0.0,1.0
2012-03-26,19.94,19.94,19.94,19.94,13.0863,0.0,0.0,1.0
2012-03-27,19.92,19.92,19.92,19.92,13.0732,0.0,0.0,1.0
2012-03-28,19.81,19.81,19.81,19.81,13.001,0.0,0.0,1.0
2012-03-29,19.8,19.8,19.8,19.8,12.9944,0.0,0.0,1.0
2012-03-30,19.87,19.87,19.87,19.87,13.0403,0.0,0.0,1.0
2012-04-02,20.02,20.02,20.02,20.02,13.1388,0.0,0.0,1.0
2012-04-03,19.97,19.97,19.97,19.97,13.106,0.0,0.0,1.0
2012-04-04,19.85,19.85,19.85,19.85,13.0272,0.0,0.0,1.0
2012-04-05,19.82,19.82,19.82,19.82,13.0075,0.0,0.0,1.0
2012-04-09,19.74,19.74,19.74,19.74,12.955,0.0,0.0,1.0
2012-04-10,19.48,19.48,19.48,19.48,12.7844,0.0,0.0,1.0
2012-04-11,19.54,19.54,19.54,19.54,12.8238,0.0,0.0,1.0
2012-04-12,19.67,19.67,19.67,19.67,12.9091,0.0,0.0,1.0
2012-04-13,19.53,19.53,19.53,19.53,12.8172,0.0,0.0,1.0
2012-04-16,19.66,19.66,19.66,19.66,12.9025,0.0,0.0,1.0
2012-04-17,19.79,19.79,19.79,19.79,12.9878,0.0,0.0,1.0
2012-04-18,19.72,19.72,19.72,19.72,12.9419,0.0,0.0,1.0
2012-04-19,19.69,19.69,19.69,19.69,12.9222,0.0,0.0,1.0
2012-04-20,19.83,19.83,19.83,19.83,13.0141,0.0,0.0,1.0
2012-04-23,19.7,19.7,19.7,19.7,12.9288,0.0,0.0,1.0
2012-04-24,19.83,19.83,19.83,19.83,13.0141,0.0,0.0,1.0
2012-04-25,19.94,19.94,19.94,19.94,13.0863,0.0,0.0,1.0
2012-04-26,20.01,20.01,20.01,20.01,13.1322,0.0,0.0,1.0
2012-04-27,20.08,20.08,20.08,20.08,13.1782,0.0,0.0,1.0
2012-04-30,21.9136,21.9136,21.9136,21.9136,14.3815,0.0,0.0,1.0
2012-05-01,20.13,20.13,20.13,20.13,13.211,0.0,0.0,1.0
2012-05-02,20.09,20.09,20.09,20.09,13.1847,0.0,0.0,1.0
2012-05-03,20.02,20.02,20.02,20.02,13.1388,0.0,0.0,1.0
2012-05-04,19.98,19.98,19.98,19.98,13.1125,0.0,0.0,1.0
2012-05-07,20.0,20.0,20.0,20.0,13.1257,0.0,0.0,1.0
2012-05-08,19.97,19.97,19.97,19.97,13.106,0.0,0.0,1.0
2012-05-09,19.87,19.87,19.87,19.87,13.0403,0.0,0.0,1.0
2012-05-10,19.99,19.99,19.99,19.99,13.1191,0.0,0.0,1.0
2012-05-11,19.62,19.62,19.62,19.62,13.1142,0.0,0.3625,1.0
2012-05-14,19.42,19.42,19.42,19.42,12.9805,0.0,0.0,1.0
2012-05-15,19.29,19.29,19.29,19.29,12.8936,0.0,0.0,1.0
2012-05-16,19.27,19.27,19.27,19.27,12.8802,0.0,0.0,1.0
2012-05-17,19.12,19.12,19.12,19.12,12.78,0.0,0.0,1.0
2012-05-18,19.06,19.06,19.06,19.06,12.7399,0.0,0.0,1.0
2012-05-21,19.16,19.16,19.16,19.16,12.8067,0.0,0.0,1.0
2012-05-22,19.16,19.16,19.16,19.16,12.8067,0.0,0.0,1.0
2012-05-23,19.1,19.1,19.1,19.1,12.7666,0.0,0.0,1.0
2012-05-24,19.14,19.14,19.14,19.14,12.7933,0.0,0.0,1.0
2012-05-25,19.19,19.19,19.19,19.19,12.8268,0.0,0.0,1.0
2012-05-29,19.26,19.26,19.26,19.26,12.8736,0.0,0.0,1.0
2012-05-30,19.08,19.08,19.08,19.08,12.7532,0.0,0.0,1.0
2012-05-31,20.8883,20.8883,20.8883,20.8883,13.9619,0.0,0.0,1.0
2012-06-01,18.96,18.96,18.96,18.96,12.673,0.0,0.0,1.0
2012-06-04,19.01,19.01,19.01,19.01,12.7064,0.0,0.0,1.0
2012-06-05,19.1,19.1,19.1,19.1,12.7666,0.0,0.0,1.0
2012-06-06,19.33,19.33,19.33,19.33,12.9203,0.0,0.0,1.0
2012-06-07,19.34,19.34,19.34,19.34,12.927,0.0,0.0,1.0
2012-06-08,19.42,19.42,19.42,19.42,12.9805,0.0,0.0,1.0
2012-06-11,19.33,19.33,19.33,19.33,12.9203,0.0,0.0,1.0
2012-06-12,19.45,19.45,19.45,19.45,13.0006,0.0,0.0,1.0
2012-06-13,19.42,19.42,19.42,19.42,12.9805,0.0,0.0,1.0
2012-06-14,19.53,19.53,19.53,19.53,13.054,0.0,0.0,1.0
2012-06-15,19.59,19.59,19.59,19.59,13.0941,0.0,0.0,1.0
2012-06-18,19.64,19.64,19.64,19.64,13.1275,0.0,0.0,1.0
2012-06-19,19.75,19.75,19.75,19.75,13.2011,0.0,0.0,1.0
2012-06-20,19.66,19.66,19.66,19.66,13.1409,0.0,0.0,1.0
2012-06-21,19.42,19.42,19.42,19.42,12.9805,0.0,0.0,1.0
2012-06-22,19.48,19.48,19.48,19.48,13.0206,0.0,0.0,1.0
2012-06-25,19.35,19.35,19.35,19.35,12.9337,0.0,0.0,1.0
2012-06-26,19.44,19.44,19.44,19.44,12.9939,0.0,0.0,1.0
2012-06-27,19.59,19.59,19.59,19.59,13.0941,0.0,0.0,1.0
2012-06-28,19.65,19.65,19.65,19.65,13.1342,0.0,0.0,1.0
2012-06-29,19.93,19.93,19.93,19.93,13.3214,0.0,0.0,1.0
2012-07-02,20.12,20.12,20.12,20.12,13.4484,0.0,0.0,1.0
2012-07-03,20.08,20.08,20.08,20.08,13.4216,0.0,0.0,1.0
2012-07-05,19.97,19.97,19.97,19.97,13.3481,0.0,0.0,1.0
2012-07-06,19.91,19.91,19.91,19.91,13.308,0.0,0.0,1.0
2012-07-09,19.94,19.94,19.94,19.94,13.3281,0.0,0.0,1.0
2012-07-10,19.92,19.92,19.92,19.92,13.3147,0.0,0.0,1.0
2012-07-11,19.99,19.99,19.99,19.99,13.3615,0.0,0.0,1.0
2012-07-12,19.95,19.95,19.95,19.95,13.3348,0.0,0.0,1.0
2012-07-13,20.14,20.14,20.14,20.14,13.4618,0.0,0.0,1.0
2012-07-16,20.12,20.12,20.12,20.12,13.4484,0.0,0.0,1.0
2012-07-17,20.19,20.19,20.19,20.19,13.4952,0.0,0.0,1.0
2012-07-18,20.27,20.27,20.27,20.27,13.5486,0.0,0.0,1.0
2012-07-19,20.3,20.3,20.3,20.3,13.5687,0.0,0.0,1.0
2012-07-20,20.22,20.22,20.22,20.22,13.5152,0.0,0.0,1.0
2012-07-23,20.07,20.07,20.07,20.07,13.415,0.0,0.0,1.0
2012-07-24,19.94,19.94,19.94,19.94,13.3281,0.0,0.0,1.0
2012-07-25,19.93,19.93,19.93,19.93,13.3214,0.0,0.0,1.0
2012-07-26,20.25,20.25,20.25,20.25,13.5353,0.0,0.0,1.0
2012-07-27,20.45,20.45,20.45,20.45,13.669,0.0,0.0,1.0
2012-07-30,20.5,20.5,20.5,20.5,13.7024,0.0,0.0,1.0
2012-07-31,20.39,20.39,20.39,20.39,13.6289,0.0,0.0,1.0
2012-08-01,20.34,20.34,20.34,20.34,13.5954,0.0,0.0,1.0
2012-08-02,20.23,20.23,20.23,20.23,13.5219,0.0,0.0,1.0
2012-08-03,20.46,20.46,20.46,20.46,13.6756,0.0,0.0,1.0
2012-08-06,20.51,20.51,20.51,20.51,13.7091,0.0,0.0,1.0
2012-08-07,20.44,20.44,20.44,20.44,13.6623,0.0,0.0,1.0
2012-08-08,20.43,20.43,20.43,20.43,13.6556,0.0,0.0,1.0
2012-08-09,20.44,20.44,20.44,20.44,13.6623,0.0,0.0,1.0
2012-08-10,20.53,20.53,20.53,20.53,13.7224,0.0,0.0,1.0
2012-08-13,20.14,20.14,20.14,20.14,13.704,0.0,0.3625,1.0
2012-08-14,20.15,20.15,20.15,20.15,13.7109,0.0,0.0,1.0
2012-08-15,20.12,20.12,20.12,20.12,13.6904,0.0,0.0,1.0
2012-08-16,20.17,20.17,20.17,20.17,13.7245,0.0,0.0,1.0
2012-08-17,20.15,20.15,20.15,20.15,13.7109,0.0,0.0,1.0
2012-08-20,20.14,20.14,20.14,20.14,13.704,0.0,0.0,1.0
2012-08-21,20.07,20.07,20.07,20.07,13.6564,0.0,0.0,1.0
2012-08-22,20.04,20.04,20.04,20.04,13.636,0.0,0.0,1.0
2012-08-23,19.88,19.88,19.88,19.88,13.5271,0.0,0.0,1.0
2012-08-24,19.99,19.99,19.99,19.99,13.602,0.0,0.0,1.0
2012-08-27,19.96,19.96,19.96,19.96,13.5816,0.0,0.0,1.0
2012-08-28,19.93,19.93,19.93,19.93,13.5612,0.0,0.0,1.0
2012-08-29,19.91,19.91,19.91,19.91,13.5475,0.0,0.0,1.0
2012-08-30,19.84,19.84,19.84,19.84,13.4999,0.0,0.0,1.0
2012-08-31,19.83,19.83,19.83,19.83,13.4931,0.0,0.0,1.0
2012-09-04,19.91,19.91,19.91,19.91,13.5475,0.0,0.0,1.0
2012-09-05,19.91,19.91,19.91,19.91,13.5475,0.0,0.0,1.0
2012-09-06,20.12,20.12,20.12,20.12,13.6904,0.0,0.0,1.0
2012-09-07,20.14,20.14,20.14,20.14,13.704,0.0,0.0,1.0
2012-09-10,20.1,20.1,20.1,20.1,13.6768,0.0,0.0,1.0
2012-09-11,20.03,20.03,20.03,20.03,13.6292,0.0,0.0,1.0
2012-09-12,19.78,19.78,19.78,19.78,13.4591,0.0,0.0,1.0
2012-09-13,20.02,20.02,20.02,20.02,13.6224,0.0,0.0,1.0
2012-09-14,19.92,19.92,19.92,19.92,13.5544,0.0,0.0,1.0
2012-09-17,19.84,19.84,19.84,19.84,13.4999,0.0,0.0,1.0
2012-09-18,19.91,19.91,19.91,19.91,13.5475,0.0,0.0,1.0
2012-09-19,19.91,19.91,19.91,19.91,13.5475,0.0,0.0,1.0
2012-09-20,19.91,19.91,19.91,19.91,13.5475,0.0,0.0,1.0
2012-09-21,19.92,19.92,19.92,19.92,13.5544,0.0,0.0,1.0
2012-09-24,20.04,20.04,20.04,20.04,13.636,0.0,0.0,1.0
2012-09-25,19.96,19.96,19.96,19.96,13.5816,0.0,0.0,1.0
2012-09-26,19.95,19.95,19.95,19.95,13.5748,0.0,0.0,1.0
2012-09-27,19.98,19.98,19.98,19.98,13.5952,0.0,0.0,1.0
2012-09-28,19.98,19.98,19.98,19.98,13.5952,0.0,0.0,1.0
2012-10-01,20.0,20.0,20.0,20.0,13.6088,0.0,0.0,1.0
2012-10-02,20.02,20.02,20.02,20.02,13.6224,0.0,0.0,1.0
2012-10-03,20.1,20.1,20.1,20.1,13.6768,0.0,0.0,1.0
2012-10-04,20.21,20.21,20.21,20.21,13.7517,0.0,0.0,1.0
2012-10-05,20.24,20.24,20.24,20.24,13.7721,0.0,0.0,1.0
2012-10-08,20.2,20.2,20.2,20.2,13.7449,0.0,0.0,1.0
2012-10-09,20.12,20.12,20.12,20.12,13.6904,0.0,0.0,1.0
2012-10-10,20.06,20.06,20.06,20.06,13.6496,0.0,0.0,1.0
2012-10-11,20.06,20.06,20.06,20.06,13.6496,0.0,0.0,1.0
2012-10-12,20.02,20.02,20.02,20.02,13.6224,0.0,0.0,1.0
2012-10-15,20.11,20.11,20.11,20.11,13.6836,0.0,0.0,1.0
2012-10-16,20.2,20.2,20.2,20.2,13.7449,0.0,0.0,1.0
2012-10-17,20.35,20.35,20.35,20.35,13.8469,0.0,0.0,1.0
2012-10-18,20.37,20.37,20.37,20.37,13.8606,0.0,0.0,1.0
2012-10-19,20.22,20.22,20.22,20.22,13.7585,0.0,0.0,1.0
2012-10-22,20.22,20.22,20.22,20.22,13.7585,0.0,0.0,1.0
2012-10-23,20.04,20.04,20.04,20.04,13.636,0.0,0.0,1.0
2012-10-24,20.02,20.02,20.02,20.02,13.6224,0.0,0.0,1.0
2012-10-25,20.11,20.11,20.11,20.11,13.6836,0.0,0.0,1.0
2012-10-26,20.12,20.12,20.12,20.12,13.6904,0.0,0.0,1.0
2012-10-31,20.22,20.22,20.22,20.22,13.7585,0.0,0.0,1.0
2012-11-01,20.27,20.27,20.27,20.27,13.7925,0.0,0.0,1.0
2012-11-02,20.15,20.15,20.15,20.15,13.7109,0.0,0.0,1.0
2012-11-05,20.04,20.04,20.04,20.04,13.636,0.0,0.0,1.0
2012-11-06,20.07,20.07,20.07,20.07,13.6564,0.0,0.0,1.0
2012-11-07,19.78,19.78,19.78,19.78,13.4591,0.0,0.0,1.0
2012-11-08,19.66,19.66,19.66,19.66,13.3774,0.0,0.0,1.0
2012-11-09,19.59,19.59,19.59,19.59,13.3298,0.0,0.0,1.0
2012-11-12,19.49,19.49,19.49,19.49,13.2618,0.0,0.0,1.0
2012-11-13,19.09,19.09,19.09,19.09,13.2362,0.0,0.3625,1.0
2012-11-14,18.96,18.96,18.96,18.96,13.1461,0.0,0.0,1.0
2012-11-15,18.87,18.87,18.87,18.87,13.0837,0.0,0.0,1.0
2012-11-16,18.97,18.97,18.97,18.97,13.153,0.0,0.0,1.0
2012-11-19,19.13,19.13,19.13,19.13,13.264,0.0,0.0,1.0
2012-11-20,19.12,19.12,19.12,19.12,13.257,0.0,0.0,1.0
2012-11-21,19.12,19.12,19.12,19.12,13.257,0.0,0.0,1.0
2012-11-23,19.31,19.31,19.31,19.31,13.3888,0.0,0.0,1.0
2012-11-26,19.39,19.39,19.39,19.39,13.4443,0.0,0.0,1.0
2012-11-27,19.31,19.31,19.31,19.31,13.3888,0.0,0.0,1.0
2012-11-28,19.42,19.42,19.42,19.42,13.4651,0.0,0.0,1.0
2012-11-29,19.5,19.5,19.5,19.5,13.5205,0.0,0.0,1.0
2012-11-30,19.55,19.55,19.55,19.55,13.5552,0.0,0.0,1.0
2012-12-03,19.51,19.51,19.51,19.51,13.5275,0.0,0.0,1.0
2012-12-04,19.47,19.47,19.47,19.47,13.4997,0.0,0.0,1.0
2012-12-05,19.56,19.56,19.56,19.56,13.5621,0.0,0.0,1.0
2012-12-06,19.58,19.58,19.58,19.58,13.576,0.0,0.0,1.0
2012-12-07,19.6,19.6,19.6,19.6,13.5899,0.0,0.0,1.0
2012-12-10,19.6,19.6,19.6,19.6,13.5899,0.0,0.0,1.0
2012-12-11,19.68,19.68,19.68,19.68,13.6453,0.0,0.0,1.0
2012-12-12,19.7,19.7,19.7,19.7,13.6592,0.0,0.0,1.0
2012-12-13,19.6,19.6,19.6,19.6,13.5899,0.0,0.0,1.0
2012-12-14,19.57,19.57,19.57,19.57,13.5691,0.0,0.0,1.0
2012-12-17,19.69,19.69,19.69,19.69,13.6523,0.0,0.0,1.0
2012-12-18,19.77,19.77,19.77,19.77,13.7077,0.0,0.0,1.0
2012-12-19,19.74,19.74,19.74,19.74,13.6869,0.0,0.0,1.0
2012-12-20,19.81,19.81,19.81,19.81,13.7355,0.0,0.0,1.0
2012-12-21,19.72,19.72,19.72,19.72,13.6731,0.0,0.0,1.0
2012-12-24,19.7,19.7,19.7,19.7,13.6592,0.0,0.0,1.0
2012-12-26,19.64,19.64,19.64,19.64,13.6176,0.0,0.0,1.0
2012-12-27,19.71,19.71,19.71,19.71,13.6661,0.0,0.0,1.0
2012-12-28,19.61,19.61,19.61,19.61,13.5968,0.0,0.0,1.0
2012-12-31,19.79,19.79,19.79,19.79,13.7216,0.0,0.0,1.0
2013-01-02,20.1,20.1,20.1,20.1,13.9365,0.0,0.0,1.0
2013-01-03,20.05,20.05,20.05,20.05,13.9019,0.0,0.0,1.0
2013-01-04,20.11,20.11,20.11,20.11,13.9435,0.0,0.0,1.0
2013-01-07,20.01,20.01,20.01,20.01,13.8741,0.0,0.0,1.0
2013-01-08,19.91,19.91,19.91,19.91,13.8048,0.0,0.0,1.0
2013-01-09,19.97,19.97,19.97,19.97,13.8464,0.0,0.0,1.0
2013-01-10,20.1,20.1,20.1,20.1,13.9365,0.0,0.0,1.0
2013-01-11,20.1,20.1,20.1,20.1,13.9365,0.0,0.0,1.0
2013-01-14,20.1,20.1,20.1,20.1,13.9365,0.0,0.0,1.0
2013-01-15,20.1,20.1,20.1,20.1,13.9365,0.0,0.0,1.0
2013-01-16,20.04,20.04,20.04,20.04,13.8949,0.0,0.0,1.0
2013-01-17,20.14,20.14,20.14,20.14,13.9643,0.0,0.0,1.0
2013-01-18,20.19,20.19,20.19,20.19,13.9989,0.0,0.0,1.0
2013-01-22,20.35,20.35,20.35,20.35,14.1099,0.0,0.0,1.0
2013-01-23,20.35,20.35,20.35,20.35,14.1099,0.0,0.0,1.0
2013-01-24,20.35,20.35,20.35,20.35,14.1099,0.0,0.0,1.0
2013-01-25,20.41,20.41,20.41,20.41,14.1515,0.0,0.0,1.0
2013-01-28,20.45,20.45,20.45,20.45,14.1792,0.0,0.0,1.0
2013-01-29,20.55,20.55,20.55,20.55,14.2486,0.0,0.0,1.0
2013-01-30,20.51,20.51,20.51,20.51,14.2208,0.0,0.0,1.0
2013-01-31,20.55,20.55,20.55,20.55,14.2486,0.0,0.0,1.0
2013-02-01,20.67,20.67,20.67,20.67,14.3318,0.0,0.0,1.0
2013-02-04,20.54,20.54,20.54,20.54,14.2416,0.0,0.0,1.0
2013-02-05,20.61,20.61,20.61,20.61,14.2902,0.0,0.0,1.0
2013-02-06,20.64,20.64,20.64,20.64,14.311,0.0,0.0,1.0
2013-02-07,20.65,20.65,20.65,20.65,14.3179,0.0,0.0,1.0
2013-02-08,20.64,20.64,20.64,20.64,14.311,0.0,0.0,1.0
2013-02-11,20.64,20.64,20.64,20.64,14.311,0.0,0.0,1.0
2013-02-12,20.7,20.7,20.7,20.7,14.3526,0.0,0.0,1.0
2013-02-13,20.37,20.37,20.37,20.37,14.3751,0.0,0.3625,1.0
2013-02-14,20.22,20.22,20.22,20.22,14.2692,0.0,0.0,1.0
2013-02-15,20.2,20.2,20.2,20.2,14.2551,0.0,0.0,1.0
2013-02-19,20.33,20.33,20.33,20.33,14.3469,0.0,0.0,1.0
2013-02-20,20.23,20.23,20.23,20.23,14.2763,0.0,0.0,1.0
2013-02-21,20.1,20.1,20.1,20.1,14.1846,0.0,0.0,1.0
2013-02-22,20.23,20.23,20.23,20.23,14.2763,0.0,0.0,1.0
2013-02-25,20.04,20.04,20.04,20.04,14.1422,0.0,0.0,1.0
2013-02-26,20.13,20.13,20.13,20.13,14.2057,0.0,0.0,1.0
2013-02-27,20.3,20.3,20.3,20.3,14.3257,0.0,0.0,1.0
2013-02-28,20.31,20.31,20.31,20.31,14.3327,0.0,0.0,1.0
2013-03-01,20.29,20.29,20.29,20.29,14.3186,0.0,0.0,1.0
2013-03-04,20.41,20.41,20.41,20.41,14.4033,0.0,0.0,1.0
2013-03-05,20.48,20.48,20.48,20.48,14.4527,0.0,0.0,1.0
2013-03-06,20.45,20.45,20.45,20.45,14.4315,0.0,0.0,1.0
2013-03-07,20.52,20.52,20.52,20.52,14.4809,0.0,0.0,1.0
2013-03-08,20.59,20.59,20.59,20.59,14.5303,0.0,0.0,1.0
2013-03-11,20.57,20.57,20.57,20.57,14.5162,0.0,0.0,1.0
2013-03-12,20.51,20.51,20.51,20.51,14.4739,0.0,0.0,1.0
2013-03-13,20.48,20.48,20.48,20.48,14.4527,0.0,0.0,1.0
2013-03-14,20.6,20.6,20.6,20.6,14.5374,0.0,0.0,1.0
2013-03-15,20.59,20.59,20.59,20.59,14.5303,0.0,0.0,1.0
2013-03-18,20.47,20.47,20.47,20.47,14.4457,0.0,0.0,1.0
2013-03-19,20.46,20.46,20.46,20.46,14.4386,0.0,0.0,1.0
2013-03-20,20.52,20.52,20.52,20.52,14.4809,0.0,0.0,1.0
2013-03-21,20.45,20.45,20.45,20.45,14.4315,0.0,0.0,1.0
2013-03-22,20.55,20.55,20.55,20.55,14.5021,0.0,0.0,1.0
2013-03-25,20.53,20.53,20.53,20.53,14.488,0.0,0.0,1.0
2013-03-26,20.62,20.62,20.62,20.62,14.5515,0.0,0.0,1.0
2013-03-27,20.6,20.6,20.6,20.6,14.5374,0.0,0.0,1.0
2013-03-28,20.73,20.73,20.73,20.73,14.6291,0.0,0.0,1.0
2013-04-01,20.68,20.68,20.68,20.68,14.5939,0.0,0.0,1.0
2013-04-02,20.74,20.74,20.74,20.74,14.6362,0.0,0.0,1.0
2013-04-03,20.62,20.62,20.62,20.62,14.5515,0.0,0.0,1.0
2013-04-04,20.69,20.69,20.69,20.69,14.6009,0.0,0.0,1.0
2013-04-05,20.72,20.72,20.72,20.72,14.6221,0.0,0.0,1.0
2013-04-08,20.85,20.85,20.85,20.85,14.7138,0.0,0.0,1.0
2013-04-09,20.9,20.9,20.9,20.9,14.7491,0.0,0.0,1.0
2013-04-10,21.05,21.05,21.05,21.05,14.855,0.0,0.0,1.0
2013-04-11,21.06,21.06,21.06,21.06,14.862,0.0,0.0,1.0
2013-04-12,21.06,21.06,21.06,21.06,14.862,0.0,0.0,1.0
2013-04-15,20.74,20.74,20.74,20.74,14.6362,0.0,0.0,1.0
2013-04-16,20.97,20.97,20.97,20.97,14.7985,0.0,0.0,1.0
2013-04-17,20.78,20.78,20.78,20.78,14.6644,0.0,0.0,1.0
2013-04-18,20.82,20.82,20.82,20.82,14.6927,0.0,0.0,1.0
2013-04-19,21.0,21.0,21.0,21.0,14.8197,0.0,0.0,1.0
2013-04-22,21.01,21.01,21.01,21.01,14.8267,0.0,0.0,1.0
2013-04-23,21.11,21.11,21.11,21.11,14.8973,0.0,0.0,1.0
2013-04-24,21.18,21.18,21.18,21.18,14.9467,0.0,0.0,1.0
2013-04-25,21.25,21.25,21.25,21.25,14.9961,0.0,0.0,1.0
2013-04-26,21.22,21.22,21.22,21.22,14.9749,0.0,0.0,1.0
2013-04-29,21.32,21.32,21.32,21.32,15.0455,0.0,0.0,1.0
2013-04-30,21.45,21.45,21.45,21.45,15.1372,0.0,0.0,1.0
2013-05-01,21.33,21.33,21.33,21.33,15.0526,0.0,0.0,1.0
2013-05-02,21.32,21.32,21.32,21.32,15.0455,0.0,0.0,1.0
2013-05-03,21.38,21.38,21.38,21.38,15.0878,0.0,0.0,1.0
2013-05-06,21.28,21.28,21.28,21.28,15.0173,0.0,0.0,1.0
2013-05-07,21.4,21.4,21.4,21.4,15.102,0.0,0.0,1.0
2013-05-08,21.48,21.48,21.48,21.48,15.1584,0.0,0.0,1.0
2013-05-09,21.24,21.24,21.24,21.24,14.989,0.0,0.0,1.0
2013-05-10,21.3,21.3,21.3,21.3,15.0314,0.0,0.0,1.0
2013-05-13,20.9,20.9,20.9,20.9,15.0049,0.0,0.3625,1.0
2013-05-14,20.92,20.92,20.92,20.92,15.0193,0.0,0.0,1.0
2013-05-15,20.96,20.96,20.96,20.96,15.048,0.0,0.0,1.0
2013-05-16,20.86,20.86,20.86,20.86,14.9762,0.0,0.0,1.0
2013-05-17,20.93,20.93,20.93,20.93,15.0265,0.0,0.0,1.0
2013-05-20,20.97,20.97,20.97,20.97,15.0552,0.0,0.0,1.0
2013-05-21,21.05,21.05,21.05,21.05,15.1126,0.0,0.0,1.0
2013-05-22,20.88,20.88,20.88,20.88,14.9906,0.0,0.0,1.0
2013-05-23,20.77,20.77,20.77,20.77,14.9116,0.0,0.0,1.0
2013-05-24,20.67,20.67,20.67,20.67,14.8398,0.0,0.0,1.0
2013-05-28,20.62,20.62,20.62,20.62,14.8039,0.0,0.0,1.0
2013-05-29,20.3,20.3,20.3,20.3,14.5742,0.0,0.0,1.0
2013-05-30,20.27,20.27,20.27,20.27,14.5526,0.0,0.0,1.0
2013-05-31,20.03,20.03,20.03,20.03,14.3803,0.0,0.0,1.0
2013-06-03,20.11,20.11,20.11,20.11,14.4378,0.0,0.0,1.0
2013-06-04,20.02,20.02,20.02,20.02,14.3731,0.0,0.0,1.0
2013-06-05,19.8,19.8,19.8,19.8,14.2152,0.0,0.0,1.0
2013-06-06,20.0,20.0,20.0,20.0,14.3588,0.0,0.0,1.0
2013-06-07,20.1,20.1,20.1,20.1,14.4306,0.0,0.0,1.0
2013-06-10,20.04,20.04,20.04,20.04,14.3875,0.0,0.0,1.0
2013-06-11,19.88,19.88,19.88,19.88,14.2726,0.0,0.0,1.0
2013-06-12,19.77,19.77,19.77,19.77,14.1937,0.0,0.0,1.0
2013-06-13,19.98,19.98,19.98,19.98,14.3444,0.0,0.0,1.0
2013-06-14,19.99,19.99,19.99,19.99,14.3516,0.0,0.0,1.0
2013-06-17,20.08,20.08,20.08,20.08,14.4162,0.0,0.0,1.0
2013-06-18,20.15,20.15,20.15,20.15,14.4665,0.0,0.0,1.0
2013-06-19,19.78,19.78,19.78,19.78,14.2008,0.0,0.0,1.0
2013-06-20,19.2,19.2,19.2,19.2,13.7844,0.0,0.0,1.0
2013-06-21,19.17,19.17,19.17,19.17,13.7629,0.0,0.0,1.0
2013-06-24,19.04,19.04,19.04,19.04,13.6696,0.0,0.0,1.0
2013-06-25,19.29,19.29,19.29,19.29,13.849,0.0,0.0,1.0
2013-06-26,19.54,19.54,19.54,19.54,14.0285,0.0,0.0,1.0
2013-06-27,19.69,19.69,19.69,19.69,14.1362,0.0,0.0,1.0
2013-06-28,19.7,19.7,19.7,19.7,14.1434,0.0,0.0,1.0
2013-07-01,19.64,19.64,19.64,19.64,14.1003,0.0,0.0,1.0
2013-07-02,19.57,19.57,19.57,19.57,14.0501,0.0,0.0,1.0
2013-07-03,19.5,19.5,19.5,19.5,13.9998,0.0,0.0,1.0
2013-07-05,19.47,19.47,19.47,19.47,13.9783,0.0,0.0,1.0
2013-07-08,19.64,19.64,19.64,19.64,14.1003,0.0,0.0,1.0
2013-07-09,19.71,19.71,19.71,19.71,14.1506,0.0,0.0,1.0
2013-07-10,19.8,19.8,19.8,19.8,14.2152,0.0,0.0,1.0
2013-07-11,20.09,20.09,20.09,20.09,14.4234,0.0,0.0,1.0
2013-07-12,20.03,20.03,20.03,20.03,14.3803,0.0,0.0,1.0
2013-07-15,20.17,20.17,20.17,20.17,14.4808,0.0,0.0,1.0
2013-07-16,20.07,20.07,20.07,20.07,14.409,0.0,0.0,1.0
2013-07-17,20.12,20.12,20.12,20.12,14.4449,0.0,0.0,1.0
2013-07-18,20.2,20.2,20.2,20.2,14.5024,0.0,0.0,1.0
2013-07-19,20.26,20.26,20.26,20.26,14.5454,0.0,0.0,1.0
2013-07-22,20.3,20.3,20.3,20.3,14.5742,0.0,0.0,1.0
2013-07-23,20.35,20.35,20.35,20.35,14.6101,0.0,0.0,1.0
2013-07-24,20.22,20.22,20.22,20.22,14.5167,0.0,0.0,1.0
2013-07-25,20.29,20.29,20.29,20.29,14.567,0.0,0.0,1.0
2013-07-26,20.33,20.33,20.33,20.33,14.5957,0.0,0.0,1.0
2013-07-29,20.3,20.3,20.3,20.3,14.5742,0.0,0.0,1.0
2013-07-30,20.26,20.26,20.26,20.26,14.5454,0.0,0.0,1.0
2013-07-31,20.24,20.24,20.24,20.24,14.5311,0.0,0.0,1.0
2013-08-01,20.36,20.36,20.36,20.36,14.6172,0.0,0.0,1.0
2013-08-05,20.27,20.27,20.27,20.27,14.5526,0.0,0.0,1.0
2013-08-06,20.21,20.21,20.21,20.21,14.5095,0.0,0.0,1.0
2013-08-07,20.15,20.15,20.15,20.15,14.4665,0.0,0.0,1.0
2013-08-08,20.24,20.24,20.24,20.24,14.5311,0.0,0.0,1.0
2013-08-09,20.23,20.23,20.23,20.23,14.5239,0.0,0.0,1.0
2013-08-12,20.15,20.15,20.15,20.15,14.4665,0.0,0.0,1.0
2013-08-13,19.7,19.7,19.7,19.7,14.4037,0.0,0.3625,1.0
2013-08-14,19.59,19.59,19.59,19.59,14.3232,0.0,0.0,1.0
2013-08-15,19.47,19.47,19.47,19.47,14.2355,0.0,0.0,1.0
2013-08-16,19.37,19.37,19.37,19.37,14.1624,0.0,0.0,1.0
2013-08-19,19.22,19.22,19.22,19.22,14.0527,0.0,0.0,1.0
2013-08-20,19.32,19.32,19.32,19.32,14.1258,0.0,0.0,1.0
2013-08-21,19.16,19.16,19.16,19.16,14.0088,0.0,0.0,1.0
2013-08-22,19.25,19.25,19.25,19.25,14.0746,0.0,0.0,1.0
2013-08-23,19.38,19.38,19.38,19.38,14.1697,0.0,0.0,1.0
2013-08-26,19.22,19.22,19.22,19.22,14.0527,0.0,0.0,1.0
2013-08-27,19.16,19.16,19.16,19.16,14.0088,0.0,0.0,1.0
2013-08-28,19.18,19.18,19.18,19.18,14.0235,0.0,0.0,1.0
2013-08-29,19.17,19.17,19.17,19.17,14.0161,0.0,0.0,1.0
2013-08-30,19.1,19.1,19.1,19.1,13.965,0.0,0.0,1.0
2013-09-03,19.08,19.08,19.08,19.08,13.9503,0.0,0.0,1.0
2013-09-04,19.09,19.09,19.09,19.09,13.9577,0.0,0.0,1.0
2013-09-05,19.13,19.13,19.13,19.13,13.9869,0.0,0.0,1.0
2013-09-06,19.26,19.26,19.26,19.26,14.0819,0.0,0.0,1.0
2013-09-09,19.42,19.42,19.42,19.42,14.1989,0.0,0.0,1.0
2013-09-10,19.54,19.54,19.54,19.54,14.2867,0.0,0.0,1.0
2013-09-11,19.53,19.53,19.53,19.53,14.2794,0.0,0.0,1.0
2013-09-12,19.48,19.48,19.48,19.48,14.2428,0.0,0.0,1.0
2013-09-13,19.52,19.52,19.52,19.52,14.272,0.0,0.0,1.0
2013-09-16,19.56,19.56,19.56,19.56,14.3013,0.0,0.0,1.0
2013-09-17,19.64,19.64,19.64,19.64,14.3598,0.0,0.0,1.0
2013-09-18,20.07,20.07,20.07,20.07,14.6742,0.0,0.0,1.0
2013-09-19,20.11,20.11,20.11,20.11,14.7034,0.0,0.0,1.0
2013-09-20,19.97,19.97,19.97,19.97,14.6011,0.0,0.0,1.0
2013-09-23,20.03,20.03,20.03,20.03,14.6449,0.0,0.0,1.0
2013-09-24,20.03,20.03,20.03,20.03,14.6449,0.0,0.0,1.0
2013-09-25,19.98,19.98,19.98,19.98,14.6084,0.0,0.0,1.0
2013-09-26,20.04,20.04,20.04,20.04,14.6522,0.0,0.0,1.0
2013-09-27,19.99,19.99,19.99,19.99,14.6157,0.0,0.0,1.0
2013-09-30,19.99,19.99,19.99,19.99,14.6157,0.0,0.0,1.0
2013-10-01,20.08,20.08,20.08,20.08,14.6815,0.0,0.0,1.0
2013-10-02,20.12,20.12,20.12,20.12,14.7107,0.0,0.0,1.0
2013-10-03,19.99,19.99,19.99,19.99,14.6157,0.0,0.0,1.0
2013-10-04,19.99,19.99,19.99,19.99,14.6157,0.0,0.0,1.0
2013-10-07,19.93,19.93,19.93,19.93,14.5718,0.0,0.0,1.0
2013-10-08,19.88,19.88,19.88,19.88,14.5353,0.0,0.0,1.0
2013-10-09,19.92,19.92,19.92,19.92,14.5645,0.0,0.0,1.0
2013-10-10,20.13,20.13,20.13,20.13,14.718,0.0,0.0,1.0
2013-10-11,20.23,20.23,20.23,20.23,14.7912,0.0,0.0,1.0
2013-10-14,20.23,20.23,20.23,20.23,14.7912,0.0,0.0,1.0
2013-10-15,20.12,20.12,20.12,20.12,14.7107,0.0,0.0,1.0
2013-10-16,20.28,20.28,20.28,20.28,14.8277,0.0,0.0,1.0
2013-10-17,20.53,20.53,20.53,20.53,15.0105,0.0,0.0,1.0
2013-10-18,20.66,20.66,20.66,20.66,15.1056,0.0,0.0,1.0
2013-10-21,20.74,20.74,20.74,20.74,15.1641,0.0,0.0,1.0
2013-10-22,20.91,20.91,20.91,20.91,15.2883,0.0,0.0,1.0
2013-10-23,20.84,20.84,20.84,20.84,15.2372,0.0,0.0,1.0
2013-10-24,20.87,20.87,20.87,20.87,15.2591,0.0,0.0,1.0
2013-10-25,20.96,20.96,20.96,20.96,15.3249,0.0,0.0,1.0
2013-10-28,20.89,20.89,20.89,20.89,15.2737,0.0,0.0,1.0
2013-10-29,20.93,20.93,20.93,20.93,15.303,0.0,0.0,1.0
2013-10-30,20.84,20.84,20.84,20.84,15.2372,0.0,0.0,1.0
2013-10-31,20.78,20.78,20.78,20.78,15.1933,0.0,0.0,1.0
2013-11-01,20.77,20.77,20.77,20.77,15.186,0.0,0.0,1.0
2013-11-04,20.82,20.82,20.82,20.82,15.2225,0.0,0.0,1.0
2013-11-05,20.75,20.75,20.75,20.75,15.1714,0.0,0.0,1.0
2013-11-06,20.9,20.9,20.9,20.9,15.281,0.0,0.0,1.0
2013-11-07,20.67,20.67,20.67,20.67,15.1129,0.0,0.0,1.0
2013-11-08,20.66,20.66,20.66,20.66,15.1056,0.0,0.0,1.0
2013-11-11,20.65,20.65,20.65,20.65,15.0982,0.0,0.0,1.0
2013-11-12,20.59,20.59,20.59,20.59,15.0544,0.0,0.0,1.0
2013-11-13,20.26,20.26,20.26,20.26,15.0781,0.0,0.3625,1.0
2013-11-14,20.37,20.37,20.37,20.37,15.16,0.0,0.0,1.0
2013-11-15,20.5,20.5,20.5,20.5,15.2568,0.0,0.0,1.0
2013-11-18,20.49,20.49,20.49,20.49,15.2493,0.0,0.0,1.0
2013-11-19,20.37,20.37,20.37,20.37,15.16,0.0,0.0,1.0
2013-11-20,20.21,20.21,20.21,20.21,15.0409,0.0,0.0,1.0
2013-11-21,20.29,20.29,20.29,20.29,15.1005,0.0,0.0,1.0
2013-11-22,20.35,20.35,20.35,20.35,15.1451,0.0,0.0,1.0
2013-11-25,20.33,20.33,20.33,20.33,15.1302,0.0,0.0,1.0
2013-11-26,20.3,20.3,20.3,20.3,15.1079,0.0,0.0,1.0
2013-11-27,20.28,20.28,20.28,20.28,15.093,0.0,0.0,1.0
2013-11-29,20.31,20.31,20.31,20.31,15.1154,0.0,0.0,1.0
2013-12-02,20.18,20.18,20.18,20.18,15.0186,0.0,0.0,1.0
2013-12-03,20.15,20.15,20.15,20.15,14.9963,0.0,0.0,1.0
2013-12-04,20.09,20.09,20.09,20.09,14.9516,0.0,0.0,1.0
2013-12-05,20.01,20.01,20.01,20.01,14.8921,0.0,0.0,1.0
2013-12-06,20.18,20.18,20.18,20.18,15.0186,0.0,0.0,1.0
2013-12-09,20.19,20.19,20.19,20.19,15.026,0.0,0.0,1.0
2013-12-10,20.13,20.13,20.13,20.13,14.9814,0.0,0.0,1.0
2013-12-11,19.97,19.97,19.97,19.97,14.8623,0.0,0.0,1.0
2013-12-12,19.97,19.97,19.97,19.97,14.8623,0.0,0.0,1.0
2013-12-13,19.99,19.99,19.99,19.99,14.8772,0.0,0.0,1.0
2013-12-16,20.08,20.08,20.08,20.08,14.9442,0.0,0.0,1.0
2013-12-17,20.04,20.04,20.04,20.04,14.9144,0.0,0.0,1.0
2013-12-18,20.22,20.22,20.22,20.22,15.0484,0.0,0.0,1.0
2013-12-19,20.24,20.24,20.24,20.24,15.0633,0.0,0.0,1.0
2013-12-20,20.34,20.34,20.34,20.34,15.1377,0.0,0.0,1.0
2013-12-23,20.44,20.44,20.44,20.44,15.2121,0.0,0.0,1.0
2013-12-24,20.49,20.49,20.49,20.49,15.2493,0.0,0.0,1.0
2013-12-26,20.51,20.51,20.51,20.51,15.2642,0.0,0.0,1.0
2013-12-27,20.58,20.58,20.58,20.58,15.3163,0.0,0.0,1.0
2013-12-30,20.66,20.66,20.66,20.66,15.3758,0.0,0.0,1.0
2013-12-31,20.7,20.7,20.7,20.7,15.4056,0.0,0.0,1.0
2014-01-02,20.48,20.48,20.48,20.48,15.2419,0.0,0.0,1.0
2014-01-03,20.47,20.47,20.47,20.47,15.2344,0.0,0.0,1.0
2014-01-06,20.48,20.48,20.48,20.48,15.2419,0.0,0.0,1.0
2014-01-07,20.57,20.57,20.57,20.57,15.3089,0.0,0.0,1.0
2014-01-08,20.51,20.51,20.51,20.51,15.2642,0.0,0.0,1.0
2014-01-09,20.56,20.56,20.56,20.56,15.3014,0.0,0.0,1.0
2014-01-10,20.71,20.71,20.71,20.71,15.413,0.0,0.0,1.0
2014-01-13,20.62,20.62,20.62,20.62,15.3461,0.0,0.0,1.0
2014-01-14,20.68,20.68,20.68,20.68,15.3907,0.0,0.0,1.0
2014-01-15,20.69,20.69,20.69,20.69,15.3982,0.0,0.0,1.0
2014-01-16,20.73,20.73,20.73,20.73,15.4279,0.0,0.0,1.0
2014-01-17,20.71,20.71,20.71,20.71,15.413,0.0,0.0,1.0
2014-01-21,20.86,20.86,20.86,20.86,15.5247,0.0,0.0,1.0
2014-01-22,20.89,20.89,20.89,20.89,15.547,0.0,0.0,1.0
2014-01-23,20.87,20.87,20.87,20.87,15.5321,0.0,0.0,1.0
2014-01-24,20.63,20.63,20.63,20.63,15.3535,0.0,0.0,1.0
2014-01-27,20.6,20.6,20.6,20.6,15.3312,0.0,0.0,1.0
2014-01-28,20.72,20.72,20.72,20.72,15.4205,0.0,0.0,1.0
2014-01-29,20.67,20.67,20.67,20.67,15.3833,0.0,0.0,1.0
2014-01-30,20.8,20.8,20.8,20.8,15.48,0.0,0.0,1.0
2014-01-31,20.86,20.86,20.86,20.86,15.5247,0.0,0.0,1.0
2014-02-03,20.68,20.68,20.68,20.68,15.3907,0.0,0.0,1.0
2014-02-04,20.68,20.68,20.68,20.68,15.3907,0.0,0.0,1.0
2014-02-05,20.64,20.64,20.64,20.64,15.3609,0.0,0.0,1.0
2014-02-06,20.86,20.86,20.86,20.86,15.5247,0.0,0.0,1.0
2014-02-07,21.03,21.03,21.03,21.03,15.6512,0.0,0.0,1.0
2014-02-10,21.07,21.07,21.07,21.07,15.681,0.0,0.0,1.0
2014-02-11,21.24,21.24,21.24,21.24,15.8075,0.0,0.0,1.0
2014-02-12,20.89,20.89,20.89,20.89,15.8168,0.0,0.3625,1.0
2014-02-13,21.03,21.03,21.03,21.03,15.9228,0.0,0.0,1.0
2014-02-14,21.14,21.14,21.14,21.14,16.0061,0.0,0.0,1.0
2014-02-18,21.17,21.17,21.17,21.17,16.0288,0.0,0.0,1.0
2014-02-19,21.09,21.09,21.09,21.09,15.9682,0.0,0.0,1.0
2014-02-20,21.17,21.17,21.17,21.17,16.0288,0.0,0.0,1.0
2014-02-21,21.16,21.16,21.16,21.16,16.0212,0.0,0.0,1.0
2014-02-24,21.16,21.16,21.16,21.16,16.0212,0.0,0.0,1.0
2014-02-25,21.14,21.14,21.14,21.14,16.0061,0.0,0.0,1.0
2014-02-26,21.14,21.14,21.14,21.14,16.0061,0.0,0.0,1.0
2014-02-27,21.19,21.19,21.19,21.19,16.0439,0.0,0.0,1.0
2014-02-28,21.25,21.25,21.25,21.25,16.0894,0.0,0.0,1.0
2014-03-03,21.09,21.09,21.09,21.09,15.9682,0.0,0.0,1.0
2014-03-04,21.28,21.28,21.28,21.28,16.1121,0.0,0.0,1.0
2014-03-05,21.25,21.25,21.25,21.25,16.0894,0.0,0.0,1.0
2014-03-06,21.29,21.29,21.29,21.29,16.1196,0.0,0.0,1.0
2014-03-07,21.23,21.23,21.23,21.23,16.0742,0.0,0.0,1.0
2014-03-10,21.18,21.18,21.18,21.18,16.0364,0.0,0.0,1.0
2014-03-11,21.15,21.15,21.15,21.15,16.0136,0.0,0.0,1.0
2014-03-12,21.24,21.24,21.24,21.24,16.0818,0.0,0.0,1.0
2014-03-13,21.18,21.18,21.18,21.18,16.0364,0.0,0.0,1.0
2014-03-14,21.22,21.22,21.22,21.22,16.0666,0.0,0.0,1.0
2014-03-17,21.4,21.4,21.4,21.4,16.2029,0.0,0.0,1.0
2014-03-18,21.48,21.48,21.48,21.48,16.2635,0.0,0.0,1.0
2014-03-19,21.27,21.27,21.27,21.27,16.1045,0.0,0.0,1.0
2014-03-20,21.28,21.28,21.28,21.28,16.1121,0.0,0.0,1.0
2014-03-21,21.28,21.28,21.28,21.28,16.1121,0.0,0.0,1.0
2014-03-24,21.28,21.28,21.28,21.28,16.1121,0.0,0.0,1.0
2014-03-25,21.38,21.38,21.38,21.38,16.1878,0.0,0.0,1.0
2014-03-26,21.37,21.37,21.37,21.37,16.1802,0.0,0.0,1.0
2014-03-27,21.47,21.47,21.47,21.47,16.2559,0.0,0.0,1.0
2014-03-28,21.55,21.55,21.55,21.55,16.3165,0.0,0.0,1.0
2014-03-31,21.67,21.67,21.67,21.67,16.4074,0.0,0.0,1.0
2014-04-01,21.74,21.74,21.74,21.74,16.4604,0.0,0.0,1.0
2014-04-02,21.73,21.73,21.73,21.73,16.4528,0.0,0.0,1.0
2014-04-03,21.73,21.73,21.73,21.73,16.4528,0.0,0.0,1.0
2014-04-04,21.72,21.72,21.72,21.72,16.4452,0.0,0.0,1.0
2014-04-07,21.62,21.62,21.62,21.62,16.3695,0.0,0.0,1.0
2014-04-08,21.74,21.74,21.74,21.74,16.4604,0.0,0.0,1.0
2014-04-09,21.86,21.86,21.86,21.86,16.5512,0.0,0.0,1.0
2014-04-10,21.69,21.69,21.69,21.69,16.4225,0.0,0.0,1.0
2014-04-11,21.63,21.63,21.63,21.63,16.3771,0.0,0.0,1.0
2014-04-14,21.69,21.69,21.69,21.69,16.4225,0.0,0.0,1.0
2014-04-15,21.73,21.73,21.73,21.73,16.4528,0.0,0.0,1.0
2014-04-16,21.92,21.92,21.92,21.92,16.5967,0.0,0.0,1.0
2014-04-17,21.89,21.89,21.89,21.89,16.5739,0.0,0.0,1.0
2014-04-21,21.93,21.93,21.93,21.93,16.6042,0.0,0.0,1.0
2014-04-22,22.04,22.04,22.04,22.04,16.6875,0.0,0.0,1.0
2014-04-23,21.98,21.98,21.98,21.98,16.6421,0.0,0.0,1.0
2014-04-24,22.0,22.0,22.0,22.0,16.6572,0.0,0.0,1.0
2014-04-25,22.0,22.0,22.0,22.0,16.6572,0.0,0.0,1.0
2014-04-28,22.06,22.06,22.06,22.06,16.7027,0.0,0.0,1.0
2014-04-29,22.13,22.13,22.13,22.13,16.7557,0.0,0.0,1.0
2014-04-30,22.19,22.19,22.19,22.19,16.8011,0.0,0.0,1.0
2014-05-01,22.24,22.24,22.24,22.24,16.8389,0.0,0.0,1.0
2014-05-02,22.17,22.17,22.17,22.17,16.7859,0.0,0.0,1.0
2014-05-05,22.29,22.29,22.29,22.29,16.8768,0.0,0.0,1.0
2014-05-06,22.27,22.27,22.27,22.27,16.8617,0.0,0.0,1.0
2014-05-07,22.43,22.43,22.43,22.43,16.9828,0.0,0.0,1.0
2014-05-08,22.31,22.31,22.31,22.31,16.8919,0.0,0.0,1.0
2014-05-09,22.23,22.23,22.23,22.23,16.8314,0.0,0.0,1.0
2014-05-12,22.26,22.26,22.26,22.26,16.8541,0.0,0.0,1.0
2014-05-13,21.86,21.86,21.86,21.86,16.8257,0.0,0.3625,1.0
2014-05-14,21.91,21.91,21.91,21.91,16.8642,0.0,0.0,1.0
2014-05-15,21.83,21.83,21.83,21.83,16.8026,0.0,0.0,1.0
2014-05-16,21.89,21.89,21.89,21.89,16.8488,0.0,0.0,1.0
2014-05-19,21.81,21.81,21.81,21.81,16.7872,0.0,0.0,1.0
2014-05-20,21.81,21.81,21.81,21.81,16.7872,0.0,0.0,1.0
2014-05-21,21.83,21.83,21.83,21.83,16.8026,0.0,0.0,1.0
2014-05-22,21.91,21.91,21.91,21.91,16.8642,0.0,0.0,1.0
2014-05-23,21.92,21.92,21.92,21.92,16.8719,0.0,0.0,1.0
2014-05-27,22.02,22.02,22.02,22.02,16.9488,0.0,0.0,1.0
2014-05-28,22.06,22.06,22.06,22.06,16.9796,0.0,0.0,1.0
2014-05-29,22.09,22.09,22.09,22.09,17.0027,0.0,0.0,1.0
2014-05-30,22.2,22.2,22.2,22.2,17.0874,0.0,0.0,1.0
2014-06-02,22.23,22.23,22.23,22.23,17.1105,0.0,0.0,1.0
2014-06-03,22.23,22.23,22.23,22.23,17.1105,0.0,0.0,1.0
2014-06-04,22.23,22.23,22.23,22.23,17.1105,0.0,0.0,1.0
2014-06-05,22.38,22.38,22.38,22.38,17.2259,0.0,0.0,1.0
2014-06-06,22.45,22.45,22.45,22.45,17.2798,0.0,0.0,1.0
2014-06-09,22.39,22.39,22.39,22.39,17.2336,0.0,0.0,1.0
2014-06-10,22.37,22.37,22.37,22.37,17.2182,0.0,0.0,1.0
2014-06-11,22.19,22.19,22.19,22.19,17.0797,0.0,0.0,1.0
2014-06-12,22.24,22.24,22.24,22.24,17.1182,0.0,0.0,1.0
2014-06-13,22.3,22.3,22.3,22.3,17.1644,0.0,0.0,1.0
2014-06-16,22.38,22.38,22.38,22.38,17.2259,0.0,0.0,1.0
2014-06-17,22.35,22.35,22.35,22.35,17.2028,0.0,0.0,1.0
2014-06-18,22.5,22.5,22.5,22.5,17.3183,0.0,0.0,1.0
2014-06-19,22.61,22.61,22.61,22.61,17.403,0.0,0.0,1.0
2014-06-20,22.55,22.55,22.55,22.55,17.3568,0.0,0.0,1.0
2014-06-23,22.56,22.56,22.56,22.56,17.3645,0.0,0.0,1.0
2014-06-24,22.58,22.58,22.58,22.58,17.3799,0.0,0.0,1.0
2014-06-25,22.65,22.65,22.65,22.65,17.4338,0.0,0.0,1.0
2014-06-26,22.71,22.71,22.71,22.71,17.4799,0.0,0.0,1.0
2014-06-27,22.8,22.8,22.8,22.8,17.5492,0.0,0.0,1.0
2014-06-30,22.91,22.91,22.91,22.91,17.6339,0.0,0.0,1.0
2014-07-01,22.95,22.95,22.95,22.95,17.6647,0.0,0.0,1.0
2014-07-02,22.82,22.82,22.82,22.82,17.5646,0.0,0.0,1.0
2014-07-03,22.7,22.7,22.7,22.7,17.4722,0.0,0.0,1.0
2014-07-07,22.61,22.61,22.61,22.61,17.403,0.0,0.0,1.0
2014-07-08,22.55,22.55,22.55,22.55,17.3568,0.0,0.0,1.0
2014-07-09,22.56,22.56,22.56,22.56,17.3645,0.0,0.0,1.0
2014-07-10,22.56,22.56,22.56,22.56,17.3645,0.0,0.0,1.0
2014-07-11,22.57,22.57,22.57,22.57,17.3722,0.0,0.0,1.0
2014-07-14,22.53,22.53,22.53,22.53,17.3414,0.0,0.0,1.0
2014-07-15,22.51,22.51,22.51,22.51,17.326,0.0,0.0,1.0
2014-07-16,22.63,22.63,22.63,22.63,17.4184,0.0,0.0,1.0
2014-07-17,22.47,22.47,22.47,22.47,17.2952,0.0,0.0,1.0
2014-07-18,22.64,22.64,22.64,22.64,17.4261,0.0,0.0,1.0
2014-07-21,22.66,22.66,22.66,22.66,17.4414,0.0,0.0,1.0
2014-07-22,22.79,22.79,22.79,22.79,17.5415,0.0,0.0,1.0
2014-07-23,22.81,22.81,22.81,22.81,17.5569,0.0,0.0,1.0
2014-07-24,22.83,22.83,22.83,22.83,17.5723,0.0,0.0,1.0
2014-07-25,22.66,22.66,22.66,22.66,17.4414,0.0,0.0,1.0
2014-07-28,22.76,22.76,22.76,22.76,17.5184,0.0,0.0,1.0
2014-07-29,22.71,22.71,22.71,22.71,17.4799,0.0,0.0,1.0
2014-07-30,22.53,22.53,22.53,22.53,17.3414,0.0,0.0,1.0
2014-07-31,22.15,22.15,22.15,22.15,17.0489,0.0,0.0,1.0
2014-08-01,22.01,22.01,22.01,22.01,16.9411,0.0,0.0,1.0
2014-08-04,22.12,22.12,22.12,22.12,17.0258,0.0,0.0,1.0
2014-08-05,21.84,21.84,21.84,21.84,16.8103,0.0,0.0,1.0
2014-08-06,21.69,21.69,21.69,21.69,16.6948,0.0,0.0,1.0
2014-08-07,21.69,21.69,21.69,21.69,16.6948,0.0,0.0,1.0
2014-08-08,21.93,21.93,21.93,21.93,16.8796,0.0,0.0,1.0
2014-08-11,22.06,22.06,22.06,22.06,16.9796,0.0,0.0,1.0
2014-08-12,22.06,22.06,22.06,22.06,16.9796,0.0,0.0,1.0
2014-08-13,22.09,22.09,22.09,22.09,17.0959,0.0,0.121,1.0
2014-08-14,22.2,22.2,22.2,22.2,17.181,0.0,0.0,1.0
2014-08-15,22.26,22.26,22.26,22.26,17.2274,0.0,0.0,1.0
2014-08-18,22.31,22.31,22.31,22.31,17.2661,0.0,0.0,1.0
2014-08-19,22.39,22.39,22.39,22.39,17.328,0.0,0.0,1.0
2014-08-20,22.44,22.44,22.44,22.44,17.3667,0.0,0.0,1.0
2014-08-21,22.5,22.5,22.5,22.5,17.4132,0.0,0.0,1.0
2014-08-22,22.42,22.42,22.42,22.42,17.3512,0.0,0.0,1.0
2014-08-25,22.54,22.54,22.54,22.54,17.4441,0.0,0.0,1.0
2014-08-26,22.52,22.52,22.52,22.52,17.4286,0.0,0.0,1.0
2014-08-27,22.67,22.67,22.67,22.67,17.5447,0.0,0.0,1.0
2014-08-28,22.71,22.71,22.71,22.71,17.5757,0.0,0.0,1.0
2014-08-29,22.8,22.8,22.8,22.8,17.6453,0.0,0.0,1.0
2014-09-02,22.71,22.71,22.71,22.71,17.5757,0.0,0.0,1.0
2014-09-03,22.79,22.79,22.79,22.79,17.6376,0.0,0.0,1.0
2014-09-04,22.74,22.74,22.74,22.74,17.5989,0.0,0.0,1.0
2014-09-05,22.87,22.87,22.87,22.87,17.6995,0.0,0.0,1.0
2014-09-08,22.78,22.78,22.78,22.78,17.6299,0.0,0.0,1.0
2014-09-09,22.67,22.67,22.67,22.67,17.5447,0.0,0.0,1.0
2014-09-10,22.61,22.61,22.61,22.61,17.4983,0.0,0.0,1.0
2014-09-11,22.5,22.5,22.5,22.5,17.5068,0.0,0.121,1.0
2014-09-12,22.21,22.21,22.21,22.21,17.2812,0.0,0.0,1.0
2014-09-15,22.12,22.12,22.12,22.12,17.2111,0.0,0.0,1.0
2014-09-16,22.26,22.26,22.26,22.26,17.3201,0.0,0.0,1.0
2014-09-17,22.24,22.24,22.24,22.24,17.3045,0.0,0.0,1.0
2014-09-18,22.26,22.26,22.26,22.26,17.3201,0.0,0.0,1.0
2014-09-19,22.28,22.28,22.28,22.28,17.3356,0.0,0.0,1.0
2014-09-22,22.07,22.07,22.07,22.07,17.1722,0.0,0.0,1.0
2014-09-23,21.89,21.89,21.89,21.89,17.0322,0.0,0.0,1.0
2014-09-24,21.9,21.9,21.9,21.9,17.04,0.0,0.0,1.0
2014-09-25,21.68,21.68,21.68,21.68,16.8688,0.0,0.0,1.0
2014-09-26,21.78,21.78,21.78,21.78,16.9466,0.0,0.0,1.0
2014-09-29,21.8,21.8,21.8,21.8,16.9621,0.0,0.0,1.0
2014-09-30,21.83,21.83,21.83,21.83,16.9855,0.0,0.0,1.0
2014-10-01,21.73,21.73,21.73,21.73,16.9077,0.0,0.0,1.0
2014-10-02,21.67,21.67,21.67,21.67,16.861,0.0,0.0,1.0
2014-10-03,21.73,21.73,21.73,21.73,16.9077,0.0,0.0,1.0
2014-10-06,21.77,21.77,21.77,21.77,16.9388,0.0,0.0,1.0
2014-10-07,21.62,21.62,21.62,21.62,16.8221,0.0,0.0,1.0
2014-10-08,21.81,21.81,21.81,21.81,16.9699,0.0,0.0,1.0
2014-10-09,21.35,21.35,21.35,21.35,16.612,0.0,0.0,1.0
2014-10-10,20.99,20.99,20.99,20.99,16.4261,0.0,0.121,1.0
2014-10-13,20.67,20.67,20.67,20.67,16.1756,0.0,0.0,1.0
2014-10-14,20.56,20.56,20.56,20.56,16.0895,0.0,0.0,1.0
2014-10-15,20.71,20.71,20.71,20.71,16.2069,0.0,0.0,1.0
2014-10-16,21.01,21.01,21.01,21.01,16.4417,0.0,0.0,1.0
2014-10-17,21.22,21.22,21.22,21.22,16.606,0.0,0.0,1.0
2014-10-20,21.37,21.37,21.37,21.37,16.7234,0.0,0.0,1.0
2014-10-21,21.53,21.53,21.53,21.53,16.8486,0.0,0.0,1.0
2014-10-22,21.48,21.48,21.48,21.48,16.8095,0.0,0.0,1.0
2014-10-23,21.64,21.64,21.64,21.64,16.9347,0.0,0.0,1.0
2014-10-24,21.74,21.74,21.74,21.74,17.013,0.0,0.0,1.0
2014-10-27,21.71,21.71,21.71,21.71,16.9895,0.0,0.0,1.0
2014-10-28,21.94,21.94,21.94,21.94,17.1695,0.0,0.0,1.0
2014-10-29,22.11,22.11,22.11,22.11,17.3025,0.0,0.0,1.0
2014-10-30,22.28,22.28,22.28,22.28,17.4356,0.0,0.0,1.0
2014-10-31,22.4,22.4,22.4,22.4,17.5295,0.0,0.0,1.0
2014-11-03,22.41,22.41,22.41,22.41,17.5373,0.0,0.0,1.0
2014-11-04,22.19,22.19,22.19,22.19,17.3651,0.0,0.0,1.0
2014-11-05,22.43,22.43,22.43,22.43,17.5529,0.0,0.0,1.0
2014-11-06,22.31,22.31,22.31,22.31,17.459,0.0,0.0,1.0
2014-11-07,22.54,22.54,22.54,22.54,17.639,0.0,0.0,1.0
2014-11-10,22.62,22.62,22.62,22.62,17.7016,0.0,0.0,1.0
2014-11-11,22.68,22.68,22.68,22.68,17.7486,0.0,0.0,1.0
2014-11-12,22.37,22.37,22.37,22.37,17.6007,0.0,0.121,1.0
2014-11-13,22.17,22.17,22.17,22.17,17.4433,0.0,0.0,1.0
2014-11-14,22.22,22.22,22.22,22.22,17.4827,0.0,0.0,1.0
2014-11-17,22.29,22.29,22.29,22.29,17.5377,0.0,0.0,1.0
2014-11-18,22.48,22.48,22.48,22.48,17.6872,0.0,0.0,1.0
2014-11-19,22.48,22.48,22.48,22.48,17.6872,0.0,0.0,1.0
2014-11-20,22.45,22.45,22.45,22.45,17.6636,0.0,0.0,1.0
2014-11-21,22.53,22.53,22.53,22.53,17.7266,0.0,0.0,1.0
2014-11-24,22.49,22.49,22.49,22.49,17.6951,0.0,0.0,1.0
2014-11-25,22.58,22.58,22.58,22.58,17.7659,0.0,0.0,1.0
2014-11-26,22.71,22.71,22.71,22.71,17.8682,0.0,0.0,1.0
2014-11-28,22.46,22.46,22.46,22.46,17.6715,0.0,0.0,1.0
2014-12-01,22.15,22.15,22.15,22.15,17.4276,0.0,0.0,1.0
2014-12-02,22.33,22.33,22.33,22.33,17.5692,0.0,0.0,1.0
2014-12-03,22.46,22.46,22.46,22.46,17.6715,0.0,0.0,1.0
2014-12-04,22.53,22.53,22.53,22.53,17.7266,0.0,0.0,1.0
2014-12-05,22.39,22.39,22.39,22.39,17.6164,0.0,0.0,1.0
2014-12-08,22.01,22.01,22.01,22.01,17.3174,0.0,0.0,1.0
2014-12-09,22.06,22.06,22.06,22.06,17.3568,0.0,0.0,1.0
2014-12-10,21.67,21.67,21.67,21.67,17.0499,0.0,0.0,1.0
2014-12-11,21.76,21.76,21.76,21.76,17.1207,0.0,0.0,1.0
2014-12-12,21.57,21.57,21.57,21.57,16.9712,0.0,0.0,1.0
2014-12-15,21.35,21.35,21.35,21.35,16.7981,0.0,0.0,1.0
2014-12-16,21.43,21.43,21.43,21.43,16.8611,0.0,0.0,1.0
2014-12-17,21.87,21.87,21.87,21.87,17.2073,0.0,0.0,1.0
2014-12-18,22.09,22.09,22.09,22.09,17.4756,0.0,0.121,1.0
2014-12-19,22.09,22.09,22.09,22.09,17.4756,0.0,0.0,1.0
2014-12-22,22.2,22.2,22.2,22.2,17.5626,0.0,0.0,1.0
2014-12-23,22.26,22.26,22.26,22.26,17.6101,0.0,0.0,1.0
2014-12-24,22.39,22.39,22.39,22.39,17.7129,0.0,0.0,1.0
2014-12-26,22.51,22.51,22.51,22.51,17.8078,0.0,0.0,1.0
2014-12-29,22.71,22.71,22.71,22.71,17.9661,0.0,0.0,1.0
2014-12-30,22.58,22.58,22.58,22.58,17.8632,0.0,0.0,1.0
2014-12-31,22.47,22.47,22.47,22.47,17.7762,0.0,0.0,1.0
2015-01-02,22.66,22.66,22.66,22.66,17.9265,0.0,0.0,1.0
2015-01-05,22.18,22.18,22.18,22.18,17.5468,0.0,0.0,1.0
2015-01-06,22.02,22.02,22.02,22.02,17.4202,0.0,0.0,1.0
2015-01-07,22.15,22.15,22.15,22.15,17.523,0.0,0.0,1.0
2015-01-08,22.35,22.35,22.35,22.35,17.6813,0.0,0.0,1.0
2015-01-09,22.29,22.29,22.29,22.29,17.6338,0.0,0.0,1.0
2015-01-12,22.06,22.06,22.06,22.06,17.4518,0.0,0.0,1.0
2015-01-13,21.83,21.83,21.83,21.83,17.3656,0.0,0.121,1.0
2015-01-14,21.89,21.89,21.89,21.89,17.4133,0.0,0.0,1.0
2015-01-15,22.02,22.02,22.02,22.02,17.5168,0.0,0.0,1.0
2015-01-16,22.28,22.28,22.28,22.28,17.7236,0.0,0.0,1.0
2015-01-20,22.36,22.36,22.36,22.36,17.7872,0.0,0.0,1.0
2015-01-21,22.57,22.57,22.57,22.57,17.9543,0.0,0.0,1.0
2015-01-22,22.6,22.6,22.6,22.6,17.9781,0.0,0.0,1.0
2015-01-23,22.64,22.64,22.64,22.64,18.01,0.0,0.0,1.0
2015-01-26,22.8,22.8,22.8,22.8,18.1372,0.0,0.0,1.0
2015-01-27,22.73,22.73,22.73,22.73,18.0816,0.0,0.0,1.0
2015-01-28,22.47,22.47,22.47,22.47,17.8747,0.0,0.0,1.0
2015-01-29,22.62,22.62,22.62,22.62,17.9941,0.0,0.0,1.0
2015-01-30,22.41,22.41,22.41,22.41,17.827,0.0,0.0,1.0
2015-02-02,22.57,22.57,22.57,22.57,17.9543,0.0,0.0,1.0
2015-02-03,22.85,22.85,22.85,22.85,18.177,0.0,0.0,1.0
2015-02-04,22.61,22.61,22.61,22.61,17.9861,0.0,0.0,1.0
2015-02-05,22.85,22.85,22.85,22.85,18.177,0.0,0.0,1.0
2015-02-06,22.41,22.41,22.41,22.41,17.827,0.0,0.0,1.0
2015-02-09,22.21,22.21,22.21,22.21,17.6679,0.0,0.0,1.0
2015-02-10,22.45,22.45,22.45,22.45,17.8588,0.0,0.0,1.0
2015-02-11,22.06,22.06,22.06,22.06,17.6448,0.0,0.121,1.0
2015-02-12,22.24,22.24,22.24,22.24,17.7888,0.0,0.0,1.0
2015-02-13,22.16,22.16,22.16,22.16,17.7248,0.0,0.0,1.0
2015-02-17,22.16,22.16,22.16,22.16,17.7248,0.0,0.0,1.0
2015-02-18,22.39,22.39,22.39,22.39,17.9088,0.0,0.0,1.0
2015-02-19,22.27,22.27,22.27,22.27,17.8128,0.0,0.0,1.0
2015-02-20,22.4,22.4,22.4,22.4,17.9168,0.0,0.0,1.0
2015-02-23,22.4,22.4,22.4,22.4,17.9168,0.0,0.0,1.0
2015-02-24,22.43,22.43,22.43,22.43,17.9408,0.0,0.0,1.0
2015-02-25,22.41,22.41,22.41,22.41,17.9248,0.0,0.0,1.0
2015-02-26,22.16,22.16,22.16,22.16,17.7248,0.0,0.0,1.0
2015-02-27,22.24,22.24,22.24,22.24,17.7888,0.0,0.0,1.0
2015-03-02,22.04,22.04,22.04,22.04,17.6288,0.0,0.0,1.0
2015-03-03,22.11,22.11,22.11,22.11,17.6848,0.0,0.0,1.0
2015-03-04,21.96,21.96,21.96,21.96,17.5648,0.0,0.0,1.0
2015-03-05,22.05,22.05,22.05,22.05,17.6368,0.0,0.0,1.0
2015-03-06,21.58,21.58,21.58,21.58,17.2609,0.0,0.0,1.0
2015-03-09,21.49,21.49,21.49,21.49,17.1889,0.0,0.0,1.0
2015-03-10,21.43,21.43,21.43,21.43,17.1409,0.0,0.0,1.0
2015-03-11,21.12,21.12,21.12,21.12,16.9898,0.0,0.121,1.0
2015-03-12,21.32,21.32,21.32,21.32,17.1506,0.0,0.0,1.0
2015-03-13,21.16,21.16,21.16,21.16,17.0219,0.0,0.0,1.0
2015-03-16,21.35,21.35,21.35,21.35,17.1748,0.0,0.0,1.0
2015-03-17,21.42,21.42,21.42,21.42,17.2311,0.0,0.0,1.0
2015-03-18,21.86,21.86,21.86,21.86,17.585,0.0,0.0,1.0
2015-03-19,21.68,21.68,21.68,21.68,17.4402,0.0,0.0,1.0
2015-03-20,21.94,21.94,21.94,21.94,17.6494,0.0,0.0,1.0
2015-03-23,22.03,22.03,22.03,22.03,17.7218,0.0,0.0,1.0
2015-03-24,21.92,21.92,21.92,21.92,17.6333,0.0,0.0,1.0
2015-03-25,21.82,21.82,21.82,21.82,17.5529,0.0,0.0,1.0
2015-03-26,21.7,21.7,21.7,21.7,17.4563,0.0,0.0,1.0
2015-03-27,21.78,21.78,21.78,21.78,17.5207,0.0,0.0,1.0
2015-03-30,21.93,21.93,21.93,21.93,17.6413,0.0,0.0,1.0
2015-03-31,21.89,21.89,21.89,21.89,17.6092,0.0,0.0,1.0
2015-04-01,21.93,21.93,21.93,21.93,17.6413,0.0,0.0,1.0
2015-04-02,21.99,21.99,21.99,21.99,17.6896,0.0,0.0,1.0
2015-04-06,22.11,22.11,22.11,22.11,17.7861,0.0,0.0,1.0
2015-04-07,21.99,21.99,21.99,21.99,17.6896,0.0,0.0,1.0
2015-04-08,22.01,22.01,22.01,22.01,17.7057,0.0,0.0,1.0
2015-04-09,21.97,21.97,21.97,21.97,17.6735,0.0,0.0,1.0
2015-04-10,22.07,22.07,22.07,22.07,17.754,0.0,0.0,1.0
2015-04-13,21.83,21.83,21.83,21.83,17.6582,0.0,0.121,1.0
2015-04-14,21.97,21.97,21.97,21.97,17.7715,0.0,0.0,1.0
2015-04-15,22.09,22.09,22.09,22.09,17.8686,0.0,0.0,1.0
2015-04-16,22.08,22.08,22.08,22.08,17.8605,0.0,0.0,1.0
2015-04-17,21.99,21.99,21.99,21.99,17.7877,0.0,0.0,1.0
2015-04-20,22.12,22.12,22.12,22.12,17.8928,0.0,0.0,1.0
2015-04-21,22.06,22.06,22.06,22.06,17.8443,0.0,0.0,1.0
2015-04-22,22.07,22.07,22.07,22.07,17.8524,0.0,0.0,1.0
2015-04-23,22.16,22.16,22.16,22.16,17.9252,0.0,0.0,1.0
2015-04-24,22.32,22.32,22.32,22.32,18.0546,0.0,0.0,1.0
2015-04-27,22.25,22.25,22.25,22.25,17.998,0.0,0.0,1.0
2015-04-28,22.35,22.35,22.35,22.35,18.0789,0.0,0.0,1.0
2015-04-29,22.28,22.28,22.28,22.28,18.0222,0.0,0.0,1.0
2015-04-30,22.17,22.17,22.17,22.17,17.9333,0.0,0.0,1.0
2015-05-01,22.24,22.24,22.24,22.24,17.9899,0.0,0.0,1.0
2015-05-04,22.32,22.32,22.32,22.32,18.0546,0.0,0.0,1.0
2015-05-05,22.01,22.01,22.01,22.01,17.8038,0.0,0.0,1.0
2015-05-06,21.89,21.89,21.89,21.89,17.7068,0.0,0.0,1.0
2015-05-07,21.83,21.83,21.83,21.83,17.6582,0.0,0.0,1.0
2015-05-08,22.07,22.07,22.07,22.07,17.8524,0.0,0.0,1.0
2015-05-11,21.95,21.95,21.95,21.95,17.7553,0.0,0.0,1.0
2015-05-12,21.92,21.92,21.92,21.92,17.731,0.0,0.0,1.0
2015-05-13,21.84,21.84,21.84,21.84,17.7642,0.0,0.121,1.0
2015-05-14,22.07,22.07,22.07,22.07,17.9513,0.0,0.0,1.0
2015-05-15,22.21,22.21,22.21,22.21,18.0652,0.0,0.0,1.0
2015-05-18,22.22,22.22,22.22,22.22,18.0733,0.0,0.0,1.0
2015-05-19,22.2,22.2,22.2,22.2,18.057,0.0,0.0,1.0
2015-05-20,22.19,22.19,22.19,22.19,18.0489,0.0,0.0,1.0
2015-05-21,22.22,22.22,22.22,22.22,18.0733,0.0,0.0,1.0
2015-05-22,22.21,22.21,22.21,22.21,18.0652,0.0,0.0,1.0
2015-05-26,22.02,22.02,22.02,22.02,17.9106,0.0,0.0,1.0
2015-05-27,22.15,22.15,22.15,22.15,18.0164,0.0,0.0,1.0
2015-05-28,22.17,22.17,22.17,22.17,18.0326,0.0,0.0,1.0
2015-05-29,22.11,22.11,22.11,22.11,17.9838,0.0,0.0,1.0
2015-06-01,22.13,22.13,22.13,22.13,18.0001,0.0,0.0,1.0
2015-06-02,22.09,22.09,22.09,22.09,17.9676,0.0,0.0,1.0
2015-06-03,21.91,21.91,21.91,21.91,17.8211,0.0,0.0,1.0
2015-06-04,21.68,21.68,21.68,21.68,17.6341,0.0,0.0,1.0
2015-06-05,21.51,21.51,21.51,21.51,17.4958,0.0,0.0,1.0
2015-06-08,21.44,21.44,21.44,21.44,17.4389,0.0,0.0,1.0
2015-06-09,21.42,21.42,21.42,21.42,17.4226,0.0,0.0,1.0
2015-06-10,21.56,21.56,21.56,21.56,17.5365,0.0,0.0,1.0
2015-06-11,21.5,21.5,21.5,21.5,17.5861,0.0,0.121,1.0
2015-06-12,21.36,21.36,21.36,21.36,17.4716,0.0,0.0,1.0
2015-06-15,21.33,21.33,21.33,21.33,17.447,0.0,0.0,1.0
2015-06-16,21.38,21.38,21.38,21.38,17.4879,0.0,0.0,1.0
2015-06-17,21.49,21.49,21.49,21.49,17.5779,0.0,0.0,1.0
2015-06-18,21.64,21.64,21.64,21.64,17.7006,0.0,0.0,1.0
2015-06-19,21.52,21.52,21.52,21.52,17.6024,0.0,0.0,1.0
2015-06-22,21.61,21.61,21.61,21.61,17.6761,0.0,0.0,1.0
2015-06-23,21.48,21.48,21.48,21.48,17.5697,0.0,0.0,1.0
2015-06-24,21.43,21.43,21.43,21.43,17.5288,0.0,0.0,1.0
2015-06-25,21.34,21.34,21.34,21.34,17.4552,0.0,0.0,1.0
2015-06-26,21.32,21.32,21.32,21.32,17.4388,0.0,0.0,1.0
2015-06-29,21.0,21.0,21.0,21.0,17.1771,0.0,0.0,1.0
2015-06-30,20.88,20.88,20.88,20.88,17.0789,0.0,0.0,1.0
2015-07-01,20.92,20.92,20.92,20.92,17.1117,0.0,0.0,1.0
2015-07-02,21.14,21.14,21.14,21.14,17.2916,0.0,0.0,1.0
2015-07-06,20.96,20.96,20.96,20.96,17.1444,0.0,0.0,1.0
2015-07-07,21.25,21.25,21.25,21.25,17.3816,0.0,0.0,1.0
2015-07-08,21.07,21.07,21.07,21.07,17.2344,0.0,0.0,1.0
2015-07-09,21.05,21.05,21.05,21.05,17.218,0.0,0.0,1.0
2015-07-10,21.32,21.32,21.32,21.32,17.4388,0.0,0.0,1.0
2015-07-13,21.23,21.23,21.23,21.23,17.4642,0.0,0.121,1.0
2015-07-14,21.26,21.26,21.26,21.26,17.4889,0.0,0.0,1.0
2015-07-15,21.17,21.17,21.17,21.17,17.4148,0.0,0.0,1.0
2015-07-16,21.28,21.28,21.28,21.28,17.5053,0.0,0.0,1.0
2015-07-17,21.06,21.06,21.06,21.06,17.3244,0.0,0.0,1.0
2015-07-20,20.84,20.84,20.84,20.84,17.1434,0.0,0.0,1.0
2015-07-21,20.74,20.74,20.74,20.74,17.0611,0.0,0.0,1.0
2015-07-22,20.62,20.62,20.62,20.62,16.9624,0.0,0.0,1.0
2015-07-23,20.56,20.56,20.56,20.56,16.913,0.0,0.0,1.0
2015-07-24,20.56,20.56,20.56,20.56,16.913,0.0,0.0,1.0
2015-07-27,20.68,20.68,20.68,20.68,17.0118,0.0,0.0,1.0
2015-07-28,20.84,20.84,20.84,20.84,17.1434,0.0,0.0,1.0
2015-07-29,20.95,20.95,20.95,20.95,17.2339,0.0,0.0,1.0
2015-07-30,20.93,20.93,20.93,20.93,17.2174,0.0,0.0,1.0
2015-07-31,21.03,21.03,21.03,21.03,17.2997,0.0,0.0,1.0
2015-08-03,20.99,20.99,20.99,20.99,17.2668,0.0,0.0,1.0
2015-08-04,20.71,20.71,20.71,20.71,17.0364,0.0,0.0,1.0
2015-08-05,20.55,20.55,20.55,20.55,16.9048,0.0,0.0,1.0
2015-08-06,20.44,20.44,20.44,20.44,16.8143,0.0,0.0,1.0
2015-08-07,20.51,20.51,20.51,20.51,16.8719,0.0,0.0,1.0
2015-08-10,20.69,20.69,20.69,20.69,17.02,0.0,0.0,1.0
2015-08-11,20.63,20.63,20.63,20.63,16.9706,0.0,0.0,1.0
2015-08-12,20.76,20.76,20.76,20.76,17.1771,0.0,0.121,1.0
2015-08-13,20.73,20.73,20.73,20.73,17.1523,0.0,0.0,1.0
2015-08-14,20.85,20.85,20.85,20.85,17.2516,0.0,0.0,1.0
2015-08-17,20.98,20.98,20.98,20.98,17.3591,0.0,0.0,1.0
2015-08-18,20.91,20.91,20.91,20.91,17.3012,0.0,0.0,1.0
2015-08-19,20.88,20.88,20.88,20.88,17.2764,0.0,0.0,1.0
2015-08-20,20.67,20.67,20.67,20.67,17.1026,0.0,0.0,1.0
2015-08-21,20.39,20.39,20.39,20.39,16.871,0.0,0.0,1.0
2015-08-24,20.39,20.39,20.39,20.39,16.871,0.0,0.0,1.0
2015-08-25,19.69,19.69,19.69,19.69,16.2918,0.0,0.0,1.0
2015-08-26,19.7,19.7,19.7,19.7,16.3,0.0,0.0,1.0
2015-08-27,19.5,19.5,19.5,19.5,16.1346,0.0,0.0,1.0
2015-08-28,19.5,19.5,19.5,19.5,16.1346,0.0,0.0,1.0
2015-08-31,20.04,20.04,20.04,20.04,16.5814,0.0,0.0,1.0
2015-09-01,19.61,19.61,19.61,19.61,16.2256,0.0,0.0,1.0
2015-09-02,19.71,19.71,19.71,19.71,16.3083,0.0,0.0,1.0
2015-09-03,19.75,19.75,19.75,19.75,16.3414,0.0,0.0,1.0
2015-09-04,19.52,19.52,19.52,19.52,16.1511,0.0,0.0,1.0
2015-09-08,19.77,19.77,19.77,19.77,16.358,0.0,0.0,1.0
2015-09-09,19.55,19.55,19.55,19.55,16.1759,0.0,0.0,1.0
2015-09-10,19.5,19.5,19.5,19.5,16.1346,0.0,0.0,1.0
2015-09-11,19.31,19.31,19.31,19.31,16.0775,0.0,0.121,1.0
2015-09-14,19.23,19.23,19.23,19.23,16.0109,0.0,0.0,1.0
2015-09-15,19.3,19.3,19.3,19.3,16.0691,0.0,0.0,1.0
2015-09-16,19.46,19.46,19.46,19.46,16.2024,0.0,0.0,1.0
2015-09-17,19.63,19.63,19.63,19.63,16.3439,0.0,0.0,1.0
2015-09-18,19.48,19.48,19.48,19.48,16.219,0.0,0.0,1.0
2015-09-21,19.46,19.46,19.46,19.46,16.2024,0.0,0.0,1.0
2015-09-22,19.13,19.13,19.13,19.13,15.9276,0.0,0.0,1.0
2015-09-23,18.96,18.96,18.96,18.96,15.7861,0.0,0.0,1.0
2015-09-24,18.98,18.98,18.98,18.98,15.8027,0.0,0.0,1.0
2015-09-25,19.1,19.1,19.1,19.1,15.9026,0.0,0.0,1.0
2015-09-28,18.82,18.82,18.82,18.82,15.6695,0.0,0.0,1.0
2015-09-29,18.51,18.51,18.51,18.51,15.4114,0.0,0.0,1.0
2015-09-30,19.06,19.06,19.06,19.06,15.8693,0.0,0.0,1.0
2015-10-01,19.11,19.11,19.11,19.11,15.911,0.0,0.0,1.0
2015-10-02,19.46,19.46,19.46,19.46,16.2024,0.0,0.0,1.0
2015-10-05,19.87,19.87,19.87,19.87,16.5437,0.0,0.0,1.0
2015-10-06,19.83,19.83,19.83,19.83,16.5104,0.0,0.0,1.0
2015-10-07,19.9,19.9,19.9,19.9,16.5687,0.0,0.0,1.0
2015-10-08,20.11,20.11,20.11,20.11,16.7436,0.0,0.0,1.0
2015-10-09,20.13,20.13,20.13,20.13,16.7602,0.0,0.0,1.0
2015-10-12,20.07,20.07,20.07,20.07,16.7102,0.0,0.0,1.0
2015-10-13,19.89,19.89,19.89,19.89,16.6611,0.0,0.121,1.0
2015-10-14,19.92,19.92,19.92,19.92,16.6863,0.0,0.0,1.0
2015-10-15,20.18,20.18,20.18,20.18,16.904,0.0,0.0,1.0
2015-10-16,20.25,20.25,20.25,20.25,16.9627,0.0,0.0,1.0
2015-10-19,20.19,20.19,20.19,20.19,16.9124,0.0,0.0,1.0
2015-10-20,20.2,20.2,20.2,20.2,16.9208,0.0,0.0,1.0
2015-10-21,20.05,20.05,20.05,20.05,16.7952,0.0,0.0,1.0
2015-10-22,20.1,20.1,20.1,20.1,16.837,0.0,0.0,1.0
2015-10-23,19.97,19.97,19.97,19.97,16.7281,0.0,0.0,1.0
2015-10-26,19.84,19.84,19.84,19.84,16.6192,0.0,0.0,1.0
2015-10-27,19.65,19.65,19.65,19.65,16.4601,0.0,0.0,1.0
2015-10-28,19.74,19.74,19.74,19.74,16.5355,0.0,0.0,1.0
2015-10-29,19.79,19.79,19.79,19.79,16.5774,0.0,0.0,1.0
2015-10-30,19.93,19.93,19.93,19.93,16.6946,0.0,0.0,1.0
2015-11-02,20.01,20.01,20.01,20.01,16.7616,0.0,0.0,1.0
2015-11-03,20.16,20.16,20.16,20.16,16.8873,0.0,0.0,1.0
2015-11-04,20.03,20.03,20.03,20.03,16.7784,0.0,0.0,1.0
2015-11-05,19.92,19.92,19.92,19.92,16.6863,0.0,0.0,1.0
2015-11-06,19.55,19.55,19.55,19.55,16.3763,0.0,0.0,1.0
2015-11-09,19.45,19.45,19.45,19.45,16.2926,0.0,0.0,1.0
2015-11-10,19.52,19.52,19.52,19.52,16.3512,0.0,0.0,1.0
2015-11-11,19.5,19.5,19.5,19.5,16.3344,0.0,0.0,1.0
2015-11-12,19.17,19.17,19.17,19.17,16.1594,0.0,0.121,1.0
2015-11-13,19.07,19.07,19.07,19.07,16.0751,0.0,0.0,1.0
2015-11-16,19.37,19.37,19.37,19.37,16.328,0.0,0.0,1.0
2015-11-17,19.21,19.21,19.21,19.21,16.1931,0.0,0.0,1.0
2015-11-18,19.37,19.37,19.37,19.37,16.328,0.0,0.0,1.0
2015-11-19,19.38,19.38,19.38,19.38,16.3364,0.0,0.0,1.0
2015-11-20,19.34,19.34,19.34,19.34,16.3027,0.0,0.0,1.0
2015-11-23,19.22,19.22,19.22,19.22,16.2015,0.0,0.0,1.0
2015-11-24,19.26,19.26,19.26,19.26,16.2352,0.0,0.0,1.0
2015-11-25,19.22,19.22,19.22,19.22,16.2015,0.0,0.0,1.0
2015-11-27,19.29,19.29,19.29,19.29,16.2605,0.0,0.0,1.0
2015-11-30,19.29,19.29,19.29,19.29,16.2605,0.0,0.0,1.0
2015-12-01,19.33,19.33,19.33,19.33,16.2942,0.0,0.0,1.0
2015-12-02,19.01,19.01,19.01,19.01,16.0245,0.0,0.0,1.0
2015-12-03,18.82,18.82,18.82,18.82,15.8643,0.0,0.0,1.0
2015-12-04,18.85,18.85,18.85,18.85,15.8896,0.0,0.0,1.0
2015-12-07,18.67,18.67,18.67,18.67,15.7379,0.0,0.0,1.0
2015-12-08,18.74,18.74,18.74,18.74,15.7969,0.0,0.0,1.0
2015-12-09,19.0,19.0,19.0,19.0,16.0161,0.0,0.0,1.0
2015-12-10,18.82,18.82,18.82,18.82,15.8643,0.0,0.0,1.0
2015-12-11,18.52,18.52,18.52,18.52,15.6114,0.0,0.0,1.0
2015-12-14,18.44,18.44,18.44,18.44,15.544,0.0,0.0,1.0
2015-12-15,18.62,18.62,18.62,18.62,15.6957,0.0,0.0,1.0
2015-12-16,18.96,18.96,18.96,18.96,16.0843,0.0,0.121,1.0
2015-12-17,18.92,18.92,18.92,18.92,16.0504,0.0,0.0,1.0
2015-12-18,18.88,18.88,18.88,18.88,16.0165,0.0,0.0,1.0
2015-12-21,18.99,18.99,18.99,18.99,16.1098,0.0,0.0,1.0
2015-12-22,19.22,19.22,19.22,19.22,16.3049,0.0,0.0,1.0
2015-12-23,19.52,19.52,19.52,19.52,16.5594,0.0,0.0,1.0
2015-12-24,19.49,19.49,19.49,19.49,16.534,0.0,0.0,1.0
2015-12-28,19.48,19.48,19.48,19.48,16.5255,0.0,0.0,1.0
2015-12-29,19.56,19.56,19.56,19.56,16.5933,0.0,0.0,1.0
2015-12-30,19.45,19.45,19.45,19.45,16.5,0.0,0.0,1.0
2015-12-31,19.5,19.5,19.5,19.5,16.5424,0.0,0.0,1.0
2016-01-04,19.43,19.43,19.43,19.43,16.4831,0.0,0.0,1.0
2016-01-05,19.45,19.45,19.45,19.45,16.5,0.0,0.0,1.0
2016-01-06,19.22,19.22,19.22,19.22,16.3049,0.0,0.0,1.0
2016-01-07,18.92,18.92,18.92,18.92,16.0504,0.0,0.0,1.0
2016-01-08,18.9,18.9,18.9,18.9,16.0334,0.0,0.0,1.0
2016-01-11,18.79,18.79,18.79,18.79,15.9401,0.0,0.0,1.0
2016-01-12,18.78,18.78,18.78,18.78,15.9316,0.0,0.0,1.0
2016-01-13,18.42,18.42,18.42,18.42,15.7289,0.0,0.121,1.0
2016-01-14,18.72,18.72,18.72,18.72,15.9851,0.0,0.0,1.0
2016-01-15,18.4,18.4,18.4,18.4,15.7118,0.0,0.0,1.0
2016-01-19,18.37,18.37,18.37,18.37,15.6862,0.0,0.0,1.0
2016-01-20,17.98,17.98,17.98,17.98,15.3532,0.0,0.0,1.0
2016-01-21,18.19,18.19,18.19,18.19,15.5325,0.0,0.0,1.0
2016-01-22,18.73,18.73,18.73,18.73,15.9936,0.0,0.0,1.0
2016-01-25,18.49,18.49,18.49,18.49,15.7887,0.0,0.0,1.0
2016-01-26,18.73,18.73,18.73,18.73,15.9936,0.0,0.0,1.0
2016-01-27,18.74,18.74,18.74,18.74,16.0021,0.0,0.0,1.0
2016-01-28,18.99,18.99,18.99,18.99,16.2156,0.0,0.0,1.0
2016-01-29,19.27,19.27,19.27,19.27,16.4547,0.0,0.0,1.0
2016-02-01,19.31,19.31,19.31,19.31,16.4889,0.0,0.0,1.0
2016-02-02,19.21,19.21,19.21,19.21,16.4035,0.0,0.0,1.0
2016-02-03,19.34,19.34,19.34,19.34,16.5145,0.0,0.0,1.0
2016-02-04,19.41,19.41,19.41,19.41,16.5743,0.0,0.0,1.0
2016-02-05,19.28,19.28,19.28,19.28,16.4632,0.0,0.0,1.0
2016-02-08,18.89,18.89,18.89,18.89,16.1302,0.0,0.0,1.0
2016-02-09,18.8,18.8,18.8,18.8,16.0534,0.0,0.0,1.0
2016-02-10,18.84,18.84,18.84,18.84,16.0875,0.0,0.0,1.0
2016-02-11,18.34,18.34,18.34,18.34,15.7639,0.0,0.121,1.0
2016-02-12,18.49,18.49,18.49,18.49,15.8928,0.0,0.0,1.0
2016-02-16,18.82,18.82,18.82,18.82,16.1765,0.0,0.0,1.0
2016-02-17,19.0,19.0,19.0,19.0,16.3312,0.0,0.0,1.0
2016-02-18,19.13,19.13,19.13,19.13,16.4429,0.0,0.0,1.0
2016-02-19,19.03,19.03,19.03,19.03,16.357,0.0,0.0,1.0
2016-02-22,19.33,19.33,19.33,19.33,16.6148,0.0,0.0,1.0
2016-02-23,19.16,19.16,19.16,19.16,16.4687,0.0,0.0,1.0
2016-02-24,19.24,19.24,19.24,19.24,16.5375,0.0,0.0,1.0
2016-02-25,19.39,19.39,19.39,19.39,16.6664,0.0,0.0,1.0
2016-02-26,19.13,19.13,19.13,19.13,16.4429,0.0,0.0,1.0
2016-02-29,19.23,19.23,19.23,19.23,16.5289,0.0,0.0,1.0
2016-03-01,19.34,19.34,19.34,19.34,16.6234,0.0,0.0,1.0
2016-03-02,19.47,19.47,19.47,19.47,16.7352,0.0,0.0,1.0
2016-03-03,19.62,19.62,19.62,19.62,16.8641,0.0,0.0,1.0
2016-03-04,19.71,19.71,19.71,19.71,16.9415,0.0,0.0,1.0
2016-03-07,19.81,19.81,19.81,19.81,17.0274,0.0,0.0,1.0
2016-03-08,19.68,19.68,19.68,19.68,16.9157,0.0,0.0,1.0
2016-03-09,19.78,19.78,19.78,19.78,17.0016,0.0,0.0,1.0
2016-03-10,19.86,19.86,19.86,19.86,17.0704,0.0,0.0,1.0
2016-03-11,20.07,20.07,20.07,20.07,17.3549,0.0,0.121,1.0
2016-03-14,19.91,19.91,19.91,19.91,17.2165,0.0,0.0,1.0
2016-03-15,19.87,19.87,19.87,19.87,17.182,0.0,0.0,1.0
2016-03-16,20.12,20.12,20.12,20.12,17.3981,0.0,0.0,1.0
2016-03-17,20.32,20.32,20.32,20.32,17.5711,0.0,0.0,1.0
2016-03-18,20.23,20.23,20.23,20.23,17.4933,0.0,0.0,1.0
2016-03-21,20.14,20.14,20.14,20.14,17.4154,0.0,0.0,1.0
2016-03-22,20.16,20.16,20.16,20.16,17.4327,0.0,0.0,1.0
2016-03-23,20.05,20.05,20.05,20.05,17.3376,0.0,0.0,1.0
2016-03-24,20.1,20.1,20.1,20.1,17.3808,0.0,0.0,1.0
2016-03-28,20.09,20.09,20.09,20.09,17.3722,0.0,0.0,1.0
2016-03-29,20.3,20.3,20.3,20.3,17.5538,0.0,0.0,1.0
2016-03-30,20.4,20.4,20.4,20.4,17.6403,0.0,0.0,1.0
2016-03-31,20.48,20.48,20.48,20.48,17.7094,0.0,0.0,1.0
2016-04-01,20.42,20.42,20.42,20.42,17.6576,0.0,0.0,1.0
2016-04-04,20.33,20.33,20.33,20.33,17.5797,0.0,0.0,1.0
2016-04-05,20.04,20.04,20.04,20.04,17.329,0.0,0.0,1.0
2016-04-06,20.17,20.17,20.17,20.17,17.4414,0.0,0.0,1.0
2016-04-07,20.08,20.08,20.08,20.08,17.3636,0.0,0.0,1.0
2016-04-08,20.27,20.27,20.27,20.27,17.5278,0.0,0.0,1.0
2016-04-11,20.25,20.25,20.25,20.25,17.5106,0.0,0.0,1.0
2016-04-12,20.42,20.42,20.42,20.42,17.6576,0.0,0.0,1.0
2016-04-13,20.23,20.23,20.23,20.23,17.5979,0.0,0.121,1.0
2016-04-14,20.19,20.19,20.19,20.19,17.5631,0.0,0.0,1.0
2016-04-15,20.18,20.18,20.18,20.18,17.5544,0.0,0.0,1.0
2016-04-18,20.37,20.37,20.37,20.37,17.7197,0.0,0.0,1.0
2016-04-19,20.51,20.51,20.51,20.51,17.8415,0.0,0.0,1.0
2016-04-20,20.28,20.28,20.28,20.28,17.6414,0.0,0.0,1.0
2016-04-21,20.02,20.02,20.02,20.02,17.4152,0.0,0.0,1.0
2016-04-22,20.19,20.19,20.19,20.19,17.5631,0.0,0.0,1.0
2016-04-25,20.22,20.22,20.22,20.22,17.5892,0.0,0.0,1.0
2016-04-26,20.29,20.29,20.29,20.29,17.6501,0.0,0.0,1.0
2016-04-27,20.49,20.49,20.49,20.49,17.8241,0.0,0.0,1.0
2016-04-28,20.49,20.49,20.49,20.49,17.8241,0.0,0.0,1.0
2016-04-29,20.58,20.58,20.58,20.58,17.9024,0.0,0.0,1.0
2016-05-02,20.68,20.68,20.68,20.68,17.9893,0.0,0.0,1.0
2016-05-03,20.51,20.51,20.51,20.51,17.8415,0.0,0.0,1.0
2016-05-04,20.58,20.58,20.58,20.58,17.9024,0.0,0.0,1.0
2016-05-05,20.54,20.54,20.54,20.54,17.8676,0.0,0.0,1.0
2016-05-06,20.5,20.5,20.5,20.5,17.8328,0.0,0.0,1.0
2016-05-09,20.46,20.46,20.46,20.46,17.798,0.0,0.0,1.0
2016-05-10,20.56,20.56,20.56,20.56,17.885,0.0,0.0,1.0
2016-05-11,20.57,20.57,20.57,20.57,17.8937,0.0,0.0,1.0
2016-05-12,20.48,20.48,20.48,20.48,17.9206,0.0,0.121,1.0
2016-05-13,20.39,20.39,20.39,20.39,17.8419,0.0,0.0,1.0
2016-05-16,20.49,20.49,20.49,20.49,17.9294,0.0,0.0,1.0
2016-05-17,20.34,20.34,20.34,20.34,17.7981,0.0,0.0,1.0
2016-05-18,20.08,20.08,20.08,20.08,17.5706,0.0,0.0,1.0
2016-05-20,20.26,20.26,20.26,20.26,17.7281,0.0,0.0,1.0
2016-05-23,20.14,20.14,20.14,20.14,17.6231,0.0,0.0,1.0
2016-05-24,20.27,20.27,20.27,20.27,17.7369,0.0,0.0,1.0
2016-05-25,20.25,20.25,20.25,20.25,17.7194,0.0,0.0,1.0
2016-05-26,20.35,20.35,20.35,20.35,17.8069,0.0,0.0,1.0
2016-05-27,20.39,20.39,20.39,20.39,17.8419,0.0,0.0,1.0
2016-05-31,20.44,20.44,20.44,20.44,17.8856,0.0,0.0,1.0
2016-06-01,20.54,20.54,20.54,20.54,17.9731,0.0,0.0,1.0
2016-06-02,20.55,20.55,20.55,20.55,17.9819,0.0,0.0,1.0
2016-06-03,20.74,20.74,20.74,20.74,18.1481,0.0,0.0,1.0
2016-06-06,20.78,20.78,20.78,20.78,18.1831,0.0,0.0,1.0
2016-06-07,20.83,20.83,20.83,20.83,18.2269,0.0,0.0,1.0
2016-06-08,20.88,20.88,20.88,20.88,18.2706,0.0,0.0,1.0
2016-06-09,20.88,20.88,20.88,20.88,18.2706,0.0,0.0,1.0
2016-06-10,20.66,20.66,20.66,20.66,18.0781,0.0,0.0,1.0
2016-06-13,20.43,20.43,20.43,20.43,17.9827,0.0,0.121,1.0
2016-06-14,20.35,20.35,20.35,20.35,17.9123,0.0,0.0,1.0
2016-06-15,20.32,20.32,20.32,20.32,17.8859,0.0,0.0,1.0
2016-06-16,20.41,20.41,20.41,20.41,17.9651,0.0,0.0,1.0
2016-06-17,20.48,20.48,20.48,20.48,18.0268,0.0,0.0,1.0
2016-06-20,20.61,20.61,20.61,20.61,18.1412,0.0,0.0,1.0
2016-06-21,20.68,20.68,20.68,20.68,18.2028,0.0,0.0,1.0
2016-06-22,20.63,20.63,20.63,20.63,18.1588,0.0,0.0,1.0
2016-06-23,20.88,20.88,20.88,20.88,18.3788,0.0,0.0,1.0
2016-06-24,20.33,20.33,20.33,20.33,17.8947,0.0,0.0,1.0
2016-06-27,20.23,20.23,20.23,20.23,17.8067,0.0,0.0,1.0
2016-06-28,20.54,20.54,20.54,20.54,18.0796,0.0,0.0,1.0
2016-06-29,20.75,20.75,20.75,20.75,18.2644,0.0,0.0,1.0
2016-06-30,21.07,21.07,21.07,21.07,18.5461,0.0,0.0,1.0
2016-07-01,21.08,21.08,21.08,21.08,18.5549,0.0,0.0,1.0
2016-07-05,21.01,21.01,21.01,21.01,18.4933,0.0,0.0,1.0
2016-07-06,21.01,21.01,21.01,21.01,18.4933,0.0,0.0,1.0
2016-07-07,20.8,20.8,20.8,20.8,18.3084,0.0,0.0,1.0
2016-07-08,20.99,20.99,20.99,20.99,18.4757,0.0,0.0,1.0
2016-07-11,21.04,21.04,21.04,21.04,18.5197,0.0,0.0,1.0
2016-07-12,21.03,21.03,21.03,21.03,18.5109,0.0,0.0,1.0
2016-07-13,20.9,20.9,20.9,20.9,18.503,0.0,0.121,1.0
2016-07-14,20.89,20.89,20.89,20.89,18.4941,0.0,0.0,1.0
2016-07-15,20.9,20.9,20.9,20.9,18.503,0.0,0.0,1.0
2016-07-18,20.92,20.92,20.92,20.92,18.5207,0.0,0.0,1.0
2016-07-19,20.9,20.9,20.9,20.9,18.503,0.0,0.0,1.0
2016-07-20,20.91,20.91,20.91,20.91,18.5118,0.0,0.0,1.0
2016-07-21,20.92,20.92,20.92,20.92,18.5207,0.0,0.0,1.0
2016-07-22,21.03,21.03,21.03,21.03,18.618,0.0,0.0,1.0
2016-07-25,21.02,21.02,21.02,21.02,18.6092,0.0,0.0,1.0
2016-07-26,20.93,20.93,20.93,20.93,18.5295,0.0,0.0,1.0
2016-07-27,20.83,20.83,20.83,20.83,18.441,0.0,0.0,1.0
2016-07-28,20.89,20.89,20.89,20.89,18.4941,0.0,0.0,1.0
2016-07-29,21.07,21.07,21.07,21.07,18.6535,0.0,0.0,1.0
2016-08-01,20.94,20.94,20.94,20.94,18.5384,0.0,0.0,1.0
2016-08-02,20.87,20.87,20.87,20.87,18.4764,0.0,0.0,1.0
2016-08-03,20.82,20.82,20.82,20.82,18.4321,0.0,0.0,1.0
2016-08-04,20.79,20.79,20.79,20.79,18.4056,0.0,0.0,1.0
2016-08-05,20.65,20.65,20.65,20.65,18.2816,0.0,0.0,1.0
2016-08-08,20.66,20.66,20.66,20.66,18.2905,0.0,0.0,1.0
2016-08-09,20.65,20.65,20.65,20.65,18.2816,0.0,0.0,1.0
2016-08-10,20.63,20.63,20.63,20.63,18.2639,0.0,0.0,1.0
2016-08-11,20.59,20.59,20.59,20.59,18.3356,0.0,0.121,1.0
2016-08-12,20.63,20.63,20.63,20.63,18.3712,0.0,0.0,1.0
2016-08-15,20.53,20.53,20.53,20.53,18.2822,0.0,0.0,1.0
2016-08-16,20.37,20.37,20.37,20.37,18.1397,0.0,0.0,1.0
2016-08-17,20.49,20.49,20.49,20.49,18.2466,0.0,0.0,1.0
2016-08-18,20.66,20.66,20.66,20.66,18.398,0.0,0.0,1.0
2016-08-19,20.45,20.45,20.45,20.45,18.211,0.0,0.0,1.0
2016-08-22,20.47,20.47,20.47,20.47,18.2288,0.0,0.0,1.0
2016-08-23,20.46,20.46,20.46,20.46,18.2199,0.0,0.0,1.0
2016-08-24,20.43,20.43,20.43,20.43,18.1931,0.0,0.0,1.0
2016-08-25,20.44,20.44,20.44,20.44,18.2021,0.0,0.0,1.0
2016-08-26,20.19,20.19,20.19,20.19,17.9794,0.0,0.0,1.0
2016-08-29,20.28,20.28,20.28,20.28,18.0596,0.0,0.0,1.0
2016-08-30,20.14,20.14,20.14,20.14,17.9349,0.0,0.0,1.0
2016-08-31,20.14,20.14,20.14,20.14,17.9349,0.0,0.0,1.0
2016-09-01,20.15,20.15,20.15,20.15,17.9438,0.0,0.0,1.0
2016-09-02,20.35,20.35,20.35,20.35,18.1219,0.0,0.0,1.0
2016-09-06,20.56,20.56,20.56,20.56,18.3089,0.0,0.0,1.0
2016-09-07,20.6,20.6,20.6,20.6,18.3445,0.0,0.0,1.0
2016-09-08,20.65,20.65,20.65,20.65,18.3891,0.0,0.0,1.0
2016-09-09,20.0,20.0,20.0,20.0,17.8102,0.0,0.0,1.0
2016-09-12,20.16,20.16,20.16,20.16,17.9527,0.0,0.0,1.0
2016-09-13,19.69,19.69,19.69,19.69,17.6419,0.0,0.121,1.0
2016-09-14,19.76,19.76,19.76,19.76,17.7046,0.0,0.0,1.0
2016-09-15,19.84,19.84,19.84,19.84,17.7763,0.0,0.0,1.0
2016-09-16,19.85,19.85,19.85,19.85,17.7853,0.0,0.0,1.0
2016-09-19,20.05,20.05,20.05,20.05,17.9645,0.0,0.0,1.0
2016-09-20,20.0,20.0,20.0,20.0,17.9197,0.0,0.0,1.0
2016-09-21,20.33,20.33,20.33,20.33,18.2154,0.0,0.0,1.0
2016-09-22,20.49,20.49,20.49,20.49,18.3587,0.0,0.0,1.0
2016-09-23,20.43,20.43,20.43,20.43,18.3049,0.0,0.0,1.0
2016-09-26,20.4,20.4,20.4,20.4,18.2781,0.0,0.0,1.0
2016-09-27,20.28,20.28,20.28,20.28,18.1706,0.0,0.0,1.0
2016-09-28,20.34,20.34,20.34,20.34,18.2243,0.0,0.0,1.0
2016-09-29,20.14,20.14,20.14,20.14,18.0451,0.0,0.0,1.0
2016-09-30,20.18,20.18,20.18,20.18,18.081,0.0,0.0,1.0
2016-10-03,19.97,19.97,19.97,19.97,17.8928,0.0,0.0,1.0
2016-10-04,19.67,19.67,19.67,19.67,17.624,0.0,0.0,1.0
2016-10-05,19.59,19.59,19.59,19.59,17.5523,0.0,0.0,1.0
2016-10-06,19.5,19.5,19.5,19.5,17.4717,0.0,0.0,1.0
2016-10-07,19.45,19.45,19.45,19.45,17.4269,0.0,0.0,1.0
2016-10-10,19.59,19.59,19.59,19.59,17.5523,0.0,0.0,1.0
2016-10-11,19.39,19.39,19.39,19.39,17.3731,0.0,0.0,1.0
2016-10-12,19.38,19.38,19.38,19.38,17.4726,0.0,0.121,1.0
2016-10-13,19.51,19.51,19.51,19.51,17.5898,0.0,0.0,1.0
2016-10-14,19.47,19.47,19.47,19.47,17.5537,0.0,0.0,1.0
2016-10-17,19.5,19.5,19.5,19.5,17.5808,0.0,0.0,1.0
2016-10-18,19.67,19.67,19.67,19.67,17.734,0.0,0.0,1.0
2016-10-19,19.69,19.69,19.69,19.69,17.7521,0.0,0.0,1.0
2016-10-20,19.66,19.66,19.66,19.66,17.725,0.0,0.0,1.0
2016-10-21,19.62,19.62,19.62,19.62,17.689,0.0,0.0,1.0
2016-10-24,19.66,19.66,19.66,19.66,17.725,0.0,0.0,1.0
2016-10-25,19.67,19.67,19.67,19.67,17.734,0.0,0.0,1.0
2016-10-26,19.66,19.66,19.66,19.66,17.725,0.0,0.0,1.0
2016-10-27,19.55,19.55,19.55,19.55,17.6258,0.0,0.0,1.0
2016-10-28,19.53,19.53,19.53,19.53,17.6078,0.0,0.0,1.0
2016-10-31,19.7,19.7,19.7,19.7,17.7611,0.0,0.0,1.0
2016-11-01,19.49,19.49,19.49,19.49,17.5718,0.0,0.0,1.0
2016-11-02,19.29,19.29,19.29,19.29,17.3914,0.0,0.0,1.0
2016-11-03,19.29,19.29,19.29,19.29,17.3914,0.0,0.0,1.0
2016-11-04,19.19,19.19,19.19,19.19,17.3013,0.0,0.0,1.0
2016-11-07,19.45,19.45,19.45,19.45,17.5357,0.0,0.0,1.0
2016-11-08,19.52,19.52,19.52,19.52,17.5988,0.0,0.0,1.0
2016-11-09,19.13,19.13,19.13,19.13,17.2472,0.0,0.0,1.0
2016-11-10,18.61,18.61,18.61,18.61,16.8875,0.0,0.121,1.0
2016-11-11,18.5,18.5,18.5,18.5,16.7876,0.0,0.0,1.0
2016-11-14,18.43,18.43,18.43,18.43,16.7241,0.0,0.0,1.0
2016-11-15,18.68,18.68,18.68,18.68,16.951,0.0,0.0,1.0
2016-11-16,18.56,18.56,18.56,18.56,16.8421,0.0,0.0,1.0
2016-11-17,18.6,18.6,18.6,18.6,16.8784,0.0,0.0,1.0
2016-11-18,18.54,18.54,18.54,18.54,16.8239,0.0,0.0,1.0
2016-11-21,18.71,18.71,18.71,18.71,16.9782,0.0,0.0,1.0
2016-11-22,18.82,18.82,18.82,18.82,17.078,0.0,0.0,1.0
2016-11-23,18.73,18.73,18.73,18.73,16.9963,0.0,0.0,1.0
2016-11-25,18.88,18.88,18.88,18.88,17.1325,0.0,0.0,1.0
2016-11-28,18.97,18.97,18.97,18.97,17.2141,0.0,0.0,1.0
2016-11-29,19.02,19.02,19.02,19.02,17.2595,0.0,0.0,1.0
2016-11-30,18.82,18.82,18.82,18.82,17.078,0.0,0.0,1.0
2016-12-01,18.66,18.66,18.66,18.66,16.9328,0.0,0.0,1.0
2016-12-02,18.77,18.77,18.77,18.77,17.0326,0.0,0.0,1.0
2016-12-05,18.81,18.81,18.81,18.81,17.0689,0.0,0.0,1.0
2016-12-06,18.86,18.86,18.86,18.86,17.1143,0.0,0.0,1.0
2016-12-07,19.07,19.07,19.07,19.07,17.3049,0.0,0.0,1.0
2016-12-08,19.05,19.05,19.05,19.05,17.2867,0.0,0.0,1.0
2016-12-09,19.14,19.14,19.14,19.14,17.3684,0.0,0.0,1.0
2016-12-12,19.26,19.26,19.26,19.26,17.4773,0.0,0.0,1.0
2016-12-13,19.42,19.42,19.42,19.42,17.6225,0.0,0.0,1.0
2016-12-14,19.09,19.09,19.09,19.09,17.323,0.0,0.0,1.0
2016-12-15,19.07,19.07,19.07,19.07,17.4147,0.0,0.121,1.0
2016-12-16,19.2,19.2,19.2,19.2,17.5334,0.0,0.0,1.0
2016-12-19,19.29,19.29,19.29,19.29,17.6156,0.0,0.0,1.0
2016-12-20,19.32,19.32,19.32,19.32,17.643,0.0,0.0,1.0
2016-12-21,19.31,19.31,19.31,19.31,17.6338,0.0,0.0,1.0
2016-12-22,19.35,19.35,19.35,19.35,17.6704,0.0,0.0,1.0
2016-12-23,19.39,19.39,19.39,19.39,17.7069,0.0,0.0,1.0
2016-12-27,19.42,19.42,19.42,19.42,17.7343,0.0,0.0,1.0
2016-12-28,19.29,19.29,19.29,19.29,17.6156,0.0,0.0,1.0
2016-12-29,19.45,19.45,19.45,19.45,17.7617,0.0,0.0,1.0
2016-12-30,19.42,19.42,19.42,19.42,17.7343,0.0,0.0,1.0
2017-01-03,19.46,19.46,19.46,19.46,17.7708,0.0,0.0,1.0
2017-01-04,19.53,19.53,19.53,19.53,17.8347,0.0,0.0,1.0
2017-01-05,19.62,19.62,19.62,19.62,17.9169,0.0,0.0,1.0
2017-01-06,19.65,19.65,19.65,19.65,17.9443,0.0,0.0,1.0
2017-01-09,19.53,19.53,19.53,19.53,17.8347,0.0,0.0,1.0
2017-01-10,19.46,19.46,19.46,19.46,17.7708,0.0,0.0,1.0
2017-01-11,19.47,19.47,19.47,19.47,17.8905,0.0,0.121,1.0
2017-01-12,19.47,19.47,19.47,19.47,17.8905,0.0,0.0,1.0
2017-01-13,19.49,19.49,19.49,19.49,17.9088,0.0,0.0,1.0
2017-01-17,19.62,19.62,19.62,19.62,18.0283,0.0,0.0,1.0
2017-01-18,19.59,19.59,19.59,19.59,18.0007,0.0,0.0,1.0
2017-01-19,19.5,19.5,19.5,19.5,17.918,0.0,0.0,1.0
2017-01-20,19.58,19.58,19.58,19.58,17.9915,0.0,0.0,1.0
2017-01-23,19.56,19.56,19.56,19.56,17.9732,0.0,0.0,1.0
2017-01-24,19.65,19.65,19.65,19.65,18.0559,0.0,0.0,1.0
2017-01-25,19.65,19.65,19.65,19.65,18.0559,0.0,0.0,1.0
2017-01-26,19.65,19.65,19.65,19.65,18.0559,0.0,0.0,1.0
2017-01-27,19.62,19.62,19.62,19.62,18.0283,0.0,0.0,1.0
2017-01-30,19.53,19.53,19.53,19.53,17.9456,0.0,0.0,1.0
2017-01-31,19.73,19.73,19.73,19.73,18.1294,0.0,0.0,1.0
2017-02-01,19.63,19.63,19.63,19.63,18.0375,0.0,0.0,1.0
2017-02-02,19.75,19.75,19.75,19.75,18.1477,0.0,0.0,1.0
2017-02-03,19.85,19.85,19.85,19.85,18.2396,0.0,0.0,1.0
2017-02-06,19.76,19.76,19.76,19.76,18.1569,0.0,0.0,1.0
2017-02-07,19.78,19.78,19.78,19.78,18.1753,0.0,0.0,1.0
2017-02-08,19.93,19.93,19.93,19.93,18.3131,0.0,0.0,1.0
2017-02-09,19.9,19.9,19.9,19.9,18.2856,0.0,0.0,1.0
2017-02-10,19.98,19.98,19.98,19.98,18.3591,0.0,0.0,1.0
2017-02-13,19.9,19.9,19.9,19.9,18.3968,0.0,0.121,1.0
2017-02-14,19.89,19.89,19.89,19.89,18.3875,0.0,0.0,1.0
2017-02-15,19.87,19.87,19.87,19.87,18.369,0.0,0.0,1.0
2017-02-16,19.95,19.95,19.95,19.95,18.443,0.0,0.0,1.0
2017-02-17,19.91,19.91,19.91,19.91,18.406,0.0,0.0,1.0
2017-02-21,20.02,20.02,20.02,20.02,18.5077,0.0,0.0,1.0
2017-02-22,19.98,19.98,19.98,19.98,18.4707,0.0,0.0,1.0
2017-02-23,20.04,20.04,20.04,20.04,18.5262,0.0,0.0,1.0
2017-02-24,20.13,20.13,20.13,20.13,18.6094,0.0,0.0,1.0
2017-02-27,20.11,20.11,20.11,20.11,18.5909,0.0,0.0,1.0
2017-02-28,20.22,20.22,20.22,20.22,18.6926,0.0,0.0,1.0
2017-03-01,20.21,20.21,20.21,20.21,18.6833,0.0,0.0,1.0
2017-03-02,20.23,20.23,20.23,20.23,18.7018,0.0,0.0,1.0
2017-03-03,20.26,20.26,20.26,20.26,18.7296,0.0,0.0,1.0
2017-03-06,20.23,20.23,20.23,20.23,18.7018,0.0,0.0,1.0
2017-03-07,20.21,20.21,20.21,20.21,18.6833,0.0,0.0,1.0
2017-03-08,19.98,19.98,19.98,19.98,18.4707,0.0,0.0,1.0
2017-03-09,19.98,19.98,19.98,19.98,18.4707,0.0,0.0,1.0
2017-03-10,20.1,20.1,20.1,20.1,18.5816,0.0,0.0,1.0
2017-03-13,20.01,20.01,20.01,20.01,18.6103,0.0,0.121,1.0
2017-03-14,19.92,19.92,19.92,19.92,18.5266,0.0,0.0,1.0
2017-03-15,20.21,20.21,20.21,20.21,18.7963,0.0,0.0,1.0
2017-03-16,20.2,20.2,20.2,20.2,18.787,0.0,0.0,1.0
2017-03-17,20.25,20.25,20.25,20.25,18.8335,0.0,0.0,1.0
2017-03-20,20.2,20.2,20.2,20.2,18.787,0.0,0.0,1.0
2017-03-21,20.31,20.31,20.31,20.31,18.8893,0.0,0.0,1.0
2017-03-22,20.34,20.34,20.34,20.34,18.9172,0.0,0.0,1.0
2017-03-23,20.36,20.36,20.36,20.36,18.9358,0.0,0.0,1.0
2017-03-24,20.44,20.44,20.44,20.44,19.0102,0.0,0.0,1.0
2017-03-27,20.42,20.42,20.42,20.42,18.9916,0.0,0.0,1.0
2017-03-28,20.47,20.47,20.47,20.47,19.0381,0.0,0.0,1.0
2017-03-29,20.45,20.45,20.45,20.45,19.0195,0.0,0.0,1.0
2017-03-30,20.38,20.38,20.38,20.38,18.9544,0.0,0.0,1.0
2017-03-31,20.46,20.46,20.46,20.46,19.0288,0.0,0.0,1.0
2017-04-03,20.4379,20.4379,20.4379,20.4379,19.0083,0.0,0.0,1.0
2017-04-04,20.4795,20.4795,20.4795,20.4795,19.047,0.0,0.0,1.0
2017-04-05,20.49,20.49,20.49,20.49,19.0567,0.0,0.0,1.0
2017-04-06,20.4673,20.4673,20.4673,20.4673,19.0356,0.0,0.0,1.0
2017-04-07,20.5051,20.5051,20.5051,20.5051,19.0708,0.0,0.0,1.0
2017-04-10,20.5,20.5,20.5,20.5,19.066,0.0,0.0,1.0
2017-04-11,20.39,20.39,20.39,20.39,19.0763,0.0,0.121,1.0
2017-04-12,20.46,20.46,20.46,20.46,19.1417,0.0,0.0,1.0
2017-04-13,20.3831,20.3831,20.3831,20.3831,19.0698,0.0,0.0,1.0
2017-04-17,20.45,20.45,20.45,20.45,19.1324,0.0,0.0,1.0
2017-04-18,20.46,20.46,20.46,20.46,19.1417,0.0,0.0,1.0
2017-04-19,20.32,20.32,20.32,20.32,19.0108,0.0,0.0,1.0
2017-04-20,20.3655,20.3655,20.3655,20.3655,19.0533,0.0,0.0,1.0
2017-04-21,20.28,20.28,20.28,20.28,18.9733,0.0,0.0,1.0
2017-04-24,20.59,20.59,20.59,20.59,19.2634,0.0,0.0,1.0
2017-04-25,20.6,20.6,20.6,20.6,19.2727,0.0,0.0,1.0
2017-04-26,20.55,20.55,20.55,20.55,19.226,0.0,0.0,1.0
2017-04-27,20.58,20.58,20.58,20.58,19.254,0.0,0.0,1.0
2017-04-28,20.56,20.56,20.56,20.56,19.2353,0.0,0.0,1.0
2017-05-01,20.54,20.54,20.54,20.54,19.2166,0.0,0.0,1.0
2017-05-02,20.63,20.63,20.63,20.63,19.3008,0.0,0.0,1.0
2017-05-03,20.49,20.49,20.49,20.49,19.1698,0.0,0.0,1.0
2017-05-04,20.5,20.5,20.5,20.5,19.1792,0.0,0.0,1.0
2017-05-05,20.68,20.68,20.68,20.68,19.3476,0.0,0.0,1.0
2017-05-08,20.65,20.65,20.65,20.65,19.3195,0.0,0.0,1.0
2017-05-09,20.48,20.48,20.48,20.48,19.1605,0.0,0.0,1.0
2017-05-10,20.56,20.56,20.56,20.56,19.2353,0.0,0.0,1.0
2017-05-11,20.42,20.42,20.42,20.42,19.2175,0.0,0.121,1.0
2017-05-12,20.5,20.5,20.5,20.5,19.2928,0.0,0.0,1.0
2017-05-15,20.6243,20.6243,20.6243,20.6243,19.4098,0.0,0.0,1.0
2017-05-16,20.6728,20.6728,20.6728,20.6728,19.4554,0.0,0.0,1.0
2017-05-17,20.4965,20.4965,20.4965,20.4965,19.2895,0.0,0.0,1.0
2017-05-18,20.5556,20.5556,20.5556,20.5556,19.3451,0.0,0.0,1.0
2017-05-19,20.7216,20.7216,20.7216,20.7216,19.5014,0.0,0.0,1.0
2017-05-22,20.9198,20.9198,20.9198,20.9198,19.6879,0.0,0.0,1.0
2017-05-23,20.9477,20.9477,20.9477,20.9477,19.7142,0.0,0.0,1.0
2017-05-24,21.02,21.02,21.02,21.02,19.7822,0.0,0.0,1.0
2017-05-25,21.122,21.122,21.122,21.122,19.8782,0.0,0.0,1.0
2017-05-26,21.0479,21.0479,21.0479,21.0479,19.8085,0.0,0.0,1.0
2017-05-30,21.0301,21.0301,21.0301,21.0301,19.7917,0.0,0.0,1.0
2017-05-31,21.05,21.05,21.05,21.05,19.8104,0.0,0.0,1.0
2017-06-01,21.2025,21.2025,21.2025,21.2025,19.954,0.0,0.0,1.0
2017-06-02,21.3192,21.3192,21.3192,21.3192,20.0638,0.0,0.0,1.0
2017-06-05,21.1901,21.1901,21.1901,21.1901,19.9423,0.0,0.0,1.0
2017-06-06,21.1227,21.1227,21.1227,21.1227,19.8789,0.0,0.0,1.0
2017-06-07,21.1929,21.1929,21.1929,21.1929,19.9449,0.0,0.0,1.0
2017-06-08,21.0418,21.0418,21.0418,21.0418,19.8027,0.0,0.0,1.0
2017-06-09,21.0165,21.0165,21.0165,21.0165,19.7789,0.0,0.0,1.0
2017-06-12,20.978,20.978,20.978,20.978,19.7427,0.0,0.0,1.0
2017-06-13,20.9455,20.9455,20.9455,20.9455,19.826,0.0,0.121,1.0
2017-06-14,20.93,20.93,20.93,20.93,19.8113,0.0,0.0,1.0
2017-06-15,20.87,20.87,20.87,20.87,19.7545,0.0,0.0,1.0
2017-06-16,21.02,21.02,21.02,21.02,19.8965,0.0,0.0,1.0
2017-06-19,20.94,20.94,20.94,20.94,19.8208,0.0,0.0,1.0
2017-06-20,20.79,20.79,20.79,20.79,19.6788,0.0,0.0,1.0
2017-06-21,20.7121,20.7121,20.7121,20.7121,19.605,0.0,0.0,1.0
2017-06-22,20.7333,20.7333,20.7333,20.7333,19.6251,0.0,0.0,1.0
2017-06-23,20.805,20.805,20.805,20.805,19.693,0.0,0.0,1.0
2017-06-26,21.01,21.01,21.01,21.01,19.887,0.0,0.0,1.0
2017-06-27,20.87,20.87,20.87,20.87,19.7545,0.0,0.0,1.0
2017-06-28,20.85,20.85,20.85,20.85,19.7356,0.0,0.0,1.0
2017-06-29,20.72,20.72,20.72,20.72,19.6125,0.0,0.0,1.0
2017-06-30,20.71,20.71,20.71,20.71,19.603,0.0,0.0,1.0
2017-07-03,20.7027,20.7027,20.7027,20.7027,19.5961,0.0,0.0,1.0
2017-07-05,20.6267,20.6267,20.6267,20.6267,19.5242,0.0,0.0,1.0
2017-07-06,20.53,20.53,20.53,20.53,19.4327,0.0,0.0,1.0
2017-07-07,20.56,20.56,20.56,20.56,19.4611,0.0,0.0,1.0
2017-07-10,20.54,20.54,20.54,20.54,19.4421,0.0,0.0,1.0
2017-07-11,20.54,20.54,20.54,20.54,19.4421,0.0,0.0,1.0
2017-07-12,20.57,20.57,20.57,20.57,19.5851,0.0,0.121,1.0
2017-07-13,20.58,20.58,20.58,20.58,19.5946,0.0,0.0,1.0
2017-07-14,20.76,20.76,20.76,20.76,19.766,0.0,0.0,1.0
2017-07-17,20.77,20.77,20.77,20.77,19.7755,0.0,0.0,1.0
2017-07-18,20.87,20.87,20.87,20.87,19.8707,0.0,0.0,1.0
2017-07-19,20.93,20.93,20.93,20.93,19.9278,0.0,0.0,1.0
2017-07-20,21.04,21.04,21.04,21.04,20.0326,0.0,0.0,1.0
2017-07-21,21.07,21.07,21.07,21.07,20.0611,0.0,0.0,1.0
2017-07-24,20.98,20.98,20.98,20.98,19.9754,0.0,0.0,1.0
2017-07-25,20.96,20.96,20.96,20.96,19.9564,0.0,0.0,1.0
2017-07-26,21.0201,21.0201,21.0201,21.0201,20.0136,0.0,0.0,1.0
2017-07-27,21.1393,21.1393,21.1393,21.1393,20.1271,0.0,0.0,1.0
2017-07-28,21.0533,21.0533,21.0533,21.0533,20.0452,0.0,0.0,1.0
2017-07-31,21.18,21.18,21.18,21.18,20.1659,0.0,0.0,1.0
2017-08-01,21.25,21.25,21.25,21.25,20.2325,0.0,0.0,1.0
2017-08-02,21.31,21.31,21.31,21.31,20.2896,0.0,0.0,1.0
2017-08-03,21.36,21.36,21.36,21.36,20.3372,0.0,0.0,1.0
2017-08-04,21.32,21.32,21.32,21.32,20.2992,0.0,0.0,1.0
2017-08-07,21.3668,21.3668,21.3668,21.3668,20.3437,0.0,0.0,1.0
2017-08-08,21.18,21.18,21.18,21.18,20.1659,0.0,0.0,1.0
2017-08-09,21.17,21.17,21.17,21.17,20.1563,0.0,0.0,1.0
2017-08-10,21.12,21.12,21.12,21.12,20.1087,0.0,0.0,1.0
2017-08-11,20.9333,20.9333,20.9333,20.9333,20.0462,0.0,0.121,1.0
2017-08-14,21.08,21.08,21.08,21.08,20.1867,0.0,0.0,1.0
2017-08-15,21.05,21.05,21.05,21.05,20.1579,0.0,0.0,1.0
2017-08-16,21.14,21.14,21.14,21.14,20.2441,0.0,0.0,1.0
2017-08-17,21.01,21.01,21.01,21.01,20.1196,0.0,0.0,1.0
2017-08-18,21.11,21.11,21.11,21.11,20.2154,0.0,0.0,1.0
2017-08-21,21.14,21.14,21.14,21.14,20.2441,0.0,0.0,1.0
2017-08-22,21.22,21.22,21.22,21.22,20.3207,0.0,0.0,1.0
2017-08-23,21.29,21.29,21.29,21.29,20.3878,0.0,0.0,1.0
2017-08-24,21.2848,21.2848,21.2848,21.2848,20.3828,0.0,0.0,1.0
2017-08-25,21.4001,21.4001,21.4001,21.4001,20.4932,0.0,0.0,1.0
2017-08-28,21.42,21.42,21.42,21.42,20.5122,0.0,0.0,1.0
2017-08-30,21.3627,21.3627,21.3627,21.3627,20.4574,0.0,0.0,1.0
2017-08-31,21.48,21.48,21.48,21.48,20.5697,0.0,0.0,1.0
2017-09-01,21.46,21.46,21.46,21.46,20.5506,0.0,0.0,1.0
2017-09-05,21.46,21.46,21.46,21.46,20.5506,0.0,0.0,1.0
2017-09-06,21.44,21.44,21.44,21.44,20.5314,0.0,0.0,1.0
2017-09-07,21.56,21.56,21.56,21.56,20.6463,0.0,0.0,1.0
2017-09-08,21.59,21.59,21.59,21.59,20.675,0.0,0.0,1.0
2017-09-11,21.73,21.73,21.73,21.73,20.8091,0.0,0.0,1.0
2017-09-12,21.56,21.56,21.56,21.56,20.6463,0.0,0.0,1.0
2017-09-13,21.46,21.46,21.46,21.46,20.5506,0.0,0.0,1.0
2017-09-14,21.44,21.44,21.44,21.44,20.6473,0.0,0.121,1.0
2017-09-15,21.44,21.44,21.44,21.44,20.6473,0.0,0.0,1.0
2017-09-18,21.34,21.34,21.34,21.34,20.551,0.0,0.0,1.0
2017-09-19,21.34,21.34,21.34,21.34,20.551,0.0,0.0,1.0
2017-09-20,21.21,21.21,21.21,21.21,20.4258,0.0,0.0,1.0
2017-09-21,21.17,21.17,21.17,21.17,20.3873,0.0,0.0,1.0
2017-09-22,21.14,21.14,21.14,21.14,20.3584,0.0,0.0,1.0
2017-09-25,21.22,21.22,21.22,21.22,20.4354,0.0,0.0,1.0
2017-09-26,21.14,21.14,21.14,21.14,20.3584,0.0,0.0,1.0
2017-09-27,21.0675,21.0675,21.0675,21.0675,20.2885,0.0,0.0,1.0
2017-09-28,21.0,21.0,21.0,21.0,20.2235,0.0,0.0,1.0
2017-09-29,21.02,21.02,21.02,21.02,20.2428,0.0,0.0,1.0
2017-10-02,21.0528,21.0528,21.0528,21.0528,20.2744,0.0,0.0,1.0
2017-10-03,20.99,20.99,20.99,20.99,20.2139,0.0,0.0,1.0
2017-10-04,21.03,21.03,21.03,21.03,20.2524,0.0,0.0,1.0
2017-10-05,21.06,21.06,21.06,21.06,20.2813,0.0,0.0,1.0
2017-10-06,21.04,21.04,21.04,21.04,20.2621,0.0,0.0,1.0
2017-10-09,21.1,21.1,21.1,21.1,20.3198,0.0,0.0,1.0
2017-10-10,21.24,21.24,21.24,21.24,20.4547,0.0,0.0,1.0
2017-10-11,21.36,21.36,21.36,21.36,20.5702,0.0,0.0,1.0
2017-10-12,21.42,21.42,21.42,21.42,20.628,0.0,0.0,1.0
2017-10-13,21.3535,21.3535,21.3535,21.3535,20.6805,0.0,0.121,1.0
2017-10-16,21.2,21.2,21.2,21.2,20.5318,0.0,0.0,1.0
2017-10-17,21.22,21.22,21.22,21.22,20.5512,0.0,0.0,1.0
2017-10-18,21.2262,21.2262,21.2262,21.2262,20.5572,0.0,0.0,1.0
2017-10-19,21.33,21.33,21.33,21.33,20.6577,0.0,0.0,1.0
2017-10-20,21.27,21.27,21.27,21.27,20.5996,0.0,0.0,1.0
2017-10-23,21.2166,21.2166,21.2166,21.2166,20.5479,0.0,0.0,1.0
2017-10-24,21.221,21.221,21.221,21.221,20.5522,0.0,0.0,1.0
2017-10-25,21.1227,21.1227,21.1227,21.1227,20.457,0.0,0.0,1.0
2017-10-26,21.1001,21.1001,21.1001,21.1001,20.4351,0.0,0.0,1.0
2017-10-27,21.19,21.19,21.19,21.19,20.5221,0.0,0.0,1.0
2017-10-30,21.26,21.26,21.26,21.26,20.5899,0.0,0.0,1.0
2017-10-31,21.27,21.27,21.27,21.27,20.5996,0.0,0.0,1.0
2017-11-01,21.26,21.26,21.26,21.26,20.5899,0.0,0.0,1.0
2017-11-02,21.27,21.27,21.27,21.27,20.5996,0.0,0.0,1.0
2017-11-03,21.28,21.28,21.28,21.28,20.6093,0.0,0.0,1.0
2017-11-06,21.31,21.31,21.31,21.31,20.6384,0.0,0.0,1.0
2017-11-07,21.43,21.43,21.43,21.43,20.7546,0.0,0.0,1.0
2017-11-08,21.45,21.45,21.45,21.45,20.774,0.0,0.0,1.0
2017-11-09,21.44,21.44,21.44,21.44,20.7643,0.0,0.0,1.0
2017-11-10,21.37,21.37,21.37,21.37,20.6965,0.0,0.0,1.0
2017-11-13,21.35,21.35,21.35,21.35,20.6771,0.0,0.0,1.0
2017-11-14,21.36,21.36,21.36,21.36,20.804,0.0,0.121,1.0
2017-11-15,21.27,21.27,21.27,21.27,20.7163,0.0,0.0,1.0
2017-11-16,21.3,21.3,21.3,21.3,20.7455,0.0,0.0,1.0
2017-11-17,21.22,21.22,21.22,21.22,20.6676,0.0,0.0,1.0
2017-11-20,21.2,21.2,21.2,21.2,20.6481,0.0,0.0,1.0
2017-11-21,21.23,21.23,21.23,21.23,20.6774,0.0,0.0,1.0
2017-11-22,21.32,21.32,21.32,21.32,20.765,0.0,0.0,1.0
2017-11-24,21.4,21.4,21.4,21.4,20.8429,0.0,0.0,1.0
2017-11-27,21.37,21.37,21.37,21.37,20.8137,0.0,0.0,1.0
2017-11-28,21.44,21.44,21.44,21.44,20.8819,0.0,0.0,1.0
2017-11-29,21.43,21.43,21.43,21.43,20.8722,0.0,0.0,1.0
2017-11-30,21.61,21.61,21.61,21.61,21.0475,0.0,0.0,1.0
2017-12-01,21.5016,21.5016,21.5016,21.5016,20.9419,0.0,0.0,1.0
2017-12-04,21.48,21.48,21.48,21.48,20.9209,0.0,0.0,1.0
2017-12-05,21.34,21.34,21.34,21.34,20.7845,0.0,0.0,1.0
2017-12-06,21.3266,21.3266,21.3266,21.3266,20.7714,0.0,0.0,1.0
2017-12-07,21.39,21.39,21.39,21.39,20.8332,0.0,0.0,1.0
2017-12-08,21.42,21.42,21.42,21.42,20.8624,0.0,0.0,1.0
2017-12-11,21.4751,21.4751,21.4751,21.4751,20.9161,0.0,0.0,1.0
2017-12-12,21.29,21.29,21.29,21.29,20.7358,0.0,0.0,1.0
2017-12-13,21.34,21.34,21.34,21.34,20.7845,0.0,0.0,1.0
2017-12-14,21.39,21.39,21.39,21.39,20.8332,0.0,0.0,1.0
2017-12-18,21.27,21.27,21.27,21.27,20.7163,0.0,0.0,1.0
2017-12-19,21.07,21.07,21.07,21.07,20.5215,0.0,0.0,1.0
2017-12-20,21.0,21.0,21.0,21.0,20.4533,0.0,0.0,1.0
2017-12-21,20.96,20.96,20.96,20.96,20.4144,0.0,0.0,1.0
2017-12-22,20.9596,20.9596,20.9596,20.9596,20.414,0.0,0.0,1.0
2017-12-26,20.9473,20.9473,20.9473,20.9473,20.402,0.0,0.0,1.0
2017-12-27,21.0155,21.0155,21.0155,21.0155,20.4684,0.0,0.0,1.0
2017-12-28,21.1192,21.1192,21.1192,21.1192,20.5694,0.0,0.0,1.0
2017-12-29,21.1176,21.1176,21.1176,21.1176,20.5679,0.0,0.0,1.0
2018-01-02,21.13,21.13,21.13,21.13,20.58,0.0,0.0,1.0
2018-01-03,21.02,21.02,21.02,21.02,20.4728,0.0,0.0,1.0
2018-01-04,21.04,21.04,21.04,21.04,20.4923,0.0,0.0,1.0
2018-01-05,21.12,21.12,21.12,21.12,20.5702,0.0,0.0,1.0
2018-01-08,21.2,21.2,21.2,21.2,20.6481,0.0,0.0,1.0
2018-01-09,21.09,21.09,21.09,21.09,20.541,0.0,0.0,1.0
2018-01-10,20.9,20.9,20.9,20.9,20.356,0.0,0.0,1.0
2018-01-11,20.96,20.96,20.96,20.96,20.4144,0.0,0.0,1.0
2018-01-16,20.8927,20.8927,20.8927,20.8927,20.3488,0.0,0.0,1.0
2018-01-17,21.05,21.05,21.05,21.05,20.502,0.0,0.0,1.0
2018-01-18,20.96,20.96,20.96,20.96,20.4144,0.0,0.0,1.0
2018-01-19,20.95,20.95,20.95,20.95,20.4047,0.0,0.0,1.0
2018-01-22,21.07,21.07,21.07,21.07,20.5215,0.0,0.0,1.0
2018-01-23,21.15,21.15,21.15,21.15,20.5994,0.0,0.0,1.0
2018-01-24,21.11,21.11,21.11,21.11,20.5605,0.0,0.0,1.0
2018-01-25,21.18,21.18,21.18,21.18,20.6287,0.0,0.0,1.0
2018-01-26,21.27,21.27,21.27,21.27,20.7163,0.0,0.0,1.0
2018-01-29,21.1029,21.1029,21.1029,21.1029,20.5536,0.0,0.0,1.0
2018-01-30,20.98,20.98,20.98,20.98,20.4339,0.0,0.0,1.0
2018-01-31,21.16,21.16,21.16,21.16,20.6092,0.0,0.0,1.0
2018-02-01,21.03,21.03,21.03,21.03,20.4826,0.0,0.0,1.0
2018-02-02,20.72,20.72,20.72,20.72,20.1806,0.0,0.0,1.0
2018-02-05,20.1413,20.1413,20.1413,20.1413,19.617,0.0,0.0,1.0
2018-02-06,20.16,20.16,20.16,20.16,19.6352,0.0,0.0,1.0
2018-02-07,20.09,20.09,20.09,20.09,19.567,0.0,0.0,1.0
2018-02-08,19.69,19.69,19.69,19.69,19.1774,0.0,0.0,1.0
2018-02-09,19.9,19.9,19.9,19.9,19.382,0.0,0.0,1.0
2018-02-12,20.1568,20.1568,20.1568,20.1568,19.6321,0.0,0.0,1.0
2018-02-13,20.1289,20.1289,20.1289,20.1289,19.6049,0.0,0.0,1.0
2018-02-14,20.13,20.13,20.13,20.13,19.6187,0.0,0.013,1.0
2018-02-15,20.4,20.4,20.4,20.4,19.8818,0.0,0.0,1.0
2018-02-16,20.47,20.47,20.47,20.47,19.95,0.0,0.0,1.0
2018-02-20,20.3356,20.3356,20.3356,20.3356,19.819,0.0,0.0,1.0
2018-02-21,20.06,20.06,20.06,20.06,19.5504,0.0,0.0,1.0
2018-02-22,20.11,20.11,20.11,20.11,19.5992,0.0,0.0,1.0
2018-02-23,20.39,20.39,20.39,20.39,19.8721,0.0,0.0,1.0
2018-02-26,20.41,20.41,20.41,20.41,19.8915,0.0,0.0,1.0
2018-02-27,20.1,20.1,20.1,20.1,19.5894,0.0,0.0,1.0
2018-02-28,19.9,19.9,19.9,19.9,19.3945,0.0,0.0,1.0
2018-03-01,19.88,19.88,19.88,19.88,19.375,0.0,0.0,1.0
2018-03-02,19.88,19.88,19.88,19.88,19.375,0.0,0.0,1.0
2018-03-05,20.09,20.09,20.09,20.09,19.5797,0.0,0.0,1.0
2018-03-06,20.09,20.09,20.09,20.09,19.5797,0.0,0.0,1.0
2018-03-07,20.08,20.08,20.08,20.08,19.5699,0.0,0.0,1.0
2018-03-08,20.21,20.21,20.21,20.21,19.6966,0.0,0.0,1.0
2018-03-09,20.32,20.32,20.32,20.32,19.8038,0.0,0.0,1.0
2018-03-12,20.39,20.39,20.39,20.39,19.8721,0.0,0.0,1.0
2018-03-13,20.4,20.4,20.4,20.4,19.8818,0.0,0.0,1.0
2018-03-14,20.38,20.38,20.38,20.38,19.9071,0.0,0.046,1.0
2018-03-15,20.22,20.22,20.22,20.22,19.7509,0.0,0.0,1.0
2018-03-16,20.29,20.29,20.29,20.29,19.8192,0.0,0.0,1.0
2018-03-19,20.13,20.13,20.13,20.13,19.6629,0.0,0.0,1.0
2018-03-20,20.08,20.08,20.08,20.08,19.6141,0.0,0.0,1.0
2018-03-21,20.14,20.14,20.14,20.14,19.6727,0.0,0.0,1.0
2018-03-22,20.0,20.0,20.0,20.0,19.536,0.0,0.0,1.0
2018-03-23,19.85,19.85,19.85,19.85,19.3894,0.0,0.0,1.0
2018-03-26,20.06,20.06,20.06,20.06,19.5946,0.0,0.0,1.0
2018-03-27,20.12,20.12,20.12,20.12,19.6532,0.0,0.0,1.0
2018-03-28,20.17,20.17,20.17,20.17,19.702,0.0,0.0,1.0
2018-03-29,20.26,20.26,20.26,20.26,19.7899,0.0,0.0,1.0
2018-04-02,20.11,20.11,20.11,20.11,19.6434,0.0,0.0,1.0
2018-04-03,20.16,20.16,20.16,20.16,19.6922,0.0,0.0,1.0
2018-04-04,20.2,20.2,20.2,20.2,19.7313,0.0,0.0,1.0
2018-04-05,20.35,20.35,20.35,20.35,19.8778,0.0,0.0,1.0
2018-04-06,20.26,20.26,20.26,20.26,19.7899,0.0,0.0,1.0
2018-04-09,20.36,20.36,20.36,20.36,19.8876,0.0,0.0,1.0
2018-04-10,20.42,20.42,20.42,20.42,19.9462,0.0,0.0,1.0
2018-04-11,20.39,20.39,20.39,20.39,19.9169,0.0,0.0,1.0
2018-04-12,20.29,20.29,20.29,20.29,19.8192,0.0,0.0,1.0
2018-04-13,20.26,20.26,20.26,20.26,19.8349,0.0,0.046,1.0
2018-04-16,20.41,20.41,20.41,20.41,19.9817,0.0,0.0,1.0
2018-04-17,20.55,20.55,20.55,20.55,20.1188,0.0,0.0,1.0
2018-04-18,20.52,20.52,20.52,20.52,20.0894,0.0,0.0,1.0
2018-04-19,20.46,20.46,20.46,20.46,20.0307,0.0,0.0,1.0
2018-04-20,20.33,20.33,20.33,20.33,19.9034,0.0,0.0,1.0
2018-04-23,20.31,20.31,20.31,20.31,19.8838,0.0,0.0,1.0
2018-04-24,20.32,20.32,20.32,20.32,19.8936,0.0,0.0,1.0
2018-04-25,20.28,20.28,20.28,20.28,19.8544,0.0,0.0,1.0
2018-04-26,20.43,20.43,20.43,20.43,20.0013,0.0,0.0,1.0
2018-04-27,20.56,20.56,20.56,20.56,20.1286,0.0,0.0,1.0
2018-04-30,20.53,20.53,20.53,20.53,20.0992,0.0,0.0,1.0
2018-05-01,20.49,20.49,20.49,20.49,20.06,0.0,0.0,1.0
2018-05-02,20.52,20.52,20.52,20.52,20.0894,0.0,0.0,1.0
2018-05-03,20.56,20.56,20.56,20.56,20.1286,0.0,0.0,1.0
2018-05-04,20.62,20.62,20.62,20.62,20.1873,0.0,0.0,1.0
2018-05-07,20.59,20.59,20.59,20.59,20.1579,0.0,0.0,1.0
2018-05-08,20.3,20.3,20.3,20.3,19.874,0.0,0.0,1.0
2018-05-09,20.27,20.27,20.27,20.27,19.8446,0.0,0.0,1.0
2018-05-10,20.41,20.41,20.41,20.41,19.9817,0.0,0.0,1.0
2018-05-11,20.44,20.44,20.44,20.44,20.0111,0.0,0.0,1.0
2018-05-14,20.35,20.35,20.35,20.35,19.969,0.0,0.047,1.0
2018-05-15,20.23,20.23,20.23,20.23,19.8512,0.0,0.0,1.0
2018-05-16,20.06,20.06,20.06,20.06,19.6844,0.0,0.0,1.0
2018-05-17,20.06,20.06,20.06,20.06,19.6844,0.0,0.0,1.0
2018-05-18,20.02,20.02,20.02,20.02,19.6452,0.0,0.0,1.0
2018-05-21,20.13,20.13,20.13,20.13,19.7531,0.0,0.0,1.0
2018-05-22,20.14,20.14,20.14,20.14,19.7629,0.0,0.0,1.0
2018-05-23,20.12,20.12,20.12,20.12,19.7433,0.0,0.0,1.0
2018-05-24,20.12,20.12,20.12,20.12,19.7433,0.0,0.0,1.0
2018-05-25,20.05,20.05,20.05,20.05,19.6746,0.0,0.0,1.0
2018-05-29,19.87,19.87,19.87,19.87,19.498,0.0,0.0,1.0
2018-05-30,20.1,20.1,20.1,20.1,19.7237,0.0,0.0,1.0
2018-05-31,20.11,20.11,20.11,20.11,19.7335,0.0,0.0,1.0
2018-06-01,20.0,20.0,20.0,20.0,19.6255,0.0,0.0,1.0
2018-06-04,20.02,20.02,20.02,20.02,19.6452,0.0,0.0,1.0
2018-06-05,19.93,19.93,19.93,19.93,19.5568,0.0,0.0,1.0
2018-06-06,19.79,19.79,19.79,19.79,19.4195,0.0,0.0,1.0
2018-06-07,19.82,19.82,19.82,19.82,19.4489,0.0,0.0,1.0
2018-06-08,19.74,19.74,19.74,19.74,19.3704,0.0,0.0,1.0
2018-06-11,19.85,19.85,19.85,19.85,19.4783,0.0,0.0,1.0
2018-06-12,19.97,19.97,19.97,19.97,19.5961,0.0,0.0,1.0
2018-06-13,19.98,19.98,19.98,19.98,19.6059,0.0,0.0,1.0
2018-06-14,19.93,19.93,19.93,19.93,19.5745,0.0,0.018,1.0
2018-06-15,19.95,19.95,19.95,19.95,19.5942,0.0,0.0,1.0
2018-06-18,19.98,19.98,19.98,19.98,19.6236,0.0,0.0,1.0
2018-06-19,19.98,19.98,19.98,19.98,19.6236,0.0,0.0,1.0
2018-06-20,19.99,19.99,19.99,19.99,19.6334,0.0,0.0,1.0
2018-06-21,19.96,19.96,19.96,19.96,19.604,0.0,0.0,1.0
2018-06-22,20.11,20.11,20.11,20.11,19.7513,0.0,0.0,1.0
2018-06-25,20.12,20.12,20.12,20.12,19.7611,0.0,0.0,1.0
2018-06-26,20.15,20.15,20.15,20.15,19.7906,0.0,0.0,1.0
2018-06-27,20.13,20.13,20.13,20.13,19.7709,0.0,0.0,1.0
2018-06-28,20.1,20.1,20.1,20.1,19.7415,0.0,0.0,1.0
2018-06-29,20.26,20.26,20.26,20.26,19.8986,0.0,0.0,1.0
2018-07-02,20.24,20.24,20.24,20.24,19.879,0.0,0.0,1.0
2018-07-03,20.32,20.32,20.32,20.32,19.9576,0.0,0.0,1.0
2018-07-05,20.43,20.43,20.43,20.43,20.0656,0.0,0.0,1.0
2018-07-06,20.59,20.59,20.59,20.59,20.2227,0.0,0.0,1.0
2018-07-09,20.39,20.39,20.39,20.39,20.0263,0.0,0.0,1.0
2018-07-10,20.46,20.46,20.46,20.46,20.0951,0.0,0.0,1.0
2018-07-11,20.37,20.37,20.37,20.37,20.0067,0.0,0.0,1.0
2018-07-12,20.45,20.45,20.45,20.45,20.0852,0.0,0.0,1.0
2018-07-13,20.36,20.36,20.36,20.36,20.1157,0.0,0.121,1.0
2018-07-16,20.34,20.34,20.34,20.34,20.0959,0.0,0.0,1.0
2018-07-17,20.34,20.34,20.34,20.34,20.0959,0.0,0.0,1.0
2018-07-18,20.31,20.31,20.31,20.31,20.0663,0.0,0.0,1.0
2018-07-19,20.41,20.41,20.41,20.41,20.1651,0.0,0.0,1.0
2018-07-20,20.38,20.38,20.38,20.38,20.1354,0.0,0.0,1.0
2018-07-23,20.3,20.3,20.3,20.3,20.0564,0.0,0.0,1.0
2018-07-24,20.32,20.32,20.32,20.32,20.0762,0.0,0.0,1.0
2018-07-25,20.38,20.38,20.38,20.38,20.1354,0.0,0.0,1.0
2018-07-26,20.4,20.4,20.4,20.4,20.1552,0.0,0.0,1.0
2018-07-27,20.36,20.36,20.36,20.36,20.1157,0.0,0.0,1.0
2018-07-30,20.3,20.3,20.3,20.3,20.0564,0.0,0.0,1.0
2018-07-31,20.43,20.43,20.43,20.43,20.1848,0.0,0.0,1.0
2018-08-01,20.27,20.27,20.27,20.27,20.0268,0.0,0.0,1.0
2018-08-02,20.29,20.29,20.29,20.29,20.0465,0.0,0.0,1.0
2018-08-03,20.4,20.4,20.4,20.4,20.1552,0.0,0.0,1.0
2018-08-06,20.38,20.38,20.38,20.38,20.1354,0.0,0.0,1.0
2018-08-07,20.41,20.41,20.41,20.41,20.1651,0.0,0.0,1.0
2018-08-08,20.41,20.41,20.41,20.41,20.1651,0.0,0.0,1.0
2018-08-09,20.42,20.42,20.42,20.42,20.175,0.0,0.0,1.0
2018-08-10,20.22,20.22,20.22,20.22,19.9774,0.0,0.0,1.0
2018-08-13,20.17,20.17,20.17,20.17,19.928,0.0,0.0,1.0
2018-08-14,20.02,20.02,20.02,20.02,19.8993,0.0,0.121,1.0
2018-08-15,19.98,19.98,19.98,19.98,19.8595,0.0,0.0,1.0
2018-08-16,20.0,20.0,20.0,20.0,19.8794,0.0,0.0,1.0
2018-08-17,20.16,20.16,20.16,20.16,20.0385,0.0,0.0,1.0
2018-08-20,20.19,20.19,20.19,20.19,20.0683,0.0,0.0,1.0
2018-08-21,20.21,20.21,20.21,20.21,20.0882,0.0,0.0,1.0
2018-08-22,20.12,20.12,20.12,20.12,19.9987,0.0,0.0,1.0
2018-08-23,20.01,20.01,20.01,20.01,19.8894,0.0,0.0,1.0
2018-08-24,20.11,20.11,20.11,20.11,19.9888,0.0,0.0,1.0
2018-08-27,20.15,20.15,20.15,20.15,20.0285,0.0,0.0,1.0
2018-08-28,20.1,20.1,20.1,20.1,19.9788,0.0,0.0,1.0
2018-08-29,20.16,20.16,20.16,20.16,20.0385,0.0,0.0,1.0
2018-08-30,20.09,20.09,20.09,20.09,19.9689,0.0,0.0,1.0
2018-08-31,20.05,20.05,20.05,20.05,19.9291,0.0,0.0,1.0
2018-09-04,20.03,20.03,20.03,20.03,19.9092,0.0,0.0,1.0
2018-09-05,20.01,20.01,20.01,20.01,19.8894,0.0,0.0,1.0
2018-09-06,20.03,20.03,20.03,20.03,19.9092,0.0,0.0,1.0
2018-09-07,19.88,19.88,19.88,19.88,19.7602,0.0,0.0,1.0
2018-09-10,19.97,19.97,19.97,19.97,19.8496,0.0,0.0,1.0
2018-09-11,19.98,19.98,19.98,19.98,19.8595,0.0,0.0,1.0
2018-09-12,20.0,20.0,20.0,20.0,19.8794,0.0,0.0,1.0
2018-09-13,19.95,19.95,19.95,19.95,19.95,0.0,0.121,1.0
2018-09-14,19.85,19.85,19.85,19.85,19.85,0.0,0.0,1.0
2018-09-17,19.96,19.96,19.96,19.96,19.96,0.0,0.0,1.0
2018-09-18,19.97,19.97,19.97,19.97,19.97,0.0,0.0,1.0
2018-09-19,19.79,19.79,19.79,19.79,19.79,0.0,0.0,1.0
2018-09-20,19.89,19.89,19.89,19.89,19.89,0.0,0.0,1.0
2018-09-21,19.96,19.96,19.96,19.96,19.96,0.0,0.0,1.0
2018-09-24,19.81,19.81,19.81,19.81,19.81,0.0,0.0,1.0
2018-09-25,19.68,19.68,19.68,19.68,19.68,0.0,0.0,1.0
2018-09-26,19.55,19.55,19.55,19.55,19.55,0.0,0.0,1.0
2018-09-27,19.6,19.6,19.6,19.6,19.6,0.0,0.0,1.0
2018-09-28,19.68,19.68,19.68,19.68,19.68,0.0,0.0,1.0
2018-10-01,19.69,19.69,19.69,19.69,19.69,0.0,0.0,1.0
2018-10-02,19.79,19.79,19.79,19.79,19.79,0.0,0.0,1.0
