date,1. open,2. high,3. low,4. close,5. adjusted close,6. volume,7. dividend amount,8. split coefficient
2013-06-28,19.12,19.12,19.12,19.12,12.6652,0.0,0.0,1.0
2013-07-01,19.2,19.2,19.2,19.2,12.7182,0.0,0.0,1.0
2013-07-02,19.16,19.16,19.16,19.16,12.6917,0.0,0.0,1.0
2013-07-03,19.14,19.14,19.14,19.14,12.6785,0.0,0.0,1.0
2013-07-05,19.13,19.13,19.13,19.13,12.6719,0.0,0.0,1.0
2013-07-08,19.22,19.22,19.22,19.22,12.7315,0.0,0.0,1.0
2013-07-09,19.27,19.27,19.27,19.27,12.7646,0.0,0.0,1.0
2013-07-10,19.28,19.28,19.28,19.28,12.7712,0.0,0.0,1.0
2013-07-11,19.38,19.38,19.38,19.38,12.8375,0.0,0.0,1.0
2013-07-12,19.4,19.4,19.4,19.4,12.8507,0.0,0.0,1.0
2013-07-15,19.46,19.46,19.46,19.46,12.8905,0.0,0.0,1.0
2013-07-16,19.27,19.27,19.27,19.27,12.7646,0.0,0.0,1.0
2013-07-17,19.26,19.26,19.26,19.26,12.758,0.0,0.0,1.0
2013-07-18,19.23,19.23,19.23,19.23,12.7381,0.0,0.0,1.0
2013-07-19,19.25,19.25,19.25,19.25,12.7514,0.0,0.0,1.0
2013-07-22,19.32,19.32,19.32,19.32,12.7977,0.0,0.0,1.0
2013-07-23,19.24,19.24,19.24,19.24,12.7447,0.0,0.0,1.0
2013-07-24,19.19,19.19,19.19,19.19,12.7116,0.0,0.0,1.0
2013-07-25,19.19,19.19,19.19,19.19,12.7116,0.0,0.0,1.0
2013-07-26,19.2,19.2,19.2,19.2,12.7182,0.0,0.0,1.0
2013-07-29,19.07,19.07,19.07,19.07,12.6321,0.0,0.0,1.0
2013-07-30,19.02,19.02,19.02,19.02,12.599,0.0,0.0,1.0
2013-07-31,19.02,19.02,19.02,19.02,12.599,0.0,0.0,1.0
2013-08-01,19.14,19.14,19.14,19.14,12.6785,0.0,0.0,1.0
2013-08-05,18.95,18.95,18.95,18.95,12.5526,0.0,0.0,1.0
2013-08-06,19.14,19.14,19.14,19.14,12.6785,0.0,0.0,1.0
2013-08-07,18.88,18.88,18.88,18.88,12.5063,0.0,0.0,1.0
2013-08-08,18.76,18.76,18.76,18.76,12.4268,0.0,0.0,1.0
2013-08-09,18.81,18.81,18.81,18.81,12.4599,0.0,0.0,1.0
2013-08-12,18.7,18.7,18.7,18.7,12.387,0.0,0.0,1.0
2013-08-13,18.57,18.57,18.57,18.57,12.3009,0.0,0.0,1.0
2013-08-14,18.31,18.31,18.31,18.31,12.3274,0.0,0.3,1.0
2013-08-15,18.31,18.31,18.31,18.31,12.3274,0.0,0.0,1.0
2013-08-16,18.18,18.18,18.18,18.18,12.2399,0.0,0.0,1.0
2013-08-19,18.05,18.05,18.05,18.05,12.1524,0.0,0.0,1.0
2013-08-20,18.29,18.29,18.29,18.29,12.314,0.0,0.0,1.0
2013-08-21,18.32,18.32,18.32,18.32,12.3342,0.0,0.0,1.0
2013-08-22,18.48,18.48,18.48,18.48,12.4419,0.0,0.0,1.0
2013-08-23,18.61,18.61,18.61,18.61,12.5294,0.0,0.0,1.0
2013-08-26,18.39,18.39,18.39,18.39,12.3813,0.0,0.0,1.0
2013-08-27,18.38,18.38,18.38,18.38,12.3745,0.0,0.0,1.0
2013-08-28,18.5,18.5,18.5,18.5,12.4553,0.0,0.0,1.0
2013-08-29,18.5,18.5,18.5,18.5,12.4553,0.0,0.0,1.0
2013-08-30,18.27,18.27,18.27,18.27,12.3005,0.0,0.0,1.0
2013-09-03,18.21,18.21,18.21,18.21,12.2601,0.0,0.0,1.0
2013-09-04,18.04,18.04,18.04,18.04,12.1456,0.0,0.0,1.0
2013-09-05,18.13,18.13,18.13,18.13,12.2062,0.0,0.0,1.0
2013-09-06,18.07,18.07,18.07,18.07,12.1658,0.0,0.0,1.0
2013-09-09,18.37,18.37,18.37,18.37,12.3678,0.0,0.0,1.0
2013-09-10,18.51,18.51,18.51,18.51,12.4621,0.0,0.0,1.0
2013-09-11,18.39,18.39,18.39,18.39,12.3813,0.0,0.0,1.0
2013-09-12,18.27,18.27,18.27,18.27,12.3005,0.0,0.0,1.0
2013-09-13,18.04,18.04,18.04,18.04,12.1456,0.0,0.0,1.0
2013-09-16,17.91,17.91,17.91,17.91,12.0581,0.0,0.0,1.0
2013-09-17,17.83,17.83,17.83,17.83,12.0043,0.0,0.0,1.0
2013-09-18,18.35,18.35,18.35,18.35,12.3543,0.0,0.0,1.0
2013-09-19,18.76,18.76,18.76,18.76,12.6304,0.0,0.0,1.0
2013-09-20,18.54,18.54,18.54,18.54,12.4823,0.0,0.0,1.0
2013-09-23,18.51,18.51,18.51,18.51,12.4621,0.0,0.0,1.0
2013-09-24,18.49,18.49,18.49,18.49,12.4486,0.0,0.0,1.0
2013-09-25,18.52,18.52,18.52,18.52,12.4688,0.0,0.0,1.0
2013-09-26,18.73,18.73,18.73,18.73,12.6102,0.0,0.0,1.0
2013-09-27,18.7,18.7,18.7,18.7,12.59,0.0,0.0,1.0
2013-09-30,18.76,18.76,18.76,18.76,12.6304,0.0,0.0,1.0
2013-10-01,18.88,18.88,18.88,18.88,12.7112,0.0,0.0,1.0
2013-10-02,18.86,18.86,18.86,18.86,12.6977,0.0,0.0,1.0
2013-10-03,18.74,18.74,18.74,18.74,12.6169,0.0,0.0,1.0
2013-10-04,18.73,18.73,18.73,18.73,12.6102,0.0,0.0,1.0
2013-10-07,18.5,18.5,18.5,18.5,12.4553,0.0,0.0,1.0
2013-10-08,18.36,18.36,18.36,18.36,12.3611,0.0,0.0,1.0
2013-10-09,18.33,18.33,18.33,18.33,12.3409,0.0,0.0,1.0
2013-10-10,18.26,18.26,18.26,18.26,12.2938,0.0,0.0,1.0
2013-10-11,18.48,18.48,18.48,18.48,12.4419,0.0,0.0,1.0
2013-10-14,18.61,18.61,18.61,18.61,12.5294,0.0,0.0,1.0
2013-10-15,18.35,18.35,18.35,18.35,12.3543,0.0,0.0,1.0
2013-10-16,18.42,18.42,18.42,18.42,12.4015,0.0,0.0,1.0
2013-10-17,18.62,18.62,18.62,18.62,12.5361,0.0,0.0,1.0
2013-10-18,18.78,18.78,18.78,18.78,12.6439,0.0,0.0,1.0
2013-10-21,19.11,19.11,19.11,19.11,12.866,0.0,0.0,1.0
2013-10-22,19.18,19.18,19.18,19.18,12.9132,0.0,0.0,1.0
2013-10-23,19.06,19.06,19.06,19.06,12.8324,0.0,0.0,1.0
2013-10-24,19.16,19.16,19.16,19.16,12.8997,0.0,0.0,1.0
2013-10-25,19.14,19.14,19.14,19.14,12.8862,0.0,0.0,1.0
2013-10-28,18.95,18.95,18.95,18.95,12.7583,0.0,0.0,1.0
2013-10-29,19.07,19.07,19.07,19.07,12.8391,0.0,0.0,1.0
2013-10-30,19.05,19.05,19.05,19.05,12.8256,0.0,0.0,1.0
2013-10-31,18.99,18.99,18.99,18.99,12.7852,0.0,0.0,1.0
2013-11-01,18.94,18.94,18.94,18.94,12.7516,0.0,0.0,1.0
2013-11-04,18.98,18.98,18.98,18.98,12.7785,0.0,0.0,1.0
2013-11-05,18.89,18.89,18.89,18.89,12.7179,0.0,0.0,1.0
2013-11-06,18.95,18.95,18.95,18.95,12.7583,0.0,0.0,1.0
2013-11-07,18.81,18.81,18.81,18.81,12.6641,0.0,0.0,1.0
2013-11-08,18.75,18.75,18.75,18.75,12.6237,0.0,0.0,1.0
2013-11-11,18.58,18.58,18.58,18.58,12.5092,0.0,0.0,1.0
2013-11-12,18.55,18.55,18.55,18.55,12.489,0.0,0.0,1.0
2013-11-13,18.54,18.54,18.54,18.54,12.4823,0.0,0.0,1.0
2013-11-14,18.75,18.75,18.75,18.75,12.6237,0.0,0.0,1.0
2013-11-15,18.91,18.91,18.91,18.91,12.7314,0.0,0.0,1.0
2013-11-18,18.86,18.86,18.86,18.86,12.6977,0.0,0.0,1.0
2013-11-19,18.55,18.55,18.55,18.55,12.489,0.0,0.0,1.0
2013-11-20,18.29,18.29,18.29,18.29,12.5159,0.0,0.3,1.0
2013-11-21,18.55,18.55,18.55,18.55,12.6939,0.0,0.0,1.0
2013-11-22,18.66,18.66,18.66,18.66,12.7691,0.0,0.0,1.0
2013-11-25,18.67,18.67,18.67,18.67,12.776,0.0,0.0,1.0
2013-11-26,18.59,18.59,18.59,18.59,12.7212,0.0,0.0,1.0
2013-11-27,18.59,18.59,18.59,18.59,12.7212,0.0,0.0,1.0
2013-11-29,18.62,18.62,18.62,18.62,12.7418,0.0,0.0,1.0
2013-12-02,18.46,18.46,18.46,18.46,12.6323,0.0,0.0,1.0
2013-12-03,18.39,18.39,18.39,18.39,12.5844,0.0,0.0,1.0
2013-12-04,18.05,18.05,18.05,18.05,12.3517,0.0,0.0,1.0
2013-12-05,17.78,17.78,17.78,17.78,12.1669,0.0,0.0,1.0
2013-12-06,17.9,17.9,17.9,17.9,12.2491,0.0,0.0,1.0
2013-12-09,17.78,17.78,17.78,17.78,12.1669,0.0,0.0,1.0
2013-12-10,17.71,17.71,17.71,17.71,12.119,0.0,0.0,1.0
2013-12-11,17.5,17.5,17.5,17.5,11.9753,0.0,0.0,1.0
2013-12-12,17.49,17.49,17.49,17.49,11.9685,0.0,0.0,1.0
2013-12-13,17.66,17.66,17.66,17.66,12.0848,0.0,0.0,1.0
2013-12-16,17.73,17.73,17.73,17.73,12.1327,0.0,0.0,1.0
2013-12-17,17.6,17.6,17.6,17.6,12.0438,0.0,0.0,1.0
2013-12-18,17.57,17.57,17.57,17.57,12.0232,0.0,0.0,1.0
2013-12-19,17.64,17.64,17.64,17.64,12.0711,0.0,0.0,1.0
2013-12-20,17.9,17.9,17.9,17.9,12.2491,0.0,0.0,1.0
2013-12-23,18.34,18.34,18.34,18.34,12.5501,0.0,0.0,1.0
2013-12-24,18.46,18.46,18.46,18.46,12.6323,0.0,0.0,1.0
2013-12-26,18.52,18.52,18.52,18.52,12.6733,0.0,0.0,1.0
2013-12-27,18.63,18.63,18.63,18.63,12.7486,0.0,0.0,1.0
2013-12-30,18.71,18.71,18.71,18.71,12.8033,0.0,0.0,1.0
2013-12-31,18.79,18.79,18.79,18.79,12.8581,0.0,0.0,1.0
2014-01-02,18.59,18.59,18.59,18.59,12.7212,0.0,0.0,1.0
2014-01-03,18.56,18.56,18.56,18.56,12.7007,0.0,0.0,1.0
2014-01-06,18.53,18.53,18.53,18.53,12.6802,0.0,0.0,1.0
2014-01-07,18.51,18.51,18.51,18.51,12.6665,0.0,0.0,1.0
2014-01-08,18.31,18.31,18.31,18.31,12.5296,0.0,0.0,1.0
2014-01-09,18.3,18.3,18.3,18.3,12.5228,0.0,0.0,1.0
2014-01-10,18.21,18.21,18.21,18.21,12.4612,0.0,0.0,1.0
2014-01-13,18.19,18.19,18.19,18.19,12.4475,0.0,0.0,1.0
2014-01-14,18.22,18.22,18.22,18.22,12.468,0.0,0.0,1.0
2014-01-15,18.19,18.19,18.19,18.19,12.4475,0.0,0.0,1.0
2014-01-16,18.33,18.33,18.33,18.33,12.5433,0.0,0.0,1.0
2014-01-17,18.19,18.19,18.19,18.19,12.4475,0.0,0.0,1.0
2014-01-21,18.51,18.51,18.51,18.51,12.6665,0.0,0.0,1.0
2014-01-22,18.64,18.64,18.64,18.64,12.7554,0.0,0.0,1.0
2014-01-23,18.63,18.63,18.63,18.63,12.7486,0.0,0.0,1.0
2014-01-24,18.53,18.53,18.53,18.53,12.6802,0.0,0.0,1.0
2014-01-27,18.39,18.39,18.39,18.39,12.5844,0.0,0.0,1.0
2014-01-28,18.49,18.49,18.49,18.49,12.6528,0.0,0.0,1.0
2014-01-29,18.43,18.43,18.43,18.43,12.6117,0.0,0.0,1.0
2014-01-30,18.52,18.52,18.52,18.52,12.6733,0.0,0.0,1.0
2014-01-31,18.5887,18.5887,18.5887,18.5887,12.7203,0.0,0.0,1.0
2014-02-03,18.52,18.52,18.52,18.52,12.6733,0.0,0.0,1.0
2014-02-04,18.41,18.41,18.41,18.41,12.598,0.0,0.0,1.0
2014-02-05,18.43,18.43,18.43,18.43,12.6117,0.0,0.0,1.0
2014-02-06,18.53,18.53,18.53,18.53,12.6802,0.0,0.0,1.0
2014-02-07,18.67,18.67,18.67,18.67,12.776,0.0,0.0,1.0
2014-02-10,18.32,18.32,18.32,18.32,12.5365,0.0,0.0,1.0
2014-02-11,18.47,18.47,18.47,18.47,12.6391,0.0,0.0,1.0
2014-02-12,18.51,18.51,18.51,18.51,12.6665,0.0,0.0,1.0
2014-02-13,18.55,18.55,18.55,18.55,12.6939,0.0,0.0,1.0
2014-02-14,18.56,18.56,18.56,18.56,12.7007,0.0,0.0,1.0
2014-02-18,18.55,18.55,18.55,18.55,12.6939,0.0,0.0,1.0
2014-02-19,17.98,17.98,17.98,17.98,12.5091,0.0,0.3,1.0
2014-02-20,17.9,17.9,17.9,17.9,12.4534,0.0,0.0,1.0
2014-02-21,17.89,17.89,17.89,17.89,12.4465,0.0,0.0,1.0
2014-02-24,17.81,17.81,17.81,17.81,12.3908,0.0,0.0,1.0
2014-02-25,17.82,17.82,17.82,17.82,12.3978,0.0,0.0,1.0
2014-02-26,18.06,18.06,18.06,18.06,12.5647,0.0,0.0,1.0
2014-02-27,17.95,17.95,17.95,17.95,12.4882,0.0,0.0,1.0
2014-02-28,17.77,17.77,17.77,17.77,12.363,0.0,0.0,1.0
2014-03-03,17.89,17.89,17.89,17.89,12.4465,0.0,0.0,1.0
2014-03-04,18.0,18.0,18.0,18.0,12.523,0.0,0.0,1.0
2014-03-05,18.05,18.05,18.05,18.05,12.5578,0.0,0.0,1.0
2014-03-06,17.94,17.94,17.94,17.94,12.4813,0.0,0.0,1.0
2014-03-07,17.9,17.9,17.9,17.9,12.4534,0.0,0.0,1.0
2014-03-10,17.79,17.79,17.79,17.79,12.3769,0.0,0.0,1.0
2014-03-11,17.81,17.81,17.81,17.81,12.3908,0.0,0.0,1.0
2014-03-12,17.81,17.81,17.81,17.81,12.3908,0.0,0.0,1.0
2014-03-13,17.74,17.74,17.74,17.74,12.3421,0.0,0.0,1.0
2014-03-14,17.95,17.95,17.95,17.95,12.4882,0.0,0.0,1.0
2014-03-17,18.01,18.01,18.01,18.01,12.53,0.0,0.0,1.0
2014-03-18,18.16,18.16,18.16,18.16,12.6343,0.0,0.0,1.0
2014-03-19,17.85,17.85,17.85,17.85,12.4186,0.0,0.0,1.0
2014-03-20,17.86,17.86,17.86,17.86,12.4256,0.0,0.0,1.0
2014-03-21,17.81,17.81,17.81,17.81,12.3908,0.0,0.0,1.0
2014-03-24,17.75,17.75,17.75,17.75,12.3491,0.0,0.0,1.0
2014-03-25,17.67,17.67,17.67,17.67,12.2934,0.0,0.0,1.0
2014-03-26,17.7,17.7,17.7,17.7,12.3143,0.0,0.0,1.0
2014-03-27,17.77,17.77,17.77,17.77,12.363,0.0,0.0,1.0
2014-03-28,17.94,17.94,17.94,17.94,12.4813,0.0,0.0,1.0
2014-03-31,18.0895,18.0895,18.0895,18.0895,12.5853,0.0,0.0,1.0
2014-04-01,18.4,18.4,18.4,18.4,12.8013,0.0,0.0,1.0
2014-04-02,18.42,18.42,18.42,18.42,12.8152,0.0,0.0,1.0
2014-04-03,18.48,18.48,18.48,18.48,12.857,0.0,0.0,1.0
2014-04-04,18.48,18.48,18.48,18.48,12.857,0.0,0.0,1.0
2014-04-07,18.34,18.34,18.34,18.34,12.7595,0.0,0.0,1.0
2014-04-08,18.41,18.41,18.41,18.41,12.8083,0.0,0.0,1.0
2014-04-09,18.45,18.45,18.45,18.45,12.8361,0.0,0.0,1.0
2014-04-10,18.31,18.31,18.31,18.31,12.7387,0.0,0.0,1.0
2014-04-11,18.51,18.51,18.51,18.51,12.8778,0.0,0.0,1.0
2014-04-14,18.55,18.55,18.55,18.55,12.9057,0.0,0.0,1.0
2014-04-15,18.54,18.54,18.54,18.54,12.8987,0.0,0.0,1.0
2014-04-16,18.63,18.63,18.63,18.63,12.9613,0.0,0.0,1.0
2014-04-17,18.73,18.73,18.73,18.73,13.0309,0.0,0.0,1.0
2014-04-21,18.82,18.82,18.82,18.82,13.0935,0.0,0.0,1.0
2014-04-22,18.82,18.82,18.82,18.82,13.0935,0.0,0.0,1.0
2014-04-23,18.75,18.75,18.75,18.75,13.0448,0.0,0.0,1.0
2014-04-24,18.7,18.7,18.7,18.7,13.01,0.0,0.0,1.0
2014-04-25,18.56,18.56,18.56,18.56,12.9126,0.0,0.0,1.0
2014-04-28,18.66,18.66,18.66,18.66,12.9822,0.0,0.0,1.0
2014-04-29,18.78,18.78,18.78,18.78,13.0657,0.0,0.0,1.0
2014-04-30,18.7184,18.7184,18.7184,18.7184,13.0228,0.0,0.0,1.0
2014-05-01,18.85,18.85,18.85,18.85,13.1144,0.0,0.0,1.0
2014-05-02,18.9,18.9,18.9,18.9,13.1492,0.0,0.0,1.0
2014-05-05,19.08,19.08,19.08,19.08,13.2744,0.0,0.0,1.0
2014-05-06,19.0,19.0,19.0,19.0,13.2187,0.0,0.0,1.0
2014-05-07,19.2,19.2,19.2,19.2,13.3579,0.0,0.0,1.0
2014-05-08,18.96,18.96,18.96,18.96,13.1909,0.0,0.0,1.0
2014-05-09,18.9,18.9,18.9,18.9,13.1492,0.0,0.0,1.0
2014-05-12,18.98,18.98,18.98,18.98,13.2048,0.0,0.0,1.0
2014-05-13,18.92,18.92,18.92,18.92,13.1631,0.0,0.0,1.0
2014-05-14,19.03,19.03,19.03,19.03,13.2396,0.0,0.0,1.0
2014-05-15,19.01,19.01,19.01,19.01,13.2257,0.0,0.0,1.0
2014-05-16,19.04,19.04,19.04,19.04,13.2466,0.0,0.0,1.0
2014-05-19,18.98,18.98,18.98,18.98,13.2048,0.0,0.0,1.0
2014-05-20,19.04,19.04,19.04,19.04,13.2466,0.0,0.0,1.0
2014-05-21,18.79,18.79,18.79,18.79,13.2813,0.0,0.3,1.0
2014-05-22,18.89,18.89,18.89,18.89,13.352,0.0,0.0,1.0
2014-05-23,18.89,18.89,18.89,18.89,13.352,0.0,0.0,1.0
2014-05-27,18.86,18.86,18.86,18.86,13.3308,0.0,0.0,1.0
2014-05-28,18.86,18.86,18.86,18.86,13.3308,0.0,0.0,1.0
2014-05-29,18.81,18.81,18.81,18.81,13.2955,0.0,0.0,1.0
2014-05-30,18.93,18.93,18.93,18.93,13.3803,0.0,0.0,1.0
2014-06-02,19.01,19.01,19.01,19.01,13.4368,0.0,0.0,1.0
2014-06-03,18.95,18.95,18.95,18.95,13.3944,0.0,0.0,1.0
2014-06-04,19.03,19.03,19.03,19.03,13.451,0.0,0.0,1.0
2014-06-05,19.09,19.09,19.09,19.09,13.4934,0.0,0.0,1.0
2014-06-06,19.18,19.18,19.18,19.18,13.557,0.0,0.0,1.0
2014-06-09,19.21,19.21,19.21,19.21,13.5782,0.0,0.0,1.0
2014-06-10,19.22,19.22,19.22,19.22,13.5853,0.0,0.0,1.0
2014-06-11,19.12,19.12,19.12,19.12,13.5146,0.0,0.0,1.0
2014-06-12,19.05,19.05,19.05,19.05,13.4651,0.0,0.0,1.0
2014-06-13,19.05,19.05,19.05,19.05,13.4651,0.0,0.0,1.0
2014-06-16,19.24,19.24,19.24,19.24,13.5994,0.0,0.0,1.0
2014-06-17,19.19,19.19,19.19,19.19,13.5641,0.0,0.0,1.0
2014-06-18,19.09,19.09,19.09,19.09,13.4934,0.0,0.0,1.0
2014-06-19,19.5,19.5,19.5,19.5,13.7832,0.0,0.0,1.0
2014-06-20,19.26,19.26,19.26,19.26,13.6136,0.0,0.0,1.0
2014-06-23,19.47,19.47,19.47,19.47,13.762,0.0,0.0,1.0
2014-06-24,19.54,19.54,19.54,19.54,13.8115,0.0,0.0,1.0
2014-06-25,19.66,19.66,19.66,19.66,13.8963,0.0,0.0,1.0
2014-06-26,19.66,19.66,19.66,19.66,13.8963,0.0,0.0,1.0
2014-06-27,19.74,19.74,19.74,19.74,13.9528,0.0,0.0,1.0
2014-06-30,19.8166,19.8166,19.8166,19.8166,14.007,0.0,0.0,1.0
2014-07-01,19.92,19.92,19.92,19.92,14.0801,0.0,0.0,1.0
2014-07-02,19.77,19.77,19.77,19.77,13.974,0.0,0.0,1.0
2014-07-03,19.65,19.65,19.65,19.65,13.8892,0.0,0.0,1.0
2014-07-07,19.44,19.44,19.44,19.44,13.7408,0.0,0.0,1.0
2014-07-08,19.36,19.36,19.36,19.36,13.6842,0.0,0.0,1.0
2014-07-09,19.56,19.56,19.56,19.56,13.8256,0.0,0.0,1.0
2014-07-10,19.49,19.49,19.49,19.49,13.7761,0.0,0.0,1.0
2014-07-11,19.56,19.56,19.56,19.56,13.8256,0.0,0.0,1.0
2014-07-14,19.55,19.55,19.55,19.55,13.8185,0.0,0.0,1.0
2014-07-15,19.59,19.59,19.59,19.59,13.8468,0.0,0.0,1.0
2014-07-16,19.73,19.73,19.73,19.73,13.9458,0.0,0.0,1.0
2014-07-17,19.73,19.73,19.73,19.73,13.9458,0.0,0.0,1.0
2014-07-18,19.74,19.74,19.74,19.74,13.9528,0.0,0.0,1.0
2014-07-21,19.78,19.78,19.78,19.78,13.9811,0.0,0.0,1.0
2014-07-22,19.83,19.83,19.83,19.83,14.0164,0.0,0.0,1.0
2014-07-23,19.84,19.84,19.84,19.84,14.0235,0.0,0.0,1.0
2014-07-24,19.84,19.84,19.84,19.84,14.0235,0.0,0.0,1.0
2014-07-25,19.77,19.77,19.77,19.77,13.974,0.0,0.0,1.0
2014-07-28,19.77,19.77,19.77,19.77,13.974,0.0,0.0,1.0
2014-07-29,19.68,19.68,19.68,19.68,13.9104,0.0,0.0,1.0
2014-07-30,19.48,19.48,19.48,19.48,13.7691,0.0,0.0,1.0
2014-07-31,19.1277,19.1277,19.1277,19.1277,13.5201,0.0,0.0,1.0
2014-08-01,19.09,19.09,19.09,19.09,13.4934,0.0,0.0,1.0
2014-08-04,19.37,19.37,19.37,19.37,13.6913,0.0,0.0,1.0
2014-08-05,19.07,19.07,19.07,19.07,13.4793,0.0,0.0,1.0
2014-08-06,18.97,18.97,18.97,18.97,13.4086,0.0,0.0,1.0
2014-08-07,19.02,19.02,19.02,19.02,13.4439,0.0,0.0,1.0
2014-08-08,19.07,19.07,19.07,19.07,13.4793,0.0,0.0,1.0
2014-08-11,19.85,19.85,19.85,19.85,14.0306,0.0,0.0,1.0
2014-08-12,19.73,19.73,19.73,19.73,13.9458,0.0,0.0,1.0
2014-08-13,19.81,19.81,19.81,19.81,14.0023,0.0,0.0,1.0
2014-08-14,19.96,19.96,19.96,19.96,14.1083,0.0,0.0,1.0
2014-08-15,20.16,20.16,20.16,20.16,14.2497,0.0,0.0,1.0
2014-08-18,20.16,20.16,20.16,20.16,14.2497,0.0,0.0,1.0
2014-08-19,20.22,20.22,20.22,20.22,14.2921,0.0,0.0,1.0
2014-08-20,20.03,20.03,20.03,20.03,14.3699,0.0,0.3,1.0
2014-08-21,20.02,20.02,20.02,20.02,14.3627,0.0,0.0,1.0
2014-08-22,19.96,19.96,19.96,19.96,14.3196,0.0,0.0,1.0
2014-08-25,20.05,20.05,20.05,20.05,14.3842,0.0,0.0,1.0
2014-08-26,20.14,20.14,20.14,20.14,14.4488,0.0,0.0,1.0
2014-08-27,20.24,20.24,20.24,20.24,14.5205,0.0,0.0,1.0
2014-08-28,20.25,20.25,20.25,20.25,14.5277,0.0,0.0,1.0
2014-08-29,20.4,20.4,20.4,20.4,14.6353,0.0,0.0,1.0
2014-09-02,20.35,20.35,20.35,20.35,14.5994,0.0,0.0,1.0
2014-09-03,20.33,20.33,20.33,20.33,14.5851,0.0,0.0,1.0
2014-09-04,20.23,20.23,20.23,20.23,14.5133,0.0,0.0,1.0
2014-09-05,20.28,20.28,20.28,20.28,14.5492,0.0,0.0,1.0
2014-09-08,20.27,20.27,20.27,20.27,14.542,0.0,0.0,1.0
2014-09-09,20.28,20.28,20.28,20.28,14.5492,0.0,0.0,1.0
2014-09-10,20.29,20.29,20.29,20.29,14.5564,0.0,0.0,1.0
2014-09-11,20.22,20.22,20.22,20.22,14.5062,0.0,0.0,1.0
2014-09-12,19.9,19.9,19.9,19.9,14.2766,0.0,0.0,1.0
2014-09-15,19.83,19.83,19.83,19.83,14.2264,0.0,0.0,1.0
2014-09-16,19.98,19.98,19.98,19.98,14.334,0.0,0.0,1.0
2014-09-17,20.06,20.06,20.06,20.06,14.3914,0.0,0.0,1.0
2014-09-18,20.15,20.15,20.15,20.15,14.456,0.0,0.0,1.0
2014-09-19,20.29,20.29,20.29,20.29,14.5564,0.0,0.0,1.0
2014-09-22,20.05,20.05,20.05,20.05,14.3842,0.0,0.0,1.0
2014-09-23,19.89,19.89,19.89,19.89,14.2694,0.0,0.0,1.0
2014-09-24,19.93,19.93,19.93,19.93,14.2981,0.0,0.0,1.0
2014-09-25,19.81,19.81,19.81,19.81,14.212,0.0,0.0,1.0
2014-09-26,20.03,20.03,20.03,20.03,14.3699,0.0,0.0,1.0
2014-09-29,20.12,20.12,20.12,20.12,14.4344,0.0,0.0,1.0
2014-09-30,20.2159,20.2159,20.2159,20.2159,14.5032,0.0,0.0,1.0
2014-10-01,20.09,20.09,20.09,20.09,14.4129,0.0,0.0,1.0
2014-10-02,20.15,20.15,20.15,20.15,14.456,0.0,0.0,1.0
2014-10-03,20.1,20.1,20.1,20.1,14.4201,0.0,0.0,1.0
2014-10-06,19.96,19.96,19.96,19.96,14.3196,0.0,0.0,1.0
2014-10-07,19.82,19.82,19.82,19.82,14.2192,0.0,0.0,1.0
2014-10-08,19.67,19.67,19.67,19.67,14.1116,0.0,0.0,1.0
2014-10-09,19.17,19.17,19.17,19.17,13.7529,0.0,0.0,1.0
2014-10-10,18.91,18.91,18.91,18.91,13.5664,0.0,0.0,1.0
2014-10-13,18.18,18.18,18.18,18.18,13.0426,0.0,0.0,1.0
2014-10-14,18.03,18.03,18.03,18.03,12.935,0.0,0.0,1.0
2014-10-15,18.48,18.48,18.48,18.48,13.2579,0.0,0.0,1.0
2014-10-16,19.15,19.15,19.15,19.15,13.7385,0.0,0.0,1.0
2014-10-17,19.19,19.19,19.19,19.19,13.7672,0.0,0.0,1.0
2014-10-20,19.38,19.38,19.38,19.38,13.9035,0.0,0.0,1.0
2014-10-21,19.62,19.62,19.62,19.62,14.0757,0.0,0.0,1.0
2014-10-22,19.47,19.47,19.47,19.47,13.9681,0.0,0.0,1.0
2014-10-23,19.63,19.63,19.63,19.63,14.0829,0.0,0.0,1.0
2014-10-24,19.69,19.69,19.69,19.69,14.1259,0.0,0.0,1.0
2014-10-27,19.61,19.61,19.61,19.61,14.0685,0.0,0.0,1.0
2014-10-28,19.69,19.69,19.69,19.69,14.1259,0.0,0.0,1.0
2014-10-29,19.67,19.67,19.67,19.67,14.1116,0.0,0.0,1.0
2014-10-30,19.45,19.45,19.45,19.45,13.9538,0.0,0.0,1.0
2014-10-31,19.3673,19.3673,19.3673,19.3673,13.8945,0.0,0.0,1.0
2014-11-03,19.5,19.5,19.5,19.5,13.9896,0.0,0.0,1.0
2014-11-04,19.11,19.11,19.11,19.11,13.7098,0.0,0.0,1.0
2014-11-05,19.22,19.22,19.22,19.22,13.7888,0.0,0.0,1.0
2014-11-06,19.19,19.19,19.19,19.19,13.7672,0.0,0.0,1.0
2014-11-07,19.48,19.48,19.48,19.48,13.9753,0.0,0.0,1.0
2014-11-10,19.4,19.4,19.4,19.4,13.9179,0.0,0.0,1.0
2014-11-11,19.34,19.34,19.34,19.34,13.8748,0.0,0.0,1.0
2014-11-12,19.37,19.37,19.37,19.37,13.8964,0.0,0.0,1.0
2014-11-13,19.27,19.27,19.27,19.27,13.8246,0.0,0.0,1.0
2014-11-14,19.44,19.44,19.44,19.44,13.9466,0.0,0.0,1.0
2014-11-17,19.62,19.62,19.62,19.62,14.0757,0.0,0.0,1.0
2014-11-18,19.75,19.75,19.75,19.75,14.169,0.0,0.0,1.0
2014-11-19,19.54,19.54,19.54,19.54,14.2371,0.0,0.305,1.0
2014-11-20,19.63,19.63,19.63,19.63,14.3027,0.0,0.0,1.0
2014-11-21,19.59,19.59,19.59,19.59,14.2736,0.0,0.0,1.0
2014-11-24,19.45,19.45,19.45,19.45,14.1716,0.0,0.0,1.0
2014-11-25,19.39,19.39,19.39,19.39,14.1278,0.0,0.0,1.0
2014-11-26,19.55,19.55,19.55,19.55,14.2444,0.0,0.0,1.0
2014-11-28,18.8,18.8,18.8,18.8,13.698,0.0,0.0,1.0
2014-12-01,18.19,18.19,18.19,18.19,13.2535,0.0,0.0,1.0
2014-12-02,18.6,18.6,18.6,18.6,13.5522,0.0,0.0,1.0
2014-12-03,18.79,18.79,18.79,18.79,13.6907,0.0,0.0,1.0
2014-12-04,18.94,18.94,18.94,18.94,13.8,0.0,0.0,1.0
2014-12-05,18.77,18.77,18.77,18.77,13.6761,0.0,0.0,1.0
2014-12-08,18.03,18.03,18.03,18.03,13.1369,0.0,0.0,1.0
2014-12-09,18.13,18.13,18.13,18.13,13.2098,0.0,0.0,1.0
2014-12-10,17.56,17.56,17.56,17.56,12.7945,0.0,0.0,1.0
2014-12-11,17.58,17.58,17.58,17.58,12.8091,0.0,0.0,1.0
2014-12-12,17.36,17.36,17.36,17.36,12.6488,0.0,0.0,1.0
2014-12-15,16.86,16.86,16.86,16.86,12.2844,0.0,0.0,1.0
2014-12-16,17.26,17.26,17.26,17.26,12.5759,0.0,0.0,1.0
2014-12-17,17.89,17.89,17.89,17.89,13.0349,0.0,0.0,1.0
2014-12-18,18.02,18.02,18.02,18.02,13.1296,0.0,0.0,1.0
2014-12-19,17.94,17.94,17.94,17.94,13.0714,0.0,0.0,1.0
2014-12-22,17.95,17.95,17.95,17.95,13.0786,0.0,0.0,1.0
2014-12-23,18.11,18.11,18.11,18.11,13.1952,0.0,0.0,1.0
2014-12-24,18.14,18.14,18.14,18.14,13.2171,0.0,0.0,1.0
2014-12-26,18.16,18.16,18.16,18.16,13.2316,0.0,0.0,1.0
2014-12-29,18.29,18.29,18.29,18.29,13.3264,0.0,0.0,1.0
2014-12-30,18.34,18.34,18.34,18.34,13.3628,0.0,0.0,1.0
2014-12-31,18.1993,18.1993,18.1993,18.1993,13.2603,0.0,0.0,1.0
2015-01-02,18.52,18.52,18.52,18.52,13.494,0.0,0.0,1.0
2015-01-05,17.92,17.92,17.92,17.92,13.0568,0.0,0.0,1.0
2015-01-06,17.65,17.65,17.65,17.65,12.8601,0.0,0.0,1.0
2015-01-07,17.65,17.65,17.65,17.65,12.8601,0.0,0.0,1.0
2015-01-08,17.86,17.86,17.86,17.86,13.0131,0.0,0.0,1.0
2015-01-09,17.83,17.83,17.83,17.83,12.9912,0.0,0.0,1.0
2015-01-12,17.36,17.36,17.36,17.36,12.6488,0.0,0.0,1.0
2015-01-13,17.0,17.0,17.0,17.0,12.3865,0.0,0.0,1.0
2015-01-14,17.1,17.1,17.1,17.1,12.4593,0.0,0.0,1.0
2015-01-15,17.15,17.15,17.15,17.15,12.4957,0.0,0.0,1.0
2015-01-16,17.61,17.61,17.61,17.61,12.8309,0.0,0.0,1.0
2015-01-20,17.61,17.61,17.61,17.61,12.8309,0.0,0.0,1.0
2015-01-21,17.95,17.95,17.95,17.95,13.0786,0.0,0.0,1.0
2015-01-22,17.97,17.97,17.97,17.97,13.0932,0.0,0.0,1.0
2015-01-23,18.02,18.02,18.02,18.02,13.1296,0.0,0.0,1.0
2015-01-26,18.0,18.0,18.0,18.0,13.1151,0.0,0.0,1.0
2015-01-27,17.95,17.95,17.95,17.95,13.0786,0.0,0.0,1.0
2015-01-28,17.64,17.64,17.64,17.64,12.8528,0.0,0.0,1.0
2015-01-29,17.67,17.67,17.67,17.67,12.8746,0.0,0.0,1.0
2015-01-30,17.75,17.75,17.75,17.75,12.9329,0.0,0.0,1.0
2015-02-02,17.97,17.97,17.97,17.97,13.0932,0.0,0.0,1.0
2015-02-03,18.12,18.12,18.12,18.12,13.2025,0.0,0.0,1.0
2015-02-04,17.96,17.96,17.96,17.96,13.0859,0.0,0.0,1.0
2015-02-05,18.21,18.21,18.21,18.21,13.2681,0.0,0.0,1.0
2015-02-06,18.13,18.13,18.13,18.13,13.2098,0.0,0.0,1.0
2015-02-09,17.94,17.94,17.94,17.94,13.0714,0.0,0.0,1.0
2015-02-10,17.99,17.99,17.99,17.99,13.1078,0.0,0.0,1.0
2015-02-11,17.8,17.8,17.8,17.8,12.9693,0.0,0.0,1.0
2015-02-12,18.02,18.02,18.02,18.02,13.1296,0.0,0.0,1.0
2015-02-13,18.18,18.18,18.18,18.18,13.2462,0.0,0.0,1.0
2015-02-17,18.28,18.28,18.28,18.28,13.3191,0.0,0.0,1.0
2015-02-18,17.89,17.89,17.89,17.89,13.0349,0.0,0.0,1.0
2015-02-19,17.83,17.83,17.83,17.83,12.9912,0.0,0.0,1.0
2015-02-20,17.95,17.95,17.95,17.95,13.0786,0.0,0.0,1.0
2015-02-23,17.78,17.78,17.78,17.78,12.9548,0.0,0.0,1.0
2015-02-24,17.73,17.73,17.73,17.73,12.9183,0.0,0.0,1.0
2015-02-25,17.85,17.85,17.85,17.85,13.0058,0.0,0.0,1.0
2015-02-26,17.62,17.62,17.62,17.62,12.8382,0.0,0.0,1.0
2015-02-27,17.76,17.76,17.76,17.76,12.9402,0.0,0.0,1.0
2015-03-02,17.55,17.55,17.55,17.55,12.7872,0.0,0.0,1.0
2015-03-03,17.7,17.7,17.7,17.7,12.8965,0.0,0.0,1.0
2015-03-04,17.6,17.6,17.6,17.6,12.8236,0.0,0.0,1.0
2015-03-05,17.65,17.65,17.65,17.65,12.8601,0.0,0.0,1.0
2015-03-06,17.42,17.42,17.42,17.42,12.6925,0.0,0.0,1.0
2015-03-09,17.16,17.16,17.16,17.16,12.503,0.0,0.0,1.0
2015-03-10,17.09,17.09,17.09,17.09,12.452,0.0,0.0,1.0
2015-03-11,16.97,16.97,16.97,16.97,12.3646,0.0,0.0,1.0
2015-03-12,16.87,16.87,16.87,16.87,12.2917,0.0,0.0,1.0
2015-03-13,16.74,16.74,16.74,16.74,12.197,0.0,0.0,1.0
2015-03-16,16.66,16.66,16.66,16.66,12.1387,0.0,0.0,1.0
2015-03-17,16.75,16.75,16.75,16.75,12.2043,0.0,0.0,1.0
2015-03-18,17.09,17.09,17.09,17.09,12.452,0.0,0.0,1.0
2015-03-19,16.97,16.97,16.97,16.97,12.3646,0.0,0.0,1.0
2015-03-20,17.08,17.08,17.08,17.08,12.4447,0.0,0.0,1.0
2015-03-23,17.28,17.28,17.28,17.28,12.5905,0.0,0.0,1.0
2015-03-24,17.1,17.1,17.1,17.1,12.4593,0.0,0.0,1.0
2015-03-25,17.08,17.08,17.08,17.08,12.4447,0.0,0.0,1.0
2015-03-26,17.11,17.11,17.11,17.11,12.4666,0.0,0.0,1.0
2015-03-27,17.03,17.03,17.03,17.03,12.4083,0.0,0.0,1.0
2015-03-30,17.18,17.18,17.18,17.18,12.5176,0.0,0.0,1.0
2015-03-31,17.1211,17.1211,17.1211,17.1211,12.4747,0.0,0.0,1.0
2015-04-01,17.1,17.1,17.1,17.1,12.4593,0.0,0.0,1.0
2015-04-02,17.16,17.16,17.16,17.16,12.503,0.0,0.0,1.0
2015-04-06,17.22,17.22,17.22,17.22,12.5468,0.0,0.0,1.0
2015-04-07,17.28,17.28,17.28,17.28,12.5905,0.0,0.0,1.0
2015-04-08,17.26,17.26,17.26,17.26,12.5759,0.0,0.0,1.0
2015-04-09,17.29,17.29,17.29,17.29,12.5978,0.0,0.0,1.0
2015-04-10,17.38,17.38,17.38,17.38,12.6633,0.0,0.0,1.0
2015-04-13,17.35,17.35,17.35,17.35,12.6415,0.0,0.0,1.0
2015-04-14,17.48,17.48,17.48,17.48,12.7362,0.0,0.0,1.0
2015-04-15,17.64,17.64,17.64,17.64,12.8528,0.0,0.0,1.0
2015-04-16,17.67,17.67,17.67,17.67,12.8746,0.0,0.0,1.0
2015-04-17,17.55,17.55,17.55,17.55,12.7872,0.0,0.0,1.0
2015-04-20,17.6,17.6,17.6,17.6,12.8236,0.0,0.0,1.0
2015-04-21,17.51,17.51,17.51,17.51,12.758,0.0,0.0,1.0
2015-04-22,17.49,17.49,17.49,17.49,12.7435,0.0,0.0,1.0
2015-04-23,17.65,17.65,17.65,17.65,12.8601,0.0,0.0,1.0
2015-04-24,17.72,17.72,17.72,17.72,12.9111,0.0,0.0,1.0
2015-04-27,17.63,17.63,17.63,17.63,12.8455,0.0,0.0,1.0
2015-04-28,17.59,17.59,17.59,17.59,12.8163,0.0,0.0,1.0
2015-04-29,17.74,17.74,17.74,17.74,12.9256,0.0,0.0,1.0
2015-04-30,17.79,17.79,17.79,17.79,12.9621,0.0,0.0,1.0
2015-05-01,17.87,17.87,17.87,17.87,13.0204,0.0,0.0,1.0
2015-05-04,17.79,17.79,17.79,17.79,12.9621,0.0,0.0,1.0
2015-05-05,17.82,17.82,17.82,17.82,12.9839,0.0,0.0,1.0
2015-05-06,17.68,17.68,17.68,17.68,12.8819,0.0,0.0,1.0
2015-05-07,17.46,17.46,17.46,17.46,12.7216,0.0,0.0,1.0
2015-05-08,17.6,17.6,17.6,17.6,12.8236,0.0,0.0,1.0
2015-05-11,17.51,17.51,17.51,17.51,12.758,0.0,0.0,1.0
2015-05-12,17.53,17.53,17.53,17.53,12.7726,0.0,0.0,1.0
2015-05-13,17.76,17.76,17.76,17.76,12.9402,0.0,0.0,1.0
2015-05-14,17.83,17.83,17.83,17.83,12.9912,0.0,0.0,1.0
2015-05-15,17.85,17.85,17.85,17.85,13.0058,0.0,0.0,1.0
2015-05-18,17.89,17.89,17.89,17.89,13.0349,0.0,0.0,1.0
2015-05-19,17.84,17.84,17.84,17.84,12.9985,0.0,0.0,1.0
2015-05-20,17.48,17.48,17.48,17.48,12.9584,0.0,0.305,1.0
2015-05-21,17.54,17.54,17.54,17.54,13.0029,0.0,0.0,1.0
2015-05-22,17.6,17.6,17.6,17.6,13.0474,0.0,0.0,1.0
2015-05-26,17.44,17.44,17.44,17.44,12.9288,0.0,0.0,1.0
2015-05-27,17.44,17.44,17.44,17.44,12.9288,0.0,0.0,1.0
2015-05-28,17.28,17.28,17.28,17.28,12.8102,0.0,0.0,1.0
2015-05-29,17.21,17.21,17.21,17.21,12.7583,0.0,0.0,1.0
2015-06-01,17.18,17.18,17.18,17.18,12.736,0.0,0.0,1.0
2015-06-02,17.26,17.26,17.26,17.26,12.7953,0.0,0.0,1.0
2015-06-03,17.04,17.04,17.04,17.04,12.6322,0.0,0.0,1.0
2015-06-04,16.76,16.76,16.76,16.76,12.4247,0.0,0.0,1.0
2015-06-05,16.86,16.86,16.86,16.86,12.4988,0.0,0.0,1.0
2015-06-08,16.74,16.74,16.74,16.74,12.4098,0.0,0.0,1.0
2015-06-09,16.76,16.76,16.76,16.76,12.4247,0.0,0.0,1.0
2015-06-10,16.74,16.74,16.74,16.74,12.4098,0.0,0.0,1.0
2015-06-11,16.71,16.71,16.71,16.71,12.3876,0.0,0.0,1.0
2015-06-12,16.66,16.66,16.66,16.66,12.3505,0.0,0.0,1.0
2015-06-15,16.83,16.83,16.83,16.83,12.4766,0.0,0.0,1.0
2015-06-16,16.78,16.78,16.78,16.78,12.4395,0.0,0.0,1.0
2015-06-17,16.81,16.81,16.81,16.81,12.4617,0.0,0.0,1.0
2015-06-18,16.83,16.83,16.83,16.83,12.4766,0.0,0.0,1.0
2015-06-19,16.65,16.65,16.65,16.65,12.3431,0.0,0.0,1.0
2015-06-22,16.63,16.63,16.63,16.63,12.3283,0.0,0.0,1.0
2015-06-23,16.65,16.65,16.65,16.65,12.3431,0.0,0.0,1.0
2015-06-24,16.56,16.56,16.56,16.56,12.2764,0.0,0.0,1.0
2015-06-25,16.3,16.3,16.3,16.3,12.0837,0.0,0.0,1.0
2015-06-26,16.15,16.15,16.15,16.15,11.9725,0.0,0.0,1.0
2015-06-29,15.72,15.72,15.72,15.72,11.6537,0.0,0.0,1.0
2015-06-30,15.5138,15.5138,15.5138,15.5138,11.5008,0.0,0.0,1.0
2015-07-01,15.3,15.3,15.3,15.3,11.3423,0.0,0.0,1.0
2015-07-02,15.56,15.56,15.56,15.56,11.5351,0.0,0.0,1.0
2015-07-06,15.35,15.35,15.35,15.35,11.3794,0.0,0.0,1.0
2015-07-07,15.76,15.76,15.76,15.76,11.6833,0.0,0.0,1.0
2015-07-08,15.33,15.33,15.33,15.33,11.3646,0.0,0.0,1.0
2015-07-09,15.39,15.39,15.39,15.39,11.409,0.0,0.0,1.0
2015-07-10,15.67,15.67,15.67,15.67,11.6166,0.0,0.0,1.0
2015-07-13,15.97,15.97,15.97,15.97,11.839,0.0,0.0,1.0
2015-07-14,16.11,16.11,16.11,16.11,11.9428,0.0,0.0,1.0
2015-07-15,15.76,15.76,15.76,15.76,11.6833,0.0,0.0,1.0
2015-07-16,15.64,15.64,15.64,15.64,11.5944,0.0,0.0,1.0
2015-07-17,15.39,15.39,15.39,15.39,11.409,0.0,0.0,1.0
2015-07-20,14.87,14.87,14.87,14.87,11.0236,0.0,0.0,1.0
2015-07-21,14.79,14.79,14.79,14.79,10.9642,0.0,0.0,1.0
2015-07-22,14.31,14.31,14.31,14.31,10.6084,0.0,0.0,1.0
2015-07-23,14.26,14.26,14.26,14.26,10.5713,0.0,0.0,1.0
2015-07-24,14.31,14.31,14.31,14.31,10.6084,0.0,0.0,1.0
2015-07-27,14.49,14.49,14.49,14.49,10.7418,0.0,0.0,1.0
2015-07-28,14.96,14.96,14.96,14.96,11.0903,0.0,0.0,1.0
2015-07-29,15.29,15.29,15.29,15.29,11.3349,0.0,0.0,1.0
2015-07-30,15.21,15.21,15.21,15.21,11.2756,0.0,0.0,1.0
2015-07-31,14.9747,14.9747,14.9747,14.9747,11.1012,0.0,0.0,1.0
2015-08-03,14.52,14.52,14.52,14.52,10.7641,0.0,0.0,1.0
2015-08-04,14.23,14.23,14.23,14.23,10.5491,0.0,0.0,1.0
2015-08-05,13.34,13.34,13.34,13.34,9.8893,0.0,0.0,1.0
2015-08-06,13.24,13.24,13.24,13.24,9.8152,0.0,0.0,1.0
2015-08-07,13.21,13.21,13.21,13.21,9.7929,0.0,0.0,1.0
2015-08-10,13.69,13.69,13.69,13.69,10.1488,0.0,0.0,1.0
2015-08-11,13.59,13.59,13.59,13.59,10.0747,0.0,0.0,1.0
2015-08-12,14.08,14.08,14.08,14.08,10.4379,0.0,0.0,1.0
2015-08-13,13.77,13.77,13.77,13.77,10.2081,0.0,0.0,1.0
2015-08-14,13.94,13.94,13.94,13.94,10.3341,0.0,0.0,1.0
2015-08-17,14.1,14.1,14.1,14.1,10.4527,0.0,0.0,1.0
2015-08-18,13.94,13.94,13.94,13.94,10.3341,0.0,0.0,1.0
2015-08-19,13.33,13.33,13.33,13.33,10.108,0.0,0.305,1.0
2015-08-20,12.91,12.91,12.91,12.91,9.7895,0.0,0.0,1.0
2015-08-21,12.48,12.48,12.48,12.48,9.4635,0.0,0.0,1.0
2015-08-24,11.72,11.72,11.72,11.72,8.8872,0.0,0.0,1.0
2015-08-25,11.84,11.84,11.84,11.84,8.9782,0.0,0.0,1.0
2015-08-26,12.13,12.13,12.13,12.13,9.1981,0.0,0.0,1.0
2015-08-27,12.97,12.97,12.97,12.97,9.835,0.0,0.0,1.0
2015-08-28,13.27,13.27,13.27,13.27,10.0625,0.0,0.0,1.0
2015-08-31,13.1678,13.1678,13.1678,13.1678,9.985,0.0,0.0,1.0
2015-09-01,12.67,12.67,12.67,12.67,9.6075,0.0,0.0,1.0
2015-09-02,12.76,12.76,12.76,12.76,9.6758,0.0,0.0,1.0
2015-09-03,12.84,12.84,12.84,12.84,9.7364,0.0,0.0,1.0
2015-09-04,12.73,12.73,12.73,12.73,9.653,0.0,0.0,1.0
2015-09-08,12.78,12.78,12.78,12.78,9.691,0.0,0.0,1.0
2015-09-09,12.54,12.54,12.54,12.54,9.509,0.0,0.0,1.0
2015-09-10,12.53,12.53,12.53,12.53,9.5014,0.0,0.0,1.0
2015-09-11,12.08,12.08,12.08,12.08,9.1601,0.0,0.0,1.0
2015-09-14,11.95,11.95,11.95,11.95,9.0616,0.0,0.0,1.0
2015-09-15,11.91,11.91,11.91,11.91,9.0312,0.0,0.0,1.0
2015-09-16,12.09,12.09,12.09,12.09,9.1677,0.0,0.0,1.0
2015-09-17,12.23,12.23,12.23,12.23,9.2739,0.0,0.0,1.0
2015-09-18,12.07,12.07,12.07,12.07,9.1526,0.0,0.0,1.0
2015-09-21,12.24,12.24,12.24,12.24,9.2815,0.0,0.0,1.0
2015-09-22,11.94,11.94,11.94,11.94,9.054,0.0,0.0,1.0
2015-09-23,11.3,11.3,11.3,11.3,8.5687,0.0,0.0,1.0
2015-09-24,11.1,11.1,11.1,11.1,8.417,0.0,0.0,1.0
2015-09-25,11.03,11.03,11.03,11.03,8.3639,0.0,0.0,1.0
2015-09-28,10.08,10.08,10.08,10.08,7.6436,0.0,0.0,1.0
2015-09-29,9.19,9.19,9.19,9.19,6.9687,0.0,0.0,1.0
2015-09-30,10.2527,10.2527,10.2527,10.2527,7.7745,0.0,0.0,1.0
2015-10-01,10.89,10.89,10.89,10.89,8.2578,0.0,0.0,1.0
2015-10-02,11.4,11.4,11.4,11.4,8.6445,0.0,0.0,1.0
2015-10-05,12.08,12.08,12.08,12.08,9.1601,0.0,0.0,1.0
2015-10-06,12.05,12.05,12.05,12.05,9.1374,0.0,0.0,1.0
2015-10-07,12.39,12.39,12.39,12.39,9.3952,0.0,0.0,1.0
2015-10-08,12.64,12.64,12.64,12.64,9.5848,0.0,0.0,1.0
2015-10-09,12.69,12.69,12.69,12.69,9.6227,0.0,0.0,1.0
2015-10-12,12.43,12.43,12.43,12.43,9.4255,0.0,0.0,1.0
2015-10-13,12.14,12.14,12.14,12.14,9.2056,0.0,0.0,1.0
2015-10-14,12.15,12.15,12.15,12.15,9.2132,0.0,0.0,1.0
2015-10-15,12.49,12.49,12.49,12.49,9.471,0.0,0.0,1.0
2015-10-16,12.66,12.66,12.66,12.66,9.6,0.0,0.0,1.0
2015-10-19,12.42,12.42,12.42,12.42,9.418,0.0,0.0,1.0
2015-10-20,12.46,12.46,12.46,12.46,9.4483,0.0,0.0,1.0
2015-10-21,12.16,12.16,12.16,12.16,9.2208,0.0,0.0,1.0
2015-10-22,11.8,11.8,11.8,11.8,8.9478,0.0,0.0,1.0
2015-10-23,11.61,11.61,11.61,11.61,8.8038,0.0,0.0,1.0
2015-10-26,11.23,11.23,11.23,11.23,8.5156,0.0,0.0,1.0
2015-10-27,10.93,10.93,10.93,10.93,8.2881,0.0,0.0,1.0
2015-10-28,11.5,11.5,11.5,11.5,8.7203,0.0,0.0,1.0
2015-10-29,11.83,11.83,11.83,11.83,8.9706,0.0,0.0,1.0
2015-10-30,12.0,12.0,12.0,12.0,9.0995,0.0,0.0,1.0
2015-11-02,12.23,12.23,12.23,12.23,9.2739,0.0,0.0,1.0
2015-11-03,12.78,12.78,12.78,12.78,9.691,0.0,0.0,1.0
2015-11-04,12.28,12.28,12.28,12.28,9.3118,0.0,0.0,1.0
2015-11-05,12.1,12.1,12.1,12.1,9.1753,0.0,0.0,1.0
2015-11-06,11.82,11.82,11.82,11.82,8.963,0.0,0.0,1.0
2015-11-09,11.63,11.63,11.63,11.63,8.8189,0.0,0.0,1.0
2015-11-10,11.61,11.61,11.61,11.61,8.8038,0.0,0.0,1.0
2015-11-11,11.31,11.31,11.31,11.31,8.5763,0.0,0.0,1.0
2015-11-12,10.76,10.76,10.76,10.76,8.1592,0.0,0.0,1.0
2015-11-13,10.81,10.81,10.81,10.81,8.1971,0.0,0.0,1.0
2015-11-16,11.42,11.42,11.42,11.42,8.6597,0.0,0.0,1.0
2015-11-17,11.16,11.16,11.16,11.16,8.4625,0.0,0.0,1.0
2015-11-18,10.98,10.98,10.98,10.98,8.5573,0.0,0.305,1.0
2015-11-19,10.69,10.69,10.69,10.69,8.3313,0.0,0.0,1.0
2015-11-20,10.3,10.3,10.3,10.3,8.0273,0.0,0.0,1.0
2015-11-23,10.21,10.21,10.21,10.21,7.9572,0.0,0.0,1.0
2015-11-24,10.42,10.42,10.42,10.42,8.1209,0.0,0.0,1.0
2015-11-25,10.35,10.35,10.35,10.35,8.0663,0.0,0.0,1.0
2015-11-27,10.31,10.31,10.31,10.31,8.0351,0.0,0.0,1.0
2015-11-30,10.3126,10.3126,10.3126,10.3126,8.0372,0.0,0.0,1.0
2015-12-01,10.04,10.04,10.04,10.04,7.8247,0.0,0.0,1.0
2015-12-02,9.62,9.62,9.62,9.62,7.4974,0.0,0.0,1.0
2015-12-03,9.15,9.15,9.15,9.15,7.1311,0.0,0.0,1.0
2015-12-04,8.53,8.53,8.53,8.53,6.6479,0.0,0.0,1.0
2015-12-07,7.61,7.61,7.61,7.61,5.9309,0.0,0.0,1.0
2015-12-08,7.88,7.88,7.88,7.88,6.1413,0.0,0.0,1.0
2015-12-09,8.76,8.76,8.76,8.76,6.8271,0.0,0.0,1.0
2015-12-10,8.4,8.4,8.4,8.4,6.5466,0.0,0.0,1.0
2015-12-11,7.59,7.59,7.59,7.59,5.9153,0.0,0.0,1.0
2015-12-14,7.13,7.13,7.13,7.13,5.5568,0.0,0.0,1.0
2015-12-15,7.29,7.29,7.29,7.29,5.6815,0.0,0.0,1.0
2015-12-16,7.7,7.7,7.7,7.7,6.001,0.0,0.0,1.0
2015-12-17,7.14,7.14,7.14,7.14,5.5646,0.0,0.0,1.0
2015-12-18,7.2,7.2,7.2,7.2,5.6113,0.0,0.0,1.0
2015-12-21,7.67,7.67,7.67,7.67,5.9776,0.0,0.0,1.0
2015-12-22,8.28,8.28,8.28,8.28,6.4531,0.0,0.0,1.0
2015-12-23,9.03,9.03,9.03,9.03,7.0376,0.0,0.0,1.0
2015-12-24,9.05,9.05,9.05,9.05,7.0532,0.0,0.0,1.0
2015-12-28,8.72,8.72,8.72,8.72,6.796,0.0,0.0,1.0
2015-12-29,8.6,8.6,8.6,8.6,6.7024,0.0,0.0,1.0
2015-12-30,8.46,8.46,8.46,8.46,6.5933,0.0,0.0,1.0
2015-12-31,9.0348,9.0348,9.0348,9.0348,7.0413,0.0,0.0,1.0
2016-01-04,9.15,9.15,9.15,9.15,7.1311,0.0,0.0,1.0
2016-01-05,9.09,9.09,9.09,9.09,7.0843,0.0,0.0,1.0
2016-01-06,8.38,8.38,8.38,8.38,6.531,0.0,0.0,1.0
2016-01-07,7.64,7.64,7.64,7.64,5.9543,0.0,0.0,1.0
2016-01-08,7.77,7.77,7.77,7.77,6.0556,0.0,0.0,1.0
2016-01-11,7.1,7.1,7.1,7.1,5.5334,0.0,0.0,1.0
2016-01-12,6.9,6.9,6.9,6.9,5.3775,0.0,0.0,1.0
2016-01-13,6.31,6.31,6.31,6.31,4.9177,0.0,0.0,1.0
2016-01-14,6.9,6.9,6.9,6.9,5.3775,0.0,0.0,1.0
2016-01-15,6.32,6.32,6.32,6.32,4.9255,0.0,0.0,1.0
2016-01-19,5.73,5.73,5.73,5.73,4.4657,0.0,0.0,1.0
2016-01-20,5.05,5.05,5.05,5.05,3.9357,0.0,0.0,1.0
2016-01-21,5.56,5.56,5.56,5.56,4.3332,0.0,0.0,1.0
2016-01-22,6.38,6.38,6.38,6.38,4.9723,0.0,0.0,1.0
2016-01-25,6.16,6.16,6.16,6.16,4.8008,0.0,0.0,1.0
2016-01-26,6.47,6.47,6.47,6.47,5.0424,0.0,0.0,1.0
2016-01-27,6.41,6.41,6.41,6.41,4.9957,0.0,0.0,1.0
2016-01-28,6.83,6.83,6.83,6.83,5.323,0.0,0.0,1.0
2016-01-29,7.01,7.01,7.01,7.01,5.4633,0.0,0.0,1.0
2016-02-01,6.82,6.82,6.82,6.82,5.3152,0.0,0.0,1.0
2016-02-02,6.55,6.55,6.55,6.55,5.1048,0.0,0.0,1.0
2016-02-03,6.6,6.6,6.6,6.6,5.1437,0.0,0.0,1.0
2016-02-04,6.77,6.77,6.77,6.77,5.2762,0.0,0.0,1.0
2016-02-05,6.54,6.54,6.54,6.54,5.097,0.0,0.0,1.0
2016-02-08,5.72,5.72,5.72,5.72,4.4579,0.0,0.0,1.0
2016-02-09,5.36,5.36,5.36,5.36,4.1773,0.0,0.0,1.0
2016-02-10,5.37,5.37,5.37,5.37,4.1851,0.0,0.0,1.0
2016-02-11,4.91,4.91,4.91,4.91,3.8266,0.0,0.0,1.0
2016-02-12,5.37,5.37,5.37,5.37,4.1851,0.0,0.0,1.0
2016-02-16,5.84,5.84,5.84,5.84,4.5514,0.0,0.0,1.0
2016-02-17,6.05,6.05,6.05,6.05,4.871,0.0,0.2,1.0
2016-02-18,6.18,6.18,6.18,6.18,4.9756,0.0,0.0,1.0
2016-02-19,5.97,5.97,5.97,5.97,4.8066,0.0,0.0,1.0
2016-02-22,6.37,6.37,6.37,6.37,5.1286,0.0,0.0,1.0
2016-02-23,6.04,6.04,6.04,6.04,4.8629,0.0,0.0,1.0
2016-02-24,6.24,6.24,6.24,6.24,5.0239,0.0,0.0,1.0
2016-02-25,6.24,6.24,6.24,6.24,5.0239,0.0,0.0,1.0
2016-02-26,6.36,6.36,6.36,6.36,5.1205,0.0,0.0,1.0
2016-02-29,6.53,6.53,6.53,6.53,5.2574,0.0,0.0,1.0
2016-03-01,6.58,6.58,6.58,6.58,5.2977,0.0,0.0,1.0
2016-03-02,6.89,6.89,6.89,6.89,5.5473,0.0,0.0,1.0
2016-03-03,7.18,7.18,7.18,7.18,5.7807,0.0,0.0,1.0
2016-03-04,7.17,7.17,7.17,7.17,5.7727,0.0,0.0,1.0
2016-03-07,7.48,7.48,7.48,7.48,6.0223,0.0,0.0,1.0
2016-03-08,6.91,6.91,6.91,6.91,5.5634,0.0,0.0,1.0
2016-03-09,7.01,7.01,7.01,7.01,5.6439,0.0,0.0,1.0
2016-03-10,6.93,6.93,6.93,6.93,5.5795,0.0,0.0,1.0
2016-03-11,7.16,7.16,7.16,7.16,5.7646,0.0,0.0,1.0
2016-03-14,7.16,7.16,7.16,7.16,5.7646,0.0,0.0,1.0
2016-03-15,7.07,7.07,7.07,7.07,5.6922,0.0,0.0,1.0
2016-03-16,7.52,7.52,7.52,7.52,6.0545,0.0,0.0,1.0
2016-03-17,7.8,7.8,7.8,7.8,6.2799,0.0,0.0,1.0
2016-03-18,7.7,7.7,7.7,7.7,6.1994,0.0,0.0,1.0
2016-03-21,7.55,7.55,7.55,7.55,6.0786,0.0,0.0,1.0
2016-03-22,7.71,7.71,7.71,7.71,6.2075,0.0,0.0,1.0
2016-03-23,7.31,7.31,7.31,7.31,5.8854,0.0,0.0,1.0
2016-03-24,7.25,7.25,7.25,7.25,5.8371,0.0,0.0,1.0
2016-03-28,7.15,7.15,7.15,7.15,5.7566,0.0,0.0,1.0
2016-03-29,7.21,7.21,7.21,7.21,5.8049,0.0,0.0,1.0
2016-03-30,7.39,7.39,7.39,7.39,5.9498,0.0,0.0,1.0
2016-03-31,7.6,7.6,7.6,7.6,6.1189,0.0,0.0,1.0
2016-04-01,7.28,7.28,7.28,7.28,5.8613,0.0,0.0,1.0
2016-04-04,7.08,7.08,7.08,7.08,5.7002,0.0,0.0,1.0
2016-04-05,6.98,6.98,6.98,6.98,5.6197,0.0,0.0,1.0
2016-04-06,7.28,7.28,7.28,7.28,5.8613,0.0,0.0,1.0
2016-04-07,7.29,7.29,7.29,7.29,5.8693,0.0,0.0,1.0
2016-04-08,7.48,7.48,7.48,7.48,6.0223,0.0,0.0,1.0
2016-04-11,7.52,7.52,7.52,7.52,6.0545,0.0,0.0,1.0
2016-04-12,7.94,7.94,7.94,7.94,6.3926,0.0,0.0,1.0
2016-04-13,7.96,7.96,7.96,7.96,6.4087,0.0,0.0,1.0
2016-04-14,7.93,7.93,7.93,7.93,6.3846,0.0,0.0,1.0
2016-04-15,7.74,7.74,7.74,7.74,6.2316,0.0,0.0,1.0
2016-04-18,8.07,8.07,8.07,8.07,6.4973,0.0,0.0,1.0
2016-04-19,8.49,8.49,8.49,8.49,6.8355,0.0,0.0,1.0
2016-04-20,8.67,8.67,8.67,8.67,6.9804,0.0,0.0,1.0
2016-04-21,8.68,8.68,8.68,8.68,6.9884,0.0,0.0,1.0
2016-04-22,8.82,8.82,8.82,8.82,7.1011,0.0,0.0,1.0
2016-04-25,8.68,8.68,8.68,8.68,6.9884,0.0,0.0,1.0
2016-04-26,8.67,8.67,8.67,8.67,6.9804,0.0,0.0,1.0
2016-04-27,8.93,8.93,8.93,8.93,7.1897,0.0,0.0,1.0
2016-04-28,8.8,8.8,8.8,8.8,7.085,0.0,0.0,1.0
2016-04-29,8.96,8.96,8.96,8.96,7.2139,0.0,0.0,1.0
2016-05-02,8.78,8.78,8.78,8.78,7.0689,0.0,0.0,1.0
2016-05-03,8.56,8.56,8.56,8.56,6.8918,0.0,0.0,1.0
2016-05-04,8.64,8.64,8.64,8.64,6.9562,0.0,0.0,1.0
2016-05-05,8.8,8.8,8.8,8.8,7.085,0.0,0.0,1.0
2016-05-06,8.82,8.82,8.82,8.82,7.1011,0.0,0.0,1.0
2016-05-09,8.67,8.67,8.67,8.67,6.9804,0.0,0.0,1.0
2016-05-10,8.8,8.8,8.8,8.8,7.085,0.0,0.0,1.0
2016-05-11,8.93,8.93,8.93,8.93,7.1897,0.0,0.0,1.0
2016-05-12,9.05,9.05,9.05,9.05,7.2863,0.0,0.0,1.0
2016-05-13,8.96,8.96,8.96,8.96,7.2139,0.0,0.0,1.0
2016-05-16,9.25,9.25,9.25,9.25,7.4473,0.0,0.0,1.0
2016-05-17,9.4,9.4,9.4,9.4,7.5681,0.0,0.0,1.0
2016-05-18,8.94,8.94,8.94,8.94,7.3588,0.0,0.2,1.0
2016-05-20,9.38,9.38,9.38,9.38,7.721,0.0,0.0,1.0
2016-05-23,9.32,9.32,9.32,9.32,7.6716,0.0,0.0,1.0
2016-05-24,9.25,9.25,9.25,9.25,7.6139,0.0,0.0,1.0
2016-05-25,9.37,9.37,9.37,9.37,7.7127,0.0,0.0,1.0
2016-05-26,9.24,9.24,9.24,9.24,7.6057,0.0,0.0,1.0
2016-05-27,9.24,9.24,9.24,9.24,7.6057,0.0,0.0,1.0
2016-05-31,9.28,9.28,9.28,9.28,7.6386,0.0,0.0,1.0
2016-06-01,9.52,9.52,9.52,9.52,7.8362,0.0,0.0,1.0
2016-06-02,9.62,9.62,9.62,9.62,7.9185,0.0,0.0,1.0
2016-06-03,9.59,9.59,9.59,9.59,7.8938,0.0,0.0,1.0
2016-06-06,9.85,9.85,9.85,9.85,8.1078,0.0,0.0,1.0
2016-06-07,9.97,9.97,9.97,9.97,8.2066,0.0,0.0,1.0
2016-06-08,9.93,9.93,9.93,9.93,8.1737,0.0,0.0,1.0
2016-06-09,9.86,9.86,9.86,9.86,8.1161,0.0,0.0,1.0
2016-06-10,9.55,9.55,9.55,9.55,7.8609,0.0,0.0,1.0
2016-06-13,9.35,9.35,9.35,9.35,7.6963,0.0,0.0,1.0
2016-06-14,9.2,9.2,9.2,9.2,7.5728,0.0,0.0,1.0
2016-06-15,9.31,9.31,9.31,9.31,7.6633,0.0,0.0,1.0
2016-06-16,9.31,9.31,9.31,9.31,7.6633,0.0,0.0,1.0
2016-06-17,9.38,9.38,9.38,9.38,7.721,0.0,0.0,1.0
2016-06-20,9.47,9.47,9.47,9.47,7.795,0.0,0.0,1.0
2016-06-21,9.65,9.65,9.65,9.65,7.9432,0.0,0.0,1.0
2016-06-22,9.62,9.62,9.62,9.62,7.9185,0.0,0.0,1.0
2016-06-23,9.87,9.87,9.87,9.87,8.1243,0.0,0.0,1.0
2016-06-24,9.46,9.46,9.46,9.46,7.7868,0.0,0.0,1.0
2016-06-27,8.98,8.98,8.98,8.98,7.3917,0.0,0.0,1.0
2016-06-28,9.44,9.44,9.44,9.44,7.7703,0.0,0.0,1.0
2016-06-29,9.69,9.69,9.69,9.69,7.9761,0.0,0.0,1.0
2016-06-30,9.72,9.72,9.72,9.72,8.0008,0.0,0.0,1.0
2016-07-01,9.71,9.71,9.71,9.71,7.9926,0.0,0.0,1.0
2016-07-05,9.55,9.55,9.55,9.55,7.8609,0.0,0.0,1.0
2016-07-06,9.53,9.53,9.53,9.53,7.8444,0.0,0.0,1.0
2016-07-07,9.53,9.53,9.53,9.53,7.8444,0.0,0.0,1.0
2016-07-08,9.64,9.64,9.64,9.64,7.935,0.0,0.0,1.0
2016-07-11,9.64,9.64,9.64,9.64,7.935,0.0,0.0,1.0
2016-07-12,10.07,10.07,10.07,10.07,8.2889,0.0,0.0,1.0
2016-07-13,9.92,9.92,9.92,9.92,8.1654,0.0,0.0,1.0
2016-07-14,9.98,9.98,9.98,9.98,8.2148,0.0,0.0,1.0
2016-07-15,9.92,9.92,9.92,9.92,8.1654,0.0,0.0,1.0
2016-07-18,9.98,9.98,9.98,9.98,8.2148,0.0,0.0,1.0
2016-07-19,9.96,9.96,9.96,9.96,8.1984,0.0,0.0,1.0
2016-07-20,10.05,10.05,10.05,10.05,8.2725,0.0,0.0,1.0
2016-07-21,9.92,9.92,9.92,9.92,8.1654,0.0,0.0,1.0
2016-07-22,9.92,9.92,9.92,9.92,8.1654,0.0,0.0,1.0
2016-07-25,9.77,9.77,9.77,9.77,8.042,0.0,0.0,1.0
2016-07-26,9.67,9.67,9.67,9.67,7.9597,0.0,0.0,1.0
2016-07-27,9.54,9.54,9.54,9.54,7.8527,0.0,0.0,1.0
2016-07-28,9.51,9.51,9.51,9.51,7.828,0.0,0.0,1.0
2016-07-29,9.72,9.72,9.72,9.72,8.0008,0.0,0.0,1.0
2016-08-01,9.551,9.551,9.551,9.551,7.8617,0.0,0.0,1.0
2016-08-02,9.3523,9.3523,9.3523,9.3523,7.6982,0.0,0.0,1.0
2016-08-03,9.7,9.7,9.7,9.7,7.9844,0.0,0.0,1.0
2016-08-04,9.73,9.73,9.73,9.73,8.009,0.0,0.0,1.0
2016-08-05,9.74,9.74,9.74,9.74,8.0173,0.0,0.0,1.0
2016-08-08,9.92,9.92,9.92,9.92,8.1654,0.0,0.0,1.0
2016-08-09,9.86,9.86,9.86,9.86,8.1161,0.0,0.0,1.0
2016-08-10,9.75,9.75,9.75,9.75,8.0255,0.0,0.0,1.0
2016-08-11,9.82,9.82,9.82,9.82,8.0831,0.0,0.0,1.0
2016-08-12,9.9,9.9,9.9,9.9,8.149,0.0,0.0,1.0
2016-08-15,10.01,10.01,10.01,10.01,8.2395,0.0,0.0,1.0
2016-08-16,10.01,10.01,10.01,10.01,8.2395,0.0,0.0,1.0
2016-08-17,9.78,9.78,9.78,9.78,8.2148,0.0,0.2,1.0
2016-08-18,9.92,9.92,9.92,9.92,8.3324,0.0,0.0,1.0
2016-08-19,9.81,9.81,9.81,9.81,8.24,0.0,0.0,1.0
2016-08-22,9.66,9.66,9.66,9.66,8.114,0.0,0.0,1.0
2016-08-23,9.68,9.68,9.68,9.68,8.1308,0.0,0.0,1.0
2016-08-24,9.58,9.58,9.58,9.58,8.0468,0.0,0.0,1.0
2016-08-25,9.57,9.57,9.57,9.57,8.0384,0.0,0.0,1.0
2016-08-26,9.58,9.58,9.58,9.58,8.0468,0.0,0.0,1.0
2016-08-29,9.63,9.63,9.63,9.63,8.0888,0.0,0.0,1.0
2016-08-30,9.55,9.55,9.55,9.55,8.0216,0.0,0.0,1.0
2016-08-31,9.52,9.52,9.52,9.52,7.9964,0.0,0.0,1.0
2016-09-01,9.53,9.53,9.53,9.53,8.0048,0.0,0.0,1.0
2016-09-02,9.72,9.72,9.72,9.72,8.1644,0.0,0.0,1.0
2016-09-06,9.86,9.86,9.86,9.86,8.282,0.0,0.0,1.0
2016-09-07,9.96,9.96,9.96,9.96,8.366,0.0,0.0,1.0
2016-09-08,10.09,10.09,10.09,10.09,8.4752,0.0,0.0,1.0
2016-09-09,9.73,9.73,9.73,9.73,8.1728,0.0,0.0,1.0
2016-09-12,9.7865,9.7865,9.7865,9.7865,8.2203,0.0,0.0,1.0
2016-09-13,9.36,9.36,9.36,9.36,7.862,0.0,0.0,1.0
2016-09-14,9.39,9.39,9.39,9.39,7.8872,0.0,0.0,1.0
2016-09-15,9.42,9.42,9.42,9.42,7.9124,0.0,0.0,1.0
2016-09-16,9.45,9.45,9.45,9.45,7.9376,0.0,0.0,1.0
2016-09-19,9.65,9.65,9.65,9.65,8.1056,0.0,0.0,1.0
2016-09-20,9.56,9.56,9.56,9.56,8.03,0.0,0.0,1.0
2016-09-21,9.7601,9.7601,9.7601,9.7601,8.1981,0.0,0.0,1.0
2016-09-22,10.03,10.03,10.03,10.03,8.4248,0.0,0.0,1.0
2016-09-23,9.95,9.95,9.95,9.95,8.3576,0.0,0.0,1.0
2016-09-26,9.94,9.94,9.94,9.94,8.3492,0.0,0.0,1.0
2016-09-27,9.85,9.85,9.85,9.85,8.2736,0.0,0.0,1.0
2016-09-28,9.9959,9.9959,9.9959,9.9959,8.3962,0.0,0.0,1.0
2016-09-29,10.11,10.11,10.11,10.11,8.492,0.0,0.0,1.0
2016-09-30,10.19,10.19,10.19,10.19,8.5592,0.0,0.0,1.0
2016-10-03,10.09,10.09,10.09,10.09,8.4752,0.0,0.0,1.0
2016-10-04,9.93,9.93,9.93,9.93,8.3408,0.0,0.0,1.0
2016-10-05,10.04,10.04,10.04,10.04,8.4332,0.0,0.0,1.0
2016-10-06,9.97,9.97,9.97,9.97,8.3744,0.0,0.0,1.0
2016-10-07,9.95,9.95,9.95,9.95,8.3576,0.0,0.0,1.0
2016-10-10,10.17,10.17,10.17,10.17,8.5424,0.0,0.0,1.0
2016-10-11,10.07,10.07,10.07,10.07,8.4584,0.0,0.0,1.0
2016-10-12,10.04,10.04,10.04,10.04,8.4332,0.0,0.0,1.0
2016-10-13,10.04,10.04,10.04,10.04,8.4332,0.0,0.0,1.0
2016-10-14,10.03,10.03,10.03,10.03,8.4248,0.0,0.0,1.0
2016-10-17,10.05,10.05,10.05,10.05,8.4416,0.0,0.0,1.0
2016-10-18,10.16,10.16,10.16,10.16,8.534,0.0,0.0,1.0
2016-10-19,10.25,10.25,10.25,10.25,8.6096,0.0,0.0,1.0
2016-10-20,10.22,10.22,10.22,10.22,8.5844,0.0,0.0,1.0
2016-10-21,10.19,10.19,10.19,10.19,8.5592,0.0,0.0,1.0
2016-10-24,10.2,10.2,10.2,10.2,8.5676,0.0,0.0,1.0
2016-10-25,10.04,10.04,10.04,10.04,8.4332,0.0,0.0,1.0
2016-10-26,10.01,10.01,10.01,10.01,8.408,0.0,0.0,1.0
2016-10-27,9.98,9.98,9.98,9.98,8.3828,0.0,0.0,1.0
2016-10-28,9.87,9.87,9.87,9.87,8.2904,0.0,0.0,1.0
2016-10-31,9.68,9.68,9.68,9.68,8.1308,0.0,0.0,1.0
2016-11-01,9.56,9.56,9.56,9.56,8.03,0.0,0.0,1.0
2016-11-02,9.5,9.5,9.5,9.5,7.9796,0.0,0.0,1.0
2016-11-03,9.46,9.46,9.46,9.46,7.946,0.0,0.0,1.0
2016-11-04,9.26,9.26,9.26,9.26,7.7781,0.0,0.0,1.0
2016-11-07,9.45,9.45,9.45,9.45,7.9376,0.0,0.0,1.0
2016-11-08,9.49,9.49,9.49,9.49,7.9712,0.0,0.0,1.0
2016-11-09,9.79,9.79,9.79,9.79,8.2232,0.0,0.0,1.0
2016-11-10,9.83,9.83,9.83,9.83,8.2568,0.0,0.0,1.0
2016-11-11,9.69,9.69,9.69,9.69,8.1392,0.0,0.0,1.0
2016-11-14,9.78,9.78,9.78,9.78,8.2148,0.0,0.0,1.0
2016-11-15,10.0,10.0,10.0,10.0,8.3996,0.0,0.0,1.0
2016-11-16,9.61,9.61,9.61,9.61,8.24,0.0,0.2,1.0
2016-11-17,9.66,9.66,9.66,9.66,8.2829,0.0,0.0,1.0
2016-11-18,9.7169,9.7169,9.7169,9.7169,8.3317,0.0,0.0,1.0
2016-11-21,9.8735,9.8735,9.8735,9.8735,8.466,0.0,0.0,1.0
2016-11-22,9.94,9.94,9.94,9.94,8.523,0.0,0.0,1.0
2016-11-23,9.96,9.96,9.96,9.96,8.5401,0.0,0.0,1.0
2016-11-25,9.92,9.92,9.92,9.92,8.5058,0.0,0.0,1.0
2016-11-28,9.775,9.775,9.775,9.775,8.3815,0.0,0.0,1.0
2016-11-29,9.5853,9.5853,9.5853,9.5853,8.2189,0.0,0.0,1.0
2016-11-30,9.98,9.98,9.98,9.98,8.5573,0.0,0.0,1.0
2016-12-01,9.8425,9.8425,9.8425,9.8425,8.4394,0.0,0.0,1.0
2016-12-02,9.81,9.81,9.81,9.81,8.4115,0.0,0.0,1.0
2016-12-05,9.851,9.851,9.851,9.851,8.4467,0.0,0.0,1.0
2016-12-06,9.84,9.84,9.84,9.84,8.4372,0.0,0.0,1.0
2016-12-07,9.92,9.92,9.92,9.92,8.5058,0.0,0.0,1.0
2016-12-08,10.03,10.03,10.03,10.03,8.6002,0.0,0.0,1.0
2016-12-09,10.01,10.01,10.01,10.01,8.583,0.0,0.0,1.0
2016-12-12,10.02,10.02,10.02,10.02,8.5916,0.0,0.0,1.0
2016-12-13,10.1,10.1,10.1,10.1,8.6602,0.0,0.0,1.0
2016-12-14,9.9141,9.9141,9.9141,9.9141,8.5008,0.0,0.0,1.0
2016-12-15,9.9001,9.9001,9.9001,9.9001,8.4888,0.0,0.0,1.0
2016-12-16,10.14,10.14,10.14,10.14,8.6945,0.0,0.0,1.0
2016-12-19,10.16,10.16,10.16,10.16,8.7116,0.0,0.0,1.0
2016-12-20,10.24,10.24,10.24,10.24,8.7802,0.0,0.0,1.0
2016-12-21,10.42,10.42,10.42,10.42,8.9346,0.0,0.0,1.0
2016-12-22,10.54,10.54,10.54,10.54,9.0375,0.0,0.0,1.0
2016-12-23,10.62,10.62,10.62,10.62,9.106,0.0,0.0,1.0
2016-12-27,10.65,10.65,10.65,10.65,9.1318,0.0,0.0,1.0
2016-12-28,10.56,10.56,10.56,10.56,9.0546,0.0,0.0,1.0
2016-12-29,10.54,10.54,10.54,10.54,9.0375,0.0,0.0,1.0
2016-12-30,10.5299,10.5299,10.5299,10.5299,9.0288,0.0,0.0,1.0
2017-01-03,10.6044,10.6044,10.6044,10.6044,9.0927,0.0,0.0,1.0
2017-01-04,10.78,10.78,10.78,10.78,9.2432,0.0,0.0,1.0
2017-01-05,10.82,10.82,10.82,10.82,9.2775,0.0,0.0,1.0
2017-01-06,10.9,10.9,10.9,10.9,9.3461,0.0,0.0,1.0
2017-01-09,10.75,10.75,10.75,10.75,9.2175,0.0,0.0,1.0
2017-01-10,10.56,10.56,10.56,10.56,9.0546,0.0,0.0,1.0
2017-01-11,10.7,10.7,10.7,10.7,9.1746,0.0,0.0,1.0
2017-01-12,10.62,10.62,10.62,10.62,9.106,0.0,0.0,1.0
2017-01-13,10.68,10.68,10.68,10.68,9.1575,0.0,0.0,1.0
2017-01-17,10.82,10.82,10.82,10.82,9.2775,0.0,0.0,1.0
2017-01-18,10.76,10.76,10.76,10.76,9.2261,0.0,0.0,1.0
2017-01-19,10.71,10.71,10.71,10.71,9.1832,0.0,0.0,1.0
2017-01-20,10.7335,10.7335,10.7335,10.7335,9.2034,0.0,0.0,1.0
2017-01-23,10.69,10.69,10.69,10.69,9.1661,0.0,0.0,1.0
2017-01-24,10.99,10.99,10.99,10.99,9.4233,0.0,0.0,1.0
2017-01-25,11.2,11.2,11.2,11.2,9.6034,0.0,0.0,1.0
2017-01-26,11.4,11.4,11.4,11.4,9.7749,0.0,0.0,1.0
2017-01-27,11.19,11.19,11.19,11.19,9.5948,0.0,0.0,1.0
2017-01-30,11.2086,11.2086,11.2086,11.2086,9.6107,0.0,0.0,1.0
2017-01-31,10.9,10.9,10.9,10.9,9.3461,0.0,0.0,1.0
2017-02-01,11.15,11.15,11.15,11.15,9.5605,0.0,0.0,1.0
2017-02-02,11.22,11.22,11.22,11.22,9.6205,0.0,0.0,1.0
2017-02-03,11.36,11.36,11.36,11.36,9.7406,0.0,0.0,1.0
2017-02-06,11.31,11.31,11.31,11.31,9.6977,0.0,0.0,1.0
2017-02-07,11.18,11.18,11.18,11.18,9.5862,0.0,0.0,1.0
2017-02-08,11.18,11.18,11.18,11.18,9.5862,0.0,0.0,1.0
2017-02-09,11.31,11.31,11.31,11.31,9.6977,0.0,0.0,1.0
2017-02-10,11.34,11.34,11.34,11.34,9.7234,0.0,0.0,1.0
2017-02-13,11.38,11.38,11.38,11.38,9.7577,0.0,0.0,1.0
2017-02-14,11.46,11.46,11.46,11.46,9.8263,0.0,0.0,1.0
2017-02-15,11.3,11.3,11.3,11.3,9.8606,0.0,0.2,1.0
2017-02-16,11.16,11.16,11.16,11.16,9.7384,0.0,0.0,1.0
2017-02-17,11.11,11.11,11.11,11.11,9.6948,0.0,0.0,1.0
2017-02-21,11.22,11.22,11.22,11.22,9.7908,0.0,0.0,1.0
2017-02-22,11.05,11.05,11.05,11.05,9.6424,0.0,0.0,1.0
2017-02-23,11.03,11.03,11.03,11.03,9.625,0.0,0.0,1.0
2017-02-24,10.82,10.82,10.82,10.82,9.4417,0.0,0.0,1.0
2017-02-27,10.76,10.76,10.76,10.76,9.3894,0.0,0.0,1.0
2017-02-28,10.85,10.85,10.85,10.85,9.4679,0.0,0.0,1.0
2017-03-01,11.06,11.06,11.06,11.06,9.6512,0.0,0.0,1.0
2017-03-02,11.02,11.02,11.02,11.02,9.6163,0.0,0.0,1.0
2017-03-03,11.0,11.0,11.0,11.0,9.5988,0.0,0.0,1.0
2017-03-06,11.0,11.0,11.0,11.0,9.5988,0.0,0.0,1.0
2017-03-07,10.98,10.98,10.98,10.98,9.5814,0.0,0.0,1.0
2017-03-08,10.68,10.68,10.68,10.68,9.3196,0.0,0.0,1.0
2017-03-09,10.6,10.6,10.6,10.6,9.2498,0.0,0.0,1.0
2017-03-10,10.6,10.6,10.6,10.6,9.2498,0.0,0.0,1.0
2017-03-13,10.62,10.62,10.62,10.62,9.2672,0.0,0.0,1.0
2017-03-14,10.45,10.45,10.45,10.45,9.1189,0.0,0.0,1.0
2017-03-15,10.64,10.64,10.64,10.64,9.2847,0.0,0.0,1.0
2017-03-16,10.63,10.63,10.63,10.63,9.2759,0.0,0.0,1.0
2017-03-17,10.49,10.49,10.49,10.49,9.1538,0.0,0.0,1.0
2017-03-20,10.53,10.53,10.53,10.53,9.1887,0.0,0.0,1.0
2017-03-21,10.39,10.39,10.39,10.39,9.0665,0.0,0.0,1.0
2017-03-22,10.35,10.35,10.35,10.35,9.0316,0.0,0.0,1.0
2017-03-23,10.41,10.41,10.41,10.41,9.084,0.0,0.0,1.0
2017-03-24,10.51,10.51,10.51,10.51,9.1712,0.0,0.0,1.0
2017-03-27,10.45,10.45,10.45,10.45,9.1189,0.0,0.0,1.0
2017-03-28,10.53,10.53,10.53,10.53,9.1887,0.0,0.0,1.0
2017-03-29,10.72,10.72,10.72,10.72,9.3545,0.0,0.0,1.0
2017-03-30,10.7,10.7,10.7,10.7,9.337,0.0,0.0,1.0
2017-03-31,10.88,10.88,10.88,10.88,9.4941,0.0,0.0,1.0
2017-04-03,10.86,10.86,10.86,10.86,9.4766,0.0,0.0,1.0
2017-04-04,10.9,10.9,10.9,10.9,9.5116,0.0,0.0,1.0
2017-04-05,10.81,10.81,10.81,10.81,9.433,0.0,0.0,1.0
2017-04-06,10.95,10.95,10.95,10.95,9.5552,0.0,0.0,1.0
2017-04-07,10.89,10.89,10.89,10.89,9.5028,0.0,0.0,1.0
2017-04-10,10.93,10.93,10.93,10.93,9.5377,0.0,0.0,1.0
2017-04-11,10.83,10.83,10.83,10.83,9.4505,0.0,0.0,1.0
2017-04-12,10.7815,10.7815,10.7815,10.7815,9.4081,0.0,0.0,1.0
2017-04-13,10.6845,10.6845,10.6845,10.6845,9.3235,0.0,0.0,1.0
2017-04-17,10.65,10.65,10.65,10.65,9.2934,0.0,0.0,1.0
2017-04-18,10.66,10.66,10.66,10.66,9.3021,0.0,0.0,1.0
2017-04-19,10.6074,10.6074,10.6074,10.6074,9.2562,0.0,0.0,1.0
2017-04-20,10.58,10.58,10.58,10.58,9.2323,0.0,0.0,1.0
2017-04-21,10.56,10.56,10.56,10.56,9.2149,0.0,0.0,1.0
2017-04-24,10.6668,10.6668,10.6668,10.6668,9.3081,0.0,0.0,1.0
2017-04-25,10.84,10.84,10.84,10.84,9.4592,0.0,0.0,1.0
2017-04-26,10.77,10.77,10.77,10.77,9.3981,0.0,0.0,1.0
2017-04-27,10.66,10.66,10.66,10.66,9.3021,0.0,0.0,1.0
2017-04-28,10.65,10.65,10.65,10.65,9.2934,0.0,0.0,1.0
2017-05-01,10.69,10.69,10.69,10.69,9.3283,0.0,0.0,1.0
2017-05-02,10.59,10.59,10.59,10.59,9.241,0.0,0.0,1.0
2017-05-03,10.45,10.45,10.45,10.45,9.1189,0.0,0.0,1.0
2017-05-04,10.01,10.01,10.01,10.01,8.7349,0.0,0.0,1.0
2017-05-05,10.3,10.3,10.3,10.3,8.988,0.0,0.0,1.0
2017-05-08,10.33,10.33,10.33,10.33,9.0142,0.0,0.0,1.0
2017-05-09,10.16,10.16,10.16,10.16,8.8658,0.0,0.0,1.0
2017-05-10,10.36,10.36,10.36,10.36,9.0403,0.0,0.0,1.0
2017-05-11,10.31,10.31,10.31,10.31,8.9967,0.0,0.0,1.0
2017-05-12,10.3305,10.3305,10.3305,10.3305,9.0146,0.0,0.0,1.0
2017-05-15,10.4247,10.4247,10.4247,10.4247,9.0968,0.0,0.0,1.0
2017-05-16,10.4479,10.4479,10.4479,10.4479,9.117,0.0,0.0,1.0
2017-05-17,9.985,9.985,9.985,9.985,8.8876,0.0,0.2,1.0
2017-05-18,9.9966,9.9966,9.9966,9.9966,8.898,0.0,0.0,1.0
2017-05-19,10.2,10.2,10.2,10.2,9.079,0.0,0.0,1.0
2017-05-22,10.24,10.24,10.24,10.24,9.1146,0.0,0.0,1.0
2017-05-23,10.293,10.293,10.293,10.293,9.1618,0.0,0.0,1.0
2017-05-24,10.26,10.26,10.26,10.26,9.1324,0.0,0.0,1.0
2017-05-25,10.1,10.1,10.1,10.1,8.99,0.0,0.0,1.0
2017-05-26,10.04,10.04,10.04,10.04,8.9366,0.0,0.0,1.0
2017-05-30,9.83,9.83,9.83,9.83,8.7497,0.0,0.0,1.0
2017-05-31,9.77,9.77,9.77,9.77,8.6963,0.0,0.0,1.0
2017-06-01,9.87,9.87,9.87,9.87,8.7853,0.0,0.0,1.0
2017-06-02,9.73,9.73,9.73,9.73,8.6607,0.0,0.0,1.0
2017-06-05,9.74,9.74,9.74,9.74,8.6696,0.0,0.0,1.0
2017-06-06,9.76,9.76,9.76,9.76,8.6874,0.0,0.0,1.0
2017-06-07,9.5,9.5,9.5,9.5,8.4559,0.0,0.0,1.0
2017-06-08,9.42,9.42,9.42,9.42,8.3847,0.0,0.0,1.0
2017-06-09,9.54,9.54,9.54,9.54,8.4915,0.0,0.0,1.0
2017-06-12,9.56,9.56,9.56,9.56,8.5093,0.0,0.0,1.0
2017-06-13,9.57,9.57,9.57,9.57,8.5182,0.0,0.0,1.0
2017-06-14,9.4745,9.4745,9.4745,9.4745,8.4332,0.0,0.0,1.0
2017-06-15,9.09,9.09,9.09,9.09,8.091,0.0,0.0,1.0
2017-06-16,9.31,9.31,9.31,9.31,8.2868,0.0,0.0,1.0
2017-06-19,9.18,9.18,9.18,9.18,8.1711,0.0,0.0,1.0
2017-06-20,8.87,8.87,8.87,8.87,7.8952,0.0,0.0,1.0
2017-06-21,8.73,8.73,8.73,8.73,7.7706,0.0,0.0,1.0
2017-06-22,8.88,8.88,8.88,8.88,7.9041,0.0,0.0,1.0
2017-06-23,9.003,9.003,9.003,9.003,8.0136,0.0,0.0,1.0
2017-06-26,9.35,9.35,9.35,9.35,8.3224,0.0,0.0,1.0
2017-06-27,9.3,9.3,9.3,9.3,8.2779,0.0,0.0,1.0
2017-06-28,9.49,9.49,9.49,9.49,8.447,0.0,0.0,1.0
2017-06-29,9.55,9.55,9.55,9.55,8.5004,0.0,0.0,1.0
2017-06-30,9.66,9.66,9.66,9.66,8.5983,0.0,0.0,1.0
2017-07-03,9.84,9.84,9.84,9.84,8.7586,0.0,0.0,1.0
2017-07-05,9.64,9.64,9.64,9.64,8.5805,0.0,0.0,1.0
2017-07-06,9.58,9.58,9.58,9.58,8.5271,0.0,0.0,1.0
2017-07-07,9.6,9.6,9.6,9.6,8.5449,0.0,0.0,1.0
2017-07-10,9.48,9.48,9.48,9.48,8.4381,0.0,0.0,1.0
2017-07-11,9.51,9.51,9.51,9.51,8.4648,0.0,0.0,1.0
2017-07-12,9.65,9.65,9.65,9.65,8.5894,0.0,0.0,1.0
2017-07-13,9.64,9.64,9.64,9.64,8.5805,0.0,0.0,1.0
2017-07-14,9.86,9.86,9.86,9.86,8.7764,0.0,0.0,1.0
2017-07-17,9.8,9.8,9.8,9.8,8.723,0.0,0.0,1.0
2017-07-18,9.8,9.8,9.8,9.8,8.723,0.0,0.0,1.0
2017-07-19,9.8,9.8,9.8,9.8,8.723,0.0,0.0,1.0
2017-07-20,9.71,9.71,9.71,9.71,8.6429,0.0,0.0,1.0
2017-07-21,9.63,9.63,9.63,9.63,8.5716,0.0,0.0,1.0
2017-07-24,9.68,9.68,9.68,9.68,8.6161,0.0,0.0,1.0
2017-07-25,9.75,9.75,9.75,9.75,8.6785,0.0,0.0,1.0
2017-07-26,9.7,9.7,9.7,9.7,8.6339,0.0,0.0,1.0
2017-07-27,9.73,9.73,9.73,9.73,8.6607,0.0,0.0,1.0
2017-07-28,9.72,9.72,9.72,9.72,8.6518,0.0,0.0,1.0
2017-07-31,9.73,9.73,9.73,9.73,8.6607,0.0,0.0,1.0
2017-08-01,9.76,9.76,9.76,9.76,8.6874,0.0,0.0,1.0
2017-08-02,9.79,9.79,9.79,9.79,8.7141,0.0,0.0,1.0
2017-08-03,9.61,9.61,9.61,9.61,8.5538,0.0,0.0,1.0
2017-08-04,9.52,9.52,9.52,9.52,8.4737,0.0,0.0,1.0
2017-08-07,9.43,9.43,9.43,9.43,8.3936,0.0,0.0,1.0
2017-08-08,9.17,9.17,9.17,9.17,8.1622,0.0,0.0,1.0
2017-08-09,9.25,9.25,9.25,9.25,8.2334,0.0,0.0,1.0
2017-08-10,9.11,9.11,9.11,9.11,8.1088,0.0,0.0,1.0
2017-08-11,9.0892,9.0892,9.0892,9.0892,8.0903,0.0,0.0,1.0
2017-08-14,9.03,9.03,9.03,9.03,8.0376,0.0,0.0,1.0
2017-08-15,8.84,8.84,8.84,8.84,7.8685,0.0,0.0,1.0
2017-08-16,8.77,8.77,8.77,8.77,7.8062,0.0,0.0,1.0
2017-08-17,8.72,8.72,8.72,8.72,7.7617,0.0,0.0,1.0
2017-08-18,8.72,8.72,8.72,8.72,7.7617,0.0,0.0,1.0
2017-08-21,8.61,8.61,8.61,8.61,7.6637,0.0,0.0,1.0
2017-08-22,8.76,8.76,8.76,8.76,7.7973,0.0,0.0,1.0
2017-08-23,8.69,8.69,8.69,8.69,7.913,0.0,0.2,1.0
2017-08-24,8.69,8.69,8.69,8.69,7.913,0.0,0.0,1.0
2017-08-25,8.72,8.72,8.72,8.72,7.9403,0.0,0.0,1.0
2017-08-28,8.6842,8.6842,8.6842,8.6842,7.9077,0.0,0.0,1.0
2017-08-29,8.7,8.7,8.7,8.7,7.9221,0.0,0.0,1.0
2017-08-30,8.78,8.78,8.78,8.78,7.9949,0.0,0.0,1.0
2017-08-31,9.02,9.02,9.02,9.02,8.2135,0.0,0.0,1.0
2017-09-01,9.02,9.02,9.02,9.02,8.2135,0.0,0.0,1.0
2017-09-05,8.93,8.93,8.93,8.93,8.1315,0.0,0.0,1.0
2017-09-06,9.01,9.01,9.01,9.01,8.2044,0.0,0.0,1.0
2017-09-07,9.04,9.04,9.04,9.04,8.2317,0.0,0.0,1.0
2017-09-08,8.97,8.97,8.97,8.97,8.1679,0.0,0.0,1.0
2017-09-11,9.03,9.03,9.03,9.03,8.2226,0.0,0.0,1.0
2017-09-12,9.02,9.02,9.02,9.02,8.2135,0.0,0.0,1.0
2017-09-13,9.13,9.13,9.13,9.13,8.3136,0.0,0.0,1.0
2017-09-14,9.19,9.19,9.19,9.19,8.3683,0.0,0.0,1.0
2017-09-15,9.11,9.11,9.11,9.11,8.2954,0.0,0.0,1.0
2017-09-18,9.13,9.13,9.13,9.13,8.3136,0.0,0.0,1.0
2017-09-19,9.09,9.09,9.09,9.09,8.2772,0.0,0.0,1.0
2017-09-20,9.09,9.09,9.09,9.09,8.2772,0.0,0.0,1.0
2017-09-21,8.97,8.97,8.97,8.97,8.1679,0.0,0.0,1.0
2017-09-22,8.96,8.96,8.96,8.96,8.1588,0.0,0.0,1.0
2017-09-25,9.0427,9.0427,9.0427,9.0427,8.2341,0.0,0.0,1.0
2017-09-26,9.21,9.21,9.21,9.21,8.3865,0.0,0.0,1.0
2017-09-27,9.19,9.19,9.19,9.19,8.3683,0.0,0.0,1.0
2017-09-28,9.1687,9.1687,9.1687,9.1687,8.3489,0.0,0.0,1.0
2017-09-29,9.2113,9.2113,9.2113,9.2113,8.3877,0.0,0.0,1.0
2017-10-02,9.2133,9.2133,9.2133,9.2133,8.3895,0.0,0.0,1.0
2017-10-03,9.2196,9.2196,9.2196,9.2196,8.3952,0.0,0.0,1.0
2017-10-04,9.2451,9.2451,9.2451,9.2451,8.4184,0.0,0.0,1.0
2017-10-05,9.3267,9.3267,9.3267,9.3267,8.4927,0.0,0.0,1.0
2017-10-06,9.34,9.34,9.34,9.34,8.5048,0.0,0.0,1.0
2017-10-09,9.28,9.28,9.28,9.28,8.4502,0.0,0.0,1.0
2017-10-10,9.29,9.29,9.29,9.29,8.4593,0.0,0.0,1.0
2017-10-11,9.37,9.37,9.37,9.37,8.5322,0.0,0.0,1.0
2017-10-12,9.25,9.25,9.25,9.25,8.4229,0.0,0.0,1.0
2017-10-13,9.1994,9.1994,9.1994,9.1994,8.3768,0.0,0.0,1.0
2017-10-16,9.1249,9.1249,9.1249,9.1249,8.309,0.0,0.0,1.0
2017-10-17,9.0217,9.0217,9.0217,9.0217,8.215,0.0,0.0,1.0
2017-10-18,8.9046,8.9046,8.9046,8.9046,8.1084,0.0,0.0,1.0
2017-10-19,8.83,8.83,8.83,8.83,8.0405,0.0,0.0,1.0
2017-10-20,8.75,8.75,8.75,8.75,7.9676,0.0,0.0,1.0
2017-10-23,8.59,8.59,8.59,8.59,7.8219,0.0,0.0,1.0
2017-10-24,8.54,8.54,8.54,8.54,7.7764,0.0,0.0,1.0
2017-10-25,8.3767,8.3767,8.3767,8.3767,7.6277,0.0,0.0,1.0
2017-10-26,8.2956,8.2956,8.2956,8.2956,7.5538,0.0,0.0,1.0
2017-10-27,8.55,8.55,8.55,8.55,7.7855,0.0,0.0,1.0
2017-10-30,8.59,8.59,8.59,8.59,7.8219,0.0,0.0,1.0
2017-10-31,8.58,8.58,8.58,8.58,7.8128,0.0,0.0,1.0
2017-11-01,8.79,8.79,8.79,8.79,8.004,0.0,0.0,1.0
2017-11-02,8.6,8.6,8.6,8.6,7.831,0.0,0.0,1.0
2017-11-03,8.69,8.69,8.69,8.69,7.913,0.0,0.0,1.0
2017-11-06,8.84,8.84,8.84,8.84,8.0496,0.0,0.0,1.0
2017-11-07,8.9,8.9,8.9,8.9,8.1042,0.0,0.0,1.0
2017-11-08,8.841,8.841,8.841,8.841,8.0505,0.0,0.0,1.0
2017-11-09,8.69,8.69,8.69,8.69,7.913,0.0,0.0,1.0
2017-11-10,8.65,8.65,8.65,8.65,7.8765,0.0,0.0,1.0
2017-11-13,8.45,8.45,8.45,8.45,7.6944,0.0,0.0,1.0
2017-11-14,8.26,8.26,8.26,8.26,7.5214,0.0,0.0,1.0
2017-11-15,8.28,8.28,8.28,8.28,7.5396,0.0,0.0,1.0
2017-11-16,8.31,8.31,8.31,8.31,7.5669,0.0,0.0,1.0
2017-11-17,8.32,8.32,8.32,8.32,7.5761,0.0,0.0,1.0
2017-11-20,8.3295,8.3295,8.3295,8.3295,7.5847,0.0,0.0,1.0
2017-11-21,8.3193,8.3193,8.3193,8.3193,7.5754,0.0,0.0,1.0
2017-11-22,8.0189,8.0189,8.0189,8.0189,7.484,0.0,0.2,1.0
2017-11-24,8.05,8.05,8.05,8.05,7.513,0.0,0.0,1.0
2017-11-27,7.88,7.88,7.88,7.88,7.3544,0.0,0.0,1.0
2017-11-28,7.86,7.86,7.86,7.86,7.3357,0.0,0.0,1.0
2017-11-29,7.8314,7.8314,7.8314,7.8314,7.309,0.0,0.0,1.0
2017-11-30,8.0277,8.0277,8.0277,8.0277,7.4922,0.0,0.0,1.0
2017-12-01,8.21,8.21,8.21,8.21,7.6623,0.0,0.0,1.0
2017-12-04,8.32,8.32,8.32,8.32,7.765,0.0,0.0,1.0
2017-12-05,8.25,8.25,8.25,8.25,7.6997,0.0,0.0,1.0
2017-12-06,8.06,8.06,8.06,8.06,7.5224,0.0,0.0,1.0
2017-12-07,8.25,8.25,8.25,8.25,7.6997,0.0,0.0,1.0
2017-12-08,8.28,8.28,8.28,8.28,7.7277,0.0,0.0,1.0
2017-12-11,8.49,8.49,8.49,8.49,7.9237,0.0,0.0,1.0
2017-12-12,8.56,8.56,8.56,8.56,7.989,0.0,0.0,1.0
2017-12-13,8.58,8.58,8.58,8.58,8.0077,0.0,0.0,1.0
2017-12-14,8.63,8.63,8.63,8.63,8.0543,0.0,0.0,1.0
2017-12-15,8.51,8.51,8.51,8.51,7.9423,0.0,0.0,1.0
2017-12-18,8.6,8.6,8.6,8.6,8.0263,0.0,0.0,1.0
2017-12-19,8.46,8.46,8.46,8.46,7.8957,0.0,0.0,1.0
2017-12-20,8.42,8.42,8.42,8.42,7.8583,0.0,0.0,1.0
2017-12-21,8.47,8.47,8.47,8.47,7.905,0.0,0.0,1.0
2017-12-22,8.56,8.56,8.56,8.56,7.989,0.0,0.0,1.0
2017-12-26,8.65,8.65,8.65,8.65,8.073,0.0,0.0,1.0
2017-12-27,8.6384,8.6384,8.6384,8.6384,8.0622,0.0,0.0,1.0
2017-12-28,8.6487,8.6487,8.6487,8.6487,8.0718,0.0,0.0,1.0
2017-12-29,8.6421,8.6421,8.6421,8.6421,8.0656,0.0,0.0,1.0
2018-01-02,8.8298,8.8298,8.8298,8.8298,8.2408,0.0,0.0,1.0
2018-01-03,9.0899,9.0899,9.0899,9.0899,8.4836,0.0,0.0,1.0
2018-01-04,9.2476,9.2476,9.2476,9.2476,8.6307,0.0,0.0,1.0
2018-01-05,9.15,9.15,9.15,9.15,8.5396,0.0,0.0,1.0
2018-01-08,9.22,9.22,9.22,9.22,8.605,0.0,0.0,1.0
2018-01-09,9.26,9.26,9.26,9.26,8.6423,0.0,0.0,1.0
2018-01-10,9.2647,9.2647,9.2647,9.2647,8.6467,0.0,0.0,1.0
2018-01-11,9.4341,9.4341,9.4341,9.4341,8.8048,0.0,0.0,1.0
2018-01-12,9.66,9.66,9.66,9.66,9.0156,0.0,0.0,1.0
2018-01-16,9.57,9.57,9.57,9.57,8.9316,0.0,0.0,1.0
2018-01-17,9.53,9.53,9.53,9.53,8.8943,0.0,0.0,1.0
2018-01-18,9.39,9.39,9.39,9.39,8.7636,0.0,0.0,1.0
2018-01-19,9.47,9.47,9.47,9.47,8.8383,0.0,0.0,1.0
2018-01-22,9.6534,9.6534,9.6534,9.6534,9.0095,0.0,0.0,1.0
2018-01-23,9.7959,9.7959,9.7959,9.7959,9.1425,0.0,0.0,1.0
2018-01-24,9.75,9.75,9.75,9.75,9.0996,0.0,0.0,1.0
2018-01-25,9.74,9.74,9.74,9.74,9.0903,0.0,0.0,1.0
2018-01-26,9.81,9.81,9.81,9.81,9.1556,0.0,0.0,1.0
2018-01-29,9.6277,9.6277,9.6277,9.6277,8.9855,0.0,0.0,1.0
2018-01-30,9.3216,9.3216,9.3216,9.3216,8.6998,0.0,0.0,1.0
2018-01-31,9.35,9.35,9.35,9.35,8.7263,0.0,0.0,1.0
2018-02-01,9.45,9.45,9.45,9.45,8.8196,0.0,0.0,1.0
2018-02-02,9.07,9.07,9.07,9.07,8.465,0.0,0.0,1.0
2018-02-05,8.6806,8.6806,8.6806,8.6806,8.1016,0.0,0.0,1.0
2018-02-06,9.08,9.08,9.08,9.08,8.4743,0.0,0.0,1.0
2018-02-07,8.9942,8.9942,8.9942,8.9942,8.3942,0.0,0.0,1.0
2018-02-08,8.61,8.61,8.61,8.61,8.0357,0.0,0.0,1.0
2018-02-09,8.47,8.47,8.47,8.47,7.905,0.0,0.0,1.0
2018-02-12,8.6877,8.6877,8.6877,8.6877,8.1082,0.0,0.0,1.0
2018-02-13,8.8117,8.8117,8.8117,8.8117,8.2239,0.0,0.0,1.0
2018-02-14,8.9402,8.9402,8.9402,8.9402,8.3438,0.0,0.0,1.0
2018-02-15,8.64,8.64,8.64,8.64,8.2503,0.0,0.2,1.0
2018-02-16,8.47,8.47,8.47,8.47,8.088,0.0,0.0,1.0
2018-02-20,8.4232,8.4232,8.4232,8.4232,8.0433,0.0,0.0,1.0
2018-02-21,8.3539,8.3539,8.3539,8.3539,7.9771,0.0,0.0,1.0
2018-02-22,8.07,8.07,8.07,8.07,7.706,0.0,0.0,1.0
2018-02-23,8.16,8.16,8.16,8.16,7.792,0.0,0.0,1.0
2018-02-26,8.17,8.17,8.17,8.17,7.8015,0.0,0.0,1.0
2018-02-27,8.05,8.05,8.05,8.05,7.6869,0.0,0.0,1.0
2018-02-28,7.83,7.83,7.83,7.83,7.4769,0.0,0.0,1.0
2018-03-01,7.7368,7.7368,7.7368,7.7368,7.3879,0.0,0.0,1.0
2018-03-02,7.86,7.86,7.86,7.86,7.5055,0.0,0.0,1.0
2018-03-05,7.9822,7.9822,7.9822,7.9822,7.6222,0.0,0.0,1.0
2018-03-06,7.9567,7.9567,7.9567,7.9567,7.5978,0.0,0.0,1.0
2018-03-07,7.88,7.88,7.88,7.88,7.5246,0.0,0.0,1.0
2018-03-08,7.82,7.82,7.82,7.82,7.4673,0.0,0.0,1.0
2018-03-09,7.96,7.96,7.96,7.96,7.601,0.0,0.0,1.0
2018-03-12,8.13,8.13,8.13,8.13,7.7633,0.0,0.0,1.0
2018-03-13,8.13,8.13,8.13,8.13,7.7633,0.0,0.0,1.0
2018-03-14,7.97,7.97,7.97,7.97,7.6105,0.0,0.0,1.0
2018-03-15,7.47,7.47,7.47,7.47,7.1331,0.0,0.0,1.0
2018-03-16,7.55,7.55,7.55,7.55,7.2095,0.0,0.0,1.0
2018-03-19,7.25,7.25,7.25,7.25,6.923,0.0,0.0,1.0
2018-03-20,7.16,7.16,7.16,7.16,6.8371,0.0,0.0,1.0
2018-03-21,7.3,7.3,7.3,7.3,6.9708,0.0,0.0,1.0
2018-03-22,7.09,7.09,7.09,7.09,6.7702,0.0,0.0,1.0
2018-03-23,6.99,6.99,6.99,6.99,6.6747,0.0,0.0,1.0
2018-03-26,7.04,7.04,7.04,7.04,6.7225,0.0,0.0,1.0
2018-03-27,6.94,6.94,6.94,6.94,6.627,0.0,0.0,1.0
2018-03-28,6.92,6.92,6.92,6.92,6.6079,0.0,0.0,1.0
2018-03-29,7.09,7.09,7.09,7.09,6.7702,0.0,0.0,1.0
2018-04-02,7.04,7.04,7.04,7.04,6.7225,0.0,0.0,1.0
2018-04-03,7.11,7.11,7.11,7.11,6.7893,0.0,0.0,1.0
2018-04-04,7.07,7.07,7.07,7.07,6.7511,0.0,0.0,1.0
2018-04-05,7.23,7.23,7.23,7.23,6.9039,0.0,0.0,1.0
2018-04-06,7.08,7.08,7.08,7.08,6.7607,0.0,0.0,1.0
2018-04-09,7.05,7.05,7.05,7.05,6.732,0.0,0.0,1.0
2018-04-10,7.31,7.31,7.31,7.31,6.9803,0.0,0.0,1.0
2018-04-11,7.43,7.43,7.43,7.43,7.0949,0.0,0.0,1.0
2018-04-12,7.36,7.36,7.36,7.36,7.0281,0.0,0.0,1.0
2018-04-13,7.37,7.37,7.37,7.37,7.0376,0.0,0.0,1.0
2018-04-16,7.76,7.76,7.76,7.76,7.41,0.0,0.0,1.0
2018-04-17,7.87,7.87,7.87,7.87,7.5151,0.0,0.0,1.0
2018-04-18,7.8,7.8,7.8,7.8,7.4482,0.0,0.0,1.0
2018-04-19,7.68,7.68,7.68,7.68,7.3336,0.0,0.0,1.0
2018-04-20,7.67,7.67,7.67,7.67,7.3241,0.0,0.0,1.0
2018-04-23,7.84,7.84,7.84,7.84,7.4864,0.0,0.0,1.0
2018-04-24,7.61,7.61,7.61,7.61,7.2668,0.0,0.0,1.0
2018-04-25,7.7,7.7,7.7,7.7,7.3527,0.0,0.0,1.0
2018-04-26,7.74,7.74,7.74,7.74,7.3909,0.0,0.0,1.0
2018-04-27,7.78,7.78,7.78,7.78,7.4291,0.0,0.0,1.0
2018-04-30,7.84,7.84,7.84,7.84,7.4864,0.0,0.0,1.0
2018-05-01,7.84,7.84,7.84,7.84,7.4864,0.0,0.0,1.0
2018-05-02,7.69,7.69,7.69,7.69,7.3432,0.0,0.0,1.0
2018-05-03,7.59,7.59,7.59,7.59,7.2477,0.0,0.0,1.0
2018-05-04,7.7,7.7,7.7,7.7,7.3527,0.0,0.0,1.0
2018-05-07,7.7,7.7,7.7,7.7,7.3527,0.0,0.0,1.0
2018-05-08,7.86,7.86,7.86,7.86,7.5055,0.0,0.0,1.0
2018-05-09,7.98,7.98,7.98,7.98,7.6201,0.0,0.0,1.0
2018-05-10,8.04,8.04,8.04,8.04,7.6774,0.0,0.0,1.0
2018-05-11,8.03,8.03,8.03,8.03,7.6678,0.0,0.0,1.0
2018-05-14,8.21,8.21,8.21,8.21,7.8397,0.0,0.0,1.0
2018-05-15,8.16,8.16,8.16,8.16,7.792,0.0,0.0,1.0
2018-05-16,8.23,8.23,8.23,8.23,7.8588,0.0,0.0,1.0
2018-05-17,8.33,8.33,8.33,8.33,7.9543,0.0,0.0,1.0
2018-05-18,8.3,8.3,8.3,8.3,7.9257,0.0,0.0,1.0
2018-05-21,8.36,8.36,8.36,8.36,7.983,0.0,0.0,1.0
2018-05-22,8.36,8.36,8.36,8.36,7.983,0.0,0.0,1.0
2018-05-23,8.15,8.15,8.15,8.15,7.9734,0.0,0.2,1.0
2018-05-24,7.94,7.94,7.94,7.94,7.768,0.0,0.0,1.0
2018-05-25,7.89,7.89,7.89,7.89,7.719,0.0,0.0,1.0
2018-05-29,7.89,7.89,7.89,7.89,7.719,0.0,0.0,1.0
2018-05-30,8.16,8.16,8.16,8.16,7.9832,0.0,0.0,1.0
2018-05-31,8.19,8.19,8.19,8.19,8.0125,0.0,0.0,1.0
2018-06-01,8.3,8.3,8.3,8.3,8.1202,0.0,0.0,1.0
2018-06-04,8.34,8.34,8.34,8.34,8.1593,0.0,0.0,1.0
2018-06-05,8.39,8.39,8.39,8.39,8.2082,0.0,0.0,1.0
2018-06-06,8.3,8.3,8.3,8.3,8.1202,0.0,0.0,1.0
2018-06-07,8.39,8.39,8.39,8.39,8.2082,0.0,0.0,1.0
2018-06-08,8.25,8.25,8.25,8.25,8.0712,0.0,0.0,1.0
2018-06-11,8.47,8.47,8.47,8.47,8.2865,0.0,0.0,1.0
2018-06-12,8.43,8.43,8.43,8.43,8.2473,0.0,0.0,1.0
2018-06-13,8.25,8.25,8.25,8.25,8.0712,0.0,0.0,1.0
2018-06-14,8.27,8.27,8.27,8.27,8.0908,0.0,0.0,1.0
2018-06-15,8.01,8.01,8.01,8.01,7.8364,0.0,0.0,1.0
2018-06-18,8.14,8.14,8.14,8.14,7.9636,0.0,0.0,1.0
2018-06-19,8.1,8.1,8.1,8.1,7.9245,0.0,0.0,1.0
2018-06-20,8.21,8.21,8.21,8.21,8.0321,0.0,0.0,1.0
2018-06-21,8.09,8.09,8.09,8.09,7.9147,0.0,0.0,1.0
2018-06-22,8.21,8.21,8.21,8.21,8.0321,0.0,0.0,1.0
2018-06-25,7.97,7.97,7.97,7.97,7.7973,0.0,0.0,1.0
2018-06-26,8.15,8.15,8.15,8.15,7.9734,0.0,0.0,1.0
2018-06-27,8.02,8.02,8.02,8.02,7.8462,0.0,0.0,1.0
2018-06-28,8.02,8.02,8.02,8.02,7.8462,0.0,0.0,1.0
2018-06-29,8.08,8.08,8.08,8.08,7.9049,0.0,0.0,1.0
2018-07-02,7.96,7.96,7.96,7.96,7.7875,0.0,0.0,1.0
2018-07-03,8.02,8.02,8.02,8.02,7.8462,0.0,0.0,1.0
2018-07-05,8.09,8.09,8.09,8.09,7.9147,0.0,0.0,1.0
2018-07-06,8.17,8.17,8.17,8.17,7.993,0.0,0.0,1.0
2018-07-09,8.19,8.19,8.19,8.19,8.0125,0.0,0.0,1.0
2018-07-10,8.19,8.19,8.19,8.19,8.0125,0.0,0.0,1.0
2018-07-11,8.09,8.09,8.09,8.09,7.9147,0.0,0.0,1.0
2018-07-12,8.21,8.21,8.21,8.21,8.0321,0.0,0.0,1.0
2018-07-13,8.25,8.25,8.25,8.25,8.0712,0.0,0.0,1.0
2018-07-16,8.18,8.18,8.18,8.18,8.0028,0.0,0.0,1.0
2018-07-17,8.11,8.11,8.11,8.11,7.9343,0.0,0.0,1.0
2018-07-18,8.25,8.25,8.25,8.25,8.0712,0.0,0.0,1.0
2018-07-19,8.57,8.57,8.57,8.57,8.3843,0.0,0.0,1.0
2018-07-20,8.38,8.38,8.38,8.38,8.1984,0.0,0.0,1.0
2018-07-23,8.42,8.42,8.42,8.42,8.2376,0.0,0.0,1.0
2018-07-24,8.47,8.47,8.47,8.47,8.2865,0.0,0.0,1.0
2018-07-25,8.66,8.66,8.66,8.66,8.4724,0.0,0.0,1.0
2018-07-26,8.76,8.76,8.76,8.76,8.5702,0.0,0.0,1.0
2018-07-27,8.48,8.48,8.48,8.48,8.2963,0.0,0.0,1.0
2018-07-30,8.63,8.63,8.63,8.63,8.443,0.0,0.0,1.0
2018-07-31,8.7,8.7,8.7,8.7,8.5115,0.0,0.0,1.0
2018-08-01,8.76,8.76,8.76,8.76,8.5702,0.0,0.0,1.0
2018-08-02,9.04,9.04,9.04,9.04,8.8441,0.0,0.0,1.0
2018-08-03,9.05,9.05,9.05,9.05,8.8539,0.0,0.0,1.0
2018-08-06,9.16,9.16,9.16,9.16,8.9615,0.0,0.0,1.0
2018-08-07,9.11,9.11,9.11,9.11,8.9126,0.0,0.0,1.0
2018-08-08,9.17,9.17,9.17,9.17,8.9713,0.0,0.0,1.0
2018-08-09,9.28,9.28,9.28,9.28,9.0789,0.0,0.0,1.0
2018-08-10,9.28,9.28,9.28,9.28,9.0789,0.0,0.0,1.0
2018-08-13,9.05,9.05,9.05,9.05,8.8539,0.0,0.0,1.0
2018-08-14,9.09,9.09,9.09,9.09,8.893,0.0,0.0,1.0
2018-08-15,8.91,8.91,8.91,8.91,8.7169,0.0,0.0,1.0
2018-08-16,8.96,8.96,8.96,8.96,8.7659,0.0,0.0,1.0
2018-08-17,9.11,9.11,9.11,9.11,8.9126,0.0,0.0,1.0
2018-08-20,9.22,9.22,9.22,9.22,9.0202,0.0,0.0,1.0
2018-08-21,9.14,9.14,9.14,9.14,8.942,0.0,0.0,1.0
2018-08-22,9.28,9.28,9.28,9.28,9.0789,0.0,0.0,1.0
2018-08-23,9.03,9.03,9.03,9.03,9.03,0.0,0.2,1.0
2018-08-24,9.06,9.06,9.06,9.06,9.06,0.0,0.0,1.0
2018-08-27,9.07,9.07,9.07,9.07,9.07,0.0,0.0,1.0
2018-08-28,8.9,8.9,8.9,8.9,8.9,0.0,0.0,1.0
2018-08-29,8.77,8.77,8.77,8.77,8.77,0.0,0.0,1.0
2018-08-30,8.73,8.73,8.73,8.73,8.73,0.0,0.0,1.0
2018-08-31,8.64,8.64,8.64,8.64,8.64,0.0,0.0,1.0
2018-09-04,8.73,8.73,8.73,8.73,8.73,0.0,0.0,1.0
2018-09-05,8.8,8.8,8.8,8.8,8.8,0.0,0.0,1.0
2018-09-06,8.69,8.69,8.69,8.69,8.69,0.0,0.0,1.0
2018-09-07,8.66,8.66,8.66,8.66,8.66,0.0,0.0,1.0
2018-09-10,8.69,8.69,8.69,8.69,8.69,0.0,0.0,1.0
2018-09-11,8.76,8.76,8.76,8.76,8.76,0.0,0.0,1.0
2018-09-12,8.79,8.79,8.79,8.79,8.79,0.0,0.0,1.0
2018-09-13,8.74,8.74,8.74,8.74,8.74,0.0,0.0,1.0
2018-09-14,8.7,8.7,8.7,8.7,8.7,0.0,0.0,1.0
2018-09-17,8.61,8.61,8.61,8.61,8.61,0.0,0.0,1.0
2018-09-18,8.68,8.68,8.68,8.68,8.68,0.0,0.0,1.0
2018-09-19,8.64,8.64,8.64,8.64,8.64,0.0,0.0,1.0
2018-09-20,8.64,8.64,8.64,8.64,8.64,0.0,0.0,1.0
2018-09-21,8.62,8.62,8.62,8.62,8.62,0.0,0.0,1.0
2018-09-24,8.49,8.49,8.49,8.49,8.49,0.0,0.0,1.0
2018-09-25,8.45,8.45,8.45,8.45,8.45,0.0,0.0,1.0
2018-09-26,8.38,8.38,8.38,8.38,8.38,0.0,0.0,1.0
2018-09-27,8.46,8.46,8.46,8.46,8.46,0.0,0.0,1.0
2018-09-28,8.48,8.48,8.48,8.48,8.48,0.0,0.0,1.0
2018-10-01,8.75,8.75,8.75,8.75,8.75,0.0,0.0,1.0
2018-10-02,8.65,8.65,8.65,8.65,8.65,0.0,0.0,1.0
