date,1. open,2. high,3. low,4. close,5. adjusted close,6. volume,7. dividend amount,8. split coefficient
2015-04-01,23.77,23.77,23.77,23.77,22.6042,0.0,0.0,1.0
2015-04-02,23.8,23.8,23.8,23.8,22.6327,0.0,0.0,1.0
2015-04-06,23.87,23.87,23.87,23.87,22.6993,0.0,0.0,1.0
2015-04-07,23.88,23.88,23.88,23.88,22.7088,0.0,0.0,1.0
2015-04-08,23.98,23.98,23.98,23.98,22.8039,0.0,0.0,1.0
2015-04-09,23.99,23.99,23.99,23.99,22.8134,0.0,0.0,1.0
2015-04-10,24.06,24.06,24.06,24.06,22.8799,0.0,0.0,1.0
2015-04-13,24.03,24.03,24.03,24.03,22.8514,0.0,0.0,1.0
2015-04-14,24.02,24.02,24.02,24.02,22.8419,0.0,0.0,1.0
2015-04-15,24.15,24.15,24.15,24.15,22.9655,0.0,0.0,1.0
2015-04-16,24.16,24.16,24.16,24.16,22.975,0.0,0.0,1.0
2015-04-17,23.98,23.98,23.98,23.98,22.8039,0.0,0.0,1.0
2015-04-20,24.07,24.07,24.07,24.07,22.8895,0.0,0.0,1.0
2015-04-21,24.14,24.14,24.14,24.14,22.956,0.0,0.0,1.0
2015-04-22,24.18,24.18,24.18,24.18,22.9941,0.0,0.0,1.0
2015-04-23,24.23,24.23,24.23,24.23,23.0416,0.0,0.0,1.0
2015-04-24,24.17,24.17,24.17,24.17,22.9845,0.0,0.0,1.0
2015-04-27,24.01,24.01,24.01,24.01,22.8324,0.0,0.0,1.0
2015-04-28,23.99,23.99,23.99,23.99,22.8134,0.0,0.0,1.0
2015-04-29,23.97,23.97,23.97,23.97,22.7944,0.0,0.0,1.0
2015-04-30,23.77,23.77,23.77,23.77,22.6042,0.0,0.0,1.0
2015-05-01,23.93,23.93,23.93,23.93,22.7563,0.0,0.0,1.0
2015-05-04,23.99,23.99,23.99,23.99,22.8134,0.0,0.0,1.0
2015-05-05,23.75,23.75,23.75,23.75,22.5851,0.0,0.0,1.0
2015-05-06,23.71,23.71,23.71,23.71,22.5471,0.0,0.0,1.0
2015-05-07,23.83,23.83,23.83,23.83,22.6612,0.0,0.0,1.0
2015-05-08,24.02,24.02,24.02,24.02,22.8419,0.0,0.0,1.0
2015-05-11,24.03,24.03,24.03,24.03,22.8514,0.0,0.0,1.0
2015-05-12,23.92,23.92,23.92,23.92,22.7468,0.0,0.0,1.0
2015-05-13,23.93,23.93,23.93,23.93,22.7563,0.0,0.0,1.0
2015-05-14,24.04,24.04,24.04,24.04,22.8609,0.0,0.0,1.0
2015-05-15,24.09,24.09,24.09,24.09,22.9085,0.0,0.0,1.0
2015-05-18,24.19,24.19,24.19,24.19,23.0036,0.0,0.0,1.0
2015-05-19,24.21,24.21,24.21,24.21,23.0226,0.0,0.0,1.0
2015-05-20,24.22,24.22,24.22,24.22,23.0321,0.0,0.0,1.0
2015-05-21,24.28,24.28,24.28,24.28,23.0891,0.0,0.0,1.0
2015-05-22,24.32,24.32,24.32,24.32,23.1272,0.0,0.0,1.0
2015-05-26,24.22,24.22,24.22,24.22,23.0321,0.0,0.0,1.0
2015-05-27,24.41,24.41,24.41,24.41,23.2128,0.0,0.0,1.0
2015-05-28,24.39,24.39,24.39,24.39,23.1938,0.0,0.0,1.0
2015-05-29,24.36,24.36,24.36,24.36,23.1652,0.0,0.0,1.0
2015-06-01,24.41,24.41,24.41,24.41,23.2128,0.0,0.0,1.0
2015-06-02,24.36,24.36,24.36,24.36,23.1652,0.0,0.0,1.0
2015-06-03,24.36,24.36,24.36,24.36,23.1652,0.0,0.0,1.0
2015-06-04,24.2,24.2,24.2,24.2,23.0131,0.0,0.0,1.0
2015-06-05,24.24,24.24,24.24,24.24,23.0511,0.0,0.0,1.0
2015-06-08,23.94,23.94,23.94,23.94,22.7658,0.0,0.0,1.0
2015-06-09,23.85,23.85,23.85,23.85,22.6802,0.0,0.0,1.0
2015-06-10,23.97,23.97,23.97,23.97,22.7944,0.0,0.0,1.0
2015-06-11,24.06,24.06,24.06,24.06,22.8799,0.0,0.0,1.0
2015-06-12,23.94,23.94,23.94,23.94,22.7658,0.0,0.0,1.0
2015-06-15,23.87,23.87,23.87,23.87,22.6993,0.0,0.0,1.0
2015-06-16,23.93,23.93,23.93,23.93,22.7563,0.0,0.0,1.0
2015-06-17,23.94,23.94,23.94,23.94,22.7658,0.0,0.0,1.0
2015-06-18,24.14,24.14,24.14,24.14,22.956,0.0,0.0,1.0
2015-06-19,24.1,24.1,24.1,24.1,22.918,0.0,0.0,1.0
2015-06-22,24.22,24.22,24.22,24.22,23.0321,0.0,0.0,1.0
2015-06-23,24.25,24.25,24.25,24.25,23.0606,0.0,0.0,1.0
2015-06-24,24.09,24.09,24.09,24.09,22.9085,0.0,0.0,1.0
2015-06-25,24.06,24.06,24.06,24.06,22.8799,0.0,0.0,1.0
2015-06-26,23.84,23.84,23.84,23.84,22.6707,0.0,0.0,1.0
2015-06-29,23.43,23.43,23.43,23.43,22.2808,0.0,0.0,1.0
2015-06-30,23.47,23.47,23.47,23.47,22.3189,0.0,0.0,1.0
2015-07-01,23.53,23.53,23.53,23.53,22.3759,0.0,0.0,1.0
2015-07-02,23.54,23.54,23.54,23.54,22.3854,0.0,0.0,1.0
2015-07-06,23.43,23.43,23.43,23.43,22.2808,0.0,0.0,1.0
2015-07-07,23.56,23.56,23.56,23.56,22.4045,0.0,0.0,1.0
2015-07-08,23.08,23.08,23.08,23.08,21.948,0.0,0.0,1.0
2015-07-09,23.18,23.18,23.18,23.18,22.0431,0.0,0.0,1.0
2015-07-10,23.38,23.38,23.38,23.38,22.2333,0.0,0.0,1.0
2015-07-13,23.5,23.5,23.5,23.5,22.3474,0.0,0.0,1.0
2015-07-14,23.71,23.71,23.71,23.71,22.5471,0.0,0.0,1.0
2015-07-15,23.6,23.6,23.6,23.6,22.4425,0.0,0.0,1.0
2015-07-16,23.7,23.7,23.7,23.7,22.5376,0.0,0.0,1.0
2015-07-17,23.73,23.73,23.73,23.73,22.5661,0.0,0.0,1.0
2015-07-20,23.65,23.65,23.65,23.65,22.49,0.0,0.0,1.0
2015-07-21,23.51,23.51,23.51,23.51,22.3569,0.0,0.0,1.0
2015-07-22,23.37,23.37,23.37,23.37,22.2238,0.0,0.0,1.0
2015-07-23,23.34,23.34,23.34,23.34,22.1953,0.0,0.0,1.0
2015-07-24,23.12,23.12,23.12,23.12,21.986,0.0,0.0,1.0
2015-07-27,22.93,22.93,22.93,22.93,21.8054,0.0,0.0,1.0
2015-07-28,23.19,23.19,23.19,23.19,22.0526,0.0,0.0,1.0
2015-07-29,23.3,23.3,23.3,23.3,22.1572,0.0,0.0,1.0
2015-07-30,23.38,23.38,23.38,23.38,22.2333,0.0,0.0,1.0
2015-07-31,23.38,23.38,23.38,23.38,22.2333,0.0,0.0,1.0
2015-08-03,23.31,23.31,23.31,23.31,22.1667,0.0,0.0,1.0
2015-08-04,23.33,23.33,23.33,23.33,22.1857,0.0,0.0,1.0
2015-08-05,23.4,23.4,23.4,23.4,22.2523,0.0,0.0,1.0
2015-08-06,23.05,23.05,23.05,23.05,21.9195,0.0,0.0,1.0
2015-08-07,22.87,22.87,22.87,22.87,21.7483,0.0,0.0,1.0
2015-08-10,23.04,23.04,23.04,23.04,21.91,0.0,0.0,1.0
2015-08-11,22.88,22.88,22.88,22.88,21.7578,0.0,0.0,1.0
2015-08-12,22.81,22.81,22.81,22.81,21.6912,0.0,0.0,1.0
2015-08-13,22.79,22.79,22.79,22.79,21.6722,0.0,0.0,1.0
2015-08-14,22.83,22.83,22.83,22.83,21.7103,0.0,0.0,1.0
2015-08-17,23.01,23.01,23.01,23.01,21.8814,0.0,0.0,1.0
2015-08-18,22.92,22.92,22.92,22.92,21.7959,0.0,0.0,1.0
2015-08-19,22.76,22.76,22.76,22.76,21.6437,0.0,0.0,1.0
2015-08-20,22.27,22.27,22.27,22.27,21.1777,0.0,0.0,1.0
2015-08-21,21.95,21.95,21.95,21.95,20.8734,0.0,0.0,1.0
2015-08-24,21.34,21.34,21.34,21.34,20.2933,0.0,0.0,1.0
2015-08-25,21.34,21.34,21.34,21.34,20.2933,0.0,0.0,1.0
2015-08-26,21.71,21.71,21.71,21.71,20.6452,0.0,0.0,1.0
2015-08-27,22.09,22.09,22.09,22.09,21.0066,0.0,0.0,1.0
2015-08-28,22.2,22.2,22.2,22.2,21.1112,0.0,0.0,1.0
2015-08-31,22.08,22.08,22.08,22.08,20.9971,0.0,0.0,1.0
2015-09-01,21.71,21.71,21.71,21.71,20.6452,0.0,0.0,1.0
2015-09-02,21.98,21.98,21.98,21.98,20.902,0.0,0.0,1.0
2015-09-03,22.04,22.04,22.04,22.04,20.959,0.0,0.0,1.0
2015-09-04,21.91,21.91,21.91,21.91,20.8354,0.0,0.0,1.0
2015-09-08,22.18,22.18,22.18,22.18,21.0922,0.0,0.0,1.0
2015-09-09,21.99,21.99,21.99,21.99,20.9115,0.0,0.0,1.0
2015-09-10,22.07,22.07,22.07,22.07,20.9875,0.0,0.0,1.0
2015-09-11,22.17,22.17,22.17,22.17,21.0826,0.0,0.0,1.0
2015-09-14,22.11,22.11,22.11,22.11,21.0256,0.0,0.0,1.0
2015-09-15,22.28,22.28,22.28,22.28,21.1872,0.0,0.0,1.0
2015-09-16,22.35,22.35,22.35,22.35,21.2538,0.0,0.0,1.0
2015-09-17,22.43,22.43,22.43,22.43,21.3299,0.0,0.0,1.0
2015-09-18,22.18,22.18,22.18,22.18,21.0922,0.0,0.0,1.0
2015-09-21,22.08,22.08,22.08,22.08,20.9971,0.0,0.0,1.0
2015-09-22,21.77,21.77,21.77,21.77,20.7023,0.0,0.0,1.0
2015-09-23,21.68,21.68,21.68,21.68,20.6167,0.0,0.0,1.0
2015-09-24,21.57,21.57,21.57,21.57,20.5121,0.0,0.0,1.0
2015-09-25,21.4,21.4,21.4,21.4,20.3504,0.0,0.0,1.0
2015-09-28,20.7,20.7,20.7,20.7,19.6847,0.0,0.0,1.0
2015-09-29,20.6,20.6,20.6,20.6,19.5896,0.0,0.0,1.0
2015-09-30,20.96,20.96,20.96,20.96,19.932,0.0,0.0,1.0
2015-10-01,20.93,20.93,20.93,20.93,19.9035,0.0,0.0,1.0
2015-10-02,21.21,21.21,21.21,21.21,20.1697,0.0,0.0,1.0
2015-10-05,21.45,21.45,21.45,21.45,20.398,0.0,0.0,1.0
2015-10-06,21.36,21.36,21.36,21.36,20.3124,0.0,0.0,1.0
2015-10-07,21.38,21.38,21.38,21.38,20.3314,0.0,0.0,1.0
2015-10-08,21.45,21.45,21.45,21.45,20.398,0.0,0.0,1.0
2015-10-09,21.51,21.51,21.51,21.51,20.455,0.0,0.0,1.0
2015-10-12,21.51,21.51,21.51,21.51,20.455,0.0,0.0,1.0
2015-10-13,21.36,21.36,21.36,21.36,20.3124,0.0,0.0,1.0
2015-10-14,21.39,21.39,21.39,21.39,20.3409,0.0,0.0,1.0
2015-10-15,21.59,21.59,21.59,21.59,20.5311,0.0,0.0,1.0
2015-10-16,21.68,21.68,21.68,21.68,20.6167,0.0,0.0,1.0
2015-10-19,21.71,21.71,21.71,21.71,20.6452,0.0,0.0,1.0
2015-10-20,21.58,21.58,21.58,21.58,20.5216,0.0,0.0,1.0
2015-10-21,21.37,21.37,21.37,21.37,20.3219,0.0,0.0,1.0
2015-10-22,21.5,21.5,21.5,21.5,20.4455,0.0,0.0,1.0
2015-10-23,21.67,21.67,21.67,21.67,20.6072,0.0,0.0,1.0
2015-10-26,21.61,21.61,21.61,21.61,20.5501,0.0,0.0,1.0
2015-10-27,21.55,21.55,21.55,21.55,20.493,0.0,0.0,1.0
2015-10-28,21.71,21.71,21.71,21.71,20.6452,0.0,0.0,1.0
2015-10-29,21.61,21.61,21.61,21.61,20.5501,0.0,0.0,1.0
2015-10-30,21.63,21.63,21.63,21.63,20.5691,0.0,0.0,1.0
2015-11-02,21.86,21.86,21.86,21.86,20.7878,0.0,0.0,1.0
2015-11-03,21.88,21.88,21.88,21.88,20.8069,0.0,0.0,1.0
2015-11-04,21.89,21.89,21.89,21.89,20.8164,0.0,0.0,1.0
2015-11-05,21.82,21.82,21.82,21.82,20.7498,0.0,0.0,1.0
2015-11-06,21.62,21.62,21.62,21.62,20.5596,0.0,0.0,1.0
2015-11-09,21.47,21.47,21.47,21.47,20.417,0.0,0.0,1.0
2015-11-10,21.41,21.41,21.41,21.41,20.3599,0.0,0.0,1.0
2015-11-11,21.29,21.29,21.29,21.29,20.2458,0.0,0.0,1.0
2015-11-12,21.08,21.08,21.08,21.08,20.0461,0.0,0.0,1.0
2015-11-13,21.0,21.0,21.0,21.0,19.97,0.0,0.0,1.0
2015-11-16,21.11,21.11,21.11,21.11,20.0746,0.0,0.0,1.0
2015-11-17,21.1,21.1,21.1,21.1,20.0651,0.0,0.0,1.0
2015-11-18,21.25,21.25,21.25,21.25,20.2078,0.0,0.0,1.0
2015-11-19,21.14,21.14,21.14,21.14,20.1032,0.0,0.0,1.0
2015-11-20,21.12,21.12,21.12,21.12,20.0841,0.0,0.0,1.0
2015-11-23,21.1,21.1,21.1,21.1,20.0651,0.0,0.0,1.0
2015-11-24,21.17,21.17,21.17,21.17,20.1317,0.0,0.0,1.0
2015-11-25,21.24,21.24,21.24,21.24,20.1983,0.0,0.0,1.0
2015-11-27,21.29,21.29,21.29,21.29,20.2458,0.0,0.0,1.0
2015-11-30,21.23,21.23,21.23,21.23,20.1887,0.0,0.0,1.0
2015-12-01,21.44,21.44,21.44,21.44,20.3884,0.0,0.0,1.0
2015-12-02,21.28,21.28,21.28,21.28,20.2363,0.0,0.0,1.0
2015-12-03,20.98,20.98,20.98,20.98,19.951,0.0,0.0,1.0
2015-12-04,21.14,21.14,21.14,21.14,20.1032,0.0,0.0,1.0
2015-12-07,20.97,20.97,20.97,20.97,19.9415,0.0,0.0,1.0
2015-12-08,20.73,20.73,20.73,20.73,19.7133,0.0,0.0,1.0
2015-12-09,20.61,20.61,20.61,20.61,19.5992,0.0,0.0,1.0
2015-12-10,20.68,20.68,20.68,20.68,19.6657,0.0,0.0,1.0
2015-12-11,20.31,20.31,20.31,20.31,19.3139,0.0,0.0,1.0
2015-12-14,20.17,20.17,20.17,20.17,19.1807,0.0,0.0,1.0
2015-12-15,20.44,20.44,20.44,20.44,19.4375,0.0,0.0,1.0
2015-12-16,20.67,20.67,20.67,20.67,19.6562,0.0,0.0,1.0
2015-12-17,20.53,20.53,20.53,20.53,19.5231,0.0,0.0,1.0
2015-12-18,20.36,20.36,20.36,20.36,19.3614,0.0,0.0,1.0
2015-12-21,20.46,20.46,20.46,20.46,19.4565,0.0,0.0,1.0
2015-12-22,20.48,20.48,20.48,20.48,19.4755,0.0,0.0,1.0
2015-12-23,20.64,20.64,20.64,20.64,19.6277,0.0,0.0,1.0
2015-12-24,20.7,20.7,20.7,20.7,19.6847,0.0,0.0,1.0
2015-12-28,20.65,20.65,20.65,20.65,19.6372,0.0,0.0,1.0
2015-12-29,20.62,20.62,20.62,20.62,19.6087,0.0,0.0,1.0
2015-12-30,20.52,20.52,20.52,20.52,19.5136,0.0,0.0,1.0
2015-12-31,20.52,20.52,20.52,20.52,19.5136,0.0,0.0,1.0
2016-01-04,20.23,20.23,20.23,20.23,19.2378,0.0,0.0,1.0
2016-01-05,20.33,20.33,20.33,20.33,19.3329,0.0,0.0,1.0
2016-01-06,20.13,20.13,20.13,20.13,19.1427,0.0,0.0,1.0
2016-01-07,19.75,19.75,19.75,19.75,18.7813,0.0,0.0,1.0
2016-01-08,19.56,19.56,19.56,19.56,18.6007,0.0,0.0,1.0
2016-01-11,19.47,19.47,19.47,19.47,18.5151,0.0,0.0,1.0
2016-01-12,19.51,19.51,19.51,19.51,18.5531,0.0,0.0,1.0
2016-01-13,19.08,19.08,19.08,19.08,18.1442,0.0,0.0,1.0
2016-01-14,19.16,19.16,19.16,19.16,18.2203,0.0,0.0,1.0
2016-01-15,18.77,18.77,18.77,18.77,17.8494,0.0,0.0,1.0
2016-01-19,18.63,18.63,18.63,18.63,17.7163,0.0,0.0,1.0
2016-01-20,18.47,18.47,18.47,18.47,17.5641,0.0,0.0,1.0
2016-01-21,18.49,18.49,18.49,18.49,17.5831,0.0,0.0,1.0
2016-01-22,18.85,18.85,18.85,18.85,17.9255,0.0,0.0,1.0
2016-01-25,18.71,18.71,18.71,18.71,17.7923,0.0,0.0,1.0
2016-01-26,18.84,18.84,18.84,18.84,17.916,0.0,0.0,1.0
2016-01-27,18.62,18.62,18.62,18.62,17.7068,0.0,0.0,1.0
2016-01-28,18.52,18.52,18.52,18.52,17.6117,0.0,0.0,1.0
2016-01-29,18.78,18.78,18.78,18.78,17.8589,0.0,0.0,1.0
2016-02-01,18.84,18.84,18.84,18.84,17.916,0.0,0.0,1.0
2016-02-02,18.53,18.53,18.53,18.53,17.6212,0.0,0.0,1.0
2016-02-03,18.49,18.49,18.49,18.49,17.5831,0.0,0.0,1.0
2016-02-04,18.58,18.58,18.58,18.58,17.6687,0.0,0.0,1.0
2016-02-05,18.21,18.21,18.21,18.21,17.3169,0.0,0.0,1.0
2016-02-08,17.59,17.59,17.59,17.59,16.7273,0.0,0.0,1.0
2016-02-09,17.56,17.56,17.56,17.56,16.6987,0.0,0.0,1.0
2016-02-10,17.57,17.57,17.57,17.57,16.7083,0.0,0.0,1.0
2016-02-11,17.37,17.37,17.37,17.37,16.5181,0.0,0.0,1.0
2016-02-12,17.48,17.48,17.48,17.48,16.6227,0.0,0.0,1.0
2016-02-16,17.73,17.73,17.73,17.73,16.8604,0.0,0.0,1.0
2016-02-17,18.01,18.01,18.01,18.01,17.1267,0.0,0.0,1.0
2016-02-18,18.02,18.02,18.02,18.02,17.1362,0.0,0.0,1.0
2016-02-19,17.96,17.96,17.96,17.96,17.0791,0.0,0.0,1.0
2016-02-22,18.19,18.19,18.19,18.19,17.2978,0.0,0.0,1.0
2016-02-23,18.08,18.08,18.08,18.08,17.1932,0.0,0.0,1.0
2016-02-24,18.19,18.19,18.19,18.19,17.2978,0.0,0.0,1.0
2016-02-25,18.36,18.36,18.36,18.36,17.4595,0.0,0.0,1.0
2016-02-26,18.46,18.46,18.46,18.46,17.5546,0.0,0.0,1.0
2016-02-29,18.45,18.45,18.45,18.45,17.5451,0.0,0.0,1.0
2016-03-01,18.73,18.73,18.73,18.73,17.8114,0.0,0.0,1.0
2016-03-02,18.86,18.86,18.86,18.86,17.935,0.0,0.0,1.0
2016-03-03,18.95,18.95,18.95,18.95,18.0206,0.0,0.0,1.0
2016-03-04,19.01,19.01,19.01,19.01,18.0776,0.0,0.0,1.0
2016-03-07,19.05,19.05,19.05,19.05,18.1157,0.0,0.0,1.0
2016-03-08,18.71,18.71,18.71,18.71,17.7923,0.0,0.0,1.0
2016-03-09,18.79,18.79,18.79,18.79,17.8684,0.0,0.0,1.0
2016-03-10,18.81,18.81,18.81,18.81,17.8874,0.0,0.0,1.0
2016-03-11,19.05,19.05,19.05,19.05,18.1157,0.0,0.0,1.0
2016-03-14,19.06,19.06,19.06,19.06,18.1252,0.0,0.0,1.0
2016-03-15,18.88,18.88,18.88,18.88,17.954,0.0,0.0,1.0
2016-03-16,18.96,18.96,18.96,18.96,18.0301,0.0,0.0,1.0
2016-03-17,19.02,19.02,19.02,19.02,18.0871,0.0,0.0,1.0
2016-03-18,19.13,19.13,19.13,19.13,18.1917,0.0,0.0,1.0
2016-03-21,19.18,19.18,19.18,19.18,18.2393,0.0,0.0,1.0
2016-03-22,19.21,19.21,19.21,19.21,18.2678,0.0,0.0,1.0
2016-03-23,19.06,19.06,19.06,19.06,18.1252,0.0,0.0,1.0
2016-03-24,19.04,19.04,19.04,19.04,18.1062,0.0,0.0,1.0
2016-03-28,19.05,19.05,19.05,19.05,18.1157,0.0,0.0,1.0
2016-03-29,19.21,19.21,19.21,19.21,18.2678,0.0,0.0,1.0
2016-03-30,19.25,19.25,19.25,19.25,18.3059,0.0,0.0,1.0
2016-03-31,19.29,19.29,19.29,19.29,18.3439,0.0,0.0,1.0
2016-04-01,19.38,19.38,19.38,19.38,18.4295,0.0,0.0,1.0
2016-04-04,19.41,19.41,19.41,19.41,18.458,0.0,0.0,1.0
2016-04-05,19.24,19.24,19.24,19.24,18.2963,0.0,0.0,1.0
2016-04-06,19.46,19.46,19.46,19.46,18.5055,0.0,0.0,1.0
2016-04-07,19.34,19.34,19.34,19.34,18.3914,0.0,0.0,1.0
2016-04-08,19.23,19.23,19.23,19.23,18.2868,0.0,0.0,1.0
2016-04-11,19.2,19.2,19.2,19.2,18.2583,0.0,0.0,1.0
2016-04-12,19.27,19.27,19.27,19.27,18.3249,0.0,0.0,1.0
2016-04-13,19.5,19.5,19.5,19.5,18.5436,0.0,0.0,1.0
2016-04-14,19.49,19.49,19.49,19.49,18.5341,0.0,0.0,1.0
2016-04-15,19.47,19.47,19.47,19.47,18.5151,0.0,0.0,1.0
2016-04-18,19.57,19.57,19.57,19.57,18.6102,0.0,0.0,1.0
2016-04-19,19.56,19.56,19.56,19.56,18.6007,0.0,0.0,1.0
2016-04-20,19.63,19.63,19.63,19.63,18.6672,0.0,0.0,1.0
2016-04-21,19.63,19.63,19.63,19.63,18.6672,0.0,0.0,1.0
2016-04-22,19.71,19.71,19.71,19.71,18.7433,0.0,0.0,1.0
2016-04-25,19.67,19.67,19.67,19.67,18.7053,0.0,0.0,1.0
2016-04-26,19.73,19.73,19.73,19.73,18.7623,0.0,0.0,1.0
2016-04-27,19.8,19.8,19.8,19.8,18.8289,0.0,0.0,1.0
2016-04-28,19.63,19.63,19.63,19.63,18.6672,0.0,0.0,1.0
2016-04-29,19.5,19.5,19.5,19.5,18.5436,0.0,0.0,1.0
2016-05-02,19.36,19.36,19.36,19.36,18.4105,0.0,0.0,1.0
2016-05-03,19.36,19.36,19.36,19.36,18.4105,0.0,0.0,1.0
2016-05-04,19.24,19.24,19.24,19.24,18.2963,0.0,0.0,1.0
2016-05-05,19.18,19.18,19.18,19.18,18.2393,0.0,0.0,1.0
2016-05-06,19.18,19.18,19.18,19.18,18.2393,0.0,0.0,1.0
2016-05-09,19.06,19.06,19.06,19.06,18.1252,0.0,0.0,1.0
2016-05-10,19.23,19.23,19.23,19.23,18.2868,0.0,0.0,1.0
2016-05-11,19.19,19.19,19.19,19.19,18.2488,0.0,0.0,1.0
2016-05-12,19.11,19.11,19.11,19.11,18.1727,0.0,0.0,1.0
2016-05-13,19.15,19.15,19.15,19.15,18.2108,0.0,0.0,1.0
2016-05-16,19.28,19.28,19.28,19.28,18.3344,0.0,0.0,1.0
2016-05-17,19.22,19.22,19.22,19.22,18.2773,0.0,0.0,1.0
2016-05-18,19.26,19.26,19.26,19.26,18.3154,0.0,0.0,1.0
2016-05-19,0.0,0.0,0.0,0.0,0.0,0.0,0.0,1.0
2016-05-20,19.34,19.34,19.34,19.34,18.3914,0.0,0.0,1.0
2016-05-23,19.34,19.34,19.34,19.34,18.3914,0.0,0.0,1.0
2016-05-24,19.51,19.51,19.51,19.51,18.5531,0.0,0.0,1.0
2016-05-25,19.6,19.6,19.6,19.6,18.6387,0.0,0.0,1.0
2016-05-26,19.59,19.59,19.59,19.59,18.6292,0.0,0.0,1.0
2016-05-27,19.62,19.62,19.62,19.62,18.6577,0.0,0.0,1.0
2016-05-31,19.68,19.68,19.68,19.68,18.7148,0.0,0.0,1.0
2016-06-01,19.71,19.71,19.71,19.71,18.7433,0.0,0.0,1.0
2016-06-02,19.77,19.77,19.77,19.77,18.8004,0.0,0.0,1.0
2016-06-03,19.74,19.74,19.74,19.74,18.7718,0.0,0.0,1.0
2016-06-06,19.8,19.8,19.8,19.8,18.8289,0.0,0.0,1.0
2016-06-07,19.91,19.91,19.91,19.91,18.9335,0.0,0.0,1.0
2016-06-08,19.78,19.78,19.78,19.78,18.8099,0.0,0.0,1.0
2016-06-09,19.76,19.76,19.76,19.76,18.7908,0.0,0.0,1.0
2016-06-10,19.57,19.57,19.57,19.57,18.6102,0.0,0.0,1.0
2016-06-13,19.49,19.49,19.49,19.49,18.5341,0.0,0.0,1.0
2016-06-14,19.43,19.43,19.43,19.43,18.477,0.0,0.0,1.0
2016-06-15,19.42,19.42,19.42,19.42,18.4675,0.0,0.0,1.0
2016-06-16,19.4,19.4,19.4,19.4,18.4485,0.0,0.0,1.0
2016-06-17,19.39,19.39,19.39,19.39,18.439,0.0,0.0,1.0
2016-06-20,19.53,19.53,19.53,19.53,18.5721,0.0,0.0,1.0
2016-06-21,19.54,19.54,19.54,19.54,18.5816,0.0,0.0,1.0
2016-06-22,19.42,19.42,19.42,19.42,18.4675,0.0,0.0,1.0
2016-06-23,19.6,19.6,19.6,19.6,18.6387,0.0,0.0,1.0
2016-06-24,19.1,19.1,19.1,19.1,18.1632,0.0,0.0,1.0
2016-06-27,18.73,18.73,18.73,18.73,17.8114,0.0,0.0,1.0
2016-06-28,18.95,18.95,18.95,18.95,18.0206,0.0,0.0,1.0
2016-06-29,19.19,19.19,19.19,19.19,18.2488,0.0,0.0,1.0
2016-06-30,19.34,19.34,19.34,19.34,18.3914,0.0,0.0,1.0
2016-07-01,19.45,19.45,19.45,19.45,18.496,0.0,0.0,1.0
2016-07-05,19.42,19.42,19.42,19.42,18.4675,0.0,0.0,1.0
2016-07-06,19.4,19.4,19.4,19.4,18.4485,0.0,0.0,1.0
2016-07-07,19.47,19.47,19.47,19.47,18.5151,0.0,0.0,1.0
2016-07-08,19.57,19.57,19.57,19.57,18.6102,0.0,0.0,1.0
2016-07-11,19.71,19.71,19.71,19.71,18.7433,0.0,0.0,1.0
2016-07-12,19.89,19.89,19.89,19.89,18.9145,0.0,0.0,1.0
2016-07-13,19.89,19.89,19.89,19.89,18.9145,0.0,0.0,1.0
2016-07-14,19.93,19.93,19.93,19.93,18.9525,0.0,0.0,1.0
2016-07-15,19.93,19.93,19.93,19.93,18.9525,0.0,0.0,1.0
2016-07-18,19.98,19.98,19.98,19.98,19.0001,0.0,0.0,1.0
2016-07-19,19.94,19.94,19.94,19.94,18.962,0.0,0.0,1.0
2016-07-20,20.08,20.08,20.08,20.08,19.0951,0.0,0.0,1.0
2016-07-21,20.02,20.02,20.02,20.02,19.0381,0.0,0.0,1.0
2016-07-22,20.14,20.14,20.14,20.14,19.1522,0.0,0.0,1.0
2016-07-25,20.13,20.13,20.13,20.13,19.1427,0.0,0.0,1.0
2016-07-26,20.2,20.2,20.2,20.2,19.2093,0.0,0.0,1.0
2016-07-27,20.19,20.19,20.19,20.19,19.1998,0.0,0.0,1.0
2016-07-28,20.23,20.23,20.23,20.23,19.2378,0.0,0.0,1.0
2016-07-29,20.22,20.22,20.22,20.22,19.2283,0.0,0.0,1.0
2016-08-01,20.17,20.17,20.17,20.17,19.1807,0.0,0.0,1.0
2016-08-02,20.05,20.05,20.05,20.05,19.0666,0.0,0.0,1.0
2016-08-03,20.1,20.1,20.1,20.1,19.1142,0.0,0.0,1.0
2016-08-04,20.21,20.21,20.21,20.21,19.2188,0.0,0.0,1.0
2016-08-05,20.28,20.28,20.28,20.28,19.2853,0.0,0.0,1.0
2016-08-08,20.12,20.12,20.12,20.12,19.1332,0.0,0.0,1.0
2016-08-09,20.17,20.17,20.17,20.17,19.1807,0.0,0.0,1.0
2016-08-10,20.08,20.08,20.08,20.08,19.0951,0.0,0.0,1.0
2016-08-11,20.16,20.16,20.16,20.16,19.1712,0.0,0.0,1.0
2016-08-12,20.2,20.2,20.2,20.2,19.2093,0.0,0.0,1.0
2016-08-15,20.3,20.3,20.3,20.3,19.3044,0.0,0.0,1.0
2016-08-16,20.24,20.24,20.24,20.24,19.2473,0.0,0.0,1.0
2016-08-17,20.19,20.19,20.19,20.19,19.1998,0.0,0.0,1.0
2016-08-18,20.25,20.25,20.25,20.25,19.2568,0.0,0.0,1.0
2016-08-19,20.26,20.26,20.26,20.26,19.2663,0.0,0.0,1.0
2016-08-22,20.25,20.25,20.25,20.25,19.2568,0.0,0.0,1.0
2016-08-23,20.33,20.33,20.33,20.33,19.3329,0.0,0.0,1.0
2016-08-24,20.19,20.19,20.19,20.19,19.1998,0.0,0.0,1.0
2016-08-25,20.22,20.22,20.22,20.22,19.2283,0.0,0.0,1.0
2016-08-26,20.22,20.22,20.22,20.22,19.2283,0.0,0.0,1.0
2016-08-29,20.26,20.26,20.26,20.26,19.2663,0.0,0.0,1.0
2016-08-30,20.24,20.24,20.24,20.24,19.2473,0.0,0.0,1.0
2016-08-31,20.18,20.18,20.18,20.18,19.1902,0.0,0.0,1.0
2016-09-01,20.17,20.17,20.17,20.17,19.1807,0.0,0.0,1.0
2016-09-02,20.27,20.27,20.27,20.27,19.2758,0.0,0.0,1.0
2016-09-06,20.35,20.35,20.35,20.35,19.3519,0.0,0.0,1.0
2016-09-07,20.37,20.37,20.37,20.37,19.3709,0.0,0.0,1.0
2016-09-08,20.22,20.22,20.22,20.22,19.2283,0.0,0.0,1.0
2016-09-09,19.87,19.87,19.87,19.87,18.8954,0.0,0.0,1.0
2016-09-12,19.94,19.94,19.94,19.94,18.962,0.0,0.0,1.0
2016-09-13,19.77,19.77,19.77,19.77,18.8004,0.0,0.0,1.0
2016-09-14,19.75,19.75,19.75,19.75,18.7813,0.0,0.0,1.0
2016-09-15,19.92,19.92,19.92,19.92,18.943,0.0,0.0,1.0
2016-09-16,19.92,19.92,19.92,19.92,18.943,0.0,0.0,1.0
2016-09-19,19.94,19.94,19.94,19.94,18.962,0.0,0.0,1.0
2016-09-20,19.89,19.89,19.89,19.89,18.9145,0.0,0.0,1.0
2016-09-21,20.11,20.11,20.11,20.11,19.1237,0.0,0.0,1.0
2016-09-22,20.3,20.3,20.3,20.3,19.3044,0.0,0.0,1.0
2016-09-23,20.2,20.2,20.2,20.2,19.2093,0.0,0.0,1.0
2016-09-26,20.08,20.08,20.08,20.08,19.0951,0.0,0.0,1.0
2016-09-27,20.15,20.15,20.15,20.15,19.1617,0.0,0.0,1.0
2016-09-28,20.26,20.26,20.26,20.26,19.2663,0.0,0.0,1.0
2016-09-29,20.15,20.15,20.15,20.15,19.1617,0.0,0.0,1.0
2016-09-30,20.26,20.26,20.26,20.26,19.2663,0.0,0.0,1.0
2016-10-03,20.24,20.24,20.24,20.24,19.2473,0.0,0.0,1.0
2016-10-04,20.17,20.17,20.17,20.17,19.1807,0.0,0.0,1.0
2016-10-05,20.24,20.24,20.24,20.24,19.2473,0.0,0.0,1.0
2016-10-06,20.08,20.08,20.08,20.08,19.0951,0.0,0.0,1.0
2016-10-07,20.02,20.02,20.02,20.02,19.0381,0.0,0.0,1.0
2016-10-10,20.12,20.12,20.12,20.12,19.1332,0.0,0.0,1.0
2016-10-11,19.83,19.83,19.83,19.83,18.8574,0.0,0.0,1.0
2016-10-12,19.78,19.78,19.78,19.78,18.8099,0.0,0.0,1.0
2016-10-13,19.73,19.73,19.73,19.73,18.7623,0.0,0.0,1.0
2016-10-14,19.73,19.73,19.73,19.73,18.7623,0.0,0.0,1.0
2016-10-17,19.68,19.68,19.68,19.68,18.7148,0.0,0.0,1.0
2016-10-18,19.82,19.82,19.82,19.82,18.8479,0.0,0.0,1.0
2016-10-19,19.85,19.85,19.85,19.85,18.8764,0.0,0.0,1.0
2016-10-20,19.88,19.88,19.88,19.88,18.905,0.0,0.0,1.0
2016-10-21,19.86,19.86,19.86,19.86,18.8859,0.0,0.0,1.0
2016-10-24,19.92,19.92,19.92,19.92,18.943,0.0,0.0,1.0
2016-10-25,19.86,19.86,19.86,19.86,18.8859,0.0,0.0,1.0
2016-10-26,19.73,19.73,19.73,19.73,18.7623,0.0,0.0,1.0
2016-10-27,19.65,19.65,19.65,19.65,18.6862,0.0,0.0,1.0
2016-10-28,19.59,19.59,19.59,19.59,18.6292,0.0,0.0,1.0
2016-10-31,19.56,19.56,19.56,19.56,18.6007,0.0,0.0,1.0
2016-11-01,19.4,19.4,19.4,19.4,18.4485,0.0,0.0,1.0
2016-11-02,19.25,19.25,19.25,19.25,18.3059,0.0,0.0,1.0
2016-11-03,19.12,19.12,19.12,19.12,18.1822,0.0,0.0,1.0
2016-11-04,19.18,19.18,19.18,19.18,18.2393,0.0,0.0,1.0
2016-11-07,19.32,19.32,19.32,19.32,18.3724,0.0,0.0,1.0
2016-11-08,19.38,19.38,19.38,19.38,18.4295,0.0,0.0,1.0
2016-11-09,19.34,19.34,19.34,19.34,18.3914,0.0,0.0,1.0
2016-11-10,19.25,19.25,19.25,19.25,18.3059,0.0,0.0,1.0
2016-11-11,19.25,19.25,19.25,19.25,18.3059,0.0,0.0,1.0
2016-11-14,19.16,19.16,19.16,19.16,18.2203,0.0,0.0,1.0
2016-11-15,19.37,19.37,19.37,19.37,18.42,0.0,0.0,1.0
2016-11-16,19.34,19.34,19.34,19.34,18.3914,0.0,0.0,1.0
2016-11-17,19.48,19.48,19.48,19.48,18.5246,0.0,0.0,1.0
2016-11-18,19.42,19.42,19.42,19.42,18.4675,0.0,0.0,1.0
2016-11-21,19.51,19.51,19.51,19.51,18.5531,0.0,0.0,1.0
2016-11-22,19.51,19.51,19.51,19.51,18.5531,0.0,0.0,1.0
2016-11-23,19.56,19.56,19.56,19.56,18.6007,0.0,0.0,1.0
2016-11-25,19.63,19.63,19.63,19.63,18.6672,0.0,0.0,1.0
2016-11-28,19.57,19.57,19.57,19.57,18.6102,0.0,0.0,1.0
2016-11-29,19.57,19.57,19.57,19.57,18.6102,0.0,0.0,1.0
2016-11-30,19.54,19.54,19.54,19.54,18.5816,0.0,0.0,1.0
2016-12-01,19.25,19.25,19.25,19.25,18.3059,0.0,0.0,1.0
2016-12-02,19.27,19.27,19.27,19.27,18.3249,0.0,0.0,1.0
2016-12-05,19.43,19.43,19.43,19.43,18.477,0.0,0.0,1.0
2016-12-06,19.51,19.51,19.51,19.51,18.5531,0.0,0.0,1.0
2016-12-07,19.65,19.65,19.65,19.65,18.6862,0.0,0.0,1.0
2016-12-08,19.56,19.56,19.56,19.56,18.6007,0.0,0.0,1.0
2016-12-09,19.57,19.57,19.57,19.57,18.6102,0.0,0.0,1.0
2016-12-12,19.49,19.49,19.49,19.49,18.5341,0.0,0.0,1.0
2016-12-13,19.64,19.64,19.64,19.64,18.6767,0.0,0.0,1.0
2016-12-14,19.55,19.55,19.55,19.55,18.5911,0.0,0.0,1.0
2016-12-15,19.57,19.57,19.57,19.57,18.6102,0.0,0.0,1.0
2016-12-16,19.53,19.53,19.53,19.53,18.5721,0.0,0.0,1.0
2016-12-19,19.59,19.59,19.59,19.59,18.6292,0.0,0.0,1.0
2016-12-20,19.63,19.63,19.63,19.63,18.6672,0.0,0.0,1.0
2016-12-21,19.65,19.65,19.65,19.65,18.6862,0.0,0.0,1.0
2016-12-22,19.63,19.63,19.63,19.63,18.6672,0.0,0.0,1.0
2016-12-23,19.69,19.69,19.69,19.69,18.7243,0.0,0.0,1.0
2016-12-27,19.79,19.79,19.79,19.79,18.8194,0.0,0.0,1.0
2016-12-28,19.49,19.49,19.49,19.49,18.5341,0.0,0.0,1.0
2016-12-29,19.49,19.49,19.49,19.49,18.5341,0.0,0.0,1.0
2016-12-30,19.42,19.42,19.42,19.42,18.4675,0.0,0.0,1.0
2017-01-03,19.53,19.53,19.53,19.53,18.5721,0.0,0.0,1.0
2017-01-04,19.73,19.73,19.73,19.73,18.7623,0.0,0.0,1.0
2017-01-05,19.73,19.73,19.73,19.73,18.7623,0.0,0.0,1.0
2017-01-06,19.81,19.81,19.81,19.81,18.8384,0.0,0.0,1.0
2017-01-09,19.81,19.81,19.81,19.81,18.8384,0.0,0.0,1.0
2017-01-10,19.86,19.86,19.86,19.86,18.8859,0.0,0.0,1.0
2017-01-11,19.9,19.9,19.9,19.9,18.924,0.0,0.0,1.0
2017-01-12,19.85,19.85,19.85,19.85,18.8764,0.0,0.0,1.0
2017-01-13,19.94,19.94,19.94,19.94,18.962,0.0,0.0,1.0
2017-01-17,19.84,19.84,19.84,19.84,18.8669,0.0,0.0,1.0
2017-01-18,19.91,19.91,19.91,19.91,18.9335,0.0,0.0,1.0
2017-01-19,19.87,19.87,19.87,19.87,18.8954,0.0,0.0,1.0
2017-01-20,19.86,19.86,19.86,19.86,18.8859,0.0,0.0,1.0
2017-01-23,19.86,19.86,19.86,19.86,18.8859,0.0,0.0,1.0
2017-01-24,20.02,20.02,20.02,20.02,19.0381,0.0,0.0,1.0
2017-01-25,20.13,20.13,20.13,20.13,19.1427,0.0,0.0,1.0
2017-01-26,20.09,20.09,20.09,20.09,19.1047,0.0,0.0,1.0
2017-01-27,20.12,20.12,20.12,20.12,19.1332,0.0,0.0,1.0
2017-01-30,20.0,20.0,20.0,20.0,19.0191,0.0,0.0,1.0
2017-01-31,20.03,20.03,20.03,20.03,19.0476,0.0,0.0,1.0
2017-02-01,20.12,20.12,20.12,20.12,19.1332,0.0,0.0,1.0
2017-02-02,20.14,20.14,20.14,20.14,19.1522,0.0,0.0,1.0
2017-02-03,20.27,20.27,20.27,20.27,19.2758,0.0,0.0,1.0
2017-02-06,20.26,20.26,20.26,20.26,19.2663,0.0,0.0,1.0
2017-02-07,20.26,20.26,20.26,20.26,19.2663,0.0,0.0,1.0
2017-02-08,20.14,20.14,20.14,20.14,19.1522,0.0,0.0,1.0
2017-02-09,20.23,20.23,20.23,20.23,19.2378,0.0,0.0,1.0
2017-02-10,20.28,20.28,20.28,20.28,19.2853,0.0,0.0,1.0
2017-02-13,20.33,20.33,20.33,20.33,19.3329,0.0,0.0,1.0
2017-02-14,20.34,20.34,20.34,20.34,19.3424,0.0,0.0,1.0
2017-02-15,20.37,20.37,20.37,20.37,19.3709,0.0,0.0,1.0
2017-02-16,20.29,20.29,20.29,20.29,19.2948,0.0,0.0,1.0
2017-02-17,20.25,20.25,20.25,20.25,19.2568,0.0,0.0,1.0
2017-02-21,20.46,20.46,20.46,20.46,19.4565,0.0,0.0,1.0
2017-02-22,20.41,20.41,20.41,20.41,19.409,0.0,0.0,1.0
2017-02-23,20.33,20.33,20.33,20.33,19.3329,0.0,0.0,1.0
2017-02-24,20.34,20.34,20.34,20.34,19.3424,0.0,0.0,1.0
2017-02-27,20.4,20.4,20.4,20.4,19.3995,0.0,0.0,1.0
2017-02-28,20.3,20.3,20.3,20.3,19.3044,0.0,0.0,1.0
2017-03-01,20.45,20.45,20.45,20.45,19.447,0.0,0.0,1.0
2017-03-02,20.37,20.37,20.37,20.37,19.3709,0.0,0.0,1.0
2017-03-03,20.35,20.35,20.35,20.35,19.3519,0.0,0.0,1.0
2017-03-06,20.35,20.35,20.35,20.35,19.3519,0.0,0.0,1.0
2017-03-07,20.23,20.23,20.23,20.23,19.2378,0.0,0.0,1.0
2017-03-08,19.98,19.98,19.98,19.98,19.0001,0.0,0.0,1.0
2017-03-09,19.93,19.93,19.93,19.93,18.9525,0.0,0.0,1.0
2017-03-10,19.94,19.94,19.94,19.94,18.962,0.0,0.0,1.0
2017-03-13,19.98,19.98,19.98,19.98,19.0001,0.0,0.0,1.0
2017-03-14,19.89,19.89,19.89,19.89,18.9145,0.0,0.0,1.0
2017-03-15,20.04,20.04,20.04,20.04,19.0571,0.0,0.0,1.0
2017-03-16,20.08,20.08,20.08,20.08,19.0951,0.0,0.0,1.0
2017-03-17,20.1,20.1,20.1,20.1,19.1142,0.0,0.0,1.0
2017-03-20,20.08,20.08,20.08,20.08,19.0951,0.0,0.0,1.0
2017-03-21,19.84,19.84,19.84,19.84,18.8669,0.0,0.0,1.0
2017-03-22,19.86,19.86,19.86,19.86,18.8859,0.0,0.0,1.0
2017-03-23,19.87,19.87,19.87,19.87,18.8954,0.0,0.0,1.0
2017-03-24,19.98,19.98,19.98,19.98,19.0001,0.0,0.0,1.0
2017-03-27,20.04,20.04,20.04,20.04,19.0571,0.0,0.0,1.0
2017-03-28,20.13,20.13,20.13,20.13,19.1427,0.0,0.0,1.0
2017-03-29,20.22,20.22,20.22,20.22,19.2283,0.0,0.0,1.0
2017-03-30,20.26,20.26,20.26,20.26,19.2663,0.0,0.0,1.0
2017-03-31,20.29,20.29,20.29,20.29,19.2948,0.0,0.0,1.0
2017-04-03,20.22,20.22,20.22,20.22,19.2283,0.0,0.0,1.0
2017-04-04,20.22,20.22,20.22,20.22,19.2283,0.0,0.0,1.0
2017-04-05,20.18,20.18,20.18,20.18,19.1902,0.0,0.0,1.0
2017-04-06,20.26,20.26,20.26,20.26,19.2663,0.0,0.0,1.0
2017-04-07,20.26,20.26,20.26,20.26,19.2663,0.0,0.0,1.0
2017-04-10,20.16,20.16,20.16,20.16,19.1712,0.0,0.0,1.0
2017-04-11,20.11,20.11,20.11,20.11,19.1237,0.0,0.0,1.0
2017-04-12,20.01,20.01,20.01,20.01,19.0286,0.0,0.0,1.0
2017-04-13,19.97,19.97,19.97,19.97,18.9905,0.0,0.0,1.0
2017-04-17,20.03,20.03,20.03,20.03,19.0476,0.0,0.0,1.0
2017-04-18,20.03,20.03,20.03,20.03,19.0476,0.0,0.0,1.0
2017-04-19,20.09,20.09,20.09,20.09,19.1047,0.0,0.0,1.0
2017-04-20,20.21,20.21,20.21,20.21,19.2188,0.0,0.0,1.0
2017-04-21,20.2,20.2,20.2,20.2,19.2093,0.0,0.0,1.0
2017-04-24,20.34,20.34,20.34,20.34,19.3424,0.0,0.0,1.0
2017-04-25,20.44,20.44,20.44,20.44,19.4375,0.0,0.0,1.0
2017-04-26,20.44,20.44,20.44,20.44,19.4375,0.0,0.0,1.0
2017-04-27,20.46,20.46,20.46,20.46,19.4565,0.0,0.0,1.0
2017-04-28,20.42,20.42,20.42,20.42,19.4185,0.0,0.0,1.0
2017-05-01,20.52,20.52,20.52,20.52,19.5136,0.0,0.0,1.0
2017-05-02,20.45,20.45,20.45,20.45,19.447,0.0,0.0,1.0
2017-05-03,20.39,20.39,20.39,20.39,19.3899,0.0,0.0,1.0
2017-05-04,20.37,20.37,20.37,20.37,19.3709,0.0,0.0,1.0
2017-05-05,20.46,20.46,20.46,20.46,19.4565,0.0,0.0,1.0
2017-05-08,20.21,20.21,20.21,20.21,19.2188,0.0,0.0,1.0
2017-05-09,20.27,20.27,20.27,20.27,19.2758,0.0,0.0,1.0
2017-05-10,20.31,20.31,20.31,20.31,19.3139,0.0,0.0,1.0
2017-05-11,20.3,20.3,20.3,20.3,19.3044,0.0,0.0,1.0
2017-05-12,20.31,20.31,20.31,20.31,19.3139,0.0,0.0,1.0
2017-05-15,20.41,20.41,20.41,20.41,19.409,0.0,0.0,1.0
2017-05-16,20.44,20.44,20.44,20.44,19.4375,0.0,0.0,1.0
2017-05-17,20.09,20.09,20.09,20.09,19.1047,0.0,0.0,1.0
2017-05-18,20.15,20.15,20.15,20.15,19.1617,0.0,0.0,1.0
2017-05-19,20.26,20.26,20.26,20.26,19.2663,0.0,0.0,1.0
2017-05-22,20.41,20.41,20.41,20.41,19.409,0.0,0.0,1.0
2017-05-23,20.39,20.39,20.39,20.39,19.3899,0.0,0.0,1.0
2017-05-24,20.46,20.46,20.46,20.46,19.4565,0.0,0.0,1.0
2017-05-25,20.51,20.51,20.51,20.51,19.5041,0.0,0.0,1.0
2017-05-26,20.51,20.51,20.51,20.51,19.5041,0.0,0.0,1.0
2017-05-30,20.51,20.51,20.51,20.51,19.5041,0.0,0.0,1.0
2017-05-31,20.47,20.47,20.47,20.47,19.466,0.0,0.0,1.0
2017-06-01,20.66,20.66,20.66,20.66,19.6467,0.0,0.0,1.0
2017-06-02,20.75,20.75,20.75,20.75,19.7323,0.0,0.0,1.0
2017-06-05,20.75,20.75,20.75,20.75,19.7323,0.0,0.0,1.0
2017-06-06,20.81,20.81,20.81,20.81,19.7893,0.0,0.0,1.0
2017-06-07,20.82,20.82,20.82,20.82,19.7989,0.0,0.0,1.0
2017-06-08,20.75,20.75,20.75,20.75,19.7323,0.0,0.0,1.0
2017-06-09,20.52,20.52,20.52,20.52,19.5136,0.0,0.0,1.0
2017-06-12,20.5,20.5,20.5,20.5,19.4945,0.0,0.0,1.0
2017-06-13,20.64,20.64,20.64,20.64,19.6277,0.0,0.0,1.0
2017-06-14,20.55,20.55,20.55,20.55,19.5421,0.0,0.0,1.0
2017-06-15,20.49,20.49,20.49,20.49,19.485,0.0,0.0,1.0
2017-06-16,20.5,20.5,20.5,20.5,19.4945,0.0,0.0,1.0
2017-06-19,20.69,20.69,20.69,20.69,19.6752,0.0,0.0,1.0
2017-06-20,20.6,20.6,20.6,20.6,19.5896,0.0,0.0,1.0
2017-06-21,20.66,20.66,20.66,20.66,19.6467,0.0,0.0,1.0
2017-06-22,20.73,20.73,20.73,20.73,19.7133,0.0,0.0,1.0
2017-06-23,20.82,20.82,20.82,20.82,19.7989,0.0,0.0,1.0
2017-06-26,20.77,20.77,20.77,20.77,19.7513,0.0,0.0,1.0
2017-06-27,20.57,20.57,20.57,20.57,19.5611,0.0,0.0,1.0
2017-06-28,20.74,20.74,20.74,20.74,19.7228,0.0,0.0,1.0
2017-06-29,20.56,20.56,20.56,20.56,19.5516,0.0,0.0,1.0
2017-06-30,20.59,20.59,20.59,20.59,19.5801,0.0,0.0,1.0
2017-07-03,20.51,20.51,20.51,20.51,19.5041,0.0,0.0,1.0
2017-07-05,20.59,20.59,20.59,20.59,19.5801,0.0,0.0,1.0
2017-07-06,20.42,20.42,20.42,20.42,19.4185,0.0,0.0,1.0
2017-07-07,20.37,20.37,20.37,20.37,19.3709,0.0,0.0,1.0
2017-07-10,20.43,20.43,20.43,20.43,19.428,0.0,0.0,1.0
2017-07-11,20.5,20.5,20.5,20.5,19.4945,0.0,0.0,1.0
2017-07-12,20.65,20.65,20.65,20.65,19.6372,0.0,0.0,1.0
2017-07-13,20.63,20.63,20.63,20.63,19.6182,0.0,0.0,1.0
2017-07-14,20.76,20.76,20.76,20.76,19.7418,0.0,0.0,1.0
2017-07-17,20.72,20.72,20.72,20.72,19.7038,0.0,0.0,1.0
2017-07-18,20.75,20.75,20.75,20.75,19.7323,0.0,0.0,1.0
2017-07-19,20.86,20.86,20.86,20.86,19.8369,0.0,0.0,1.0
2017-07-20,20.91,20.91,20.91,20.91,19.8844,0.0,0.0,1.0
2017-07-21,20.9,20.9,20.9,20.9,19.8749,0.0,0.0,1.0
2017-07-24,20.96,20.96,20.96,20.96,19.932,0.0,0.0,1.0
2017-07-25,20.96,20.96,20.96,20.96,19.932,0.0,0.0,1.0
2017-07-26,21.0,21.0,21.0,21.0,19.97,0.0,0.0,1.0
2017-07-27,20.91,20.91,20.91,20.91,19.8844,0.0,0.0,1.0
2017-07-28,20.91,20.91,20.91,20.91,19.8844,0.0,0.0,1.0
2017-07-31,20.83,20.83,20.83,20.83,19.8084,0.0,0.0,1.0
2017-08-01,20.85,20.85,20.85,20.85,19.8274,0.0,0.0,1.0
2017-08-02,20.76,20.76,20.76,20.76,19.7418,0.0,0.0,1.0
2017-08-03,20.71,20.71,20.71,20.71,19.6942,0.0,0.0,1.0
2017-08-04,20.72,20.72,20.72,20.72,19.7038,0.0,0.0,1.0
2017-08-07,20.8,20.8,20.8,20.8,19.7798,0.0,0.0,1.0
2017-08-08,20.59,20.59,20.59,20.59,19.5801,0.0,0.0,1.0
2017-08-09,20.48,20.48,20.48,20.48,19.4755,0.0,0.0,1.0
2017-08-10,20.2,20.2,20.2,20.2,19.2093,0.0,0.0,1.0
2017-08-11,20.27,20.27,20.27,20.27,19.2758,0.0,0.0,1.0
2017-08-14,20.44,20.44,20.44,20.44,19.4375,0.0,0.0,1.0
2017-08-15,20.43,20.43,20.43,20.43,19.428,0.0,0.0,1.0
2017-08-16,20.46,20.46,20.46,20.46,19.4565,0.0,0.0,1.0
2017-08-17,20.24,20.24,20.24,20.24,19.2473,0.0,0.0,1.0
2017-08-18,20.23,20.23,20.23,20.23,19.2378,0.0,0.0,1.0
2017-08-21,20.18,20.18,20.18,20.18,19.1902,0.0,0.0,1.0
2017-08-22,20.37,20.37,20.37,20.37,19.3709,0.0,0.0,1.0
2017-08-23,20.39,20.39,20.39,20.39,19.3899,0.0,0.0,1.0
2017-08-24,20.4,20.4,20.4,20.4,19.3995,0.0,0.0,1.0
2017-08-25,20.37,20.37,20.37,20.37,19.3709,0.0,0.0,1.0
2017-08-28,20.42,20.42,20.42,20.42,19.4185,0.0,0.0,1.0
2017-08-29,20.46,20.46,20.46,20.46,19.4565,0.0,0.0,1.0
2017-08-30,20.56,20.56,20.56,20.56,19.5516,0.0,0.0,1.0
2017-08-31,20.72,20.72,20.72,20.72,19.7038,0.0,0.0,1.0
2017-09-01,20.77,20.77,20.77,20.77,19.7513,0.0,0.0,1.0
2017-09-05,20.65,20.65,20.65,20.65,19.6372,0.0,0.0,1.0
2017-09-06,20.66,20.66,20.66,20.66,19.6467,0.0,0.0,1.0
2017-09-07,20.68,20.68,20.68,20.68,19.6657,0.0,0.0,1.0
2017-09-08,20.63,20.63,20.63,20.63,19.6182,0.0,0.0,1.0
2017-09-11,20.64,20.64,20.64,20.64,19.6715,0.0,0.0,1.0
2017-09-12,20.66,20.66,20.66,20.66,19.6906,0.0,0.0,1.0
2017-09-13,20.64,20.64,20.64,20.64,19.6715,0.0,0.0,1.0
2017-09-14,20.65,20.65,20.65,20.65,19.6811,0.0,0.0,1.0
2017-09-15,20.68,20.68,20.68,20.68,19.7097,0.0,0.0,1.0
2017-09-18,20.76,20.76,20.76,20.76,19.7859,0.0,0.0,1.0
2017-09-19,20.7,20.7,20.7,20.7,19.7287,0.0,0.0,1.0
2017-09-20,20.65,20.65,20.65,20.65,19.6811,0.0,0.0,1.0
2017-09-21,20.59,20.59,20.59,20.59,19.6239,0.0,0.0,1.0
2017-09-22,20.65,20.65,20.65,20.65,19.6811,0.0,0.0,1.0
2017-09-25,20.55,20.55,20.55,20.55,19.5858,0.0,0.0,1.0
2017-09-26,20.57,20.57,20.57,20.57,19.6048,0.0,0.0,1.0
2017-09-27,20.73,20.73,20.73,20.73,19.7573,0.0,0.0,1.0
2017-09-28,20.71,20.71,20.71,20.71,19.7383,0.0,0.0,1.0
2017-09-29,20.8,20.8,20.8,20.8,19.824,0.0,0.0,1.0
2017-10-02,20.95,20.95,20.95,20.95,19.967,0.0,0.0,1.0
2017-10-03,21.01,21.01,21.01,21.01,20.0242,0.0,0.0,1.0
2017-10-04,21.06,21.06,21.06,21.06,20.0718,0.0,0.0,1.0
2017-10-05,21.1,21.1,21.1,21.1,20.11,0.0,0.0,1.0
2017-10-06,21.12,21.12,21.12,21.12,20.129,0.0,0.0,1.0
2017-10-09,21.06,21.06,21.06,21.06,20.0718,0.0,0.0,1.0
2017-10-10,20.93,20.93,20.93,20.93,20.0011,0.0,0.0,1.0
2017-10-11,20.93,20.93,20.93,20.93,20.0011,0.0,0.0,1.0
2017-10-12,20.91,20.91,20.91,20.91,19.982,0.0,0.0,1.0
2017-10-13,20.93,20.93,20.93,20.93,20.0011,0.0,0.0,1.0
2017-10-16,20.9,20.9,20.9,20.9,19.9724,0.0,0.0,1.0
2017-10-17,20.91,20.91,20.91,20.91,19.982,0.0,0.0,1.0
2017-10-18,20.93,20.93,20.93,20.93,20.0011,0.0,0.0,1.0
2017-10-19,20.9,20.9,20.9,20.9,19.9724,0.0,0.0,1.0
2017-10-20,20.98,20.98,20.98,20.98,20.0489,0.0,0.0,1.0
2017-10-23,20.94,20.94,20.94,20.94,20.0107,0.0,0.0,1.0
2017-10-24,20.92,20.92,20.92,20.92,19.9916,0.0,0.0,1.0
2017-10-25,20.77,20.77,20.77,20.77,19.8482,0.0,0.0,1.0
2017-10-26,20.75,20.75,20.75,20.75,19.8291,0.0,0.0,1.0
2017-10-27,20.85,20.85,20.85,20.85,19.9247,0.0,0.0,1.0
2017-10-30,20.88,20.88,20.88,20.88,19.9533,0.0,0.0,1.0
2017-10-31,21.03,21.03,21.03,21.03,20.0967,0.0,0.0,1.0
2017-11-01,21.02,21.02,21.02,21.02,20.0871,0.0,0.0,1.0
2017-11-02,20.96,20.96,20.96,20.96,20.0298,0.0,0.0,1.0
2017-11-03,21.05,21.05,21.05,21.05,20.1158,0.0,0.0,1.0
2017-11-06,21.11,21.11,21.11,21.11,20.1731,0.0,0.0,1.0
2017-11-07,20.96,20.96,20.96,20.96,20.0298,0.0,0.0,1.0
2017-11-08,21.0,21.0,21.0,21.0,20.068,0.0,0.0,1.0
2017-11-09,20.7,20.7,20.7,20.7,19.8125,0.0,0.0,1.0
2017-11-10,20.75,20.75,20.75,20.75,19.8603,0.0,0.0,1.0
2017-11-13,20.79,20.79,20.79,20.79,19.8986,0.0,0.0,1.0
2017-11-14,20.69,20.69,20.69,20.69,19.8029,0.0,0.0,1.0
2017-11-15,20.6,20.6,20.6,20.6,19.7167,0.0,0.0,1.0
2017-11-16,20.79,20.79,20.79,20.79,19.8986,0.0,0.0,1.0
2017-11-17,20.86,20.86,20.86,20.86,19.9656,0.0,0.0,1.0
2017-11-20,20.93,20.93,20.93,20.93,20.0326,0.0,0.0,1.0
2017-11-21,21.08,21.08,21.08,21.08,20.1762,0.0,0.0,1.0
2017-11-22,21.09,21.09,21.09,21.09,20.1857,0.0,0.0,1.0
2017-11-24,21.12,21.12,21.12,21.12,20.2145,0.0,0.0,1.0
2017-11-27,20.98,20.98,20.98,20.98,20.0805,0.0,0.0,1.0
2017-11-28,21.05,21.05,21.05,21.05,20.1475,0.0,0.0,1.0
2017-11-29,20.82,20.82,20.82,20.82,19.9273,0.0,0.0,1.0
2017-11-30,20.9,20.9,20.9,20.9,20.0039,0.0,0.0,1.0
2017-12-01,20.82,20.82,20.82,20.82,19.9273,0.0,0.0,1.0
2017-12-04,20.64,20.64,20.64,20.64,19.755,0.0,0.0,1.0
2017-12-05,20.57,20.57,20.57,20.57,19.688,0.0,0.0,1.0
2017-12-06,20.52,20.52,20.52,20.52,19.6402,0.0,0.0,1.0
2017-12-07,20.62,20.62,20.62,20.62,19.7359,0.0,0.0,1.0
2017-12-08,20.68,20.68,20.68,20.68,19.7933,0.0,0.0,1.0
2017-12-11,20.59,20.59,20.59,20.59,19.778,0.0,0.0,1.0
2017-12-12,20.58,20.58,20.58,20.58,19.7683,0.0,0.0,1.0
2017-12-13,20.59,20.59,20.59,20.59,19.778,0.0,0.0,1.0
2017-12-14,20.55,20.55,20.55,20.55,19.7395,0.0,0.0,1.0
2017-12-15,20.65,20.65,20.65,20.65,19.8356,0.0,0.0,1.0
2017-12-18,20.82,20.82,20.82,20.82,19.9989,0.0,0.0,1.0
2017-12-19,20.75,20.75,20.75,20.75,19.9316,0.0,0.0,1.0
2017-12-20,20.76,20.76,20.76,20.76,19.9412,0.0,0.0,1.0
2017-12-21,20.79,20.79,20.79,20.79,19.9701,0.0,0.0,1.0
2017-12-22,20.76,20.76,20.76,20.76,19.9412,0.0,0.0,1.0
2017-12-26,20.72,20.72,20.72,20.72,19.9028,0.0,0.0,1.0
2017-12-27,20.72,20.72,20.72,20.72,19.9028,0.0,0.0,1.0
2017-12-28,20.72,20.72,20.72,20.72,19.9384,0.0,0.0,1.0
2017-12-29,20.54,20.54,20.54,20.54,19.7652,0.0,0.0,1.0
2018-01-02,20.72,20.72,20.72,20.72,19.9384,0.0,0.0,1.0
2018-01-03,20.87,20.87,20.87,20.87,20.0828,0.0,0.0,1.0
2018-01-04,20.92,20.92,20.92,20.92,20.1309,0.0,0.0,1.0
2018-01-05,20.98,20.98,20.98,20.98,20.1886,0.0,0.0,1.0
2018-01-08,21.07,21.07,21.07,21.07,20.2752,0.0,0.0,1.0
2018-01-09,21.04,21.04,21.04,21.04,20.2464,0.0,0.0,1.0
2018-01-10,20.94,20.94,20.94,20.94,20.1501,0.0,0.0,1.0
2018-01-11,21.09,21.09,21.09,21.09,20.2945,0.0,0.0,1.0
2018-01-12,21.17,21.17,21.17,21.17,20.3715,0.0,0.0,1.0
2018-01-16,21.13,21.13,21.13,21.13,20.333,0.0,0.0,1.0
2018-01-17,21.28,21.28,21.28,21.28,20.4773,0.0,0.0,1.0
2018-01-18,21.26,21.26,21.26,21.26,20.4581,0.0,0.0,1.0
2018-01-19,21.31,21.31,21.31,21.31,20.5062,0.0,0.0,1.0
2018-01-22,21.44,21.44,21.44,21.44,20.6313,0.0,0.0,1.0
2018-01-23,21.55,21.55,21.55,21.55,20.7371,0.0,0.0,1.0
2018-01-24,21.47,21.47,21.47,21.47,20.6601,0.0,0.0,1.0
2018-01-25,21.34,21.34,21.34,21.34,20.535,0.0,0.0,1.0
2018-01-26,21.6,21.6,21.6,21.6,20.7852,0.0,0.0,1.0
2018-01-29,21.45,21.45,21.45,21.45,20.6409,0.0,0.0,1.0
2018-01-30,21.22,21.22,21.22,21.22,20.4196,0.0,0.0,1.0
2018-01-31,21.21,21.21,21.21,21.21,20.4099,0.0,0.0,1.0
2018-02-01,21.15,21.15,21.15,21.15,20.3522,0.0,0.0,1.0
2018-02-02,20.83,20.83,20.83,20.83,20.0443,0.0,0.0,1.0
2018-02-05,20.56,20.56,20.56,20.56,19.7845,0.0,0.0,1.0
2018-02-06,20.58,20.58,20.58,20.58,19.8037,0.0,0.0,1.0
2018-02-07,20.54,20.54,20.54,20.54,19.7652,0.0,0.0,1.0
2018-02-08,20.02,20.02,20.02,20.02,19.2648,0.0,0.0,1.0
2018-02-09,19.86,19.86,19.86,19.86,19.1463,0.0,0.0,1.0
2018-02-12,20.02,20.02,20.02,20.02,19.3005,0.0,0.0,1.0
2018-02-13,20.05,20.05,20.05,20.05,19.3294,0.0,0.0,1.0
2018-02-14,20.34,20.34,20.34,20.34,19.609,0.0,0.0,1.0
2018-02-15,20.53,20.53,20.53,20.53,19.7922,0.0,0.0,1.0
2018-02-16,20.63,20.63,20.63,20.63,19.8886,0.0,0.0,1.0
2018-02-20,20.65,20.65,20.65,20.65,19.9079,0.0,0.0,1.0
2018-02-21,20.63,20.63,20.63,20.63,19.8886,0.0,0.0,1.0
2018-02-22,20.58,20.58,20.58,20.58,19.8404,0.0,0.0,1.0
2018-02-23,20.81,20.81,20.81,20.81,20.0621,0.0,0.0,1.0
2018-02-26,21.0,21.0,21.0,21.0,20.2453,0.0,0.0,1.0
2018-02-27,20.91,20.91,20.91,20.91,20.1585,0.0,0.0,1.0
2018-02-28,20.81,20.81,20.81,20.81,20.0621,0.0,0.0,1.0
2018-03-01,20.6,20.6,20.6,20.6,19.8597,0.0,0.0,1.0
2018-03-02,20.72,20.72,20.72,20.72,19.9753,0.0,0.0,1.0
2018-03-05,20.95,20.95,20.95,20.95,20.1971,0.0,0.0,1.0
2018-03-06,21.11,21.11,21.11,21.11,20.3513,0.0,0.0,1.0
2018-03-07,21.24,21.24,21.24,21.24,20.4767,0.0,0.0,1.0
2018-03-08,21.22,21.22,21.22,21.22,20.4574,0.0,0.0,1.0
2018-03-09,21.29,21.29,21.29,21.29,20.5249,0.0,0.0,1.0
2018-03-12,21.45,21.45,21.45,21.45,20.6791,0.0,0.0,1.0
2018-03-13,21.33,21.33,21.33,21.33,20.5634,0.0,0.0,1.0
2018-03-14,21.33,21.33,21.33,21.33,20.5634,0.0,0.0,1.0
2018-03-15,21.29,21.29,21.29,21.29,20.5249,0.0,0.0,1.0
2018-03-16,21.32,21.32,21.32,21.32,20.5538,0.0,0.0,1.0
2018-03-19,21.12,21.12,21.12,21.12,20.361,0.0,0.0,1.0
2018-03-20,21.16,21.16,21.16,21.16,20.3995,0.0,0.0,1.0
2018-03-21,21.29,21.29,21.29,21.29,20.5249,0.0,0.0,1.0
2018-03-22,20.94,20.94,20.94,20.94,20.1874,0.0,0.0,1.0
2018-03-23,20.63,20.63,20.63,20.63,19.8886,0.0,0.0,1.0
2018-03-26,20.95,20.95,20.95,20.95,20.1971,0.0,0.0,1.0
2018-03-27,20.56,20.56,20.56,20.56,19.8211,0.0,0.0,1.0
2018-03-28,20.44,20.44,20.44,20.44,19.7054,0.0,0.0,1.0
2018-03-29,20.64,20.64,20.64,20.64,19.8982,0.0,0.0,1.0
2018-04-02,20.26,20.26,20.26,20.26,19.5319,0.0,0.0,1.0
2018-04-03,20.41,20.41,20.41,20.41,19.6765,0.0,0.0,1.0
2018-04-04,20.59,20.59,20.59,20.59,19.85,0.0,0.0,1.0
2018-04-05,20.69,20.69,20.69,20.69,19.9464,0.0,0.0,1.0
2018-04-06,20.36,20.36,20.36,20.36,19.6283,0.0,0.0,1.0
2018-04-09,20.42,20.42,20.42,20.42,19.6861,0.0,0.0,1.0
2018-04-10,20.75,20.75,20.75,20.75,20.0043,0.0,0.0,1.0
2018-04-11,20.77,20.77,20.77,20.77,20.0236,0.0,0.0,1.0
2018-04-12,20.78,20.78,20.78,20.78,20.0332,0.0,0.0,1.0
2018-04-13,20.72,20.72,20.72,20.72,19.9753,0.0,0.0,1.0
2018-04-16,20.8,20.8,20.8,20.8,20.0525,0.0,0.0,1.0
2018-04-17,21.06,21.06,21.06,21.06,20.3031,0.0,0.0,1.0
2018-04-18,21.12,21.12,21.12,21.12,20.361,0.0,0.0,1.0
2018-04-19,20.89,20.89,20.89,20.89,20.1392,0.0,0.0,1.0
2018-04-20,20.75,20.75,20.75,20.75,20.0043,0.0,0.0,1.0
2018-04-23,20.67,20.67,20.67,20.67,19.9271,0.0,0.0,1.0
2018-04-24,20.49,20.49,20.49,20.49,19.7536,0.0,0.0,1.0
2018-04-25,20.42,20.42,20.42,20.42,19.6861,0.0,0.0,1.0
2018-04-26,20.68,20.68,20.68,20.68,19.9368,0.0,0.0,1.0
2018-04-27,20.62,20.62,20.62,20.62,19.8789,0.0,0.0,1.0
2018-04-30,20.49,20.49,20.49,20.49,19.7536,0.0,0.0,1.0
2018-05-01,20.53,20.53,20.53,20.53,19.7922,0.0,0.0,1.0
2018-05-02,20.56,20.56,20.56,20.56,19.8211,0.0,0.0,1.0
2018-05-03,20.53,20.53,20.53,20.53,19.7922,0.0,0.0,1.0
2018-05-04,20.76,20.76,20.76,20.76,20.0139,0.0,0.0,1.0
2018-05-07,20.92,20.92,20.92,20.92,20.1682,0.0,0.0,1.0
2018-05-08,20.91,20.91,20.91,20.91,20.1585,0.0,0.0,1.0
2018-05-09,21.07,21.07,21.07,21.07,20.3128,0.0,0.0,1.0
2018-05-10,21.2,21.2,21.2,21.2,20.4381,0.0,0.0,1.0
2018-05-11,21.01,21.01,21.01,21.01,20.3519,0.0,0.0,1.0
2018-05-14,21.0,21.0,21.0,21.0,20.3422,0.0,0.0,1.0
2018-05-15,20.89,20.89,20.89,20.89,20.2356,0.0,0.0,1.0
2018-05-16,21.0,21.0,21.0,21.0,20.3422,0.0,0.0,1.0
2018-05-17,21.01,21.01,21.01,21.01,20.3519,0.0,0.0,1.0
2018-05-18,21.0,21.0,21.0,21.0,20.3422,0.0,0.0,1.0
2018-05-21,21.04,21.04,21.04,21.04,20.3809,0.0,0.0,1.0
2018-05-22,20.97,20.97,20.97,20.97,20.3131,0.0,0.0,1.0
2018-05-23,20.93,20.93,20.93,20.93,20.2744,0.0,0.0,1.0
2018-05-24,20.98,20.98,20.98,20.98,20.3228,0.0,0.0,1.0
2018-05-25,21.02,21.02,21.02,21.02,20.3616,0.0,0.0,1.0
2018-05-29,20.99,20.99,20.99,20.99,20.3325,0.0,0.0,1.0
2018-05-30,21.15,21.15,21.15,21.15,20.4875,0.0,0.0,1.0
2018-05-31,21.02,21.02,21.02,21.02,20.3616,0.0,0.0,1.0
2018-06-01,21.19,21.19,21.19,21.19,20.5262,0.0,0.0,1.0
2018-06-04,21.21,21.21,21.21,21.21,20.5456,0.0,0.0,1.0
2018-06-05,21.3,21.3,21.3,21.3,20.6328,0.0,0.0,1.0
2018-06-06,21.44,21.44,21.44,21.44,20.7684,0.0,0.0,1.0
2018-06-07,21.36,21.36,21.36,21.36,20.6909,0.0,0.0,1.0
2018-06-08,21.42,21.42,21.42,21.42,20.749,0.0,0.0,1.0
2018-06-11,21.33,21.33,21.33,21.33,20.6619,0.0,0.0,1.0
2018-06-12,21.46,21.46,21.46,21.46,20.7878,0.0,0.0,1.0
2018-06-13,21.48,21.48,21.48,21.48,20.8072,0.0,0.0,1.0
2018-06-14,21.6,21.6,21.6,21.6,20.9234,0.0,0.0,1.0
2018-06-15,21.58,21.58,21.58,21.58,20.904,0.0,0.0,1.0
2018-06-18,21.59,21.59,21.59,21.59,20.9137,0.0,0.0,1.0
2018-06-19,21.52,21.52,21.52,21.52,20.8459,0.0,0.0,1.0
2018-06-20,21.69,21.69,21.69,21.69,21.0106,0.0,0.0,1.0
2018-06-21,21.48,21.48,21.48,21.48,20.8072,0.0,0.0,1.0
2018-06-22,21.44,21.44,21.44,21.44,20.7684,0.0,0.0,1.0
2018-06-25,21.04,21.04,21.04,21.04,20.3809,0.0,0.0,1.0
2018-06-26,21.1,21.1,21.1,21.1,20.4391,0.0,0.0,1.0
2018-06-27,20.88,20.88,20.88,20.88,20.226,0.0,0.0,1.0
2018-06-28,20.95,20.95,20.95,20.95,20.2938,0.0,0.0,1.0
2018-06-29,21.0,21.0,21.0,21.0,20.3422,0.0,0.0,1.0
2018-07-02,21.02,21.02,21.02,21.02,20.3616,0.0,0.0,1.0
2018-07-03,20.95,20.95,20.95,20.95,20.2938,0.0,0.0,1.0
2018-07-05,21.09,21.09,21.09,21.09,20.4294,0.0,0.0,1.0
2018-07-06,21.31,21.31,21.31,21.31,20.6425,0.0,0.0,1.0
2018-07-09,21.4,21.4,21.4,21.4,20.7297,0.0,0.0,1.0
2018-07-10,21.41,21.41,21.41,21.41,20.7394,0.0,0.0,1.0
2018-07-11,21.26,21.26,21.26,21.26,20.5941,0.0,0.0,1.0
2018-07-12,21.28,21.28,21.28,21.28,20.7766,0.0,0.0,1.0
2018-07-13,21.25,21.25,21.25,21.25,20.7473,0.0,0.0,1.0
2018-07-16,21.16,21.16,21.16,21.16,20.6595,0.0,0.0,1.0
2018-07-17,21.28,21.28,21.28,21.28,20.7766,0.0,0.0,1.0
2018-07-18,21.3,21.3,21.3,21.3,20.7962,0.0,0.0,1.0
2018-07-19,21.25,21.25,21.25,21.25,20.7473,0.0,0.0,1.0
2018-07-20,21.22,21.22,21.22,21.22,20.718,0.0,0.0,1.0
2018-07-23,21.17,21.17,21.17,21.17,20.6692,0.0,0.0,1.0
2018-07-24,21.02,21.02,21.02,21.02,20.5228,0.0,0.0,1.0
2018-07-25,21.16,21.16,21.16,21.16,20.6595,0.0,0.0,1.0
2018-07-26,21.23,21.23,21.23,21.23,20.7278,0.0,0.0,1.0
2018-07-27,21.05,21.05,21.05,21.05,20.5521,0.0,0.0,1.0
2018-07-30,20.82,20.82,20.82,20.82,20.3275,0.0,0.0,1.0
2018-07-31,20.93,20.93,20.93,20.93,20.4349,0.0,0.0,1.0
2018-08-01,21.01,21.01,21.01,21.01,20.513,0.0,0.0,1.0
2018-08-02,21.24,21.24,21.24,21.24,20.7376,0.0,0.0,1.0
2018-08-03,21.21,21.21,21.21,21.21,20.7083,0.0,0.0,1.0
2018-08-06,21.3,21.3,21.3,21.3,20.7962,0.0,0.0,1.0
2018-08-07,21.48,21.48,21.48,21.48,20.9719,0.0,0.0,1.0
2018-08-08,21.44,21.44,21.44,21.44,20.9328,0.0,0.0,1.0
2018-08-09,21.41,21.41,21.41,21.41,20.9036,0.0,0.0,1.0
2018-08-10,21.12,21.12,21.12,21.12,20.7825,0.0,0.0,1.0
2018-08-13,21.06,21.06,21.06,21.06,20.7235,0.0,0.0,1.0
2018-08-14,21.07,21.07,21.07,21.07,20.7333,0.0,0.0,1.0
2018-08-15,20.88,20.88,20.88,20.88,20.5464,0.0,0.0,1.0
2018-08-16,20.92,20.92,20.92,20.92,20.5857,0.0,0.0,1.0
2018-08-17,20.95,20.95,20.95,20.95,20.6152,0.0,0.0,1.0
2018-08-20,21.0,21.0,21.0,21.0,20.6644,0.0,0.0,1.0
2018-08-21,21.17,21.17,21.17,21.17,20.8317,0.0,0.0,1.0
2018-08-22,21.29,21.29,21.29,21.29,20.9498,0.0,0.0,1.0
2018-08-23,21.29,21.29,21.29,21.29,20.9498,0.0,0.0,1.0
2018-08-24,21.45,21.45,21.45,21.45,21.1072,0.0,0.0,1.0
2018-08-27,21.58,21.58,21.58,21.58,21.2352,0.0,0.0,1.0
2018-08-28,21.62,21.62,21.62,21.62,21.2745,0.0,0.0,1.0
2018-08-29,21.71,21.71,21.71,21.71,21.3631,0.0,0.0,1.0
2018-08-30,21.69,21.69,21.69,21.69,21.3434,0.0,0.0,1.0
2018-08-31,21.71,21.71,21.71,21.71,21.3631,0.0,0.0,1.0
2018-09-04,21.69,21.69,21.69,21.69,21.3434,0.0,0.0,1.0
2018-09-05,21.48,21.48,21.48,21.48,21.1368,0.0,0.0,1.0
2018-09-06,21.39,21.39,21.39,21.39,21.0482,0.0,0.0,1.0
2018-09-07,21.31,21.31,21.31,21.31,20.9695,0.0,0.0,1.0
2018-09-10,21.42,21.42,21.42,21.42,21.0777,0.0,0.0,1.0
2018-09-11,21.42,21.42,21.42,21.42,21.0777,0.0,0.0,1.0
2018-09-12,21.5,21.5,21.5,21.5,21.1564,0.0,0.0,1.0
2018-09-13,21.59,21.59,21.59,21.59,21.245,0.0,0.0,1.0
2018-09-14,21.49,21.49,21.49,21.49,21.3115,0.0,0.0,1.0
2018-09-17,21.26,21.26,21.26,21.26,21.0834,0.0,0.0,1.0
2018-09-18,21.36,21.36,21.36,21.36,21.1825,0.0,0.0,1.0
2018-09-19,21.31,21.31,21.31,21.31,21.1329,0.0,0.0,1.0
2018-09-20,21.43,21.43,21.43,21.43,21.2519,0.0,0.0,1.0
2018-09-21,21.36,21.36,21.36,21.36,21.1825,0.0,0.0,1.0
2018-09-24,21.37,21.37,21.37,21.37,21.1925,0.0,0.0,1.0
2018-09-25,21.39,21.39,21.39,21.39,21.2123,0.0,0.0,1.0
2018-09-26,21.33,21.33,21.33,21.33,21.1528,0.0,0.0,1.0
2018-09-27,21.39,21.39,21.39,21.39,21.2123,0.0,0.0,1.0
2018-09-28,21.42,21.42,21.42,21.42,21.242,0.0,0.0,1.0
2018-10-01,21.34,21.34,21.34,21.34,21.1627,0.0,0.0,1.0
2018-10-02,21.25,21.25,21.25,21.25,21.0734,0.0,0.0,1.0
2018-10-03,21.29,21.29,21.29,21.29,21.1131,0.0,0.0,1.0
2018-10-04,20.99,20.99,20.99,20.99,20.8156,0.0,0.0,1.0
2018-10-05,20.83,20.83,20.83,20.83,20.6569,0.0,0.0,1.0
2018-10-08,20.63,20.63,20.63,20.63,20.4586,0.0,0.0,1.0
2018-10-09,20.57,20.57,20.57,20.57,20.3991,0.0,0.0,1.0
2018-10-10,20.1,20.1,20.1,20.1,19.933,0.0,0.0,1.0
2018-10-11,19.72,19.72,19.72,19.72,19.72,0.0,0.0,1.0
2018-10-12,19.95,19.95,19.95,19.95,19.95,0.0,0.0,1.0
2018-10-15,19.95,19.95,19.95,19.95,19.95,0.0,0.0,1.0
2018-10-16,20.34,20.34,20.34,20.34,20.34,0.0,0.0,1.0
2018-10-17,20.3,20.3,20.3,20.3,20.3,0.0,0.0,1.0
2018-10-18,20.04,20.04,20.04,20.04,20.04,0.0,0.0,1.0
2018-10-19,19.84,19.84,19.84,19.84,19.84,0.0,0.0,1.0
2018-10-22,19.88,19.88,19.88,19.88,19.88,0.0,0.0,1.0
2018-10-23,19.78,19.78,19.78,19.78,19.78,0.0,0.0,1.0
2018-10-24,19.28,19.28,19.28,19.28,19.28,0.0,0.0,1.0
2018-10-25,19.48,19.48,19.48,19.48,19.48,0.0,0.0,1.0
2018-10-26,19.24,19.24,19.24,19.24,19.24,0.0,0.0,1.0
