date,1. open,2. high,3. low,4. close,5. adjusted close,6. volume,7. dividend amount,8. split coefficient
2018-01-16,9.85,9.85,9.85,9.85,9.6311,0.0,0.054,1.0
2018-01-17,9.85,9.85,9.85,9.85,9.6311,0.0,0.0,1.0
2018-01-18,9.85,9.85,9.85,9.85,9.6311,0.0,0.0,1.0
2018-01-19,9.84,9.84,9.84,9.84,9.6213,0.0,0.0,1.0
2018-01-22,9.84,9.84,9.84,9.84,9.6213,0.0,0.0,1.0
2018-01-23,9.87,9.87,9.87,9.87,9.6506,0.0,0.0,1.0
2018-01-24,9.88,9.88,9.88,9.88,9.6604,0.0,0.0,1.0
2018-01-25,9.88,9.88,9.88,9.88,9.6604,0.0,0.0,1.0
2018-01-26,9.89,9.89,9.89,9.89,9.6702,0.0,0.0,1.0
2018-01-29,9.88,9.88,9.88,9.88,9.6604,0.0,0.0,1.0
2018-01-30,9.84,9.84,9.84,9.84,9.6213,0.0,0.0,1.0
2018-01-31,9.86,9.86,9.86,9.86,9.6408,0.0,0.0,1.0
2018-02-01,9.85,9.85,9.85,9.85,9.6311,0.0,0.0,1.0
2018-02-02,9.83,9.83,9.83,9.83,9.6115,0.0,0.0,1.0
2018-02-05,9.81,9.81,9.81,9.81,9.592,0.0,0.0,1.0
2018-02-06,9.78,9.78,9.78,9.78,9.5626,0.0,0.0,1.0
2018-02-07,9.8,9.8,9.8,9.8,9.5822,0.0,0.0,1.0
2018-02-08,9.76,9.76,9.76,9.76,9.5431,0.0,0.0,1.0
2018-02-09,9.65,9.65,9.65,9.65,9.4355,0.0,0.0,1.0
2018-02-12,9.68,9.68,9.68,9.68,9.4648,0.0,0.0,1.0
2018-02-13,9.68,9.68,9.68,9.68,9.4648,0.0,0.0,1.0
2018-02-14,9.65,9.65,9.65,9.65,9.4355,0.0,0.0,1.0
2018-02-15,9.71,9.71,9.71,9.71,9.4942,0.0,0.0,1.0
2018-02-16,9.74,9.74,9.74,9.74,9.5235,0.0,0.0,1.0
2018-02-20,9.74,9.74,9.74,9.74,9.5235,0.0,0.0,1.0
2018-02-21,9.73,9.73,9.73,9.73,9.5137,0.0,0.0,1.0
2018-02-22,9.71,9.71,9.71,9.71,9.4942,0.0,0.0,1.0
2018-02-23,9.71,9.71,9.71,9.71,9.4942,0.0,0.0,1.0
2018-02-26,9.73,9.73,9.73,9.73,9.5137,0.0,0.0,1.0
2018-02-27,9.73,9.73,9.73,9.73,9.5137,0.0,0.0,1.0
2018-02-28,9.72,9.72,9.72,9.72,9.504,0.0,0.0,1.0
2018-03-01,9.71,9.71,9.71,9.71,9.4942,0.0,0.0,1.0
2018-03-02,9.68,9.68,9.68,9.68,9.4648,0.0,0.0,1.0
2018-03-05,9.7,9.7,9.7,9.7,9.4844,0.0,0.0,1.0
2018-03-06,9.71,9.71,9.71,9.71,9.4942,0.0,0.0,1.0
2018-03-07,9.71,9.71,9.71,9.71,9.4942,0.0,0.0,1.0
2018-03-08,9.7,9.7,9.7,9.7,9.4844,0.0,0.0,1.0
2018-03-09,9.71,9.71,9.71,9.71,9.4942,0.0,0.0,1.0
2018-03-12,9.72,9.72,9.72,9.72,9.504,0.0,0.0,1.0
2018-03-13,9.66,9.66,9.66,9.66,9.4453,0.0,0.0,1.0
2018-03-14,9.66,9.66,9.66,9.66,9.4453,0.0,0.0,1.0
2018-03-15,9.66,9.66,9.66,9.66,9.4453,0.0,0.0,1.0
2018-03-16,9.66,9.66,9.66,9.66,9.4453,0.0,0.0,1.0
2018-03-19,9.65,9.65,9.65,9.65,9.4355,0.0,0.0,1.0
2018-03-20,9.65,9.65,9.65,9.65,9.4355,0.0,0.0,1.0
2018-03-21,9.64,9.64,9.64,9.64,9.4257,0.0,0.0,1.0
2018-03-22,9.62,9.62,9.62,9.62,9.4062,0.0,0.0,1.0
2018-03-23,9.61,9.61,9.61,9.61,9.3964,0.0,0.0,1.0
2018-03-26,9.61,9.61,9.61,9.61,9.3964,0.0,0.0,1.0
2018-03-27,9.62,9.62,9.62,9.62,9.4062,0.0,0.0,1.0
2018-03-28,9.6,9.6,9.6,9.6,9.3866,0.0,0.0,1.0
2018-03-29,9.6,9.6,9.6,9.6,9.3866,0.0,0.0,1.0
2018-04-02,9.6,9.6,9.6,9.6,9.3866,0.0,0.0,1.0
2018-04-03,9.61,9.61,9.61,9.61,9.3964,0.0,0.0,1.0
2018-04-04,9.6,9.6,9.6,9.6,9.3866,0.0,0.0,1.0
2018-04-05,9.64,9.64,9.64,9.64,9.4257,0.0,0.0,1.0
2018-04-06,9.65,9.65,9.65,9.65,9.4355,0.0,0.0,1.0
2018-04-09,9.62,9.62,9.62,9.62,9.4062,0.0,0.0,1.0
2018-04-10,9.65,9.65,9.65,9.65,9.4355,0.0,0.0,1.0
2018-04-11,9.65,9.65,9.65,9.65,9.4355,0.0,0.0,1.0
2018-04-12,9.68,9.68,9.68,9.68,9.4648,0.0,0.0,1.0
2018-04-13,9.69,9.69,9.69,9.69,9.4746,0.0,0.0,1.0
2018-04-16,9.7,9.7,9.7,9.7,9.4844,0.0,0.0,1.0
2018-04-17,9.71,9.71,9.71,9.71,9.4942,0.0,0.0,1.0
2018-04-18,9.72,9.72,9.72,9.72,9.504,0.0,0.0,1.0
2018-04-19,9.7,9.7,9.7,9.7,9.4844,0.0,0.0,1.0
2018-04-20,9.69,9.69,9.69,9.69,9.4746,0.0,0.0,1.0
2018-04-23,9.68,9.68,9.68,9.68,9.4648,0.0,0.0,1.0
2018-04-24,9.68,9.68,9.68,9.68,9.4648,0.0,0.0,1.0
2018-04-25,9.66,9.66,9.66,9.66,9.4453,0.0,0.0,1.0
2018-04-26,9.68,9.68,9.68,9.68,9.4648,0.0,0.0,1.0
2018-04-27,9.66,9.66,9.66,9.66,9.4453,0.0,0.0,1.0
2018-04-30,9.66,9.66,9.66,9.66,9.4453,0.0,0.0,1.0
2018-05-01,9.65,9.65,9.65,9.65,9.4355,0.0,0.0,1.0
2018-05-02,9.64,9.64,9.64,9.64,9.4257,0.0,0.0,1.0
2018-05-03,9.63,9.63,9.63,9.63,9.416,0.0,0.0,1.0
2018-05-04,9.64,9.64,9.64,9.64,9.4257,0.0,0.0,1.0
2018-05-07,9.65,9.65,9.65,9.65,9.4355,0.0,0.0,1.0
2018-05-08,9.65,9.65,9.65,9.65,9.4355,0.0,0.0,1.0
2018-05-09,9.6,9.6,9.6,9.6,9.3866,0.0,0.0,1.0
2018-05-10,9.62,9.62,9.62,9.62,9.4062,0.0,0.0,1.0
2018-05-11,9.63,9.63,9.63,9.63,9.416,0.0,0.0,1.0
2018-05-14,9.64,9.64,9.64,9.64,9.4257,0.0,0.0,1.0
2018-05-15,9.64,9.64,9.64,9.64,9.4257,0.0,0.0,1.0
2018-05-16,9.64,9.64,9.64,9.64,9.4257,0.0,0.0,1.0
2018-05-17,9.65,9.65,9.65,9.65,9.4355,0.0,0.0,1.0
2018-05-18,9.64,9.64,9.64,9.64,9.4257,0.0,0.0,1.0
2018-05-21,9.66,9.66,9.66,9.66,9.4453,0.0,0.0,1.0
2018-05-22,9.67,9.67,9.67,9.67,9.4551,0.0,0.0,1.0
2018-05-23,9.66,9.66,9.66,9.66,9.4453,0.0,0.0,1.0
2018-05-24,9.66,9.66,9.66,9.66,9.4453,0.0,0.0,1.0
2018-05-25,9.64,9.64,9.64,9.64,9.4257,0.0,0.0,1.0
2018-05-29,9.61,9.61,9.61,9.61,9.3964,0.0,0.0,1.0
2018-05-30,9.63,9.63,9.63,9.63,9.416,0.0,0.0,1.0
2018-05-31,9.64,9.64,9.64,9.64,9.4257,0.0,0.0,1.0
2018-06-01,9.65,9.65,9.65,9.65,9.4355,0.0,0.0,1.0
2018-06-04,9.66,9.66,9.66,9.66,9.4453,0.0,0.0,1.0
2018-06-05,9.67,9.67,9.67,9.67,9.4551,0.0,0.0,1.0
2018-06-06,9.68,9.68,9.68,9.68,9.4648,0.0,0.0,1.0
2018-06-07,9.7,9.7,9.7,9.7,9.4844,0.0,0.0,1.0
2018-06-08,9.69,9.69,9.69,9.69,9.4746,0.0,0.0,1.0
2018-06-11,9.7,9.7,9.7,9.7,9.4844,0.0,0.0,1.0
2018-06-12,9.65,9.65,9.65,9.65,9.4355,0.0,0.0,1.0
2018-06-13,9.66,9.66,9.66,9.66,9.4453,0.0,0.0,1.0
2018-06-14,9.66,9.66,9.66,9.66,9.4453,0.0,0.0,1.0
2018-06-15,9.66,9.66,9.66,9.66,9.4453,0.0,0.0,1.0
2018-06-18,9.69,9.69,9.69,9.69,9.4746,0.0,0.0,1.0
2018-06-19,9.68,9.68,9.68,9.68,9.4648,0.0,0.0,1.0
2018-06-20,9.68,9.68,9.68,9.68,9.4648,0.0,0.0,1.0
2018-06-21,9.67,9.67,9.67,9.67,9.4551,0.0,0.0,1.0
2018-06-22,9.68,9.68,9.68,9.68,9.4648,0.0,0.0,1.0
2018-06-25,9.67,9.67,9.67,9.67,9.4551,0.0,0.0,1.0
2018-06-26,9.66,9.66,9.66,9.66,9.4453,0.0,0.0,1.0
2018-06-27,9.65,9.65,9.65,9.65,9.4355,0.0,0.0,1.0
2018-06-28,9.62,9.62,9.62,9.62,9.4062,0.0,0.0,1.0
2018-06-29,9.65,9.65,9.65,9.65,9.4355,0.0,0.0,1.0
2018-07-02,9.62,9.62,9.62,9.62,9.4062,0.0,0.0,1.0
2018-07-03,9.63,9.63,9.63,9.63,9.416,0.0,0.0,1.0
2018-07-05,9.65,9.65,9.65,9.65,9.4355,0.0,0.0,1.0
2018-07-06,9.65,9.65,9.65,9.65,9.4355,0.0,0.0,1.0
2018-07-09,9.63,9.63,9.63,9.63,9.416,0.0,0.0,1.0
2018-07-10,9.59,9.59,9.59,9.59,9.4296,0.0,0.054,1.0
2018-07-11,9.58,9.58,9.58,9.58,9.4198,0.0,0.0,1.0
2018-07-12,9.59,9.59,9.59,9.59,9.4296,0.0,0.0,1.0
2018-07-13,9.58,9.58,9.58,9.58,9.4198,0.0,0.0,1.0
2018-07-16,9.57,9.57,9.57,9.57,9.41,0.0,0.0,1.0
2018-07-17,9.58,9.58,9.58,9.58,9.4198,0.0,0.0,1.0
2018-07-18,9.57,9.57,9.57,9.57,9.41,0.0,0.0,1.0
2018-07-19,9.58,9.58,9.58,9.58,9.4198,0.0,0.0,1.0
2018-07-20,9.58,9.58,9.58,9.58,9.4198,0.0,0.0,1.0
2018-07-23,9.6,9.6,9.6,9.6,9.4395,0.0,0.0,1.0
2018-07-24,9.61,9.61,9.61,9.61,9.4493,0.0,0.0,1.0
2018-07-25,9.61,9.61,9.61,9.61,9.4493,0.0,0.0,1.0
2018-07-26,9.62,9.62,9.62,9.62,9.4591,0.0,0.0,1.0
2018-07-27,9.63,9.63,9.63,9.63,9.469,0.0,0.0,1.0
2018-07-30,9.63,9.63,9.63,9.63,9.469,0.0,0.0,1.0
2018-07-31,9.64,9.64,9.64,9.64,9.4788,0.0,0.0,1.0
2018-08-01,9.64,9.64,9.64,9.64,9.4788,0.0,0.0,1.0
2018-08-02,9.65,9.65,9.65,9.65,9.4886,0.0,0.0,1.0
2018-08-03,9.65,9.65,9.65,9.65,9.4886,0.0,0.0,1.0
2018-08-06,9.66,9.66,9.66,9.66,9.4985,0.0,0.0,1.0
2018-08-07,9.66,9.66,9.66,9.66,9.4985,0.0,0.0,1.0
2018-08-08,9.66,9.66,9.66,9.66,9.4985,0.0,0.0,1.0
2018-08-09,9.65,9.65,9.65,9.65,9.4886,0.0,0.0,1.0
2018-08-10,9.64,9.64,9.64,9.64,9.4788,0.0,0.0,1.0
2018-08-13,9.59,9.59,9.59,9.59,9.4827,0.0,0.054,1.0
2018-08-14,9.59,9.59,9.59,9.59,9.4827,0.0,0.0,1.0
2018-08-15,9.58,9.58,9.58,9.58,9.4728,0.0,0.0,1.0
2018-08-16,9.6,9.6,9.6,9.6,9.4926,0.0,0.0,1.0
2018-08-17,9.6,9.6,9.6,9.6,9.4926,0.0,0.0,1.0
2018-08-20,9.61,9.61,9.61,9.61,9.5025,0.0,0.0,1.0
2018-08-21,9.63,9.63,9.63,9.63,9.5223,0.0,0.0,1.0
2018-08-22,9.64,9.64,9.64,9.64,9.5322,0.0,0.0,1.0
2018-08-23,9.64,9.64,9.64,9.64,9.5322,0.0,0.0,1.0
2018-08-24,9.65,9.65,9.65,9.65,9.5421,0.0,0.0,1.0
2018-08-27,9.65,9.65,9.65,9.65,9.5421,0.0,0.0,1.0
2018-08-28,9.65,9.65,9.65,9.65,9.5421,0.0,0.0,1.0
2018-08-29,9.66,9.66,9.66,9.66,9.552,0.0,0.0,1.0
2018-08-30,9.65,9.65,9.65,9.65,9.5421,0.0,0.0,1.0
2018-08-31,9.65,9.65,9.65,9.65,9.5421,0.0,0.0,1.0
2018-09-04,9.65,9.65,9.65,9.65,9.5421,0.0,0.0,1.0
2018-09-05,9.64,9.64,9.64,9.64,9.5322,0.0,0.0,1.0
2018-09-06,9.63,9.63,9.63,9.63,9.5223,0.0,0.0,1.0
2018-09-07,9.64,9.64,9.64,9.64,9.5322,0.0,0.0,1.0
2018-09-10,9.64,9.64,9.64,9.64,9.5322,0.0,0.0,1.0
2018-09-11,9.64,9.64,9.64,9.64,9.5322,0.0,0.0,1.0
2018-09-12,9.61,9.61,9.61,9.61,9.5559,0.0,0.054,1.0
2018-09-13,9.61,9.61,9.61,9.61,9.5559,0.0,0.0,1.0
2018-09-14,9.6,9.6,9.6,9.6,9.546,0.0,0.0,1.0
2018-09-17,9.61,9.61,9.61,9.61,9.5559,0.0,0.0,1.0
2018-09-18,9.63,9.63,9.63,9.63,9.5758,0.0,0.0,1.0
2018-09-19,9.63,9.63,9.63,9.63,9.5758,0.0,0.0,1.0
2018-09-20,9.58,9.58,9.58,9.58,9.5261,0.0,0.0,1.0
2018-09-21,9.58,9.58,9.58,9.58,9.5261,0.0,0.0,1.0
2018-09-24,9.59,9.59,9.59,9.59,9.536,0.0,0.0,1.0
2018-09-25,9.65,9.65,9.65,9.65,9.5957,0.0,0.0,1.0
2018-09-26,9.66,9.66,9.66,9.66,9.6056,0.0,0.0,1.0
2018-09-27,9.67,9.67,9.67,9.67,9.6156,0.0,0.0,1.0
2018-09-28,9.63,9.63,9.63,9.63,9.5758,0.0,0.0,1.0
2018-10-01,9.66,9.66,9.66,9.66,9.6056,0.0,0.0,1.0
2018-10-02,9.66,9.66,9.66,9.66,9.6056,0.0,0.0,1.0
2018-10-03,9.66,9.66,9.66,9.66,9.6056,0.0,0.0,1.0
2018-10-04,9.64,9.64,9.64,9.64,9.5857,0.0,0.0,1.0
2018-10-05,9.63,9.63,9.63,9.63,9.5758,0.0,0.0,1.0
2018-10-08,9.64,9.64,9.64,9.64,9.5857,0.0,0.0,1.0
2018-10-09,9.62,9.62,9.62,9.62,9.5659,0.0,0.0,1.0
2018-10-10,9.54,9.54,9.54,9.54,9.54,0.0,0.054,1.0
