date,1. open,2. high,3. low,4. close,5. adjusted close,6. volume,7. dividend amount,8. split coefficient
2013-04-30,14.34,14.34,14.34,14.34,11.0244,0.0,0.0,1.0
2013-05-01,14.38,14.38,14.38,14.38,11.0552,0.0,0.0,1.0
2013-05-02,14.4,14.4,14.4,14.4,11.0706,0.0,0.0,1.0
2013-05-03,14.37,14.37,14.37,14.37,11.0475,0.0,0.0,1.0
2013-05-06,14.34,14.34,14.34,14.34,11.0244,0.0,0.0,1.0
2013-05-07,14.33,14.33,14.33,14.33,11.0168,0.0,0.0,1.0
2013-05-08,14.34,14.34,14.34,14.34,11.0244,0.0,0.0,1.0
2013-05-09,14.37,14.37,14.37,14.37,11.0475,0.0,0.0,1.0
2013-05-10,14.33,14.33,14.33,14.33,11.0168,0.0,0.0,1.0
2013-05-13,14.32,14.32,14.32,14.32,11.0091,0.0,0.0,1.0
2013-05-14,14.29,14.29,14.29,14.29,10.986,0.0,0.0,1.0
2013-05-15,14.3,14.3,14.3,14.3,10.9937,0.0,0.0,1.0
2013-05-16,14.35,14.35,14.35,14.35,11.0321,0.0,0.0,1.0
2013-05-17,14.34,14.34,14.34,14.34,11.0244,0.0,0.0,1.0
2013-05-20,14.31,14.31,14.31,14.31,11.0014,0.0,0.0,1.0
2013-05-21,14.3,14.3,14.3,14.3,10.9937,0.0,0.0,1.0
2013-05-22,14.27,14.27,14.27,14.27,10.9706,0.0,0.0,1.0
2013-05-23,14.23,14.23,14.23,14.23,10.9399,0.0,0.0,1.0
2013-05-24,14.23,14.23,14.23,14.23,10.9399,0.0,0.0,1.0
2013-05-28,14.14,14.14,14.14,14.14,10.8707,0.0,0.0,1.0
2013-05-29,14.03,14.03,14.03,14.03,10.7861,0.0,0.0,1.0
2013-05-30,13.98,13.98,13.98,13.98,10.7477,0.0,0.0,1.0
2013-05-31,13.95,13.95,13.95,13.95,10.7246,0.0,0.0,1.0
2013-06-03,13.93,13.93,13.93,13.93,10.7092,0.0,0.0,1.0
2013-06-04,13.81,13.81,13.81,13.81,10.617,0.0,0.0,1.0
2013-06-05,13.81,13.81,13.81,13.81,10.617,0.0,0.0,1.0
2013-06-06,13.81,13.81,13.81,13.81,10.617,0.0,0.0,1.0
2013-06-07,13.73,13.73,13.73,13.73,10.5555,0.0,0.0,1.0
2013-06-10,13.64,13.64,13.64,13.64,10.4863,0.0,0.0,1.0
2013-06-11,13.5,13.5,13.5,13.5,10.3787,0.0,0.0,1.0
2013-06-12,13.43,13.43,13.43,13.43,10.3249,0.0,0.0,1.0
2013-06-13,13.34,13.34,13.34,13.34,10.2557,0.0,0.0,1.0
2013-06-14,13.38,13.38,13.38,13.38,10.2864,0.0,0.0,1.0
2013-06-17,13.39,13.39,13.39,13.39,10.2941,0.0,0.0,1.0
2013-06-18,13.33,13.33,13.33,13.33,10.248,0.0,0.0,1.0
2013-06-19,13.26,13.26,13.26,13.26,10.1942,0.0,0.0,1.0
2013-06-20,12.91,12.91,12.91,12.91,9.9251,0.0,0.0,1.0
2013-06-21,12.39,12.39,12.39,12.39,9.5253,0.0,0.0,1.0
2013-06-24,11.89,11.89,11.89,11.89,9.1409,0.0,0.0,1.0
2013-06-25,12.02,12.02,12.02,12.02,9.2409,0.0,0.0,1.0
2013-06-26,12.39,12.39,12.39,12.39,9.5253,0.0,0.0,1.0
2013-06-27,12.61,12.61,12.61,12.61,9.6944,0.0,0.0,1.0
2013-06-28,12.65,12.65,12.65,12.65,9.7252,0.0,0.0,1.0
2013-07-01,12.66,12.66,12.66,12.66,9.7329,0.0,0.0,1.0
2013-07-02,12.67,12.67,12.67,12.67,9.7406,0.0,0.0,1.0
2013-07-03,12.67,12.67,12.67,12.67,9.7406,0.0,0.0,1.0
2013-07-05,12.48,12.48,12.48,12.48,9.5945,0.0,0.0,1.0
2013-07-08,12.48,12.48,12.48,12.48,9.5945,0.0,0.0,1.0
2013-07-09,12.4,12.4,12.4,12.4,9.533,0.0,0.0,1.0
2013-07-10,12.36,12.36,12.36,12.36,9.5022,0.0,0.0,1.0
2013-07-11,12.42,12.42,12.42,12.42,9.5484,0.0,0.0,1.0
2013-07-12,12.43,12.43,12.43,12.43,9.5561,0.0,0.0,1.0
2013-07-15,12.43,12.43,12.43,12.43,9.5561,0.0,0.0,1.0
2013-07-16,12.38,12.38,12.38,12.38,9.5176,0.0,0.0,1.0
2013-07-17,12.39,12.39,12.39,12.39,9.5253,0.0,0.0,1.0
2013-07-18,12.34,12.34,12.34,12.34,9.4869,0.0,0.0,1.0
2013-07-19,12.18,12.18,12.18,12.18,9.3639,0.0,0.0,1.0
2013-07-22,12.15,12.15,12.15,12.15,9.3408,0.0,0.0,1.0
2013-07-23,11.97,11.97,11.97,11.97,9.2024,0.0,0.0,1.0
2013-07-24,11.86,11.86,11.86,11.86,9.1179,0.0,0.0,1.0
2013-07-25,11.84,11.84,11.84,11.84,9.1025,0.0,0.0,1.0
2013-07-26,11.96,11.96,11.96,11.96,9.1947,0.0,0.0,1.0
2013-07-29,11.97,11.97,11.97,11.97,9.2024,0.0,0.0,1.0
2013-07-30,11.99,11.99,11.99,11.99,9.2178,0.0,0.0,1.0
2013-07-31,11.97,11.97,11.97,11.97,9.2024,0.0,0.0,1.0
2013-08-01,11.94,11.94,11.94,11.94,9.1794,0.0,0.0,1.0
2013-08-05,11.82,11.82,11.82,11.82,9.0871,0.0,0.0,1.0
2013-08-06,11.77,11.77,11.77,11.77,9.0487,0.0,0.0,1.0
2013-08-07,11.77,11.77,11.77,11.77,9.0487,0.0,0.0,1.0
2013-08-08,11.75,11.75,11.75,11.75,9.0333,0.0,0.0,1.0
2013-08-09,11.75,11.75,11.75,11.75,9.0333,0.0,0.0,1.0
2013-08-12,11.75,11.75,11.75,11.75,9.0333,0.0,0.0,1.0
2013-08-13,11.65,11.65,11.65,11.65,8.9564,0.0,0.0,1.0
2013-08-14,11.64,11.64,11.64,11.64,8.9487,0.0,0.0,1.0
2013-08-15,11.45,11.45,11.45,11.45,8.8511,0.0,0.063,1.0
2013-08-16,11.41,11.41,11.41,11.41,8.8202,0.0,0.0,1.0
2013-08-19,11.37,11.37,11.37,11.37,8.7892,0.0,0.0,1.0
2013-08-20,11.32,11.32,11.32,11.32,8.7506,0.0,0.0,1.0
2013-08-21,11.28,11.28,11.28,11.28,8.7197,0.0,0.0,1.0
2013-08-22,11.22,11.22,11.22,11.22,8.6733,0.0,0.0,1.0
2013-08-23,11.24,11.24,11.24,11.24,8.6887,0.0,0.0,1.0
2013-08-26,11.23,11.23,11.23,11.23,8.681,0.0,0.0,1.0
2013-08-27,11.21,11.21,11.21,11.21,8.6656,0.0,0.0,1.0
2013-08-28,11.1,11.1,11.1,11.1,8.5805,0.0,0.0,1.0
2013-08-29,11.02,11.02,11.02,11.02,8.5187,0.0,0.0,1.0
2013-08-30,11.02,11.02,11.02,11.02,8.5187,0.0,0.0,1.0
2013-09-03,10.94,10.94,10.94,10.94,8.4568,0.0,0.0,1.0
2013-09-04,10.95,10.95,10.95,10.95,8.4646,0.0,0.0,1.0
2013-09-05,10.9,10.9,10.9,10.9,8.4259,0.0,0.0,1.0
2013-09-06,10.94,10.94,10.94,10.94,8.4568,0.0,0.0,1.0
2013-09-09,10.89,10.89,10.89,10.89,8.4182,0.0,0.0,1.0
2013-09-10,10.9,10.9,10.9,10.9,8.4259,0.0,0.0,1.0
2013-09-11,10.97,10.97,10.97,10.97,8.48,0.0,0.0,1.0
2013-09-12,11.08,11.08,11.08,11.08,8.5651,0.0,0.0,1.0
2013-09-13,11.1,11.1,11.1,11.1,8.6292,0.0,0.063,1.0
2013-09-16,11.24,11.24,11.24,11.24,8.7381,0.0,0.0,1.0
2013-09-17,11.26,11.26,11.26,11.26,8.7536,0.0,0.0,1.0
2013-09-18,11.4,11.4,11.4,11.4,8.8624,0.0,0.0,1.0
2013-09-19,11.53,11.53,11.53,11.53,8.9635,0.0,0.0,1.0
2013-09-20,11.58,11.58,11.58,11.58,9.0024,0.0,0.0,1.0
2013-09-23,11.63,11.63,11.63,11.63,9.0412,0.0,0.0,1.0
2013-09-24,11.64,11.64,11.64,11.64,9.049,0.0,0.0,1.0
2013-09-25,11.63,11.63,11.63,11.63,9.0412,0.0,0.0,1.0
2013-09-26,11.65,11.65,11.65,11.65,9.0568,0.0,0.0,1.0
2013-09-27,11.66,11.66,11.66,11.66,9.0646,0.0,0.0,1.0
2013-09-30,11.68,11.68,11.68,11.68,9.0801,0.0,0.0,1.0
2013-10-01,11.67,11.67,11.67,11.67,9.0723,0.0,0.0,1.0
2013-10-02,11.69,11.69,11.69,11.69,9.0879,0.0,0.0,1.0
2013-10-03,11.68,11.68,11.68,11.68,9.0801,0.0,0.0,1.0
2013-10-04,11.68,11.68,11.68,11.68,9.0801,0.0,0.0,1.0
2013-10-07,11.68,11.68,11.68,11.68,9.0801,0.0,0.0,1.0
2013-10-08,11.67,11.67,11.67,11.67,9.0723,0.0,0.0,1.0
2013-10-09,11.63,11.63,11.63,11.63,9.0412,0.0,0.0,1.0
2013-10-10,11.55,11.55,11.55,11.55,8.9791,0.0,0.0,1.0
2013-10-11,11.53,11.53,11.53,11.53,8.9635,0.0,0.0,1.0
2013-10-14,11.53,11.53,11.53,11.53,8.9635,0.0,0.0,1.0
2013-10-15,11.48,11.48,11.48,11.48,8.9246,0.0,0.0,1.0
2013-10-16,11.32,11.32,11.32,11.32,8.8492,0.0,0.063,1.0
2013-10-17,11.43,11.43,11.43,11.43,8.9352,0.0,0.0,1.0
2013-10-18,11.49,11.49,11.49,11.49,8.9821,0.0,0.0,1.0
2013-10-21,11.49,11.49,11.49,11.49,8.9821,0.0,0.0,1.0
2013-10-22,11.58,11.58,11.58,11.58,9.0525,0.0,0.0,1.0
2013-10-23,11.67,11.67,11.67,11.67,9.1228,0.0,0.0,1.0
2013-10-24,11.78,11.78,11.78,11.78,9.2088,0.0,0.0,1.0
2013-10-25,11.82,11.82,11.82,11.82,9.2401,0.0,0.0,1.0
2013-10-28,11.81,11.81,11.81,11.81,9.2323,0.0,0.0,1.0
2013-10-29,11.8,11.8,11.8,11.8,9.2245,0.0,0.0,1.0
2013-10-30,11.81,11.81,11.81,11.81,9.2323,0.0,0.0,1.0
2013-10-31,11.81,11.81,11.81,11.81,9.2323,0.0,0.0,1.0
2013-11-01,11.8,11.8,11.8,11.8,9.2245,0.0,0.0,1.0
2013-11-04,11.8,11.8,11.8,11.8,9.2245,0.0,0.0,1.0
2013-11-05,11.74,11.74,11.74,11.74,9.1776,0.0,0.0,1.0
2013-11-06,11.74,11.74,11.74,11.74,9.1776,0.0,0.0,1.0
2013-11-07,11.79,11.79,11.79,11.79,9.2166,0.0,0.0,1.0
2013-11-08,11.7,11.7,11.7,11.7,9.1463,0.0,0.0,1.0
2013-11-11,11.71,11.71,11.71,11.71,9.1541,0.0,0.0,1.0
2013-11-12,11.69,11.69,11.69,11.69,9.1385,0.0,0.0,1.0
2013-11-13,11.68,11.68,11.68,11.68,9.1307,0.0,0.0,1.0
2013-11-14,11.71,11.71,11.71,11.71,9.1541,0.0,0.0,1.0
2013-11-15,11.65,11.65,11.65,11.65,9.1565,0.0,0.063,1.0
2013-11-18,11.69,11.69,11.69,11.69,9.1879,0.0,0.0,1.0
2013-11-19,11.7,11.7,11.7,11.7,9.1957,0.0,0.0,1.0
2013-11-20,11.66,11.66,11.66,11.66,9.1643,0.0,0.0,1.0
2013-11-21,11.58,11.58,11.58,11.58,9.1014,0.0,0.0,1.0
2013-11-22,11.6,11.6,11.6,11.6,9.1172,0.0,0.0,1.0
2013-11-25,11.61,11.61,11.61,11.61,9.125,0.0,0.0,1.0
2013-11-26,11.61,11.61,11.61,11.61,9.125,0.0,0.0,1.0
2013-11-27,11.61,11.61,11.61,11.61,9.125,0.0,0.0,1.0
2013-11-29,11.61,11.61,11.61,11.61,9.125,0.0,0.0,1.0
2013-12-02,11.56,11.56,11.56,11.56,9.0857,0.0,0.0,1.0
2013-12-03,11.54,11.54,11.54,11.54,9.07,0.0,0.0,1.0
2013-12-04,11.45,11.45,11.45,11.45,8.9993,0.0,0.0,1.0
2013-12-05,11.41,11.41,11.41,11.41,8.9678,0.0,0.0,1.0
2013-12-06,11.42,11.42,11.42,11.42,8.9757,0.0,0.0,1.0
2013-12-09,11.42,11.42,11.42,11.42,8.9757,0.0,0.0,1.0
2013-12-10,11.44,11.44,11.44,11.44,8.9914,0.0,0.0,1.0
2013-12-11,11.41,11.41,11.41,11.41,8.9678,0.0,0.0,1.0
2013-12-12,11.4,11.4,11.4,11.4,8.96,0.0,0.0,1.0
2013-12-13,11.35,11.35,11.35,11.35,8.9702,0.0,0.063,1.0
2013-12-16,11.35,11.35,11.35,11.35,8.9702,0.0,0.0,1.0
2013-12-17,11.35,11.35,11.35,11.35,8.9702,0.0,0.0,1.0
2013-12-18,11.34,11.34,11.34,11.34,8.9623,0.0,0.0,1.0
2013-12-19,11.33,11.33,11.33,11.33,8.9544,0.0,0.0,1.0
2013-12-20,11.33,11.33,11.33,11.33,8.9544,0.0,0.0,1.0
2013-12-23,11.32,11.32,11.32,11.32,8.9465,0.0,0.0,1.0
2013-12-24,11.32,11.32,11.32,11.32,8.9465,0.0,0.0,1.0
2013-12-26,11.33,11.33,11.33,11.33,8.9544,0.0,0.0,1.0
2013-12-27,11.32,11.32,11.32,11.32,8.9465,0.0,0.0,1.0
2013-12-30,11.33,11.33,11.33,11.33,8.9544,0.0,0.0,1.0
2013-12-31,11.33,11.33,11.33,11.33,8.9544,0.0,0.0,1.0
2014-01-02,11.34,11.34,11.34,11.34,8.9623,0.0,0.0,1.0
2014-01-03,11.35,11.35,11.35,11.35,8.9702,0.0,0.0,1.0
2014-01-06,11.37,11.37,11.37,11.37,8.986,0.0,0.0,1.0
2014-01-07,11.41,11.41,11.41,11.41,9.0176,0.0,0.0,1.0
2014-01-08,11.44,11.44,11.44,11.44,9.0413,0.0,0.0,1.0
2014-01-09,11.51,11.51,11.51,11.51,9.0966,0.0,0.0,1.0
2014-01-10,11.65,11.65,11.65,11.65,9.2073,0.0,0.0,1.0
2014-01-13,11.69,11.69,11.69,11.69,9.2389,0.0,0.0,1.0
2014-01-14,11.72,11.72,11.72,11.72,9.2626,0.0,0.0,1.0
2014-01-15,11.66,11.66,11.66,11.66,9.265,0.0,0.063,1.0
2014-01-16,11.76,11.76,11.76,11.76,9.3444,0.0,0.0,1.0
2014-01-17,11.8,11.8,11.8,11.8,9.3762,0.0,0.0,1.0
2014-01-21,11.82,11.82,11.82,11.82,9.3921,0.0,0.0,1.0
2014-01-22,11.88,11.88,11.88,11.88,9.4398,0.0,0.0,1.0
2014-01-23,11.97,11.97,11.97,11.97,9.5113,0.0,0.0,1.0
2014-01-24,12.05,12.05,12.05,12.05,9.5749,0.0,0.0,1.0
2014-01-27,12.04,12.04,12.04,12.04,9.5669,0.0,0.0,1.0
2014-01-28,11.99,11.99,11.99,11.99,9.5272,0.0,0.0,1.0
2014-01-29,11.99,11.99,11.99,11.99,9.5272,0.0,0.0,1.0
2014-01-30,11.96,11.96,11.96,11.96,9.5033,0.0,0.0,1.0
2014-01-31,11.0099,11.0099,11.0099,11.0099,8.7484,0.0,0.0,1.0
2014-02-03,11.96,11.96,11.96,11.96,9.5033,0.0,0.0,1.0
2014-02-04,12.0,12.0,12.0,12.0,9.5351,0.0,0.0,1.0
2014-02-05,12.0,12.0,12.0,12.0,9.5351,0.0,0.0,1.0
2014-02-06,12.0,12.0,12.0,12.0,9.5351,0.0,0.0,1.0
2014-02-07,12.02,12.02,12.02,12.02,9.551,0.0,0.0,1.0
2014-02-10,12.03,12.03,12.03,12.03,9.559,0.0,0.0,1.0
2014-02-11,12.03,12.03,12.03,12.03,9.559,0.0,0.0,1.0
2014-02-12,12.04,12.04,12.04,12.04,9.5669,0.0,0.0,1.0
2014-02-13,12.06,12.06,12.06,12.06,9.5828,0.0,0.0,1.0
2014-02-14,12.07,12.07,12.07,12.07,9.5908,0.0,0.0,1.0
2014-02-18,12.04,12.04,12.04,12.04,9.617,0.0,0.063,1.0
2014-02-19,12.08,12.08,12.08,12.08,9.6489,0.0,0.0,1.0
2014-02-20,12.12,12.12,12.12,12.12,9.6809,0.0,0.0,1.0
2014-02-21,12.16,12.16,12.16,12.16,9.7128,0.0,0.0,1.0
2014-02-24,12.19,12.19,12.19,12.19,9.7368,0.0,0.0,1.0
2014-02-25,12.25,12.25,12.25,12.25,9.7847,0.0,0.0,1.0
2014-02-26,12.32,12.32,12.32,12.32,9.8406,0.0,0.0,1.0
2014-02-27,12.39,12.39,12.39,12.39,9.8965,0.0,0.0,1.0
2014-02-28,12.42,12.42,12.42,12.42,9.9205,0.0,0.0,1.0
2014-03-03,12.49,12.49,12.49,12.49,9.9764,0.0,0.0,1.0
2014-03-04,12.51,12.51,12.51,12.51,9.9924,0.0,0.0,1.0
2014-03-05,12.5,12.5,12.5,12.5,9.9844,0.0,0.0,1.0
2014-03-06,12.47,12.47,12.47,12.47,9.9604,0.0,0.0,1.0
2014-03-07,12.41,12.41,12.41,12.41,9.9125,0.0,0.0,1.0
2014-03-10,12.41,12.41,12.41,12.41,9.9125,0.0,0.0,1.0
2014-03-11,12.41,12.41,12.41,12.41,9.9125,0.0,0.0,1.0
2014-03-12,12.49,12.49,12.49,12.49,9.9764,0.0,0.0,1.0
2014-03-13,12.52,12.52,12.52,12.52,10.0004,0.0,0.0,1.0
2014-03-14,12.5,12.5,12.5,12.5,10.0347,0.0,0.063,1.0
2014-03-17,12.45,12.45,12.45,12.45,9.9946,0.0,0.0,1.0
2014-03-18,12.44,12.44,12.44,12.44,9.9866,0.0,0.0,1.0
2014-03-19,12.41,12.41,12.41,12.41,9.9625,0.0,0.0,1.0
2014-03-20,12.4,12.4,12.4,12.4,9.9544,0.0,0.0,1.0
2014-03-21,12.37,12.37,12.37,12.37,9.9304,0.0,0.0,1.0
2014-03-24,12.38,12.38,12.38,12.38,9.9384,0.0,0.0,1.0
2014-03-25,12.37,12.37,12.37,12.37,9.9304,0.0,0.0,1.0
2014-03-26,12.42,12.42,12.42,12.42,9.9705,0.0,0.0,1.0
2014-03-27,12.48,12.48,12.48,12.48,10.0187,0.0,0.0,1.0
2014-03-28,12.49,12.49,12.49,12.49,10.0267,0.0,0.0,1.0
2014-03-31,12.48,12.48,12.48,12.48,10.0187,0.0,0.0,1.0
2014-04-01,12.45,12.45,12.45,12.45,9.9946,0.0,0.0,1.0
2014-04-02,12.45,12.45,12.45,12.45,9.9946,0.0,0.0,1.0
2014-04-03,12.47,12.47,12.47,12.47,10.0106,0.0,0.0,1.0
2014-04-04,12.54,12.54,12.54,12.54,10.0668,0.0,0.0,1.0
2014-04-07,12.57,12.57,12.57,12.57,10.0909,0.0,0.0,1.0
2014-04-08,12.57,12.57,12.57,12.57,10.0909,0.0,0.0,1.0
2014-04-09,12.63,12.63,12.63,12.63,10.1391,0.0,0.0,1.0
2014-04-10,12.69,12.69,12.69,12.69,10.1872,0.0,0.0,1.0
2014-04-11,12.72,12.72,12.72,12.72,10.2113,0.0,0.0,1.0
2014-04-14,12.65,12.65,12.65,12.65,10.2057,0.0,0.063,1.0
2014-04-15,12.66,12.66,12.66,12.66,10.2138,0.0,0.0,1.0
2014-04-16,12.68,12.68,12.68,12.68,10.2299,0.0,0.0,1.0
2014-04-17,12.68,12.68,12.68,12.68,10.2299,0.0,0.0,1.0
2014-04-21,12.69,12.69,12.69,12.69,10.238,0.0,0.0,1.0
2014-04-22,12.71,12.71,12.71,12.71,10.2541,0.0,0.0,1.0
2014-04-23,12.76,12.76,12.76,12.76,10.2945,0.0,0.0,1.0
2014-04-24,12.77,12.77,12.77,12.77,10.3025,0.0,0.0,1.0
2014-04-25,12.8,12.8,12.8,12.8,10.3267,0.0,0.0,1.0
2014-04-28,12.81,12.81,12.81,12.81,10.3348,0.0,0.0,1.0
2014-04-29,12.81,12.81,12.81,12.81,10.3348,0.0,0.0,1.0
2014-04-30,12.84,12.84,12.84,12.84,10.359,0.0,0.0,1.0
2014-05-01,12.89,12.89,12.89,12.89,10.3993,0.0,0.0,1.0
2014-05-02,12.89,12.89,12.89,12.89,10.3993,0.0,0.0,1.0
2014-05-05,12.91,12.91,12.91,12.91,10.4155,0.0,0.0,1.0
2014-05-06,12.94,12.94,12.94,12.94,10.4397,0.0,0.0,1.0
2014-05-07,12.96,12.96,12.96,12.96,10.4558,0.0,0.0,1.0
2014-05-08,13.03,13.03,13.03,13.03,10.5123,0.0,0.0,1.0
2014-05-09,13.06,13.06,13.06,13.06,10.5365,0.0,0.0,1.0
2014-05-12,13.07,13.07,13.07,13.07,10.5446,0.0,0.0,1.0
2014-05-13,13.11,13.11,13.11,13.11,10.5768,0.0,0.0,1.0
2014-05-14,13.13,13.13,13.13,13.13,10.6438,0.0,0.063,1.0
2014-05-15,13.18,13.18,13.18,13.18,10.6843,0.0,0.0,1.0
2014-05-16,13.22,13.22,13.22,13.22,10.7168,0.0,0.0,1.0
2014-05-19,13.23,13.23,13.23,13.23,10.7249,0.0,0.0,1.0
2014-05-20,13.24,13.24,13.24,13.24,10.733,0.0,0.0,1.0
2014-05-21,13.23,13.23,13.23,13.23,10.7249,0.0,0.0,1.0
2014-05-22,13.23,13.23,13.23,13.23,10.7249,0.0,0.0,1.0
2014-05-23,13.24,13.24,13.24,13.24,10.733,0.0,0.0,1.0
2014-05-27,13.24,13.24,13.24,13.24,10.733,0.0,0.0,1.0
2014-05-28,13.3,13.3,13.3,13.3,10.7816,0.0,0.0,1.0
2014-05-29,13.31,13.31,13.31,13.31,10.7897,0.0,0.0,1.0
2014-05-30,13.32,13.32,13.32,13.32,10.7978,0.0,0.0,1.0
2014-06-02,13.31,13.31,13.31,13.31,10.7897,0.0,0.0,1.0
2014-06-03,13.26,13.26,13.26,13.26,10.7492,0.0,0.0,1.0
2014-06-04,13.24,13.24,13.24,13.24,10.733,0.0,0.0,1.0
2014-06-05,13.24,13.24,13.24,13.24,10.733,0.0,0.0,1.0
2014-06-06,13.24,13.24,13.24,13.24,10.733,0.0,0.0,1.0
2014-06-09,13.24,13.24,13.24,13.24,10.733,0.0,0.0,1.0
2014-06-10,13.2,13.2,13.2,13.2,10.7005,0.0,0.0,1.0
2014-06-11,13.19,13.19,13.19,13.19,10.6924,0.0,0.0,1.0
2014-06-12,13.22,13.22,13.22,13.22,10.7168,0.0,0.0,1.0
2014-06-13,13.17,13.17,13.17,13.17,10.7273,0.0,0.063,1.0
2014-06-16,13.18,13.18,13.18,13.18,10.7354,0.0,0.0,1.0
2014-06-17,13.16,13.16,13.16,13.16,10.7191,0.0,0.0,1.0
2014-06-18,13.15,13.15,13.15,13.15,10.711,0.0,0.0,1.0
2014-06-19,13.16,13.16,13.16,13.16,10.7191,0.0,0.0,1.0
2014-06-20,13.16,13.16,13.16,13.16,10.7191,0.0,0.0,1.0
2014-06-23,13.17,13.17,13.17,13.17,10.7273,0.0,0.0,1.0
2014-06-24,13.18,13.18,13.18,13.18,10.7354,0.0,0.0,1.0
2014-06-25,13.2,13.2,13.2,13.2,10.7517,0.0,0.0,1.0
2014-06-26,13.2,13.2,13.2,13.2,10.7517,0.0,0.0,1.0
2014-06-27,13.16,13.16,13.16,13.16,10.7191,0.0,0.0,1.0
2014-06-30,13.09,13.09,13.09,13.09,10.6621,0.0,0.0,1.0
2014-07-01,13.07,13.07,13.07,13.07,10.6458,0.0,0.0,1.0
2014-07-02,13.02,13.02,13.02,13.02,10.6051,0.0,0.0,1.0
2014-07-03,12.99,12.99,12.99,12.99,10.5807,0.0,0.0,1.0
2014-07-07,12.98,12.98,12.98,12.98,10.5725,0.0,0.0,1.0
2014-07-08,12.95,12.95,12.95,12.95,10.5481,0.0,0.0,1.0
2014-07-09,12.93,12.93,12.93,12.93,10.5318,0.0,0.0,1.0
2014-07-10,12.93,12.93,12.93,12.93,10.5318,0.0,0.0,1.0
2014-07-11,12.97,12.97,12.97,12.97,10.5644,0.0,0.0,1.0
2014-07-14,12.98,12.98,12.98,12.98,10.5725,0.0,0.0,1.0
2014-07-15,12.94,12.94,12.94,12.94,10.5913,0.0,0.063,1.0
2014-07-16,12.96,12.96,12.96,12.96,10.6076,0.0,0.0,1.0
2014-07-17,13.01,13.01,13.01,13.01,10.6486,0.0,0.0,1.0
2014-07-18,13.03,13.03,13.03,13.03,10.6649,0.0,0.0,1.0
2014-07-21,13.05,13.05,13.05,13.05,10.6813,0.0,0.0,1.0
2014-07-22,13.06,13.06,13.06,13.06,10.6895,0.0,0.0,1.0
2014-07-23,13.09,13.09,13.09,13.09,10.714,0.0,0.0,1.0
2014-07-24,13.08,13.08,13.08,13.08,10.7059,0.0,0.0,1.0
2014-07-25,13.11,13.11,13.11,13.11,10.7304,0.0,0.0,1.0
2014-07-28,13.13,13.13,13.13,13.13,10.7468,0.0,0.0,1.0
2014-07-29,13.17,13.17,13.17,13.17,10.7795,0.0,0.0,1.0
2014-07-30,13.14,13.14,13.14,13.14,10.755,0.0,0.0,1.0
2014-07-31,13.11,13.11,13.11,13.11,10.7304,0.0,0.0,1.0
2014-08-01,13.13,13.13,13.13,13.13,10.7468,0.0,0.0,1.0
2014-08-04,13.15,13.15,13.15,13.15,10.7631,0.0,0.0,1.0
2014-08-05,13.15,13.15,13.15,13.15,10.7631,0.0,0.0,1.0
2014-08-06,13.19,13.19,13.19,13.19,10.7959,0.0,0.0,1.0
2014-08-07,13.22,13.22,13.22,13.22,10.8204,0.0,0.0,1.0
2014-08-08,13.26,13.26,13.26,13.26,10.8532,0.0,0.0,1.0
2014-08-11,13.25,13.25,13.25,13.25,10.845,0.0,0.0,1.0
2014-08-12,13.26,13.26,13.26,13.26,10.8532,0.0,0.0,1.0
2014-08-13,13.27,13.27,13.27,13.27,10.8614,0.0,0.0,1.0
2014-08-14,13.26,13.26,13.26,13.26,10.9047,0.0,0.063,1.0
2014-08-15,13.33,13.33,13.33,13.33,10.9623,0.0,0.0,1.0
2014-08-18,13.32,13.32,13.32,13.32,10.9541,0.0,0.0,1.0
2014-08-19,13.32,13.32,13.32,13.32,10.9541,0.0,0.0,1.0
2014-08-20,13.33,13.33,13.33,13.33,10.9623,0.0,0.0,1.0
2014-08-21,13.35,13.35,13.35,13.35,10.9788,0.0,0.0,1.0
2014-08-22,13.36,13.36,13.36,13.36,10.987,0.0,0.0,1.0
2014-08-25,13.37,13.37,13.37,13.37,10.9952,0.0,0.0,1.0
2014-08-26,13.39,13.39,13.39,13.39,11.0117,0.0,0.0,1.0
2014-08-27,13.42,13.42,13.42,13.42,11.0363,0.0,0.0,1.0
2014-08-28,13.47,13.47,13.47,13.47,11.0774,0.0,0.0,1.0
2014-08-29,13.49,13.49,13.49,13.49,11.0939,0.0,0.0,1.0
2014-09-02,13.47,13.47,13.47,13.47,11.0774,0.0,0.0,1.0
2014-09-03,13.44,13.44,13.44,13.44,11.0528,0.0,0.0,1.0
2014-09-04,13.42,13.42,13.42,13.42,11.0363,0.0,0.0,1.0
2014-09-05,13.44,13.44,13.44,13.44,11.0528,0.0,0.0,1.0
2014-09-08,13.46,13.46,13.46,13.46,11.0692,0.0,0.0,1.0
2014-09-09,13.44,13.44,13.44,13.44,11.0528,0.0,0.0,1.0
2014-09-10,13.44,13.44,13.44,13.44,11.0528,0.0,0.0,1.0
2014-09-11,13.44,13.44,13.44,13.44,11.0528,0.0,0.0,1.0
2014-09-12,13.42,13.42,13.42,13.42,11.0363,0.0,0.0,1.0
2014-09-15,13.36,13.36,13.36,13.36,11.0388,0.0,0.063,1.0
2014-09-16,13.36,13.36,13.36,13.36,11.0388,0.0,0.0,1.0
2014-09-17,13.36,13.36,13.36,13.36,11.0388,0.0,0.0,1.0
2014-09-18,13.37,13.37,13.37,13.37,11.0471,0.0,0.0,1.0
2014-09-19,13.39,13.39,13.39,13.39,11.0636,0.0,0.0,1.0
2014-09-22,13.41,13.41,13.41,13.41,11.0801,0.0,0.0,1.0
2014-09-23,13.45,13.45,13.45,13.45,11.1132,0.0,0.0,1.0
2014-09-24,13.46,13.46,13.46,13.46,11.1214,0.0,0.0,1.0
2014-09-25,13.49,13.49,13.49,13.49,11.1462,0.0,0.0,1.0
2014-09-26,13.48,13.48,13.48,13.48,11.1379,0.0,0.0,1.0
2014-09-29,13.51,13.51,13.51,13.51,11.1627,0.0,0.0,1.0
2014-09-30,13.51,13.51,13.51,13.51,11.1627,0.0,0.0,1.0
2014-10-01,13.56,13.56,13.56,13.56,11.204,0.0,0.0,1.0
2014-10-02,13.56,13.56,13.56,13.56,11.204,0.0,0.0,1.0
2014-10-03,13.56,13.56,13.56,13.56,11.204,0.0,0.0,1.0
2014-10-06,13.57,13.57,13.57,13.57,11.2123,0.0,0.0,1.0
2014-10-07,13.62,13.62,13.62,13.62,11.2536,0.0,0.0,1.0
2014-10-08,13.64,13.64,13.64,13.64,11.2701,0.0,0.0,1.0
2014-10-09,13.71,13.71,13.71,13.71,11.328,0.0,0.0,1.0
2014-10-10,13.73,13.73,13.73,13.73,11.3445,0.0,0.0,1.0
2014-10-13,13.73,13.73,13.73,13.73,11.3445,0.0,0.0,1.0
2014-10-14,13.82,13.82,13.82,13.82,11.4189,0.0,0.0,1.0
2014-10-15,13.86,13.86,13.86,13.86,11.504,0.0,0.063,1.0
2014-10-16,13.84,13.84,13.84,13.84,11.4874,0.0,0.0,1.0
2014-10-17,13.78,13.78,13.78,13.78,11.4376,0.0,0.0,1.0
2014-10-20,13.75,13.75,13.75,13.75,11.4127,0.0,0.0,1.0
2014-10-21,13.67,13.67,13.67,13.67,11.3463,0.0,0.0,1.0
2014-10-22,13.67,13.67,13.67,13.67,11.3463,0.0,0.0,1.0
2014-10-23,13.63,13.63,13.63,13.63,11.3131,0.0,0.0,1.0
2014-10-24,13.64,13.64,13.64,13.64,11.3214,0.0,0.0,1.0
2014-10-27,13.67,13.67,13.67,13.67,11.3463,0.0,0.0,1.0
2014-10-28,13.67,13.67,13.67,13.67,11.3463,0.0,0.0,1.0
2014-10-29,13.64,13.64,13.64,13.64,11.3214,0.0,0.0,1.0
2014-10-30,13.65,13.65,13.65,13.65,11.3297,0.0,0.0,1.0
2014-10-31,13.62,13.62,13.62,13.62,11.3048,0.0,0.0,1.0
2014-11-03,13.59,13.59,13.59,13.59,11.2799,0.0,0.0,1.0
2014-11-04,13.58,13.58,13.58,13.58,11.2716,0.0,0.0,1.0
2014-11-05,13.56,13.56,13.56,13.56,11.255,0.0,0.0,1.0
2014-11-06,13.54,13.54,13.54,13.54,11.2384,0.0,0.0,1.0
2014-11-07,13.55,13.55,13.55,13.55,11.2467,0.0,0.0,1.0
2014-11-10,13.56,13.56,13.56,13.56,11.255,0.0,0.0,1.0
2014-11-11,13.56,13.56,13.56,13.56,11.255,0.0,0.0,1.0
2014-11-12,13.57,13.57,13.57,13.57,11.2633,0.0,0.0,1.0
2014-11-13,13.58,13.58,13.58,13.58,11.2716,0.0,0.0,1.0
2014-11-14,13.57,13.57,13.57,13.57,11.2633,0.0,0.0,1.0
2014-11-17,13.5,13.5,13.5,13.5,11.2575,0.0,0.063,1.0
2014-11-18,13.49,13.49,13.49,13.49,11.2491,0.0,0.0,1.0
2014-11-19,13.5,13.5,13.5,13.5,11.2575,0.0,0.0,1.0
2014-11-20,13.52,13.52,13.52,13.52,11.2741,0.0,0.0,1.0
2014-11-21,13.53,13.53,13.53,13.53,11.2825,0.0,0.0,1.0
2014-11-24,13.54,13.54,13.54,13.54,11.2908,0.0,0.0,1.0
2014-11-25,13.55,13.55,13.55,13.55,11.2992,0.0,0.0,1.0
2014-11-26,13.59,13.59,13.59,13.59,11.3325,0.0,0.0,1.0
2014-11-28,13.62,13.62,13.62,13.62,11.3575,0.0,0.0,1.0
2014-12-01,13.65,13.65,13.65,13.65,11.3825,0.0,0.0,1.0
2014-12-02,13.63,13.63,13.63,13.63,11.3659,0.0,0.0,1.0
2014-12-03,13.65,13.65,13.65,13.65,11.3825,0.0,0.0,1.0
2014-12-04,13.7,13.7,13.7,13.7,11.4242,0.0,0.0,1.0
2014-12-05,13.68,13.68,13.68,13.68,11.4076,0.0,0.0,1.0
2014-12-08,13.73,13.73,13.73,13.73,11.4493,0.0,0.0,1.0
2014-12-09,13.79,13.79,13.79,13.79,11.4993,0.0,0.0,1.0
2014-12-10,13.82,13.82,13.82,13.82,11.5243,0.0,0.0,1.0
2014-12-11,13.82,13.82,13.82,13.82,11.5243,0.0,0.0,1.0
2014-12-12,13.78,13.78,13.78,13.78,11.5435,0.0,0.063,1.0
2014-12-15,13.78,13.78,13.78,13.78,11.5435,0.0,0.0,1.0
2014-12-16,13.8,13.8,13.8,13.8,11.5602,0.0,0.0,1.0
2014-12-17,13.79,13.79,13.79,13.79,11.5519,0.0,0.0,1.0
2014-12-18,13.71,13.71,13.71,13.71,11.4848,0.0,0.0,1.0
2014-12-19,13.73,13.73,13.73,13.73,11.5016,0.0,0.0,1.0
2014-12-22,13.73,13.73,13.73,13.73,11.5016,0.0,0.0,1.0
2014-12-23,13.71,13.71,13.71,13.71,11.4848,0.0,0.0,1.0
2014-12-24,13.71,13.71,13.71,13.71,11.4848,0.0,0.0,1.0
2014-12-26,13.71,13.71,13.71,13.71,11.4848,0.0,0.0,1.0
2014-12-29,13.73,13.73,13.73,13.73,11.5016,0.0,0.0,1.0
2014-12-30,13.79,13.79,13.79,13.79,11.5519,0.0,0.0,1.0
2014-12-31,13.8,13.8,13.8,13.8,11.5602,0.0,0.0,1.0
2015-01-02,13.85,13.85,13.85,13.85,11.6021,0.0,0.0,1.0
2015-01-05,13.91,13.91,13.91,13.91,11.6524,0.0,0.0,1.0
2015-01-06,14.04,14.04,14.04,14.04,11.7613,0.0,0.0,1.0
2015-01-07,14.05,14.05,14.05,14.05,11.7697,0.0,0.0,1.0
2015-01-08,14.02,14.02,14.02,14.02,11.7445,0.0,0.0,1.0
2015-01-09,14.06,14.06,14.06,14.06,11.778,0.0,0.0,1.0
2015-01-12,14.11,14.11,14.11,14.11,11.8199,0.0,0.0,1.0
2015-01-13,14.12,14.12,14.12,14.12,11.8283,0.0,0.0,1.0
2015-01-14,14.21,14.21,14.21,14.21,11.9037,0.0,0.0,1.0
2015-01-15,14.23,14.23,14.23,14.23,11.9204,0.0,0.0,1.0
2015-01-16,14.22,14.22,14.22,14.22,11.9121,0.0,0.0,1.0
2015-01-20,14.16,14.16,14.16,14.16,11.9146,0.0,0.063,1.0
2015-01-21,14.12,14.12,14.12,14.12,11.8809,0.0,0.0,1.0
2015-01-22,14.08,14.08,14.08,14.08,11.8473,0.0,0.0,1.0
2015-01-23,14.12,14.12,14.12,14.12,11.8809,0.0,0.0,1.0
2015-01-26,14.12,14.12,14.12,14.12,11.8809,0.0,0.0,1.0
2015-01-27,14.16,14.16,14.16,14.16,11.9146,0.0,0.0,1.0
2015-01-28,14.19,14.19,14.19,14.19,11.9398,0.0,0.0,1.0
2015-01-29,14.2,14.2,14.2,14.2,11.9482,0.0,0.0,1.0
2015-01-30,14.26,14.26,14.26,14.26,11.9987,0.0,0.0,1.0
2015-02-02,14.26,14.26,14.26,14.26,11.9987,0.0,0.0,1.0
2015-02-03,14.18,14.18,14.18,14.18,11.9314,0.0,0.0,1.0
2015-02-04,14.14,14.14,14.14,14.14,11.8978,0.0,0.0,1.0
2015-02-05,14.13,14.13,14.13,14.13,11.8893,0.0,0.0,1.0
2015-02-06,14.04,14.04,14.04,14.04,11.8136,0.0,0.0,1.0
2015-02-09,14.02,14.02,14.02,14.02,11.7968,0.0,0.0,1.0
2015-02-10,13.95,13.95,13.95,13.95,11.7379,0.0,0.0,1.0
2015-02-11,13.92,13.92,13.92,13.92,11.7126,0.0,0.0,1.0
2015-02-12,13.92,13.92,13.92,13.92,11.7126,0.0,0.0,1.0
2015-02-13,13.91,13.91,13.91,13.91,11.7042,0.0,0.0,1.0
2015-02-17,13.8,13.8,13.8,13.8,11.6117,0.0,0.0,1.0
2015-02-18,13.83,13.83,13.83,13.83,11.6369,0.0,0.0,1.0
2015-02-19,13.83,13.83,13.83,13.83,11.6369,0.0,0.0,1.0
2015-02-20,13.84,13.84,13.84,13.84,11.6453,0.0,0.0,1.0
2015-02-23,13.84,13.84,13.84,13.84,11.6453,0.0,0.0,1.0
2015-02-24,13.85,13.85,13.85,13.85,11.6537,0.0,0.0,1.0
2015-02-25,13.87,13.87,13.87,13.87,11.6706,0.0,0.0,1.0
2015-02-26,13.89,13.89,13.89,13.89,11.6874,0.0,0.0,1.0
2015-02-27,13.87,13.87,13.87,13.87,11.6706,0.0,0.0,1.0
2015-03-02,13.85,13.85,13.85,13.85,11.6537,0.0,0.0,1.0
2015-03-03,13.82,13.82,13.82,13.82,11.6285,0.0,0.0,1.0
2015-03-04,13.82,13.82,13.82,13.82,11.6285,0.0,0.0,1.0
2015-03-05,13.82,13.82,13.82,13.82,11.6285,0.0,0.0,1.0
2015-03-06,13.73,13.73,13.73,13.73,11.5528,0.0,0.0,1.0
2015-03-09,13.73,13.73,13.73,13.73,11.5528,0.0,0.0,1.0
2015-03-10,13.76,13.76,13.76,13.76,11.578,0.0,0.0,1.0
2015-03-11,13.77,13.77,13.77,13.77,11.5864,0.0,0.0,1.0
2015-03-12,13.83,13.83,13.83,13.83,11.6369,0.0,0.0,1.0
2015-03-13,13.77,13.77,13.77,13.77,11.639,0.0,0.0625,1.0
2015-03-16,13.78,13.78,13.78,13.78,11.6475,0.0,0.0,1.0
2015-03-17,13.83,13.83,13.83,13.83,11.6897,0.0,0.0,1.0
2015-03-18,13.89,13.89,13.89,13.89,11.7404,0.0,0.0,1.0
2015-03-19,13.96,13.96,13.96,13.96,11.7996,0.0,0.0,1.0
2015-03-20,13.97,13.97,13.97,13.97,11.8081,0.0,0.0,1.0
2015-03-23,13.97,13.97,13.97,13.97,11.8081,0.0,0.0,1.0
2015-03-24,13.97,13.97,13.97,13.97,11.8081,0.0,0.0,1.0
2015-03-25,13.97,13.97,13.97,13.97,11.8081,0.0,0.0,1.0
2015-03-26,13.94,13.94,13.94,13.94,11.7827,0.0,0.0,1.0
2015-03-27,13.94,13.94,13.94,13.94,11.7827,0.0,0.0,1.0
2015-03-30,13.94,13.94,13.94,13.94,11.7827,0.0,0.0,1.0
2015-03-31,13.94,13.94,13.94,13.94,11.7827,0.0,0.0,1.0
2015-04-01,13.96,13.96,13.96,13.96,11.7996,0.0,0.0,1.0
2015-04-02,13.95,13.95,13.95,13.95,11.7912,0.0,0.0,1.0
2015-04-06,13.99,13.99,13.99,13.99,11.825,0.0,0.0,1.0
2015-04-07,13.98,13.98,13.98,13.98,11.8165,0.0,0.0,1.0
2015-04-08,13.95,13.95,13.95,13.95,11.7912,0.0,0.0,1.0
2015-04-09,13.92,13.92,13.92,13.92,11.7658,0.0,0.0,1.0
2015-04-10,13.92,13.92,13.92,13.92,11.7658,0.0,0.0,1.0
2015-04-13,13.93,13.93,13.93,13.93,11.7743,0.0,0.0,1.0
2015-04-14,13.95,13.95,13.95,13.95,11.7912,0.0,0.0,1.0
2015-04-15,13.88,13.88,13.88,13.88,11.7848,0.0,0.0625,1.0
2015-04-16,13.88,13.88,13.88,13.88,11.7848,0.0,0.0,1.0
2015-04-17,13.88,13.88,13.88,13.88,11.7848,0.0,0.0,1.0
2015-04-20,13.89,13.89,13.89,13.89,11.7933,0.0,0.0,1.0
2015-04-21,13.87,13.87,13.87,13.87,11.7763,0.0,0.0,1.0
2015-04-22,13.82,13.82,13.82,13.82,11.7339,0.0,0.0,1.0
2015-04-23,13.82,13.82,13.82,13.82,11.7339,0.0,0.0,1.0
2015-04-24,13.85,13.85,13.85,13.85,11.7594,0.0,0.0,1.0
2015-04-27,13.85,13.85,13.85,13.85,11.7594,0.0,0.0,1.0
2015-04-28,13.8,13.8,13.8,13.8,11.7169,0.0,0.0,1.0
2015-04-29,13.75,13.75,13.75,13.75,11.6744,0.0,0.0,1.0
2015-04-30,13.71,13.71,13.71,13.71,11.6405,0.0,0.0,1.0
2015-05-01,13.68,13.68,13.68,13.68,11.615,0.0,0.0,1.0
2015-05-04,13.67,13.67,13.67,13.67,11.6065,0.0,0.0,1.0
2015-05-05,13.64,13.64,13.64,13.64,11.5811,0.0,0.0,1.0
2015-05-06,13.59,13.59,13.59,13.59,11.5386,0.0,0.0,1.0
2015-05-07,13.62,13.62,13.62,13.62,11.5641,0.0,0.0,1.0
2015-05-08,13.65,13.65,13.65,13.65,11.5895,0.0,0.0,1.0
2015-05-11,13.6,13.6,13.6,13.6,11.5471,0.0,0.0,1.0
2015-05-12,13.57,13.57,13.57,13.57,11.5216,0.0,0.0,1.0
2015-05-13,13.56,13.56,13.56,13.56,11.5131,0.0,0.0,1.0
2015-05-14,13.47,13.47,13.47,13.47,11.4898,0.0,0.0625,1.0
2015-05-15,13.49,13.49,13.49,13.49,11.5068,0.0,0.0,1.0
2015-05-18,13.47,13.47,13.47,13.47,11.4898,0.0,0.0,1.0
2015-05-19,13.45,13.45,13.45,13.45,11.4727,0.0,0.0,1.0
2015-05-20,13.42,13.42,13.42,13.42,11.4471,0.0,0.0,1.0
2015-05-21,13.44,13.44,13.44,13.44,11.4642,0.0,0.0,1.0
2015-05-22,13.45,13.45,13.45,13.45,11.4727,0.0,0.0,1.0
2015-05-26,13.49,13.49,13.49,13.49,11.5068,0.0,0.0,1.0
2015-05-27,13.51,13.51,13.51,13.51,11.5239,0.0,0.0,1.0
2015-05-28,13.53,13.53,13.53,13.53,11.541,0.0,0.0,1.0
2015-05-29,13.57,13.57,13.57,13.57,11.5751,0.0,0.0,1.0
2015-06-01,13.54,13.54,13.54,13.54,11.5495,0.0,0.0,1.0
2015-06-02,13.5,13.5,13.5,13.5,11.5154,0.0,0.0,1.0
2015-06-03,13.44,13.44,13.44,13.44,11.4642,0.0,0.0,1.0
2015-06-04,13.46,13.46,13.46,13.46,11.4812,0.0,0.0,1.0
2015-06-05,13.41,13.41,13.41,13.41,11.4386,0.0,0.0,1.0
2015-06-08,13.42,13.42,13.42,13.42,11.4471,0.0,0.0,1.0
2015-06-09,13.41,13.41,13.41,13.41,11.4386,0.0,0.0,1.0
2015-06-10,13.37,13.37,13.37,13.37,11.4045,0.0,0.0,1.0
2015-06-11,13.42,13.42,13.42,13.42,11.4471,0.0,0.0,1.0
2015-06-12,13.44,13.44,13.44,13.44,11.4642,0.0,0.0,1.0
2015-06-15,13.4,13.4,13.4,13.4,11.4834,0.0,0.0625,1.0
2015-06-16,13.43,13.43,13.43,13.43,11.5091,0.0,0.0,1.0
2015-06-17,13.42,13.42,13.42,13.42,11.5005,0.0,0.0,1.0
2015-06-18,13.4,13.4,13.4,13.4,11.4834,0.0,0.0,1.0
2015-06-19,13.43,13.43,13.43,13.43,11.5091,0.0,0.0,1.0
2015-06-22,13.42,13.42,13.42,13.42,11.5005,0.0,0.0,1.0
2015-06-23,13.4,13.4,13.4,13.4,11.4834,0.0,0.0,1.0
2015-06-24,13.4,13.4,13.4,13.4,11.4834,0.0,0.0,1.0
2015-06-25,13.4,13.4,13.4,13.4,11.4834,0.0,0.0,1.0
2015-06-26,13.36,13.36,13.36,13.36,11.4491,0.0,0.0,1.0
2015-06-29,13.4,13.4,13.4,13.4,11.4834,0.0,0.0,1.0
2015-06-30,13.4,13.4,13.4,13.4,11.4834,0.0,0.0,1.0
2015-07-01,13.35,13.35,13.35,13.35,11.4405,0.0,0.0,1.0
2015-07-02,13.34,13.34,13.34,13.34,11.432,0.0,0.0,1.0
2015-07-06,13.39,13.39,13.39,13.39,11.4748,0.0,0.0,1.0
2015-07-07,13.44,13.44,13.44,13.44,11.5177,0.0,0.0,1.0
2015-07-08,13.45,13.45,13.45,13.45,11.5262,0.0,0.0,1.0
2015-07-09,13.41,13.41,13.41,13.41,11.492,0.0,0.0,1.0
2015-07-10,13.35,13.35,13.35,13.35,11.4405,0.0,0.0,1.0
2015-07-13,13.35,13.35,13.35,13.35,11.4405,0.0,0.0,1.0
2015-07-14,13.35,13.35,13.35,13.35,11.4405,0.0,0.0,1.0
2015-07-15,13.32,13.32,13.32,13.32,11.4684,0.0,0.0625,1.0
2015-07-16,13.32,13.32,13.32,13.32,11.4684,0.0,0.0,1.0
2015-07-17,13.34,13.34,13.34,13.34,11.4856,0.0,0.0,1.0
2015-07-20,13.35,13.35,13.35,13.35,11.4942,0.0,0.0,1.0
2015-07-21,13.36,13.36,13.36,13.36,11.5028,0.0,0.0,1.0
2015-07-22,13.4,13.4,13.4,13.4,11.5373,0.0,0.0,1.0
2015-07-23,13.44,13.44,13.44,13.44,11.5717,0.0,0.0,1.0
2015-07-24,13.44,13.44,13.44,13.44,11.5717,0.0,0.0,1.0
2015-07-27,13.47,13.47,13.47,13.47,11.5975,0.0,0.0,1.0
2015-07-28,13.46,13.46,13.46,13.46,11.5889,0.0,0.0,1.0
2015-07-29,13.44,13.44,13.44,13.44,11.5717,0.0,0.0,1.0
2015-07-30,13.46,13.46,13.46,13.46,11.5889,0.0,0.0,1.0
2015-07-31,13.48,13.48,13.48,13.48,11.6061,0.0,0.0,1.0
2015-08-03,13.51,13.51,13.51,13.51,11.632,0.0,0.0,1.0
2015-08-04,13.51,13.51,13.51,13.51,11.632,0.0,0.0,1.0
2015-08-05,13.48,13.48,13.48,13.48,11.6061,0.0,0.0,1.0
2015-08-06,13.49,13.49,13.49,13.49,11.6148,0.0,0.0,1.0
2015-08-07,13.52,13.52,13.52,13.52,11.6406,0.0,0.0,1.0
2015-08-10,13.5,13.5,13.5,13.5,11.6234,0.0,0.0,1.0
2015-08-11,13.54,13.54,13.54,13.54,11.6578,0.0,0.0,1.0
2015-08-12,13.54,13.54,13.54,13.54,11.6578,0.0,0.0,1.0
2015-08-13,13.54,13.54,13.54,13.54,11.6578,0.0,0.0,1.0
2015-08-14,13.46,13.46,13.46,13.46,11.6427,0.0,0.0625,1.0
2015-08-17,13.47,13.47,13.47,13.47,11.6514,0.0,0.0,1.0
2015-08-18,13.46,13.46,13.46,13.46,11.6427,0.0,0.0,1.0
2015-08-19,13.46,13.46,13.46,13.46,11.6427,0.0,0.0,1.0
2015-08-20,13.51,13.51,13.51,13.51,11.686,0.0,0.0,1.0
2015-08-21,13.53,13.53,13.53,13.53,11.7033,0.0,0.0,1.0
2015-08-24,13.55,13.55,13.55,13.55,11.7206,0.0,0.0,1.0
2015-08-25,13.5,13.5,13.5,13.5,11.6773,0.0,0.0,1.0
2015-08-26,13.46,13.46,13.46,13.46,11.6427,0.0,0.0,1.0
2015-08-27,13.46,13.46,13.46,13.46,11.6427,0.0,0.0,1.0
2015-08-28,13.47,13.47,13.47,13.47,11.6514,0.0,0.0,1.0
2015-08-31,13.48,13.48,13.48,13.48,11.66,0.0,0.0,1.0
2015-09-01,13.46,13.46,13.46,13.46,11.6427,0.0,0.0,1.0
2015-09-02,13.47,13.47,13.47,13.47,11.6514,0.0,0.0,1.0
2015-09-03,13.47,13.47,13.47,13.47,11.6514,0.0,0.0,1.0
2015-09-04,13.49,13.49,13.49,13.49,11.6687,0.0,0.0,1.0
2015-09-08,13.47,13.47,13.47,13.47,11.6514,0.0,0.0,1.0
2015-09-09,13.45,13.45,13.45,13.45,11.6341,0.0,0.0,1.0
2015-09-10,13.42,13.42,13.42,13.42,11.6081,0.0,0.0,1.0
2015-09-11,13.43,13.43,13.43,13.43,11.6168,0.0,0.0,1.0
2015-09-14,13.44,13.44,13.44,13.44,11.6254,0.0,0.0,1.0
2015-09-15,13.34,13.34,13.34,13.34,11.593,0.0,0.0625,1.0
2015-09-16,13.34,13.34,13.34,13.34,11.593,0.0,0.0,1.0
2015-09-17,13.37,13.37,13.37,13.37,11.6191,0.0,0.0,1.0
2015-09-18,13.45,13.45,13.45,13.45,11.6886,0.0,0.0,1.0
2015-09-21,13.45,13.45,13.45,13.45,11.6886,0.0,0.0,1.0
2015-09-22,13.47,13.47,13.47,13.47,11.706,0.0,0.0,1.0
2015-09-23,13.47,13.47,13.47,13.47,11.706,0.0,0.0,1.0
2015-09-24,13.51,13.51,13.51,13.51,11.7407,0.0,0.0,1.0
2015-09-25,13.5,13.5,13.5,13.5,11.732,0.0,0.0,1.0
2015-09-28,13.53,13.53,13.53,13.53,11.7581,0.0,0.0,1.0
2015-09-29,13.57,13.57,13.57,13.57,11.7929,0.0,0.0,1.0
2015-09-30,13.56,13.56,13.56,13.56,11.7842,0.0,0.0,1.0
2015-10-01,13.57,13.57,13.57,13.57,11.7929,0.0,0.0,1.0
2015-10-02,13.6,13.6,13.6,13.6,11.8189,0.0,0.0,1.0
2015-10-05,13.58,13.58,13.58,13.58,11.8016,0.0,0.0,1.0
2015-10-06,13.57,13.57,13.57,13.57,11.7929,0.0,0.0,1.0
2015-10-07,13.57,13.57,13.57,13.57,11.7929,0.0,0.0,1.0
2015-10-08,13.57,13.57,13.57,13.57,11.7929,0.0,0.0,1.0
2015-10-09,13.57,13.57,13.57,13.57,11.7929,0.0,0.0,1.0
2015-10-12,13.58,13.58,13.58,13.58,11.8016,0.0,0.0,1.0
2015-10-13,13.59,13.59,13.59,13.59,11.8103,0.0,0.0,1.0
2015-10-14,13.63,13.63,13.63,13.63,11.845,0.0,0.0,1.0
2015-10-15,13.57,13.57,13.57,13.57,11.8472,0.0,0.0625,1.0
2015-10-16,13.57,13.57,13.57,13.57,11.8472,0.0,0.0,1.0
2015-10-19,13.58,13.58,13.58,13.58,11.8559,0.0,0.0,1.0
2015-10-20,13.6,13.6,13.6,13.6,11.8734,0.0,0.0,1.0
2015-10-21,13.63,13.63,13.63,13.63,11.8996,0.0,0.0,1.0
2015-10-22,13.63,13.63,13.63,13.63,11.8996,0.0,0.0,1.0
2015-10-23,13.62,13.62,13.62,13.62,11.8908,0.0,0.0,1.0
2015-10-26,13.63,13.63,13.63,13.63,11.8996,0.0,0.0,1.0
2015-10-27,13.65,13.65,13.65,13.65,11.917,0.0,0.0,1.0
2015-10-28,13.65,13.65,13.65,13.65,11.917,0.0,0.0,1.0
2015-10-29,13.63,13.63,13.63,13.63,11.8996,0.0,0.0,1.0
2015-10-30,13.65,13.65,13.65,13.65,11.917,0.0,0.0,1.0
2015-11-02,13.64,13.64,13.64,13.64,11.9083,0.0,0.0,1.0
2015-11-03,13.62,13.62,13.62,13.62,11.8908,0.0,0.0,1.0
2015-11-04,13.63,13.63,13.63,13.63,11.8996,0.0,0.0,1.0
2015-11-05,13.62,13.62,13.62,13.62,11.8908,0.0,0.0,1.0
2015-11-06,13.56,13.56,13.56,13.56,11.8385,0.0,0.0,1.0
2015-11-09,13.54,13.54,13.54,13.54,11.821,0.0,0.0,1.0
2015-11-10,13.55,13.55,13.55,13.55,11.8297,0.0,0.0,1.0
2015-11-11,13.55,13.55,13.55,13.55,11.8297,0.0,0.0,1.0
2015-11-12,13.56,13.56,13.56,13.56,11.8385,0.0,0.0,1.0
2015-11-13,13.6,13.6,13.6,13.6,11.8734,0.0,0.0,1.0
2015-11-16,13.54,13.54,13.54,13.54,11.8756,0.0,0.0625,1.0
2015-11-17,13.57,13.57,13.57,13.57,11.9019,0.0,0.0,1.0
2015-11-18,13.6,13.6,13.6,13.6,11.9282,0.0,0.0,1.0
2015-11-19,13.65,13.65,13.65,13.65,11.972,0.0,0.0,1.0
2015-11-20,13.66,13.66,13.66,13.66,11.9808,0.0,0.0,1.0
2015-11-23,13.68,13.68,13.68,13.68,11.9984,0.0,0.0,1.0
2015-11-24,13.71,13.71,13.71,13.71,12.0247,0.0,0.0,1.0
2015-11-25,13.72,13.72,13.72,13.72,12.0334,0.0,0.0,1.0
2015-11-27,13.72,13.72,13.72,13.72,12.0334,0.0,0.0,1.0
2015-11-30,13.74,13.74,13.74,13.74,12.051,0.0,0.0,1.0
2015-12-01,13.79,13.79,13.79,13.79,12.0948,0.0,0.0,1.0
2015-12-02,13.81,13.81,13.81,13.81,12.1124,0.0,0.0,1.0
2015-12-03,13.76,13.76,13.76,13.76,12.0685,0.0,0.0,1.0
2015-12-04,13.77,13.77,13.77,13.77,12.0773,0.0,0.0,1.0
2015-12-07,13.81,13.81,13.81,13.81,12.1124,0.0,0.0,1.0
2015-12-08,13.83,13.83,13.83,13.83,12.1299,0.0,0.0,1.0
2015-12-09,13.84,13.84,13.84,13.84,12.1387,0.0,0.0,1.0
2015-12-10,13.87,13.87,13.87,13.87,12.165,0.0,0.0,1.0
2015-12-11,13.93,13.93,13.93,13.93,12.2176,0.0,0.0,1.0
2015-12-14,13.84,13.84,13.84,13.84,12.1935,0.0,0.0625,1.0
2015-12-15,13.78,13.78,13.78,13.78,12.1406,0.0,0.0,1.0
2015-12-16,13.78,13.78,13.78,13.78,12.1406,0.0,0.0,1.0
2015-12-17,13.83,13.83,13.83,13.83,12.1847,0.0,0.0,1.0
2015-12-18,13.86,13.86,13.86,13.86,12.2111,0.0,0.0,1.0
2015-12-21,13.87,13.87,13.87,13.87,12.2199,0.0,0.0,1.0
2015-12-22,13.86,13.86,13.86,13.86,12.2111,0.0,0.0,1.0
2015-12-23,13.87,13.87,13.87,13.87,12.2199,0.0,0.0,1.0
2015-12-24,13.87,13.87,13.87,13.87,12.2199,0.0,0.0,1.0
2015-12-28,13.89,13.89,13.89,13.89,12.2376,0.0,0.0,1.0
2015-12-29,13.89,13.89,13.89,13.89,12.2376,0.0,0.0,1.0
2015-12-30,13.9,13.9,13.9,13.9,12.2464,0.0,0.0,1.0
2015-12-31,13.92,13.92,13.92,13.92,12.264,0.0,0.0,1.0
2016-01-04,13.98,13.98,13.98,13.98,12.3168,0.0,0.0,1.0
2016-01-05,14.0,14.0,14.0,14.0,12.3345,0.0,0.0,1.0
2016-01-06,14.08,14.08,14.08,14.08,12.405,0.0,0.0,1.0
2016-01-07,14.12,14.12,14.12,14.12,12.4402,0.0,0.0,1.0
2016-01-08,14.13,14.13,14.13,14.13,12.449,0.0,0.0,1.0
2016-01-11,14.11,14.11,14.11,14.11,12.4314,0.0,0.0,1.0
2016-01-12,14.12,14.12,14.12,14.12,12.4402,0.0,0.0,1.0
2016-01-13,14.12,14.12,14.12,14.12,12.4402,0.0,0.0,1.0
2016-01-14,14.11,14.11,14.11,14.11,12.4314,0.0,0.0,1.0
2016-01-15,14.14,14.14,14.14,14.14,12.4578,0.0,0.0,1.0
2016-01-19,14.08,14.08,14.08,14.08,12.46,0.0,0.0625,1.0
2016-01-20,14.1,14.1,14.1,14.1,12.4777,0.0,0.0,1.0
2016-01-21,14.08,14.08,14.08,14.08,12.46,0.0,0.0,1.0
2016-01-22,14.04,14.04,14.04,14.04,12.4246,0.0,0.0,1.0
2016-01-25,14.05,14.05,14.05,14.05,12.4335,0.0,0.0,1.0
2016-01-26,14.06,14.06,14.06,14.06,12.4423,0.0,0.0,1.0
2016-01-27,14.04,14.04,14.04,14.04,12.4246,0.0,0.0,1.0
2016-01-28,14.04,14.04,14.04,14.04,12.4246,0.0,0.0,1.0
2016-01-29,14.08,14.08,14.08,14.08,12.46,0.0,0.0,1.0
2016-02-01,14.08,14.08,14.08,14.08,12.46,0.0,0.0,1.0
2016-02-02,14.12,14.12,14.12,14.12,12.4954,0.0,0.0,1.0
2016-02-03,14.13,14.13,14.13,14.13,12.5043,0.0,0.0,1.0
2016-02-04,14.13,14.13,14.13,14.13,12.5043,0.0,0.0,1.0
2016-02-05,14.13,14.13,14.13,14.13,12.5043,0.0,0.0,1.0
2016-02-08,14.17,14.17,14.17,14.17,12.5397,0.0,0.0,1.0
2016-02-09,14.18,14.18,14.18,14.18,12.5485,0.0,0.0,1.0
2016-02-10,14.17,14.17,14.17,14.17,12.5397,0.0,0.0,1.0
2016-02-11,14.22,14.22,14.22,14.22,12.5839,0.0,0.0,1.0
2016-02-12,14.17,14.17,14.17,14.17,12.5397,0.0,0.0,1.0
2016-02-16,14.08,14.08,14.08,14.08,12.5153,0.0,0.0625,1.0
2016-02-17,14.02,14.02,14.02,14.02,12.462,0.0,0.0,1.0
2016-02-18,14.03,14.03,14.03,14.03,12.4709,0.0,0.0,1.0
2016-02-19,14.04,14.04,14.04,14.04,12.4798,0.0,0.0,1.0
2016-02-22,14.04,14.04,14.04,14.04,12.4798,0.0,0.0,1.0
2016-02-23,14.03,14.03,14.03,14.03,12.4709,0.0,0.0,1.0
2016-02-24,14.04,14.04,14.04,14.04,12.4798,0.0,0.0,1.0
2016-02-25,14.06,14.06,14.06,14.06,12.4975,0.0,0.0,1.0
2016-02-26,14.03,14.03,14.03,14.03,12.4709,0.0,0.0,1.0
2016-02-29,14.04,14.04,14.04,14.04,12.4798,0.0,0.0,1.0
2016-03-01,14.0,14.0,14.0,14.0,12.4442,0.0,0.0,1.0
2016-03-02,13.99,13.99,13.99,13.99,12.4353,0.0,0.0,1.0
2016-03-03,13.99,13.99,13.99,13.99,12.4353,0.0,0.0,1.0
2016-03-04,13.97,13.97,13.97,13.97,12.4176,0.0,0.0,1.0
2016-03-07,13.97,13.97,13.97,13.97,12.4176,0.0,0.0,1.0
2016-03-08,14.01,14.01,14.01,14.01,12.4531,0.0,0.0,1.0
2016-03-09,14.01,14.01,14.01,14.01,12.4531,0.0,0.0,1.0
2016-03-10,14.02,14.02,14.02,14.02,12.462,0.0,0.0,1.0
2016-03-11,14.02,14.02,14.02,14.02,12.462,0.0,0.0,1.0
2016-03-14,13.97,13.97,13.97,13.97,12.4731,0.0,0.0625,1.0
2016-03-15,13.98,13.98,13.98,13.98,12.482,0.0,0.0,1.0
2016-03-16,13.99,13.99,13.99,13.99,12.491,0.0,0.0,1.0
2016-03-17,14.04,14.04,14.04,14.04,12.5356,0.0,0.0,1.0
2016-03-18,14.04,14.04,14.04,14.04,12.5356,0.0,0.0,1.0
2016-03-21,14.04,14.04,14.04,14.04,12.5356,0.0,0.0,1.0
2016-03-22,14.07,14.07,14.07,14.07,12.5624,0.0,0.0,1.0
2016-03-23,14.09,14.09,14.09,14.09,12.5802,0.0,0.0,1.0
2016-03-24,14.09,14.09,14.09,14.09,12.5802,0.0,0.0,1.0
2016-03-28,14.11,14.11,14.11,14.11,12.5981,0.0,0.0,1.0
2016-03-29,14.15,14.15,14.15,14.15,12.6338,0.0,0.0,1.0
2016-03-30,14.16,14.16,14.16,14.16,12.6427,0.0,0.0,1.0
2016-03-31,14.19,14.19,14.19,14.19,12.6695,0.0,0.0,1.0
2016-04-01,14.21,14.21,14.21,14.21,12.6874,0.0,0.0,1.0
2016-04-04,14.23,14.23,14.23,14.23,12.7052,0.0,0.0,1.0
2016-04-05,14.29,14.29,14.29,14.29,12.7588,0.0,0.0,1.0
2016-04-06,14.3,14.3,14.3,14.3,12.7677,0.0,0.0,1.0
2016-04-07,14.36,14.36,14.36,14.36,12.8213,0.0,0.0,1.0
2016-04-08,14.37,14.37,14.37,14.37,12.8302,0.0,0.0,1.0
2016-04-11,14.38,14.38,14.38,14.38,12.8392,0.0,0.0,1.0
2016-04-12,14.36,14.36,14.36,14.36,12.8213,0.0,0.0,1.0
2016-04-13,14.37,14.37,14.37,14.37,12.8302,0.0,0.0,1.0
2016-04-14,14.31,14.31,14.31,14.31,12.8325,0.0,0.0625,1.0
2016-04-15,14.33,14.33,14.33,14.33,12.8504,0.0,0.0,1.0
2016-04-18,14.33,14.33,14.33,14.33,12.8504,0.0,0.0,1.0
2016-04-19,14.35,14.35,14.35,14.35,12.8683,0.0,0.0,1.0
2016-04-20,14.35,14.35,14.35,14.35,12.8683,0.0,0.0,1.0
2016-04-21,14.31,14.31,14.31,14.31,12.8325,0.0,0.0,1.0
2016-04-22,14.3,14.3,14.3,14.3,12.8235,0.0,0.0,1.0
2016-04-25,14.3,14.3,14.3,14.3,12.8235,0.0,0.0,1.0
2016-04-26,14.28,14.28,14.28,14.28,12.8056,0.0,0.0,1.0
2016-04-27,14.31,14.31,14.31,14.31,12.8325,0.0,0.0,1.0
2016-04-28,14.34,14.34,14.34,14.34,12.8594,0.0,0.0,1.0
2016-04-29,14.36,14.36,14.36,14.36,12.8773,0.0,0.0,1.0
2016-05-02,14.37,14.37,14.37,14.37,12.8863,0.0,0.0,1.0
2016-05-03,14.41,14.41,14.41,14.41,12.9222,0.0,0.0,1.0
2016-05-04,14.42,14.42,14.42,14.42,12.9311,0.0,0.0,1.0
2016-05-05,14.44,14.44,14.44,14.44,12.9491,0.0,0.0,1.0
2016-05-06,14.46,14.46,14.46,14.46,12.967,0.0,0.0,1.0
2016-05-09,14.46,14.46,14.46,14.46,12.967,0.0,0.0,1.0
2016-05-10,14.48,14.48,14.48,14.48,12.9849,0.0,0.0,1.0
2016-05-11,14.51,14.51,14.51,14.51,13.0118,0.0,0.0,1.0
2016-05-12,14.51,14.51,14.51,14.51,13.0118,0.0,0.0,1.0
2016-05-13,14.53,14.53,14.53,14.53,13.0298,0.0,0.0,1.0
2016-05-16,14.47,14.47,14.47,14.47,13.032,0.0,0.0625,1.0
2016-05-17,14.5,14.5,14.5,14.5,13.059,0.0,0.0,1.0
2016-05-18,14.45,14.45,14.45,14.45,13.014,0.0,0.0,1.0
2016-05-20,14.47,14.47,14.47,14.47,13.032,0.0,0.0,1.0
2016-05-23,14.48,14.48,14.48,14.48,13.041,0.0,0.0,1.0
2016-05-24,14.47,14.47,14.47,14.47,13.032,0.0,0.0,1.0
2016-05-25,14.46,14.46,14.46,14.46,13.023,0.0,0.0,1.0
2016-05-26,14.47,14.47,14.47,14.47,13.032,0.0,0.0,1.0
2016-05-27,14.47,14.47,14.47,14.47,13.032,0.0,0.0,1.0
2016-05-31,14.47,14.47,14.47,14.47,13.032,0.0,0.0,1.0
2016-06-01,14.48,14.48,14.48,14.48,13.041,0.0,0.0,1.0
2016-06-02,14.5,14.5,14.5,14.5,13.059,0.0,0.0,1.0
2016-06-03,14.53,14.53,14.53,14.53,13.086,0.0,0.0,1.0
2016-06-06,14.53,14.53,14.53,14.53,13.086,0.0,0.0,1.0
2016-06-07,14.56,14.56,14.56,14.56,13.1131,0.0,0.0,1.0
2016-06-08,14.57,14.57,14.57,14.57,13.1221,0.0,0.0,1.0
2016-06-09,14.63,14.63,14.63,14.63,13.1761,0.0,0.0,1.0
2016-06-10,14.68,14.68,14.68,14.68,13.2211,0.0,0.0,1.0
2016-06-13,14.68,14.68,14.68,14.68,13.2211,0.0,0.0,1.0
2016-06-14,14.73,14.73,14.73,14.73,13.2662,0.0,0.0,1.0
2016-06-15,14.68,14.68,14.68,14.68,13.2774,0.0,0.0625,1.0
2016-06-16,14.72,14.72,14.72,14.72,13.3136,0.0,0.0,1.0
2016-06-17,14.72,14.72,14.72,14.72,13.3136,0.0,0.0,1.0
2016-06-20,14.69,14.69,14.69,14.69,13.2865,0.0,0.0,1.0
2016-06-21,14.68,14.68,14.68,14.68,13.2774,0.0,0.0,1.0
2016-06-22,14.69,14.69,14.69,14.69,13.2865,0.0,0.0,1.0
2016-06-23,14.65,14.65,14.65,14.65,13.2503,0.0,0.0,1.0
2016-06-24,14.8,14.8,14.8,14.8,13.386,0.0,0.0,1.0
2016-06-27,14.87,14.87,14.87,14.87,13.4493,0.0,0.0,1.0
2016-06-28,14.85,14.85,14.85,14.85,13.4312,0.0,0.0,1.0
2016-06-29,14.85,14.85,14.85,14.85,13.4312,0.0,0.0,1.0
2016-06-30,14.86,14.86,14.86,14.86,13.4402,0.0,0.0,1.0
2016-07-01,14.88,14.88,14.88,14.88,13.4583,0.0,0.0,1.0
2016-07-05,14.93,14.93,14.93,14.93,13.5035,0.0,0.0,1.0
2016-07-06,14.95,14.95,14.95,14.95,13.5216,0.0,0.0,1.0
2016-07-07,14.93,14.93,14.93,14.93,13.5035,0.0,0.0,1.0
2016-07-08,14.94,14.94,14.94,14.94,13.5126,0.0,0.0,1.0
2016-07-11,14.93,14.93,14.93,14.93,13.5035,0.0,0.0,1.0
2016-07-12,14.88,14.88,14.88,14.88,13.4583,0.0,0.0,1.0
2016-07-13,14.89,14.89,14.89,14.89,13.4674,0.0,0.0,1.0
2016-07-14,14.86,14.86,14.86,14.86,13.4402,0.0,0.0,1.0
2016-07-15,14.82,14.82,14.82,14.82,13.404,0.0,0.0,1.0
2016-07-18,14.75,14.75,14.75,14.75,13.3973,0.0,0.0625,1.0
2016-07-19,14.75,14.75,14.75,14.75,13.3973,0.0,0.0,1.0
2016-07-20,14.74,14.74,14.74,14.74,13.3882,0.0,0.0,1.0
2016-07-21,14.73,14.73,14.73,14.73,13.3791,0.0,0.0,1.0
2016-07-22,14.73,14.73,14.73,14.73,13.3791,0.0,0.0,1.0
2016-07-25,14.73,14.73,14.73,14.73,13.3791,0.0,0.0,1.0
2016-07-26,14.73,14.73,14.73,14.73,13.3791,0.0,0.0,1.0
2016-07-27,14.75,14.75,14.75,14.75,13.3973,0.0,0.0,1.0
2016-07-28,14.76,14.76,14.76,14.76,13.4063,0.0,0.0,1.0
2016-07-29,14.76,14.76,14.76,14.76,13.4063,0.0,0.0,1.0
2016-08-01,14.76,14.76,14.76,14.76,13.4063,0.0,0.0,1.0
2016-08-02,14.73,14.73,14.73,14.73,13.3791,0.0,0.0,1.0
2016-08-03,14.73,14.73,14.73,14.73,13.3791,0.0,0.0,1.0
2016-08-04,14.75,14.75,14.75,14.75,13.3973,0.0,0.0,1.0
2016-08-05,14.73,14.73,14.73,14.73,13.3791,0.0,0.0,1.0
2016-08-08,14.73,14.73,14.73,14.73,13.3791,0.0,0.0,1.0
2016-08-09,14.74,14.74,14.74,14.74,13.3882,0.0,0.0,1.0
2016-08-10,14.77,14.77,14.77,14.77,13.4154,0.0,0.0,1.0
2016-08-11,14.77,14.77,14.77,14.77,13.4154,0.0,0.0,1.0
2016-08-12,14.73,14.73,14.73,14.73,13.4359,0.0,0.0625,1.0
2016-08-15,14.73,14.73,14.73,14.73,13.4359,0.0,0.0,1.0
2016-08-16,14.73,14.73,14.73,14.73,13.4359,0.0,0.0,1.0
2016-08-17,14.74,14.74,14.74,14.74,13.445,0.0,0.0,1.0
2016-08-18,14.75,14.75,14.75,14.75,13.4541,0.0,0.0,1.0
2016-08-19,14.76,14.76,14.76,14.76,13.4632,0.0,0.0,1.0
2016-08-22,14.77,14.77,14.77,14.77,13.4724,0.0,0.0,1.0
2016-08-23,14.77,14.77,14.77,14.77,13.4724,0.0,0.0,1.0
2016-08-24,14.77,14.77,14.77,14.77,13.4724,0.0,0.0,1.0
2016-08-25,14.77,14.77,14.77,14.77,13.4724,0.0,0.0,1.0
2016-08-26,14.78,14.78,14.78,14.78,13.4815,0.0,0.0,1.0
2016-08-29,14.79,14.79,14.79,14.79,13.4906,0.0,0.0,1.0
2016-08-30,14.79,14.79,14.79,14.79,13.4906,0.0,0.0,1.0
2016-08-31,14.79,14.79,14.79,14.79,13.4906,0.0,0.0,1.0
2016-09-01,14.79,14.79,14.79,14.79,13.4906,0.0,0.0,1.0
2016-09-02,14.78,14.78,14.78,14.78,13.4815,0.0,0.0,1.0
2016-09-06,14.79,14.79,14.79,14.79,13.4906,0.0,0.0,1.0
2016-09-07,14.79,14.79,14.79,14.79,13.4906,0.0,0.0,1.0
2016-09-08,14.77,14.77,14.77,14.77,13.4724,0.0,0.0,1.0
2016-09-09,14.74,14.74,14.74,14.74,13.445,0.0,0.0,1.0
2016-09-12,14.72,14.72,14.72,14.72,13.4267,0.0,0.0,1.0
2016-09-13,14.68,14.68,14.68,14.68,13.3903,0.0,0.0,1.0
2016-09-14,14.68,14.68,14.68,14.68,13.3903,0.0,0.0,1.0
2016-09-15,14.6,14.6,14.6,14.6,13.3743,0.0,0.0625,1.0
2016-09-16,14.6,14.6,14.6,14.6,13.3743,0.0,0.0,1.0
2016-09-19,14.6,14.6,14.6,14.6,13.3743,0.0,0.0,1.0
2016-09-20,14.6,14.6,14.6,14.6,13.3743,0.0,0.0,1.0
2016-09-21,14.6,14.6,14.6,14.6,13.3743,0.0,0.0,1.0
2016-09-22,14.62,14.62,14.62,14.62,13.3926,0.0,0.0,1.0
2016-09-23,14.63,14.63,14.63,14.63,13.4018,0.0,0.0,1.0
2016-09-26,14.63,14.63,14.63,14.63,13.4018,0.0,0.0,1.0
2016-09-27,14.66,14.66,14.66,14.66,13.4293,0.0,0.0,1.0
2016-09-28,14.66,14.66,14.66,14.66,13.4293,0.0,0.0,1.0
2016-09-29,14.64,14.64,14.64,14.64,13.4109,0.0,0.0,1.0
2016-09-30,14.63,14.63,14.63,14.63,13.4018,0.0,0.0,1.0
2016-10-03,14.64,14.64,14.64,14.64,13.4109,0.0,0.0,1.0
2016-10-04,14.6,14.6,14.6,14.6,13.3743,0.0,0.0,1.0
2016-10-05,14.52,14.52,14.52,14.52,13.301,0.0,0.0,1.0
2016-10-06,14.49,14.49,14.49,14.49,13.2735,0.0,0.0,1.0
2016-10-07,14.49,14.49,14.49,14.49,13.2735,0.0,0.0,1.0
2016-10-10,14.49,14.49,14.49,14.49,13.2735,0.0,0.0,1.0
2016-10-11,14.44,14.44,14.44,14.44,13.2277,0.0,0.0,1.0
2016-10-12,14.41,14.41,14.41,14.41,13.2002,0.0,0.0,1.0
2016-10-13,14.4,14.4,14.4,14.4,13.1911,0.0,0.0,1.0
2016-10-14,14.37,14.37,14.37,14.37,13.1636,0.0,0.0,1.0
2016-10-17,14.31,14.31,14.31,14.31,13.1659,0.0,0.0625,1.0
2016-10-18,14.29,14.29,14.29,14.29,13.1475,0.0,0.0,1.0
2016-10-19,14.29,14.29,14.29,14.29,13.1475,0.0,0.0,1.0
2016-10-20,14.3,14.3,14.3,14.3,13.1567,0.0,0.0,1.0
2016-10-21,14.3,14.3,14.3,14.3,13.1567,0.0,0.0,1.0
2016-10-24,14.31,14.31,14.31,14.31,13.1659,0.0,0.0,1.0
2016-10-25,14.31,14.31,14.31,14.31,13.1659,0.0,0.0,1.0
2016-10-26,14.3,14.3,14.3,14.3,13.1567,0.0,0.0,1.0
2016-10-27,14.25,14.25,14.25,14.25,13.1107,0.0,0.0,1.0
2016-10-28,14.28,14.28,14.28,14.28,13.1383,0.0,0.0,1.0
2016-10-31,14.29,14.29,14.29,14.29,13.1475,0.0,0.0,1.0
2016-11-01,14.28,14.28,14.28,14.28,13.1383,0.0,0.0,1.0
2016-11-02,14.3,14.3,14.3,14.3,13.1567,0.0,0.0,1.0
2016-11-03,14.3,14.3,14.3,14.3,13.1567,0.0,0.0,1.0
2016-11-04,14.3,14.3,14.3,14.3,13.1567,0.0,0.0,1.0
2016-11-07,14.25,14.25,14.25,14.25,13.1595,0.0,0.053,1.0
2016-11-08,14.22,14.22,14.22,14.22,13.1318,0.0,0.0,1.0
2016-11-09,14.06,14.06,14.06,14.06,12.984,0.0,0.0,1.0
2016-11-10,13.96,13.96,13.96,13.96,12.8916,0.0,0.0,1.0
2016-11-11,13.96,13.96,13.96,13.96,12.8916,0.0,0.0,1.0
2016-11-14,13.61,13.61,13.61,13.61,12.5684,0.0,0.0,1.0
2016-11-15,13.61,13.61,13.61,13.61,12.5684,0.0,0.0,1.0
2016-11-16,13.61,13.61,13.61,13.61,12.5684,0.0,0.0,1.0
2016-11-17,13.62,13.62,13.62,13.62,12.5777,0.0,0.0,1.0
2016-11-18,13.56,13.56,13.56,13.56,12.5223,0.0,0.0,1.0
2016-11-21,13.52,13.52,13.52,13.52,12.4853,0.0,0.0,1.0
2016-11-22,13.49,13.49,13.49,13.49,12.4576,0.0,0.0,1.0
2016-11-23,13.45,13.45,13.45,13.45,12.4207,0.0,0.0,1.0
2016-11-25,13.45,13.45,13.45,13.45,12.4207,0.0,0.0,1.0
2016-11-28,13.43,13.43,13.43,13.43,12.4022,0.0,0.0,1.0
2016-11-29,13.4,13.4,13.4,13.4,12.3745,0.0,0.0,1.0
2016-11-30,13.29,13.29,13.29,13.29,12.2729,0.0,0.0,1.0
2016-12-01,13.18,13.18,13.18,13.18,12.1713,0.0,0.0,1.0
2016-12-02,13.19,13.19,13.19,13.19,12.1806,0.0,0.0,1.0
2016-12-05,13.19,13.19,13.19,13.19,12.1806,0.0,0.0,1.0
2016-12-06,13.28,13.28,13.28,13.28,12.2637,0.0,0.0,1.0
2016-12-07,13.45,13.45,13.45,13.45,12.4207,0.0,0.0,1.0
2016-12-08,13.42,13.42,13.42,13.42,12.393,0.0,0.0,1.0
2016-12-09,13.41,13.41,13.41,13.41,12.3837,0.0,0.0,1.0
2016-12-12,13.37,13.37,13.37,13.37,12.3468,0.0,0.0,1.0
2016-12-13,13.37,13.37,13.37,13.37,12.3468,0.0,0.0,1.0
2016-12-14,13.32,13.32,13.32,13.32,12.3496,0.0,0.053,1.0
2016-12-15,13.27,13.27,13.27,13.27,12.3032,0.0,0.0,1.0
2016-12-16,13.26,13.26,13.26,13.26,12.2939,0.0,0.0,1.0
2016-12-19,13.3,13.3,13.3,13.3,12.331,0.0,0.0,1.0
2016-12-20,13.31,13.31,13.31,13.31,12.3403,0.0,0.0,1.0
2016-12-21,13.34,13.34,13.34,13.34,12.3681,0.0,0.0,1.0
2016-12-22,13.36,13.36,13.36,13.36,12.3867,0.0,0.0,1.0
2016-12-23,13.38,13.38,13.38,13.38,12.4052,0.0,0.0,1.0
2016-12-27,13.39,13.39,13.39,13.39,12.4145,0.0,0.0,1.0
2016-12-28,13.41,13.41,13.41,13.41,12.433,0.0,0.0,1.0
2016-12-29,13.44,13.44,13.44,13.44,12.4608,0.0,0.0,1.0
2016-12-30,13.45,13.45,13.45,13.45,12.4701,0.0,0.0,1.0
2017-01-03,13.46,13.46,13.46,13.46,12.4794,0.0,0.0,1.0
2017-01-04,13.48,13.48,13.48,13.48,12.4979,0.0,0.0,1.0
2017-01-05,13.54,13.54,13.54,13.54,12.5535,0.0,0.0,1.0
2017-01-06,13.55,13.55,13.55,13.55,12.5628,0.0,0.0,1.0
2017-01-09,13.57,13.57,13.57,13.57,12.5814,0.0,0.0,1.0
2017-01-10,13.58,13.58,13.58,13.58,12.5906,0.0,0.0,1.0
2017-01-11,13.63,13.63,13.63,13.63,12.637,0.0,0.0,1.0
2017-01-12,13.68,13.68,13.68,13.68,12.6833,0.0,0.0,1.0
2017-01-13,13.66,13.66,13.66,13.66,12.6648,0.0,0.0,1.0
2017-01-17,13.69,13.69,13.69,13.69,12.6926,0.0,0.0,1.0
2017-01-18,13.61,13.61,13.61,13.61,12.6676,0.0,0.053,1.0
2017-01-19,13.54,13.54,13.54,13.54,12.6024,0.0,0.0,1.0
2017-01-20,13.5,13.5,13.5,13.5,12.5652,0.0,0.0,1.0
2017-01-23,13.52,13.52,13.52,13.52,12.5838,0.0,0.0,1.0
2017-01-24,13.52,13.52,13.52,13.52,12.5838,0.0,0.0,1.0
2017-01-25,13.49,13.49,13.49,13.49,12.5559,0.0,0.0,1.0
2017-01-26,13.48,13.48,13.48,13.48,12.5466,0.0,0.0,1.0
2017-01-27,13.51,13.51,13.51,13.51,12.5745,0.0,0.0,1.0
2017-01-30,13.51,13.51,13.51,13.51,12.5745,0.0,0.0,1.0
2017-01-31,13.52,13.52,13.52,13.52,12.5838,0.0,0.0,1.0
2017-02-01,13.52,13.52,13.52,13.52,12.5838,0.0,0.0,1.0
2017-02-02,13.52,13.52,13.52,13.52,12.5838,0.0,0.0,1.0
2017-02-03,13.52,13.52,13.52,13.52,12.5838,0.0,0.0,1.0
2017-02-06,13.54,13.54,13.54,13.54,12.6024,0.0,0.0,1.0
2017-02-07,13.56,13.56,13.56,13.56,12.621,0.0,0.0,1.0
2017-02-08,13.59,13.59,13.59,13.59,12.649,0.0,0.0,1.0
2017-02-09,13.59,13.59,13.59,13.59,12.649,0.0,0.0,1.0
2017-02-10,13.58,13.58,13.58,13.58,12.6397,0.0,0.0,1.0
2017-02-13,13.61,13.61,13.61,13.61,12.6676,0.0,0.0,1.0
2017-02-14,13.61,13.61,13.61,13.61,12.6676,0.0,0.0,1.0
2017-02-15,13.52,13.52,13.52,13.52,12.6331,0.0,0.053,1.0
2017-02-16,13.56,13.56,13.56,13.56,12.6705,0.0,0.0,1.0
2017-02-17,13.59,13.59,13.59,13.59,12.6986,0.0,0.0,1.0
2017-02-21,13.59,13.59,13.59,13.59,12.6986,0.0,0.0,1.0
2017-02-22,13.61,13.61,13.61,13.61,12.7172,0.0,0.0,1.0
2017-02-23,13.62,13.62,13.62,13.62,12.7266,0.0,0.0,1.0
2017-02-24,13.68,13.68,13.68,13.68,12.7826,0.0,0.0,1.0
2017-02-27,13.68,13.68,13.68,13.68,12.7826,0.0,0.0,1.0
2017-02-28,13.68,13.68,13.68,13.68,12.7826,0.0,0.0,1.0
2017-03-01,13.62,13.62,13.62,13.62,12.7266,0.0,0.0,1.0
2017-03-02,13.59,13.59,13.59,13.59,12.6986,0.0,0.0,1.0
2017-03-03,13.58,13.58,13.58,13.58,12.6892,0.0,0.0,1.0
2017-03-06,13.58,13.58,13.58,13.58,12.6892,0.0,0.0,1.0
2017-03-07,13.58,13.58,13.58,13.58,12.6892,0.0,0.0,1.0
2017-03-08,13.55,13.55,13.55,13.55,12.6612,0.0,0.0,1.0
2017-03-09,13.55,13.55,13.55,13.55,12.6612,0.0,0.0,1.0
2017-03-10,13.54,13.54,13.54,13.54,12.6518,0.0,0.0,1.0
2017-03-13,13.54,13.54,13.54,13.54,12.6518,0.0,0.0,1.0
2017-03-14,13.49,13.49,13.49,13.49,12.6546,0.0,0.053,1.0
2017-03-15,13.53,13.53,13.53,13.53,12.6922,0.0,0.0,1.0
2017-03-16,13.55,13.55,13.55,13.55,12.7109,0.0,0.0,1.0
2017-03-17,13.56,13.56,13.56,13.56,12.7203,0.0,0.0,1.0
2017-03-20,13.58,13.58,13.58,13.58,12.7391,0.0,0.0,1.0
2017-03-21,13.62,13.62,13.62,13.62,12.7766,0.0,0.0,1.0
2017-03-22,13.64,13.64,13.64,13.64,12.7953,0.0,0.0,1.0
2017-03-23,13.67,13.67,13.67,13.67,12.8235,0.0,0.0,1.0
2017-03-24,13.67,13.67,13.67,13.67,12.8235,0.0,0.0,1.0
2017-03-27,13.71,13.71,13.71,13.71,12.861,0.0,0.0,1.0
2017-03-28,13.73,13.73,13.73,13.73,12.8798,0.0,0.0,1.0
2017-03-29,13.74,13.74,13.74,13.74,12.8892,0.0,0.0,1.0
2017-03-30,13.72,13.72,13.72,13.72,12.8704,0.0,0.0,1.0
2017-03-31,13.72,13.72,13.72,13.72,12.8704,0.0,0.0,1.0
2017-04-03,13.74,13.74,13.74,13.74,12.8892,0.0,0.0,1.0
2017-04-04,13.76,13.76,13.76,13.76,12.9079,0.0,0.0,1.0
2017-04-05,13.77,13.77,13.77,13.77,12.9173,0.0,0.0,1.0
2017-04-06,13.78,13.78,13.78,13.78,12.9267,0.0,0.0,1.0
2017-04-07,13.81,13.81,13.81,13.81,12.9548,0.0,0.0,1.0
2017-04-10,13.82,13.82,13.82,13.82,12.9642,0.0,0.0,1.0
2017-04-11,13.85,13.85,13.85,13.85,12.9923,0.0,0.0,1.0
2017-04-12,13.86,13.86,13.86,13.86,13.0017,0.0,0.0,1.0
2017-04-13,13.89,13.89,13.89,13.89,13.0299,0.0,0.0,1.0
2017-04-17,13.84,13.84,13.84,13.84,13.0327,0.0,0.053,1.0
2017-04-18,13.89,13.89,13.89,13.89,13.0798,0.0,0.0,1.0
2017-04-19,13.9,13.9,13.9,13.9,13.0892,0.0,0.0,1.0
2017-04-20,13.88,13.88,13.88,13.88,13.0703,0.0,0.0,1.0
2017-04-21,13.88,13.88,13.88,13.88,13.0703,0.0,0.0,1.0
2017-04-24,13.85,13.85,13.85,13.85,13.0421,0.0,0.0,1.0
2017-04-25,13.81,13.81,13.81,13.81,13.0044,0.0,0.0,1.0
2017-04-26,13.81,13.81,13.81,13.81,13.0044,0.0,0.0,1.0
2017-04-27,13.81,13.81,13.81,13.81,13.0044,0.0,0.0,1.0
2017-04-28,13.81,13.81,13.81,13.81,13.0044,0.0,0.0,1.0
2017-05-01,13.79,13.79,13.79,13.79,12.9856,0.0,0.0,1.0
2017-05-02,13.79,13.79,13.79,13.79,12.9856,0.0,0.0,1.0
2017-05-03,13.83,13.83,13.83,13.83,13.0233,0.0,0.0,1.0
2017-05-04,13.82,13.82,13.82,13.82,13.0138,0.0,0.0,1.0
2017-05-05,13.82,13.82,13.82,13.82,13.0138,0.0,0.0,1.0
2017-05-08,13.83,13.83,13.83,13.83,13.0233,0.0,0.0,1.0
2017-05-09,13.83,13.83,13.83,13.83,13.0233,0.0,0.0,1.0
2017-05-10,13.86,13.86,13.86,13.86,13.0515,0.0,0.0,1.0
2017-05-11,13.87,13.87,13.87,13.87,13.0609,0.0,0.0,1.0
2017-05-12,13.9,13.9,13.9,13.9,13.0892,0.0,0.0,1.0
2017-05-15,13.9,13.9,13.9,13.9,13.1391,0.0,0.053,1.0
2017-05-16,13.87,13.87,13.87,13.87,13.1107,0.0,0.0,1.0
2017-05-17,13.94,13.94,13.94,13.94,13.1769,0.0,0.0,1.0
2017-05-18,13.96,13.96,13.96,13.96,13.1958,0.0,0.0,1.0
2017-05-19,13.96,13.96,13.96,13.96,13.1958,0.0,0.0,1.0
2017-05-22,13.98,13.98,13.98,13.98,13.2147,0.0,0.0,1.0
2017-05-23,14.02,14.02,14.02,14.02,13.2525,0.0,0.0,1.0
2017-05-24,14.02,14.02,14.02,14.02,13.2525,0.0,0.0,1.0
2017-05-25,14.03,14.03,14.03,14.03,13.262,0.0,0.0,1.0
2017-05-26,14.05,14.05,14.05,14.05,13.2809,0.0,0.0,1.0
2017-05-30,14.09,14.09,14.09,14.09,13.3187,0.0,0.0,1.0
2017-05-31,14.11,14.11,14.11,14.11,13.3376,0.0,0.0,1.0
2017-06-01,14.1,14.1,14.1,14.1,13.3281,0.0,0.0,1.0
2017-06-02,14.15,14.15,14.15,14.15,13.3754,0.0,0.0,1.0
2017-06-05,14.15,14.15,14.15,14.15,13.3754,0.0,0.0,1.0
2017-06-06,14.18,14.18,14.18,14.18,13.4038,0.0,0.0,1.0
2017-06-07,14.18,14.18,14.18,14.18,13.4038,0.0,0.0,1.0
2017-06-08,14.15,14.15,14.15,14.15,13.3754,0.0,0.0,1.0
2017-06-09,14.14,14.14,14.14,14.14,13.366,0.0,0.0,1.0
2017-06-12,14.13,14.13,14.13,14.13,13.3565,0.0,0.0,1.0
2017-06-13,14.13,14.13,14.13,14.13,13.3565,0.0,0.0,1.0
2017-06-14,14.11,14.11,14.11,14.11,13.3877,0.0,0.053,1.0
2017-06-15,14.1,14.1,14.1,14.1,13.3782,0.0,0.0,1.0
2017-06-16,14.11,14.11,14.11,14.11,13.3877,0.0,0.0,1.0
2017-06-19,14.11,14.11,14.11,14.11,13.3877,0.0,0.0,1.0
2017-06-20,14.11,14.11,14.11,14.11,13.3877,0.0,0.0,1.0
2017-06-21,14.12,14.12,14.12,14.12,13.3972,0.0,0.0,1.0
2017-06-22,14.13,14.13,14.13,14.13,13.4067,0.0,0.0,1.0
2017-06-23,14.13,14.13,14.13,14.13,13.4067,0.0,0.0,1.0
2017-06-26,14.15,14.15,14.15,14.15,13.4256,0.0,0.0,1.0
2017-06-27,14.12,14.12,14.12,14.12,13.3972,0.0,0.0,1.0
2017-06-28,14.09,14.09,14.09,14.09,13.3687,0.0,0.0,1.0
2017-06-29,14.05,14.05,14.05,14.05,13.3308,0.0,0.0,1.0
2017-06-30,14.05,14.05,14.05,14.05,13.3308,0.0,0.0,1.0
2017-07-03,14.06,14.06,14.06,14.06,13.3403,0.0,0.0,1.0
2017-07-05,14.07,14.07,14.07,14.07,13.3497,0.0,0.0,1.0
2017-07-06,14.05,14.05,14.05,14.05,13.3308,0.0,0.0,1.0
2017-07-07,14.04,14.04,14.04,14.04,13.3213,0.0,0.0,1.0
2017-07-10,14.04,14.04,14.04,14.04,13.3213,0.0,0.0,1.0
2017-07-11,14.04,14.04,14.04,14.04,13.3213,0.0,0.0,1.0
2017-07-12,14.07,14.07,14.07,14.07,13.3497,0.0,0.0,1.0
2017-07-13,14.08,14.08,14.08,14.08,13.3592,0.0,0.0,1.0
2017-07-14,14.12,14.12,14.12,14.12,13.3972,0.0,0.0,1.0
2017-07-17,14.12,14.12,14.12,14.12,13.3972,0.0,0.0,1.0
2017-07-18,14.13,14.13,14.13,14.13,13.457,0.0,0.053,1.0
2017-07-19,14.15,14.15,14.15,14.15,13.476,0.0,0.0,1.0
2017-07-20,14.17,14.17,14.17,14.17,13.495,0.0,0.0,1.0
2017-07-21,14.19,14.19,14.19,14.19,13.5141,0.0,0.0,1.0
2017-07-24,14.21,14.21,14.21,14.21,13.5331,0.0,0.0,1.0
2017-07-25,14.18,14.18,14.18,14.18,13.5046,0.0,0.0,1.0
2017-07-26,14.19,14.19,14.19,14.19,13.5141,0.0,0.0,1.0
2017-07-27,14.19,14.19,14.19,14.19,13.5141,0.0,0.0,1.0
2017-07-28,14.19,14.19,14.19,14.19,13.5141,0.0,0.0,1.0
2017-07-31,14.15,14.15,14.15,14.15,13.476,0.0,0.0,1.0
2017-08-01,14.16,14.16,14.16,14.16,13.4855,0.0,0.0,1.0
2017-08-02,14.17,14.17,14.17,14.17,13.495,0.0,0.0,1.0
2017-08-03,14.2,14.2,14.2,14.2,13.5236,0.0,0.0,1.0
2017-08-04,14.19,14.19,14.19,14.19,13.5141,0.0,0.0,1.0
2017-08-07,14.19,14.19,14.19,14.19,13.5141,0.0,0.0,1.0
2017-08-08,14.19,14.19,14.19,14.19,13.5141,0.0,0.0,1.0
2017-08-09,14.19,14.19,14.19,14.19,13.5141,0.0,0.0,1.0
2017-08-10,14.22,14.22,14.22,14.22,13.5427,0.0,0.0,1.0
2017-08-11,14.22,14.22,14.22,14.22,13.5427,0.0,0.0,1.0
2017-08-14,14.17,14.17,14.17,14.17,13.5455,0.0,0.053,1.0
2017-08-15,14.14,14.14,14.14,14.14,13.5168,0.0,0.0,1.0
2017-08-16,14.14,14.14,14.14,14.14,13.5168,0.0,0.0,1.0
2017-08-17,14.15,14.15,14.15,14.15,13.5264,0.0,0.0,1.0
2017-08-18,14.16,14.16,14.16,14.16,13.536,0.0,0.0,1.0
2017-08-21,14.17,14.17,14.17,14.17,13.5455,0.0,0.0,1.0
2017-08-22,14.17,14.17,14.17,14.17,13.5455,0.0,0.0,1.0
2017-08-23,14.2,14.2,14.2,14.2,13.5742,0.0,0.0,1.0
2017-08-24,14.2,14.2,14.2,14.2,13.5742,0.0,0.0,1.0
2017-08-25,14.2,14.2,14.2,14.2,13.5742,0.0,0.0,1.0
2017-08-28,14.2,14.2,14.2,14.2,13.5742,0.0,0.0,1.0
2017-08-29,14.23,14.23,14.23,14.23,13.6029,0.0,0.0,1.0
2017-08-30,14.24,14.24,14.24,14.24,13.6124,0.0,0.0,1.0
2017-08-31,14.26,14.26,14.26,14.26,13.6316,0.0,0.0,1.0
2017-09-01,14.26,14.26,14.26,14.26,13.6316,0.0,0.0,1.0
2017-09-05,14.29,14.29,14.29,14.29,13.6602,0.0,0.0,1.0
2017-09-06,14.3,14.3,14.3,14.3,13.6698,0.0,0.0,1.0
2017-09-07,14.32,14.32,14.32,14.32,13.6889,0.0,0.0,1.0
2017-09-08,14.33,14.33,14.33,14.33,13.6985,0.0,0.0,1.0
2017-09-11,14.31,14.31,14.31,14.31,13.6794,0.0,0.0,1.0
2017-09-12,14.27,14.27,14.27,14.27,13.6411,0.0,0.0,1.0
2017-09-13,14.26,14.26,14.26,14.26,13.6316,0.0,0.0,1.0
2017-09-14,14.25,14.25,14.25,14.25,13.622,0.0,0.0,1.0
2017-09-15,14.27,14.27,14.27,14.27,13.6411,0.0,0.0,1.0
2017-09-18,14.22,14.22,14.22,14.22,13.644,0.0,0.053,1.0
2017-09-19,14.2,14.2,14.2,14.2,13.6248,0.0,0.0,1.0
2017-09-20,14.19,14.19,14.19,14.19,13.6152,0.0,0.0,1.0
2017-09-21,14.2,14.2,14.2,14.2,13.6248,0.0,0.0,1.0
2017-09-22,14.21,14.21,14.21,14.21,13.6344,0.0,0.0,1.0
2017-09-25,14.22,14.22,14.22,14.22,13.644,0.0,0.0,1.0
2017-09-26,14.23,14.23,14.23,14.23,13.6536,0.0,0.0,1.0
2017-09-27,14.18,14.18,14.18,14.18,13.6056,0.0,0.0,1.0
2017-09-28,14.18,14.18,14.18,14.18,13.6056,0.0,0.0,1.0
2017-09-29,14.19,14.19,14.19,14.19,13.6152,0.0,0.0,1.0
2017-10-02,14.19,14.19,14.19,14.19,13.6152,0.0,0.0,1.0
2017-10-03,14.2,14.2,14.2,14.2,13.6248,0.0,0.0,1.0
2017-10-04,14.21,14.21,14.21,14.21,13.6344,0.0,0.0,1.0
2017-10-05,14.21,14.21,14.21,14.21,13.6344,0.0,0.0,1.0
2017-10-06,14.21,14.21,14.21,14.21,13.6344,0.0,0.0,1.0
2017-10-09,14.21,14.21,14.21,14.21,13.6344,0.0,0.0,1.0
2017-10-10,14.22,14.22,14.22,14.22,13.644,0.0,0.0,1.0
2017-10-11,14.22,14.22,14.22,14.22,13.644,0.0,0.0,1.0
2017-10-12,14.24,14.24,14.24,14.24,13.6632,0.0,0.0,1.0
2017-10-13,14.24,14.24,14.24,14.24,13.6632,0.0,0.0,1.0
2017-10-16,14.28,14.28,14.28,14.28,13.7016,0.0,0.0,1.0
2017-10-17,14.25,14.25,14.25,14.25,13.7236,0.0,0.053,1.0
2017-10-18,14.25,14.25,14.25,14.25,13.7236,0.0,0.0,1.0
2017-10-19,14.25,14.25,14.25,14.25,13.7236,0.0,0.0,1.0
2017-10-20,14.22,14.22,14.22,14.22,13.6947,0.0,0.0,1.0
2017-10-23,14.23,14.23,14.23,14.23,13.7044,0.0,0.0,1.0
2017-10-24,14.21,14.21,14.21,14.21,13.6851,0.0,0.0,1.0
2017-10-25,14.18,14.18,14.18,14.18,13.6562,0.0,0.0,1.0
2017-10-26,14.16,14.16,14.16,14.16,13.6369,0.0,0.0,1.0
2017-10-27,14.16,14.16,14.16,14.16,13.6369,0.0,0.0,1.0
2017-10-30,14.18,14.18,14.18,14.18,13.6562,0.0,0.0,1.0
2017-10-31,14.17,14.17,14.17,14.17,13.6466,0.0,0.0,1.0
2017-11-01,14.18,14.18,14.18,14.18,13.6562,0.0,0.0,1.0
2017-11-02,14.19,14.19,14.19,14.19,13.6658,0.0,0.0,1.0
2017-11-03,14.22,14.22,14.22,14.22,13.6947,0.0,0.0,1.0
2017-11-06,14.26,14.26,14.26,14.26,13.7333,0.0,0.0,1.0
2017-11-07,14.32,14.32,14.32,14.32,13.791,0.0,0.0,1.0
2017-11-08,14.33,14.33,14.33,14.33,13.8007,0.0,0.0,1.0
2017-11-09,14.32,14.32,14.32,14.32,13.791,0.0,0.0,1.0
2017-11-10,14.28,14.28,14.28,14.28,13.7525,0.0,0.0,1.0
2017-11-13,14.28,14.28,14.28,14.28,13.7525,0.0,0.0,1.0
2017-11-14,14.28,14.28,14.28,14.28,13.7525,0.0,0.0,1.0
2017-11-15,14.29,14.29,14.29,14.29,13.7621,0.0,0.0,1.0
2017-11-16,14.23,14.23,14.23,14.23,13.7554,0.0,0.053,1.0
2017-11-17,14.23,14.23,14.23,14.23,13.7554,0.0,0.0,1.0
2017-11-20,14.23,14.23,14.23,14.23,13.7554,0.0,0.0,1.0
2017-11-21,14.21,14.21,14.21,14.21,13.7361,0.0,0.0,1.0
2017-11-22,14.18,14.18,14.18,14.18,13.7071,0.0,0.0,1.0
2017-11-24,14.19,14.19,14.19,14.19,13.7167,0.0,0.0,1.0
2017-11-27,14.16,14.16,14.16,14.16,13.6877,0.0,0.0,1.0
2017-11-28,14.13,14.13,14.13,14.13,13.6587,0.0,0.0,1.0
2017-11-29,14.09,14.09,14.09,14.09,13.6201,0.0,0.0,1.0
2017-11-30,14.14,14.14,14.14,14.14,13.6684,0.0,0.0,1.0
2017-12-01,14.21,14.21,14.21,14.21,13.7361,0.0,0.0,1.0
2017-12-04,14.23,14.23,14.23,14.23,13.7554,0.0,0.0,1.0
2017-12-05,14.29,14.29,14.29,14.29,13.8134,0.0,0.0,1.0
2017-12-06,14.39,14.39,14.39,14.39,13.9101,0.0,0.0,1.0
2017-12-07,14.37,14.37,14.37,14.37,13.8907,0.0,0.0,1.0
2017-12-08,14.33,14.33,14.33,14.33,13.8521,0.0,0.0,1.0
2017-12-11,14.29,14.29,14.29,14.29,13.8134,0.0,0.0,1.0
2017-12-12,14.25,14.25,14.25,14.25,13.7747,0.0,0.0,1.0
2017-12-13,14.3,14.3,14.3,14.3,13.8231,0.0,0.0,1.0
2017-12-14,14.32,14.32,14.32,14.32,13.8424,0.0,0.0,1.0
2017-12-15,14.32,14.32,14.32,14.32,13.8424,0.0,0.0,1.0
2017-12-18,14.25,14.25,14.25,14.25,13.826,0.0,0.053,1.0
2017-12-19,14.21,14.21,14.21,14.21,13.7872,0.0,0.0,1.0
2017-12-20,14.17,14.17,14.17,14.17,13.7483,0.0,0.0,1.0
2017-12-21,14.17,14.17,14.17,14.17,13.7483,0.0,0.0,1.0
2017-12-22,14.19,14.19,14.19,14.19,13.7678,0.0,0.0,1.0
2017-12-26,14.23,14.23,14.23,14.23,13.8066,0.0,0.0,1.0
2017-12-27,14.27,14.27,14.27,14.27,13.8454,0.0,0.0,1.0
2017-12-28,14.28,14.28,14.28,14.28,13.8551,0.0,0.0,1.0
2017-12-29,14.31,14.31,14.31,14.31,13.8842,0.0,0.0,1.0
2018-01-02,14.32,14.32,14.32,14.32,13.8939,0.0,0.0,1.0
2018-01-03,14.34,14.34,14.34,14.34,13.9133,0.0,0.0,1.0
2018-01-04,14.32,14.32,14.32,14.32,13.8939,0.0,0.0,1.0
2018-01-05,14.32,14.32,14.32,14.32,13.8939,0.0,0.0,1.0
2018-01-08,14.32,14.32,14.32,14.32,13.8939,0.0,0.0,1.0
2018-01-09,14.29,14.29,14.29,14.29,13.8648,0.0,0.0,1.0
2018-01-10,14.23,14.23,14.23,14.23,13.8066,0.0,0.0,1.0
2018-01-11,14.23,14.23,14.23,14.23,13.8066,0.0,0.0,1.0
2018-01-12,14.23,14.23,14.23,14.23,13.8066,0.0,0.0,1.0
2018-01-16,14.26,14.26,14.26,14.26,13.8357,0.0,0.0,1.0
2018-01-17,14.2,14.2,14.2,14.2,13.8289,0.0,0.053,1.0
2018-01-18,14.19,14.19,14.19,14.19,13.8191,0.0,0.0,1.0
2018-01-19,14.19,14.19,14.19,14.19,13.8191,0.0,0.0,1.0
2018-01-22,14.19,14.19,14.19,14.19,13.8191,0.0,0.0,1.0
2018-01-23,14.19,14.19,14.19,14.19,13.8191,0.0,0.0,1.0
2018-01-24,14.17,14.17,14.17,14.17,13.7997,0.0,0.0,1.0
2018-01-25,14.18,14.18,14.18,14.18,13.8094,0.0,0.0,1.0
2018-01-26,14.16,14.16,14.16,14.16,13.7899,0.0,0.0,1.0
2018-01-29,14.13,14.13,14.13,14.13,13.7607,0.0,0.0,1.0
2018-01-30,14.1,14.1,14.1,14.1,13.7315,0.0,0.0,1.0
2018-01-31,14.09,14.09,14.09,14.09,13.7218,0.0,0.0,1.0
2018-02-01,14.08,14.08,14.08,14.08,13.712,0.0,0.0,1.0
2018-02-02,14.02,14.02,14.02,14.02,13.6536,0.0,0.0,1.0
2018-02-05,14.02,14.02,14.02,14.02,13.6536,0.0,0.0,1.0
2018-02-06,14.08,14.08,14.08,14.08,13.712,0.0,0.0,1.0
2018-02-07,14.07,14.07,14.07,14.07,13.7023,0.0,0.0,1.0
2018-02-08,14.04,14.04,14.04,14.04,13.6731,0.0,0.0,1.0
2018-02-09,14.04,14.04,14.04,14.04,13.6731,0.0,0.0,1.0
2018-02-12,14.05,14.05,14.05,14.05,13.6828,0.0,0.0,1.0
2018-02-13,14.05,14.05,14.05,14.05,13.6828,0.0,0.0,1.0
2018-02-14,14.02,14.02,14.02,14.02,13.6536,0.0,0.0,1.0
2018-02-15,13.96,13.96,13.96,13.96,13.6468,0.0,0.053,1.0
2018-02-16,13.96,13.96,13.96,13.96,13.6468,0.0,0.0,1.0
2018-02-20,13.96,13.96,13.96,13.96,13.6468,0.0,0.0,1.0
2018-02-21,13.95,13.95,13.95,13.95,13.637,0.0,0.0,1.0
2018-02-22,13.95,13.95,13.95,13.95,13.637,0.0,0.0,1.0
2018-02-23,13.97,13.97,13.97,13.97,13.6565,0.0,0.0,1.0
2018-02-26,13.97,13.97,13.97,13.97,13.6565,0.0,0.0,1.0
2018-02-27,13.95,13.95,13.95,13.95,13.637,0.0,0.0,1.0
2018-02-28,13.96,13.96,13.96,13.96,13.6468,0.0,0.0,1.0
2018-03-01,13.98,13.98,13.98,13.98,13.6663,0.0,0.0,1.0
2018-03-02,13.98,13.98,13.98,13.98,13.6663,0.0,0.0,1.0
2018-03-05,13.97,13.97,13.97,13.97,13.6565,0.0,0.0,1.0
2018-03-06,13.97,13.97,13.97,13.97,13.6565,0.0,0.0,1.0
2018-03-07,13.97,13.97,13.97,13.97,13.6565,0.0,0.0,1.0
2018-03-08,13.98,13.98,13.98,13.98,13.6663,0.0,0.0,1.0
2018-03-09,13.96,13.96,13.96,13.96,13.6468,0.0,0.0,1.0
2018-03-12,13.96,13.96,13.96,13.96,13.6468,0.0,0.0,1.0
2018-03-13,13.96,13.96,13.96,13.96,13.6468,0.0,0.0,1.0
2018-03-14,13.97,13.97,13.97,13.97,13.6565,0.0,0.0,1.0
2018-03-15,13.92,13.92,13.92,13.92,13.6595,0.0,0.053,1.0
2018-03-16,13.93,13.93,13.93,13.93,13.6693,0.0,0.0,1.0
2018-03-19,13.93,13.93,13.93,13.93,13.6693,0.0,0.0,1.0
2018-03-20,13.91,13.91,13.91,13.91,13.6497,0.0,0.0,1.0
2018-03-21,13.91,13.91,13.91,13.91,13.6497,0.0,0.0,1.0
2018-03-22,13.93,13.93,13.93,13.93,13.6693,0.0,0.0,1.0
2018-03-23,13.93,13.93,13.93,13.93,13.6693,0.0,0.0,1.0
2018-03-26,13.94,13.94,13.94,13.94,13.6791,0.0,0.0,1.0
2018-03-27,13.94,13.94,13.94,13.94,13.6791,0.0,0.0,1.0
2018-03-28,13.95,13.95,13.95,13.95,13.6889,0.0,0.0,1.0
2018-03-29,13.97,13.97,13.97,13.97,13.7085,0.0,0.0,1.0
2018-04-02,13.98,13.98,13.98,13.98,13.7184,0.0,0.0,1.0
2018-04-03,13.97,13.97,13.97,13.97,13.7085,0.0,0.0,1.0
2018-04-04,13.97,13.97,13.97,13.97,13.7085,0.0,0.0,1.0
2018-04-05,13.96,13.96,13.96,13.96,13.6987,0.0,0.0,1.0
2018-04-06,13.99,13.99,13.99,13.99,13.7282,0.0,0.0,1.0
2018-04-09,13.99,13.99,13.99,13.99,13.7282,0.0,0.0,1.0
2018-04-10,13.99,13.99,13.99,13.99,13.7282,0.0,0.0,1.0
2018-04-11,14.01,14.01,14.01,14.01,13.7478,0.0,0.0,1.0
2018-04-12,14.01,14.01,14.01,14.01,13.7478,0.0,0.0,1.0
2018-04-13,14.01,14.01,14.01,14.01,13.7478,0.0,0.0,1.0
2018-04-16,14.01,14.01,14.01,14.01,13.7478,0.0,0.0,1.0
2018-04-17,13.97,13.97,13.97,13.97,13.7605,0.0,0.053,1.0
2018-04-18,13.98,13.98,13.98,13.98,13.7704,0.0,0.0,1.0
2018-04-19,13.95,13.95,13.95,13.95,13.7408,0.0,0.0,1.0
2018-04-20,13.93,13.93,13.93,13.93,13.7211,0.0,0.0,1.0
2018-04-23,13.92,13.92,13.92,13.92,13.7113,0.0,0.0,1.0
2018-04-24,13.91,13.91,13.91,13.91,13.7014,0.0,0.0,1.0
2018-04-25,13.86,13.86,13.86,13.86,13.6522,0.0,0.0,1.0
2018-04-26,13.86,13.86,13.86,13.86,13.6522,0.0,0.0,1.0
2018-04-27,13.88,13.88,13.88,13.88,13.6719,0.0,0.0,1.0
2018-04-30,13.89,13.89,13.89,13.89,13.6817,0.0,0.0,1.0
2018-05-01,13.89,13.89,13.89,13.89,13.6817,0.0,0.0,1.0
2018-05-02,13.91,13.91,13.91,13.91,13.7014,0.0,0.0,1.0
2018-05-03,13.95,13.95,13.95,13.95,13.7408,0.0,0.0,1.0
2018-05-04,13.97,13.97,13.97,13.97,13.7605,0.0,0.0,1.0
2018-05-07,13.98,13.98,13.98,13.98,13.7704,0.0,0.0,1.0
2018-05-08,14.0,14.0,14.0,14.0,13.7901,0.0,0.0,1.0
2018-05-09,13.99,13.99,13.99,13.99,13.7802,0.0,0.0,1.0
2018-05-10,14.0,14.0,14.0,14.0,13.7901,0.0,0.0,1.0
2018-05-11,14.01,14.01,14.01,14.01,13.7999,0.0,0.0,1.0
2018-05-14,14.01,14.01,14.01,14.01,13.7999,0.0,0.0,1.0
2018-05-15,13.91,13.91,13.91,13.91,13.7537,0.0,0.053,1.0
2018-05-16,13.9,13.9,13.9,13.9,13.7438,0.0,0.0,1.0
2018-05-17,13.88,13.88,13.88,13.88,13.724,0.0,0.0,1.0
2018-05-18,13.88,13.88,13.88,13.88,13.724,0.0,0.0,1.0
2018-05-21,13.9,13.9,13.9,13.9,13.7438,0.0,0.0,1.0
2018-05-22,13.9,13.9,13.9,13.9,13.7438,0.0,0.0,1.0
2018-05-23,13.93,13.93,13.93,13.93,13.7734,0.0,0.0,1.0
2018-05-24,13.94,13.94,13.94,13.94,13.7833,0.0,0.0,1.0
2018-05-25,13.97,13.97,13.97,13.97,13.813,0.0,0.0,1.0
2018-05-29,14.04,14.04,14.04,14.04,13.8822,0.0,0.0,1.0
2018-05-30,14.04,14.04,14.04,14.04,13.8822,0.0,0.0,1.0
2018-05-31,14.04,14.04,14.04,14.04,13.8822,0.0,0.0,1.0
2018-06-01,14.02,14.02,14.02,14.02,13.8624,0.0,0.0,1.0
2018-06-04,14.01,14.01,14.01,14.01,13.8525,0.0,0.0,1.0
2018-06-05,14.02,14.02,14.02,14.02,13.8624,0.0,0.0,1.0
2018-06-06,14.02,14.02,14.02,14.02,13.8624,0.0,0.0,1.0
2018-06-07,14.02,14.02,14.02,14.02,13.8624,0.0,0.0,1.0
2018-06-08,14.02,14.02,14.02,14.02,13.8624,0.0,0.0,1.0
2018-06-11,14.03,14.03,14.03,14.03,13.8723,0.0,0.0,1.0
2018-06-12,14.02,14.02,14.02,14.02,13.8624,0.0,0.0,1.0
2018-06-13,14.01,14.01,14.01,14.01,13.8525,0.0,0.0,1.0
2018-06-14,14.02,14.02,14.02,14.02,13.8624,0.0,0.0,1.0
2018-06-15,14.04,14.04,14.04,14.04,13.8822,0.0,0.0,1.0
2018-06-18,13.99,13.99,13.99,13.99,13.8852,0.0,0.053,1.0
2018-06-19,14.01,14.01,14.01,14.01,13.905,0.0,0.0,1.0
2018-06-20,14.01,14.01,14.01,14.01,13.905,0.0,0.0,1.0
2018-06-21,14.02,14.02,14.02,14.02,13.9149,0.0,0.0,1.0
2018-06-22,14.02,14.02,14.02,14.02,13.9149,0.0,0.0,1.0
2018-06-25,14.03,14.03,14.03,14.03,13.9249,0.0,0.0,1.0
2018-06-26,14.03,14.03,14.03,14.03,13.9249,0.0,0.0,1.0
2018-06-27,14.04,14.04,14.04,14.04,13.9348,0.0,0.0,1.0
2018-06-28,14.05,14.05,14.05,14.05,13.9447,0.0,0.0,1.0
2018-06-29,14.06,14.06,14.06,14.06,13.9546,0.0,0.0,1.0
2018-07-02,14.07,14.07,14.07,14.07,13.9646,0.0,0.0,1.0
2018-07-03,14.08,14.08,14.08,14.08,13.9745,0.0,0.0,1.0
2018-07-05,14.09,14.09,14.09,14.09,13.9844,0.0,0.0,1.0
2018-07-06,14.1,14.1,14.1,14.1,13.9943,0.0,0.0,1.0
2018-07-09,14.11,14.11,14.11,14.11,14.0043,0.0,0.0,1.0
2018-07-10,14.11,14.11,14.11,14.11,14.0043,0.0,0.0,1.0
2018-07-11,14.12,14.12,14.12,14.12,14.0142,0.0,0.0,1.0
2018-07-12,14.13,14.13,14.13,14.13,14.0241,0.0,0.0,1.0
2018-07-13,14.14,14.14,14.14,14.14,14.034,0.0,0.0,1.0
2018-07-16,14.14,14.14,14.14,14.14,14.034,0.0,0.0,1.0
2018-07-17,14.14,14.14,14.14,14.14,14.034,0.0,0.0,1.0
2018-07-18,14.09,14.09,14.09,14.09,14.037,0.0,0.053,1.0
2018-07-19,14.1,14.1,14.1,14.1,14.047,0.0,0.0,1.0
2018-07-20,14.09,14.09,14.09,14.09,14.037,0.0,0.0,1.0
2018-07-23,14.07,14.07,14.07,14.07,14.0171,0.0,0.0,1.0
2018-07-24,14.07,14.07,14.07,14.07,14.0171,0.0,0.0,1.0
2018-07-25,14.07,14.07,14.07,14.07,14.0171,0.0,0.0,1.0
2018-07-26,14.06,14.06,14.06,14.06,14.0071,0.0,0.0,1.0
2018-07-27,14.07,14.07,14.07,14.07,14.0171,0.0,0.0,1.0
2018-07-30,14.07,14.07,14.07,14.07,14.0171,0.0,0.0,1.0
2018-07-31,14.07,14.07,14.07,14.07,14.0171,0.0,0.0,1.0
2018-08-01,14.05,14.05,14.05,14.05,13.9972,0.0,0.0,1.0
2018-08-02,14.05,14.05,14.05,14.05,13.9972,0.0,0.0,1.0
2018-08-03,14.05,14.05,14.05,14.05,13.9972,0.0,0.0,1.0
2018-08-06,14.06,14.06,14.06,14.06,14.0071,0.0,0.0,1.0
2018-08-07,14.05,14.05,14.05,14.05,13.9972,0.0,0.0,1.0
2018-08-08,14.04,14.04,14.04,14.04,13.9872,0.0,0.0,1.0
2018-08-09,14.05,14.05,14.05,14.05,13.9972,0.0,0.0,1.0
2018-08-10,14.07,14.07,14.07,14.07,14.0171,0.0,0.0,1.0
2018-08-13,14.08,14.08,14.08,14.08,14.027,0.0,0.0,1.0
2018-08-14,14.07,14.07,14.07,14.07,14.0171,0.0,0.0,1.0
2018-08-15,14.09,14.09,14.09,14.09,14.037,0.0,0.0,1.0
2018-08-16,14.04,14.04,14.04,14.04,14.04,0.0,0.053,1.0
2018-08-17,14.05,14.05,14.05,14.05,14.05,0.0,0.0,1.0
2018-08-20,14.07,14.07,14.07,14.07,14.07,0.0,0.0,1.0
2018-08-21,14.07,14.07,14.07,14.07,14.07,0.0,0.0,1.0
2018-08-22,14.07,14.07,14.07,14.07,14.07,0.0,0.0,1.0
2018-08-23,14.07,14.07,14.07,14.07,14.07,0.0,0.0,1.0
2018-08-24,14.07,14.07,14.07,14.07,14.07,0.0,0.0,1.0
2018-08-27,14.07,14.07,14.07,14.07,14.07,0.0,0.0,1.0
2018-08-28,14.06,14.06,14.06,14.06,14.06,0.0,0.0,1.0
2018-08-29,14.05,14.05,14.05,14.05,14.05,0.0,0.0,1.0
2018-08-30,14.05,14.05,14.05,14.05,14.05,0.0,0.0,1.0
2018-08-31,14.06,14.06,14.06,14.06,14.06,0.0,0.0,1.0
2018-09-04,14.05,14.05,14.05,14.05,14.05,0.0,0.0,1.0
2018-09-05,14.04,14.04,14.04,14.04,14.04,0.0,0.0,1.0
2018-09-06,14.04,14.04,14.04,14.04,14.04,0.0,0.0,1.0
2018-09-07,14.01,14.01,14.01,14.01,14.01,0.0,0.0,1.0
2018-09-10,14.01,14.01,14.01,14.01,14.01,0.0,0.0,1.0
2018-09-11,13.99,13.99,13.99,13.99,13.99,0.0,0.0,1.0
2018-09-12,13.99,13.99,13.99,13.99,13.99,0.0,0.0,1.0
2018-09-13,13.99,13.99,13.99,13.99,13.99,0.0,0.0,1.0
2018-09-14,13.98,13.98,13.98,13.98,13.98,0.0,0.0,1.0
2018-09-17,13.97,13.97,13.97,13.97,13.97,0.0,0.0,1.0
2018-09-18,13.94,13.94,13.94,13.94,13.94,0.0,0.0,1.0
2018-09-20,13.86,13.86,13.86,13.86,13.86,0.0,0.0,1.0
2018-09-21,13.86,13.86,13.86,13.86,13.86,0.0,0.0,1.0
2018-09-24,13.85,13.85,13.85,13.85,13.85,0.0,0.0,1.0
2018-09-25,13.84,13.84,13.84,13.84,13.84,0.0,0.0,1.0
2018-09-26,13.84,13.84,13.84,13.84,13.84,0.0,0.0,1.0
2018-09-27,13.86,13.86,13.86,13.86,13.86,0.0,0.0,1.0
2018-09-28,13.87,13.87,13.87,13.87,13.87,0.0,0.0,1.0
