date,1. open,2. high,3. low,4. close,5. adjusted close,6. volume,7. dividend amount,8. split coefficient
2015-03-31,17.6815,17.6815,17.6815,17.6815,17.6815,0.0,0.0,1.0
2015-04-30,17.4988,17.4988,17.4988,17.4988,17.4988,0.0,0.0,1.0
2015-06-30,17.0095,17.0095,17.0095,17.0095,17.0095,0.0,0.0,1.0
2015-07-31,17.033,17.033,17.033,17.033,17.033,0.0,0.0,1.0
2015-08-31,16.0075,16.0075,16.0075,16.0075,16.0075,0.0,0.0,1.0
2015-09-30,14.4543,14.4543,14.4543,14.4543,14.4543,0.0,0.0,1.0
2015-11-30,13.6228,13.6228,13.6228,13.6228,13.6228,0.0,0.0,1.0
2015-12-31,12.5355,12.5355,12.5355,12.5355,12.5355,0.0,0.0,1.0
2016-02-29,11.1036,11.1036,11.1036,11.1036,11.1036,0.0,0.0,1.0
2016-03-31,11.8987,11.8987,11.8987,11.8987,11.8987,0.0,0.0,1.0
2016-05-31,14.93,14.93,14.93,14.93,14.93,0.0,0.0,1.0
2016-06-30,14.46,14.46,14.46,14.46,14.46,0.0,0.0,1.0
2016-07-11,14.93,14.93,14.93,14.93,14.93,0.0,0.0,1.0
2016-07-12,14.93,14.93,14.93,14.93,14.93,0.0,0.0,1.0
2016-07-13,14.93,14.93,14.93,14.93,14.93,0.0,0.0,1.0
2016-07-14,14.93,14.93,14.93,14.93,14.93,0.0,0.0,1.0
2016-07-18,14.93,14.93,14.93,14.93,14.93,0.0,0.0,1.0
2016-07-19,14.93,14.93,14.93,14.93,14.93,0.0,0.0,1.0
2016-07-20,14.93,14.93,14.93,14.93,14.93,0.0,0.0,1.0
2016-07-21,14.93,14.93,14.93,14.93,14.93,0.0,0.0,1.0
2016-07-25,14.46,14.46,14.46,14.46,14.46,0.0,0.0,1.0
2016-07-26,14.46,14.46,14.46,14.46,14.46,0.0,0.0,1.0
2016-07-27,14.46,14.46,14.46,14.46,14.46,0.0,0.0,1.0
2016-07-28,14.46,14.46,14.46,14.46,14.46,0.0,0.0,1.0
2016-08-01,14.46,14.46,14.46,14.46,14.46,0.0,0.0,1.0
2016-08-02,14.46,14.46,14.46,14.46,14.46,0.0,0.0,1.0
2016-08-03,14.46,14.46,14.46,14.46,14.46,0.0,0.0,1.0
2016-08-04,14.46,14.46,14.46,14.46,14.46,0.0,0.0,1.0
2016-08-08,14.46,14.46,14.46,14.46,14.46,0.0,0.0,1.0
2016-08-09,14.46,14.46,14.46,14.46,14.46,0.0,0.0,1.0
2016-08-10,14.46,14.46,14.46,14.46,14.46,0.0,0.0,1.0
2016-08-11,14.46,14.46,14.46,14.46,14.46,0.0,0.0,1.0
2016-08-15,14.46,14.46,14.46,14.46,14.46,0.0,0.0,1.0
2016-08-16,14.46,14.46,14.46,14.46,14.46,0.0,0.0,1.0
2016-08-17,14.46,14.46,14.46,14.46,14.46,0.0,0.0,1.0
2016-08-18,14.46,14.46,14.46,14.46,14.46,0.0,0.0,1.0
2016-08-22,14.46,14.46,14.46,14.46,14.46,0.0,0.0,1.0
2016-08-23,14.46,14.46,14.46,14.46,14.46,0.0,0.0,1.0
2016-08-24,14.46,14.46,14.46,14.46,14.46,0.0,0.0,1.0
2016-08-25,16.33,16.33,16.33,16.33,16.33,0.0,0.0,1.0
2016-08-29,16.33,16.33,16.33,16.33,16.33,0.0,0.0,1.0
2016-08-30,16.33,16.33,16.33,16.33,16.33,0.0,0.0,1.0
2016-08-31,16.72,16.72,16.72,16.72,16.72,0.0,0.0,1.0
2016-09-01,16.33,16.33,16.33,16.33,16.33,0.0,0.0,1.0
2016-09-06,16.33,16.33,16.33,16.33,16.33,0.0,0.0,1.0
2016-09-07,16.33,16.33,16.33,16.33,16.33,0.0,0.0,1.0
2016-09-08,16.33,16.33,16.33,16.33,16.33,0.0,0.0,1.0
2016-09-12,16.33,16.33,16.33,16.33,16.33,0.0,0.0,1.0
2016-09-13,16.33,16.33,16.33,16.33,16.33,0.0,0.0,1.0
2016-09-14,16.33,16.33,16.33,16.33,16.33,0.0,0.0,1.0
2016-09-15,16.33,16.33,16.33,16.33,16.33,0.0,0.0,1.0
2016-09-16,16.33,16.33,16.33,16.33,16.33,0.0,0.0,1.0
2016-09-19,16.33,16.33,16.33,16.33,16.33,0.0,0.0,1.0
2016-09-20,16.33,16.33,16.33,16.33,16.33,0.0,0.0,1.0
2016-09-21,16.33,16.33,16.33,16.33,16.33,0.0,0.0,1.0
2016-09-22,16.33,16.33,16.33,16.33,16.33,0.0,0.0,1.0
2016-09-23,16.72,16.72,16.72,16.72,16.72,0.0,0.0,1.0
2016-09-26,16.72,16.72,16.72,16.72,16.72,0.0,0.0,1.0
2016-09-27,16.72,16.72,16.72,16.72,16.72,0.0,0.0,1.0
2016-09-28,16.72,16.72,16.72,16.72,16.72,0.0,0.0,1.0
2016-09-29,16.72,16.72,16.72,16.72,16.72,0.0,0.0,1.0
2016-09-30,16.66,16.66,16.66,16.66,16.66,0.0,0.0,1.0
2016-10-04,16.72,16.72,16.72,16.72,16.72,0.0,0.0,1.0
2016-10-05,16.72,16.72,16.72,16.72,16.72,0.0,0.0,1.0
2016-10-06,16.72,16.72,16.72,16.72,16.72,0.0,0.0,1.0
2016-10-07,16.72,16.72,16.72,16.72,16.72,0.0,0.0,1.0
2016-10-10,16.72,16.72,16.72,16.72,16.72,0.0,0.0,1.0
2016-10-12,16.72,16.72,16.72,16.72,16.72,0.0,0.0,1.0
2016-10-13,16.72,16.72,16.72,16.72,16.72,0.0,0.0,1.0
2016-10-14,16.72,16.72,16.72,16.72,16.72,0.0,0.0,1.0
2016-10-17,16.72,16.72,16.72,16.72,16.72,0.0,0.0,1.0
2016-10-18,16.72,16.72,16.72,16.72,16.72,0.0,0.0,1.0
2016-10-19,16.72,16.72,16.72,16.72,16.72,0.0,0.0,1.0
2016-10-20,16.72,16.72,16.72,16.72,16.72,0.0,0.0,1.0
2016-10-21,16.72,16.72,16.72,16.72,16.72,0.0,0.0,1.0
2016-10-24,16.66,16.66,16.66,16.66,16.66,0.0,0.0,1.0
2016-10-25,16.66,16.66,16.66,16.66,16.66,0.0,0.0,1.0
2016-10-26,16.66,16.66,16.66,16.66,16.66,0.0,0.0,1.0
2016-10-27,16.66,16.66,16.66,16.66,16.66,0.0,0.0,1.0
2016-10-28,16.66,16.66,16.66,16.66,16.66,0.0,0.0,1.0
2016-10-31,17.23,17.23,17.23,17.23,17.23,0.0,0.0,1.0
2016-11-01,16.66,16.66,16.66,16.66,16.66,0.0,0.0,1.0
2016-11-02,16.66,16.66,16.66,16.66,16.66,0.0,0.0,1.0
2016-11-03,16.66,16.66,16.66,16.66,16.66,0.0,0.0,1.0
2016-11-07,16.66,16.66,16.66,16.66,16.66,0.0,0.0,1.0
2016-11-08,16.66,16.66,16.66,16.66,16.66,0.0,0.0,1.0
2016-11-09,16.66,16.66,16.66,16.66,16.66,0.0,0.0,1.0
2016-11-10,16.66,16.66,16.66,16.66,16.66,0.0,0.0,1.0
2016-11-11,16.66,16.66,16.66,16.66,16.66,0.0,0.0,1.0
2016-11-14,16.66,16.66,16.66,16.66,16.66,0.0,0.0,1.0
2016-11-15,16.66,16.66,16.66,16.66,16.66,0.0,0.0,1.0
2016-11-16,16.66,16.66,16.66,16.66,16.66,0.0,0.0,1.0
2016-11-17,16.66,16.66,16.66,16.66,16.66,0.0,0.0,1.0
2016-11-18,16.66,16.66,16.66,16.66,16.66,0.0,0.0,1.0
2016-11-21,16.66,16.66,16.66,16.66,16.66,0.0,0.0,1.0
2016-11-22,16.66,16.66,16.66,16.66,16.66,0.0,0.0,1.0
2016-11-23,16.66,16.66,16.66,16.66,16.66,0.0,0.0,1.0
2016-11-25,16.66,16.66,16.66,16.66,16.66,0.0,0.0,1.0
2016-11-28,17.23,17.23,17.23,17.23,17.23,0.0,0.0,1.0
2016-11-29,17.23,17.23,17.23,17.23,17.23,0.0,0.0,1.0
2016-11-30,17.6312,17.6312,17.6312,17.6312,17.6312,0.0,0.0,1.0
2016-12-01,17.23,17.23,17.23,17.23,17.23,0.0,0.0,1.0
2016-12-02,17.23,17.23,17.23,17.23,17.23,0.0,0.0,1.0
2016-12-05,17.23,17.23,17.23,17.23,17.23,0.0,0.0,1.0
2016-12-06,17.23,17.23,17.23,17.23,17.23,0.0,0.0,1.0
2016-12-07,17.23,17.23,17.23,17.23,17.23,0.0,0.0,1.0
2016-12-08,17.23,17.23,17.23,17.23,17.23,0.0,0.0,1.0
2016-12-09,17.23,17.23,17.23,17.23,17.23,0.0,0.0,1.0
2016-12-12,17.4,17.4,17.4,17.4,17.4,0.0,0.0,1.0
2016-12-13,17.4,17.4,17.4,17.4,17.4,0.0,0.0,1.0
2016-12-14,17.4,17.4,17.4,17.4,17.4,0.0,0.0,1.0
2016-12-15,17.4,17.4,17.4,17.4,17.4,0.0,0.0,1.0
2016-12-16,17.4,17.4,17.4,17.4,17.4,0.0,0.0,1.0
2016-12-19,17.4,17.4,17.4,17.4,17.4,0.0,0.0,1.0
2016-12-20,17.4,17.4,17.4,17.4,17.4,0.0,0.0,1.0
2016-12-21,17.4,17.4,17.4,17.4,17.4,0.0,0.0,1.0
2016-12-22,17.4,17.4,17.4,17.4,17.4,0.0,0.0,1.0
2016-12-23,17.4,17.4,17.4,17.4,17.4,0.0,0.0,1.0
2016-12-27,17.4,17.4,17.4,17.4,17.4,0.0,0.0,1.0
2016-12-28,17.4,17.4,17.4,17.4,17.4,0.0,0.0,1.0
2016-12-29,17.4,17.4,17.4,17.4,17.4,0.0,0.0,1.0
2016-12-30,17.4,17.4,17.4,17.4,17.4,0.0,0.0,1.0
2017-01-03,17.4,17.4,17.4,17.4,17.4,0.0,0.0,1.0
2017-01-04,17.4,17.4,17.4,17.4,17.4,0.0,0.0,1.0
2017-01-05,17.4,17.4,17.4,17.4,17.4,0.0,0.0,1.0
2017-01-06,17.4,17.4,17.4,17.4,17.4,0.0,0.0,1.0
2017-01-09,17.4,17.4,17.4,17.4,17.4,0.0,0.0,1.0
2017-01-10,17.4,17.4,17.4,17.4,17.4,0.0,0.0,1.0
2017-01-11,17.4,17.4,17.4,17.4,17.4,0.0,0.0,1.0
2017-01-12,17.4,17.4,17.4,17.4,17.4,0.0,0.0,1.0
2017-01-13,17.4,17.4,17.4,17.4,17.4,0.0,0.0,1.0
2017-01-17,17.4,17.4,17.4,17.4,17.4,0.0,0.0,1.0
2017-01-19,17.4,17.4,17.4,17.4,17.4,0.0,0.0,1.0
2017-01-20,17.4,17.4,17.4,17.4,17.4,0.0,0.0,1.0
2017-01-23,17.4,17.4,17.4,17.4,17.4,0.0,0.0,1.0
2017-01-24,17.4,17.4,17.4,17.4,17.4,0.0,0.0,1.0
2017-01-26,17.4,17.4,17.4,17.4,17.4,0.0,0.0,1.0
2017-01-27,17.4,17.4,17.4,17.4,17.4,0.0,0.0,1.0
2017-01-30,17.4,17.4,17.4,17.4,17.4,0.0,0.0,1.0
2017-01-31,17.78,17.78,17.78,17.78,17.78,0.0,0.0,1.0
2017-02-01,17.4,17.4,17.4,17.4,17.4,0.0,0.0,1.0
2017-02-02,17.4,17.4,17.4,17.4,17.4,0.0,0.0,1.0
2017-02-03,16.8,16.8,16.8,16.8,16.8,0.0,0.0,1.0
2017-02-06,17.48,17.48,17.48,17.48,17.48,0.0,0.0,1.0
2017-02-07,17.48,17.48,17.48,17.48,17.48,0.0,0.0,1.0
2017-02-08,17.48,17.48,17.48,17.48,17.48,0.0,0.0,1.0
2017-02-09,17.48,17.48,17.48,17.48,17.48,0.0,0.0,1.0
2017-02-10,17.48,17.48,17.48,17.48,17.48,0.0,0.0,1.0
2017-02-13,17.48,17.48,17.48,17.48,17.48,0.0,0.0,1.0
2017-02-14,17.48,17.48,17.48,17.48,17.48,0.0,0.0,1.0
2017-02-15,17.48,17.48,17.48,17.48,17.48,0.0,0.0,1.0
2017-02-16,17.48,17.48,17.48,17.48,17.48,0.0,0.0,1.0
2017-02-17,17.48,17.48,17.48,17.48,17.48,0.0,0.0,1.0
2017-02-21,17.48,17.48,17.48,17.48,17.48,0.0,0.0,1.0
2017-02-22,17.48,17.48,17.48,17.48,17.48,0.0,0.0,1.0
2017-02-23,17.48,17.48,17.48,17.48,17.48,0.0,0.0,1.0
2017-02-24,17.48,17.48,17.48,17.48,17.48,0.0,0.0,1.0
2017-02-27,17.78,17.78,17.78,17.78,17.78,0.0,0.0,1.0
2017-02-28,17.39,17.39,17.39,17.39,17.39,0.0,0.0,1.0
2017-03-01,17.78,17.78,17.78,17.78,17.78,0.0,0.0,1.0
2017-03-02,17.78,17.78,17.78,17.78,17.78,0.0,0.0,1.0
2017-03-03,17.78,17.78,17.78,17.78,17.78,0.0,0.0,1.0
2017-03-06,17.78,17.78,17.78,17.78,17.78,0.0,0.0,1.0
2017-03-07,17.78,17.78,17.78,17.78,17.78,0.0,0.0,1.0
2017-03-08,17.78,17.78,17.78,17.78,17.78,0.0,0.0,1.0
2017-03-10,17.78,17.78,17.78,17.78,17.78,0.0,0.0,1.0
2017-03-13,17.78,17.78,17.78,17.78,17.78,0.0,0.0,1.0
2017-03-14,17.78,17.78,17.78,17.78,17.78,0.0,0.0,1.0
2017-03-15,17.78,17.78,17.78,17.78,17.78,0.0,0.0,1.0
2017-03-16,17.78,17.78,17.78,17.78,17.78,0.0,0.0,1.0
2017-03-17,17.78,17.78,17.78,17.78,17.78,0.0,0.0,1.0
2017-03-20,17.78,17.78,17.78,17.78,17.78,0.0,0.0,1.0
2017-03-21,17.78,17.78,17.78,17.78,17.78,0.0,0.0,1.0
2017-03-22,17.78,17.78,17.78,17.78,17.78,0.0,0.0,1.0
2017-03-23,17.78,17.78,17.78,17.78,17.78,0.0,0.0,1.0
2017-03-27,17.39,17.39,17.39,17.39,17.39,0.0,0.0,1.0
2017-03-28,17.39,17.39,17.39,17.39,17.39,0.0,0.0,1.0
2017-03-29,17.39,17.39,17.39,17.39,17.39,0.0,0.0,1.0
2017-03-30,17.39,17.39,17.39,17.39,17.39,0.0,0.0,1.0
2017-03-31,17.1451,17.1451,17.1451,17.1451,17.1451,0.0,0.0,1.0
2017-04-03,17.39,17.39,17.39,17.39,17.39,0.0,0.0,1.0
2017-04-04,17.39,17.39,17.39,17.39,17.39,0.0,0.0,1.0
2017-04-05,17.39,17.39,17.39,17.39,17.39,0.0,0.0,1.0
2017-04-06,17.39,17.39,17.39,17.39,17.39,0.0,0.0,1.0
2017-04-07,17.39,17.39,17.39,17.39,17.39,0.0,0.0,1.0
2017-04-10,17.39,17.39,17.39,17.39,17.39,0.0,0.0,1.0
2017-04-11,17.39,17.39,17.39,17.39,17.39,0.0,0.0,1.0
2017-04-12,17.39,17.39,17.39,17.39,17.39,0.0,0.0,1.0
2017-04-13,17.39,17.39,17.39,17.39,17.39,0.0,0.0,1.0
2017-04-17,17.39,17.39,17.39,17.39,17.39,0.0,0.0,1.0
2017-04-18,17.39,17.39,17.39,17.39,17.39,0.0,0.0,1.0
2017-04-19,17.39,17.39,17.39,17.39,17.39,0.0,0.0,1.0
2017-04-20,17.39,17.39,17.39,17.39,17.39,0.0,0.0,1.0
2017-04-21,17.39,17.39,17.39,17.39,17.39,0.0,0.0,1.0
2017-04-24,17.39,17.39,17.39,17.39,17.39,0.0,0.0,1.0
2017-04-25,17.39,17.39,17.39,17.39,17.39,0.0,0.0,1.0
2017-04-26,17.39,17.39,17.39,17.39,17.39,0.0,0.0,1.0
2017-04-27,17.39,17.39,17.39,17.39,17.39,0.0,0.0,1.0
2017-04-28,17.39,17.39,17.39,17.39,17.39,0.0,0.0,1.0
2017-05-01,17.13,17.13,17.13,17.13,17.13,0.0,0.0,1.0
2017-05-02,17.13,17.13,17.13,17.13,17.13,0.0,0.0,1.0
2017-05-03,17.13,17.13,17.13,17.13,17.13,0.0,0.0,1.0
2017-05-04,17.13,17.13,17.13,17.13,17.13,0.0,0.0,1.0
2017-05-05,17.13,17.13,17.13,17.13,17.13,0.0,0.0,1.0
2017-05-09,17.13,17.13,17.13,17.13,17.13,0.0,0.0,1.0
2017-05-10,17.13,17.13,17.13,17.13,17.13,0.0,0.0,1.0
2017-05-11,17.13,17.13,17.13,17.13,17.13,0.0,0.0,1.0
2017-05-12,17.13,17.13,17.13,17.13,17.13,0.0,0.0,1.0
2017-05-15,17.13,17.13,17.13,17.13,17.13,0.0,0.0,1.0
2017-05-16,17.13,17.13,17.13,17.13,17.13,0.0,0.0,1.0
2017-05-17,17.13,17.13,17.13,17.13,17.13,0.0,0.0,1.0
2017-05-18,17.13,17.13,17.13,17.13,17.13,0.0,0.0,1.0
2017-05-19,17.13,17.13,17.13,17.13,17.13,0.0,0.0,1.0
2017-05-22,17.13,17.13,17.13,17.13,17.13,0.0,0.0,1.0
2017-05-23,17.13,17.13,17.13,17.13,17.13,0.0,0.0,1.0
2017-05-24,17.13,17.13,17.13,17.13,17.13,0.0,0.0,1.0
2017-05-25,17.13,17.13,17.13,17.13,17.13,0.0,0.0,1.0
2017-05-26,17.13,17.13,17.13,17.13,17.13,0.0,0.0,1.0
2017-05-30,17.71,17.71,17.71,17.71,17.71,0.0,0.0,1.0
2017-05-31,18.0081,18.0081,18.0081,18.0081,18.0081,0.0,0.0,1.0
2017-06-01,17.71,17.71,17.71,17.71,17.71,0.0,0.0,1.0
2017-06-02,17.71,17.71,17.71,17.71,17.71,0.0,0.0,1.0
2017-06-05,17.71,17.71,17.71,17.71,17.71,0.0,0.0,1.0
2017-06-06,17.71,17.71,17.71,17.71,17.71,0.0,0.0,1.0
2017-06-07,17.71,17.71,17.71,17.71,17.71,0.0,0.0,1.0
2017-06-08,17.71,17.71,17.71,17.71,17.71,0.0,0.0,1.0
2017-06-09,17.71,17.71,17.71,17.71,17.71,0.0,0.0,1.0
2017-06-12,17.71,17.71,17.71,17.71,17.71,0.0,0.0,1.0
2017-06-13,17.71,17.71,17.71,17.71,17.71,0.0,0.0,1.0
2017-06-14,17.71,17.71,17.71,17.71,17.71,0.0,0.0,1.0
2017-06-15,17.71,17.71,17.71,17.71,17.71,0.0,0.0,1.0
2017-06-16,17.71,17.71,17.71,17.71,17.71,0.0,0.0,1.0
2017-06-19,17.71,17.71,17.71,17.71,17.71,0.0,0.0,1.0
2017-06-20,17.71,17.71,17.71,17.71,17.71,0.0,0.0,1.0
2017-06-21,17.71,17.71,17.71,17.71,17.71,0.0,0.0,1.0
2017-06-22,17.79,17.79,17.79,17.79,17.79,0.0,0.0,1.0
2017-06-23,17.79,17.79,17.79,17.79,17.79,0.0,0.0,1.0
2017-06-26,17.79,17.79,17.79,17.79,17.79,0.0,0.0,1.0
2017-06-27,17.79,17.79,17.79,17.79,17.79,0.0,0.0,1.0
2017-06-28,17.79,17.79,17.79,17.79,17.79,0.0,0.0,1.0
2017-06-29,17.59,17.59,17.59,17.59,17.59,0.0,0.0,1.0
2017-06-30,17.5457,17.5457,17.5457,17.5457,17.5457,0.0,0.0,1.0
2017-07-03,17.79,17.79,17.79,17.79,17.79,0.0,0.0,1.0
2017-07-05,17.79,17.79,17.79,17.79,17.79,0.0,0.0,1.0
2017-07-06,17.79,17.79,17.79,17.79,17.79,0.0,0.0,1.0
2017-07-07,17.79,17.79,17.79,17.79,17.79,0.0,0.0,1.0
2017-07-10,17.79,17.79,17.79,17.79,17.79,0.0,0.0,1.0
2017-07-11,17.79,17.79,17.79,17.79,17.79,0.0,0.0,1.0
2017-07-12,17.79,17.79,17.79,17.79,17.79,0.0,0.0,1.0
2017-07-13,17.79,17.79,17.79,17.79,17.79,0.0,0.0,1.0
2017-07-14,17.79,17.79,17.79,17.79,17.79,0.0,0.0,1.0
2017-07-17,17.79,17.79,17.79,17.79,17.79,0.0,0.0,1.0
2017-07-18,17.79,17.79,17.79,17.79,17.79,0.0,0.0,1.0
2017-07-19,17.79,17.79,17.79,17.79,17.79,0.0,0.0,1.0
2017-07-20,17.79,17.79,17.79,17.79,17.79,0.0,0.0,1.0
2017-07-21,17.79,17.79,17.79,17.79,17.79,0.0,0.0,1.0
2017-07-24,17.79,17.79,17.79,17.79,17.79,0.0,0.0,1.0
2017-07-25,17.79,17.79,17.79,17.79,17.79,0.0,0.0,1.0
2017-07-26,17.79,17.79,17.79,17.79,17.79,0.0,0.0,1.0
2017-07-27,17.53,17.53,17.53,17.53,17.53,0.0,0.0,1.0
2017-07-28,17.4817,17.4817,17.4817,17.4817,17.4817,0.0,0.0,1.0
2017-07-31,17.6,17.6,17.6,17.6,17.6,0.0,0.0,1.0
2017-08-01,17.53,17.53,17.53,17.53,17.53,0.0,0.0,1.0
2017-08-02,17.53,17.53,17.53,17.53,17.53,0.0,0.0,1.0
2017-08-03,17.53,17.53,17.53,17.53,17.53,0.0,0.0,1.0
2017-08-04,17.53,17.53,17.53,17.53,17.53,0.0,0.0,1.0
2017-08-07,17.53,17.53,17.53,17.53,17.53,0.0,0.0,1.0
2017-08-08,17.53,17.53,17.53,17.53,17.53,0.0,0.0,1.0
2017-08-09,17.53,17.53,17.53,17.53,17.53,0.0,0.0,1.0
2017-08-10,17.53,17.53,17.53,17.53,17.53,0.0,0.0,1.0
2017-08-11,17.53,17.53,17.53,17.53,17.53,0.0,0.0,1.0
2017-08-14,17.53,17.53,17.53,17.53,17.53,0.0,0.0,1.0
2017-08-16,17.53,17.53,17.53,17.53,17.53,0.0,0.0,1.0
2017-08-17,17.53,17.53,17.53,17.53,17.53,0.0,0.0,1.0
2017-08-18,17.53,17.53,17.53,17.53,17.53,0.0,0.0,1.0
2017-08-21,17.53,17.53,17.53,17.53,17.53,0.0,0.0,1.0
2017-08-22,17.53,17.53,17.53,17.53,17.53,0.0,0.0,1.0
2017-08-23,17.53,17.53,17.53,17.53,17.53,0.0,0.0,1.0
2017-08-24,17.53,17.53,17.53,17.53,17.53,0.0,0.0,1.0
2017-08-25,17.53,17.53,17.53,17.53,17.53,0.0,0.0,1.0
2017-08-28,17.6,17.6,17.6,17.6,17.6,0.0,0.0,1.0
2017-08-29,17.6,17.6,17.6,17.6,17.6,0.0,0.0,1.0
2017-08-30,17.6,17.6,17.6,17.6,17.6,0.0,0.0,1.0
2017-08-31,16.989,16.989,16.989,16.989,16.989,0.0,0.0,1.0
2017-09-01,17.6,17.6,17.6,17.6,17.6,0.0,0.0,1.0
2017-09-05,17.6,17.6,17.6,17.6,17.6,0.0,0.0,1.0
2017-09-06,17.6,17.6,17.6,17.6,17.6,0.0,0.0,1.0
2017-09-07,17.6,17.6,17.6,17.6,17.6,0.0,0.0,1.0
2017-09-11,17.6,17.6,17.6,17.6,17.6,0.0,0.0,1.0
2017-09-12,17.6,17.6,17.6,17.6,17.6,0.0,0.0,1.0
2017-09-13,17.6,17.6,17.6,17.6,17.6,0.0,0.0,1.0
2017-09-14,17.6,17.6,17.6,17.6,17.6,0.0,0.0,1.0
2017-09-15,17.6,17.6,17.6,17.6,17.6,0.0,0.0,1.0
2017-09-18,17.6,17.6,17.6,17.6,17.6,0.0,0.0,1.0
2017-09-19,17.6,17.6,17.6,17.6,17.6,0.0,0.0,1.0
2017-09-20,17.6,17.6,17.6,17.6,17.6,0.0,0.0,1.0
2017-09-21,17.6,17.6,17.6,17.6,17.6,0.0,0.0,1.0
2017-09-22,17.6,17.6,17.6,17.6,17.6,0.0,0.0,1.0
2017-09-25,17.6,17.6,17.6,17.6,17.6,0.0,0.0,1.0
2017-09-26,17.6,17.6,17.6,17.6,17.6,0.0,0.0,1.0
2017-09-27,17.6,17.6,17.6,17.6,17.6,0.0,0.0,1.0
2017-09-28,16.79,16.79,16.79,16.79,16.79,0.0,0.0,1.0
2017-09-29,16.79,16.79,16.79,16.79,16.79,0.0,0.0,1.0
2017-10-02,16.79,16.79,16.79,16.79,16.79,0.0,0.0,1.0
2017-10-03,16.79,16.79,16.79,16.79,16.79,0.0,0.0,1.0
2017-10-04,16.79,16.79,16.79,16.79,16.79,0.0,0.0,1.0
2017-10-05,16.79,16.79,16.79,16.79,16.79,0.0,0.0,1.0
2017-10-06,16.79,16.79,16.79,16.79,16.79,0.0,0.0,1.0
2017-10-09,16.79,16.79,16.79,16.79,16.79,0.0,0.0,1.0
2017-10-10,16.79,16.79,16.79,16.79,16.79,0.0,0.0,1.0
2017-10-11,16.79,16.79,16.79,16.79,16.79,0.0,0.0,1.0
2017-10-12,16.79,16.79,16.79,16.79,16.79,0.0,0.0,1.0
2017-10-13,16.79,16.79,16.79,16.79,16.79,0.0,0.0,1.0
2017-10-16,16.79,16.79,16.79,16.79,16.79,0.0,0.0,1.0
2017-10-17,16.79,16.79,16.79,16.79,16.79,0.0,0.0,1.0
2017-10-18,16.79,16.79,16.79,16.79,16.79,0.0,0.0,1.0
2017-10-19,16.79,16.79,16.79,16.79,16.79,0.0,0.0,1.0
2017-10-20,16.79,16.79,16.79,16.79,16.79,0.0,0.0,1.0
2017-10-23,16.79,16.79,16.79,16.79,16.79,0.0,0.0,1.0
2017-10-24,16.79,16.79,16.79,16.79,16.79,0.0,0.0,1.0
2017-10-25,16.79,16.79,16.79,16.79,16.79,0.0,0.0,1.0
2017-10-26,16.67,16.67,16.67,16.67,16.67,0.0,0.0,1.0
2017-10-27,16.67,16.67,16.67,16.67,16.67,0.0,0.0,1.0
2017-10-30,16.67,16.67,16.67,16.67,16.67,0.0,0.0,1.0
2017-10-31,17.1786,17.1786,17.1786,17.1786,17.1786,0.0,0.0,1.0
2017-11-01,16.67,16.67,16.67,16.67,16.67,0.0,0.0,1.0
2017-11-02,16.67,16.67,16.67,16.67,16.67,0.0,0.0,1.0
2017-11-06,16.67,16.67,16.67,16.67,16.67,0.0,0.0,1.0
2017-11-07,16.67,16.67,16.67,16.67,16.67,0.0,0.0,1.0
2017-11-08,16.67,16.67,16.67,16.67,16.67,0.0,0.0,1.0
2017-11-09,16.67,16.67,16.67,16.67,16.67,0.0,0.0,1.0
2017-11-10,16.67,16.67,16.67,16.67,16.67,0.0,0.0,1.0
2017-11-13,16.67,16.67,16.67,16.67,16.67,0.0,0.0,1.0
2017-11-14,16.67,16.67,16.67,16.67,16.67,0.0,0.0,1.0
2017-11-15,16.67,16.67,16.67,16.67,16.67,0.0,0.0,1.0
2017-11-16,16.67,16.67,16.67,16.67,16.67,0.0,0.0,1.0
2017-11-17,16.67,16.67,16.67,16.67,16.67,0.0,0.0,1.0
2017-11-20,16.67,16.67,16.67,16.67,16.67,0.0,0.0,1.0
2017-11-21,16.67,16.67,16.67,16.67,16.67,0.0,0.0,1.0
2017-11-22,16.67,16.67,16.67,16.67,16.67,0.0,0.0,1.0
2017-11-24,16.67,16.67,16.67,16.67,16.67,0.0,0.0,1.0
2017-11-27,16.99,16.99,16.99,16.99,16.99,0.0,0.0,1.0
2017-11-28,16.99,16.99,16.99,16.99,16.99,0.0,0.0,1.0
2017-11-29,16.99,16.99,16.99,16.99,16.99,0.0,0.0,1.0
2017-11-30,16.97,16.97,16.97,16.97,16.97,0.0,0.0,1.0
2017-12-01,16.99,16.99,16.99,16.99,16.99,0.0,0.0,1.0
2017-12-04,16.99,16.99,16.99,16.99,16.99,0.0,0.0,1.0
2017-12-05,16.99,16.99,16.99,16.99,16.99,0.0,0.0,1.0
2017-12-06,16.99,16.99,16.99,16.99,16.99,0.0,0.0,1.0
2017-12-07,16.99,16.99,16.99,16.99,16.99,0.0,0.0,1.0
2017-12-08,16.99,16.99,16.99,16.99,16.99,0.0,0.0,1.0
2017-12-11,16.99,16.99,16.99,16.99,16.99,0.0,0.0,1.0
2017-12-12,16.99,16.99,16.99,16.99,16.99,0.0,0.0,1.0
2017-12-13,16.99,16.99,16.99,16.99,16.99,0.0,0.0,1.0
2017-12-14,16.99,16.99,16.99,16.99,16.99,0.0,0.0,1.0
2017-12-15,16.99,16.99,16.99,16.99,16.99,0.0,0.0,1.0
2017-12-18,16.99,16.99,16.99,16.99,16.99,0.0,0.0,1.0
2017-12-20,16.99,16.99,16.99,16.99,16.99,0.0,0.0,1.0
2017-12-21,16.99,16.99,16.99,16.99,16.99,0.0,0.0,1.0
2017-12-22,16.99,16.99,16.99,16.99,16.99,0.0,0.0,1.0
2017-12-26,16.97,16.97,16.97,16.97,16.97,0.0,0.0,1.0
2017-12-27,16.97,16.97,16.97,16.97,16.97,0.0,0.0,1.0
2017-12-28,16.97,16.97,16.97,16.97,16.97,0.0,0.0,1.0
2017-12-29,16.97,16.97,16.97,16.97,16.97,0.0,0.0,1.0
2018-01-02,16.97,16.97,16.97,16.97,16.97,0.0,0.0,1.0
2018-01-03,16.97,16.97,16.97,16.97,16.97,0.0,0.0,1.0
2018-01-04,16.97,16.97,16.97,16.97,16.97,0.0,0.0,1.0
2018-01-05,16.97,16.97,16.97,16.97,16.97,0.0,0.0,1.0
2018-01-08,16.97,16.97,16.97,16.97,16.97,0.0,0.0,1.0
2018-01-09,16.97,16.97,16.97,16.97,16.97,0.0,0.0,1.0
2018-01-10,16.97,16.97,16.97,16.97,16.97,0.0,0.0,1.0
2018-01-11,16.97,16.97,16.97,16.97,16.97,0.0,0.0,1.0
2018-01-12,16.97,16.97,16.97,16.97,16.97,0.0,0.0,1.0
2018-01-16,16.97,16.97,16.97,16.97,16.97,0.0,0.0,1.0
2018-01-17,16.97,16.97,16.97,16.97,16.97,0.0,0.0,1.0
2018-01-18,16.97,16.97,16.97,16.97,16.97,0.0,0.0,1.0
2018-01-19,16.97,16.97,16.97,16.97,16.97,0.0,0.0,1.0
2018-01-22,16.97,16.97,16.97,16.97,16.97,0.0,0.0,1.0
2018-01-23,16.97,16.97,16.97,16.97,16.97,0.0,0.0,1.0
2018-01-24,16.97,16.97,16.97,16.97,16.97,0.0,0.0,1.0
2018-01-25,16.97,16.97,16.97,16.97,16.97,0.0,0.0,1.0
2018-01-26,16.97,16.97,16.97,16.97,16.97,0.0,0.0,1.0
2018-01-29,16.97,16.97,16.97,16.97,16.97,0.0,0.0,1.0
2018-01-30,16.97,16.97,16.97,16.97,16.97,0.0,0.0,1.0
2018-01-31,19.5199,19.5199,19.5199,19.5199,19.5199,0.0,0.0,1.0
2018-02-01,16.97,16.97,16.97,16.97,16.97,0.0,0.0,1.0
2018-02-02,16.97,16.97,16.97,16.97,16.97,0.0,0.0,1.0
2018-02-05,16.97,16.97,16.97,16.97,16.97,0.0,0.0,1.0
2018-02-06,16.97,16.97,16.97,16.97,16.97,0.0,0.0,1.0
2018-02-07,16.97,16.97,16.97,16.97,16.97,0.0,0.0,1.0
2018-02-08,16.97,16.97,16.97,16.97,16.97,0.0,0.0,1.0
2018-02-09,16.97,16.97,16.97,16.97,16.97,0.0,0.0,1.0
2018-02-12,16.97,16.97,16.97,16.97,16.97,0.0,0.0,1.0
2018-02-13,16.97,16.97,16.97,16.97,16.97,0.0,0.0,1.0
2018-02-14,16.97,16.97,16.97,16.97,16.97,0.0,0.0,1.0
2018-02-15,16.97,16.97,16.97,16.97,16.97,0.0,0.0,1.0
2018-02-16,16.97,16.97,16.97,16.97,16.97,0.0,0.0,1.0
2018-02-20,16.97,16.97,16.97,16.97,16.97,0.0,0.0,1.0
2018-02-21,16.97,16.97,16.97,16.97,16.97,0.0,0.0,1.0
2018-02-22,16.77,16.77,16.77,16.77,16.77,0.0,0.0,1.0
2018-02-23,16.77,16.77,16.77,16.77,16.77,0.0,0.0,1.0
2018-02-26,16.77,16.77,16.77,16.77,16.77,0.0,0.0,1.0
2018-02-27,16.77,16.77,16.77,16.77,16.77,0.0,0.0,1.0
2018-02-28,17.0583,17.0583,17.0583,17.0583,17.0583,0.0,0.0,1.0
2018-03-01,16.77,16.77,16.77,16.77,16.77,0.0,0.0,1.0
2018-03-05,16.77,16.77,16.77,16.77,16.77,0.0,0.0,1.0
2018-03-06,16.77,16.77,16.77,16.77,16.77,0.0,0.0,1.0
2018-03-07,16.77,16.77,16.77,16.77,16.77,0.0,0.0,1.0
2018-03-08,16.77,16.77,16.77,16.77,16.77,0.0,0.0,1.0
2018-03-09,17.17,17.17,17.17,17.17,17.17,0.0,0.0,1.0
2018-03-12,17.17,17.17,17.17,17.17,17.17,0.0,0.0,1.0
2018-03-13,17.17,17.17,17.17,17.17,17.17,0.0,0.0,1.0
2018-03-14,17.17,17.17,17.17,17.17,17.17,0.0,0.0,1.0
2018-03-15,17.17,17.17,17.17,17.17,17.17,0.0,0.0,1.0
2018-03-16,17.17,17.17,17.17,17.17,17.17,0.0,0.0,1.0
2018-03-19,17.17,17.17,17.17,17.17,17.17,0.0,0.0,1.0
2018-03-20,17.17,17.17,17.17,17.17,17.17,0.0,0.0,1.0
2018-03-21,17.17,17.17,17.17,17.17,17.17,0.0,0.0,1.0
2018-03-22,17.17,17.17,17.17,17.17,17.17,0.0,0.0,1.0
2018-03-26,17.17,17.17,17.17,17.17,17.17,0.0,0.0,1.0
2018-03-27,17.17,17.17,17.17,17.17,17.17,0.0,0.0,1.0
2018-03-28,17.17,17.17,17.17,17.17,17.17,0.0,0.0,1.0
2018-03-29,8.4659,8.4659,8.4659,8.4659,8.4659,0.0,0.0,1.0
2018-04-02,16.9318,16.9318,16.9318,16.9318,16.9318,0.0,0.0,1.0
2018-04-03,16.9318,16.9318,16.9318,16.9318,16.9318,0.0,0.0,1.0
2018-04-04,16.8217,16.8217,16.8217,16.8217,16.8217,0.0,0.0,1.0
2018-04-05,16.8217,16.8217,16.8217,16.8217,16.8217,0.0,0.0,1.0
2018-04-06,16.8217,16.8217,16.8217,16.8217,16.8217,0.0,0.0,1.0
2018-04-09,16.8217,16.8217,16.8217,16.8217,16.8217,0.0,0.0,1.0
2018-04-10,16.8217,16.8217,16.8217,16.8217,16.8217,0.0,0.0,1.0
2018-04-11,16.8217,16.8217,16.8217,16.8217,16.8217,0.0,0.0,1.0
2018-04-12,16.8217,16.8217,16.8217,16.8217,16.8217,0.0,0.0,1.0
2018-04-13,16.8217,16.8217,16.8217,16.8217,16.8217,0.0,0.0,1.0
2018-04-16,16.8217,16.8217,16.8217,16.8217,16.8217,0.0,0.0,1.0
2018-04-17,16.8217,16.8217,16.8217,16.8217,16.8217,0.0,0.0,1.0
2018-04-18,16.8217,16.8217,16.8217,16.8217,16.8217,0.0,0.0,1.0
2018-04-19,16.8217,16.8217,16.8217,16.8217,16.8217,0.0,0.0,1.0
2018-04-20,16.8217,16.8217,16.8217,16.8217,16.8217,0.0,0.0,1.0
2018-04-23,16.8217,16.8217,16.8217,16.8217,16.8217,0.0,0.0,1.0
2018-04-24,16.8217,16.8217,16.8217,16.8217,16.8217,0.0,0.0,1.0
2018-04-25,16.8217,16.8217,16.8217,16.8217,16.8217,0.0,0.0,1.0
2018-04-26,16.8217,16.8217,16.8217,16.8217,16.8217,0.0,0.0,1.0
2018-04-27,16.8217,16.8217,16.8217,16.8217,16.8217,0.0,0.0,1.0
2018-04-30,16.76,16.76,16.76,16.76,16.76,0.0,0.0,1.0
2018-05-01,16.8175,16.8175,16.8175,16.8175,16.8175,0.0,0.0,1.0
2018-05-02,16.8175,16.8175,16.8175,16.8175,16.8175,0.0,0.0,1.0
2018-05-03,16.8175,16.8175,16.8175,16.8175,16.8175,0.0,0.0,1.0
2018-05-04,16.8175,16.8175,16.8175,16.8175,16.8175,0.0,0.0,1.0
2018-05-07,16.8175,16.8175,16.8175,16.8175,16.8175,0.0,0.0,1.0
2018-05-08,16.8175,16.8175,16.8175,16.8175,16.8175,0.0,0.0,1.0
2018-05-09,16.8175,16.8175,16.8175,16.8175,16.8175,0.0,0.0,1.0
2018-05-10,16.8175,16.8175,16.8175,16.8175,16.8175,0.0,0.0,1.0
2018-05-11,16.8175,16.8175,16.8175,16.8175,16.8175,0.0,0.0,1.0
2018-05-14,16.8175,16.8175,16.8175,16.8175,16.8175,0.0,0.0,1.0
2018-05-15,16.8175,16.8175,16.8175,16.8175,16.8175,0.0,0.0,1.0
2018-05-17,16.8175,16.8175,16.8175,16.8175,16.8175,0.0,0.0,1.0
2018-05-18,8.4087,8.4087,8.4087,8.4087,8.4087,0.0,0.0,1.0
2018-05-21,8.2211,8.2211,8.2211,8.2211,8.2211,0.0,0.0,1.0
2018-05-22,8.2211,8.2211,8.2211,8.2211,8.2211,0.0,0.0,1.0
2018-05-23,8.2211,8.2211,8.2211,8.2211,8.2211,0.0,0.0,1.0
2018-05-24,8.2211,8.2211,8.2211,8.2211,8.2211,0.0,0.0,1.0
2018-05-25,8.2211,8.2211,8.2211,8.2211,8.2211,0.0,0.0,1.0
2018-05-29,8.2211,8.2211,8.2211,8.2211,8.2211,0.0,0.0,1.0
2018-05-30,8.38,8.38,8.38,8.38,8.38,0.0,0.0,1.0
2018-05-31,16.67,16.67,16.67,16.67,16.67,0.0,0.0,1.0
2018-06-01,16.4818,16.4818,16.4818,16.4818,16.4818,0.0,0.0,1.0
2018-06-04,16.4818,16.4818,16.4818,16.4818,16.4818,0.0,0.0,1.0
2018-06-05,16.4818,16.4818,16.4818,16.4818,16.4818,0.0,0.0,1.0
2018-06-06,16.4818,16.4818,16.4818,16.4818,16.4818,0.0,0.0,1.0
2018-06-07,16.4818,16.4818,16.4818,16.4818,16.4818,0.0,0.0,1.0
2018-06-08,16.4818,16.4818,16.4818,16.4818,16.4818,0.0,0.0,1.0
2018-06-11,16.4818,16.4818,16.4818,16.4818,16.4818,0.0,0.0,1.0
2018-06-12,16.4818,16.4818,16.4818,16.4818,16.4818,0.0,0.0,1.0
2018-06-13,16.4818,16.4818,16.4818,16.4818,16.4818,0.0,0.0,1.0
2018-06-14,16.4818,16.4818,16.4818,16.4818,16.4818,0.0,0.0,1.0
2018-06-15,16.4818,16.4818,16.4818,16.4818,16.4818,0.0,0.0,1.0
2018-06-18,16.4818,16.4818,16.4818,16.4818,16.4818,0.0,0.0,1.0
2018-06-19,16.4818,16.4818,16.4818,16.4818,16.4818,0.0,0.0,1.0
2018-06-20,16.4818,16.4818,16.4818,16.4818,16.4818,0.0,0.0,1.0
2018-06-21,16.4818,16.4818,16.4818,16.4818,16.4818,0.0,0.0,1.0
2018-06-22,16.4818,16.4818,16.4818,16.4818,16.4818,0.0,0.0,1.0
2018-06-25,16.4818,16.4818,16.4818,16.4818,16.4818,0.0,0.0,1.0
2018-06-26,16.4818,16.4818,16.4818,16.4818,16.4818,0.0,0.0,1.0
2018-06-27,16.4818,16.4818,16.4818,16.4818,16.4818,0.0,0.0,1.0
2018-06-28,16.4818,16.4818,16.4818,16.4818,16.4818,0.0,0.0,1.0
2018-06-29,16.4818,16.4818,16.4818,16.4818,16.4818,0.0,0.0,1.0
2018-07-02,8.2409,8.2409,8.2409,8.2409,8.2409,0.0,0.0,1.0
2018-07-03,8.2409,8.2409,8.2409,8.2409,8.2409,0.0,0.0,1.0
2018-07-05,8.2409,8.2409,8.2409,8.2409,8.2409,0.0,0.0,1.0
2018-07-06,8.2409,8.2409,8.2409,8.2409,8.2409,0.0,0.0,1.0
2018-07-09,8.2409,8.2409,8.2409,8.2409,8.2409,0.0,0.0,1.0
2018-07-10,8.2409,8.2409,8.2409,8.2409,8.2409,0.0,0.0,1.0
2018-07-11,8.2409,8.2409,8.2409,8.2409,8.2409,0.0,0.0,1.0
2018-07-12,8.2409,8.2409,8.2409,8.2409,8.2409,0.0,0.0,1.0
2018-07-13,8.2409,8.2409,8.2409,8.2409,8.2409,0.0,0.0,1.0
2018-07-16,8.335,8.335,8.335,8.335,8.335,0.0,0.0,1.0
2018-07-17,8.335,8.335,8.335,8.335,8.335,0.0,0.0,1.0
2018-07-18,8.335,8.335,8.335,8.335,8.335,0.0,0.0,1.0
2018-07-19,8.335,8.335,8.335,8.335,8.335,0.0,0.0,1.0
2018-07-20,8.335,8.335,8.335,8.335,8.335,0.0,0.0,1.0
2018-07-23,8.335,8.335,8.335,8.335,8.335,0.0,0.0,1.0
2018-07-24,8.335,8.335,8.335,8.335,8.335,0.0,0.0,1.0
2018-07-25,8.335,8.335,8.335,8.335,8.335,0.0,0.0,1.0
2018-07-26,8.335,8.335,8.335,8.335,8.335,0.0,0.0,1.0
2018-07-27,8.335,8.335,8.335,8.335,8.335,0.0,0.0,1.0
2018-07-30,8.335,8.335,8.335,8.335,8.335,0.0,0.0,1.0
2018-07-31,8.4543,8.4543,8.4543,8.4543,8.4543,0.0,0.0,1.0
2018-08-01,16.4546,16.4546,16.4546,16.4546,16.4546,0.0,0.0,1.0
2018-08-02,16.4546,16.4546,16.4546,16.4546,16.4546,0.0,0.0,1.0
2018-08-03,16.4546,16.4546,16.4546,16.4546,16.4546,0.0,0.0,1.0
2018-08-06,16.4546,16.4546,16.4546,16.4546,16.4546,0.0,0.0,1.0
2018-08-07,16.4546,16.4546,16.4546,16.4546,16.4546,0.0,0.0,1.0
2018-08-08,16.4546,16.4546,16.4546,16.4546,16.4546,0.0,0.0,1.0
2018-08-09,16.4546,16.4546,16.4546,16.4546,16.4546,0.0,0.0,1.0
2018-08-10,16.4546,16.4546,16.4546,16.4546,16.4546,0.0,0.0,1.0
2018-08-13,16.4546,16.4546,16.4546,16.4546,16.4546,0.0,0.0,1.0
2018-08-14,16.4546,16.4546,16.4546,16.4546,16.4546,0.0,0.0,1.0
2018-08-16,16.4546,16.4546,16.4546,16.4546,16.4546,0.0,0.0,1.0
2018-08-17,16.4546,16.4546,16.4546,16.4546,16.4546,0.0,0.0,1.0
2018-08-20,16.4546,16.4546,16.4546,16.4546,16.4546,0.0,0.0,1.0
2018-08-21,16.4546,16.4546,16.4546,16.4546,16.4546,0.0,0.0,1.0
2018-08-22,16.4546,16.4546,16.4546,16.4546,16.4546,0.0,0.0,1.0
2018-08-23,16.4546,16.4546,16.4546,16.4546,16.4546,0.0,0.0,1.0
2018-08-24,16.4546,16.4546,16.4546,16.4546,16.4546,0.0,0.0,1.0
2018-08-27,16.4546,16.4546,16.4546,16.4546,16.4546,0.0,0.0,1.0
2018-08-28,16.2966,16.2966,16.2966,16.2966,16.2966,0.0,0.0,1.0
2018-08-29,16.2966,16.2966,16.2966,16.2966,16.2966,0.0,0.0,1.0
2018-08-30,16.2966,16.2966,16.2966,16.2966,16.2966,0.0,0.0,1.0
2018-08-31,17.1505,17.1505,17.1505,17.1505,17.1505,0.0,0.0,1.0
2018-09-04,16.69,16.69,16.69,16.69,16.69,0.0,0.0,1.0
2018-09-05,16.69,16.69,16.69,16.69,16.69,0.0,0.0,1.0
2018-09-06,16.69,16.69,16.69,16.69,16.69,0.0,0.0,1.0
2018-09-07,16.69,16.69,16.69,16.69,16.69,0.0,0.0,1.0
2018-09-10,16.69,16.69,16.69,16.69,16.69,0.0,0.0,1.0
2018-09-11,16.69,16.69,16.69,16.69,16.69,0.0,0.0,1.0
2018-09-12,16.69,16.69,16.69,16.69,16.69,0.0,0.0,1.0
2018-09-13,16.69,16.69,16.69,16.69,16.69,0.0,0.0,1.0
2018-09-14,16.69,16.69,16.69,16.69,16.69,0.0,0.0,1.0
2018-09-17,17.1505,17.1505,17.1505,17.1505,17.1505,0.0,0.0,1.0
2018-09-18,17.1505,17.1505,17.1505,17.1505,17.1505,0.0,0.0,1.0
2018-09-19,17.1505,17.1505,17.1505,17.1505,17.1505,0.0,0.0,1.0
2018-09-20,17.1505,17.1505,17.1505,17.1505,17.1505,0.0,0.0,1.0
2018-09-21,17.1505,17.1505,17.1505,17.1505,17.1505,0.0,0.0,1.0
2018-09-24,17.1505,17.1505,17.1505,17.1505,17.1505,0.0,0.0,1.0
2018-09-25,17.1505,17.1505,17.1505,17.1505,17.1505,0.0,0.0,1.0
2018-09-26,17.1505,17.1505,17.1505,17.1505,17.1505,0.0,0.0,1.0
2018-09-27,17.1505,17.1505,17.1505,17.1505,17.1505,0.0,0.0,1.0
2018-09-28,17.1505,17.1505,17.1505,17.1505,17.1505,0.0,0.0,1.0
2018-10-01,17.1505,17.1505,17.1505,17.1505,17.1505,0.0,0.0,1.0
2018-10-02,17.1505,17.1505,17.1505,17.1505,17.1505,0.0,0.0,1.0
2018-10-03,17.1505,17.1505,17.1505,17.1505,17.1505,0.0,0.0,1.0
2018-10-04,17.1505,17.1505,17.1505,17.1505,17.1505,0.0,0.0,1.0
2018-10-05,17.1505,17.1505,17.1505,17.1505,17.1505,0.0,0.0,1.0
2018-10-08,17.1505,17.1505,17.1505,17.1505,17.1505,0.0,0.0,1.0
