date,1. open,2. high,3. low,4. close,5. adjusted close,6. volume,7. dividend amount,8. split coefficient
2013-01-31,17.124,17.124,17.124,17.124,14.7834,0.0,0.0,1.0
2013-02-28,17.1149,17.1149,17.1149,17.1149,14.7756,0.0,0.0,1.0
2013-04-30,17.3319,17.3319,17.3319,17.3319,14.9629,0.0,0.0,1.0
2013-05-31,17.124,17.124,17.124,17.124,14.7834,0.0,0.0,1.0
2013-07-31,18.7,18.7,18.7,18.7,16.144,0.0,0.0,1.0
2013-09-30,18.66,18.66,18.66,18.66,16.1095,0.0,0.0,1.0
2013-10-31,18.88,18.88,18.88,18.88,16.2994,0.0,0.0,1.0
2013-12-31,18.79,18.79,18.79,18.79,16.2217,0.0,0.0,1.0
2014-01-31,18.83,18.83,18.83,18.83,16.2562,0.0,0.0,1.0
2014-02-28,18.95,18.95,18.95,18.95,16.3598,0.0,0.0,1.0
2014-03-31,18.89,18.89,18.89,18.89,16.308,0.0,0.0,1.0
2014-04-30,18.86,18.86,18.86,18.86,16.2821,0.0,0.0,1.0
2014-06-30,18.8,18.8,18.8,18.8,16.2303,0.0,0.0,1.0
2014-07-31,18.45,18.45,18.45,18.45,15.9282,0.0,0.0,1.0
2014-09-30,17.97,17.97,17.97,17.97,15.5138,0.0,0.0,1.0
2014-10-31,18.04,18.04,18.04,18.04,15.5742,0.0,0.0,1.0
2014-12-31,17.17,17.17,17.17,17.17,14.8231,0.0,0.0,1.0
2015-03-31,17.36,17.36,17.36,17.36,14.9872,0.0,0.0,1.0
2015-04-30,17.41,17.41,17.41,17.41,15.0303,0.0,0.0,1.0
2015-06-30,17.18,17.18,17.18,17.18,14.8318,0.0,0.0,1.0
2015-07-31,17.07,17.07,17.07,17.07,14.7368,0.0,0.0,1.0
2015-08-31,16.78,16.78,16.78,16.78,14.4864,0.0,0.0,1.0
2015-09-30,16.4,16.4,16.4,16.4,14.1584,0.0,0.0,1.0
2015-11-30,16.43,16.43,16.43,16.43,14.1843,0.0,0.0,1.0
2015-12-31,16.04,16.04,16.04,16.04,13.8476,0.0,0.0,1.0
2016-02-29,15.87,15.87,15.87,15.87,13.7008,0.0,0.0,1.0
2016-03-31,16.16,16.16,16.16,16.16,13.9512,0.0,0.0,1.0
2016-05-31,16.46,16.46,16.46,16.46,14.2102,0.0,0.0,1.0
2016-06-30,16.37,16.37,16.37,16.37,14.1325,0.0,0.0,1.0
2016-07-11,16.6,16.6,16.6,16.6,14.331,0.0,0.0,1.0
2016-07-12,16.66,16.66,16.66,16.66,14.3828,0.0,0.0,1.0
2016-07-13,16.53,16.53,16.53,16.53,14.3656,0.0,0.11,1.0
2016-07-14,16.56,16.56,16.56,16.56,14.3916,0.0,0.0,1.0
2016-07-15,16.56,16.56,16.56,16.56,14.3916,0.0,0.0,1.0
2016-07-18,16.56,16.56,16.56,16.56,14.3916,0.0,0.0,1.0
2016-07-19,16.56,16.56,16.56,16.56,14.3916,0.0,0.0,1.0
2016-07-20,16.58,16.58,16.58,16.58,14.409,0.0,0.0,1.0
2016-07-21,16.59,16.59,16.59,16.59,14.4177,0.0,0.0,1.0
2016-07-22,16.6,16.6,16.6,16.6,14.4264,0.0,0.0,1.0
2016-07-25,16.6,16.6,16.6,16.6,14.4264,0.0,0.0,1.0
2016-07-26,16.59,16.59,16.59,16.59,14.4177,0.0,0.0,1.0
2016-07-27,16.58,16.58,16.58,16.58,14.409,0.0,0.0,1.0
2016-07-28,16.58,16.58,16.58,16.58,14.409,0.0,0.0,1.0
2016-07-29,16.58,16.58,16.58,16.58,14.409,0.0,0.0,1.0
2016-08-01,16.58,16.58,16.58,16.58,14.409,0.0,0.0,1.0
2016-08-02,16.57,16.57,16.57,16.57,14.4003,0.0,0.0,1.0
2016-08-03,16.56,16.56,16.56,16.56,14.3916,0.0,0.0,1.0
2016-08-04,16.61,16.61,16.61,16.61,14.4351,0.0,0.0,1.0
2016-08-05,16.64,16.64,16.64,16.64,14.4612,0.0,0.0,1.0
2016-08-08,16.66,16.66,16.66,16.66,14.4785,0.0,0.0,1.0
2016-08-09,16.7,16.7,16.7,16.7,14.5133,0.0,0.0,1.0
2016-08-10,16.71,16.71,16.71,16.71,14.522,0.0,0.0,1.0
2016-08-11,16.7,16.7,16.7,16.7,14.5133,0.0,0.0,1.0
2016-08-12,16.71,16.71,16.71,16.71,14.522,0.0,0.0,1.0
2016-08-15,16.73,16.73,16.73,16.73,14.5394,0.0,0.0,1.0
2016-08-16,16.74,16.74,16.74,16.74,14.5481,0.0,0.0,1.0
2016-08-17,16.64,16.64,16.64,16.64,14.5568,0.0,0.11,1.0
2016-08-19,16.65,16.65,16.65,16.65,14.5655,0.0,0.0,1.0
2016-08-22,16.66,16.66,16.66,16.66,14.5743,0.0,0.0,1.0
2016-08-23,16.67,16.67,16.67,16.67,14.583,0.0,0.0,1.0
2016-08-24,16.68,16.68,16.68,16.68,14.5917,0.0,0.0,1.0
2016-08-25,16.68,16.68,16.68,16.68,14.5917,0.0,0.0,1.0
2016-08-26,16.7,16.7,16.7,16.7,14.6092,0.0,0.0,1.0
2016-08-29,16.71,16.71,16.71,16.71,14.618,0.0,0.0,1.0
2016-08-30,16.72,16.72,16.72,16.72,14.6267,0.0,0.0,1.0
2016-08-31,16.72,16.72,16.72,16.72,14.6267,0.0,0.0,1.0
2016-09-01,16.71,16.71,16.71,16.71,14.618,0.0,0.0,1.0
2016-09-02,16.73,16.73,16.73,16.73,14.6355,0.0,0.0,1.0
2016-09-06,16.75,16.75,16.75,16.75,14.653,0.0,0.0,1.0
2016-09-07,16.76,16.76,16.76,16.76,14.6617,0.0,0.0,1.0
2016-09-08,16.77,16.77,16.77,16.77,14.6705,0.0,0.0,1.0
2016-09-09,16.73,16.73,16.73,16.73,14.6355,0.0,0.0,1.0
2016-09-12,16.7,16.7,16.7,16.7,14.6092,0.0,0.0,1.0
2016-09-13,16.67,16.67,16.67,16.67,14.583,0.0,0.0,1.0
2016-09-14,16.57,16.57,16.57,16.57,14.583,0.0,0.1,1.0
2016-09-15,16.58,16.58,16.58,16.58,14.5918,0.0,0.0,1.0
2016-09-16,16.58,16.58,16.58,16.58,14.5918,0.0,0.0,1.0
2016-09-19,16.6,16.6,16.6,16.6,14.6094,0.0,0.0,1.0
2016-09-20,16.61,16.61,16.61,16.61,14.6182,0.0,0.0,1.0
2016-09-21,16.63,16.63,16.63,16.63,14.6358,0.0,0.0,1.0
2016-09-22,16.68,16.68,16.68,16.68,14.6798,0.0,0.0,1.0
2016-09-23,16.69,16.69,16.69,16.69,14.6886,0.0,0.0,1.0
2016-09-26,16.68,16.68,16.68,16.68,14.6798,0.0,0.0,1.0
2016-09-27,16.68,16.68,16.68,16.68,14.6798,0.0,0.0,1.0
2016-09-28,16.69,16.69,16.69,16.69,14.6886,0.0,0.0,1.0
2016-09-29,16.71,16.71,16.71,16.71,14.7062,0.0,0.0,1.0
2016-09-30,16.71,16.71,16.71,16.71,14.7062,0.0,0.0,1.0
2016-10-04,16.73,16.73,16.73,16.73,14.7238,0.0,0.0,1.0
2016-10-05,16.75,16.75,16.75,16.75,14.7414,0.0,0.0,1.0
2016-10-06,16.75,16.75,16.75,16.75,14.7414,0.0,0.0,1.0
2016-10-07,16.76,16.76,16.76,16.76,14.7502,0.0,0.0,1.0
2016-10-10,16.76,16.76,16.76,16.76,14.7502,0.0,0.0,1.0
2016-10-12,16.67,16.67,16.67,16.67,14.759,0.0,0.1,1.0
2016-10-13,16.66,16.66,16.66,16.66,14.7502,0.0,0.0,1.0
2016-10-14,16.68,16.68,16.68,16.68,14.7679,0.0,0.0,1.0
2016-10-17,16.68,16.68,16.68,16.68,14.7679,0.0,0.0,1.0
2016-10-18,16.7,16.7,16.7,16.7,14.7856,0.0,0.0,1.0
2016-10-19,16.71,16.71,16.71,16.71,14.7944,0.0,0.0,1.0
2016-10-20,16.72,16.72,16.72,16.72,14.8033,0.0,0.0,1.0
2016-10-21,16.74,16.74,16.74,16.74,14.821,0.0,0.0,1.0
2016-10-24,16.74,16.74,16.74,16.74,14.821,0.0,0.0,1.0
2016-10-25,16.75,16.75,16.75,16.75,14.8298,0.0,0.0,1.0
2016-10-26,16.72,16.72,16.72,16.72,14.8033,0.0,0.0,1.0
2016-10-27,16.68,16.68,16.68,16.68,14.7679,0.0,0.0,1.0
2016-10-28,16.67,16.67,16.67,16.67,14.759,0.0,0.0,1.0
2016-10-31,16.63,16.63,16.63,16.63,14.7236,0.0,0.0,1.0
2016-11-01,16.59,16.59,16.59,16.59,14.6882,0.0,0.0,1.0
2016-11-02,16.56,16.56,16.56,16.56,14.6616,0.0,0.0,1.0
2016-11-03,16.56,16.56,16.56,16.56,14.6616,0.0,0.0,1.0
2016-11-04,16.55,16.55,16.55,16.55,14.6528,0.0,0.0,1.0
2016-11-07,16.6,16.6,16.6,16.6,14.697,0.0,0.0,1.0
2016-11-08,16.59,16.59,16.59,16.59,14.6882,0.0,0.0,1.0
2016-11-10,16.5,16.5,16.5,16.5,14.6085,0.0,0.0,1.0
2016-11-11,16.5,16.5,16.5,16.5,14.6085,0.0,0.0,1.0
2016-11-14,16.38,16.38,16.38,16.38,14.5023,0.0,0.0,1.0
2016-11-15,16.44,16.44,16.44,16.44,14.5554,0.0,0.0,1.0
2016-11-16,16.35,16.35,16.35,16.35,14.5642,0.0,0.1,1.0
2016-11-17,16.36,16.36,16.36,16.36,14.5731,0.0,0.0,1.0
2016-11-18,16.37,16.37,16.37,16.37,14.5821,0.0,0.0,1.0
2016-11-21,16.39,16.39,16.39,16.39,14.5999,0.0,0.0,1.0
2016-11-22,16.42,16.42,16.42,16.42,14.6266,0.0,0.0,1.0
2016-11-23,16.42,16.42,16.42,16.42,14.6266,0.0,0.0,1.0
2016-11-25,16.43,16.43,16.43,16.43,14.6355,0.0,0.0,1.0
2016-11-28,16.44,16.44,16.44,16.44,14.6444,0.0,0.0,1.0
2016-11-30,16.44,16.44,16.44,16.44,14.6444,0.0,0.0,1.0
2016-12-01,16.43,16.43,16.43,16.43,14.6355,0.0,0.0,1.0
2016-12-02,16.43,16.43,16.43,16.43,14.6355,0.0,0.0,1.0
2016-12-05,16.46,16.46,16.46,16.46,14.6622,0.0,0.0,1.0
2016-12-06,16.5,16.5,16.5,16.5,14.6979,0.0,0.0,1.0
2016-12-07,16.54,16.54,16.54,16.54,14.7335,0.0,0.0,1.0
2016-12-08,16.56,16.56,16.56,16.56,14.7513,0.0,0.0,1.0
2016-12-09,16.58,16.58,16.58,16.58,14.7691,0.0,0.0,1.0
2016-12-12,16.58,16.58,16.58,16.58,14.7691,0.0,0.0,1.0
2016-12-13,16.6,16.6,16.6,16.6,14.7869,0.0,0.0,1.0
2016-12-14,16.5,16.5,16.5,16.5,14.7869,0.0,0.1,1.0
2016-12-15,16.46,16.46,16.46,16.46,14.7511,0.0,0.0,1.0
2016-12-16,16.47,16.47,16.47,16.47,14.76,0.0,0.0,1.0
2016-12-19,16.49,16.49,16.49,16.49,14.778,0.0,0.0,1.0
2016-12-20,16.5,16.5,16.5,16.5,14.7869,0.0,0.0,1.0
2016-12-21,16.51,16.51,16.51,16.51,14.7959,0.0,0.0,1.0
2016-12-22,16.52,16.52,16.52,16.52,14.8049,0.0,0.0,1.0
2016-12-23,16.54,16.54,16.54,16.54,14.8228,0.0,0.0,1.0
2016-12-27,16.55,16.55,16.55,16.55,14.8317,0.0,0.0,1.0
2016-12-28,16.46,16.46,16.46,16.46,14.8407,0.0,0.1,1.0
2016-12-29,16.46,16.46,16.46,16.46,14.8407,0.0,0.0,1.0
2016-12-30,16.48,16.48,16.48,16.48,14.8587,0.0,0.0,1.0
2017-01-03,16.5,16.5,16.5,16.5,14.8768,0.0,0.0,1.0
2017-01-04,16.54,16.54,16.54,16.54,14.9128,0.0,0.0,1.0
2017-01-05,16.56,16.56,16.56,16.56,14.9309,0.0,0.0,1.0
2017-01-06,16.57,16.57,16.57,16.57,14.9399,0.0,0.0,1.0
2017-01-09,16.57,16.57,16.57,16.57,14.9399,0.0,0.0,1.0
2017-01-10,16.58,16.58,16.58,16.58,14.9489,0.0,0.0,1.0
2017-01-11,16.57,16.57,16.57,16.57,14.9399,0.0,0.0,1.0
2017-01-12,16.57,16.57,16.57,16.57,14.9399,0.0,0.0,1.0
2017-01-13,16.59,16.59,16.59,16.59,14.9579,0.0,0.0,1.0
2017-01-17,16.6,16.6,16.6,16.6,14.9669,0.0,0.0,1.0
2017-01-19,16.56,16.56,16.56,16.56,14.9309,0.0,0.0,1.0
2017-01-20,16.56,16.56,16.56,16.56,14.9309,0.0,0.0,1.0
2017-01-23,16.55,16.55,16.55,16.55,14.9219,0.0,0.0,1.0
2017-01-24,16.56,16.56,16.56,16.56,14.9309,0.0,0.0,1.0
2017-01-26,16.59,16.59,16.59,16.59,14.9579,0.0,0.0,1.0
2017-01-27,16.6,16.6,16.6,16.6,14.9669,0.0,0.0,1.0
2017-01-30,16.59,16.59,16.59,16.59,14.9579,0.0,0.0,1.0
2017-01-31,16.59,16.59,16.59,16.59,14.9579,0.0,0.0,1.0
2017-02-01,16.6,16.6,16.6,16.6,14.9669,0.0,0.0,1.0
2017-02-02,16.59,16.59,16.59,16.59,14.9579,0.0,0.0,1.0
2017-02-03,16.61,16.61,16.61,16.61,14.9759,0.0,0.0,1.0
2017-02-06,16.62,16.62,16.62,16.62,14.985,0.0,0.0,1.0
2017-02-07,16.62,16.62,16.62,16.62,14.985,0.0,0.0,1.0
2017-02-08,16.62,16.62,16.62,16.62,14.985,0.0,0.0,1.0
2017-02-09,16.61,16.61,16.61,16.61,14.9759,0.0,0.0,1.0
2017-02-10,16.62,16.62,16.62,16.62,14.985,0.0,0.0,1.0
2017-02-13,16.64,16.64,16.64,16.64,15.003,0.0,0.0,1.0
2017-02-14,16.64,16.64,16.64,16.64,15.003,0.0,0.0,1.0
2017-02-15,16.54,16.54,16.54,16.54,15.003,0.0,0.1,1.0
2017-02-16,16.54,16.54,16.54,16.54,15.003,0.0,0.0,1.0
2017-02-17,16.56,16.56,16.56,16.56,15.0211,0.0,0.0,1.0
2017-02-21,16.6,16.6,16.6,16.6,15.0574,0.0,0.0,1.0
2017-02-22,16.62,16.62,16.62,16.62,15.0756,0.0,0.0,1.0
2017-02-23,16.63,16.63,16.63,16.63,15.0846,0.0,0.0,1.0
2017-02-24,16.63,16.63,16.63,16.63,15.0846,0.0,0.0,1.0
2017-02-27,16.64,16.64,16.64,16.64,15.0937,0.0,0.0,1.0
2017-02-28,16.64,16.64,16.64,16.64,15.0937,0.0,0.0,1.0
2017-03-01,16.67,16.67,16.67,16.67,15.1209,0.0,0.0,1.0
2017-03-02,16.67,16.67,16.67,16.67,15.1209,0.0,0.0,1.0
2017-03-03,16.67,16.67,16.67,16.67,15.1209,0.0,0.0,1.0
2017-03-06,16.65,16.65,16.65,16.65,15.1028,0.0,0.0,1.0
2017-03-07,16.62,16.62,16.62,16.62,15.0756,0.0,0.0,1.0
2017-03-08,16.58,16.58,16.58,16.58,15.0393,0.0,0.0,1.0
2017-03-09,16.53,16.53,16.53,16.53,14.9939,0.0,0.0,1.0
2017-03-10,16.54,16.54,16.54,16.54,15.003,0.0,0.0,1.0
2017-03-13,16.51,16.51,16.51,16.51,14.9758,0.0,0.0,1.0
2017-03-14,16.47,16.47,16.47,16.47,14.9395,0.0,0.0,1.0
2017-03-15,16.4,16.4,16.4,16.4,14.9667,0.0,0.1,1.0
2017-03-16,16.46,16.46,16.46,16.46,15.0215,0.0,0.0,1.0
2017-03-17,16.46,16.46,16.46,16.46,15.0215,0.0,0.0,1.0
2017-03-20,16.44,16.44,16.44,16.44,15.0032,0.0,0.0,1.0
2017-03-21,16.43,16.43,16.43,16.43,14.9941,0.0,0.0,1.0
2017-03-22,16.4,16.4,16.4,16.4,14.9667,0.0,0.0,1.0
2017-03-23,16.41,16.41,16.41,16.41,14.9758,0.0,0.0,1.0
2017-03-24,16.43,16.43,16.43,16.43,14.9941,0.0,0.0,1.0
2017-03-27,16.43,16.43,16.43,16.43,14.9941,0.0,0.0,1.0
2017-03-28,16.46,16.46,16.46,16.46,15.0215,0.0,0.0,1.0
2017-03-29,16.49,16.49,16.49,16.49,15.0488,0.0,0.0,1.0
2017-03-30,16.52,16.52,16.52,16.52,15.0762,0.0,0.0,1.0
2017-03-31,16.54,16.54,16.54,16.54,15.0945,0.0,0.0,1.0
2017-04-03,16.54,16.54,16.54,16.54,15.0945,0.0,0.0,1.0
2017-04-04,16.53,16.53,16.53,16.53,15.0854,0.0,0.0,1.0
2017-04-05,16.55,16.55,16.55,16.55,15.1036,0.0,0.0,1.0
2017-04-06,16.55,16.55,16.55,16.55,15.1036,0.0,0.0,1.0
2017-04-07,16.57,16.57,16.57,16.57,15.1219,0.0,0.0,1.0
2017-04-10,16.58,16.58,16.58,16.58,15.131,0.0,0.0,1.0
2017-04-11,16.58,16.58,16.58,16.58,15.2222,0.0,0.1,1.0
2017-04-12,16.47,16.47,16.47,16.47,15.1213,0.0,0.0,1.0
2017-04-13,16.48,16.48,16.48,16.48,15.1304,0.0,0.0,1.0
2017-04-17,16.47,16.47,16.47,16.47,15.1213,0.0,0.0,1.0
2017-04-18,16.46,16.46,16.46,16.46,15.1121,0.0,0.0,1.0
2017-04-19,16.48,16.48,16.48,16.48,15.1304,0.0,0.0,1.0
2017-04-20,16.48,16.48,16.48,16.48,15.1304,0.0,0.0,1.0
2017-04-21,16.5,16.5,16.5,16.5,15.1488,0.0,0.0,1.0
2017-04-24,16.53,16.53,16.53,16.53,15.1763,0.0,0.0,1.0
2017-04-25,16.55,16.55,16.55,16.55,15.1947,0.0,0.0,1.0
2017-04-26,16.56,16.56,16.56,16.56,15.2039,0.0,0.0,1.0
2017-04-27,16.55,16.55,16.55,16.55,15.1947,0.0,0.0,1.0
2017-04-28,16.57,16.57,16.57,16.57,15.2131,0.0,0.0,1.0
2017-05-01,16.58,16.58,16.58,16.58,15.2222,0.0,0.0,1.0
2017-05-02,16.6,16.6,16.6,16.6,15.2406,0.0,0.0,1.0
2017-05-03,16.6,16.6,16.6,16.6,15.2406,0.0,0.0,1.0
2017-05-04,16.59,16.59,16.59,16.59,15.2314,0.0,0.0,1.0
2017-05-05,16.6,16.6,16.6,16.6,15.2406,0.0,0.0,1.0
2017-05-08,16.61,16.61,16.61,16.61,15.2498,0.0,0.0,1.0
2017-05-09,16.63,16.63,16.63,16.63,15.2681,0.0,0.0,1.0
2017-05-10,16.54,16.54,16.54,16.54,15.2773,0.0,0.1,1.0
2017-05-11,16.55,16.55,16.55,16.55,15.2866,0.0,0.0,1.0
2017-05-12,16.56,16.56,16.56,16.56,15.2958,0.0,0.0,1.0
2017-05-15,16.56,16.56,16.56,16.56,15.2958,0.0,0.0,1.0
2017-05-16,16.58,16.58,16.58,16.58,15.3143,0.0,0.0,1.0
2017-05-17,16.56,16.56,16.56,16.56,15.2958,0.0,0.0,1.0
2017-05-18,16.53,16.53,16.53,16.53,15.2681,0.0,0.0,1.0
2017-05-19,16.53,16.53,16.53,16.53,15.2681,0.0,0.0,1.0
2017-05-22,16.57,16.57,16.57,16.57,15.305,0.0,0.0,1.0
2017-05-23,16.57,16.57,16.57,16.57,15.305,0.0,0.0,1.0
2017-05-24,16.59,16.59,16.59,16.59,15.3235,0.0,0.0,1.0
2017-05-25,16.6,16.6,16.6,16.6,15.3327,0.0,0.0,1.0
2017-05-26,16.61,16.61,16.61,16.61,15.342,0.0,0.0,1.0
2017-05-30,16.61,16.61,16.61,16.61,15.342,0.0,0.0,1.0
2017-05-31,16.61,16.61,16.61,16.61,15.342,0.0,0.0,1.0
2017-06-01,16.63,16.63,16.63,16.63,15.3605,0.0,0.0,1.0
2017-06-02,16.65,16.65,16.65,16.65,15.3789,0.0,0.0,1.0
2017-06-05,16.65,16.65,16.65,16.65,15.3789,0.0,0.0,1.0
2017-06-06,16.65,16.65,16.65,16.65,15.3789,0.0,0.0,1.0
2017-06-07,16.63,16.63,16.63,16.63,15.3605,0.0,0.0,1.0
2017-06-08,16.62,16.62,16.62,16.62,15.3512,0.0,0.0,1.0
2017-06-09,16.63,16.63,16.63,16.63,15.3605,0.0,0.0,1.0
2017-06-12,16.62,16.62,16.62,16.62,15.3512,0.0,0.0,1.0
2017-06-13,16.63,16.63,16.63,16.63,15.3605,0.0,0.0,1.0
2017-06-14,16.55,16.55,16.55,16.55,15.3697,0.0,0.09,1.0
2017-06-15,16.54,16.54,16.54,16.54,15.3604,0.0,0.0,1.0
2017-06-16,16.54,16.54,16.54,16.54,15.3604,0.0,0.0,1.0
2017-06-19,16.54,16.54,16.54,16.54,15.3604,0.0,0.0,1.0
2017-06-20,16.53,16.53,16.53,16.53,15.3511,0.0,0.0,1.0
2017-06-21,16.5,16.5,16.5,16.5,15.3233,0.0,0.0,1.0
2017-06-22,16.49,16.49,16.49,16.49,15.314,0.0,0.0,1.0
2017-06-23,16.51,16.51,16.51,16.51,15.3325,0.0,0.0,1.0
2017-06-26,16.53,16.53,16.53,16.53,15.3511,0.0,0.0,1.0
2017-06-27,16.53,16.53,16.53,16.53,15.3511,0.0,0.0,1.0
2017-06-28,16.53,16.53,16.53,16.53,15.3511,0.0,0.0,1.0
2017-06-29,16.52,16.52,16.52,16.52,15.3418,0.0,0.0,1.0
2017-06-30,16.53,16.53,16.53,16.53,15.3511,0.0,0.0,1.0
2017-07-03,16.54,16.54,16.54,16.54,15.3604,0.0,0.0,1.0
2017-07-05,16.54,16.54,16.54,16.54,15.3604,0.0,0.0,1.0
2017-07-06,16.52,16.52,16.52,16.52,15.3418,0.0,0.0,1.0
2017-07-07,16.5,16.5,16.5,16.5,15.3233,0.0,0.0,1.0
2017-07-10,16.5,16.5,16.5,16.5,15.3233,0.0,0.0,1.0
2017-07-11,16.51,16.51,16.51,16.51,15.3325,0.0,0.0,1.0
2017-07-12,16.46,16.46,16.46,16.46,15.3697,0.0,0.09,1.0
2017-07-13,16.47,16.47,16.47,16.47,15.379,0.0,0.0,1.0
2017-07-14,16.49,16.49,16.49,16.49,15.3977,0.0,0.0,1.0
2017-07-17,16.51,16.51,16.51,16.51,15.4164,0.0,0.0,1.0
2017-07-18,16.52,16.52,16.52,16.52,15.4257,0.0,0.0,1.0
2017-07-19,16.54,16.54,16.54,16.54,15.4444,0.0,0.0,1.0
2017-07-20,16.55,16.55,16.55,16.55,15.4537,0.0,0.0,1.0
2017-07-21,16.56,16.56,16.56,16.56,15.4631,0.0,0.0,1.0
2017-07-24,16.56,16.56,16.56,16.56,15.4631,0.0,0.0,1.0
2017-07-25,16.57,16.57,16.57,16.57,15.4724,0.0,0.0,1.0
2017-07-26,16.57,16.57,16.57,16.57,15.4724,0.0,0.0,1.0
2017-07-27,16.57,16.57,16.57,16.57,15.4724,0.0,0.0,1.0
2017-07-28,16.57,16.57,16.57,16.57,15.4724,0.0,0.0,1.0
2017-07-31,16.57,16.57,16.57,16.57,15.4724,0.0,0.0,1.0
2017-08-01,16.58,16.58,16.58,16.58,15.4817,0.0,0.0,1.0
2017-08-02,16.59,16.59,16.59,16.59,15.4911,0.0,0.0,1.0
2017-08-03,16.58,16.58,16.58,16.58,15.4817,0.0,0.0,1.0
2017-08-04,16.59,16.59,16.59,16.59,15.4911,0.0,0.0,1.0
2017-08-07,16.59,16.59,16.59,16.59,15.4911,0.0,0.0,1.0
2017-08-08,16.59,16.59,16.59,16.59,15.4911,0.0,0.0,1.0
2017-08-09,16.54,16.54,16.54,16.54,15.4444,0.0,0.0,1.0
2017-08-10,16.51,16.51,16.51,16.51,15.4164,0.0,0.0,1.0
2017-08-11,16.51,16.51,16.51,16.51,15.4164,0.0,0.0,1.0
2017-08-14,16.53,16.53,16.53,16.53,15.4351,0.0,0.0,1.0
2017-08-15,16.53,16.53,16.53,16.53,15.4351,0.0,0.0,1.0
2017-08-16,16.45,16.45,16.45,16.45,15.4444,0.0,0.09,1.0
2017-08-17,16.44,16.44,16.44,16.44,15.435,0.0,0.0,1.0
2017-08-18,16.43,16.43,16.43,16.43,15.4256,0.0,0.0,1.0
2017-08-21,16.44,16.44,16.44,16.44,15.435,0.0,0.0,1.0
2017-08-22,16.44,16.44,16.44,16.44,15.435,0.0,0.0,1.0
2017-08-23,16.45,16.45,16.45,16.45,15.4444,0.0,0.0,1.0
2017-08-24,16.46,16.46,16.46,16.46,15.4538,0.0,0.0,1.0
2017-08-25,16.48,16.48,16.48,16.48,15.4726,0.0,0.0,1.0
2017-08-28,16.48,16.48,16.48,16.48,15.4726,0.0,0.0,1.0
2017-08-29,16.48,16.48,16.48,16.48,15.4726,0.0,0.0,1.0
2017-08-30,16.49,16.49,16.49,16.49,15.482,0.0,0.0,1.0
2017-08-31,16.51,16.51,16.51,16.51,15.5007,0.0,0.0,1.0
2017-09-01,16.53,16.53,16.53,16.53,15.5195,0.0,0.0,1.0
2017-09-05,16.52,16.52,16.52,16.52,15.5101,0.0,0.0,1.0
2017-09-06,16.53,16.53,16.53,16.53,15.5195,0.0,0.0,1.0
2017-09-07,16.54,16.54,16.54,16.54,15.5289,0.0,0.0,1.0
2017-09-08,16.54,16.54,16.54,16.54,15.5289,0.0,0.0,1.0
2017-09-11,16.55,16.55,16.55,16.55,15.5383,0.0,0.0,1.0
2017-09-12,16.56,16.56,16.56,16.56,15.5477,0.0,0.0,1.0
2017-09-13,16.56,16.56,16.56,16.56,15.5477,0.0,0.0,1.0
2017-09-15,16.49,16.49,16.49,16.49,15.482,0.0,0.0,1.0
2017-09-18,16.5,16.5,16.5,16.5,15.4913,0.0,0.0,1.0
2017-09-19,16.5,16.5,16.5,16.5,15.4913,0.0,0.0,1.0
2017-09-20,16.5,16.5,16.5,16.5,15.4913,0.0,0.0,1.0
2017-09-21,16.49,16.49,16.49,16.49,15.482,0.0,0.0,1.0
2017-09-22,16.5,16.5,16.5,16.5,15.4913,0.0,0.0,1.0
2017-09-25,16.5,16.5,16.5,16.5,15.4913,0.0,0.0,1.0
2017-09-26,16.51,16.51,16.51,16.51,15.5007,0.0,0.0,1.0
2017-09-27,16.49,16.49,16.49,16.49,15.482,0.0,0.0,1.0
2017-09-28,16.49,16.49,16.49,16.49,15.482,0.0,0.0,1.0
2017-09-29,16.52,16.52,16.52,16.52,15.5101,0.0,0.0,1.0
2017-10-02,16.52,16.52,16.52,16.52,15.5101,0.0,0.0,1.0
2017-10-03,16.52,16.52,16.52,16.52,15.5101,0.0,0.0,1.0
2017-10-04,16.52,16.52,16.52,16.52,15.5101,0.0,0.0,1.0
2017-10-05,16.53,16.53,16.53,16.53,15.5195,0.0,0.0,1.0
2017-10-06,16.53,16.53,16.53,16.53,15.5195,0.0,0.0,1.0
2017-10-09,16.53,16.53,16.53,16.53,15.5195,0.0,0.0,1.0
2017-10-10,16.53,16.53,16.53,16.53,15.5195,0.0,0.0,1.0
2017-10-11,16.54,16.54,16.54,16.54,15.5289,0.0,0.0,1.0
2017-10-12,16.45,16.45,16.45,16.45,15.5289,0.0,0.09,1.0
2017-10-13,16.45,16.45,16.45,16.45,15.5289,0.0,0.0,1.0
2017-10-16,16.45,16.45,16.45,16.45,15.5289,0.0,0.0,1.0
2017-10-17,16.47,16.47,16.47,16.47,15.5478,0.0,0.0,1.0
2017-10-18,16.47,16.47,16.47,16.47,15.5478,0.0,0.0,1.0
2017-10-19,16.49,16.49,16.49,16.49,15.5667,0.0,0.0,1.0
2017-10-20,16.5,16.5,16.5,16.5,15.5761,0.0,0.0,1.0
2017-10-23,16.5,16.5,16.5,16.5,15.5761,0.0,0.0,1.0
2017-10-24,16.52,16.52,16.52,16.52,15.595,0.0,0.0,1.0
2017-10-25,16.52,16.52,16.52,16.52,15.595,0.0,0.0,1.0
2017-10-26,16.49,16.49,16.49,16.49,15.5667,0.0,0.0,1.0
2017-10-27,16.48,16.48,16.48,16.48,15.5572,0.0,0.0,1.0
2017-10-30,16.49,16.49,16.49,16.49,15.5667,0.0,0.0,1.0
2017-10-31,16.5,16.5,16.5,16.5,15.5761,0.0,0.0,1.0
2017-11-01,16.5,16.5,16.5,16.5,15.5761,0.0,0.0,1.0
2017-11-02,16.49,16.49,16.49,16.49,15.5667,0.0,0.0,1.0
2017-11-03,16.5,16.5,16.5,16.5,15.5761,0.0,0.0,1.0
2017-11-06,16.49,16.49,16.49,16.49,15.5667,0.0,0.0,1.0
2017-11-07,16.47,16.47,16.47,16.47,15.5478,0.0,0.0,1.0
2017-11-08,16.44,16.44,16.44,16.44,15.5195,0.0,0.0,1.0
2017-11-09,16.4,16.4,16.4,16.4,15.4817,0.0,0.0,1.0
2017-11-10,16.4,16.4,16.4,16.4,15.4817,0.0,0.0,1.0
2017-11-13,16.39,16.39,16.39,16.39,15.4723,0.0,0.0,1.0
2017-11-14,16.37,16.37,16.37,16.37,15.4534,0.0,0.0,1.0
2017-11-15,16.33,16.33,16.33,16.33,15.4156,0.0,0.0,1.0
2017-11-17,16.32,16.32,16.32,16.32,15.4062,0.0,0.0,1.0
2017-11-20,16.31,16.31,16.31,16.31,15.3967,0.0,0.0,1.0
2017-11-21,16.33,16.33,16.33,16.33,15.4156,0.0,0.0,1.0
2017-11-22,16.35,16.35,16.35,16.35,15.4345,0.0,0.0,1.0
2017-11-24,16.36,16.36,16.36,16.36,15.4439,0.0,0.0,1.0
2017-11-27,16.37,16.37,16.37,16.37,15.4534,0.0,0.0,1.0
2017-11-28,16.36,16.36,16.36,16.36,15.4439,0.0,0.0,1.0
2017-11-29,16.36,16.36,16.36,16.36,15.4439,0.0,0.0,1.0
2017-11-30,16.37,16.37,16.37,16.37,15.4534,0.0,0.0,1.0
2017-12-01,16.37,16.37,16.37,16.37,15.4534,0.0,0.0,1.0
2017-12-04,16.38,16.38,16.38,16.38,15.4628,0.0,0.0,1.0
2017-12-05,16.37,16.37,16.37,16.37,15.4534,0.0,0.0,1.0
2017-12-06,16.37,16.37,16.37,16.37,15.4534,0.0,0.0,1.0
2017-12-07,16.35,16.35,16.35,16.35,15.4345,0.0,0.0,1.0
2017-12-08,16.35,16.35,16.35,16.35,15.4345,0.0,0.0,1.0
2017-12-11,16.36,16.36,16.36,16.36,15.4439,0.0,0.0,1.0
2017-12-12,16.36,16.36,16.36,16.36,15.4439,0.0,0.0,1.0
2017-12-13,16.35,16.35,16.35,16.35,15.4345,0.0,0.0,1.0
2017-12-14,16.24,16.24,16.24,16.24,15.4156,0.0,0.09,1.0
2017-12-15,16.25,16.25,16.25,16.25,15.4251,0.0,0.0,1.0
2017-12-18,16.26,16.26,16.26,16.26,15.4346,0.0,0.0,1.0
2017-12-19,16.26,16.26,16.26,16.26,15.4346,0.0,0.0,1.0
2017-12-20,16.26,16.26,16.26,16.26,15.4346,0.0,0.0,1.0
2017-12-21,16.27,16.27,16.27,16.27,15.4441,0.0,0.0,1.0
2017-12-22,16.29,16.29,16.29,16.29,15.4631,0.0,0.0,1.0
2017-12-26,16.28,16.28,16.28,16.28,15.4536,0.0,0.0,1.0
2017-12-27,16.3,16.3,16.3,16.3,15.4726,0.0,0.0,1.0
2017-12-28,16.23,16.23,16.23,16.23,15.4916,0.0,0.09,1.0
2017-12-29,16.24,16.24,16.24,16.24,15.5011,0.0,0.0,1.0
2018-01-02,16.26,16.26,16.26,16.26,15.5202,0.0,0.0,1.0
2018-01-03,16.3,16.3,16.3,16.3,15.5584,0.0,0.0,1.0
2018-01-04,16.34,16.34,16.34,16.34,15.5965,0.0,0.0,1.0
2018-01-05,16.35,16.35,16.35,16.35,15.6061,0.0,0.0,1.0
2018-01-08,16.35,16.35,16.35,16.35,15.6061,0.0,0.0,1.0
2018-01-09,16.35,16.35,16.35,16.35,15.6061,0.0,0.0,1.0
2018-01-10,16.33,16.33,16.33,16.33,15.587,0.0,0.0,1.0
2018-01-11,16.36,16.36,16.36,16.36,15.6156,0.0,0.0,1.0
2018-01-12,16.37,16.37,16.37,16.37,15.6252,0.0,0.0,1.0
2018-01-16,16.38,16.38,16.38,16.38,15.6347,0.0,0.0,1.0
2018-01-17,16.38,16.38,16.38,16.38,15.6347,0.0,0.0,1.0
2018-01-18,16.37,16.37,16.37,16.37,15.6252,0.0,0.0,1.0
2018-01-19,16.37,16.37,16.37,16.37,15.6252,0.0,0.0,1.0
2018-01-22,16.37,16.37,16.37,16.37,15.6252,0.0,0.0,1.0
2018-01-23,16.39,16.39,16.39,16.39,15.6443,0.0,0.0,1.0
2018-01-24,16.4,16.4,16.4,16.4,15.6538,0.0,0.0,1.0
2018-01-25,16.4,16.4,16.4,16.4,15.6538,0.0,0.0,1.0
2018-01-26,16.42,16.42,16.42,16.42,15.6729,0.0,0.0,1.0
2018-01-29,16.4,16.4,16.4,16.4,15.6538,0.0,0.0,1.0
2018-01-30,16.38,16.38,16.38,16.38,15.6347,0.0,0.0,1.0
2018-01-31,16.39,16.39,16.39,16.39,15.6443,0.0,0.0,1.0
2018-02-01,16.38,16.38,16.38,16.38,15.6347,0.0,0.0,1.0
2018-02-02,16.35,16.35,16.35,16.35,15.6061,0.0,0.0,1.0
2018-02-05,16.32,16.32,16.32,16.32,15.5775,0.0,0.0,1.0
2018-02-06,16.27,16.27,16.27,16.27,15.5297,0.0,0.0,1.0
2018-02-07,16.32,16.32,16.32,16.32,15.5775,0.0,0.0,1.0
2018-02-08,16.27,16.27,16.27,16.27,15.5297,0.0,0.0,1.0
2018-02-09,16.19,16.19,16.19,16.19,15.4534,0.0,0.0,1.0
2018-02-12,16.23,16.23,16.23,16.23,15.4916,0.0,0.0,1.0
2018-02-13,16.23,16.23,16.23,16.23,15.4916,0.0,0.0,1.0
2018-02-14,16.2,16.2,16.2,16.2,15.4629,0.0,0.0,1.0
2018-02-15,16.17,16.17,16.17,16.17,15.5202,0.0,0.09,1.0
2018-02-16,16.22,16.22,16.22,16.22,15.5682,0.0,0.0,1.0
2018-02-20,16.23,16.23,16.23,16.23,15.5778,0.0,0.0,1.0
2018-02-21,16.23,16.23,16.23,16.23,15.5778,0.0,0.0,1.0
2018-02-22,16.21,16.21,16.21,16.21,15.5586,0.0,0.0,1.0
2018-02-23,16.21,16.21,16.21,16.21,15.5586,0.0,0.0,1.0
2018-02-26,16.25,16.25,16.25,16.25,15.597,0.0,0.0,1.0
2018-02-27,16.25,16.25,16.25,16.25,15.597,0.0,0.0,1.0
2018-02-28,16.25,16.25,16.25,16.25,15.597,0.0,0.0,1.0
2018-03-01,16.23,16.23,16.23,16.23,15.5778,0.0,0.0,1.0
2018-03-02,16.2,16.2,16.2,16.2,15.549,0.0,0.0,1.0
2018-03-05,16.22,16.22,16.22,16.22,15.5682,0.0,0.0,1.0
2018-03-06,16.24,16.24,16.24,16.24,15.5874,0.0,0.0,1.0
2018-03-07,16.23,16.23,16.23,16.23,15.5778,0.0,0.0,1.0
2018-03-08,16.24,16.24,16.24,16.24,15.5874,0.0,0.0,1.0
2018-03-09,16.26,16.26,16.26,16.26,15.6066,0.0,0.0,1.0
2018-03-12,16.26,16.26,16.26,16.26,15.6066,0.0,0.0,1.0
2018-03-13,16.26,16.26,16.26,16.26,15.6066,0.0,0.0,1.0
2018-03-14,16.26,16.26,16.26,16.26,15.6066,0.0,0.0,1.0
2018-03-15,16.17,16.17,16.17,16.17,15.5999,0.0,0.083,1.0
2018-03-16,16.18,16.18,16.18,16.18,15.6095,0.0,0.0,1.0
2018-03-19,16.16,16.16,16.16,16.16,15.5902,0.0,0.0,1.0
2018-03-20,16.16,16.16,16.16,16.16,15.5902,0.0,0.0,1.0
2018-03-21,16.17,16.17,16.17,16.17,15.5999,0.0,0.0,1.0
2018-03-22,16.15,16.15,16.15,16.15,15.5806,0.0,0.0,1.0
2018-03-23,16.14,16.14,16.14,16.14,15.5709,0.0,0.0,1.0
2018-03-26,16.14,16.14,16.14,16.14,15.5709,0.0,0.0,1.0
2018-03-27,16.15,16.15,16.15,16.15,15.5806,0.0,0.0,1.0
2018-03-28,16.14,16.14,16.14,16.14,15.5709,0.0,0.0,1.0
2018-03-29,16.16,16.16,16.16,16.16,15.5902,0.0,0.0,1.0
2018-04-02,16.15,16.15,16.15,16.15,15.5806,0.0,0.0,1.0
2018-04-03,16.15,16.15,16.15,16.15,15.5806,0.0,0.0,1.0
2018-04-04,16.16,16.16,16.16,16.16,15.5902,0.0,0.0,1.0
2018-04-05,16.2,16.2,16.2,16.2,15.6288,0.0,0.0,1.0
2018-04-06,16.21,16.21,16.21,16.21,15.6384,0.0,0.0,1.0
2018-04-09,16.21,16.21,16.21,16.21,15.6384,0.0,0.0,1.0
2018-04-10,16.23,16.23,16.23,16.23,15.6577,0.0,0.0,1.0
2018-04-11,16.24,16.24,16.24,16.24,15.6674,0.0,0.0,1.0
2018-04-12,16.18,16.18,16.18,16.18,15.6896,0.0,0.083,1.0
2018-04-13,16.21,16.21,16.21,16.21,15.7187,0.0,0.0,1.0
2018-04-16,16.21,16.21,16.21,16.21,15.7187,0.0,0.0,1.0
2018-04-17,16.23,16.23,16.23,16.23,15.7381,0.0,0.0,1.0
2018-04-18,16.23,16.23,16.23,16.23,15.7381,0.0,0.0,1.0
2018-04-19,16.2,16.2,16.2,16.2,15.709,0.0,0.0,1.0
2018-04-20,16.2,16.2,16.2,16.2,15.709,0.0,0.0,1.0
2018-04-23,16.18,16.18,16.18,16.18,15.6896,0.0,0.0,1.0
2018-04-24,16.17,16.17,16.17,16.17,15.6799,0.0,0.0,1.0
2018-04-25,16.14,16.14,16.14,16.14,15.6508,0.0,0.0,1.0
2018-04-26,16.16,16.16,16.16,16.16,15.6702,0.0,0.0,1.0
2018-04-27,16.17,16.17,16.17,16.17,15.6799,0.0,0.0,1.0
2018-04-30,16.17,16.17,16.17,16.17,15.6799,0.0,0.0,1.0
2018-05-01,16.17,16.17,16.17,16.17,15.6799,0.0,0.0,1.0
2018-05-02,16.18,16.18,16.18,16.18,15.6896,0.0,0.0,1.0
2018-05-03,16.16,16.16,16.16,16.16,15.6702,0.0,0.0,1.0
2018-05-04,16.17,16.17,16.17,16.17,15.6799,0.0,0.0,1.0
2018-05-07,16.19,16.19,16.19,16.19,15.6993,0.0,0.0,1.0
2018-05-08,16.18,16.18,16.18,16.18,15.6896,0.0,0.0,1.0
2018-05-09,16.18,16.18,16.18,16.18,15.6896,0.0,0.0,1.0
2018-05-10,16.12,16.12,16.12,16.12,15.7119,0.0,0.083,1.0
2018-05-11,16.13,16.13,16.13,16.13,15.7216,0.0,0.0,1.0
2018-05-14,16.13,16.13,16.13,16.13,15.7216,0.0,0.0,1.0
2018-05-15,16.11,16.11,16.11,16.11,15.7021,0.0,0.0,1.0
2018-05-16,16.11,16.11,16.11,16.11,15.7021,0.0,0.0,1.0
2018-05-17,16.12,16.12,16.12,16.12,15.7119,0.0,0.0,1.0
2018-05-18,16.11,16.11,16.11,16.11,15.7021,0.0,0.0,1.0
2018-05-21,16.11,16.11,16.11,16.11,15.7021,0.0,0.0,1.0
2018-05-22,16.12,16.12,16.12,16.12,15.7119,0.0,0.0,1.0
2018-05-23,16.11,16.11,16.11,16.11,15.7021,0.0,0.0,1.0
2018-05-24,16.13,16.13,16.13,16.13,15.7216,0.0,0.0,1.0
2018-05-25,16.14,16.14,16.14,16.14,15.7314,0.0,0.0,1.0
2018-05-29,16.1,16.1,16.1,16.1,15.6924,0.0,0.0,1.0
2018-05-30,16.11,16.11,16.11,16.11,15.7021,0.0,0.0,1.0
2018-05-31,16.12,16.12,16.12,16.12,15.7119,0.0,0.0,1.0
2018-06-01,16.12,16.12,16.12,16.12,15.7119,0.0,0.0,1.0
2018-06-04,16.15,16.15,16.15,16.15,15.7411,0.0,0.0,1.0
2018-06-05,16.15,16.15,16.15,16.15,15.7411,0.0,0.0,1.0
2018-06-06,16.16,16.16,16.16,16.16,15.7509,0.0,0.0,1.0
2018-06-07,16.17,16.17,16.17,16.17,15.7606,0.0,0.0,1.0
2018-06-08,16.18,16.18,16.18,16.18,15.7704,0.0,0.0,1.0
2018-06-11,16.19,16.19,16.19,16.19,15.7801,0.0,0.0,1.0
2018-06-12,16.19,16.19,16.19,16.19,15.7801,0.0,0.0,1.0
2018-06-13,16.2,16.2,16.2,16.2,15.7898,0.0,0.0,1.0
2018-06-14,16.14,16.14,16.14,16.14,15.8123,0.0,0.083,1.0
2018-06-15,16.14,16.14,16.14,16.14,15.8123,0.0,0.0,1.0
2018-06-18,16.13,16.13,16.13,16.13,15.8025,0.0,0.0,1.0
2018-06-19,16.12,16.12,16.12,16.12,15.7927,0.0,0.0,1.0
2018-06-20,16.14,16.14,16.14,16.14,15.8123,0.0,0.0,1.0
2018-06-21,16.12,16.12,16.12,16.12,15.7927,0.0,0.0,1.0
2018-06-22,16.14,16.14,16.14,16.14,15.8123,0.0,0.0,1.0
2018-06-25,16.11,16.11,16.11,16.11,15.7829,0.0,0.0,1.0
2018-06-26,16.11,16.11,16.11,16.11,15.7829,0.0,0.0,1.0
2018-06-27,16.09,16.09,16.09,16.09,15.7633,0.0,0.0,1.0
2018-06-28,16.04,16.04,16.04,16.04,15.7143,0.0,0.0,1.0
2018-06-29,16.07,16.07,16.07,16.07,15.7437,0.0,0.0,1.0
2018-07-02,16.03,16.03,16.03,16.03,15.7045,0.0,0.0,1.0
2018-07-03,16.05,16.05,16.05,16.05,15.7241,0.0,0.0,1.0
2018-07-05,16.07,16.07,16.07,16.07,15.7437,0.0,0.0,1.0
2018-07-06,16.09,16.09,16.09,16.09,15.7633,0.0,0.0,1.0
2018-07-09,16.12,16.12,16.12,16.12,15.7927,0.0,0.0,1.0
2018-07-10,16.13,16.13,16.13,16.13,15.8025,0.0,0.0,1.0
2018-07-11,16.12,16.12,16.12,16.12,15.7927,0.0,0.0,1.0
2018-07-12,16.05,16.05,16.05,16.05,15.8049,0.0,0.0825,1.0
2018-07-13,16.08,16.08,16.08,16.08,15.8345,0.0,0.0,1.0
2018-07-16,16.08,16.08,16.08,16.08,15.8345,0.0,0.0,1.0
2018-07-17,16.08,16.08,16.08,16.08,15.8345,0.0,0.0,1.0
2018-07-18,16.09,16.09,16.09,16.09,15.8443,0.0,0.0,1.0
2018-07-19,16.09,16.09,16.09,16.09,15.8443,0.0,0.0,1.0
2018-07-20,16.11,16.11,16.11,16.11,15.864,0.0,0.0,1.0
2018-07-23,16.12,16.12,16.12,16.12,15.8739,0.0,0.0,1.0
2018-07-24,16.13,16.13,16.13,16.13,15.8837,0.0,0.0,1.0
2018-07-25,16.14,16.14,16.14,16.14,15.8935,0.0,0.0,1.0
2018-07-26,16.15,16.15,16.15,16.15,15.9034,0.0,0.0,1.0
2018-07-27,16.16,16.16,16.16,16.16,15.9132,0.0,0.0,1.0
2018-07-30,16.15,16.15,16.15,16.15,15.9034,0.0,0.0,1.0
2018-07-31,16.17,16.17,16.17,16.17,15.9231,0.0,0.0,1.0
2018-08-01,16.17,16.17,16.17,16.17,15.9231,0.0,0.0,1.0
2018-08-02,16.17,16.17,16.17,16.17,15.9231,0.0,0.0,1.0
2018-08-03,16.19,16.19,16.19,16.19,15.9428,0.0,0.0,1.0
2018-08-06,16.19,16.19,16.19,16.19,15.9428,0.0,0.0,1.0
2018-08-07,16.2,16.2,16.2,16.2,15.9526,0.0,0.0,1.0
2018-08-08,16.2,16.2,16.2,16.2,15.9526,0.0,0.0,1.0
2018-08-09,16.19,16.19,16.19,16.19,15.9428,0.0,0.0,1.0
2018-08-10,16.17,16.17,16.17,16.17,15.9231,0.0,0.0,1.0
2018-08-13,16.12,16.12,16.12,16.12,15.8739,0.0,0.0,1.0
2018-08-14,16.12,16.12,16.12,16.12,15.8739,0.0,0.0,1.0
2018-08-15,16.11,16.11,16.11,16.11,15.864,0.0,0.0,1.0
2018-08-16,16.06,16.06,16.06,16.06,15.896,0.0,0.0825,1.0
2018-08-17,16.07,16.07,16.07,16.07,15.9059,0.0,0.0,1.0
2018-08-20,16.08,16.08,16.08,16.08,15.9158,0.0,0.0,1.0
2018-08-21,16.09,16.09,16.09,16.09,15.9257,0.0,0.0,1.0
2018-08-22,16.11,16.11,16.11,16.11,15.9455,0.0,0.0,1.0
2018-08-23,16.12,16.12,16.12,16.12,15.9554,0.0,0.0,1.0
2018-08-24,16.13,16.13,16.13,16.13,15.9653,0.0,0.0,1.0
2018-08-27,16.13,16.13,16.13,16.13,15.9653,0.0,0.0,1.0
2018-08-28,16.14,16.14,16.14,16.14,15.9752,0.0,0.0,1.0
2018-08-29,16.14,16.14,16.14,16.14,15.9752,0.0,0.0,1.0
2018-08-30,16.12,16.12,16.12,16.12,15.9554,0.0,0.0,1.0
2018-08-31,16.12,16.12,16.12,16.12,15.9554,0.0,0.0,1.0
2018-09-04,16.1,16.1,16.1,16.1,15.9356,0.0,0.0,1.0
2018-09-05,16.1,16.1,16.1,16.1,15.9356,0.0,0.0,1.0
2018-09-06,16.11,16.11,16.11,16.11,15.9455,0.0,0.0,1.0
2018-09-07,16.11,16.11,16.11,16.11,15.9455,0.0,0.0,1.0
2018-09-10,16.12,16.12,16.12,16.12,15.9554,0.0,0.0,1.0
2018-09-11,16.13,16.13,16.13,16.13,15.9653,0.0,0.0,1.0
2018-09-12,16.15,16.15,16.15,16.15,15.9851,0.0,0.0,1.0
2018-09-13,16.09,16.09,16.09,16.09,16.0074,0.0,0.0825,1.0
2018-09-14,16.11,16.11,16.11,16.11,16.0273,0.0,0.0,1.0
2018-09-17,16.11,16.11,16.11,16.11,16.0273,0.0,0.0,1.0
2018-09-18,16.12,16.12,16.12,16.12,16.0372,0.0,0.0,1.0
2018-09-19,16.12,16.12,16.12,16.12,16.0372,0.0,0.0,1.0
2018-09-20,16.14,16.14,16.14,16.14,16.0571,0.0,0.0,1.0
2018-09-21,16.15,16.15,16.15,16.15,16.0671,0.0,0.0,1.0
2018-09-24,16.14,16.14,16.14,16.14,16.0571,0.0,0.0,1.0
2018-09-25,16.14,16.14,16.14,16.14,16.0571,0.0,0.0,1.0
2018-09-26,16.15,16.15,16.15,16.15,16.0671,0.0,0.0,1.0
2018-09-27,16.18,16.18,16.18,16.18,16.0969,0.0,0.0,1.0
2018-09-28,16.19,16.19,16.19,16.19,16.1068,0.0,0.0,1.0
2018-10-01,16.22,16.22,16.22,16.22,16.1367,0.0,0.0,1.0
2018-10-02,16.22,16.22,16.22,16.22,16.1367,0.0,0.0,1.0
2018-10-03,16.22,16.22,16.22,16.22,16.1367,0.0,0.0,1.0
2018-10-04,16.15,16.15,16.15,16.15,16.0671,0.0,0.0,1.0
2018-10-05,16.14,16.14,16.14,16.14,16.0571,0.0,0.0,1.0
2018-10-08,16.14,16.14,16.14,16.14,16.0571,0.0,0.0,1.0
2018-10-09,16.11,16.11,16.11,16.11,16.0273,0.0,0.0,1.0
2018-10-10,16.08,16.08,16.08,16.08,15.9974,0.0,0.0,1.0
2018-10-11,15.98,15.98,15.98,15.98,15.98,0.0,0.0825,1.0
2018-10-12,16.02,16.02,16.02,16.02,16.02,0.0,0.0,1.0
2018-10-15,16.03,16.03,16.03,16.03,16.03,0.0,0.0,1.0
2018-10-16,16.05,16.05,16.05,16.05,16.05,0.0,0.0,1.0
2018-10-17,16.05,16.05,16.05,16.05,16.05,0.0,0.0,1.0
2018-10-18,16.03,16.03,16.03,16.03,16.03,0.0,0.0,1.0
2018-10-19,16.02,16.02,16.02,16.02,16.02,0.0,0.0,1.0
2018-10-22,16.02,16.02,16.02,16.02,16.02,0.0,0.0,1.0
2018-10-23,15.98,15.98,15.98,15.98,15.98,0.0,0.0,1.0
2018-10-24,15.98,15.98,15.98,15.98,15.98,0.0,0.0,1.0
2018-10-25,15.96,15.96,15.96,15.96,15.96,0.0,0.0,1.0
