date,1. open,2. high,3. low,4. close,5. adjusted close,6. volume,7. dividend amount,8. split coefficient
2016-12-07,9.83,9.83,9.83,9.83,8.8549,0.0,0.0,1.0
2016-12-08,9.82,9.82,9.82,9.82,8.8459,0.0,0.0,1.0
2016-12-09,9.79,9.79,9.79,9.79,8.8189,0.0,0.0,1.0
2016-12-12,9.79,9.79,9.79,9.79,8.8189,0.0,0.0,1.0
2016-12-13,9.79,9.79,9.79,9.79,8.8189,0.0,0.0,1.0
2016-12-14,9.78,9.78,9.78,9.78,8.8099,0.0,0.0,1.0
2016-12-15,9.75,9.75,9.75,9.75,8.7829,0.0,0.0,1.0
2016-12-16,9.75,9.75,9.75,9.75,8.7829,0.0,0.0,1.0
2016-12-19,9.77,9.77,9.77,9.77,8.8009,0.0,0.0,1.0
2016-12-20,9.78,9.78,9.78,9.78,8.8099,0.0,0.0,1.0
2016-12-21,9.8,9.8,9.8,9.8,8.8279,0.0,0.0,1.0
2016-12-22,9.8,9.8,9.8,9.8,8.8279,0.0,0.0,1.0
2016-12-23,9.8,9.8,9.8,9.8,8.8279,0.0,0.0,1.0
2016-12-27,9.79,9.79,9.79,9.79,8.8189,0.0,0.0,1.0
2016-12-28,9.82,9.82,9.82,9.82,8.8459,0.0,0.0,1.0
2016-12-29,9.84,9.84,9.84,9.84,8.8639,0.0,0.0,1.0
2016-12-30,9.85,9.85,9.85,9.85,8.8729,0.0,0.0,1.0
2017-01-03,9.88,9.88,9.88,9.88,8.9,0.0,0.0,1.0
2017-01-04,9.91,9.91,9.91,9.91,8.927,0.0,0.0,1.0
2017-01-05,9.95,9.95,9.95,9.95,8.963,0.0,0.0,1.0
2017-01-06,9.93,9.93,9.93,9.93,8.945,0.0,0.0,1.0
2017-01-09,9.94,9.94,9.94,9.94,8.954,0.0,0.0,1.0
2017-01-10,9.95,9.95,9.95,9.95,8.963,0.0,0.0,1.0
2017-01-11,9.96,9.96,9.96,9.96,8.972,0.0,0.0,1.0
2017-01-12,9.97,9.97,9.97,9.97,8.981,0.0,0.0,1.0
2017-01-13,9.97,9.97,9.97,9.97,8.981,0.0,0.0,1.0
2017-01-17,9.95,9.95,9.95,9.95,9.0081,0.0,0.05,1.0
2017-01-19,9.89,9.89,9.89,9.89,8.9537,0.0,0.0,1.0
2017-01-20,9.89,9.89,9.89,9.89,8.9537,0.0,0.0,1.0
2017-01-23,9.93,9.93,9.93,9.93,8.99,0.0,0.0,1.0
2017-01-24,9.92,9.92,9.92,9.92,8.9809,0.0,0.0,1.0
2017-01-26,9.93,9.93,9.93,9.93,8.99,0.0,0.0,1.0
2017-01-27,9.99,9.99,9.99,9.99,9.0443,0.0,0.0,1.0
2017-01-30,10.04,10.04,10.04,10.04,9.0895,0.0,0.0,1.0
2017-01-31,10.04,10.04,10.04,10.04,9.0895,0.0,0.0,1.0
2017-02-01,10.04,10.04,10.04,10.04,9.0895,0.0,0.0,1.0
2017-02-02,10.04,10.04,10.04,10.04,9.0895,0.0,0.0,1.0
2017-02-03,10.01,10.01,10.01,10.01,9.0624,0.0,0.0,1.0
2017-02-06,10.05,10.05,10.05,10.05,9.0986,0.0,0.0,1.0
2017-02-07,10.06,10.06,10.06,10.06,9.1076,0.0,0.0,1.0
2017-02-08,10.06,10.06,10.06,10.06,9.1076,0.0,0.0,1.0
2017-02-09,10.04,10.04,10.04,10.04,9.0895,0.0,0.0,1.0
2017-02-10,10.04,10.04,10.04,10.04,9.0895,0.0,0.0,1.0
2017-02-13,9.98,9.98,9.98,9.98,9.0805,0.0,0.05,1.0
2017-02-14,9.96,9.96,9.96,9.96,9.0623,0.0,0.0,1.0
2017-02-15,9.95,9.95,9.95,9.95,9.0532,0.0,0.0,1.0
2017-02-16,9.97,9.97,9.97,9.97,9.0714,0.0,0.0,1.0
2017-02-17,9.96,9.96,9.96,9.96,9.0623,0.0,0.0,1.0
2017-02-21,9.95,9.95,9.95,9.95,9.0532,0.0,0.0,1.0
2017-02-22,9.96,9.96,9.96,9.96,9.0623,0.0,0.0,1.0
2017-02-23,9.97,9.97,9.97,9.97,9.0714,0.0,0.0,1.0
2017-02-24,9.96,9.96,9.96,9.96,9.0623,0.0,0.0,1.0
2017-02-27,9.95,9.95,9.95,9.95,9.0532,0.0,0.0,1.0
2017-02-28,9.97,9.97,9.97,9.97,9.0714,0.0,0.0,1.0
2017-03-01,9.98,9.98,9.98,9.98,9.0805,0.0,0.0,1.0
2017-03-02,9.97,9.97,9.97,9.97,9.0714,0.0,0.0,1.0
2017-03-03,9.98,9.98,9.98,9.98,9.0805,0.0,0.0,1.0
2017-03-06,9.98,9.98,9.98,9.98,9.0805,0.0,0.0,1.0
2017-03-07,9.98,9.98,9.98,9.98,9.0805,0.0,0.0,1.0
2017-03-08,9.97,9.97,9.97,9.97,9.0714,0.0,0.0,1.0
2017-03-09,9.94,9.94,9.94,9.94,9.0441,0.0,0.0,1.0
2017-03-10,9.95,9.95,9.95,9.95,9.0532,0.0,0.0,1.0
2017-03-13,9.89,9.89,9.89,9.89,9.0441,0.0,0.05,1.0
2017-03-14,9.9,9.9,9.9,9.9,9.0532,0.0,0.0,1.0
2017-03-15,9.95,9.95,9.95,9.95,9.099,0.0,0.0,1.0
2017-03-16,9.94,9.94,9.94,9.94,9.0898,0.0,0.0,1.0
2017-03-17,9.95,9.95,9.95,9.95,9.099,0.0,0.0,1.0
2017-03-20,9.97,9.97,9.97,9.97,9.1173,0.0,0.0,1.0
2017-03-21,9.99,9.99,9.99,9.99,9.1355,0.0,0.0,1.0
2017-03-22,9.98,9.98,9.98,9.98,9.1264,0.0,0.0,1.0
2017-03-23,9.96,9.96,9.96,9.96,9.1081,0.0,0.0,1.0
2017-03-24,9.92,9.92,9.92,9.92,9.0715,0.0,0.0,1.0
2017-03-27,9.94,9.94,9.94,9.94,9.0898,0.0,0.0,1.0
2017-03-28,9.88,9.88,9.88,9.88,9.0349,0.0,0.0,1.0
2017-03-29,9.89,9.89,9.89,9.89,9.0441,0.0,0.0,1.0
2017-03-30,9.9,9.9,9.9,9.9,9.0532,0.0,0.0,1.0
2017-03-31,9.92,9.92,9.92,9.92,9.0715,0.0,0.0,1.0
2017-04-03,9.95,9.95,9.95,9.95,9.099,0.0,0.0,1.0
2017-04-04,9.94,9.94,9.94,9.94,9.0898,0.0,0.0,1.0
2017-04-05,9.98,9.98,9.98,9.98,9.1264,0.0,0.0,1.0
2017-04-06,9.97,9.97,9.97,9.97,9.1173,0.0,0.0,1.0
2017-04-07,9.93,9.93,9.93,9.93,9.0807,0.0,0.0,1.0
2017-04-10,9.96,9.96,9.96,9.96,9.1081,0.0,0.0,1.0
2017-04-11,9.93,9.93,9.93,9.93,9.1264,0.0,0.05,1.0
2017-04-12,9.96,9.96,9.96,9.96,9.154,0.0,0.0,1.0
2017-04-13,9.96,9.96,9.96,9.96,9.154,0.0,0.0,1.0
2017-04-17,9.96,9.96,9.96,9.96,9.154,0.0,0.0,1.0
2017-04-18,10.0,10.0,10.0,10.0,9.1907,0.0,0.0,1.0
2017-04-19,9.99,9.99,9.99,9.99,9.1815,0.0,0.0,1.0
2017-04-20,9.98,9.98,9.98,9.98,9.1723,0.0,0.0,1.0
2017-04-21,10.0,10.0,10.0,10.0,9.1907,0.0,0.0,1.0
2017-04-24,10.01,10.01,10.01,10.01,9.1999,0.0,0.0,1.0
2017-04-25,9.98,9.98,9.98,9.98,9.1723,0.0,0.0,1.0
2017-04-26,10.0,10.0,10.0,10.0,9.1907,0.0,0.0,1.0
2017-04-27,10.0,10.0,10.0,10.0,9.1907,0.0,0.0,1.0
2017-04-28,10.01,10.01,10.01,10.01,9.1999,0.0,0.0,1.0
2017-05-01,10.02,10.02,10.02,10.02,9.2091,0.0,0.0,1.0
2017-05-02,10.04,10.04,10.04,10.04,9.2275,0.0,0.0,1.0
2017-05-03,10.03,10.03,10.03,10.03,9.2183,0.0,0.0,1.0
2017-05-04,10.03,10.03,10.03,10.03,9.2183,0.0,0.0,1.0
2017-05-05,10.04,10.04,10.04,10.04,9.2275,0.0,0.0,1.0
2017-05-08,10.03,10.03,10.03,10.03,9.2183,0.0,0.0,1.0
2017-05-09,10.02,10.02,10.02,10.02,9.2091,0.0,0.0,1.0
2017-05-10,9.99,9.99,9.99,9.99,9.2275,0.0,0.05,1.0
2017-05-11,9.99,9.99,9.99,9.99,9.2275,0.0,0.0,1.0
2017-05-12,10.02,10.02,10.02,10.02,9.2552,0.0,0.0,1.0
2017-05-15,10.03,10.03,10.03,10.03,9.2644,0.0,0.0,1.0
2017-05-16,10.03,10.03,10.03,10.03,9.2644,0.0,0.0,1.0
2017-05-17,10.07,10.07,10.07,10.07,9.3014,0.0,0.0,1.0
2017-05-18,10.06,10.06,10.06,10.06,9.2922,0.0,0.0,1.0
2017-05-19,10.06,10.06,10.06,10.06,9.2922,0.0,0.0,1.0
2017-05-22,10.07,10.07,10.07,10.07,9.3014,0.0,0.0,1.0
2017-05-23,10.05,10.05,10.05,10.05,9.2829,0.0,0.0,1.0
2017-05-24,10.07,10.07,10.07,10.07,9.3014,0.0,0.0,1.0
2017-05-25,10.07,10.07,10.07,10.07,9.3014,0.0,0.0,1.0
2017-05-26,10.07,10.07,10.07,10.07,9.3014,0.0,0.0,1.0
2017-05-30,10.09,10.09,10.09,10.09,9.3199,0.0,0.0,1.0
2017-05-31,10.1,10.1,10.1,10.1,9.3291,0.0,0.0,1.0
2017-06-01,10.11,10.11,10.11,10.11,9.3383,0.0,0.0,1.0
2017-06-02,10.14,10.14,10.14,10.14,9.366,0.0,0.0,1.0
2017-06-05,10.13,10.13,10.13,10.13,9.3568,0.0,0.0,1.0
2017-06-06,10.15,10.15,10.15,10.15,9.3753,0.0,0.0,1.0
2017-06-07,10.14,10.14,10.14,10.14,9.366,0.0,0.0,1.0
2017-06-08,10.13,10.13,10.13,10.13,9.3568,0.0,0.0,1.0
2017-06-09,10.12,10.12,10.12,10.12,9.3476,0.0,0.0,1.0
2017-06-12,10.08,10.08,10.08,10.08,9.3568,0.0,0.05,1.0
2017-06-13,10.08,10.08,10.08,10.08,9.3568,0.0,0.0,1.0
2017-06-14,10.11,10.11,10.11,10.11,9.3847,0.0,0.0,1.0
2017-06-15,10.09,10.09,10.09,10.09,9.3661,0.0,0.0,1.0
2017-06-16,10.11,10.11,10.11,10.11,9.3847,0.0,0.0,1.0
2017-06-19,10.09,10.09,10.09,10.09,9.3661,0.0,0.0,1.0
2017-06-20,10.1,10.1,10.1,10.1,9.3754,0.0,0.0,1.0
2017-06-21,10.1,10.1,10.1,10.1,9.3754,0.0,0.0,1.0
2017-06-22,10.11,10.11,10.11,10.11,9.3847,0.0,0.0,1.0
2017-06-23,10.11,10.11,10.11,10.11,9.3847,0.0,0.0,1.0
2017-06-26,10.11,10.11,10.11,10.11,9.3847,0.0,0.0,1.0
2017-06-27,10.09,10.09,10.09,10.09,9.3661,0.0,0.0,1.0
2017-06-28,10.09,10.09,10.09,10.09,9.3661,0.0,0.0,1.0
2017-06-29,10.07,10.07,10.07,10.07,9.3475,0.0,0.0,1.0
2017-06-30,10.06,10.06,10.06,10.06,9.3382,0.0,0.0,1.0
2017-07-03,10.06,10.06,10.06,10.06,9.3382,0.0,0.0,1.0
2017-07-05,10.07,10.07,10.07,10.07,9.3475,0.0,0.0,1.0
2017-07-06,10.06,10.06,10.06,10.06,9.3382,0.0,0.0,1.0
2017-07-07,10.05,10.05,10.05,10.05,9.329,0.0,0.0,1.0
2017-07-10,10.06,10.06,10.06,10.06,9.3382,0.0,0.0,1.0
2017-07-11,10.07,10.07,10.07,10.07,9.3475,0.0,0.0,1.0
2017-07-12,10.06,10.06,10.06,10.06,9.3847,0.0,0.05,1.0
2017-07-13,10.05,10.05,10.05,10.05,9.3753,0.0,0.0,1.0
2017-07-14,10.07,10.07,10.07,10.07,9.394,0.0,0.0,1.0
2017-07-17,10.1,10.1,10.1,10.1,9.422,0.0,0.0,1.0
2017-07-18,10.11,10.11,10.11,10.11,9.4313,0.0,0.0,1.0
2017-07-19,10.1,10.1,10.1,10.1,9.422,0.0,0.0,1.0
2017-07-20,10.11,10.11,10.11,10.11,9.4313,0.0,0.0,1.0
2017-07-21,10.12,10.12,10.12,10.12,9.4406,0.0,0.0,1.0
2017-07-24,10.11,10.11,10.11,10.11,9.4313,0.0,0.0,1.0
2017-07-25,10.09,10.09,10.09,10.09,9.4126,0.0,0.0,1.0
2017-07-26,10.11,10.11,10.11,10.11,9.4313,0.0,0.0,1.0
2017-07-27,10.11,10.11,10.11,10.11,9.4313,0.0,0.0,1.0
2017-07-28,10.11,10.11,10.11,10.11,9.4313,0.0,0.0,1.0
2017-07-31,10.12,10.12,10.12,10.12,9.4406,0.0,0.0,1.0
2017-08-01,10.12,10.12,10.12,10.12,9.4406,0.0,0.0,1.0
2017-08-02,10.13,10.13,10.13,10.13,9.45,0.0,0.0,1.0
2017-08-03,10.15,10.15,10.15,10.15,9.4686,0.0,0.0,1.0
2017-08-04,10.13,10.13,10.13,10.13,9.45,0.0,0.0,1.0
2017-08-07,10.14,10.14,10.14,10.14,9.4593,0.0,0.0,1.0
2017-08-08,10.14,10.14,10.14,10.14,9.4593,0.0,0.0,1.0
2017-08-09,10.09,10.09,10.09,10.09,9.4593,0.0,0.05,1.0
2017-08-10,10.11,10.11,10.11,10.11,9.478,0.0,0.0,1.0
2017-08-11,10.12,10.12,10.12,10.12,9.4874,0.0,0.0,1.0
2017-08-14,10.11,10.11,10.11,10.11,9.478,0.0,0.0,1.0
2017-08-15,10.1,10.1,10.1,10.1,9.4687,0.0,0.0,1.0
2017-08-16,10.11,10.11,10.11,10.11,9.478,0.0,0.0,1.0
2017-08-17,10.13,10.13,10.13,10.13,9.4968,0.0,0.0,1.0
2017-08-18,10.13,10.13,10.13,10.13,9.4968,0.0,0.0,1.0
2017-08-21,10.14,10.14,10.14,10.14,9.5062,0.0,0.0,1.0
2017-08-22,10.13,10.13,10.13,10.13,9.4968,0.0,0.0,1.0
2017-08-23,10.15,10.15,10.15,10.15,9.5155,0.0,0.0,1.0
2017-08-24,10.14,10.14,10.14,10.14,9.5062,0.0,0.0,1.0
2017-08-25,10.17,10.17,10.17,10.17,9.5343,0.0,0.0,1.0
2017-08-28,10.18,10.18,10.18,10.18,9.5437,0.0,0.0,1.0
2017-08-29,10.19,10.19,10.19,10.19,9.553,0.0,0.0,1.0
2017-08-30,10.19,10.19,10.19,10.19,9.553,0.0,0.0,1.0
2017-08-31,10.1766,10.1766,10.1766,10.1766,9.5404,0.0,0.0,1.0
2017-09-01,10.19,10.19,10.19,10.19,9.553,0.0,0.0,1.0
2017-09-05,10.23,10.23,10.23,10.23,9.5905,0.0,0.0,1.0
2017-09-06,10.22,10.22,10.22,10.22,9.5812,0.0,0.0,1.0
2017-09-07,10.22,10.22,10.22,10.22,9.5812,0.0,0.0,1.0
2017-09-08,10.22,10.22,10.22,10.22,9.5812,0.0,0.0,1.0
2017-09-11,10.2,10.2,10.2,10.2,9.5624,0.0,0.0,1.0
2017-09-12,10.13,10.13,10.13,10.13,9.5437,0.0,0.05,1.0
2017-09-13,10.12,10.12,10.12,10.12,9.5342,0.0,0.0,1.0
2017-09-14,10.12,10.12,10.12,10.12,9.5342,0.0,0.0,1.0
2017-09-15,10.11,10.11,10.11,10.11,9.5248,0.0,0.0,1.0
2017-09-18,10.11,10.11,10.11,10.11,9.5248,0.0,0.0,1.0
2017-09-19,10.1,10.1,10.1,10.1,9.5154,0.0,0.0,1.0
2017-09-20,10.08,10.08,10.08,10.08,9.4966,0.0,0.0,1.0
2017-09-21,10.08,10.08,10.08,10.08,9.4966,0.0,0.0,1.0
2017-09-22,10.1,10.1,10.1,10.1,9.5154,0.0,0.0,1.0
2017-09-25,10.12,10.12,10.12,10.12,9.5342,0.0,0.0,1.0
2017-09-26,10.12,10.12,10.12,10.12,9.5342,0.0,0.0,1.0
2017-09-27,10.1,10.1,10.1,10.1,9.5154,0.0,0.0,1.0
2017-09-28,10.1047,10.1047,10.1047,10.1047,9.5198,0.0,0.0,1.0
2017-09-29,10.09,10.09,10.09,10.09,9.506,0.0,0.0,1.0
2017-10-02,10.11,10.11,10.11,10.11,9.5248,0.0,0.0,1.0
2017-10-03,10.13,10.13,10.13,10.13,9.5437,0.0,0.0,1.0
2017-10-04,10.14,10.14,10.14,10.14,9.5531,0.0,0.0,1.0
2017-10-05,10.14,10.14,10.14,10.14,9.5531,0.0,0.0,1.0
2017-10-06,10.14,10.14,10.14,10.14,9.5531,0.0,0.0,1.0
2017-10-09,10.15,10.15,10.15,10.15,9.5625,0.0,0.0,1.0
2017-10-10,10.16,10.16,10.16,10.16,9.5719,0.0,0.0,1.0
2017-10-11,10.16,10.16,10.16,10.16,9.5719,0.0,0.0,1.0
2017-10-12,10.11,10.11,10.11,10.11,9.5719,0.0,0.05,1.0
2017-10-13,10.11,10.11,10.11,10.11,9.5719,0.0,0.0,1.0
2017-10-16,10.12,10.12,10.12,10.12,9.5814,0.0,0.0,1.0
2017-10-17,10.08,10.08,10.08,10.08,9.5435,0.0,0.0,1.0
2017-10-18,10.07,10.07,10.07,10.07,9.5341,0.0,0.0,1.0
2017-10-19,10.08,10.08,10.08,10.08,9.5435,0.0,0.0,1.0
2017-10-20,10.06,10.06,10.06,10.06,9.5246,0.0,0.0,1.0
2017-10-23,10.079,10.079,10.079,10.079,9.5426,0.0,0.0,1.0
2017-10-24,10.05,10.05,10.05,10.05,9.5151,0.0,0.0,1.0
2017-10-25,10.05,10.05,10.05,10.05,9.5151,0.0,0.0,1.0
2017-10-26,10.0832,10.0832,10.0832,10.0832,9.5465,0.0,0.0,1.0
2017-10-27,10.06,10.06,10.06,10.06,9.5246,0.0,0.0,1.0
2017-10-30,10.08,10.08,10.08,10.08,9.5435,0.0,0.0,1.0
2017-10-31,10.07,10.07,10.07,10.07,9.5341,0.0,0.0,1.0
2017-11-01,10.08,10.08,10.08,10.08,9.5435,0.0,0.0,1.0
2017-11-02,10.09,10.09,10.09,10.09,9.553,0.0,0.0,1.0
2017-11-03,10.11,10.11,10.11,10.11,9.5719,0.0,0.0,1.0
2017-11-06,10.11,10.11,10.11,10.11,9.5719,0.0,0.0,1.0
2017-11-07,10.11,10.11,10.11,10.11,9.5719,0.0,0.0,1.0
2017-11-08,10.11,10.11,10.11,10.11,9.5719,0.0,0.0,1.0
2017-11-09,10.11,10.11,10.11,10.11,9.5719,0.0,0.0,1.0
2017-11-10,10.09,10.09,10.09,10.09,9.553,0.0,0.0,1.0
2017-11-13,10.09,10.09,10.09,10.09,9.553,0.0,0.0,1.0
2017-11-14,10.04,10.04,10.04,10.04,9.553,0.0,0.05,1.0
2017-11-15,10.06,10.06,10.06,10.06,9.572,0.0,0.0,1.0
2017-11-16,10.05,10.05,10.05,10.05,9.5625,0.0,0.0,1.0
2017-11-17,10.06,10.06,10.06,10.06,9.572,0.0,0.0,1.0
2017-11-20,10.05,10.05,10.05,10.05,9.5625,0.0,0.0,1.0
2017-11-21,10.05,10.05,10.05,10.05,9.5625,0.0,0.0,1.0
2017-11-22,10.07,10.07,10.07,10.07,9.5815,0.0,0.0,1.0
2017-11-24,10.06,10.06,10.06,10.06,9.572,0.0,0.0,1.0
2017-11-27,10.07,10.07,10.07,10.07,9.5815,0.0,0.0,1.0
2017-11-28,10.07,10.07,10.07,10.07,9.5815,0.0,0.0,1.0
2017-11-29,10.06,10.06,10.06,10.06,9.572,0.0,0.0,1.0
2017-11-30,10.05,10.05,10.05,10.05,9.5625,0.0,0.0,1.0
2017-12-01,10.07,10.07,10.07,10.07,9.5815,0.0,0.0,1.0
2017-12-04,10.07,10.07,10.07,10.07,9.5815,0.0,0.0,1.0
2017-12-05,10.08,10.08,10.08,10.08,9.591,0.0,0.0,1.0
2017-12-06,10.08,10.08,10.08,10.08,9.591,0.0,0.0,1.0
2017-12-07,10.07,10.07,10.07,10.07,9.5815,0.0,0.0,1.0
2017-12-08,10.06,10.06,10.06,10.06,9.572,0.0,0.0,1.0
2017-12-11,10.06,10.06,10.06,10.06,9.572,0.0,0.0,1.0
2017-12-12,10.01,10.01,10.01,10.01,9.572,0.0,0.05,1.0
2017-12-13,10.07,10.07,10.07,10.07,9.6294,0.0,0.0,1.0
2017-12-14,10.06,10.06,10.06,10.06,9.6198,0.0,0.0,1.0
2017-12-15,10.06,10.06,10.06,10.06,9.6198,0.0,0.0,1.0
2017-12-18,10.06,10.06,10.06,10.06,9.6198,0.0,0.0,1.0
2017-12-19,10.04,10.04,10.04,10.04,9.6007,0.0,0.0,1.0
2017-12-20,10.04,10.04,10.04,10.04,9.6007,0.0,0.0,1.0
2017-12-21,10.03,10.03,10.03,10.03,9.5911,0.0,0.0,1.0
2017-12-22,10.03,10.03,10.03,10.03,9.5911,0.0,0.0,1.0
2017-12-26,10.03,10.03,10.03,10.03,9.5911,0.0,0.0,1.0
2017-12-27,10.05,10.05,10.05,10.05,9.6103,0.0,0.0,1.0
2017-12-28,10.05,10.05,10.05,10.05,9.6103,0.0,0.0,1.0
2017-12-29,10.06,10.06,10.06,10.06,9.6198,0.0,0.0,1.0
2018-01-02,10.05,10.05,10.05,10.05,9.6103,0.0,0.0,1.0
2018-01-03,10.06,10.06,10.06,10.06,9.6198,0.0,0.0,1.0
2018-01-04,10.08,10.08,10.08,10.08,9.639,0.0,0.0,1.0
2018-01-05,10.1,10.1,10.1,10.1,9.6581,0.0,0.0,1.0
2018-01-08,10.1,10.1,10.1,10.1,9.6581,0.0,0.0,1.0
2018-01-09,10.09,10.09,10.09,10.09,9.6485,0.0,0.0,1.0
2018-01-10,10.09,10.09,10.09,10.09,9.6485,0.0,0.0,1.0
2018-01-11,10.11,10.11,10.11,10.11,9.6676,0.0,0.0,1.0
2018-01-12,10.11,10.11,10.11,10.11,9.6676,0.0,0.0,1.0
2018-01-16,10.11,10.11,10.11,10.11,9.6676,0.0,0.0,1.0
2018-01-17,10.12,10.12,10.12,10.12,9.6772,0.0,0.0,1.0
2018-01-18,10.1,10.1,10.1,10.1,9.6581,0.0,0.0,1.0
2018-01-19,10.1,10.1,10.1,10.1,9.6581,0.0,0.0,1.0
2018-01-22,10.1,10.1,10.1,10.1,9.6581,0.0,0.0,1.0
2018-01-23,10.08,10.08,10.08,10.08,9.6868,0.0,0.05,1.0
2018-01-24,10.07,10.07,10.07,10.07,9.6772,0.0,0.0,1.0
2018-01-25,10.07,10.07,10.07,10.07,9.6772,0.0,0.0,1.0
2018-01-26,10.05,10.05,10.05,10.05,9.6579,0.0,0.0,1.0
2018-01-29,10.04,10.04,10.04,10.04,9.6483,0.0,0.0,1.0
2018-01-30,10.03,10.03,10.03,10.03,9.6387,0.0,0.0,1.0
2018-01-31,10.02,10.02,10.02,10.02,9.6291,0.0,0.0,1.0
2018-02-01,10.0,10.0,10.0,10.0,9.6099,0.0,0.0,1.0
2018-02-02,10.0,10.0,10.0,10.0,9.6099,0.0,0.0,1.0
2018-02-05,10.05,10.05,10.05,10.05,9.6579,0.0,0.0,1.0
2018-02-06,9.97,9.97,9.97,9.97,9.5811,0.0,0.0,1.0
2018-02-07,9.97,9.97,9.97,9.97,9.5811,0.0,0.0,1.0
2018-02-08,9.98,9.98,9.98,9.98,9.5907,0.0,0.0,1.0
2018-02-09,9.97,9.97,9.97,9.97,9.5811,0.0,0.0,1.0
2018-02-12,9.97,9.97,9.97,9.97,9.5811,0.0,0.0,1.0
2018-02-13,9.97,9.97,9.97,9.97,9.5811,0.0,0.0,1.0
2018-02-14,9.96,9.96,9.96,9.96,9.6195,0.0,0.05,1.0
2018-02-15,9.91,9.91,9.91,9.91,9.5712,0.0,0.0,1.0
2018-02-16,9.92,9.92,9.92,9.92,9.5809,0.0,0.0,1.0
2018-02-20,9.92,9.92,9.92,9.92,9.5809,0.0,0.0,1.0
2018-02-21,9.91,9.91,9.91,9.91,9.5712,0.0,0.0,1.0
2018-02-22,9.92,9.92,9.92,9.92,9.5809,0.0,0.0,1.0
2018-02-23,9.94,9.94,9.94,9.94,9.6002,0.0,0.0,1.0
2018-02-26,9.95,9.95,9.95,9.95,9.6098,0.0,0.0,1.0
2018-02-27,9.93,9.93,9.93,9.93,9.5905,0.0,0.0,1.0
2018-02-28,9.95,9.95,9.95,9.95,9.6098,0.0,0.0,1.0
2018-03-01,9.98,9.98,9.98,9.98,9.6388,0.0,0.0,1.0
2018-03-02,9.96,9.96,9.96,9.96,9.6195,0.0,0.0,1.0
2018-03-05,9.97,9.97,9.97,9.97,9.6292,0.0,0.0,1.0
2018-03-06,9.97,9.97,9.97,9.97,9.6292,0.0,0.0,1.0
2018-03-07,9.97,9.97,9.97,9.97,9.6292,0.0,0.0,1.0
2018-03-08,9.98,9.98,9.98,9.98,9.6388,0.0,0.0,1.0
2018-03-09,9.96,9.96,9.96,9.96,9.6195,0.0,0.0,1.0
2018-03-12,9.97,9.97,9.97,9.97,9.6292,0.0,0.0,1.0
2018-03-13,9.97,9.97,9.97,9.97,9.6292,0.0,0.0,1.0
2018-03-14,9.95,9.95,9.95,9.95,9.6581,0.0,0.05,1.0
2018-03-15,9.95,9.95,9.95,9.95,9.6581,0.0,0.0,1.0
2018-03-16,9.94,9.94,9.94,9.94,9.6484,0.0,0.0,1.0
2018-03-19,9.94,9.94,9.94,9.94,9.6484,0.0,0.0,1.0
2018-03-20,9.92,9.92,9.92,9.92,9.629,0.0,0.0,1.0
2018-03-21,9.93,9.93,9.93,9.93,9.6387,0.0,0.0,1.0
2018-03-22,9.97,9.97,9.97,9.97,9.6775,0.0,0.0,1.0
2018-03-23,9.98,9.98,9.98,9.98,9.6873,0.0,0.0,1.0
2018-03-26,9.97,9.97,9.97,9.97,9.6775,0.0,0.0,1.0
2018-03-27,10.0,10.0,10.0,10.0,9.7067,0.0,0.0,1.0
2018-03-28,10.0,10.0,10.0,10.0,9.7067,0.0,0.0,1.0
2018-03-29,10.01,10.01,10.01,10.01,9.7164,0.0,0.0,1.0
2018-04-02,10.02,10.02,10.02,10.02,9.7261,0.0,0.0,1.0
2018-04-03,10.01,10.01,10.01,10.01,9.7164,0.0,0.0,1.0
2018-04-04,10.01,10.01,10.01,10.01,9.7164,0.0,0.0,1.0
2018-04-05,10.0,10.0,10.0,10.0,9.7067,0.0,0.0,1.0
2018-04-06,10.02,10.02,10.02,10.02,9.7261,0.0,0.0,1.0
2018-04-09,10.03,10.03,10.03,10.03,9.7358,0.0,0.0,1.0
2018-04-10,10.02,10.02,10.02,10.02,9.7261,0.0,0.0,1.0
2018-04-11,10.04,10.04,10.04,10.04,9.7455,0.0,0.0,1.0
2018-04-12,10.02,10.02,10.02,10.02,9.7261,0.0,0.0,1.0
2018-04-13,10.05,10.05,10.05,10.05,9.7552,0.0,0.0,1.0
2018-04-16,10.0,10.0,10.0,10.0,9.7552,0.0,0.05,1.0
2018-04-17,10.0,10.0,10.0,10.0,9.7552,0.0,0.0,1.0
2018-04-18,10.01,10.01,10.01,10.01,9.765,0.0,0.0,1.0
2018-04-19,10.0,10.0,10.0,10.0,9.7552,0.0,0.0,1.0
2018-04-20,9.99,9.99,9.99,9.99,9.7454,0.0,0.0,1.0
2018-04-23,9.99,9.99,9.99,9.99,9.7454,0.0,0.0,1.0
2018-04-24,9.99,9.99,9.99,9.99,9.7454,0.0,0.0,1.0
2018-04-25,9.98,9.98,9.98,9.98,9.7357,0.0,0.0,1.0
2018-04-26,10.0,10.0,10.0,10.0,9.7552,0.0,0.0,1.0
2018-04-27,10.01,10.01,10.01,10.01,9.765,0.0,0.0,1.0
2018-04-30,10.01,10.01,10.01,10.01,9.765,0.0,0.0,1.0
2018-05-01,10.02,10.02,10.02,10.02,9.7747,0.0,0.0,1.0
2018-05-02,10.02,10.02,10.02,10.02,9.7747,0.0,0.0,1.0
2018-05-03,10.03,10.03,10.03,10.03,9.7845,0.0,0.0,1.0
2018-05-04,10.03,10.03,10.03,10.03,9.7845,0.0,0.0,1.0
2018-05-07,10.05,10.05,10.05,10.05,9.804,0.0,0.0,1.0
2018-05-08,10.05,10.05,10.05,10.05,9.804,0.0,0.0,1.0
2018-05-09,10.04,10.04,10.04,10.04,9.7942,0.0,0.0,1.0
2018-05-10,10.07,10.07,10.07,10.07,9.8235,0.0,0.0,1.0
2018-05-11,10.08,10.08,10.08,10.08,9.8332,0.0,0.0,1.0
2018-05-14,10.02,10.02,10.02,10.02,9.8235,0.0,0.05,1.0
2018-05-15,10.0,10.0,10.0,10.0,9.8039,0.0,0.0,1.0
2018-05-16,9.98,9.98,9.98,9.98,9.7843,0.0,0.0,1.0
2018-05-17,9.98,9.98,9.98,9.98,9.7843,0.0,0.0,1.0
2018-05-18,10.01,10.01,10.01,10.01,9.8137,0.0,0.0,1.0
2018-05-21,10.01,10.01,10.01,10.01,9.8137,0.0,0.0,1.0
2018-05-22,10.01,10.01,10.01,10.01,9.8137,0.0,0.0,1.0
2018-05-23,10.03,10.03,10.03,10.03,9.8333,0.0,0.0,1.0
2018-05-24,10.04,10.04,10.04,10.04,9.8431,0.0,0.0,1.0
2018-05-25,10.06,10.06,10.06,10.06,9.8627,0.0,0.0,1.0
2018-05-29,10.12,10.12,10.12,10.12,9.9215,0.0,0.0,1.0
2018-05-30,10.08,10.08,10.08,10.08,9.8823,0.0,0.0,1.0
2018-05-31,10.07,10.07,10.07,10.07,9.8725,0.0,0.0,1.0
2018-06-01,10.06,10.06,10.06,10.06,9.8627,0.0,0.0,1.0
2018-06-04,10.04,10.04,10.04,10.04,9.8431,0.0,0.0,1.0
2018-06-05,10.05,10.05,10.05,10.05,9.8529,0.0,0.0,1.0
2018-06-06,10.04,10.04,10.04,10.04,9.8431,0.0,0.0,1.0
2018-06-07,10.06,10.06,10.06,10.06,9.8627,0.0,0.0,1.0
2018-06-08,10.05,10.05,10.05,10.05,9.8529,0.0,0.0,1.0
2018-06-11,10.05,10.05,10.05,10.05,9.8529,0.0,0.0,1.0
2018-06-12,10.0,10.0,10.0,10.0,9.8529,0.0,0.05,1.0
2018-06-13,10.0,10.0,10.0,10.0,9.8529,0.0,0.0,1.0
2018-06-14,10.02,10.02,10.02,10.02,9.8726,0.0,0.0,1.0
2018-06-15,10.03,10.03,10.03,10.03,9.8825,0.0,0.0,1.0
2018-06-18,10.06,10.06,10.06,10.06,9.912,0.0,0.0,1.0
2018-06-19,10.05,10.05,10.05,10.05,9.9022,0.0,0.0,1.0
2018-06-20,10.04,10.04,10.04,10.04,9.8923,0.0,0.0,1.0
2018-06-21,10.05,10.05,10.05,10.05,9.9022,0.0,0.0,1.0
2018-06-22,10.05,10.05,10.05,10.05,9.9022,0.0,0.0,1.0
2018-06-25,10.06,10.06,10.06,10.06,9.912,0.0,0.0,1.0
2018-06-26,10.06,10.06,10.06,10.06,9.912,0.0,0.0,1.0
2018-06-27,10.06,10.06,10.06,10.06,9.912,0.0,0.0,1.0
2018-06-28,10.06,10.06,10.06,10.06,9.912,0.0,0.0,1.0
2018-06-29,10.05,10.05,10.05,10.05,9.9022,0.0,0.0,1.0
2018-07-02,10.06,10.06,10.06,10.06,9.912,0.0,0.0,1.0
2018-07-03,10.07,10.07,10.07,10.07,9.9219,0.0,0.0,1.0
2018-07-05,10.09,10.09,10.09,10.09,9.9416,0.0,0.0,1.0
2018-07-06,10.09,10.09,10.09,10.09,9.9416,0.0,0.0,1.0
2018-07-09,10.1,10.1,10.1,10.1,9.9514,0.0,0.0,1.0
2018-07-10,10.11,10.11,10.11,10.11,9.9613,0.0,0.0,1.0
2018-07-11,10.11,10.11,10.11,10.11,9.9613,0.0,0.0,1.0
2018-07-12,10.12,10.12,10.12,10.12,9.9711,0.0,0.0,1.0
2018-07-13,10.13,10.13,10.13,10.13,9.981,0.0,0.0,1.0
2018-07-16,10.07,10.07,10.07,10.07,9.9711,0.0,0.05,1.0
2018-07-17,10.07,10.07,10.07,10.07,9.9711,0.0,0.0,1.0
2018-07-18,10.06,10.06,10.06,10.06,9.9612,0.0,0.0,1.0
2018-07-19,10.08,10.08,10.08,10.08,9.981,0.0,0.0,1.0
2018-07-20,10.07,10.07,10.07,10.07,9.9711,0.0,0.0,1.0
2018-07-23,10.06,10.06,10.06,10.06,9.9612,0.0,0.0,1.0
2018-07-24,10.07,10.07,10.07,10.07,9.9711,0.0,0.0,1.0
2018-07-25,10.06,10.06,10.06,10.06,9.9612,0.0,0.0,1.0
2018-07-26,10.06,10.06,10.06,10.06,9.9612,0.0,0.0,1.0
2018-07-27,10.07,10.07,10.07,10.07,9.9711,0.0,0.0,1.0
2018-07-30,10.07,10.07,10.07,10.07,9.9711,0.0,0.0,1.0
2018-07-31,10.07,10.07,10.07,10.07,9.9711,0.0,0.0,1.0
2018-08-01,10.07,10.07,10.07,10.07,9.9711,0.0,0.0,1.0
2018-08-02,10.07,10.07,10.07,10.07,9.9711,0.0,0.0,1.0
2018-08-03,10.09,10.09,10.09,10.09,9.9909,0.0,0.0,1.0
2018-08-06,10.09,10.09,10.09,10.09,9.9909,0.0,0.0,1.0
2018-08-07,10.1,10.1,10.1,10.1,10.0008,0.0,0.0,1.0
2018-08-08,10.11,10.11,10.11,10.11,10.0107,0.0,0.0,1.0
2018-08-09,10.14,10.14,10.14,10.14,10.0404,0.0,0.0,1.0
2018-08-10,10.16,10.16,10.16,10.16,10.0602,0.0,0.0,1.0
2018-08-13,10.11,10.11,10.11,10.11,10.0602,0.0,0.05,1.0
2018-08-14,10.1,10.1,10.1,10.1,10.0503,0.0,0.0,1.0
2018-08-15,10.12,10.12,10.12,10.12,10.0702,0.0,0.0,1.0
2018-08-16,10.11,10.11,10.11,10.11,10.0602,0.0,0.0,1.0
2018-08-17,10.14,10.14,10.14,10.14,10.0901,0.0,0.0,1.0
2018-08-20,10.16,10.16,10.16,10.16,10.11,0.0,0.0,1.0
2018-08-21,10.16,10.16,10.16,10.16,10.11,0.0,0.0,1.0
2018-08-22,10.17,10.17,10.17,10.17,10.12,0.0,0.0,1.0
2018-08-23,10.16,10.16,10.16,10.16,10.11,0.0,0.0,1.0
2018-08-24,10.17,10.17,10.17,10.17,10.12,0.0,0.0,1.0
2018-08-27,10.16,10.16,10.16,10.16,10.11,0.0,0.0,1.0
2018-08-28,10.15,10.15,10.15,10.15,10.1,0.0,0.0,1.0
2018-08-29,10.15,10.15,10.15,10.15,10.1,0.0,0.0,1.0
2018-08-30,10.17,10.17,10.17,10.17,10.12,0.0,0.0,1.0
2018-08-31,10.17,10.17,10.17,10.17,10.12,0.0,0.0,1.0
2018-09-04,10.17,10.17,10.17,10.17,10.12,0.0,0.0,1.0
2018-09-05,10.18,10.18,10.18,10.18,10.1299,0.0,0.0,1.0
2018-09-06,10.19,10.19,10.19,10.19,10.1399,0.0,0.0,1.0
2018-09-07,10.16,10.16,10.16,10.16,10.11,0.0,0.0,1.0
2018-09-10,10.16,10.16,10.16,10.16,10.11,0.0,0.0,1.0
2018-09-11,10.15,10.15,10.15,10.15,10.1,0.0,0.0,1.0
2018-09-12,10.15,10.15,10.15,10.15,10.1,0.0,0.0,1.0
2018-09-13,10.11,10.11,10.11,10.11,10.11,0.0,0.05,1.0
2018-09-14,10.1,10.1,10.1,10.1,10.1,0.0,0.0,1.0
2018-09-17,10.09,10.09,10.09,10.09,10.09,0.0,0.0,1.0
2018-09-18,10.1,10.1,10.1,10.1,10.1,0.0,0.0,1.0
2018-09-19,10.1,10.1,10.1,10.1,10.1,0.0,0.0,1.0
2018-09-20,10.1,10.1,10.1,10.1,10.1,0.0,0.0,1.0
2018-09-21,10.1,10.1,10.1,10.1,10.1,0.0,0.0,1.0
2018-09-24,10.11,10.11,10.11,10.11,10.11,0.0,0.0,1.0
2018-09-25,10.1,10.1,10.1,10.1,10.1,0.0,0.0,1.0
2018-09-26,10.11,10.11,10.11,10.11,10.11,0.0,0.0,1.0
