date,1. open,2. high,3. low,4. close,5. adjusted close,6. volume,7. dividend amount,8. split coefficient
2012-07-26,19.56,19.56,19.56,19.56,16.1469,0.0,0.0,1.0
2012-07-27,19.54,19.54,19.54,19.54,16.1304,0.0,0.0,1.0
2012-07-30,19.56,19.56,19.56,19.56,16.1469,0.0,0.0,1.0
2012-07-31,19.56,19.56,19.56,19.56,16.1469,0.0,0.0,1.0
2012-08-01,19.56,19.56,19.56,19.56,16.1469,0.0,0.0,1.0
2012-08-02,19.58,19.58,19.58,19.58,16.1634,0.0,0.0,1.0
2012-08-03,19.57,19.57,19.57,19.57,16.1551,0.0,0.0,1.0
2012-08-06,19.58,19.58,19.58,19.58,16.1634,0.0,0.0,1.0
2012-08-07,19.57,19.57,19.57,19.57,16.1551,0.0,0.0,1.0
2012-08-08,19.58,19.58,19.58,19.58,16.1634,0.0,0.0,1.0
2012-08-09,19.57,19.57,19.57,19.57,16.1551,0.0,0.0,1.0
2012-08-10,19.61,19.61,19.61,19.61,16.1881,0.0,0.0,1.0
2012-08-13,19.63,19.63,19.63,19.63,16.2046,0.0,0.0,1.0
2012-08-14,19.59,19.59,19.59,19.59,16.1716,0.0,0.0,1.0
2012-08-15,19.5,19.5,19.5,19.5,16.0973,0.0,0.0,1.0
2012-08-16,19.5,19.5,19.5,19.5,16.0973,0.0,0.0,1.0
2012-08-17,19.51,19.51,19.51,19.51,16.1056,0.0,0.0,1.0
2012-08-20,19.5,19.5,19.5,19.5,16.0973,0.0,0.0,1.0
2012-08-21,19.49,19.49,19.49,19.49,16.0891,0.0,0.0,1.0
2012-08-22,19.52,19.52,19.52,19.52,16.1138,0.0,0.0,1.0
2012-08-23,19.58,19.58,19.58,19.58,16.1634,0.0,0.0,1.0
2012-08-24,19.63,19.63,19.63,19.63,16.2046,0.0,0.0,1.0
2012-08-27,19.66,19.66,19.66,19.66,16.2294,0.0,0.0,1.0
2012-08-28,19.67,19.67,19.67,19.67,16.2377,0.0,0.0,1.0
2012-08-29,19.68,19.68,19.68,19.68,16.2459,0.0,0.0,1.0
2012-08-30,19.71,19.71,19.71,19.71,16.2707,0.0,0.0,1.0
2012-08-31,19.71,19.71,19.71,19.71,16.2707,0.0,0.0,1.0
2012-09-04,19.71,19.71,19.71,19.71,16.2707,0.0,0.0,1.0
2012-09-05,19.73,19.73,19.73,19.73,16.2872,0.0,0.0,1.0
2012-09-06,19.71,19.71,19.71,19.71,16.2707,0.0,0.0,1.0
2012-09-07,19.72,19.72,19.72,19.72,16.2789,0.0,0.0,1.0
2012-09-10,19.73,19.73,19.73,19.73,16.2872,0.0,0.0,1.0
2012-09-11,19.7,19.7,19.7,19.7,16.2624,0.0,0.0,1.0
2012-09-12,19.58,19.58,19.58,19.58,16.1634,0.0,0.0,1.0
2012-09-13,19.57,19.57,19.57,19.57,16.1551,0.0,0.0,1.0
2012-09-14,19.49,19.49,19.49,19.49,16.0891,0.0,0.0,1.0
2012-09-17,19.49,19.49,19.49,19.49,16.0891,0.0,0.0,1.0
2012-09-18,19.53,19.53,19.53,19.53,16.1221,0.0,0.0,1.0
2012-09-19,19.59,19.59,19.59,19.59,16.1716,0.0,0.0,1.0
2012-09-20,19.66,19.66,19.66,19.66,16.2294,0.0,0.0,1.0
2012-09-21,19.66,19.66,19.66,19.66,16.2294,0.0,0.0,1.0
2012-09-24,19.67,19.67,19.67,19.67,16.2377,0.0,0.0,1.0
2012-09-25,19.68,19.68,19.68,19.68,16.2459,0.0,0.0,1.0
2012-09-26,19.74,19.74,19.74,19.74,16.2955,0.0,0.0,1.0
2012-09-27,19.8,19.8,19.8,19.8,16.345,0.0,0.0,1.0
2012-09-28,19.84,19.84,19.84,19.84,16.378,0.0,0.0,1.0
2012-10-01,19.84,19.84,19.84,19.84,16.378,0.0,0.0,1.0
2012-10-02,19.85,19.85,19.85,19.85,16.3863,0.0,0.0,1.0
2012-10-03,19.84,19.84,19.84,19.84,16.378,0.0,0.0,1.0
2012-10-04,19.88,19.88,19.88,19.88,16.411,0.0,0.0,1.0
2012-10-05,19.89,19.89,19.89,19.89,16.4193,0.0,0.0,1.0
2012-10-08,19.87,19.87,19.87,19.87,16.4028,0.0,0.0,1.0
2012-10-09,19.88,19.88,19.88,19.88,16.411,0.0,0.0,1.0
2012-10-10,19.89,19.89,19.89,19.89,16.4193,0.0,0.0,1.0
2012-10-11,19.82,19.82,19.82,19.82,16.3615,0.0,0.0,1.0
2012-10-12,19.86,19.86,19.86,19.86,16.3945,0.0,0.0,1.0
2012-10-15,19.9,19.9,19.9,19.9,16.4275,0.0,0.0,1.0
2012-10-16,19.92,19.92,19.92,19.92,16.444,0.0,0.0,1.0
2012-10-17,19.91,19.91,19.91,19.91,16.4358,0.0,0.0,1.0
2012-10-18,19.93,19.93,19.93,19.93,16.4523,0.0,0.0,1.0
2012-10-19,19.92,19.92,19.92,19.92,16.444,0.0,0.0,1.0
2012-10-22,19.95,19.95,19.95,19.95,16.4688,0.0,0.0,1.0
2012-10-23,19.97,19.97,19.97,19.97,16.4853,0.0,0.0,1.0
2012-10-24,19.98,19.98,19.98,19.98,16.4936,0.0,0.0,1.0
2012-10-25,20.0,20.0,20.0,20.0,16.5101,0.0,0.0,1.0
2012-10-26,20.03,20.03,20.03,20.03,16.5348,0.0,0.0,1.0
2012-10-31,20.03,20.03,20.03,20.03,16.5348,0.0,0.0,1.0
2012-11-01,20.03,20.03,20.03,20.03,16.5348,0.0,0.0,1.0
2012-11-02,20.04,20.04,20.04,20.04,16.5431,0.0,0.0,1.0
2012-11-05,20.06,20.06,20.06,20.06,16.5596,0.0,0.0,1.0
2012-11-06,20.08,20.08,20.08,20.08,16.5761,0.0,0.0,1.0
2012-11-07,20.18,20.18,20.18,20.18,16.6587,0.0,0.0,1.0
2012-11-08,20.25,20.25,20.25,20.25,16.7165,0.0,0.0,1.0
2012-11-09,20.34,20.34,20.34,20.34,16.7908,0.0,0.0,1.0
2012-11-12,20.34,20.34,20.34,20.34,16.7908,0.0,0.0,1.0
2012-11-13,20.28,20.28,20.28,20.28,16.7412,0.0,0.0,1.0
2012-11-14,20.34,20.34,20.34,20.34,16.7908,0.0,0.0,1.0
2012-11-15,20.43,20.43,20.43,20.43,16.865,0.0,0.0,1.0
2012-11-16,20.47,20.47,20.47,20.47,16.8981,0.0,0.0,1.0
2012-11-19,20.51,20.51,20.51,20.51,16.9311,0.0,0.0,1.0
2012-11-20,20.53,20.53,20.53,20.53,16.9476,0.0,0.0,1.0
2012-11-21,20.56,20.56,20.56,20.56,16.9724,0.0,0.0,1.0
2012-11-23,20.57,20.57,20.57,20.57,16.9806,0.0,0.0,1.0
2012-11-26,20.6,20.6,20.6,20.6,17.0054,0.0,0.0,1.0
2012-11-27,20.68,20.68,20.68,20.68,17.0714,0.0,0.0,1.0
2012-11-28,20.74,20.74,20.74,20.74,17.121,0.0,0.0,1.0
2012-11-29,20.78,20.78,20.78,20.78,17.154,0.0,0.0,1.0
2012-11-30,20.81,20.81,20.81,20.81,17.1787,0.0,0.0,1.0
2012-12-03,20.83,20.83,20.83,20.83,17.1953,0.0,0.0,1.0
2012-12-04,20.85,20.85,20.85,20.85,17.2118,0.0,0.0,1.0
2012-12-05,20.88,20.88,20.88,20.88,17.2365,0.0,0.0,1.0
2012-12-06,20.89,20.89,20.89,20.89,17.2448,0.0,0.0,1.0
2012-12-07,20.94,20.94,20.94,20.94,17.2861,0.0,0.0,1.0
2012-12-10,20.94,20.94,20.94,20.94,17.2861,0.0,0.0,1.0
2012-12-11,20.87,20.87,20.87,20.87,17.2283,0.0,0.0,1.0
2012-12-12,20.52,20.52,20.52,20.52,16.9393,0.0,0.0,1.0
2012-12-13,20.42,20.42,20.42,20.42,16.8568,0.0,0.0,1.0
2012-12-14,20.3,20.3,20.3,20.3,16.7577,0.0,0.0,1.0
2012-12-17,20.14,20.14,20.14,20.14,16.6257,0.0,0.0,1.0
2012-12-18,20.0,20.0,20.0,20.0,16.5101,0.0,0.0,1.0
2012-12-19,20.05,20.05,20.05,20.05,16.5514,0.0,0.0,1.0
2012-12-20,20.06,20.06,20.06,20.06,16.5596,0.0,0.0,1.0
2012-12-21,20.08,20.08,20.08,20.08,16.5761,0.0,0.0,1.0
2012-12-24,20.09,20.09,20.09,20.09,16.5844,0.0,0.0,1.0
2012-12-26,20.09,20.09,20.09,20.09,16.5844,0.0,0.0,1.0
2012-12-27,20.08,20.08,20.08,20.08,16.5761,0.0,0.0,1.0
2012-12-28,20.09,20.09,20.09,20.09,16.5844,0.0,0.0,1.0
2012-12-31,20.1,20.1,20.1,20.1,16.5926,0.0,0.0,1.0
2013-01-02,20.1,20.1,20.1,20.1,16.5926,0.0,0.0,1.0
2013-01-03,20.12,20.12,20.12,20.12,16.6091,0.0,0.0,1.0
2013-01-04,20.11,20.11,20.11,20.11,16.6009,0.0,0.0,1.0
2013-01-07,20.13,20.13,20.13,20.13,16.6174,0.0,0.0,1.0
2013-01-08,20.19,20.19,20.19,20.19,16.6669,0.0,0.0,1.0
2013-01-09,20.25,20.25,20.25,20.25,16.7165,0.0,0.0,1.0
2013-01-10,20.28,20.28,20.28,20.28,16.7412,0.0,0.0,1.0
2013-01-11,20.25,20.25,20.25,20.25,16.7165,0.0,0.0,1.0
2013-01-14,20.29,20.29,20.29,20.29,16.7495,0.0,0.0,1.0
2013-01-15,20.34,20.34,20.34,20.34,16.7908,0.0,0.0,1.0
2013-01-16,20.41,20.41,20.41,20.41,16.8485,0.0,0.0,1.0
2013-01-17,20.41,20.41,20.41,20.41,16.8485,0.0,0.0,1.0
2013-01-18,20.44,20.44,20.44,20.44,16.8733,0.0,0.0,1.0
2013-01-22,20.45,20.45,20.45,20.45,16.8816,0.0,0.0,1.0
2013-01-23,20.46,20.46,20.46,20.46,16.8898,0.0,0.0,1.0
2013-01-24,20.48,20.48,20.48,20.48,16.9063,0.0,0.0,1.0
2013-01-25,20.46,20.46,20.46,20.46,16.8898,0.0,0.0,1.0
2013-01-28,20.43,20.43,20.43,20.43,16.865,0.0,0.0,1.0
2013-01-29,20.4,20.4,20.4,20.4,16.8403,0.0,0.0,1.0
2013-01-30,20.36,20.36,20.36,20.36,16.8073,0.0,0.0,1.0
2013-01-31,20.37,20.37,20.37,20.37,16.8155,0.0,0.0,1.0
2013-02-01,20.39,20.39,20.39,20.39,16.832,0.0,0.0,1.0
2013-02-04,20.36,20.36,20.36,20.36,16.8073,0.0,0.0,1.0
2013-02-05,20.37,20.37,20.37,20.37,16.8155,0.0,0.0,1.0
2013-02-06,20.36,20.36,20.36,20.36,16.8073,0.0,0.0,1.0
2013-02-07,20.4,20.4,20.4,20.4,16.8403,0.0,0.0,1.0
2013-02-08,20.4,20.4,20.4,20.4,16.8403,0.0,0.0,1.0
2013-02-11,20.4,20.4,20.4,20.4,16.8403,0.0,0.0,1.0
2013-02-12,20.4,20.4,20.4,20.4,16.8403,0.0,0.0,1.0
2013-02-13,20.28,20.28,20.28,20.28,16.7412,0.0,0.0,1.0
2013-02-14,20.26,20.26,20.26,20.26,16.7247,0.0,0.0,1.0
2013-02-15,20.28,20.28,20.28,20.28,16.7412,0.0,0.0,1.0
2013-02-19,20.31,20.31,20.31,20.31,16.766,0.0,0.0,1.0
2013-02-20,20.27,20.27,20.27,20.27,16.733,0.0,0.0,1.0
2013-02-21,20.27,20.27,20.27,20.27,16.733,0.0,0.0,1.0
2013-02-22,20.28,20.28,20.28,20.28,16.7412,0.0,0.0,1.0
2013-02-25,20.27,20.27,20.27,20.27,16.733,0.0,0.0,1.0
2013-02-26,20.29,20.29,20.29,20.29,16.7495,0.0,0.0,1.0
2013-02-27,20.33,20.33,20.33,20.33,16.7825,0.0,0.0,1.0
2013-02-28,20.32,20.32,20.32,20.32,16.7742,0.0,0.0,1.0
2013-03-01,20.37,20.37,20.37,20.37,16.8155,0.0,0.0,1.0
2013-03-04,20.38,20.38,20.38,20.38,16.8238,0.0,0.0,1.0
2013-03-05,20.36,20.36,20.36,20.36,16.8073,0.0,0.0,1.0
2013-03-06,20.3,20.3,20.3,20.3,16.7577,0.0,0.0,1.0
2013-03-07,20.29,20.29,20.29,20.29,16.7495,0.0,0.0,1.0
2013-03-08,20.19,20.19,20.19,20.19,16.6669,0.0,0.0,1.0
2013-03-11,20.18,20.18,20.18,20.18,16.6587,0.0,0.0,1.0
2013-03-12,20.16,20.16,20.16,20.16,16.6422,0.0,0.0,1.0
2013-03-13,20.05,20.05,20.05,20.05,16.5514,0.0,0.0,1.0
2013-03-14,20.01,20.01,20.01,20.01,16.5183,0.0,0.0,1.0
2013-03-15,20.02,20.02,20.02,20.02,16.5266,0.0,0.0,1.0
2013-03-18,20.05,20.05,20.05,20.05,16.5514,0.0,0.0,1.0
2013-03-19,20.06,20.06,20.06,20.06,16.5596,0.0,0.0,1.0
2013-03-20,20.06,20.06,20.06,20.06,16.5596,0.0,0.0,1.0
2013-03-21,20.08,20.08,20.08,20.08,16.5761,0.0,0.0,1.0
2013-03-22,20.1,20.1,20.1,20.1,16.5926,0.0,0.0,1.0
2013-03-25,20.1,20.1,20.1,20.1,16.5926,0.0,0.0,1.0
2013-03-26,20.1,20.1,20.1,20.1,16.5926,0.0,0.0,1.0
2013-03-27,20.1,20.1,20.1,20.1,16.5926,0.0,0.0,1.0
2013-03-28,20.12,20.12,20.12,20.12,16.6091,0.0,0.0,1.0
2013-04-01,20.12,20.12,20.12,20.12,16.6091,0.0,0.0,1.0
2013-04-02,20.12,20.12,20.12,20.12,16.6091,0.0,0.0,1.0
2013-04-03,20.14,20.14,20.14,20.14,16.6257,0.0,0.0,1.0
2013-04-04,20.18,20.18,20.18,20.18,16.6587,0.0,0.0,1.0
2013-04-05,20.34,20.34,20.34,20.34,16.7908,0.0,0.0,1.0
2013-04-08,20.35,20.35,20.35,20.35,16.799,0.0,0.0,1.0
2013-04-09,20.33,20.33,20.33,20.33,16.7825,0.0,0.0,1.0
2013-04-10,20.31,20.31,20.31,20.31,16.766,0.0,0.0,1.0
2013-04-11,20.21,20.21,20.21,20.21,16.6834,0.0,0.0,1.0
2013-04-12,20.24,20.24,20.24,20.24,16.7082,0.0,0.0,1.0
2013-04-15,20.25,20.25,20.25,20.25,16.7165,0.0,0.0,1.0
2013-04-16,20.25,20.25,20.25,20.25,16.7165,0.0,0.0,1.0
2013-04-17,20.28,20.28,20.28,20.28,16.7412,0.0,0.0,1.0
2013-04-18,20.29,20.29,20.29,20.29,16.7495,0.0,0.0,1.0
2013-04-19,20.3,20.3,20.3,20.3,16.7577,0.0,0.0,1.0
2013-04-22,20.29,20.29,20.29,20.29,16.7495,0.0,0.0,1.0
2013-04-23,20.29,20.29,20.29,20.29,16.7495,0.0,0.0,1.0
2013-04-24,20.28,20.28,20.28,20.28,16.7412,0.0,0.0,1.0
2013-04-25,20.3,20.3,20.3,20.3,16.7577,0.0,0.0,1.0
2013-04-26,20.34,20.34,20.34,20.34,16.7908,0.0,0.0,1.0
2013-04-29,20.35,20.35,20.35,20.35,16.799,0.0,0.0,1.0
2013-04-30,20.4,20.4,20.4,20.4,16.8403,0.0,0.0,1.0
2013-05-01,20.46,20.46,20.46,20.46,16.8898,0.0,0.0,1.0
2013-05-02,20.47,20.47,20.47,20.47,16.8981,0.0,0.0,1.0
2013-05-03,20.45,20.45,20.45,20.45,16.8816,0.0,0.0,1.0
2013-05-06,20.39,20.39,20.39,20.39,16.832,0.0,0.0,1.0
2013-05-07,20.38,20.38,20.38,20.38,16.8238,0.0,0.0,1.0
2013-05-08,20.39,20.39,20.39,20.39,16.832,0.0,0.0,1.0
2013-05-09,20.47,20.47,20.47,20.47,16.8981,0.0,0.0,1.0
2013-05-10,20.44,20.44,20.44,20.44,16.8733,0.0,0.0,1.0
2013-05-13,20.34,20.34,20.34,20.34,16.7908,0.0,0.0,1.0
2013-05-14,20.31,20.31,20.31,20.31,16.766,0.0,0.0,1.0
2013-05-15,20.31,20.31,20.31,20.31,16.766,0.0,0.0,1.0
2013-05-16,20.37,20.37,20.37,20.37,16.8155,0.0,0.0,1.0
2013-05-17,20.38,20.38,20.38,20.38,16.8238,0.0,0.0,1.0
2013-05-20,20.35,20.35,20.35,20.35,16.799,0.0,0.0,1.0
2013-05-21,20.33,20.33,20.33,20.33,16.7825,0.0,0.0,1.0
2013-05-22,20.32,20.32,20.32,20.32,16.7742,0.0,0.0,1.0
2013-05-23,20.26,20.26,20.26,20.26,16.7247,0.0,0.0,1.0
2013-05-24,20.27,20.27,20.27,20.27,16.733,0.0,0.0,1.0
2013-05-28,20.19,20.19,20.19,20.19,16.6669,0.0,0.0,1.0
2013-05-29,20.08,20.08,20.08,20.08,16.5761,0.0,0.0,1.0
2013-05-30,20.02,20.02,20.02,20.02,16.5266,0.0,0.0,1.0
2013-05-31,19.99,19.99,19.99,19.99,16.5018,0.0,0.0,1.0
2013-06-03,19.94,19.94,19.94,19.94,16.4606,0.0,0.0,1.0
2013-06-04,19.8,19.8,19.8,19.8,16.345,0.0,0.0,1.0
2013-06-05,19.78,19.78,19.78,19.78,16.3285,0.0,0.0,1.0
2013-06-06,19.78,19.78,19.78,19.78,16.3285,0.0,0.0,1.0
2013-06-07,19.7,19.7,19.7,19.7,16.2624,0.0,0.0,1.0
2013-06-10,19.56,19.56,19.56,19.56,16.1469,0.0,0.0,1.0
2013-06-11,19.35,19.35,19.35,19.35,15.9735,0.0,0.0,1.0
2013-06-12,19.14,19.14,19.14,19.14,15.8001,0.0,0.0,1.0
2013-06-13,19.03,19.03,19.03,19.03,15.7093,0.0,0.0,1.0
2013-06-14,19.02,19.02,19.02,19.02,15.7011,0.0,0.0,1.0
2013-06-17,19.03,19.03,19.03,19.03,15.7093,0.0,0.0,1.0
2013-06-18,18.98,18.98,18.98,18.98,15.6681,0.0,0.0,1.0
2013-06-19,18.9,18.9,18.9,18.9,15.602,0.0,0.0,1.0
2013-06-20,18.47,18.47,18.47,18.47,15.2471,0.0,0.0,1.0
2013-06-21,17.83,17.83,17.83,17.83,14.7187,0.0,0.0,1.0
2013-06-24,17.19,17.19,17.19,17.19,14.1904,0.0,0.0,1.0
2013-06-25,17.24,17.24,17.24,17.24,14.2317,0.0,0.0,1.0
2013-06-26,17.74,17.74,17.74,17.74,14.6444,0.0,0.0,1.0
2013-06-27,18.04,18.04,18.04,18.04,14.8921,0.0,0.0,1.0
2013-06-28,18.1,18.1,18.1,18.1,14.9416,0.0,0.0,1.0
2013-07-01,18.09,18.09,18.09,18.09,14.9334,0.0,0.0,1.0
2013-07-02,18.08,18.08,18.08,18.08,14.9251,0.0,0.0,1.0
2013-07-03,18.11,18.11,18.11,18.11,14.9499,0.0,0.0,1.0
2013-07-05,17.85,17.85,17.85,17.85,14.7352,0.0,0.0,1.0
2013-07-08,17.82,17.82,17.82,17.82,14.7105,0.0,0.0,1.0
2013-07-09,17.71,17.71,17.71,17.71,14.6197,0.0,0.0,1.0
2013-07-10,17.65,17.65,17.65,17.65,14.5701,0.0,0.0,1.0
2013-07-11,17.65,17.65,17.65,17.65,14.5701,0.0,0.0,1.0
2013-07-12,17.66,17.66,17.66,17.66,14.5784,0.0,0.0,1.0
2013-07-15,17.66,17.66,17.66,17.66,14.5784,0.0,0.0,1.0
2013-07-16,17.65,17.65,17.65,17.65,14.5701,0.0,0.0,1.0
2013-07-17,17.64,17.64,17.64,17.64,14.5619,0.0,0.0,1.0
2013-07-18,17.59,17.59,17.59,17.59,14.5206,0.0,0.0,1.0
2013-07-19,17.42,17.42,17.42,17.42,14.3803,0.0,0.0,1.0
2013-07-22,17.36,17.36,17.36,17.36,14.3308,0.0,0.0,1.0
2013-07-23,17.13,17.13,17.13,17.13,14.1409,0.0,0.0,1.0
2013-07-24,16.92,16.92,16.92,16.92,13.9675,0.0,0.0,1.0
2013-07-25,16.91,16.91,16.91,16.91,13.9593,0.0,0.0,1.0
2013-07-26,17.12,17.12,17.12,17.12,14.1326,0.0,0.0,1.0
2013-07-29,17.13,17.13,17.13,17.13,14.1409,0.0,0.0,1.0
2013-07-30,17.16,17.16,17.16,17.16,14.1657,0.0,0.0,1.0
2013-07-31,17.15,17.15,17.15,17.15,14.1574,0.0,0.0,1.0
2013-08-01,17.14,17.14,17.14,17.14,14.1491,0.0,0.0,1.0
2013-08-05,17.05,17.05,17.05,17.05,14.0748,0.0,0.0,1.0
2013-08-06,16.96,16.96,16.96,16.96,14.0005,0.0,0.0,1.0
2013-08-07,16.95,16.95,16.95,16.95,13.9923,0.0,0.0,1.0
2013-08-08,16.94,16.94,16.94,16.94,13.984,0.0,0.0,1.0
2013-08-09,16.94,16.94,16.94,16.94,13.984,0.0,0.0,1.0
2013-08-12,16.92,16.92,16.92,16.92,13.9675,0.0,0.0,1.0
2013-08-13,16.72,16.72,16.72,16.72,13.8024,0.0,0.0,1.0
2013-08-14,16.67,16.67,16.67,16.67,13.7612,0.0,0.0,1.0
2013-08-15,16.51,16.51,16.51,16.51,13.6291,0.0,0.0,1.0
2013-08-16,16.47,16.47,16.47,16.47,13.5961,0.0,0.0,1.0
2013-08-19,16.42,16.42,16.42,16.42,13.5548,0.0,0.0,1.0
2013-08-20,16.29,16.29,16.29,16.29,13.4475,0.0,0.0,1.0
2013-08-21,16.23,16.23,16.23,16.23,13.3979,0.0,0.0,1.0
2013-08-22,16.19,16.19,16.19,16.19,13.3649,0.0,0.0,1.0
2013-08-23,16.18,16.18,16.18,16.18,13.3567,0.0,0.0,1.0
2013-08-26,16.18,16.18,16.18,16.18,13.3567,0.0,0.0,1.0
2013-08-27,16.21,16.21,16.21,16.21,13.3814,0.0,0.0,1.0
2013-08-28,16.18,16.18,16.18,16.18,13.3567,0.0,0.0,1.0
2013-08-29,16.14,16.14,16.14,16.14,13.3236,0.0,0.0,1.0
2013-08-30,16.18,16.18,16.18,16.18,13.3567,0.0,0.0,1.0
2013-09-03,16.09,16.09,16.09,16.09,13.2824,0.0,0.0,1.0
2013-09-04,16.07,16.07,16.07,16.07,13.2659,0.0,0.0,1.0
2013-09-05,16.04,16.04,16.04,16.04,13.2411,0.0,0.0,1.0
2013-09-06,16.07,16.07,16.07,16.07,13.2659,0.0,0.0,1.0
2013-09-09,16.11,16.11,16.11,16.11,13.2989,0.0,0.0,1.0
2013-09-10,16.07,16.07,16.07,16.07,13.2659,0.0,0.0,1.0
2013-09-11,16.14,16.14,16.14,16.14,13.3236,0.0,0.0,1.0
2013-09-12,16.2,16.2,16.2,16.2,13.3732,0.0,0.0,1.0
2013-09-13,16.31,16.31,16.31,16.31,13.464,0.0,0.0,1.0
2013-09-16,16.45,16.45,16.45,16.45,13.5795,0.0,0.0,1.0
2013-09-17,16.47,16.47,16.47,16.47,13.5961,0.0,0.0,1.0
2013-09-18,16.61,16.61,16.61,16.61,13.7116,0.0,0.0,1.0
2013-09-19,16.77,16.77,16.77,16.77,13.8437,0.0,0.0,1.0
2013-09-20,16.85,16.85,16.85,16.85,13.9097,0.0,0.0,1.0
2013-09-23,16.88,16.88,16.88,16.88,13.9345,0.0,0.0,1.0
2013-09-24,16.9,16.9,16.9,16.9,13.951,0.0,0.0,1.0
2013-09-25,16.96,16.96,16.96,16.96,14.0005,0.0,0.0,1.0
2013-09-26,16.98,16.98,16.98,16.98,14.0171,0.0,0.0,1.0
2013-09-27,16.99,16.99,16.99,16.99,14.0253,0.0,0.0,1.0
2013-09-30,16.99,16.99,16.99,16.99,14.0253,0.0,0.0,1.0
2013-10-01,17.0,17.0,17.0,17.0,14.0336,0.0,0.0,1.0
2013-10-02,16.99,16.99,16.99,16.99,14.0253,0.0,0.0,1.0
2013-10-03,17.01,17.01,17.01,17.01,14.0418,0.0,0.0,1.0
2013-10-04,17.03,17.03,17.03,17.03,14.0583,0.0,0.0,1.0
2013-10-07,17.04,17.04,17.04,17.04,14.0666,0.0,0.0,1.0
2013-10-08,17.02,17.02,17.02,17.02,14.0501,0.0,0.0,1.0
2013-10-09,16.97,16.97,16.97,16.97,14.0088,0.0,0.0,1.0
2013-10-10,16.79,16.79,16.79,16.79,13.8602,0.0,0.0,1.0
2013-10-11,16.79,16.79,16.79,16.79,13.8602,0.0,0.0,1.0
2013-10-14,16.8,16.8,16.8,16.8,13.8685,0.0,0.0,1.0
2013-10-15,16.73,16.73,16.73,16.73,13.8107,0.0,0.0,1.0
2013-10-16,16.64,16.64,16.64,16.64,13.7364,0.0,0.0,1.0
2013-10-17,16.72,16.72,16.72,16.72,13.8024,0.0,0.0,1.0
2013-10-18,16.76,16.76,16.76,16.76,13.8354,0.0,0.0,1.0
2013-10-21,16.76,16.76,16.76,16.76,13.8354,0.0,0.0,1.0
2013-10-22,16.81,16.81,16.81,16.81,13.8767,0.0,0.0,1.0
2013-10-23,16.89,16.89,16.89,16.89,13.9428,0.0,0.0,1.0
2013-10-24,17.04,17.04,17.04,17.04,14.0666,0.0,0.0,1.0
2013-10-25,17.08,17.08,17.08,17.08,14.0996,0.0,0.0,1.0
2013-10-28,17.09,17.09,17.09,17.09,14.1079,0.0,0.0,1.0
2013-10-29,17.12,17.12,17.12,17.12,14.1326,0.0,0.0,1.0
2013-10-30,17.14,17.14,17.14,17.14,14.1491,0.0,0.0,1.0
2013-10-31,17.17,17.17,17.17,17.17,14.1739,0.0,0.0,1.0
2013-11-01,17.16,17.16,17.16,17.16,14.1657,0.0,0.0,1.0
2013-11-04,17.15,17.15,17.15,17.15,14.1574,0.0,0.0,1.0
2013-11-05,17.09,17.09,17.09,17.09,14.1079,0.0,0.0,1.0
2013-11-06,17.08,17.08,17.08,17.08,14.0996,0.0,0.0,1.0
2013-11-07,17.15,17.15,17.15,17.15,14.1574,0.0,0.0,1.0
2013-11-08,17.02,17.02,17.02,17.02,14.0501,0.0,0.0,1.0
2013-11-11,17.03,17.03,17.03,17.03,14.0583,0.0,0.0,1.0
2013-11-12,17.01,17.01,17.01,17.01,14.0418,0.0,0.0,1.0
2013-11-13,16.9,16.9,16.9,16.9,13.951,0.0,0.0,1.0
2013-11-14,16.94,16.94,16.94,16.94,13.984,0.0,0.0,1.0
2013-11-15,16.96,16.96,16.96,16.96,14.0005,0.0,0.0,1.0
2013-11-18,17.0,17.0,17.0,17.0,14.0336,0.0,0.0,1.0
2013-11-19,17.03,17.03,17.03,17.03,14.0583,0.0,0.0,1.0
2013-11-20,17.0,17.0,17.0,17.0,14.0336,0.0,0.0,1.0
2013-11-21,16.9,16.9,16.9,16.9,13.951,0.0,0.0,1.0
2013-11-22,16.92,16.92,16.92,16.92,13.9675,0.0,0.0,1.0
2013-11-25,16.94,16.94,16.94,16.94,13.984,0.0,0.0,1.0
2013-11-26,16.97,16.97,16.97,16.97,14.0088,0.0,0.0,1.0
2013-11-27,16.98,16.98,16.98,16.98,14.0171,0.0,0.0,1.0
2013-11-29,16.99,16.99,16.99,16.99,14.0253,0.0,0.0,1.0
2013-12-02,16.94,16.94,16.94,16.94,13.984,0.0,0.0,1.0
2013-12-03,16.94,16.94,16.94,16.94,13.984,0.0,0.0,1.0
2013-12-04,16.86,16.86,16.86,16.86,13.918,0.0,0.0,1.0
2013-12-05,16.83,16.83,16.83,16.83,13.8932,0.0,0.0,1.0
2013-12-06,16.85,16.85,16.85,16.85,13.9097,0.0,0.0,1.0
2013-12-09,16.85,16.85,16.85,16.85,13.9097,0.0,0.0,1.0
2013-12-10,16.9,16.9,16.9,16.9,13.951,0.0,0.0,1.0
2013-12-11,16.92,16.92,16.92,16.92,13.9675,0.0,0.0,1.0
2013-12-12,16.5,16.5,16.5,16.5,13.6208,0.0,0.0,1.0
2013-12-13,16.53,16.53,16.53,16.53,13.6456,0.0,0.0,1.0
2013-12-16,16.54,16.54,16.54,16.54,13.6538,0.0,0.0,1.0
2013-12-17,16.52,16.52,16.52,16.52,13.6373,0.0,0.0,1.0
2013-12-18,16.51,16.51,16.51,16.51,13.6291,0.0,0.0,1.0
2013-12-19,16.5,16.5,16.5,16.5,13.6208,0.0,0.0,1.0
2013-12-20,16.51,16.51,16.51,16.51,13.6291,0.0,0.0,1.0
2013-12-23,16.5,16.5,16.5,16.5,13.6208,0.0,0.0,1.0
2013-12-24,16.51,16.51,16.51,16.51,13.6291,0.0,0.0,1.0
2013-12-26,16.51,16.51,16.51,16.51,13.6291,0.0,0.0,1.0
2013-12-27,16.49,16.49,16.49,16.49,13.6126,0.0,0.0,1.0
2013-12-30,16.5,16.5,16.5,16.5,13.6208,0.0,0.0,1.0
2013-12-31,16.48,16.48,16.48,16.48,13.6043,0.0,0.0,1.0
2014-01-02,16.49,16.49,16.49,16.49,13.6126,0.0,0.0,1.0
2014-01-03,16.52,16.52,16.52,16.52,13.6373,0.0,0.0,1.0
2014-01-06,16.55,16.55,16.55,16.55,13.6621,0.0,0.0,1.0
2014-01-07,16.61,16.61,16.61,16.61,13.7116,0.0,0.0,1.0
2014-01-08,16.7,16.7,16.7,16.7,13.7859,0.0,0.0,1.0
2014-01-09,16.77,16.77,16.77,16.77,13.8437,0.0,0.0,1.0
2014-01-10,16.91,16.91,16.91,16.91,13.9593,0.0,0.0,1.0
2014-01-13,16.86,16.86,16.86,16.86,13.918,0.0,0.0,1.0
2014-01-14,16.9,16.9,16.9,16.9,13.951,0.0,0.0,1.0
2014-01-15,16.91,16.91,16.91,16.91,13.9593,0.0,0.0,1.0
2014-01-16,17.0,17.0,17.0,17.0,14.0336,0.0,0.0,1.0
2014-01-17,17.07,17.07,17.07,17.07,14.0914,0.0,0.0,1.0
2014-01-21,17.08,17.08,17.08,17.08,14.0996,0.0,0.0,1.0
2014-01-22,17.14,17.14,17.14,17.14,14.1491,0.0,0.0,1.0
2014-01-23,17.24,17.24,17.24,17.24,14.2317,0.0,0.0,1.0
2014-01-24,17.34,17.34,17.34,17.34,14.3142,0.0,0.0,1.0
2014-01-27,17.34,17.34,17.34,17.34,14.3142,0.0,0.0,1.0
2014-01-28,17.29,17.29,17.29,17.29,14.273,0.0,0.0,1.0
2014-01-29,17.28,17.28,17.28,17.28,14.2647,0.0,0.0,1.0
2014-01-30,17.27,17.27,17.27,17.27,14.2565,0.0,0.0,1.0
2014-01-31,17.29,17.29,17.29,17.29,14.273,0.0,0.0,1.0
2014-02-03,17.29,17.29,17.29,17.29,14.273,0.0,0.0,1.0
2014-02-04,17.33,17.33,17.33,17.33,14.306,0.0,0.0,1.0
2014-02-05,17.33,17.33,17.33,17.33,14.306,0.0,0.0,1.0
2014-02-06,17.32,17.32,17.32,17.32,14.2977,0.0,0.0,1.0
2014-02-07,17.34,17.34,17.34,17.34,14.3142,0.0,0.0,1.0
2014-02-10,17.35,17.35,17.35,17.35,14.3225,0.0,0.0,1.0
2014-02-11,17.35,17.35,17.35,17.35,14.3225,0.0,0.0,1.0
2014-02-12,17.3,17.3,17.3,17.3,14.2812,0.0,0.0,1.0
2014-02-13,17.3,17.3,17.3,17.3,14.2812,0.0,0.0,1.0
2014-02-14,17.31,17.31,17.31,17.31,14.2895,0.0,0.0,1.0
2014-02-18,17.33,17.33,17.33,17.33,14.306,0.0,0.0,1.0
2014-02-19,17.37,17.37,17.37,17.37,14.339,0.0,0.0,1.0
2014-02-20,17.39,17.39,17.39,17.39,14.3555,0.0,0.0,1.0
2014-02-21,17.42,17.42,17.42,17.42,14.3803,0.0,0.0,1.0
2014-02-24,17.46,17.46,17.46,17.46,14.4133,0.0,0.0,1.0
2014-02-25,17.51,17.51,17.51,17.51,14.4546,0.0,0.0,1.0
2014-02-26,17.57,17.57,17.57,17.57,14.5041,0.0,0.0,1.0
2014-02-27,17.69,17.69,17.69,17.69,14.6032,0.0,0.0,1.0
2014-02-28,17.73,17.73,17.73,17.73,14.6362,0.0,0.0,1.0
2014-03-03,17.79,17.79,17.79,17.79,14.6857,0.0,0.0,1.0
2014-03-04,17.8,17.8,17.8,17.8,14.694,0.0,0.0,1.0
2014-03-05,17.74,17.74,17.74,17.74,14.6444,0.0,0.0,1.0
2014-03-06,17.71,17.71,17.71,17.71,14.6197,0.0,0.0,1.0
2014-03-07,17.63,17.63,17.63,17.63,14.5536,0.0,0.0,1.0
2014-03-10,17.62,17.62,17.62,17.62,14.5454,0.0,0.0,1.0
2014-03-11,17.62,17.62,17.62,17.62,14.5454,0.0,0.0,1.0
2014-03-12,17.61,17.61,17.61,17.61,14.5371,0.0,0.0,1.0
2014-03-13,17.65,17.65,17.65,17.65,14.5701,0.0,0.0,1.0
2014-03-14,17.73,17.73,17.73,17.73,14.6362,0.0,0.0,1.0
2014-03-17,17.71,17.71,17.71,17.71,14.6197,0.0,0.0,1.0
2014-03-18,17.69,17.69,17.69,17.69,14.6032,0.0,0.0,1.0
2014-03-19,17.67,17.67,17.67,17.67,14.5867,0.0,0.0,1.0
2014-03-20,17.66,17.66,17.66,17.66,14.5784,0.0,0.0,1.0
2014-03-21,17.66,17.66,17.66,17.66,14.5784,0.0,0.0,1.0
2014-03-24,17.67,17.67,17.67,17.67,14.5867,0.0,0.0,1.0
2014-03-25,17.68,17.68,17.68,17.68,14.5949,0.0,0.0,1.0
2014-03-26,17.73,17.73,17.73,17.73,14.6362,0.0,0.0,1.0
2014-03-27,17.8,17.8,17.8,17.8,14.694,0.0,0.0,1.0
2014-03-28,17.82,17.82,17.82,17.82,14.7105,0.0,0.0,1.0
2014-03-31,17.81,17.81,17.81,17.81,14.7022,0.0,0.0,1.0
2014-04-01,17.78,17.78,17.78,17.78,14.6775,0.0,0.0,1.0
2014-04-02,17.77,17.77,17.77,17.77,14.6692,0.0,0.0,1.0
2014-04-03,17.8,17.8,17.8,17.8,14.694,0.0,0.0,1.0
2014-04-04,17.89,17.89,17.89,17.89,14.7683,0.0,0.0,1.0
2014-04-07,17.93,17.93,17.93,17.93,14.8013,0.0,0.0,1.0
2014-04-08,17.97,17.97,17.97,17.97,14.8343,0.0,0.0,1.0
2014-04-09,17.99,17.99,17.99,17.99,14.8508,0.0,0.0,1.0
2014-04-10,18.07,18.07,18.07,18.07,14.9169,0.0,0.0,1.0
2014-04-11,18.03,18.03,18.03,18.03,14.8838,0.0,0.0,1.0
2014-04-14,18.02,18.02,18.02,18.02,14.8756,0.0,0.0,1.0
2014-04-15,18.04,18.04,18.04,18.04,14.8921,0.0,0.0,1.0
2014-04-16,18.07,18.07,18.07,18.07,14.9169,0.0,0.0,1.0
2014-04-17,18.09,18.09,18.09,18.09,14.9334,0.0,0.0,1.0
2014-04-21,18.08,18.08,18.08,18.08,14.9251,0.0,0.0,1.0
2014-04-22,18.09,18.09,18.09,18.09,14.9334,0.0,0.0,1.0
2014-04-23,18.14,18.14,18.14,18.14,14.9746,0.0,0.0,1.0
2014-04-24,18.17,18.17,18.17,18.17,14.9994,0.0,0.0,1.0
2014-04-25,18.24,18.24,18.24,18.24,15.0572,0.0,0.0,1.0
2014-04-28,18.24,18.24,18.24,18.24,15.0572,0.0,0.0,1.0
2014-04-29,18.24,18.24,18.24,18.24,15.0572,0.0,0.0,1.0
2014-04-30,18.26,18.26,18.26,18.26,15.0737,0.0,0.0,1.0
2014-05-01,18.31,18.31,18.31,18.31,15.115,0.0,0.0,1.0
2014-05-02,18.32,18.32,18.32,18.32,15.1232,0.0,0.0,1.0
2014-05-05,18.34,18.34,18.34,18.34,15.1397,0.0,0.0,1.0
2014-05-06,18.37,18.37,18.37,18.37,15.1645,0.0,0.0,1.0
2014-05-07,18.43,18.43,18.43,18.43,15.214,0.0,0.0,1.0
2014-05-08,18.49,18.49,18.49,18.49,15.2636,0.0,0.0,1.0
2014-05-09,18.52,18.52,18.52,18.52,15.2883,0.0,0.0,1.0
2014-05-12,18.53,18.53,18.53,18.53,15.2966,0.0,0.0,1.0
2014-05-13,18.47,18.47,18.47,18.47,15.2471,0.0,0.0,1.0
2014-05-14,18.58,18.58,18.58,18.58,15.3379,0.0,0.0,1.0
2014-05-15,18.64,18.64,18.64,18.64,15.3874,0.0,0.0,1.0
2014-05-16,18.66,18.66,18.66,18.66,15.4039,0.0,0.0,1.0
2014-05-19,18.66,18.66,18.66,18.66,15.4039,0.0,0.0,1.0
2014-05-20,18.66,18.66,18.66,18.66,15.4039,0.0,0.0,1.0
2014-05-21,18.64,18.64,18.64,18.64,15.3874,0.0,0.0,1.0
2014-05-22,18.64,18.64,18.64,18.64,15.3874,0.0,0.0,1.0
2014-05-23,18.65,18.65,18.65,18.65,15.3957,0.0,0.0,1.0
2014-05-27,18.65,18.65,18.65,18.65,15.3957,0.0,0.0,1.0
2014-05-28,18.73,18.73,18.73,18.73,15.4617,0.0,0.0,1.0
2014-05-29,18.77,18.77,18.77,18.77,15.4947,0.0,0.0,1.0
2014-05-30,18.76,18.76,18.76,18.76,15.4865,0.0,0.0,1.0
2014-06-02,18.78,18.78,18.78,18.78,15.503,0.0,0.0,1.0
2014-06-03,18.71,18.71,18.71,18.71,15.4452,0.0,0.0,1.0
2014-06-04,18.7,18.7,18.7,18.7,15.4369,0.0,0.0,1.0
2014-06-05,18.69,18.69,18.69,18.69,15.4287,0.0,0.0,1.0
2014-06-06,18.71,18.71,18.71,18.71,15.4452,0.0,0.0,1.0
2014-06-09,18.7,18.7,18.7,18.7,15.4369,0.0,0.0,1.0
2014-06-10,18.66,18.66,18.66,18.66,15.4039,0.0,0.0,1.0
2014-06-11,18.66,18.66,18.66,18.66,15.4039,0.0,0.0,1.0
2014-06-12,18.57,18.57,18.57,18.57,15.3296,0.0,0.0,1.0
2014-06-13,18.6,18.6,18.6,18.6,15.3544,0.0,0.0,1.0
2014-06-16,18.61,18.61,18.61,18.61,15.3626,0.0,0.0,1.0
2014-06-17,18.61,18.61,18.61,18.61,15.3626,0.0,0.0,1.0
2014-06-18,18.61,18.61,18.61,18.61,15.3626,0.0,0.0,1.0
2014-06-19,18.63,18.63,18.63,18.63,15.3791,0.0,0.0,1.0
2014-06-20,18.65,18.65,18.65,18.65,15.3957,0.0,0.0,1.0
2014-06-23,18.65,18.65,18.65,18.65,15.3957,0.0,0.0,1.0
2014-06-24,18.67,18.67,18.67,18.67,15.4122,0.0,0.0,1.0
2014-06-25,18.72,18.72,18.72,18.72,15.4534,0.0,0.0,1.0
2014-06-26,18.75,18.75,18.75,18.75,15.4782,0.0,0.0,1.0
2014-06-27,18.76,18.76,18.76,18.76,15.4865,0.0,0.0,1.0
2014-06-30,18.71,18.71,18.71,18.71,15.4452,0.0,0.0,1.0
2014-07-01,18.68,18.68,18.68,18.68,15.4204,0.0,0.0,1.0
2014-07-02,18.59,18.59,18.59,18.59,15.3461,0.0,0.0,1.0
2014-07-03,18.55,18.55,18.55,18.55,15.3131,0.0,0.0,1.0
2014-07-07,18.52,18.52,18.52,18.52,15.2883,0.0,0.0,1.0
2014-07-08,18.44,18.44,18.44,18.44,15.2223,0.0,0.0,1.0
2014-07-09,18.37,18.37,18.37,18.37,15.1645,0.0,0.0,1.0
2014-07-10,18.38,18.38,18.38,18.38,15.1728,0.0,0.0,1.0
2014-07-11,18.32,18.32,18.32,18.32,15.1232,0.0,0.0,1.0
2014-07-14,18.33,18.33,18.33,18.33,15.1315,0.0,0.0,1.0
2014-07-15,18.41,18.41,18.41,18.41,15.1975,0.0,0.0,1.0
2014-07-16,18.43,18.43,18.43,18.43,15.214,0.0,0.0,1.0
2014-07-17,18.48,18.48,18.48,18.48,15.2553,0.0,0.0,1.0
2014-07-18,18.51,18.51,18.51,18.51,15.2801,0.0,0.0,1.0
2014-07-21,18.54,18.54,18.54,18.54,15.3048,0.0,0.0,1.0
2014-07-22,18.54,18.54,18.54,18.54,15.3048,0.0,0.0,1.0
2014-07-23,18.59,18.59,18.59,18.59,15.3461,0.0,0.0,1.0
2014-07-24,18.58,18.58,18.58,18.58,15.3379,0.0,0.0,1.0
2014-07-25,18.61,18.61,18.61,18.61,15.3626,0.0,0.0,1.0
2014-07-28,18.65,18.65,18.65,18.65,15.3957,0.0,0.0,1.0
2014-07-29,18.67,18.67,18.67,18.67,15.4122,0.0,0.0,1.0
2014-07-30,18.64,18.64,18.64,18.64,15.3874,0.0,0.0,1.0
2014-07-31,18.59,18.59,18.59,18.59,15.3461,0.0,0.0,1.0
2014-08-01,18.57,18.57,18.57,18.57,15.3296,0.0,0.0,1.0
2014-08-04,18.58,18.58,18.58,18.58,15.3379,0.0,0.0,1.0
2014-08-05,18.61,18.61,18.61,18.61,15.3626,0.0,0.0,1.0
2014-08-06,18.67,18.67,18.67,18.67,15.4122,0.0,0.0,1.0
2014-08-07,18.68,18.68,18.68,18.68,15.4204,0.0,0.0,1.0
2014-08-08,18.73,18.73,18.73,18.73,15.4617,0.0,0.0,1.0
2014-08-11,18.73,18.73,18.73,18.73,15.4617,0.0,0.0,1.0
2014-08-12,18.74,18.74,18.74,18.74,15.4699,0.0,0.0,1.0
2014-08-13,18.67,18.67,18.67,18.67,15.4122,0.0,0.0,1.0
2014-08-14,18.74,18.74,18.74,18.74,15.4699,0.0,0.0,1.0
2014-08-15,18.82,18.82,18.82,18.82,15.536,0.0,0.0,1.0
2014-08-18,18.8,18.8,18.8,18.8,15.5195,0.0,0.0,1.0
2014-08-19,18.83,18.83,18.83,18.83,15.5442,0.0,0.0,1.0
2014-08-20,18.83,18.83,18.83,18.83,15.5442,0.0,0.0,1.0
2014-08-21,18.87,18.87,18.87,18.87,15.5773,0.0,0.0,1.0
2014-08-22,18.89,18.89,18.89,18.89,15.5938,0.0,0.0,1.0
2014-08-25,18.9,18.9,18.9,18.9,15.602,0.0,0.0,1.0
2014-08-26,18.93,18.93,18.93,18.93,15.6268,0.0,0.0,1.0
2014-08-27,18.97,18.97,18.97,18.97,15.6598,0.0,0.0,1.0
2014-08-28,19.05,19.05,19.05,19.05,15.7259,0.0,0.0,1.0
2014-08-29,19.09,19.09,19.09,19.09,15.7589,0.0,0.0,1.0
2014-09-02,19.08,19.08,19.08,19.08,15.7506,0.0,0.0,1.0
2014-09-03,19.05,19.05,19.05,19.05,15.7259,0.0,0.0,1.0
2014-09-04,19.04,19.04,19.04,19.04,15.7176,0.0,0.0,1.0
2014-09-05,19.09,19.09,19.09,19.09,15.7589,0.0,0.0,1.0
2014-09-08,19.1,19.1,19.1,19.1,15.7671,0.0,0.0,1.0
2014-09-09,19.11,19.11,19.11,19.11,15.7754,0.0,0.0,1.0
2014-09-10,19.09,19.09,19.09,19.09,15.7589,0.0,0.0,1.0
2014-09-11,19.01,19.01,19.01,19.01,15.6928,0.0,0.0,1.0
2014-09-12,19.0,19.0,19.0,19.0,15.6846,0.0,0.0,1.0
2014-09-15,18.99,18.99,18.99,18.99,15.6763,0.0,0.0,1.0
2014-09-16,18.99,18.99,18.99,18.99,15.6763,0.0,0.0,1.0
2014-09-17,19.0,19.0,19.0,19.0,15.6846,0.0,0.0,1.0
2014-09-18,19.01,19.01,19.01,19.01,15.6928,0.0,0.0,1.0
2014-09-19,19.04,19.04,19.04,19.04,15.7176,0.0,0.0,1.0
2014-09-22,19.05,19.05,19.05,19.05,15.7259,0.0,0.0,1.0
2014-09-23,19.09,19.09,19.09,19.09,15.7589,0.0,0.0,1.0
2014-09-24,19.11,19.11,19.11,19.11,15.7754,0.0,0.0,1.0
2014-09-25,19.14,19.14,19.14,19.14,15.8001,0.0,0.0,1.0
2014-09-26,19.12,19.12,19.12,19.12,15.7836,0.0,0.0,1.0
2014-09-29,19.15,19.15,19.15,19.15,15.8084,0.0,0.0,1.0
2014-09-30,19.15,19.15,19.15,19.15,15.8084,0.0,0.0,1.0
2014-10-01,19.19,19.19,19.19,19.19,15.8414,0.0,0.0,1.0
2014-10-02,19.21,19.21,19.21,19.21,15.8579,0.0,0.0,1.0
2014-10-03,19.22,19.22,19.22,19.22,15.8662,0.0,0.0,1.0
2014-10-06,19.23,19.23,19.23,19.23,15.8744,0.0,0.0,1.0
2014-10-07,19.27,19.27,19.27,19.27,15.9075,0.0,0.0,1.0
2014-10-08,19.3,19.3,19.3,19.3,15.9322,0.0,0.0,1.0
2014-10-09,19.41,19.41,19.41,19.41,16.023,0.0,0.0,1.0
2014-10-10,19.44,19.44,19.44,19.44,16.0478,0.0,0.0,1.0
2014-10-13,19.43,19.43,19.43,19.43,16.0395,0.0,0.0,1.0
2014-10-14,19.53,19.53,19.53,19.53,16.1221,0.0,0.0,1.0
2014-10-15,19.64,19.64,19.64,19.64,16.2129,0.0,0.0,1.0
2014-10-16,19.51,19.51,19.51,19.51,16.1056,0.0,0.0,1.0
2014-10-17,19.46,19.46,19.46,19.46,16.0643,0.0,0.0,1.0
2014-10-20,19.41,19.41,19.41,19.41,16.023,0.0,0.0,1.0
2014-10-21,19.32,19.32,19.32,19.32,15.9487,0.0,0.0,1.0
2014-10-22,19.33,19.33,19.33,19.33,15.957,0.0,0.0,1.0
2014-10-23,19.29,19.29,19.29,19.29,15.924,0.0,0.0,1.0
2014-10-24,19.33,19.33,19.33,19.33,15.957,0.0,0.0,1.0
2014-10-27,19.35,19.35,19.35,19.35,15.9735,0.0,0.0,1.0
2014-10-28,19.36,19.36,19.36,19.36,15.9818,0.0,0.0,1.0
2014-10-29,19.34,19.34,19.34,19.34,15.9652,0.0,0.0,1.0
2014-10-30,19.35,19.35,19.35,19.35,15.9735,0.0,0.0,1.0
2014-10-31,19.33,19.33,19.33,19.33,15.957,0.0,0.0,1.0
2014-11-03,19.3,19.3,19.3,19.3,15.9322,0.0,0.0,1.0
2014-11-04,19.28,19.28,19.28,19.28,15.9157,0.0,0.0,1.0
2014-11-05,19.26,19.26,19.26,19.26,15.8992,0.0,0.0,1.0
2014-11-06,19.24,19.24,19.24,19.24,15.8827,0.0,0.0,1.0
2014-11-07,19.24,19.24,19.24,19.24,15.8827,0.0,0.0,1.0
2014-11-10,19.26,19.26,19.26,19.26,15.8992,0.0,0.0,1.0
2014-11-11,19.27,19.27,19.27,19.27,15.9075,0.0,0.0,1.0
2014-11-12,19.28,19.28,19.28,19.28,15.9157,0.0,0.0,1.0
2014-11-13,19.27,19.27,19.27,19.27,15.9075,0.0,0.0,1.0
2014-11-14,19.28,19.28,19.28,19.28,15.9157,0.0,0.0,1.0
2014-11-17,19.28,19.28,19.28,19.28,15.9157,0.0,0.0,1.0
2014-11-18,19.15,19.15,19.15,19.15,15.8084,0.0,0.0,1.0
2014-11-19,19.18,19.18,19.18,19.18,15.8332,0.0,0.0,1.0
2014-11-20,19.21,19.21,19.21,19.21,15.8579,0.0,0.0,1.0
2014-11-21,19.22,19.22,19.22,19.22,15.8662,0.0,0.0,1.0
2014-11-24,19.23,19.23,19.23,19.23,15.8744,0.0,0.0,1.0
2014-11-25,19.23,19.23,19.23,19.23,15.8744,0.0,0.0,1.0
2014-11-26,19.27,19.27,19.27,19.27,15.9075,0.0,0.0,1.0
2014-11-28,19.3,19.3,19.3,19.3,15.9322,0.0,0.0,1.0
2014-12-01,19.36,19.36,19.36,19.36,15.9818,0.0,0.0,1.0
2014-12-02,19.36,19.36,19.36,19.36,15.9818,0.0,0.0,1.0
2014-12-03,19.37,19.37,19.37,19.37,15.99,0.0,0.0,1.0
2014-12-04,19.43,19.43,19.43,19.43,16.0395,0.0,0.0,1.0
2014-12-05,19.43,19.43,19.43,19.43,16.0395,0.0,0.0,1.0
2014-12-08,19.47,19.47,19.47,19.47,16.0726,0.0,0.0,1.0
2014-12-09,19.54,19.54,19.54,19.54,16.1304,0.0,0.0,1.0
2014-12-10,19.56,19.56,19.56,19.56,16.1469,0.0,0.0,1.0
2014-12-11,19.56,19.56,19.56,19.56,16.1469,0.0,0.0,1.0
2014-12-12,19.58,19.58,19.58,19.58,16.1634,0.0,0.0,1.0
2014-12-15,19.57,19.57,19.57,19.57,16.1551,0.0,0.0,1.0
2014-12-16,19.57,19.57,19.57,19.57,16.1551,0.0,0.0,1.0
2014-12-17,19.48,19.48,19.48,19.48,16.0808,0.0,0.0,1.0
2014-12-18,19.4,19.4,19.4,19.4,16.0148,0.0,0.0,1.0
2014-12-19,19.41,19.41,19.41,19.41,16.023,0.0,0.0,1.0
2014-12-22,19.42,19.42,19.42,19.42,16.0313,0.0,0.0,1.0
2014-12-23,19.42,19.42,19.42,19.42,16.0313,0.0,0.0,1.0
2014-12-24,19.41,19.41,19.41,19.41,16.023,0.0,0.0,1.0
2014-12-26,19.42,19.42,19.42,19.42,16.0313,0.0,0.0,1.0
2014-12-29,19.43,19.43,19.43,19.43,16.0395,0.0,0.0,1.0
2014-12-30,19.5,19.5,19.5,19.5,16.0973,0.0,0.0,1.0
2014-12-31,19.52,19.52,19.52,19.52,16.1138,0.0,0.0,1.0
2015-01-02,19.57,19.57,19.57,19.57,16.1551,0.0,0.0,1.0
2015-01-05,19.61,19.61,19.61,19.61,16.1881,0.0,0.0,1.0
2015-01-06,19.78,19.78,19.78,19.78,16.3285,0.0,0.0,1.0
2015-01-07,19.78,19.78,19.78,19.78,16.3285,0.0,0.0,1.0
2015-01-08,19.77,19.77,19.77,19.77,16.3202,0.0,0.0,1.0
2015-01-09,19.82,19.82,19.82,19.82,16.3615,0.0,0.0,1.0
2015-01-12,19.85,19.85,19.85,19.85,16.3863,0.0,0.0,1.0
2015-01-13,19.78,19.78,19.78,19.78,16.4094,0.0,0.098,1.0
2015-01-14,19.87,19.87,19.87,19.87,16.484,0.0,0.0,1.0
2015-01-15,19.87,19.87,19.87,19.87,16.484,0.0,0.0,1.0
2015-01-16,19.89,19.89,19.89,19.89,16.5006,0.0,0.0,1.0
2015-01-20,19.88,19.88,19.88,19.88,16.4923,0.0,0.0,1.0
2015-01-21,19.83,19.83,19.83,19.83,16.4508,0.0,0.0,1.0
2015-01-22,19.8,19.8,19.8,19.8,16.426,0.0,0.0,1.0
2015-01-23,19.84,19.84,19.84,19.84,16.4591,0.0,0.0,1.0
2015-01-26,19.84,19.84,19.84,19.84,16.4591,0.0,0.0,1.0
2015-01-27,19.89,19.89,19.89,19.89,16.5006,0.0,0.0,1.0
2015-01-28,19.89,19.89,19.89,19.89,16.5006,0.0,0.0,1.0
2015-01-29,19.94,19.94,19.94,19.94,16.5421,0.0,0.0,1.0
2015-01-30,19.98,19.98,19.98,19.98,16.5753,0.0,0.0,1.0
2015-02-02,19.99,19.99,19.99,19.99,16.5836,0.0,0.0,1.0
2015-02-03,19.92,19.92,19.92,19.92,16.5255,0.0,0.0,1.0
2015-02-04,19.87,19.87,19.87,19.87,16.484,0.0,0.0,1.0
2015-02-05,19.88,19.88,19.88,19.88,16.4923,0.0,0.0,1.0
2015-02-06,19.8,19.8,19.8,19.8,16.426,0.0,0.0,1.0
2015-02-09,19.78,19.78,19.78,19.78,16.4094,0.0,0.0,1.0
2015-02-10,19.69,19.69,19.69,19.69,16.3347,0.0,0.0,1.0
2015-02-11,19.66,19.66,19.66,19.66,16.3098,0.0,0.0,1.0
2015-02-12,19.57,19.57,19.57,19.57,16.2352,0.0,0.0,1.0
2015-02-13,19.57,19.57,19.57,19.57,16.2352,0.0,0.0,1.0
2015-02-17,19.5,19.5,19.5,19.5,16.1771,0.0,0.0,1.0
2015-02-18,19.54,19.54,19.54,19.54,16.2103,0.0,0.0,1.0
2015-02-19,19.54,19.54,19.54,19.54,16.2103,0.0,0.0,1.0
2015-02-20,19.56,19.56,19.56,19.56,16.2269,0.0,0.0,1.0
2015-02-23,19.55,19.55,19.55,19.55,16.2186,0.0,0.0,1.0
2015-02-24,19.55,19.55,19.55,19.55,16.2186,0.0,0.0,1.0
2015-02-25,19.58,19.58,19.58,19.58,16.2435,0.0,0.0,1.0
2015-02-26,19.62,19.62,19.62,19.62,16.2766,0.0,0.0,1.0
2015-02-27,19.59,19.59,19.59,19.59,16.2517,0.0,0.0,1.0
2015-03-02,19.57,19.57,19.57,19.57,16.2352,0.0,0.0,1.0
2015-03-03,19.54,19.54,19.54,19.54,16.2103,0.0,0.0,1.0
2015-03-04,19.54,19.54,19.54,19.54,16.2103,0.0,0.0,1.0
2015-03-05,19.54,19.54,19.54,19.54,16.2103,0.0,0.0,1.0
2015-03-06,19.45,19.45,19.45,19.45,16.1356,0.0,0.0,1.0
2015-03-09,19.44,19.44,19.44,19.44,16.1273,0.0,0.0,1.0
2015-03-10,19.45,19.45,19.45,19.45,16.1356,0.0,0.0,1.0
2015-03-11,19.47,19.47,19.47,19.47,16.1522,0.0,0.0,1.0
2015-03-12,19.43,19.43,19.43,19.43,16.119,0.0,0.0,1.0
2015-03-13,19.43,19.43,19.43,19.43,16.119,0.0,0.0,1.0
2015-03-16,19.44,19.44,19.44,19.44,16.1273,0.0,0.0,1.0
2015-03-17,19.49,19.49,19.49,19.49,16.1688,0.0,0.0,1.0
2015-03-18,19.52,19.52,19.52,19.52,16.1937,0.0,0.0,1.0
2015-03-19,19.63,19.63,19.63,19.63,16.2849,0.0,0.0,1.0
2015-03-20,19.63,19.63,19.63,19.63,16.2849,0.0,0.0,1.0
2015-03-23,19.62,19.62,19.62,19.62,16.2766,0.0,0.0,1.0
2015-03-24,19.61,19.61,19.61,19.61,16.2683,0.0,0.0,1.0
2015-03-25,19.61,19.61,19.61,19.61,16.2683,0.0,0.0,1.0
2015-03-26,19.58,19.58,19.58,19.58,16.2435,0.0,0.0,1.0
2015-03-27,19.58,19.58,19.58,19.58,16.2435,0.0,0.0,1.0
2015-03-30,19.58,19.58,19.58,19.58,16.2435,0.0,0.0,1.0
2015-03-31,19.57,19.57,19.57,19.57,16.2352,0.0,0.0,1.0
2015-04-01,19.59,19.59,19.59,19.59,16.2517,0.0,0.0,1.0
2015-04-02,19.6,19.6,19.6,19.6,16.26,0.0,0.0,1.0
2015-04-06,19.63,19.63,19.63,19.63,16.2849,0.0,0.0,1.0
2015-04-07,19.62,19.62,19.62,19.62,16.2766,0.0,0.0,1.0
2015-04-08,19.6,19.6,19.6,19.6,16.26,0.0,0.0,1.0
2015-04-09,19.56,19.56,19.56,19.56,16.2269,0.0,0.0,1.0
2015-04-10,19.57,19.57,19.57,19.57,16.2352,0.0,0.0,1.0
2015-04-13,19.47,19.47,19.47,19.47,16.2335,0.0,0.098,1.0
2015-04-14,19.49,19.49,19.49,19.49,16.2502,0.0,0.0,1.0
2015-04-15,19.46,19.46,19.46,19.46,16.2252,0.0,0.0,1.0
2015-04-16,19.44,19.44,19.44,19.44,16.2085,0.0,0.0,1.0
2015-04-17,19.46,19.46,19.46,19.46,16.2252,0.0,0.0,1.0
2015-04-20,19.47,19.47,19.47,19.47,16.2335,0.0,0.0,1.0
2015-04-21,19.44,19.44,19.44,19.44,16.2085,0.0,0.0,1.0
2015-04-22,19.39,19.39,19.39,19.39,16.1668,0.0,0.0,1.0
2015-04-23,19.39,19.39,19.39,19.39,16.1668,0.0,0.0,1.0
2015-04-24,19.44,19.44,19.44,19.44,16.2085,0.0,0.0,1.0
2015-04-27,19.44,19.44,19.44,19.44,16.2085,0.0,0.0,1.0
2015-04-28,19.39,19.39,19.39,19.39,16.1668,0.0,0.0,1.0
2015-04-29,19.33,19.33,19.33,19.33,16.1168,0.0,0.0,1.0
2015-04-30,19.28,19.28,19.28,19.28,16.0751,0.0,0.0,1.0
2015-05-01,19.26,19.26,19.26,19.26,16.0584,0.0,0.0,1.0
2015-05-04,19.25,19.25,19.25,19.25,16.0501,0.0,0.0,1.0
2015-05-05,19.21,19.21,19.21,19.21,16.0167,0.0,0.0,1.0
2015-05-06,19.14,19.14,19.14,19.14,15.9584,0.0,0.0,1.0
2015-05-07,19.18,19.18,19.18,19.18,15.9917,0.0,0.0,1.0
2015-05-08,19.21,19.21,19.21,19.21,16.0167,0.0,0.0,1.0
2015-05-11,19.17,19.17,19.17,19.17,15.9834,0.0,0.0,1.0
2015-05-12,19.11,19.11,19.11,19.11,15.9333,0.0,0.0,1.0
2015-05-13,18.98,18.98,18.98,18.98,15.9067,0.0,0.098,1.0
2015-05-14,18.93,18.93,18.93,18.93,15.8648,0.0,0.0,1.0
2015-05-15,18.94,18.94,18.94,18.94,15.8731,0.0,0.0,1.0
2015-05-18,18.93,18.93,18.93,18.93,15.8648,0.0,0.0,1.0
2015-05-19,18.91,18.91,18.91,18.91,15.848,0.0,0.0,1.0
2015-05-20,18.83,18.83,18.83,18.83,15.7809,0.0,0.0,1.0
2015-05-21,18.85,18.85,18.85,18.85,15.7977,0.0,0.0,1.0
2015-05-22,18.87,18.87,18.87,18.87,15.8145,0.0,0.0,1.0
2015-05-26,18.92,18.92,18.92,18.92,15.8564,0.0,0.0,1.0
2015-05-27,18.94,18.94,18.94,18.94,15.8731,0.0,0.0,1.0
2015-05-28,18.96,18.96,18.96,18.96,15.8899,0.0,0.0,1.0
2015-05-29,19.03,19.03,19.03,19.03,15.9486,0.0,0.0,1.0
2015-06-01,19.01,19.01,19.01,19.01,15.9318,0.0,0.0,1.0
2015-06-02,18.95,18.95,18.95,18.95,15.8815,0.0,0.0,1.0
2015-06-03,18.9,18.9,18.9,18.9,15.8396,0.0,0.0,1.0
2015-06-04,18.92,18.92,18.92,18.92,15.8564,0.0,0.0,1.0
2015-06-05,18.86,18.86,18.86,18.86,15.8061,0.0,0.0,1.0
2015-06-08,18.86,18.86,18.86,18.86,15.8061,0.0,0.0,1.0
2015-06-09,18.85,18.85,18.85,18.85,15.7977,0.0,0.0,1.0
2015-06-10,18.82,18.82,18.82,18.82,15.7726,0.0,0.0,1.0
2015-06-11,18.76,18.76,18.76,18.76,15.8044,0.0,0.098,1.0
2015-06-12,18.8,18.8,18.8,18.8,15.8381,0.0,0.0,1.0
2015-06-15,18.82,18.82,18.82,18.82,15.855,0.0,0.0,1.0
2015-06-16,18.86,18.86,18.86,18.86,15.8887,0.0,0.0,1.0
2015-06-17,18.83,18.83,18.83,18.83,15.8634,0.0,0.0,1.0
2015-06-18,18.82,18.82,18.82,18.82,15.855,0.0,0.0,1.0
2015-06-19,18.85,18.85,18.85,18.85,15.8802,0.0,0.0,1.0
2015-06-22,18.85,18.85,18.85,18.85,15.8802,0.0,0.0,1.0
2015-06-23,18.83,18.83,18.83,18.83,15.8634,0.0,0.0,1.0
2015-06-24,18.82,18.82,18.82,18.82,15.855,0.0,0.0,1.0
2015-06-25,18.82,18.82,18.82,18.82,15.855,0.0,0.0,1.0
2015-06-26,18.8,18.8,18.8,18.8,15.8381,0.0,0.0,1.0
2015-06-29,18.75,18.75,18.75,18.75,15.796,0.0,0.0,1.0
2015-06-30,18.76,18.76,18.76,18.76,15.8044,0.0,0.0,1.0
2015-07-01,18.7,18.7,18.7,18.7,15.7539,0.0,0.0,1.0
2015-07-02,18.69,18.69,18.69,18.69,15.7454,0.0,0.0,1.0
2015-07-06,18.73,18.73,18.73,18.73,15.7791,0.0,0.0,1.0
2015-07-07,18.78,18.78,18.78,18.78,15.8213,0.0,0.0,1.0
2015-07-08,18.78,18.78,18.78,18.78,15.8213,0.0,0.0,1.0
2015-07-09,18.75,18.75,18.75,18.75,15.796,0.0,0.0,1.0
2015-07-10,18.7,18.7,18.7,18.7,15.7539,0.0,0.0,1.0
2015-07-13,18.59,18.59,18.59,18.59,15.7438,0.0,0.098,1.0
2015-07-14,18.6,18.6,18.6,18.6,15.7522,0.0,0.0,1.0
2015-07-15,18.63,18.63,18.63,18.63,15.7776,0.0,0.0,1.0
2015-07-16,18.65,18.65,18.65,18.65,15.7946,0.0,0.0,1.0
2015-07-17,18.67,18.67,18.67,18.67,15.8115,0.0,0.0,1.0
2015-07-20,18.68,18.68,18.68,18.68,15.82,0.0,0.0,1.0
2015-07-21,18.69,18.69,18.69,18.69,15.8284,0.0,0.0,1.0
2015-07-22,18.75,18.75,18.75,18.75,15.8793,0.0,0.0,1.0
2015-07-23,18.79,18.79,18.79,18.79,15.9131,0.0,0.0,1.0
2015-07-24,18.79,18.79,18.79,18.79,15.9131,0.0,0.0,1.0
2015-07-27,18.81,18.81,18.81,18.81,15.9301,0.0,0.0,1.0
2015-07-28,18.8,18.8,18.8,18.8,15.9216,0.0,0.0,1.0
2015-07-29,18.78,18.78,18.78,18.78,15.9047,0.0,0.0,1.0
2015-07-30,18.79,18.79,18.79,18.79,15.9131,0.0,0.0,1.0
2015-07-31,18.84,18.84,18.84,18.84,15.9555,0.0,0.0,1.0
2015-08-03,18.86,18.86,18.86,18.86,15.9724,0.0,0.0,1.0
2015-08-04,18.87,18.87,18.87,18.87,15.9809,0.0,0.0,1.0
2015-08-05,18.83,18.83,18.83,18.83,15.947,0.0,0.0,1.0
2015-08-06,18.82,18.82,18.82,18.82,15.9385,0.0,0.0,1.0
2015-08-07,18.85,18.85,18.85,18.85,15.9639,0.0,0.0,1.0
2015-08-10,18.82,18.82,18.82,18.82,15.9385,0.0,0.0,1.0
2015-08-11,18.83,18.83,18.83,18.83,15.947,0.0,0.0,1.0
2015-08-12,18.72,18.72,18.72,18.72,15.9368,0.0,0.098,1.0
2015-08-13,18.73,18.73,18.73,18.73,15.9454,0.0,0.0,1.0
2015-08-14,18.73,18.73,18.73,18.73,15.9454,0.0,0.0,1.0
2015-08-17,18.72,18.72,18.72,18.72,15.9368,0.0,0.0,1.0
2015-08-18,18.71,18.71,18.71,18.71,15.9283,0.0,0.0,1.0
2015-08-19,18.68,18.68,18.68,18.68,15.9028,0.0,0.0,1.0
2015-08-20,18.76,18.76,18.76,18.76,15.9709,0.0,0.0,1.0
2015-08-21,18.78,18.78,18.78,18.78,15.9879,0.0,0.0,1.0
2015-08-24,18.79,18.79,18.79,18.79,15.9964,0.0,0.0,1.0
2015-08-25,18.76,18.76,18.76,18.76,15.9709,0.0,0.0,1.0
2015-08-26,18.7,18.7,18.7,18.7,15.9198,0.0,0.0,1.0
2015-08-27,18.7,18.7,18.7,18.7,15.9198,0.0,0.0,1.0
2015-08-28,18.73,18.73,18.73,18.73,15.9454,0.0,0.0,1.0
2015-08-31,18.74,18.74,18.74,18.74,15.9539,0.0,0.0,1.0
2015-09-01,18.72,18.72,18.72,18.72,15.9368,0.0,0.0,1.0
2015-09-02,18.76,18.76,18.76,18.76,15.9709,0.0,0.0,1.0
2015-09-03,18.77,18.77,18.77,18.77,15.9794,0.0,0.0,1.0
2015-09-04,18.8,18.8,18.8,18.8,16.005,0.0,0.0,1.0
2015-09-08,18.78,18.78,18.78,18.78,15.9879,0.0,0.0,1.0
2015-09-09,18.76,18.76,18.76,18.76,15.9709,0.0,0.0,1.0
2015-09-10,18.75,18.75,18.75,18.75,15.9624,0.0,0.0,1.0
2015-09-11,18.68,18.68,18.68,18.68,15.9862,0.0,0.098,1.0
2015-09-14,18.7,18.7,18.7,18.7,16.0033,0.0,0.0,1.0
2015-09-15,18.68,18.68,18.68,18.68,15.9862,0.0,0.0,1.0
2015-09-16,18.7,18.7,18.7,18.7,16.0033,0.0,0.0,1.0
2015-09-17,18.72,18.72,18.72,18.72,16.0205,0.0,0.0,1.0
2015-09-18,18.82,18.82,18.82,18.82,16.106,0.0,0.0,1.0
2015-09-21,18.84,18.84,18.84,18.84,16.1232,0.0,0.0,1.0
2015-09-22,18.86,18.86,18.86,18.86,16.1403,0.0,0.0,1.0
2015-09-23,18.87,18.87,18.87,18.87,16.1488,0.0,0.0,1.0
2015-09-24,18.91,18.91,18.91,18.91,16.1831,0.0,0.0,1.0
2015-09-25,18.91,18.91,18.91,18.91,16.1831,0.0,0.0,1.0
2015-09-28,18.93,18.93,18.93,18.93,16.2002,0.0,0.0,1.0
2015-09-29,18.97,18.97,18.97,18.97,16.2344,0.0,0.0,1.0
2015-09-30,18.98,18.98,18.98,18.98,16.243,0.0,0.0,1.0
2015-10-01,18.99,18.99,18.99,18.99,16.2515,0.0,0.0,1.0
2015-10-02,19.05,19.05,19.05,19.05,16.3029,0.0,0.0,1.0
2015-10-05,19.03,19.03,19.03,19.03,16.2858,0.0,0.0,1.0
2015-10-06,19.02,19.02,19.02,19.02,16.2772,0.0,0.0,1.0
2015-10-07,19.02,19.02,19.02,19.02,16.2772,0.0,0.0,1.0
2015-10-08,19.02,19.02,19.02,19.02,16.2772,0.0,0.0,1.0
2015-10-09,19.03,19.03,19.03,19.03,16.2858,0.0,0.0,1.0
2015-10-12,19.02,19.02,19.02,19.02,16.2772,0.0,0.0,1.0
2015-10-13,18.93,18.93,18.93,18.93,16.284,0.0,0.098,1.0
2015-10-14,18.96,18.96,18.96,18.96,16.3098,0.0,0.0,1.0
2015-10-15,18.98,18.98,18.98,18.98,16.3271,0.0,0.0,1.0
2015-10-16,19.0,19.0,19.0,19.0,16.3443,0.0,0.0,1.0
2015-10-19,19.02,19.02,19.02,19.02,16.3615,0.0,0.0,1.0
2015-10-20,19.08,19.08,19.08,19.08,16.4131,0.0,0.0,1.0
2015-10-21,19.11,19.11,19.11,19.11,16.4389,0.0,0.0,1.0
2015-10-22,19.11,19.11,19.11,19.11,16.4389,0.0,0.0,1.0
2015-10-23,19.11,19.11,19.11,19.11,16.4389,0.0,0.0,1.0
2015-10-26,19.12,19.12,19.12,19.12,16.4475,0.0,0.0,1.0
2015-10-27,19.16,19.16,19.16,19.16,16.4819,0.0,0.0,1.0
2015-10-28,19.19,19.19,19.19,19.19,16.5077,0.0,0.0,1.0
2015-10-29,19.15,19.15,19.15,19.15,16.4733,0.0,0.0,1.0
2015-10-30,19.17,19.17,19.17,19.17,16.4905,0.0,0.0,1.0
2015-11-02,19.16,19.16,19.16,19.16,16.4819,0.0,0.0,1.0
2015-11-03,19.13,19.13,19.13,19.13,16.4561,0.0,0.0,1.0
2015-11-04,19.14,19.14,19.14,19.14,16.4647,0.0,0.0,1.0
2015-11-05,19.12,19.12,19.12,19.12,16.4475,0.0,0.0,1.0
2015-11-06,19.05,19.05,19.05,19.05,16.3873,0.0,0.0,1.0
2015-11-09,19.01,19.01,19.01,19.01,16.3529,0.0,0.0,1.0
2015-11-10,19.03,19.03,19.03,19.03,16.3701,0.0,0.0,1.0
2015-11-11,19.04,19.04,19.04,19.04,16.3787,0.0,0.0,1.0
2015-11-12,18.95,18.95,18.95,18.95,16.3855,0.0,0.098,1.0
2015-11-13,19.01,19.01,19.01,19.01,16.4374,0.0,0.0,1.0
2015-11-16,19.02,19.02,19.02,19.02,16.4461,0.0,0.0,1.0
2015-11-17,19.06,19.06,19.06,19.06,16.4807,0.0,0.0,1.0
2015-11-18,19.12,19.12,19.12,19.12,16.5325,0.0,0.0,1.0
2015-11-19,19.18,19.18,19.18,19.18,16.5844,0.0,0.0,1.0
2015-11-20,19.21,19.21,19.21,19.21,16.6104,0.0,0.0,1.0
2015-11-23,19.22,19.22,19.22,19.22,16.619,0.0,0.0,1.0
2015-11-24,19.26,19.26,19.26,19.26,16.6536,0.0,0.0,1.0
2015-11-25,19.3,19.3,19.3,19.3,16.6882,0.0,0.0,1.0
2015-11-27,19.31,19.31,19.31,19.31,16.6968,0.0,0.0,1.0
2015-11-30,19.32,19.32,19.32,19.32,16.7055,0.0,0.0,1.0
2015-12-01,19.39,19.39,19.39,19.39,16.766,0.0,0.0,1.0
2015-12-02,19.42,19.42,19.42,19.42,16.7919,0.0,0.0,1.0
2015-12-03,19.36,19.36,19.36,19.36,16.7401,0.0,0.0,1.0
2015-12-04,19.38,19.38,19.38,19.38,16.7574,0.0,0.0,1.0
2015-12-07,19.42,19.42,19.42,19.42,16.7919,0.0,0.0,1.0
2015-12-08,19.46,19.46,19.46,19.46,16.8265,0.0,0.0,1.0
2015-12-09,19.48,19.48,19.48,19.48,16.8438,0.0,0.0,1.0
2015-12-10,19.53,19.53,19.53,19.53,16.8871,0.0,0.0,1.0
2015-12-11,19.61,19.61,19.61,19.61,17.041,0.0,0.098,1.0
2015-12-14,19.46,19.46,19.46,19.46,16.9106,0.0,0.0,1.0
2015-12-15,19.38,19.38,19.38,19.38,16.8411,0.0,0.0,1.0
2015-12-16,19.36,19.36,19.36,19.36,16.8237,0.0,0.0,1.0
2015-12-17,19.43,19.43,19.43,19.43,16.8846,0.0,0.0,1.0
2015-12-18,19.48,19.48,19.48,19.48,16.928,0.0,0.0,1.0
2015-12-21,19.49,19.49,19.49,19.49,16.9367,0.0,0.0,1.0
2015-12-22,19.49,19.49,19.49,19.49,16.9367,0.0,0.0,1.0
2015-12-23,19.48,19.48,19.48,19.48,16.928,0.0,0.0,1.0
2015-12-24,19.49,19.49,19.49,19.49,16.9367,0.0,0.0,1.0
2015-12-28,19.51,19.51,19.51,19.51,16.9541,0.0,0.0,1.0
2015-12-29,19.54,19.54,19.54,19.54,16.9801,0.0,0.0,1.0
2015-12-30,19.58,19.58,19.58,19.58,17.0149,0.0,0.0,1.0
2015-12-31,19.6,19.6,19.6,19.6,17.0323,0.0,0.0,1.0
2016-01-04,19.7,19.7,19.7,19.7,17.1192,0.0,0.0,1.0
2016-01-05,19.72,19.72,19.72,19.72,17.1366,0.0,0.0,1.0
2016-01-06,19.83,19.83,19.83,19.83,17.2321,0.0,0.0,1.0
2016-01-07,19.84,19.84,19.84,19.84,17.2408,0.0,0.0,1.0
2016-01-08,19.86,19.86,19.86,19.86,17.2582,0.0,0.0,1.0
2016-01-11,19.83,19.83,19.83,19.83,17.2321,0.0,0.0,1.0
2016-01-12,19.85,19.85,19.85,19.85,17.2495,0.0,0.0,1.0
2016-01-13,19.77,19.77,19.77,19.77,17.2652,0.0,0.098,1.0
2016-01-14,19.75,19.75,19.75,19.75,17.2477,0.0,0.0,1.0
2016-01-15,19.79,19.79,19.79,19.79,17.2826,0.0,0.0,1.0
2016-01-19,19.8,19.8,19.8,19.8,17.2914,0.0,0.0,1.0
2016-01-20,19.87,19.87,19.87,19.87,17.3525,0.0,0.0,1.0
2016-01-21,19.84,19.84,19.84,19.84,17.3263,0.0,0.0,1.0
2016-01-22,19.79,19.79,19.79,19.79,17.2826,0.0,0.0,1.0
2016-01-25,19.79,19.79,19.79,19.79,17.2826,0.0,0.0,1.0
2016-01-26,19.79,19.79,19.79,19.79,17.2826,0.0,0.0,1.0
2016-01-27,19.77,19.77,19.77,19.77,17.2652,0.0,0.0,1.0
2016-01-28,19.78,19.78,19.78,19.78,17.2739,0.0,0.0,1.0
2016-01-29,19.83,19.83,19.83,19.83,17.3176,0.0,0.0,1.0
2016-02-01,19.84,19.84,19.84,19.84,17.3263,0.0,0.0,1.0
2016-02-02,19.89,19.89,19.89,19.89,17.37,0.0,0.0,1.0
2016-02-03,19.91,19.91,19.91,19.91,17.3874,0.0,0.0,1.0
2016-02-04,19.92,19.92,19.92,19.92,17.3962,0.0,0.0,1.0
2016-02-05,19.93,19.93,19.93,19.93,17.4049,0.0,0.0,1.0
2016-02-08,19.97,19.97,19.97,19.97,17.4398,0.0,0.0,1.0
2016-02-09,19.97,19.97,19.97,19.97,17.4398,0.0,0.0,1.0
2016-02-10,19.97,19.97,19.97,19.97,17.4398,0.0,0.0,1.0
2016-02-11,19.94,19.94,19.94,19.94,17.4992,0.0,0.098,1.0
2016-02-12,19.89,19.89,19.89,19.89,17.4553,0.0,0.0,1.0
2016-02-16,19.83,19.83,19.83,19.83,17.4027,0.0,0.0,1.0
2016-02-17,19.76,19.76,19.76,19.76,17.3412,0.0,0.0,1.0
2016-02-18,19.78,19.78,19.78,19.78,17.3588,0.0,0.0,1.0
2016-02-19,19.79,19.79,19.79,19.79,17.3676,0.0,0.0,1.0
2016-02-22,19.79,19.79,19.79,19.79,17.3676,0.0,0.0,1.0
2016-02-23,19.77,19.77,19.77,19.77,17.35,0.0,0.0,1.0
2016-02-24,19.79,19.79,19.79,19.79,17.3676,0.0,0.0,1.0
2016-02-25,19.79,19.79,19.79,19.79,17.3676,0.0,0.0,1.0
2016-02-26,19.77,19.77,19.77,19.77,17.35,0.0,0.0,1.0
2016-02-29,19.78,19.78,19.78,19.78,17.3588,0.0,0.0,1.0
2016-03-01,19.74,19.74,19.74,19.74,17.3237,0.0,0.0,1.0
2016-03-02,19.73,19.73,19.73,19.73,17.3149,0.0,0.0,1.0
2016-03-03,19.73,19.73,19.73,19.73,17.3149,0.0,0.0,1.0
2016-03-04,19.72,19.72,19.72,19.72,17.3061,0.0,0.0,1.0
2016-03-07,19.72,19.72,19.72,19.72,17.3061,0.0,0.0,1.0
2016-03-08,19.77,19.77,19.77,19.77,17.35,0.0,0.0,1.0
2016-03-09,19.77,19.77,19.77,19.77,17.35,0.0,0.0,1.0
2016-03-10,19.77,19.77,19.77,19.77,17.35,0.0,0.0,1.0
2016-03-11,19.69,19.69,19.69,19.69,17.3658,0.0,0.098,1.0
2016-03-14,19.71,19.71,19.71,19.71,17.3835,0.0,0.0,1.0
2016-03-15,19.72,19.72,19.72,19.72,17.3923,0.0,0.0,1.0
2016-03-16,19.74,19.74,19.74,19.74,17.4099,0.0,0.0,1.0
2016-03-17,19.82,19.82,19.82,19.82,17.4805,0.0,0.0,1.0
2016-03-18,19.87,19.87,19.87,19.87,17.5246,0.0,0.0,1.0
2016-03-21,19.86,19.86,19.86,19.86,17.5158,0.0,0.0,1.0
2016-03-22,19.9,19.9,19.9,19.9,17.551,0.0,0.0,1.0
2016-03-23,19.92,19.92,19.92,19.92,17.5687,0.0,0.0,1.0
2016-03-24,19.93,19.93,19.93,19.93,17.5775,0.0,0.0,1.0
2016-03-28,19.94,19.94,19.94,19.94,17.5863,0.0,0.0,1.0
2016-03-29,20.0,20.0,20.0,20.0,17.6392,0.0,0.0,1.0
2016-03-30,20.02,20.02,20.02,20.02,17.6569,0.0,0.0,1.0
2016-03-31,20.09,20.09,20.09,20.09,17.7186,0.0,0.0,1.0
2016-04-01,20.12,20.12,20.12,20.12,17.7451,0.0,0.0,1.0
2016-04-04,20.14,20.14,20.14,20.14,17.7627,0.0,0.0,1.0
2016-04-05,20.23,20.23,20.23,20.23,17.8421,0.0,0.0,1.0
2016-04-06,20.24,20.24,20.24,20.24,17.8509,0.0,0.0,1.0
2016-04-07,20.32,20.32,20.32,20.32,17.9215,0.0,0.0,1.0
2016-04-08,20.32,20.32,20.32,20.32,17.9215,0.0,0.0,1.0
2016-04-11,20.32,20.32,20.32,20.32,17.9215,0.0,0.0,1.0
2016-04-12,20.31,20.31,20.31,20.31,17.9126,0.0,0.0,1.0
2016-04-13,20.23,20.23,20.23,20.23,17.9285,0.0,0.098,1.0
2016-04-14,20.26,20.26,20.26,20.26,17.9551,0.0,0.0,1.0
2016-04-15,20.27,20.27,20.27,20.27,17.964,0.0,0.0,1.0
2016-04-18,20.28,20.28,20.28,20.28,17.9728,0.0,0.0,1.0
2016-04-19,20.32,20.32,20.32,20.32,18.0083,0.0,0.0,1.0
2016-04-20,20.36,20.36,20.36,20.36,18.0437,0.0,0.0,1.0
2016-04-21,20.32,20.32,20.32,20.32,18.0083,0.0,0.0,1.0
2016-04-22,20.33,20.33,20.33,20.33,18.0171,0.0,0.0,1.0
2016-04-25,20.33,20.33,20.33,20.33,18.0171,0.0,0.0,1.0
2016-04-26,20.32,20.32,20.32,20.32,18.0083,0.0,0.0,1.0
2016-04-27,20.34,20.34,20.34,20.34,18.026,0.0,0.0,1.0
2016-04-28,20.39,20.39,20.39,20.39,18.0703,0.0,0.0,1.0
2016-04-29,20.4,20.4,20.4,20.4,18.0792,0.0,0.0,1.0
2016-05-02,20.42,20.42,20.42,20.42,18.0969,0.0,0.0,1.0
2016-05-03,20.46,20.46,20.46,20.46,18.1323,0.0,0.0,1.0
2016-05-04,20.48,20.48,20.48,20.48,18.1501,0.0,0.0,1.0
2016-05-05,20.49,20.49,20.49,20.49,18.1589,0.0,0.0,1.0
2016-05-06,20.53,20.53,20.53,20.53,18.1944,0.0,0.0,1.0
2016-05-09,20.54,20.54,20.54,20.54,18.2032,0.0,0.0,1.0
2016-05-10,20.58,20.58,20.58,20.58,18.2387,0.0,0.0,1.0
2016-05-11,20.62,20.62,20.62,20.62,18.2741,0.0,0.0,1.0
2016-05-12,20.54,20.54,20.54,20.54,18.2901,0.0,0.098,1.0
2016-05-13,20.56,20.56,20.56,20.56,18.3079,0.0,0.0,1.0
2016-05-16,20.58,20.58,20.58,20.58,18.3257,0.0,0.0,1.0
2016-05-17,20.62,20.62,20.62,20.62,18.3613,0.0,0.0,1.0
2016-05-18,20.61,20.61,20.61,20.61,18.3524,0.0,0.0,1.0
2016-05-20,20.64,20.64,20.64,20.64,18.3791,0.0,0.0,1.0
2016-05-23,20.64,20.64,20.64,20.64,18.3791,0.0,0.0,1.0
2016-05-24,20.63,20.63,20.63,20.63,18.3702,0.0,0.0,1.0
2016-05-25,20.62,20.62,20.62,20.62,18.3613,0.0,0.0,1.0
2016-05-26,20.61,20.61,20.61,20.61,18.3524,0.0,0.0,1.0
2016-05-27,20.62,20.62,20.62,20.62,18.3613,0.0,0.0,1.0
2016-05-31,20.61,20.61,20.61,20.61,18.3524,0.0,0.0,1.0
2016-06-01,20.61,20.61,20.61,20.61,18.3524,0.0,0.0,1.0
2016-06-02,20.64,20.64,20.64,20.64,18.3791,0.0,0.0,1.0
2016-06-03,20.66,20.66,20.66,20.66,18.397,0.0,0.0,1.0
2016-06-06,20.67,20.67,20.67,20.67,18.4059,0.0,0.0,1.0
2016-06-07,20.71,20.71,20.71,20.71,18.4415,0.0,0.0,1.0
2016-06-08,20.73,20.73,20.73,20.73,18.4593,0.0,0.0,1.0
2016-06-09,20.8,20.8,20.8,20.8,18.5216,0.0,0.0,1.0
2016-06-10,20.86,20.86,20.86,20.86,18.575,0.0,0.0,1.0
2016-06-13,20.77,20.77,20.77,20.77,18.5822,0.0,0.098,1.0
2016-06-14,20.81,20.81,20.81,20.81,18.618,0.0,0.0,1.0
2016-06-15,20.81,20.81,20.81,20.81,18.618,0.0,0.0,1.0
2016-06-16,20.86,20.86,20.86,20.86,18.6627,0.0,0.0,1.0
2016-06-17,20.87,20.87,20.87,20.87,18.6716,0.0,0.0,1.0
2016-06-20,20.83,20.83,20.83,20.83,18.6358,0.0,0.0,1.0
2016-06-21,20.83,20.83,20.83,20.83,18.6358,0.0,0.0,1.0
2016-06-22,20.82,20.82,20.82,20.82,18.6269,0.0,0.0,1.0
2016-06-23,20.79,20.79,20.79,20.79,18.6001,0.0,0.0,1.0
2016-06-24,20.94,20.94,20.94,20.94,18.7343,0.0,0.0,1.0
2016-06-27,20.99,20.99,20.99,20.99,18.779,0.0,0.0,1.0
2016-06-28,20.97,20.97,20.97,20.97,18.7611,0.0,0.0,1.0
2016-06-29,20.97,20.97,20.97,20.97,18.7611,0.0,0.0,1.0
2016-06-30,20.97,20.97,20.97,20.97,18.7611,0.0,0.0,1.0
2016-07-01,21.02,21.02,21.02,21.02,18.8058,0.0,0.0,1.0
2016-07-05,21.05,21.05,21.05,21.05,18.8327,0.0,0.0,1.0
2016-07-06,21.07,21.07,21.07,21.07,18.8506,0.0,0.0,1.0
2016-07-07,21.01,21.01,21.01,21.01,18.7969,0.0,0.0,1.0
2016-07-08,21.03,21.03,21.03,21.03,18.8148,0.0,0.0,1.0
2016-07-11,21.03,21.03,21.03,21.03,18.8148,0.0,0.0,1.0
2016-07-12,20.98,20.98,20.98,20.98,18.77,0.0,0.0,1.0
2016-07-13,20.89,20.89,20.89,20.89,18.77,0.0,0.09,1.0
2016-07-14,20.86,20.86,20.86,20.86,18.7431,0.0,0.0,1.0
2016-07-15,20.86,20.86,20.86,20.86,18.7431,0.0,0.0,1.0
2016-07-18,20.82,20.82,20.82,20.82,18.7072,0.0,0.0,1.0
2016-07-19,20.81,20.81,20.81,20.81,18.6982,0.0,0.0,1.0
2016-07-20,20.81,20.81,20.81,20.81,18.6982,0.0,0.0,1.0
2016-07-21,20.79,20.79,20.79,20.79,18.6802,0.0,0.0,1.0
2016-07-22,20.86,20.86,20.86,20.86,18.7431,0.0,0.0,1.0
2016-07-25,20.81,20.81,20.81,20.81,18.6982,0.0,0.0,1.0
2016-07-26,20.82,20.82,20.82,20.82,18.7072,0.0,0.0,1.0
2016-07-27,20.83,20.83,20.83,20.83,18.7161,0.0,0.0,1.0
2016-07-28,20.85,20.85,20.85,20.85,18.7341,0.0,0.0,1.0
2016-07-29,20.86,20.86,20.86,20.86,18.7431,0.0,0.0,1.0
2016-08-01,20.92,20.92,20.92,20.92,18.797,0.0,0.0,1.0
2016-08-02,20.88,20.88,20.88,20.88,18.7611,0.0,0.0,1.0
2016-08-03,20.89,20.89,20.89,20.89,18.77,0.0,0.0,1.0
2016-08-04,20.9,20.9,20.9,20.9,18.779,0.0,0.0,1.0
2016-08-05,20.91,20.91,20.91,20.91,18.788,0.0,0.0,1.0
2016-08-08,20.9,20.9,20.9,20.9,18.779,0.0,0.0,1.0
2016-08-09,20.91,20.91,20.91,20.91,18.788,0.0,0.0,1.0
2016-08-10,20.94,20.94,20.94,20.94,18.815,0.0,0.0,1.0
2016-08-11,20.87,20.87,20.87,20.87,18.8329,0.0,0.09,1.0
2016-08-12,20.91,20.91,20.91,20.91,18.869,0.0,0.0,1.0
2016-08-15,20.92,20.92,20.92,20.92,18.8781,0.0,0.0,1.0
2016-08-16,20.93,20.93,20.93,20.93,18.8871,0.0,0.0,1.0
2016-08-17,20.94,20.94,20.94,20.94,18.8961,0.0,0.0,1.0
2016-08-18,20.95,20.95,20.95,20.95,18.9051,0.0,0.0,1.0
2016-08-19,20.97,20.97,20.97,20.97,18.9232,0.0,0.0,1.0
2016-08-22,20.97,20.97,20.97,20.97,18.9232,0.0,0.0,1.0
2016-08-23,20.97,20.97,20.97,20.97,18.9232,0.0,0.0,1.0
2016-08-24,20.97,20.97,20.97,20.97,18.9232,0.0,0.0,1.0
2016-08-25,21.02,21.02,21.02,21.02,18.9683,0.0,0.0,1.0
2016-08-26,21.05,21.05,21.05,21.05,18.9954,0.0,0.0,1.0
2016-08-29,21.03,21.03,21.03,21.03,18.9773,0.0,0.0,1.0
2016-08-30,21.04,21.04,21.04,21.04,18.9864,0.0,0.0,1.0
2016-08-31,21.04,21.04,21.04,21.04,18.9864,0.0,0.0,1.0
2016-09-01,21.04,21.04,21.04,21.04,18.9864,0.0,0.0,1.0
2016-09-02,21.03,21.03,21.03,21.03,18.9773,0.0,0.0,1.0
2016-09-06,21.02,21.02,21.02,21.02,18.9683,0.0,0.0,1.0
2016-09-07,21.02,21.02,21.02,21.02,18.9683,0.0,0.0,1.0
2016-09-08,21.02,21.02,21.02,21.02,18.9683,0.0,0.0,1.0
2016-09-09,20.98,20.98,20.98,20.98,18.9322,0.0,0.0,1.0
2016-09-12,20.95,20.95,20.95,20.95,18.9051,0.0,0.0,1.0
2016-09-13,20.83,20.83,20.83,20.83,18.8781,0.0,0.09,1.0
2016-09-14,20.84,20.84,20.84,20.84,18.8871,0.0,0.0,1.0
2016-09-15,20.81,20.81,20.81,20.81,18.8599,0.0,0.0,1.0
2016-09-16,20.83,20.83,20.83,20.83,18.8781,0.0,0.0,1.0
2016-09-19,20.81,20.81,20.81,20.81,18.8599,0.0,0.0,1.0
2016-09-20,20.81,20.81,20.81,20.81,18.8599,0.0,0.0,1.0
2016-09-21,20.81,20.81,20.81,20.81,18.8599,0.0,0.0,1.0
2016-09-22,20.83,20.83,20.83,20.83,18.8781,0.0,0.0,1.0
2016-09-23,20.85,20.85,20.85,20.85,18.8962,0.0,0.0,1.0
2016-09-26,20.84,20.84,20.84,20.84,18.8871,0.0,0.0,1.0
2016-09-27,20.87,20.87,20.87,20.87,18.9143,0.0,0.0,1.0
2016-09-28,20.87,20.87,20.87,20.87,18.9143,0.0,0.0,1.0
2016-09-29,20.85,20.85,20.85,20.85,18.8962,0.0,0.0,1.0
2016-09-30,20.84,20.84,20.84,20.84,18.8871,0.0,0.0,1.0
2016-10-03,20.85,20.85,20.85,20.85,18.8962,0.0,0.0,1.0
2016-10-04,20.81,20.81,20.81,20.81,18.8599,0.0,0.0,1.0
2016-10-05,20.71,20.71,20.71,20.71,18.7693,0.0,0.0,1.0
2016-10-06,20.67,20.67,20.67,20.67,18.7331,0.0,0.0,1.0
2016-10-07,20.67,20.67,20.67,20.67,18.7331,0.0,0.0,1.0
2016-10-10,20.68,20.68,20.68,20.68,18.7421,0.0,0.0,1.0
2016-10-11,20.6,20.6,20.6,20.6,18.6696,0.0,0.0,1.0
2016-10-12,20.45,20.45,20.45,20.45,18.6152,0.0,0.09,1.0
2016-10-13,20.43,20.43,20.43,20.43,18.597,0.0,0.0,1.0
2016-10-14,20.42,20.42,20.42,20.42,18.5879,0.0,0.0,1.0
2016-10-17,20.42,20.42,20.42,20.42,18.5879,0.0,0.0,1.0
2016-10-18,20.41,20.41,20.41,20.41,18.5788,0.0,0.0,1.0
2016-10-19,20.42,20.42,20.42,20.42,18.5879,0.0,0.0,1.0
2016-10-20,20.44,20.44,20.44,20.44,18.6061,0.0,0.0,1.0
2016-10-21,20.45,20.45,20.45,20.45,18.6152,0.0,0.0,1.0
2016-10-24,20.45,20.45,20.45,20.45,18.6152,0.0,0.0,1.0
2016-10-25,20.45,20.45,20.45,20.45,18.6152,0.0,0.0,1.0
2016-10-26,20.45,20.45,20.45,20.45,18.6152,0.0,0.0,1.0
2016-10-27,20.38,20.38,20.38,20.38,18.5515,0.0,0.0,1.0
2016-10-28,20.42,20.42,20.42,20.42,18.5879,0.0,0.0,1.0
2016-10-31,20.43,20.43,20.43,20.43,18.597,0.0,0.0,1.0
2016-11-01,20.43,20.43,20.43,20.43,18.597,0.0,0.0,1.0
2016-11-02,20.47,20.47,20.47,20.47,18.6334,0.0,0.0,1.0
2016-11-03,20.47,20.47,20.47,20.47,18.6334,0.0,0.0,1.0
2016-11-04,20.48,20.48,20.48,20.48,18.6425,0.0,0.0,1.0
2016-11-07,20.48,20.48,20.48,20.48,18.6425,0.0,0.0,1.0
2016-11-08,20.48,20.48,20.48,20.48,18.6425,0.0,0.0,1.0
2016-11-09,20.27,20.27,20.27,20.27,18.4514,0.0,0.0,1.0
2016-11-10,20.1,20.1,20.1,20.1,18.3786,0.0,0.09,1.0
2016-11-11,20.1,20.1,20.1,20.1,18.3786,0.0,0.0,1.0
2016-11-14,19.51,19.51,19.51,19.51,17.8391,0.0,0.0,1.0
2016-11-15,19.47,19.47,19.47,19.47,17.8025,0.0,0.0,1.0
2016-11-16,19.47,19.47,19.47,19.47,17.8025,0.0,0.0,1.0
2016-11-17,19.48,19.48,19.48,19.48,17.8117,0.0,0.0,1.0
2016-11-18,19.4,19.4,19.4,19.4,17.7385,0.0,0.0,1.0
2016-11-21,19.33,19.33,19.33,19.33,17.6745,0.0,0.0,1.0
2016-11-22,19.29,19.29,19.29,19.29,17.6379,0.0,0.0,1.0
2016-11-23,19.26,19.26,19.26,19.26,17.6105,0.0,0.0,1.0
2016-11-25,19.27,19.27,19.27,19.27,17.6196,0.0,0.0,1.0
2016-11-28,19.21,19.21,19.21,19.21,17.5648,0.0,0.0,1.0
2016-11-29,19.18,19.18,19.18,19.18,17.5374,0.0,0.0,1.0
2016-11-30,19.09,19.09,19.09,19.09,17.4551,0.0,0.0,1.0
2016-12-01,18.9,18.9,18.9,18.9,17.2813,0.0,0.0,1.0
2016-12-02,18.91,18.91,18.91,18.91,17.2905,0.0,0.0,1.0
2016-12-05,18.96,18.96,18.96,18.96,17.3362,0.0,0.0,1.0
2016-12-06,19.1,19.1,19.1,19.1,17.4642,0.0,0.0,1.0
2016-12-07,19.36,19.36,19.36,19.36,17.7019,0.0,0.0,1.0
2016-12-08,19.33,19.33,19.33,19.33,17.6745,0.0,0.0,1.0
2016-12-09,19.32,19.32,19.32,19.32,17.6654,0.0,0.0,1.0
2016-12-12,19.23,19.23,19.23,19.23,17.5831,0.0,0.0,1.0
2016-12-13,19.13,19.13,19.13,19.13,17.5739,0.0,0.09,1.0
2016-12-14,19.17,19.17,19.17,19.17,17.6107,0.0,0.0,1.0
2016-12-15,19.06,19.06,19.06,19.06,17.5096,0.0,0.0,1.0
2016-12-16,19.08,19.08,19.08,19.08,17.528,0.0,0.0,1.0
2016-12-19,19.11,19.11,19.11,19.11,17.5556,0.0,0.0,1.0
2016-12-20,19.12,19.12,19.12,19.12,17.5647,0.0,0.0,1.0
2016-12-21,19.15,19.15,19.15,19.15,17.5923,0.0,0.0,1.0
2016-12-22,19.18,19.18,19.18,19.18,17.6199,0.0,0.0,1.0
2016-12-23,19.21,19.21,19.21,19.21,17.6474,0.0,0.0,1.0
2016-12-27,19.21,19.21,19.21,19.21,17.6474,0.0,0.0,1.0
2016-12-28,19.25,19.25,19.25,19.25,17.6842,0.0,0.0,1.0
2016-12-29,19.29,19.29,19.29,19.29,17.7209,0.0,0.0,1.0
2016-12-30,19.3,19.3,19.3,19.3,17.7301,0.0,0.0,1.0
2017-01-03,19.31,19.31,19.31,19.31,17.7393,0.0,0.0,1.0
2017-01-04,19.36,19.36,19.36,19.36,17.7852,0.0,0.0,1.0
2017-01-05,19.36,19.36,19.36,19.36,17.7852,0.0,0.0,1.0
2017-01-06,19.46,19.46,19.46,19.46,17.8771,0.0,0.0,1.0
2017-01-09,19.48,19.48,19.48,19.48,17.8955,0.0,0.0,1.0
2017-01-10,19.52,19.52,19.52,19.52,17.9322,0.0,0.0,1.0
2017-01-11,19.6,19.6,19.6,19.6,18.0057,0.0,0.0,1.0
2017-01-12,19.6,19.6,19.6,19.6,18.0884,0.0,0.09,1.0
2017-01-13,19.54,19.54,19.54,19.54,18.033,0.0,0.0,1.0
2017-01-17,19.55,19.55,19.55,19.55,18.0422,0.0,0.0,1.0
2017-01-18,19.52,19.52,19.52,19.52,18.0146,0.0,0.0,1.0
2017-01-19,19.52,19.52,19.52,19.52,18.0146,0.0,0.0,1.0
2017-01-20,19.41,19.41,19.41,19.41,17.913,0.0,0.0,1.0
2017-01-23,19.33,19.33,19.33,19.33,17.8392,0.0,0.0,1.0
2017-01-24,19.35,19.35,19.35,19.35,17.8577,0.0,0.0,1.0
2017-01-25,19.31,19.31,19.31,19.31,17.8207,0.0,0.0,1.0
2017-01-26,19.3,19.3,19.3,19.3,17.8115,0.0,0.0,1.0
2017-01-27,19.33,19.33,19.33,19.33,17.8392,0.0,0.0,1.0
2017-01-30,19.33,19.33,19.33,19.33,17.8392,0.0,0.0,1.0
2017-01-31,19.34,19.34,19.34,19.34,17.8484,0.0,0.0,1.0
2017-02-01,19.34,19.34,19.34,19.34,17.8484,0.0,0.0,1.0
2017-02-02,19.35,19.35,19.35,19.35,17.8577,0.0,0.0,1.0
2017-02-03,19.37,19.37,19.37,19.37,17.8761,0.0,0.0,1.0
2017-02-06,19.39,19.39,19.39,19.39,17.8946,0.0,0.0,1.0
2017-02-07,19.42,19.42,19.42,19.42,17.9223,0.0,0.0,1.0
2017-02-08,19.47,19.47,19.47,19.47,17.9684,0.0,0.0,1.0
2017-02-09,19.46,19.46,19.46,19.46,17.9592,0.0,0.0,1.0
2017-02-10,19.46,19.46,19.46,19.46,17.9592,0.0,0.0,1.0
2017-02-13,19.46,19.46,19.46,19.46,18.0422,0.0,0.09,1.0
2017-02-14,19.39,19.39,19.39,19.39,17.9773,0.0,0.0,1.0
2017-02-15,19.33,19.33,19.33,19.33,17.9217,0.0,0.0,1.0
2017-02-16,19.36,19.36,19.36,19.36,17.9495,0.0,0.0,1.0
2017-02-17,19.36,19.36,19.36,19.36,17.9495,0.0,0.0,1.0
2017-02-21,19.42,19.42,19.42,19.42,18.0052,0.0,0.0,1.0
2017-02-22,19.44,19.44,19.44,19.44,18.0237,0.0,0.0,1.0
2017-02-23,19.47,19.47,19.47,19.47,18.0515,0.0,0.0,1.0
2017-02-24,19.56,19.56,19.56,19.56,18.135,0.0,0.0,1.0
2017-02-27,19.55,19.55,19.55,19.55,18.1257,0.0,0.0,1.0
2017-02-28,19.55,19.55,19.55,19.55,18.1257,0.0,0.0,1.0
2017-03-01,19.48,19.48,19.48,19.48,18.0608,0.0,0.0,1.0
2017-03-02,19.44,19.44,19.44,19.44,18.0237,0.0,0.0,1.0
2017-03-03,19.44,19.44,19.44,19.44,18.0237,0.0,0.0,1.0
2017-03-06,19.42,19.42,19.42,19.42,18.0052,0.0,0.0,1.0
2017-03-07,19.42,19.42,19.42,19.42,18.0052,0.0,0.0,1.0
2017-03-08,19.38,19.38,19.38,19.38,17.9681,0.0,0.0,1.0
2017-03-09,19.39,19.39,19.39,19.39,17.9773,0.0,0.0,1.0
2017-03-10,19.4,19.4,19.4,19.4,17.9866,0.0,0.0,1.0
2017-03-13,19.3,19.3,19.3,19.3,17.9773,0.0,0.09,1.0
2017-03-14,19.3,19.3,19.3,19.3,17.9773,0.0,0.0,1.0
2017-03-15,19.32,19.32,19.32,19.32,17.996,0.0,0.0,1.0
2017-03-16,19.35,19.35,19.35,19.35,18.0239,0.0,0.0,1.0
2017-03-17,19.38,19.38,19.38,19.38,18.0519,0.0,0.0,1.0
2017-03-20,19.39,19.39,19.39,19.39,18.0612,0.0,0.0,1.0
2017-03-21,19.45,19.45,19.45,19.45,18.1171,0.0,0.0,1.0
2017-03-22,19.49,19.49,19.49,19.49,18.1543,0.0,0.0,1.0
2017-03-23,19.55,19.55,19.55,19.55,18.2102,0.0,0.0,1.0
2017-03-24,19.55,19.55,19.55,19.55,18.2102,0.0,0.0,1.0
2017-03-27,19.6,19.6,19.6,19.6,18.2568,0.0,0.0,1.0
2017-03-28,19.64,19.64,19.64,19.64,18.294,0.0,0.0,1.0
2017-03-29,19.63,19.63,19.63,19.63,18.2847,0.0,0.0,1.0
2017-03-30,19.62,19.62,19.62,19.62,18.2754,0.0,0.0,1.0
2017-03-31,19.6,19.6,19.6,19.6,18.2568,0.0,0.0,1.0
2017-04-03,19.63,19.63,19.63,19.63,18.2847,0.0,0.0,1.0
2017-04-04,19.65,19.65,19.65,19.65,18.3034,0.0,0.0,1.0
2017-04-05,19.67,19.67,19.67,19.67,18.322,0.0,0.0,1.0
2017-04-06,19.69,19.69,19.69,19.69,18.3406,0.0,0.0,1.0
2017-04-07,19.74,19.74,19.74,19.74,18.3872,0.0,0.0,1.0
2017-04-10,19.74,19.74,19.74,19.74,18.3872,0.0,0.0,1.0
2017-04-11,19.78,19.78,19.78,19.78,18.4244,0.0,0.0,1.0
2017-04-12,19.7,19.7,19.7,19.7,18.4338,0.0,0.09,1.0
2017-04-13,19.75,19.75,19.75,19.75,18.4805,0.0,0.0,1.0
2017-04-17,19.77,19.77,19.77,19.77,18.4993,0.0,0.0,1.0
2017-04-18,19.83,19.83,19.83,19.83,18.5554,0.0,0.0,1.0
2017-04-19,19.84,19.84,19.84,19.84,18.5648,0.0,0.0,1.0
2017-04-20,19.81,19.81,19.81,19.81,18.5367,0.0,0.0,1.0
2017-04-21,19.83,19.83,19.83,19.83,18.5554,0.0,0.0,1.0
2017-04-24,19.77,19.77,19.77,19.77,18.4993,0.0,0.0,1.0
2017-04-25,19.73,19.73,19.73,19.73,18.4618,0.0,0.0,1.0
2017-04-26,19.73,19.73,19.73,19.73,18.4618,0.0,0.0,1.0
2017-04-27,19.73,19.73,19.73,19.73,18.4618,0.0,0.0,1.0
2017-04-28,19.72,19.72,19.72,19.72,18.4525,0.0,0.0,1.0
2017-05-01,19.69,19.69,19.69,19.69,18.4244,0.0,0.0,1.0
2017-05-02,19.68,19.68,19.68,19.68,18.415,0.0,0.0,1.0
2017-05-03,19.75,19.75,19.75,19.75,18.4805,0.0,0.0,1.0
2017-05-04,19.74,19.74,19.74,19.74,18.4712,0.0,0.0,1.0
2017-05-05,19.76,19.76,19.76,19.76,18.4899,0.0,0.0,1.0
2017-05-08,19.77,19.77,19.77,19.77,18.4993,0.0,0.0,1.0
2017-05-09,19.77,19.77,19.77,19.77,18.4993,0.0,0.0,1.0
2017-05-10,19.8,19.8,19.8,19.8,18.5273,0.0,0.0,1.0
2017-05-11,19.72,19.72,19.72,19.72,18.5367,0.0,0.09,1.0
2017-05-12,19.75,19.75,19.75,19.75,18.5649,0.0,0.0,1.0
2017-05-15,19.75,19.75,19.75,19.75,18.5649,0.0,0.0,1.0
2017-05-16,19.79,19.79,19.79,19.79,18.6025,0.0,0.0,1.0
2017-05-17,19.9,19.9,19.9,19.9,18.7059,0.0,0.0,1.0
2017-05-18,19.93,19.93,19.93,19.93,18.7341,0.0,0.0,1.0
2017-05-19,19.93,19.93,19.93,19.93,18.7341,0.0,0.0,1.0
2017-05-22,19.97,19.97,19.97,19.97,18.7717,0.0,0.0,1.0
2017-05-23,20.02,20.02,20.02,20.02,18.8187,0.0,0.0,1.0
2017-05-24,20.01,20.01,20.01,20.01,18.8093,0.0,0.0,1.0
2017-05-25,20.04,20.04,20.04,20.04,18.8375,0.0,0.0,1.0
2017-05-26,20.07,20.07,20.07,20.07,18.8657,0.0,0.0,1.0
2017-05-30,20.1,20.1,20.1,20.1,18.8939,0.0,0.0,1.0
2017-05-31,20.15,20.15,20.15,20.15,18.9409,0.0,0.0,1.0
2017-06-01,20.1,20.1,20.1,20.1,18.8939,0.0,0.0,1.0
2017-06-02,20.16,20.16,20.16,20.16,18.9503,0.0,0.0,1.0
2017-06-05,20.16,20.16,20.16,20.16,18.9503,0.0,0.0,1.0
2017-06-06,20.18,20.18,20.18,20.18,18.9691,0.0,0.0,1.0
2017-06-07,20.18,20.18,20.18,20.18,18.9691,0.0,0.0,1.0
2017-06-08,20.13,20.13,20.13,20.13,18.9221,0.0,0.0,1.0
2017-06-09,20.13,20.13,20.13,20.13,18.9221,0.0,0.0,1.0
2017-06-12,20.12,20.12,20.12,20.12,18.9127,0.0,0.0,1.0
2017-06-13,20.01,20.01,20.01,20.01,18.8939,0.0,0.09,1.0
2017-06-14,20.06,20.06,20.06,20.06,18.9411,0.0,0.0,1.0
2017-06-15,20.06,20.06,20.06,20.06,18.9411,0.0,0.0,1.0
2017-06-16,20.06,20.06,20.06,20.06,18.9411,0.0,0.0,1.0
2017-06-19,20.08,20.08,20.08,20.08,18.96,0.0,0.0,1.0
2017-06-20,20.08,20.08,20.08,20.08,18.96,0.0,0.0,1.0
2017-06-21,20.09,20.09,20.09,20.09,18.9694,0.0,0.0,1.0
2017-06-22,20.1,20.1,20.1,20.1,18.9789,0.0,0.0,1.0
2017-06-23,20.11,20.11,20.11,20.11,18.9883,0.0,0.0,1.0
2017-06-26,20.13,20.13,20.13,20.13,19.0072,0.0,0.0,1.0
2017-06-27,20.11,20.11,20.11,20.11,18.9883,0.0,0.0,1.0
2017-06-28,20.07,20.07,20.07,20.07,18.9505,0.0,0.0,1.0
2017-06-29,20.0,20.0,20.0,20.0,18.8844,0.0,0.0,1.0
2017-06-30,20.03,20.03,20.03,20.03,18.9128,0.0,0.0,1.0
2017-07-03,20.05,20.05,20.05,20.05,18.9317,0.0,0.0,1.0
2017-07-05,20.08,20.08,20.08,20.08,18.96,0.0,0.0,1.0
2017-07-06,20.06,20.06,20.06,20.06,18.9411,0.0,0.0,1.0
2017-07-07,20.05,20.05,20.05,20.05,18.9317,0.0,0.0,1.0
2017-07-10,20.05,20.05,20.05,20.05,18.9317,0.0,0.0,1.0
2017-07-11,20.05,20.05,20.05,20.05,18.9317,0.0,0.0,1.0
2017-07-12,19.99,19.99,19.99,19.99,18.96,0.0,0.09,1.0
2017-07-13,20.01,20.01,20.01,20.01,18.9789,0.0,0.0,1.0
2017-07-14,20.06,20.06,20.06,20.06,19.0264,0.0,0.0,1.0
2017-07-17,20.06,20.06,20.06,20.06,19.0264,0.0,0.0,1.0
2017-07-18,20.1,20.1,20.1,20.1,19.0643,0.0,0.0,1.0
2017-07-19,20.12,20.12,20.12,20.12,19.0833,0.0,0.0,1.0
2017-07-20,20.15,20.15,20.15,20.15,19.1117,0.0,0.0,1.0
2017-07-21,20.17,20.17,20.17,20.17,19.1307,0.0,0.0,1.0
2017-07-24,20.18,20.18,20.18,20.18,19.1402,0.0,0.0,1.0
2017-07-25,20.17,20.17,20.17,20.17,19.1307,0.0,0.0,1.0
2017-07-26,20.16,20.16,20.16,20.16,19.1212,0.0,0.0,1.0
2017-07-27,20.16,20.16,20.16,20.16,19.1212,0.0,0.0,1.0
2017-07-28,20.16,20.16,20.16,20.16,19.1212,0.0,0.0,1.0
2017-07-31,20.14,20.14,20.14,20.14,19.1022,0.0,0.0,1.0
2017-08-01,20.14,20.14,20.14,20.14,19.1022,0.0,0.0,1.0
2017-08-02,20.17,20.17,20.17,20.17,19.1307,0.0,0.0,1.0
2017-08-03,20.22,20.22,20.22,20.22,19.1781,0.0,0.0,1.0
2017-08-04,20.24,20.24,20.24,20.24,19.1971,0.0,0.0,1.0
2017-08-07,20.23,20.23,20.23,20.23,19.1876,0.0,0.0,1.0
2017-08-08,20.23,20.23,20.23,20.23,19.1876,0.0,0.0,1.0
2017-08-09,20.24,20.24,20.24,20.24,19.1971,0.0,0.0,1.0
2017-08-10,20.28,20.28,20.28,20.28,19.235,0.0,0.0,1.0
2017-08-11,20.2,20.2,20.2,20.2,19.2445,0.0,0.09,1.0
2017-08-14,20.22,20.22,20.22,20.22,19.2636,0.0,0.0,1.0
2017-08-15,20.2,20.2,20.2,20.2,19.2445,0.0,0.0,1.0
2017-08-16,20.19,20.19,20.19,20.19,19.235,0.0,0.0,1.0
2017-08-17,20.2,20.2,20.2,20.2,19.2445,0.0,0.0,1.0
2017-08-18,20.21,20.21,20.21,20.21,19.254,0.0,0.0,1.0
2017-08-21,20.21,20.21,20.21,20.21,19.254,0.0,0.0,1.0
2017-08-22,20.23,20.23,20.23,20.23,19.2731,0.0,0.0,1.0
2017-08-23,20.25,20.25,20.25,20.25,19.2922,0.0,0.0,1.0
2017-08-24,20.27,20.27,20.27,20.27,19.3112,0.0,0.0,1.0
2017-08-25,20.28,20.28,20.28,20.28,19.3207,0.0,0.0,1.0
2017-08-28,20.28,20.28,20.28,20.28,19.3207,0.0,0.0,1.0
2017-08-29,20.33,20.33,20.33,20.33,19.3684,0.0,0.0,1.0
2017-08-30,20.34,20.34,20.34,20.34,19.3779,0.0,0.0,1.0
2017-08-31,20.37,20.37,20.37,20.37,19.4065,0.0,0.0,1.0
2017-09-01,20.38,20.38,20.38,20.38,19.416,0.0,0.0,1.0
2017-09-05,20.4,20.4,20.4,20.4,19.4351,0.0,0.0,1.0
2017-09-06,20.41,20.41,20.41,20.41,19.4446,0.0,0.0,1.0
2017-09-07,20.44,20.44,20.44,20.44,19.4732,0.0,0.0,1.0
2017-09-08,20.46,20.46,20.46,20.46,19.4922,0.0,0.0,1.0
2017-09-11,20.44,20.44,20.44,20.44,19.4732,0.0,0.0,1.0
2017-09-12,20.41,20.41,20.41,20.41,19.4446,0.0,0.0,1.0
2017-09-13,20.39,20.39,20.39,20.39,19.4255,0.0,0.0,1.0
2017-09-14,20.3,20.3,20.3,20.3,19.4255,0.0,0.09,1.0
2017-09-15,20.3,20.3,20.3,20.3,19.4255,0.0,0.0,1.0
2017-09-18,20.31,20.31,20.31,20.31,19.4351,0.0,0.0,1.0
2017-09-19,20.3,20.3,20.3,20.3,19.4255,0.0,0.0,1.0
2017-09-20,20.3,20.3,20.3,20.3,19.4255,0.0,0.0,1.0
2017-09-21,20.3,20.3,20.3,20.3,19.4255,0.0,0.0,1.0
2017-09-22,20.34,20.34,20.34,20.34,19.4638,0.0,0.0,1.0
2017-09-25,20.34,20.34,20.34,20.34,19.4638,0.0,0.0,1.0
2017-09-26,20.34,20.34,20.34,20.34,19.4638,0.0,0.0,1.0
2017-09-27,20.29,20.29,20.29,20.29,19.416,0.0,0.0,1.0
2017-09-28,20.29,20.29,20.29,20.29,19.416,0.0,0.0,1.0
2017-09-29,20.3,20.3,20.3,20.3,19.4255,0.0,0.0,1.0
2017-10-02,20.31,20.31,20.31,20.31,19.4351,0.0,0.0,1.0
2017-10-03,20.31,20.31,20.31,20.31,19.4351,0.0,0.0,1.0
2017-10-04,20.26,20.26,20.26,20.26,19.3873,0.0,0.0,1.0
2017-10-05,20.26,20.26,20.26,20.26,19.3873,0.0,0.0,1.0
2017-10-06,20.29,20.29,20.29,20.29,19.416,0.0,0.0,1.0
2017-10-09,20.28,20.28,20.28,20.28,19.4064,0.0,0.0,1.0
2017-10-10,20.29,20.29,20.29,20.29,19.416,0.0,0.0,1.0
2017-10-11,20.31,20.31,20.31,20.31,19.4351,0.0,0.0,1.0
2017-10-12,20.31,20.31,20.31,20.31,19.4351,0.0,0.0,1.0
2017-10-13,20.24,20.24,20.24,20.24,19.4542,0.0,0.09,1.0
2017-10-16,20.24,20.24,20.24,20.24,19.4542,0.0,0.0,1.0
2017-10-17,20.28,20.28,20.28,20.28,19.4927,0.0,0.0,1.0
2017-10-18,20.26,20.26,20.26,20.26,19.4735,0.0,0.0,1.0
2017-10-19,20.22,20.22,20.22,20.22,19.435,0.0,0.0,1.0
2017-10-20,20.2,20.2,20.2,20.2,19.4158,0.0,0.0,1.0
2017-10-23,20.2,20.2,20.2,20.2,19.4158,0.0,0.0,1.0
2017-10-24,20.17,20.17,20.17,20.17,19.387,0.0,0.0,1.0
2017-10-25,20.17,20.17,20.17,20.17,19.387,0.0,0.0,1.0
2017-10-26,20.12,20.12,20.12,20.12,19.3389,0.0,0.0,1.0
2017-10-27,20.11,20.11,20.11,20.11,19.3293,0.0,0.0,1.0
2017-10-30,20.1,20.1,20.1,20.1,19.3197,0.0,0.0,1.0
2017-10-31,20.1,20.1,20.1,20.1,19.3197,0.0,0.0,1.0
2017-11-01,20.09,20.09,20.09,20.09,19.3101,0.0,0.0,1.0
2017-11-02,20.1,20.1,20.1,20.1,19.3197,0.0,0.0,1.0
2017-11-03,20.14,20.14,20.14,20.14,19.3581,0.0,0.0,1.0
2017-11-06,20.18,20.18,20.18,20.18,19.3966,0.0,0.0,1.0
2017-11-07,20.26,20.26,20.26,20.26,19.4735,0.0,0.0,1.0
2017-11-08,20.26,20.26,20.26,20.26,19.4735,0.0,0.0,1.0
2017-11-09,20.21,20.21,20.21,20.21,19.4254,0.0,0.0,1.0
2017-11-10,20.17,20.17,20.17,20.17,19.387,0.0,0.0,1.0
2017-11-13,20.17,20.17,20.17,20.17,19.387,0.0,0.0,1.0
2017-11-14,20.08,20.08,20.08,20.08,19.387,0.0,0.09,1.0
2017-11-15,20.09,20.09,20.09,20.09,19.3966,0.0,0.0,1.0
2017-11-16,20.07,20.07,20.07,20.07,19.3773,0.0,0.0,1.0
2017-11-17,20.1,20.1,20.1,20.1,19.4063,0.0,0.0,1.0
2017-11-20,20.08,20.08,20.08,20.08,19.387,0.0,0.0,1.0
2017-11-21,20.06,20.06,20.06,20.06,19.3676,0.0,0.0,1.0
2017-11-22,20.02,20.02,20.02,20.02,19.329,0.0,0.0,1.0
2017-11-24,20.03,20.03,20.03,20.03,19.3387,0.0,0.0,1.0
2017-11-27,19.98,19.98,19.98,19.98,19.2904,0.0,0.0,1.0
2017-11-28,19.94,19.94,19.94,19.94,19.2518,0.0,0.0,1.0
2017-11-29,19.91,19.91,19.91,19.91,19.2228,0.0,0.0,1.0
2017-11-30,19.99,19.99,19.99,19.99,19.3001,0.0,0.0,1.0
2017-12-01,20.09,20.09,20.09,20.09,19.3966,0.0,0.0,1.0
2017-12-04,20.12,20.12,20.12,20.12,19.4256,0.0,0.0,1.0
2017-12-05,20.18,20.18,20.18,20.18,19.4835,0.0,0.0,1.0
2017-12-06,20.29,20.29,20.29,20.29,19.5897,0.0,0.0,1.0
2017-12-07,20.27,20.27,20.27,20.27,19.5704,0.0,0.0,1.0
2017-12-08,20.21,20.21,20.21,20.21,19.5125,0.0,0.0,1.0
2017-12-11,20.16,20.16,20.16,20.16,19.4642,0.0,0.0,1.0
2017-12-12,20.09,20.09,20.09,20.09,19.3966,0.0,0.0,1.0
2017-12-13,20.16,20.16,20.16,20.16,19.4642,0.0,0.0,1.0
2017-12-14,20.11,20.11,20.11,20.11,19.5028,0.0,0.09,1.0
2017-12-15,20.12,20.12,20.12,20.12,19.5125,0.0,0.0,1.0
2017-12-18,20.09,20.09,20.09,20.09,19.4834,0.0,0.0,1.0
2017-12-19,20.05,20.05,20.05,20.05,19.4446,0.0,0.0,1.0
2017-12-20,20.05,20.05,20.05,20.05,19.4446,0.0,0.0,1.0
2017-12-21,20.01,20.01,20.01,20.01,19.4058,0.0,0.0,1.0
2017-12-22,20.01,20.01,20.01,20.01,19.4058,0.0,0.0,1.0
2017-12-26,20.08,20.08,20.08,20.08,19.4737,0.0,0.0,1.0
2017-12-27,20.12,20.12,20.12,20.12,19.5125,0.0,0.0,1.0
2017-12-28,20.16,20.16,20.16,20.16,19.5513,0.0,0.0,1.0
2017-12-29,20.18,20.18,20.18,20.18,19.5707,0.0,0.0,1.0
2018-01-02,20.21,20.21,20.21,20.21,19.5998,0.0,0.0,1.0
2018-01-03,20.23,20.23,20.23,20.23,19.6192,0.0,0.0,1.0
2018-01-04,20.23,20.23,20.23,20.23,19.6192,0.0,0.0,1.0
2018-01-05,20.23,20.23,20.23,20.23,19.6192,0.0,0.0,1.0
2018-01-08,20.23,20.23,20.23,20.23,19.6192,0.0,0.0,1.0
2018-01-09,20.21,20.21,20.21,20.21,19.5998,0.0,0.0,1.0
2018-01-10,20.14,20.14,20.14,20.14,19.5319,0.0,0.0,1.0
2018-01-11,20.13,20.13,20.13,20.13,19.5222,0.0,0.0,1.0
2018-01-12,20.06,20.06,20.06,20.06,19.5416,0.0,0.09,1.0
2018-01-16,20.07,20.07,20.07,20.07,19.5514,0.0,0.0,1.0
2018-01-17,20.08,20.08,20.08,20.08,19.5611,0.0,0.0,1.0
2018-01-18,20.07,20.07,20.07,20.07,19.5514,0.0,0.0,1.0
2018-01-19,20.08,20.08,20.08,20.08,19.5611,0.0,0.0,1.0
2018-01-22,20.08,20.08,20.08,20.08,19.5611,0.0,0.0,1.0
2018-01-23,20.08,20.08,20.08,20.08,19.5611,0.0,0.0,1.0
2018-01-24,20.05,20.05,20.05,20.05,19.5319,0.0,0.0,1.0
2018-01-25,20.05,20.05,20.05,20.05,19.5319,0.0,0.0,1.0
2018-01-26,20.05,20.05,20.05,20.05,19.5319,0.0,0.0,1.0
2018-01-29,20.02,20.02,20.02,20.02,19.5026,0.0,0.0,1.0
2018-01-30,19.98,19.98,19.98,19.98,19.4637,0.0,0.0,1.0
2018-01-31,19.98,19.98,19.98,19.98,19.4637,0.0,0.0,1.0
2018-02-01,19.97,19.97,19.97,19.97,19.4539,0.0,0.0,1.0
2018-02-02,19.92,19.92,19.92,19.92,19.4052,0.0,0.0,1.0
2018-02-05,19.88,19.88,19.88,19.88,19.3663,0.0,0.0,1.0
2018-02-06,19.97,19.97,19.97,19.97,19.4539,0.0,0.0,1.0
2018-02-07,19.97,19.97,19.97,19.97,19.4539,0.0,0.0,1.0
2018-02-08,19.95,19.95,19.95,19.95,19.4345,0.0,0.0,1.0
2018-02-09,19.93,19.93,19.93,19.93,19.415,0.0,0.0,1.0
2018-02-12,19.94,19.94,19.94,19.94,19.4247,0.0,0.0,1.0
2018-02-13,19.94,19.94,19.94,19.94,19.4247,0.0,0.0,1.0
2018-02-14,19.84,19.84,19.84,19.84,19.415,0.0,0.09,1.0
2018-02-15,19.83,19.83,19.83,19.83,19.4052,0.0,0.0,1.0
2018-02-16,19.86,19.86,19.86,19.86,19.4345,0.0,0.0,1.0
2018-02-20,19.86,19.86,19.86,19.86,19.4345,0.0,0.0,1.0
2018-02-21,19.86,19.86,19.86,19.86,19.4345,0.0,0.0,1.0
2018-02-22,19.86,19.86,19.86,19.86,19.4345,0.0,0.0,1.0
2018-02-23,19.88,19.88,19.88,19.88,19.4541,0.0,0.0,1.0
2018-02-26,19.88,19.88,19.88,19.88,19.4541,0.0,0.0,1.0
2018-02-27,19.87,19.87,19.87,19.87,19.4443,0.0,0.0,1.0
2018-02-28,19.86,19.86,19.86,19.86,19.4345,0.0,0.0,1.0
2018-03-01,19.88,19.88,19.88,19.88,19.4541,0.0,0.0,1.0
2018-03-02,19.9,19.9,19.9,19.9,19.4737,0.0,0.0,1.0
2018-03-05,19.89,19.89,19.89,19.89,19.4639,0.0,0.0,1.0
2018-03-06,19.89,19.89,19.89,19.89,19.4639,0.0,0.0,1.0
2018-03-07,19.88,19.88,19.88,19.88,19.4541,0.0,0.0,1.0
2018-03-08,19.86,19.86,19.86,19.86,19.4345,0.0,0.0,1.0
2018-03-09,19.86,19.86,19.86,19.86,19.4345,0.0,0.0,1.0
2018-03-12,19.85,19.85,19.85,19.85,19.4248,0.0,0.0,1.0
2018-03-13,19.84,19.84,19.84,19.84,19.415,0.0,0.0,1.0
2018-03-14,19.76,19.76,19.76,19.76,19.4248,0.0,0.09,1.0
2018-03-15,19.76,19.76,19.76,19.76,19.4248,0.0,0.0,1.0
2018-03-16,19.78,19.78,19.78,19.78,19.4444,0.0,0.0,1.0
2018-03-19,19.78,19.78,19.78,19.78,19.4444,0.0,0.0,1.0
2018-03-20,19.78,19.78,19.78,19.78,19.4444,0.0,0.0,1.0
2018-03-21,19.78,19.78,19.78,19.78,19.4444,0.0,0.0,1.0
2018-03-22,19.82,19.82,19.82,19.82,19.4837,0.0,0.0,1.0
2018-03-23,19.82,19.82,19.82,19.82,19.4837,0.0,0.0,1.0
2018-03-26,19.85,19.85,19.85,19.85,19.5132,0.0,0.0,1.0
2018-03-27,19.84,19.84,19.84,19.84,19.5034,0.0,0.0,1.0
2018-03-28,19.87,19.87,19.87,19.87,19.5329,0.0,0.0,1.0
2018-03-29,19.88,19.88,19.88,19.88,19.5427,0.0,0.0,1.0
2018-04-02,19.89,19.89,19.89,19.89,19.5525,0.0,0.0,1.0
2018-04-03,19.89,19.89,19.89,19.89,19.5525,0.0,0.0,1.0
2018-04-04,19.9,19.9,19.9,19.9,19.5624,0.0,0.0,1.0
2018-04-05,19.91,19.91,19.91,19.91,19.5722,0.0,0.0,1.0
2018-04-06,19.93,19.93,19.93,19.93,19.5919,0.0,0.0,1.0
2018-04-09,19.93,19.93,19.93,19.93,19.5919,0.0,0.0,1.0
2018-04-10,19.95,19.95,19.95,19.95,19.6115,0.0,0.0,1.0
2018-04-11,19.98,19.98,19.98,19.98,19.641,0.0,0.0,1.0
2018-04-12,20.0,20.0,20.0,20.0,19.6607,0.0,0.0,1.0
2018-04-13,19.92,19.92,19.92,19.92,19.6705,0.0,0.09,1.0
2018-04-16,19.91,19.91,19.91,19.91,19.6606,0.0,0.0,1.0
2018-04-17,19.91,19.91,19.91,19.91,19.6606,0.0,0.0,1.0
2018-04-18,19.93,19.93,19.93,19.93,19.6804,0.0,0.0,1.0
2018-04-19,19.91,19.91,19.91,19.91,19.6606,0.0,0.0,1.0
2018-04-20,19.91,19.91,19.91,19.91,19.6606,0.0,0.0,1.0
2018-04-23,19.89,19.89,19.89,19.89,19.6409,0.0,0.0,1.0
2018-04-24,19.88,19.88,19.88,19.88,19.631,0.0,0.0,1.0
2018-04-25,19.82,19.82,19.82,19.82,19.5718,0.0,0.0,1.0
2018-04-26,19.81,19.81,19.81,19.81,19.5619,0.0,0.0,1.0
2018-04-27,19.83,19.83,19.83,19.83,19.5816,0.0,0.0,1.0
2018-04-30,19.85,19.85,19.85,19.85,19.6014,0.0,0.0,1.0
2018-05-01,19.87,19.87,19.87,19.87,19.6211,0.0,0.0,1.0
2018-05-02,19.89,19.89,19.89,19.89,19.6409,0.0,0.0,1.0
2018-05-03,19.95,19.95,19.95,19.95,19.7001,0.0,0.0,1.0
2018-05-04,19.99,19.99,19.99,19.99,19.7396,0.0,0.0,1.0
2018-05-07,20.0,20.0,20.0,20.0,19.7495,0.0,0.0,1.0
2018-05-08,20.04,20.04,20.04,20.04,19.789,0.0,0.0,1.0
2018-05-09,20.04,20.04,20.04,20.04,19.789,0.0,0.0,1.0
2018-05-10,20.06,20.06,20.06,20.06,19.8088,0.0,0.0,1.0
2018-05-11,20.08,20.08,20.08,20.08,19.8285,0.0,0.0,1.0
2018-05-14,20.0,20.0,20.0,20.0,19.7495,0.0,0.0,1.0
2018-05-15,19.97,19.97,19.97,19.97,19.7199,0.0,0.0,1.0
2018-05-16,19.95,19.95,19.95,19.95,19.7001,0.0,0.0,1.0
2018-05-17,19.93,19.93,19.93,19.93,19.6804,0.0,0.0,1.0
2018-05-18,19.93,19.93,19.93,19.93,19.6804,0.0,0.0,1.0
2018-05-21,19.94,19.94,19.94,19.94,19.6903,0.0,0.0,1.0
2018-05-22,19.95,19.95,19.95,19.95,19.7001,0.0,0.0,1.0
2018-05-23,19.97,19.97,19.97,19.97,19.7199,0.0,0.0,1.0
2018-05-24,20.0,20.0,20.0,20.0,19.7495,0.0,0.0,1.0
2018-05-25,20.03,20.03,20.03,20.03,19.7791,0.0,0.0,1.0
2018-05-29,20.06,20.06,20.06,20.06,19.8088,0.0,0.0,1.0
2018-05-30,20.09,20.09,20.09,20.09,19.8384,0.0,0.0,1.0
2018-05-31,20.11,20.11,20.11,20.11,19.8581,0.0,0.0,1.0
2018-06-01,20.11,20.11,20.11,20.11,19.8581,0.0,0.0,1.0
2018-06-04,20.12,20.12,20.12,20.12,19.868,0.0,0.0,1.0
2018-06-05,20.12,20.12,20.12,20.12,19.868,0.0,0.0,1.0
2018-06-06,20.12,20.12,20.12,20.12,19.868,0.0,0.0,1.0
2018-06-07,20.11,20.11,20.11,20.11,19.8581,0.0,0.0,1.0
2018-06-08,20.13,20.13,20.13,20.13,19.8779,0.0,0.0,1.0
2018-06-11,20.14,20.14,20.14,20.14,19.8878,0.0,0.0,1.0
2018-06-12,20.15,20.15,20.15,20.15,19.8976,0.0,0.0,1.0
2018-06-13,20.15,20.15,20.15,20.15,19.8976,0.0,0.0,1.0
2018-06-14,20.05,20.05,20.05,20.05,19.7989,0.0,0.0,1.0
2018-06-15,20.07,20.07,20.07,20.07,19.8186,0.0,0.0,1.0
2018-06-18,20.07,20.07,20.07,20.07,19.8186,0.0,0.0,1.0
2018-06-19,20.09,20.09,20.09,20.09,19.8384,0.0,0.0,1.0
2018-06-20,20.1,20.1,20.1,20.1,19.8483,0.0,0.0,1.0
2018-06-21,20.09,20.09,20.09,20.09,19.8384,0.0,0.0,1.0
2018-06-22,20.11,20.11,20.11,20.11,19.8581,0.0,0.0,1.0
2018-06-25,20.11,20.11,20.11,20.11,19.8581,0.0,0.0,1.0
2018-06-26,20.11,20.11,20.11,20.11,19.8581,0.0,0.0,1.0
2018-06-27,20.11,20.11,20.11,20.11,19.8581,0.0,0.0,1.0
2018-06-28,20.13,20.13,20.13,20.13,19.8779,0.0,0.0,1.0
2018-06-29,20.14,20.14,20.14,20.14,19.8878,0.0,0.0,1.0
2018-07-02,20.15,20.15,20.15,20.15,19.8976,0.0,0.0,1.0
2018-07-03,20.16,20.16,20.16,20.16,19.9075,0.0,0.0,1.0
2018-07-05,20.16,20.16,20.16,20.16,19.9075,0.0,0.0,1.0
2018-07-06,20.19,20.19,20.19,20.19,19.9371,0.0,0.0,1.0
2018-07-09,20.25,20.25,20.25,20.25,19.9964,0.0,0.0,1.0
2018-07-10,20.25,20.25,20.25,20.25,19.9964,0.0,0.0,1.0
2018-07-11,20.26,20.26,20.26,20.26,20.0063,0.0,0.0,1.0
2018-07-12,20.27,20.27,20.27,20.27,20.0161,0.0,0.0,1.0
2018-07-13,20.22,20.22,20.22,20.22,20.0507,0.0,0.085,1.0
2018-07-16,20.23,20.23,20.23,20.23,20.0606,0.0,0.0,1.0
2018-07-17,20.25,20.25,20.25,20.25,20.0804,0.0,0.0,1.0
2018-07-18,20.26,20.26,20.26,20.26,20.0904,0.0,0.0,1.0
2018-07-19,20.26,20.26,20.26,20.26,20.0904,0.0,0.0,1.0
2018-07-20,20.27,20.27,20.27,20.27,20.1003,0.0,0.0,1.0
2018-07-23,20.27,20.27,20.27,20.27,20.1003,0.0,0.0,1.0
2018-07-24,20.26,20.26,20.26,20.26,20.0904,0.0,0.0,1.0
2018-07-25,20.25,20.25,20.25,20.25,20.0804,0.0,0.0,1.0
2018-07-26,20.25,20.25,20.25,20.25,20.0804,0.0,0.0,1.0
2018-07-27,20.26,20.26,20.26,20.26,20.0904,0.0,0.0,1.0
2018-07-30,20.27,20.27,20.27,20.27,20.1003,0.0,0.0,1.0
2018-07-31,20.27,20.27,20.27,20.27,20.1003,0.0,0.0,1.0
2018-08-01,20.27,20.27,20.27,20.27,20.1003,0.0,0.0,1.0
2018-08-02,20.28,20.28,20.28,20.28,20.1102,0.0,0.0,1.0
2018-08-03,20.28,20.28,20.28,20.28,20.1102,0.0,0.0,1.0
2018-08-06,20.28,20.28,20.28,20.28,20.1102,0.0,0.0,1.0
2018-08-07,20.28,20.28,20.28,20.28,20.1102,0.0,0.0,1.0
2018-08-08,20.27,20.27,20.27,20.27,20.1003,0.0,0.0,1.0
2018-08-09,20.27,20.27,20.27,20.27,20.1003,0.0,0.0,1.0
2018-08-10,20.28,20.28,20.28,20.28,20.1102,0.0,0.0,1.0
2018-08-13,20.29,20.29,20.29,20.29,20.1201,0.0,0.0,1.0
2018-08-14,20.21,20.21,20.21,20.21,20.1251,0.0,0.085,1.0
2018-08-15,20.22,20.22,20.22,20.22,20.135,0.0,0.0,1.0
2018-08-16,20.24,20.24,20.24,20.24,20.1549,0.0,0.0,1.0
2018-08-17,20.25,20.25,20.25,20.25,20.1649,0.0,0.0,1.0
2018-08-20,20.25,20.25,20.25,20.25,20.1649,0.0,0.0,1.0
2018-08-21,20.26,20.26,20.26,20.26,20.1749,0.0,0.0,1.0
2018-08-22,20.26,20.26,20.26,20.26,20.1749,0.0,0.0,1.0
2018-08-23,20.25,20.25,20.25,20.25,20.1649,0.0,0.0,1.0
2018-08-24,20.27,20.27,20.27,20.27,20.1848,0.0,0.0,1.0
2018-08-27,20.27,20.27,20.27,20.27,20.1848,0.0,0.0,1.0
2018-08-28,20.28,20.28,20.28,20.28,20.1948,0.0,0.0,1.0
2018-08-29,20.27,20.27,20.27,20.27,20.1848,0.0,0.0,1.0
2018-08-30,20.25,20.25,20.25,20.25,20.1649,0.0,0.0,1.0
2018-08-31,20.25,20.25,20.25,20.25,20.1649,0.0,0.0,1.0
2018-09-04,20.27,20.27,20.27,20.27,20.1848,0.0,0.0,1.0
2018-09-05,20.26,20.26,20.26,20.26,20.1749,0.0,0.0,1.0
2018-09-06,20.24,20.24,20.24,20.24,20.1549,0.0,0.0,1.0
2018-09-07,20.24,20.24,20.24,20.24,20.1549,0.0,0.0,1.0
2018-09-10,20.24,20.24,20.24,20.24,20.1549,0.0,0.0,1.0
2018-09-11,20.24,20.24,20.24,20.24,20.1549,0.0,0.0,1.0
2018-09-12,20.23,20.23,20.23,20.23,20.145,0.0,0.0,1.0
2018-09-13,20.14,20.14,20.14,20.14,20.14,0.0,0.085,1.0
2018-09-14,20.12,20.12,20.12,20.12,20.12,0.0,0.0,1.0
2018-09-17,20.11,20.11,20.11,20.11,20.11,0.0,0.0,1.0
2018-09-18,20.1,20.1,20.1,20.1,20.1,0.0,0.0,1.0
2018-09-19,20.09,20.09,20.09,20.09,20.09,0.0,0.0,1.0
2018-09-20,20.08,20.08,20.08,20.08,20.08,0.0,0.0,1.0
2018-09-21,20.08,20.08,20.08,20.08,20.08,0.0,0.0,1.0
2018-09-24,20.09,20.09,20.09,20.09,20.09,0.0,0.0,1.0
2018-09-25,20.08,20.08,20.08,20.08,20.08,0.0,0.0,1.0
2018-09-26,20.08,20.08,20.08,20.08,20.08,0.0,0.0,1.0
2018-09-27,20.1,20.1,20.1,20.1,20.1,0.0,0.0,1.0
2018-09-28,20.11,20.11,20.11,20.11,20.11,0.0,0.0,1.0
